State	Possible Actions(Next states)	Immediate rewards
0	0,1,2,3,4,5	5,0,0,1,0,0	-1,-1,-1,-1,-1,-1
1	0,1,2,3,4,5	6,1,0,2,1,1	-1,-1,-1,-1,-10,-10
2	0,1,2,3,4,5	7,2,1,3,2,2	-1,-1,-1,-1,-10,-10
3	0,1,2,3,4,5	8,3,2,4,3,3	-1,-1,-1,-1,-1,-1
4	0,1,2,3,4,5	9,4,3,4,4,4	-1,-1,-1,-1,-10,-10
5	0,1,2,3,4,5	10,0,5,6,5,5	-1,-1,-1,-1,-10,-10
6	0,1,2,3,4,5	11,1,5,7,6,6	-1,-1,-1,-1,-10,-10
7	0,1,2,3,4,5,6	12,2,6,8,7,7,7	-1,-1,-1,-1,-10,-10,-1
8	0,1,2,3,4,5	13,3,7,9,8,8	-1,-1,-1,-1,-10,-10
9	0,1,2,3,4,5	14,4,8,9,9,9	-1,-1,-1,-1,-10,-10
10	0,1,2,3,4,5	15,5,10,11,10,10	-1,-1,-1,-1,-10,-10
11	0,1,2,3,4,5	16,6,10,12,11,11	-1,-1,-1,-1,-10,-10
12	0,1,2,3,4,5	17,7,11,13,12,12	-1,-1,-1,-1,-10,-10
13	0,1,2,3,4,5	18,8,12,14,13,13	-1,-1,-1,-1,-10,-10'
14	0,1,2,3,4,5	19,9,13,14,14,14	-1,-1,-1,-1,-10,-10
15	0,1,2,3,4,5	20,10,15,16,15,15	-1,-1,-1,-1,-10,-10
16	0,1,2,3,4,5	21,11,15,17,16,16	-1,-1,-1,-1,-10,-10
17	0,1,2,3,4,5	22,12,16,18,17,17	-1,-1,-1,-1,-10,-10
18	0,1,2,3,4,5	23,13,17,19,18,18	-1,-1,-1,-1,-10,-10
19	0,1,2,3,4,5	24,14,18,19,19,19	100,-1,-1,-1,-10,-10
20	0,1,2,3,4,5	20,15,20,21,20,20	-1,-1,-1,-1,-1,-1
21	0,1,2,3,4,5	21,16,20,22,21,21	-1,-1,-1,-1,-10,-10
22	0,1,2,3,4,5	22,17,21,23,22,22	-1,-1,-1,-1,-10,-10
23	0,1,2,3,4,5	23,18,22,24,23,23	-1,-1,-1,100,-10,-10
24	0,1,2,3,4,5	24,19,23,24,24,24	-1,-1,-1,-1,-1,-1
0
24
