0	0.9
1	0.871667
2	0.871667
3	0.871667
4	0.871667
5	0.871667
6	0.871667
7	0.843333
8	0.815
9	0.815
10	0.815
11	0.843333
12	0.871667
13	0.9
14	0.9
15	0.871667
16	0.843333
17	0.815
18	0.786667
19	0.758333
20	0.73
21	0.73
22	0.73
23	0.73
24	0.701667
25	0.673333
26	0.645
27	0.673333
28	0.701667
29	0.73
30	0.758333
31	0.786667
32	0.786667
33	0.786667
34	0.758333
35	0.73
36	0.701667
37	0.673333
38	0.645
39	0.616667
40	0.616667
41	0.616667
42	0.616667
43	0.616667
44	0.616667
45	0.616667
46	0.616667
47	0.616667
48	0.616667
49	0.616667
50	0.588333
51	0.588333
52	0.588333
53	0.588333
54	0.588333
55	0.56
56	0.531667
57	0.531667
58	0.531667
59	0.503333
60	0.475
61	0.446667
62	0.418333
63	0.418333
64	0.39
65	0.361667
66	0.333333
67	0.305
68	0.276667
69	0.248333
70	0.276667
71	0.305
72	0.305
73	0.305
74	0.305
75	0.305
76	0.305
77	0.305
78	0.305
79	0.305
80	0.305
81	0.305
82	0.276667
83	0.248333
84	0.22
85	0.191667
86	0.191667
87	0.163333
88	0.163333
89	0.135
90	0.135
91	0.106667
92	0.0783333
93	0.05
94	0.05
95	0.05
96	0.05
97	0.05
98	0.05
99	0.05
100	0.05
101	0.05
102	0.05
103	0.05
104	0.05
105	0.05
106	0.05
107	0.05
108	0.05
109	0.05
110	0.05
111	0.05
112	0.05
113	0.05
114	0.05
115	0.05
116	0.05
117	0.05
118	0.05
119	0.05
120	0.05
121	0.05
122	0.05
123	0.05
124	0.05
125	0.05
126	0.05
127	0.05
128	0.05
129	0.0783333
130	0.106667
131	0.135
132	0.163333
133	0.191667
134	0.22
135	0.248333
136	0.276667
137	0.276667
138	0.276667
139	0.276667
140	0.248333
141	0.22
142	0.22
143	0.191667
144	0.163333
145	0.135
146	0.135
147	0.106667
148	0.135
149	0.163333
150	0.163333
151	0.135
152	0.135
153	0.135
154	0.106667
155	0.0783333
156	0.05
157	0.05
158	0.05
159	0.05
160	0.05
161	0.05
162	0.05
163	0.05
164	0.05
165	0.05
166	0.05
167	0.05
168	0.0783333
169	0.106667
170	0.135
171	0.135
172	0.135
173	0.106667
174	0.0783333
175	0.0783333
176	0.05
177	0.05
178	0.05
179	0.05
180	0.05
181	0.0783333
182	0.106667
183	0.135
184	0.163333
185	0.191667
186	0.22
187	0.22
188	0.22
189	0.22
190	0.191667
191	0.163333
192	0.135
193	0.106667
194	0.0783333
195	0.05
196	0.0783333
197	0.05
198	0.05
199	0.05
200	0.05
201	0.05
202	0.05
203	0.05
204	0.0783333
205	0.106667
206	0.135
207	0.163333
208	0.191667
209	0.22
210	0.248333
211	0.276667
212	0.305
213	0.276667
214	0.248333
215	0.22
216	0.191667
217	0.163333
218	0.135
219	0.106667
220	0.0783333
221	0.05
222	0.0783333
223	0.0783333
224	0.0783333
225	0.0783333
226	0.0783333
227	0.0783333
228	0.0783333
229	0.0783333
230	0.0783333
231	0.0783333
232	0.0783333
233	0.0783333
234	0.05
235	0.05
236	0.05
237	0.05
238	0.05
239	0.05
240	0.05
241	0.05
242	0.05
243	0.05
244	0.05
245	0.05
246	0.05
247	0.05
248	0.05
249	0.05
250	0.05
251	0.05
252	0.05
253	0.05
254	0.05
255	0.05
256	0.05
257	0.05
258	0.05
259	0.05
260	0.05
261	0.05
262	0.05
263	0.05
264	0.05
265	0.05
266	0.05
267	0.05
268	0.05
269	0.05
270	0.05
271	0.05
272	0.05
273	0.05
274	0.05
275	0.05
276	0.05
277	0.05
278	0.05
279	0.05
280	0.05
281	0.05
282	0.0783333
283	0.05
284	0.05
285	0.05
286	0.05
287	0.05
288	0.05
289	0.05
290	0.05
291	0.05
292	0.05
293	0.05
294	0.05
295	0.05
296	0.05
297	0.05
298	0.05
299	0.05
300	0.05
301	0.05
302	0.05
303	0.0783333
304	0.106667
305	0.106667
306	0.106667
307	0.106667
308	0.0783333
309	0.0783333
310	0.0783333
311	0.0783333
312	0.0783333
313	0.05
314	0.05
315	0.05
316	0.05
317	0.05
318	0.05
319	0.05
320	0.05
321	0.05
322	0.05
323	0.05
324	0.05
325	0.05
326	0.05
327	0.0783333
328	0.106667
329	0.135
330	0.163333
331	0.191667
332	0.22
333	0.248333
334	0.276667
335	0.276667
336	0.276667
337	0.248333
338	0.22
339	0.22
340	0.22
341	0.22
342	0.191667
343	0.163333
344	0.135
345	0.135
346	0.135
347	0.106667
348	0.0783333
349	0.0783333
350	0.0783333
351	0.0783333
352	0.0783333
353	0.0783333
354	0.0783333
355	0.0783333
356	0.0783333
357	0.0783333
358	0.0783333
359	0.0783333
360	0.0783333
361	0.05
362	0.05
363	0.05
364	0.05
365	0.05
366	0.0783333
367	0.106667
368	0.0783333
369	0.0783333
370	0.0783333
371	0.0783333
372	0.0783333
373	0.0783333
374	0.106667
375	0.135
376	0.163333
377	0.191667
378	0.22
379	0.191667
380	0.163333
381	0.163333
382	0.163333
383	0.163333
384	0.163333
385	0.163333
386	0.163333
387	0.163333
388	0.135
389	0.106667
390	0.0783333
391	0.05
392	0.05
393	0.05
394	0.0783333
395	0.05
396	0.05
397	0.05
398	0.05
399	0.05
400	0.05
401	0.05
402	0.05
403	0.05
404	0.05
405	0.05
406	0.05
407	0.05
408	0.05
409	0.05
410	0.05
411	0.05
412	0.05
413	0.05
414	0.05
415	0.05
416	0.05
417	0.05
418	0.05
419	0.05
420	0.05
421	0.05
422	0.05
423	0.05
424	0.05
425	0.05
426	0.05
427	0.05
428	0.05
429	0.05
430	0.05
431	0.05
432	0.05
433	0.05
434	0.05
435	0.05
436	0.05
437	0.05
438	0.05
439	0.05
440	0.05
441	0.05
442	0.05
443	0.05
444	0.05
445	0.05
446	0.05
447	0.05
448	0.05
449	0.05
450	0.05
451	0.05
452	0.05
453	0.05
454	0.05
455	0.05
456	0.05
457	0.05
458	0.05
459	0.05
460	0.05
461	0.05
462	0.05
463	0.05
464	0.05
465	0.05
466	0.05
467	0.05
468	0.05
469	0.05
470	0.05
471	0.05
472	0.05
473	0.05
474	0.05
475	0.05
476	0.05
477	0.05
478	0.05
479	0.0783333
480	0.106667
481	0.135
482	0.135
483	0.135
484	0.106667
485	0.106667
486	0.0783333
487	0.05
488	0.05
489	0.05
490	0.05
491	0.05
492	0.05
493	0.05
494	0.05
495	0.05
496	0.05
497	0.05
498	0.05
499	0.05
500	0.05
501	0.05
502	0.05
503	0.05
504	0.05
505	0.05
506	0.05
507	0.05
508	0.05
509	0.05
510	0.05
511	0.05
512	0.05
513	0.05
514	0.05
515	0.05
516	0.05
517	0.05
518	0.0783333
519	0.106667
520	0.135
521	0.163333
522	0.163333
523	0.163333
524	0.163333
525	0.163333
526	0.163333
527	0.135
528	0.106667
529	0.0783333
530	0.05
531	0.05
532	0.05
533	0.05
534	0.05
535	0.05
536	0.05
537	0.05
538	0.05
539	0.05
540	0.05
541	0.05
542	0.05
543	0.05
544	0.05
545	0.05
546	0.05
547	0.05
548	0.05
549	0.05
550	0.05
551	0.05
552	0.05
553	0.05
554	0.05
555	0.05
556	0.05
557	0.05
558	0.05
559	0.05
560	0.05
561	0.05
562	0.0783333
563	0.106667
564	0.135
565	0.163333
566	0.191667
567	0.22
568	0.248333
569	0.276667
570	0.276667
571	0.276667
572	0.276667
573	0.276667
574	0.248333
575	0.22
576	0.191667
577	0.191667
578	0.191667
579	0.191667
580	0.191667
581	0.191667
582	0.191667
583	0.191667
584	0.191667
585	0.191667
586	0.191667
587	0.191667
588	0.191667
589	0.191667
590	0.191667
591	0.191667
592	0.191667
593	0.191667
594	0.191667
595	0.191667
596	0.163333
597	0.135
598	0.106667
599	0.0783333
600	0.0783333
601	0.0783333
602	0.0783333
603	0.0783333
604	0.0783333
605	0.0783333
606	0.0783333
607	0.0783333
608	0.0783333
609	0.0783333
610	0.05
611	0.05
612	0.05
613	0.05
614	0.05
615	0.05
616	0.05
617	0.05
618	0.05
619	0.05
620	0.05
621	0.05
622	0.05
623	0.05
624	0.05
625	0.05
626	0.05
627	0.05
628	0.05
629	0.05
630	0.05
631	0.05
632	0.05
633	0.05
634	0.05
635	0.05
636	0.05
637	0.05
638	0.05
639	0.05
640	0.05
641	0.05
642	0.05
643	0.05
644	0.05
645	0.05
646	0.05
647	0.05
648	0.05
649	0.05
650	0.05
651	0.05
652	0.05
653	0.05
654	0.05
655	0.05
656	0.05
657	0.05
658	0.05
659	0.05
660	0.0783333
661	0.106667
662	0.135
663	0.163333
664	0.191667
665	0.22
666	0.248333
667	0.248333
668	0.248333
669	0.248333
670	0.248333
671	0.248333
672	0.248333
673	0.22
674	0.191667
675	0.191667
676	0.191667
677	0.191667
678	0.191667
679	0.191667
680	0.191667
681	0.191667
682	0.191667
683	0.163333
684	0.135
685	0.106667
686	0.0783333
687	0.05
688	0.05
689	0.05
690	0.05
691	0.05
692	0.05
693	0.05
694	0.05
695	0.05
696	0.05
697	0.05
698	0.05
699	0.05
700	0.05
701	0.05
702	0.05
703	0.05
704	0.05
705	0.05
706	0.05
707	0.05
708	0.05
709	0.05
710	0.05
711	0.05
712	0.05
713	0.05
714	0.05
715	0.05
716	0.05
717	0.05
718	0.05
719	0.05
720	0.05
721	0.05
722	0.05
723	0.05
724	0.05
725	0.05
726	0.05
727	0.05
728	0.05
729	0.05
730	0.05
731	0.05
732	0.05
733	0.05
734	0.05
735	0.05
736	0.05
737	0.05
738	0.05
739	0.05
740	0.05
741	0.05
742	0.05
743	0.05
744	0.05
745	0.05
746	0.05
747	0.05
748	0.05
749	0.05
750	0.05
751	0.05
752	0.05
753	0.05
754	0.05
755	0.05
756	0.05
757	0.05
758	0.05
759	0.05
760	0.05
761	0.05
762	0.05
763	0.05
764	0.05
765	0.05
766	0.05
767	0.05
768	0.05
769	0.05
770	0.05
771	0.05
772	0.05
773	0.05
774	0.05
775	0.05
776	0.05
777	0.05
778	0.05
779	0.05
780	0.05
781	0.05
782	0.05
783	0.05
784	0.05
785	0.05
786	0.05
787	0.05
788	0.05
789	0.05
790	0.05
791	0.05
792	0.05
793	0.05
794	0.05
795	0.05
796	0.05
797	0.05
798	0.05
799	0.0783333
800	0.106667
801	0.135
802	0.163333
803	0.191667
804	0.22
805	0.248333
806	0.276667
807	0.305
808	0.276667
809	0.248333
810	0.22
811	0.191667
812	0.163333
813	0.135
814	0.106667
815	0.0783333
816	0.0783333
817	0.05
818	0.05
819	0.05
820	0.05
821	0.05
822	0.05
823	0.0783333
824	0.106667
825	0.135
826	0.163333
827	0.191667
828	0.22
829	0.248333
830	0.248333
831	0.22
832	0.191667
833	0.163333
834	0.135
835	0.106667
836	0.0783333
837	0.05
838	0.05
839	0.05
840	0.05
841	0.05
842	0.05
843	0.05
844	0.05
845	0.05
846	0.05
847	0.05
848	0.05
849	0.05
850	0.05
851	0.05
852	0.05
853	0.05
854	0.05
855	0.05
856	0.05
857	0.05
858	0.05
859	0.05
860	0.05
861	0.05
862	0.05
863	0.05
864	0.05
865	0.05
866	0.05
867	0.05
868	0.05
869	0.05
870	0.05
871	0.05
872	0.05
873	0.05
874	0.05
875	0.05
876	0.05
877	0.05
878	0.05
879	0.05
880	0.05
881	0.05
882	0.05
883	0.05
884	0.05
885	0.05
886	0.05
887	0.05
888	0.05
889	0.05
890	0.05
891	0.05
892	0.05
893	0.05
894	0.05
895	0.05
896	0.05
897	0.05
898	0.05
899	0.05
900	0.05
901	0.05
902	0.05
903	0.05
904	0.05
905	0.05
906	0.05
907	0.05
908	0.05
909	0.05
910	0.05
911	0.05
912	0.05
913	0.05
914	0.05
915	0.05
916	0.05
917	0.05
918	0.05
919	0.05
920	0.05
921	0.05
922	0.05
923	0.05
924	0.05
925	0.05
926	0.05
927	0.05
928	0.05
929	0.05
930	0.05
931	0.05
932	0.05
933	0.05
934	0.05
935	0.05
936	0.05
937	0.05
938	0.05
939	0.0783333
940	0.0783333
941	0.0783333
942	0.0783333
943	0.0783333
944	0.0783333
945	0.05
946	0.05
947	0.05
948	0.05
949	0.05
950	0.05
951	0.05
952	0.05
953	0.05
954	0.05
955	0.05
956	0.05
957	0.05
958	0.05
959	0.0783333
960	0.05
961	0.05
962	0.05
963	0.05
964	0.05
965	0.05
966	0.0783333
967	0.106667
968	0.135
969	0.163333
970	0.191667
971	0.22
972	0.22
973	0.22
974	0.22
975	0.22
976	0.22
977	0.22
978	0.22
979	0.22
980	0.22
981	0.22
982	0.22
983	0.22
984	0.22
985	0.22
986	0.22
987	0.191667
988	0.163333
989	0.135
990	0.106667
991	0.106667
992	0.106667
993	0.135
994	0.106667
995	0.0783333
996	0.05
997	0.05
998	0.05
999	0.05
1000	0.05
1001	0.05
1002	0.05
1003	0.05
1004	0.05
1005	0.0783333
1006	0.05
1007	0.05
1008	0.05
1009	0.05
1010	0.05
1011	0.05
1012	0.05
1013	0.05
1014	0.05
1015	0.05
1016	0.05
1017	0.05
1018	0.05
1019	0.05
1020	0.05
1021	0.05
1022	0.05
1023	0.05
1024	0.05
1025	0.05
1026	0.05
1027	0.05
1028	0.05
1029	0.05
1030	0.05
1031	0.05
1032	0.05
1033	0.05
1034	0.05
1035	0.05
1036	0.05
1037	0.05
1038	0.05
1039	0.05
1040	0.05
1041	0.05
1042	0.05
1043	0.05
1044	0.05
1045	0.05
1046	0.05
1047	0.05
1048	0.05
1049	0.05
1050	0.05
1051	0.0783333
1052	0.106667
1053	0.135
1054	0.135
1055	0.135
1056	0.135
1057	0.135
1058	0.135
1059	0.135
1060	0.135
1061	0.135
1062	0.135
1063	0.106667
1064	0.0783333
1065	0.0783333
1066	0.0783333
1067	0.0783333
1068	0.0783333
1069	0.05
1070	0.05
1071	0.05
1072	0.05
1073	0.05
1074	0.05
1075	0.05
1076	0.05
1077	0.05
1078	0.05
1079	0.05
1080	0.05
1081	0.05
1082	0.05
1083	0.05
1084	0.05
1085	0.05
1086	0.05
1087	0.05
1088	0.05
1089	0.05
1090	0.05
1091	0.05
1092	0.05
1093	0.05
1094	0.05
1095	0.05
1096	0.05
1097	0.05
1098	0.05
1099	0.05
1100	0.05
1101	0.05
1102	0.05
1103	0.05
1104	0.05
1105	0.05
1106	0.05
1107	0.05
1108	0.05
1109	0.05
1110	0.05
1111	0.05
1112	0.05
1113	0.05
1114	0.05
1115	0.05
1116	0.05
1117	0.05
1118	0.05
1119	0.05
1120	0.05
1121	0.05
1122	0.05
1123	0.05
1124	0.05
1125	0.05
1126	0.05
1127	0.05
1128	0.05
1129	0.05
1130	0.05
1131	0.05
1132	0.05
1133	0.05
1134	0.05
1135	0.05
1136	0.05
1137	0.05
1138	0.05
1139	0.05
1140	0.05
1141	0.05
1142	0.05
1143	0.05
1144	0.05
1145	0.05
1146	0.05
1147	0.05
1148	0.05
1149	0.05
1150	0.05
1151	0.05
1152	0.05
1153	0.05
1154	0.05
1155	0.05
1156	0.05
1157	0.05
1158	0.05
1159	0.05
1160	0.05
1161	0.05
1162	0.05
1163	0.05
1164	0.05
1165	0.05
1166	0.05
1167	0.05
1168	0.05
1169	0.05
1170	0.05
1171	0.05
1172	0.05
1173	0.05
1174	0.05
1175	0.05
1176	0.05
1177	0.05
1178	0.05
1179	0.05
1180	0.05
1181	0.05
1182	0.05
1183	0.05
1184	0.05
1185	0.05
1186	0.05
1187	0.05
1188	0.05
1189	0.05
1190	0.05
1191	0.05
1192	0.05
1193	0.05
1194	0.05
1195	0.05
1196	0.05
1197	0.05
1198	0.05
1199	0.05
1200	0.05
1201	0.05
1202	0.05
1203	0.05
1204	0.05
1205	0.05
1206	0.05
1207	0.05
1208	0.05
1209	0.05
1210	0.05
1211	0.05
1212	0.05
1213	0.05
1214	0.05
1215	0.05
1216	0.05
1217	0.05
1218	0.05
1219	0.05
1220	0.05
1221	0.05
1222	0.05
1223	0.05
1224	0.05
1225	0.05
1226	0.05
1227	0.05
1228	0.05
1229	0.05
1230	0.05
1231	0.05
1232	0.05
1233	0.05
1234	0.05
1235	0.05
1236	0.05
1237	0.05
1238	0.05
1239	0.05
1240	0.05
1241	0.05
1242	0.05
1243	0.05
1244	0.05
1245	0.05
1246	0.05
1247	0.05
1248	0.05
1249	0.05
1250	0.05
1251	0.05
1252	0.05
1253	0.05
1254	0.05
1255	0.05
1256	0.05
1257	0.05
1258	0.05
1259	0.05
1260	0.05
1261	0.05
1262	0.05
1263	0.05
1264	0.05
1265	0.05
1266	0.05
1267	0.05
1268	0.05
1269	0.05
1270	0.05
1271	0.05
1272	0.05
1273	0.05
1274	0.05
1275	0.05
1276	0.0783333
1277	0.106667
1278	0.135
1279	0.163333
1280	0.163333
1281	0.163333
1282	0.163333
1283	0.163333
1284	0.163333
1285	0.163333
1286	0.163333
1287	0.135
1288	0.106667
1289	0.0783333
1290	0.05
1291	0.05
1292	0.05
1293	0.0783333
1294	0.106667
1295	0.135
1296	0.106667
1297	0.0783333
1298	0.0783333
1299	0.05
1300	0.05
1301	0.05
1302	0.0783333
1303	0.0783333
1304	0.0783333
1305	0.0783333
1306	0.0783333
1307	0.0783333
1308	0.0783333
1309	0.0783333
1310	0.0783333
1311	0.0783333
1312	0.0783333
1313	0.0783333
1314	0.05
1315	0.05
1316	0.05
1317	0.05
1318	0.05
1319	0.05
1320	0.05
1321	0.05
1322	0.05
1323	0.05
1324	0.05
1325	0.05
1326	0.05
1327	0.05
1328	0.05
1329	0.05
1330	0.05
1331	0.05
1332	0.05
1333	0.05
1334	0.05
1335	0.05
1336	0.05
1337	0.05
1338	0.05
1339	0.05
1340	0.05
1341	0.05
1342	0.05
1343	0.05
1344	0.05
1345	0.05
1346	0.05
1347	0.05
1348	0.05
1349	0.05
1350	0.05
1351	0.05
1352	0.05
1353	0.05
1354	0.05
1355	0.05
1356	0.05
1357	0.0783333
1358	0.0783333
1359	0.0783333
1360	0.0783333
1361	0.05
1362	0.05
1363	0.05
1364	0.05
1365	0.05
1366	0.05
1367	0.05
1368	0.05
1369	0.0783333
1370	0.106667
1371	0.135
1372	0.163333
1373	0.191667
1374	0.22
1375	0.248333
1376	0.276667
1377	0.305
1378	0.333333
1379	0.361667
1380	0.39
1381	0.418333
1382	0.446667
1383	0.418333
1384	0.39
1385	0.361667
1386	0.361667
1387	0.333333
1388	0.305
1389	0.276667
1390	0.276667
1391	0.248333
1392	0.248333
1393	0.22
1394	0.191667
1395	0.191667
1396	0.22
1397	0.22
1398	0.191667
1399	0.22
1400	0.248333
1401	0.276667
1402	0.248333
1403	0.22
1404	0.191667
1405	0.191667
1406	0.191667
1407	0.191667
1408	0.163333
1409	0.135
1410	0.135
1411	0.106667
1412	0.0783333
1413	0.05
1414	0.05
1415	0.05
1416	0.0783333
1417	0.106667
1418	0.135
1419	0.106667
1420	0.135
1421	0.163333
1422	0.191667
1423	0.22
1424	0.22
1425	0.248333
1426	0.22
1427	0.248333
1428	0.248333
1429	0.248333
1430	0.22
1431	0.191667
1432	0.163333
1433	0.135
1434	0.106667
1435	0.106667
1436	0.135
1437	0.163333
1438	0.191667
1439	0.22
1440	0.248333
1441	0.248333
1442	0.248333
1443	0.248333
1444	0.22
1445	0.191667
1446	0.163333
1447	0.163333
1448	0.135
1449	0.106667
1450	0.0783333
1451	0.05
1452	0.05
1453	0.0783333
1454	0.106667
1455	0.135
1456	0.163333
1457	0.191667
1458	0.22
1459	0.248333
1460	0.276667
1461	0.305
1462	0.333333
1463	0.361667
1464	0.39
1465	0.361667
1466	0.333333
1467	0.305
1468	0.276667
1469	0.248333
1470	0.22
1471	0.248333
1472	0.276667
1473	0.248333
1474	0.22
1475	0.191667
1476	0.163333
1477	0.163333
1478	0.163333
1479	0.163333
1480	0.135
1481	0.106667
1482	0.106667
1483	0.0783333
1484	0.05
1485	0.05
1486	0.05
1487	0.05
1488	0.05
1489	0.05
1490	0.05
1491	0.05
1492	0.0783333
1493	0.106667
1494	0.135
1495	0.163333
1496	0.191667
1497	0.22
1498	0.191667
1499	0.22
1500	0.248333
1501	0.276667
1502	0.276667
1503	0.276667
1504	0.305
1505	0.333333
1506	0.361667
1507	0.333333
1508	0.305
1509	0.276667
1510	0.276667
1511	0.276667
1512	0.276667
1513	0.276667
1514	0.276667
1515	0.276667
1516	0.248333
1517	0.22
1518	0.191667
1519	0.163333
1520	0.135
1521	0.163333
1522	0.191667
1523	0.22
1524	0.248333
1525	0.276667
1526	0.305
1527	0.333333
1528	0.305
1529	0.276667
1530	0.276667
1531	0.276667
1532	0.276667
1533	0.276667
1534	0.276667
1535	0.305
1536	0.276667
1537	0.248333
1538	0.22
1539	0.22
1540	0.22
1541	0.191667
1542	0.163333
1543	0.163333
1544	0.135
1545	0.106667
1546	0.0783333
1547	0.0783333
1548	0.05
1549	0.05
1550	0.05
1551	0.05
1552	0.05
1553	0.05
1554	0.05
1555	0.05
1556	0.05
1557	0.0783333
1558	0.106667
1559	0.135
1560	0.163333
1561	0.191667
1562	0.22
1563	0.248333
1564	0.22
1565	0.248333
1566	0.22
1567	0.191667
1568	0.163333
1569	0.135
1570	0.106667
1571	0.0783333
1572	0.106667
1573	0.135
1574	0.163333
1575	0.135
1576	0.106667
1577	0.106667
1578	0.106667
1579	0.106667
1580	0.0783333
1581	0.05
1582	0.05
1583	0.05
1584	0.05
1585	0.05
1586	0.05
1587	0.05
1588	0.0783333
1589	0.106667
1590	0.135
1591	0.135
1592	0.135
1593	0.135
1594	0.135
1595	0.135
1596	0.106667
1597	0.0783333
1598	0.05
1599	0.05
1600	0.05
1601	0.05
1602	0.05
1603	0.05
1604	0.05
1605	0.05
1606	0.05
1607	0.05
1608	0.0783333
1609	0.106667
1610	0.135
1611	0.163333
1612	0.163333
1613	0.163333
1614	0.163333
1615	0.163333
1616	0.191667
1617	0.22
1618	0.191667
1619	0.22
1620	0.248333
1621	0.276667
1622	0.305
1623	0.333333
1624	0.361667
1625	0.39
1626	0.418333
1627	0.39
1628	0.361667
1629	0.333333
1630	0.333333
1631	0.333333
1632	0.305
1633	0.276667
1634	0.248333
1635	0.248333
1636	0.22
1637	0.191667
1638	0.163333
1639	0.135
1640	0.106667
1641	0.106667
1642	0.106667
1643	0.106667
1644	0.135
1645	0.163333
1646	0.191667
1647	0.22
1648	0.248333
1649	0.276667
1650	0.305
1651	0.333333
1652	0.305
1653	0.305
1654	0.276667
1655	0.248333
1656	0.22
1657	0.191667
1658	0.163333
1659	0.135
1660	0.135
1661	0.135
1662	0.135
1663	0.135
1664	0.106667
1665	0.0783333
1666	0.05
1667	0.05
1668	0.05
1669	0.05
1670	0.0783333
1671	0.106667
1672	0.135
1673	0.163333
1674	0.191667
1675	0.22
1676	0.248333
1677	0.276667
1678	0.305
1679	0.333333
1680	0.361667
1681	0.39
1682	0.418333
1683	0.446667
1684	0.446667
1685	0.418333
1686	0.39
1687	0.361667
1688	0.333333
1689	0.333333
1690	0.333333
1691	0.333333
1692	0.333333
1693	0.333333
1694	0.333333
1695	0.333333
1696	0.305
1697	0.276667
1698	0.248333
1699	0.248333
1700	0.248333
1701	0.22
1702	0.191667
1703	0.163333
1704	0.135
1705	0.106667
1706	0.135
1707	0.163333
1708	0.163333
1709	0.163333
1710	0.163333
1711	0.163333
1712	0.163333
1713	0.163333
1714	0.163333
1715	0.163333
1716	0.163333
1717	0.163333
1718	0.163333
1719	0.135
1720	0.106667
1721	0.0783333
1722	0.05
1723	0.05
1724	0.05
1725	0.0783333
1726	0.106667
1727	0.135
1728	0.106667
1729	0.0783333
1730	0.05
1731	0.05
1732	0.05
1733	0.05
1734	0.05
1735	0.05
1736	0.05
1737	0.05
1738	0.05
1739	0.05
1740	0.05
1741	0.05
1742	0.05
1743	0.05
1744	0.0783333
1745	0.05
1746	0.05
1747	0.05
1748	0.05
1749	0.05
1750	0.05
1751	0.0783333
1752	0.0783333
1753	0.0783333
1754	0.0783333
1755	0.0783333
1756	0.0783333
1757	0.05
1758	0.05
1759	0.05
1760	0.05
1761	0.05
1762	0.05
1763	0.05
1764	0.05
1765	0.05
1766	0.0783333
1767	0.106667
1768	0.0783333
1769	0.05
1770	0.05
1771	0.05
1772	0.05
1773	0.05
1774	0.05
1775	0.05
1776	0.05
1777	0.05
1778	0.05
1779	0.0783333
1780	0.106667
1781	0.135
1782	0.163333
1783	0.191667
1784	0.22
1785	0.248333
1786	0.22
1787	0.191667
1788	0.191667
1789	0.163333
1790	0.135
1791	0.106667
1792	0.0783333
1793	0.05
1794	0.05
1795	0.05
1796	0.05
1797	0.05
1798	0.05
1799	0.05
1800	0.0783333
1801	0.106667
1802	0.135
1803	0.106667
1804	0.0783333
1805	0.05
1806	0.05
1807	0.05
1808	0.05
1809	0.05
1810	0.05
1811	0.05
1812	0.05
1813	0.05
1814	0.05
1815	0.05
1816	0.05
1817	0.0783333
1818	0.106667
1819	0.135
1820	0.163333
1821	0.191667
1822	0.22
1823	0.248333
1824	0.276667
1825	0.248333
1826	0.248333
1827	0.22
1828	0.191667
1829	0.163333
1830	0.135
1831	0.106667
1832	0.135
1833	0.163333
1834	0.163333
1835	0.163333
1836	0.163333
1837	0.191667
1838	0.22
1839	0.191667
1840	0.163333
1841	0.163333
1842	0.163333
1843	0.163333
1844	0.163333
1845	0.191667
1846	0.22
1847	0.248333
1848	0.276667
1849	0.305
1850	0.333333
1851	0.361667
1852	0.39
1853	0.418333
1854	0.418333
1855	0.418333
1856	0.418333
1857	0.39
1858	0.361667
1859	0.333333
1860	0.333333
1861	0.305
1862	0.276667
1863	0.305
1864	0.305
1865	0.276667
1866	0.276667
1867	0.276667
1868	0.248333
1869	0.22
1870	0.191667
1871	0.191667
1872	0.163333
1873	0.163333
1874	0.135
1875	0.106667
1876	0.0783333
1877	0.05
1878	0.05
1879	0.05
1880	0.0783333
1881	0.106667
1882	0.135
1883	0.163333
1884	0.163333
1885	0.163333
1886	0.163333
1887	0.163333
1888	0.163333
1889	0.163333
1890	0.163333
1891	0.163333
1892	0.163333
1893	0.163333
1894	0.163333
1895	0.163333
1896	0.163333
1897	0.163333
1898	0.135
1899	0.106667
1900	0.0783333
1901	0.05
1902	0.05
1903	0.05
1904	0.0783333
1905	0.106667
1906	0.135
1907	0.135
1908	0.135
1909	0.135
1910	0.135
1911	0.135
1912	0.135
1913	0.106667
1914	0.0783333
1915	0.05
1916	0.05
1917	0.05
1918	0.05
1919	0.05
1920	0.05
1921	0.05
1922	0.05
1923	0.05
1924	0.05
1925	0.0783333
1926	0.106667
1927	0.135
1928	0.163333
1929	0.191667
1930	0.22
1931	0.248333
1932	0.276667
1933	0.248333
1934	0.22
1935	0.191667
1936	0.191667
1937	0.163333
1938	0.135
1939	0.135
1940	0.135
1941	0.106667
1942	0.0783333
1943	0.0783333
1944	0.0783333
1945	0.0783333
1946	0.05
1947	0.0783333
1948	0.0783333
1949	0.0783333
1950	0.0783333
1951	0.0783333
1952	0.106667
1953	0.135
1954	0.163333
1955	0.191667
1956	0.22
1957	0.248333
1958	0.248333
1959	0.22
1960	0.191667
1961	0.163333
1962	0.135
1963	0.106667
1964	0.0783333
1965	0.05
1966	0.05
1967	0.05
1968	0.05
1969	0.05
1970	0.05
1971	0.05
1972	0.05
1973	0.05
1974	0.05
1975	0.05
1976	0.05
1977	0.05
1978	0.05
1979	0.05
1980	0.05
1981	0.05
1982	0.05
1983	0.05
1984	0.05
1985	0.05
1986	0.05
1987	0.05
1988	0.05
1989	0.05
1990	0.05
1991	0.05
1992	0.05
1993	0.05
1994	0.05
1995	0.05
1996	0.05
1997	0.05
1998	0.05
1999	0.05
2000	0.05
2001	0.05
2002	0.05
2003	0.05
2004	0.05
2005	0.05
2006	0.05
2007	0.05
2008	0.05
2009	0.05
2010	0.05
2011	0.0783333
2012	0.106667
2013	0.135
2014	0.106667
2015	0.0783333
2016	0.05
2017	0.05
2018	0.05
2019	0.05
2020	0.0783333
2021	0.106667
2022	0.135
2023	0.106667
2024	0.106667
2025	0.106667
2026	0.106667
2027	0.106667
2028	0.106667
2029	0.0783333
2030	0.0783333
2031	0.05
2032	0.05
2033	0.05
2034	0.05
2035	0.05
2036	0.05
2037	0.05
2038	0.05
2039	0.0783333
2040	0.106667
2041	0.135
2042	0.163333
2043	0.163333
2044	0.163333
2045	0.163333
2046	0.163333
2047	0.163333
2048	0.163333
2049	0.163333
2050	0.163333
2051	0.163333
2052	0.163333
2053	0.163333
2054	0.163333
2055	0.163333
2056	0.163333
2057	0.163333
2058	0.163333
2059	0.135
2060	0.106667
2061	0.0783333
2062	0.05
2063	0.05
2064	0.05
2065	0.05
2066	0.0783333
2067	0.106667
2068	0.106667
2069	0.106667
2070	0.0783333
2071	0.05
2072	0.05
2073	0.05
2074	0.05
2075	0.05
2076	0.05
2077	0.05
2078	0.0783333
2079	0.106667
2080	0.135
2081	0.163333
2082	0.191667
2083	0.22
2084	0.248333
2085	0.276667
