0	0.9
1	0.871667
2	0.871667
3	0.871667
4	0.871667
5	0.9
6	0.9
7	0.9
8	0.9
9	0.9
10	0.9
11	0.9
12	0.9
13	0.871667
14	0.843333
15	0.843333
16	0.815
17	0.786667
18	0.758333
19	0.73
20	0.701667
21	0.73
22	0.73
23	0.758333
24	0.786667
25	0.815
26	0.786667
27	0.758333
28	0.786667
29	0.758333
30	0.73
31	0.701667
32	0.673333
33	0.645
34	0.616667
35	0.645
36	0.616667
37	0.645
38	0.616667
39	0.588333
40	0.56
41	0.56
42	0.56
43	0.531667
44	0.503333
45	0.503333
46	0.503333
47	0.503333
48	0.475
49	0.475
50	0.446667
51	0.418333
52	0.39
53	0.39
54	0.39
55	0.361667
56	0.39
57	0.361667
58	0.333333
59	0.361667
60	0.361667
61	0.333333
62	0.333333
63	0.333333
64	0.305
65	0.305
66	0.305
67	0.276667
68	0.248333
69	0.22
70	0.191667
71	0.163333
72	0.191667
73	0.191667
74	0.163333
75	0.191667
76	0.22
77	0.22
78	0.22
79	0.22
80	0.191667
81	0.191667
82	0.191667
83	0.191667
84	0.191667
85	0.191667
86	0.191667
87	0.191667
88	0.191667
89	0.163333
90	0.163333
91	0.135
92	0.106667
93	0.0783333
94	0.0783333
95	0.0783333
96	0.0783333
97	0.0783333
98	0.0783333
99	0.0783333
100	0.0783333
101	0.05
102	0.05
103	0.05
104	0.05
105	0.05
106	0.05
107	0.05
108	0.05
109	0.05
110	0.05
111	0.05
112	0.05
113	0.05
114	0.05
115	0.05
116	0.05
117	0.05
118	0.05
119	0.05
120	0.05
121	0.05
122	0.05
123	0.05
124	0.05
125	0.05
126	0.05
127	0.05
128	0.05
129	0.05
130	0.05
131	0.05
132	0.05
133	0.05
134	0.05
135	0.05
136	0.05
137	0.05
138	0.05
139	0.05
140	0.05
141	0.05
142	0.05
143	0.05
144	0.05
145	0.05
146	0.05
147	0.05
148	0.05
149	0.05
150	0.05
151	0.05
152	0.05
153	0.05
154	0.05
155	0.05
156	0.05
157	0.05
158	0.05
159	0.05
160	0.05
161	0.05
162	0.05
163	0.05
164	0.05
165	0.05
166	0.05
167	0.05
168	0.05
169	0.05
170	0.05
171	0.05
172	0.05
173	0.05
174	0.05
175	0.05
176	0.05
177	0.05
178	0.05
179	0.05
180	0.05
181	0.05
182	0.05
183	0.05
184	0.05
185	0.05
186	0.05
187	0.05
188	0.05
189	0.05
190	0.05
191	0.05
192	0.05
193	0.05
194	0.05
195	0.05
196	0.05
197	0.05
198	0.05
199	0.05
200	0.05
201	0.05
202	0.05
203	0.05
204	0.05
205	0.05
206	0.05
207	0.05
208	0.05
209	0.05
210	0.05
211	0.05
212	0.05
213	0.05
214	0.05
215	0.05
216	0.05
217	0.0783333
218	0.106667
219	0.135
220	0.163333
221	0.191667
222	0.191667
223	0.163333
224	0.163333
225	0.163333
226	0.135
227	0.135
228	0.106667
229	0.0783333
230	0.05
231	0.05
232	0.05
233	0.05
234	0.05
235	0.05
236	0.05
237	0.05
238	0.05
239	0.05
240	0.05
241	0.05
242	0.05
243	0.05
244	0.05
245	0.05
246	0.05
247	0.05
248	0.05
249	0.05
250	0.05
251	0.05
252	0.05
253	0.05
254	0.05
255	0.05
256	0.05
257	0.05
258	0.05
259	0.05
260	0.05
261	0.05
262	0.05
263	0.05
264	0.05
265	0.05
266	0.05
267	0.05
268	0.05
269	0.05
270	0.05
271	0.05
272	0.05
273	0.05
274	0.05
275	0.05
276	0.05
277	0.05
278	0.05
279	0.05
280	0.05
281	0.05
282	0.05
283	0.05
284	0.05
285	0.05
286	0.05
287	0.05
288	0.05
289	0.05
290	0.05
291	0.05
292	0.05
293	0.05
294	0.05
295	0.05
296	0.05
297	0.05
298	0.05
299	0.05
300	0.05
301	0.05
302	0.05
303	0.05
304	0.05
305	0.05
306	0.05
307	0.05
308	0.05
309	0.05
310	0.05
311	0.05
312	0.05
313	0.05
314	0.05
315	0.05
316	0.05
317	0.05
318	0.05
319	0.05
320	0.05
321	0.05
322	0.05
323	0.05
324	0.05
325	0.05
326	0.05
327	0.05
328	0.05
329	0.05
330	0.05
331	0.05
332	0.05
333	0.05
334	0.05
335	0.05
336	0.05
337	0.05
338	0.05
339	0.05
340	0.05
341	0.05
342	0.05
343	0.05
344	0.05
345	0.05
346	0.05
347	0.05
348	0.05
349	0.05
350	0.05
351	0.05
352	0.05
353	0.05
354	0.05
355	0.05
356	0.05
357	0.05
358	0.05
359	0.05
360	0.05
361	0.05
362	0.05
363	0.05
364	0.05
365	0.05
366	0.05
367	0.05
368	0.05
369	0.05
370	0.05
371	0.05
372	0.0783333
373	0.106667
374	0.135
375	0.163333
376	0.135
377	0.163333
378	0.191667
379	0.22
380	0.248333
381	0.276667
382	0.248333
383	0.276667
384	0.305
385	0.333333
386	0.361667
387	0.39
388	0.418333
389	0.446667
390	0.418333
391	0.446667
392	0.475
393	0.503333
394	0.531667
395	0.531667
396	0.56
397	0.588333
398	0.588333
399	0.56
400	0.531667
401	0.503333
402	0.503333
403	0.475
404	0.446667
405	0.418333
406	0.39
407	0.361667
408	0.333333
409	0.305
410	0.276667
411	0.248333
412	0.22
413	0.191667
414	0.163333
415	0.135
416	0.106667
417	0.0783333
418	0.05
419	0.05
420	0.0783333
421	0.05
422	0.05
423	0.05
424	0.05
425	0.05
426	0.05
427	0.05
428	0.05
429	0.05
430	0.05
431	0.05
432	0.05
433	0.05
434	0.05
435	0.05
436	0.05
437	0.05
438	0.05
439	0.05
440	0.05
441	0.05
442	0.05
443	0.05
444	0.05
445	0.05
446	0.05
447	0.05
448	0.05
449	0.05
450	0.05
451	0.05
452	0.05
453	0.0783333
454	0.106667
455	0.135
456	0.163333
457	0.191667
458	0.22
459	0.248333
460	0.276667
461	0.305
462	0.305
463	0.333333
464	0.305
465	0.305
466	0.276667
467	0.305
468	0.276667
469	0.248333
470	0.22
471	0.22
472	0.22
473	0.22
474	0.191667
475	0.163333
476	0.135
477	0.106667
478	0.106667
479	0.106667
480	0.0783333
481	0.05
482	0.05
483	0.05
484	0.05
485	0.05
486	0.05
487	0.05
488	0.05
489	0.05
490	0.05
491	0.05
492	0.05
493	0.05
494	0.05
495	0.05
496	0.05
497	0.05
498	0.05
499	0.05
500	0.0783333
501	0.106667
502	0.135
503	0.163333
504	0.135
505	0.106667
506	0.0783333
507	0.05
508	0.05
509	0.05
510	0.05
511	0.05
512	0.05
513	0.05
514	0.05
515	0.05
516	0.05
517	0.05
518	0.05
519	0.05
520	0.05
521	0.05
522	0.05
523	0.05
524	0.05
525	0.05
526	0.05
527	0.05
528	0.05
529	0.05
530	0.05
531	0.05
532	0.05
533	0.05
534	0.05
535	0.05
536	0.05
537	0.05
538	0.05
539	0.05
540	0.05
541	0.05
542	0.05
543	0.05
544	0.05
545	0.05
546	0.0783333
547	0.106667
548	0.135
549	0.163333
550	0.135
551	0.106667
552	0.106667
553	0.0783333
554	0.05
555	0.05
556	0.05
557	0.05
558	0.0783333
559	0.0783333
560	0.0783333
561	0.0783333
562	0.106667
563	0.135
564	0.163333
565	0.191667
566	0.22
567	0.248333
568	0.276667
569	0.305
570	0.276667
571	0.276667
572	0.276667
573	0.276667
574	0.276667
575	0.248333
576	0.22
577	0.22
578	0.191667
579	0.163333
580	0.135
581	0.106667
582	0.106667
583	0.135
584	0.163333
585	0.163333
586	0.191667
587	0.22
588	0.248333
589	0.276667
590	0.305
591	0.276667
592	0.248333
593	0.22
594	0.191667
595	0.163333
596	0.135
597	0.163333
598	0.191667
599	0.163333
600	0.135
601	0.106667
602	0.0783333
603	0.05
604	0.05
605	0.05
606	0.05
607	0.05
608	0.05
609	0.05
610	0.0783333
611	0.106667
612	0.135
613	0.163333
614	0.191667
615	0.163333
616	0.135
617	0.135
618	0.106667
619	0.0783333
620	0.05
621	0.0783333
622	0.106667
623	0.135
624	0.163333
625	0.191667
626	0.22
627	0.248333
628	0.276667
629	0.305
630	0.305
631	0.333333
632	0.333333
633	0.305
634	0.276667
635	0.248333
636	0.22
637	0.22
638	0.191667
639	0.191667
640	0.163333
641	0.135
642	0.106667
643	0.0783333
644	0.05
645	0.0783333
646	0.106667
647	0.135
648	0.163333
649	0.191667
650	0.22
651	0.191667
652	0.191667
653	0.163333
654	0.135
655	0.106667
656	0.0783333
657	0.106667
658	0.135
659	0.135
660	0.106667
661	0.106667
662	0.106667
663	0.135
664	0.163333
665	0.163333
666	0.163333
667	0.163333
668	0.135
669	0.135
670	0.135
671	0.135
672	0.135
673	0.135
674	0.106667
675	0.0783333
676	0.05
677	0.05
678	0.05
679	0.05
680	0.05
681	0.05
682	0.05
683	0.05
684	0.05
685	0.05
686	0.05
687	0.05
688	0.05
689	0.0783333
690	0.106667
691	0.135
692	0.163333
693	0.191667
694	0.22
695	0.248333
696	0.276667
697	0.305
698	0.333333
699	0.361667
700	0.333333
701	0.305
702	0.305
703	0.276667
704	0.248333
705	0.22
706	0.191667
707	0.163333
708	0.135
709	0.106667
710	0.0783333
711	0.05
712	0.05
713	0.05
714	0.05
715	0.05
716	0.05
717	0.05
718	0.05
719	0.05
720	0.05
721	0.05
722	0.05
723	0.05
724	0.05
725	0.05
726	0.05
727	0.05
728	0.05
729	0.05
730	0.05
731	0.05
732	0.05
733	0.05
734	0.05
735	0.05
736	0.05
737	0.05
738	0.05
739	0.05
740	0.05
741	0.05
742	0.05
743	0.0783333
744	0.106667
745	0.135
746	0.163333
747	0.191667
748	0.22
749	0.248333
750	0.276667
751	0.305
752	0.333333
753	0.361667
754	0.39
755	0.361667
756	0.333333
757	0.305
758	0.276667
759	0.276667
760	0.248333
761	0.22
762	0.22
763	0.191667
764	0.163333
765	0.135
766	0.135
767	0.135
768	0.106667
769	0.0783333
770	0.05
771	0.05
772	0.05
773	0.0783333
774	0.106667
775	0.135
776	0.163333
777	0.191667
778	0.22
779	0.191667
780	0.22
781	0.22
782	0.191667
783	0.163333
784	0.135
785	0.135
786	0.135
787	0.163333
788	0.191667
789	0.22
790	0.248333
791	0.276667
792	0.305
793	0.276667
794	0.248333
795	0.248333
796	0.22
797	0.22
798	0.191667
799	0.22
800	0.22
801	0.22
802	0.22
803	0.22
804	0.22
805	0.22
806	0.22
807	0.22
808	0.22
809	0.22
810	0.22
811	0.22
812	0.22
813	0.22
814	0.191667
815	0.163333
816	0.135
817	0.106667
818	0.0783333
819	0.05
820	0.05
821	0.05
822	0.05
823	0.05
824	0.05
825	0.05
826	0.05
827	0.05
828	0.05
829	0.05
830	0.0783333
831	0.106667
832	0.135
833	0.163333
834	0.135
835	0.106667
836	0.106667
837	0.0783333
838	0.05
839	0.05
840	0.05
841	0.05
842	0.05
843	0.05
844	0.05
845	0.05
846	0.05
847	0.0783333
848	0.05
849	0.0783333
850	0.106667
851	0.135
852	0.135
853	0.135
854	0.106667
855	0.135
856	0.135
857	0.163333
858	0.163333
859	0.163333
860	0.135
861	0.106667
862	0.0783333
863	0.0783333
864	0.0783333
865	0.0783333
866	0.106667
867	0.135
868	0.163333
869	0.191667
870	0.22
871	0.248333
872	0.276667
873	0.305
874	0.276667
875	0.248333
876	0.22
877	0.22
878	0.191667
879	0.191667
880	0.163333
881	0.135
882	0.135
883	0.106667
884	0.0783333
885	0.106667
886	0.135
887	0.135
888	0.163333
889	0.135
890	0.135
891	0.135
892	0.135
893	0.135
894	0.135
895	0.163333
896	0.191667
897	0.163333
898	0.163333
899	0.135
900	0.135
901	0.106667
902	0.106667
903	0.0783333
904	0.05
905	0.05
906	0.05
907	0.05
908	0.05
909	0.05
910	0.05
911	0.05
912	0.05
913	0.05
914	0.05
915	0.05
916	0.0783333
917	0.106667
918	0.135
919	0.163333
920	0.191667
921	0.22
922	0.248333
923	0.276667
924	0.305
925	0.333333
926	0.361667
927	0.39
928	0.361667
929	0.333333
930	0.305
931	0.305
932	0.276667
933	0.276667
934	0.248333
935	0.22
936	0.22
937	0.191667
938	0.191667
939	0.163333
940	0.135
941	0.106667
942	0.0783333
943	0.0783333
944	0.106667
945	0.135
946	0.163333
947	0.191667
948	0.22
949	0.248333
950	0.276667
951	0.305
952	0.276667
953	0.248333
954	0.22
955	0.191667
956	0.163333
957	0.163333
958	0.163333
959	0.163333
960	0.163333
961	0.135
962	0.135
963	0.106667
964	0.0783333
965	0.0783333
966	0.0783333
967	0.05
968	0.05
969	0.05
970	0.05
971	0.05
972	0.05
973	0.05
974	0.05
975	0.05
976	0.05
977	0.05
978	0.05
979	0.05
980	0.05
981	0.0783333
982	0.106667
983	0.0783333
984	0.0783333
985	0.0783333
986	0.0783333
987	0.0783333
988	0.0783333
989	0.0783333
990	0.0783333
991	0.0783333
992	0.0783333
993	0.0783333
994	0.0783333
995	0.0783333
996	0.0783333
997	0.0783333
998	0.0783333
999	0.0783333
1000	0.0783333
1001	0.0783333
1002	0.0783333
1003	0.0783333
1004	0.0783333
1005	0.0783333
1006	0.0783333
1007	0.0783333
1008	0.0783333
1009	0.0783333
1010	0.0783333
1011	0.0783333
1012	0.0783333
1013	0.0783333
1014	0.0783333
1015	0.0783333
1016	0.0783333
1017	0.0783333
1018	0.0783333
1019	0.0783333
1020	0.0783333
1021	0.0783333
1022	0.0783333
1023	0.0783333
1024	0.0783333
1025	0.0783333
1026	0.05
1027	0.05
1028	0.05
1029	0.05
1030	0.05
1031	0.05
1032	0.05
1033	0.05
1034	0.05
1035	0.05
1036	0.05
1037	0.05
1038	0.05
1039	0.05
1040	0.05
1041	0.05
1042	0.05
1043	0.05
1044	0.05
1045	0.05
1046	0.05
1047	0.05
1048	0.05
1049	0.05
1050	0.05
1051	0.05
1052	0.05
1053	0.05
1054	0.05
1055	0.05
1056	0.05
1057	0.05
1058	0.05
1059	0.05
1060	0.05
1061	0.05
1062	0.05
1063	0.05
1064	0.05
1065	0.05
1066	0.05
1067	0.05
1068	0.05
1069	0.05
1070	0.05
1071	0.05
1072	0.05
1073	0.05
1074	0.05
1075	0.05
1076	0.0783333
1077	0.106667
1078	0.0783333
1079	0.05
1080	0.05
1081	0.05
1082	0.05
1083	0.05
1084	0.05
1085	0.05
1086	0.05
1087	0.05
1088	0.05
1089	0.05
1090	0.05
1091	0.05
1092	0.05
1093	0.05
1094	0.05
1095	0.05
1096	0.05
1097	0.05
1098	0.05
1099	0.05
1100	0.05
1101	0.05
1102	0.05
1103	0.05
1104	0.05
1105	0.05
1106	0.05
1107	0.05
1108	0.0783333
1109	0.106667
1110	0.135
1111	0.106667
1112	0.135
1113	0.135
1114	0.163333
1115	0.191667
1116	0.22
1117	0.248333
1118	0.276667
1119	0.305
1120	0.333333
1121	0.305
1122	0.276667
1123	0.248333
1124	0.22
1125	0.191667
1126	0.191667
1127	0.191667
1128	0.191667
1129	0.191667
1130	0.191667
1131	0.191667
1132	0.191667
1133	0.191667
1134	0.191667
1135	0.163333
1136	0.135
1137	0.106667
1138	0.0783333
1139	0.0783333
1140	0.0783333
1141	0.0783333
1142	0.106667
1143	0.135
1144	0.163333
1145	0.191667
1146	0.22
1147	0.191667
1148	0.163333
1149	0.163333
1150	0.163333
1151	0.163333
1152	0.163333
1153	0.163333
1154	0.163333
1155	0.163333
1156	0.163333
1157	0.135
1158	0.106667
1159	0.0783333
1160	0.05
1161	0.05
1162	0.05
1163	0.05
1164	0.05
1165	0.05
1166	0.05
1167	0.05
1168	0.05
1169	0.05
1170	0.05
1171	0.05
1172	0.05
1173	0.05
1174	0.05
1175	0.05
1176	0.05
1177	0.05
1178	0.05
1179	0.05
1180	0.05
1181	0.05
1182	0.05
1183	0.05
1184	0.05
1185	0.05
1186	0.05
1187	0.05
1188	0.0783333
1189	0.106667
1190	0.135
1191	0.163333
1192	0.191667
1193	0.22
1194	0.248333
1195	0.22
1196	0.191667
1197	0.163333
1198	0.135
1199	0.106667
1200	0.0783333
1201	0.05
1202	0.05
1203	0.05
1204	0.05
1205	0.05
1206	0.05
1207	0.05
1208	0.05
1209	0.05
1210	0.05
1211	0.05
1212	0.05
1213	0.05
1214	0.05
1215	0.05
1216	0.05
1217	0.05
1218	0.05
1219	0.05
1220	0.05
1221	0.05
1222	0.05
1223	0.05
1224	0.05
1225	0.05
1226	0.05
1227	0.05
1228	0.05
1229	0.05
1230	0.05
1231	0.05
1232	0.05
