89.4	89.7	
78.5	99.6	
89.4	79.2	
89	99.6	
89.4	89.3	
78.5	79.4	
89.2	99.6	
89	99.2	
88.8	99.2	
99.1	99.4	
89.4	99.2	
89	99.6	
79.3	99.6	
78.9	69.1	
89.4	99.6	
89	99.6	
79.3	99.6	
79.5	99.4	
78.7	99.6	
89.2	89.7	
78.7	79.6	
89.2	88.7	
89.4	99.6	
78.9	89.5	
89.4	99.6	
79.3	88.5	
78.3	99.6	
68.6	99.6	
89.2	99.2	
89.4	89.7	
79.1	99.6	
88.6	89.5	
89.4	99.4	
99.3	99.2	
89.4	89.7	
89.4	99.6	
89.4	99.6	
89.4	89.7	
78.9	89.7	
78.1	89.7	
79.3	69.5	
79.3	79.6	
99.1	99.4	
89.2	98.6	
68.8	89.7	
88.8	99.4	
89.4	99.6	
99.1	99.4	
89.4	99.4	
58.1	99.4	
89	99.4	
88.6	89.3	
89.2	99.6	
89.4	89.7	
89	99.6	
79.1	99.2	
88.8	99.4	
88.8	99	
89.4	79.6	
89.4	99.4	
89.2	98.6	
59.1	99.6	
89.4	89.5	
79.3	99.4	
98.9	89.3	
99.1	89.3	
98.9	98.6	
89.4	99	
89.4	99.6	
89.2	89.5	
69	99.6	
88.8	99.6	
88.8	99	
68.4	99.2	
89.4	99.6	
98.5	99.4	
78.9	89.3	
69.2	99.2	
89	99.2	
89.4	79.6	
89.4	99.4	
88	89.7	
59.3	99.4	
89.4	89.1	
88.8	99.4	
89.4	99.2	
48.8	99.2	
78.9	99.6	
68.2	99.6	
77.9	79.6	
99.1	99.2	
99.3	89.7	
78.9	99.4	
98.7	99.6	
89	99.6	
99.3	99.4	
89.4	89.5	
79.5	99	
99.3	99.2	
98.7	99.4	
89.4	79.6	
98.9	99.4	
89.2	98.8	
89.4	68.9	
79.3	99.6	
89.4	89.7	
79.1	99.6	
88.8	89.3	
89	99.6	
69.4	99.4	
89.4	89.3	
89.4	79.4	
89.4	89.7	
89.2	79.2	
79.3	89.5	
69	99.4	
89.2	89.3	
99.3	99.6	
89.2	99.6	
89.4	89.7	
89.4	99.6	
78.9	78.8	
89.4	99.6	
89.2	79.4	
89.4	89.7	
88.2	99.6	
89.4	99.4	
78.5	99.6	
99.3	99.6	
89.4	99.6	
79.3	89.7	
89.4	99.4	
89.2	99.6	
79.3	99.4	
88.2	89.7	
78.9	89.5	
99.1	99.6	
68.8	99.6	
79.1	99.2	
89	99.6	
89.4	99.6	
89.2	69.5	
99.1	98.8	
88.8	89.3	
89.2	89.1	
89.2	99.6	
89.2	99.6	
88.8	89.5	
89.4	99.6	
88.8	99.6	
89	99.6	
89.4	79.4	
69.2	99.4	
89.4	99.4	
89.4	99.6	
89.4	89.7	
68.8	99.6	
79.1	89.7	
99.3	89.5	
58.5	99.4	
89.4	99.6	
79.1	89.5	
89.2	99.6	
79.1	99.6	
89.2	99.6	
89.4	99.6	
89.4	89.7	
89.4	99.2	
68.6	99.6	
69.2	99.6	
69.4	88.5	
89.2	99.2	
89.4	99.6	
88.8	99.6	
89.4	89.5	
98.9	99.4	
58.3	99.6	
79.1	89.5	
79.1	99.6	
89.4	99.4	
89.4	99.4	
88.8	79	
89.2	89.5	
89.2	99.2	
98.7	99.6	
89.2	88.7	
89.4	79	
89.2	89.5	
88.8	89.5	
79.3	99.6	
89.2	99.4	
89	89.7	
89.2	99.6	
89.2	89.5	
89.4	99.6	
89.4	89.7	
89.4	99.6	
79.1	79.4	
89.4	99.6	
78.5	99.4	
79.1	89.7	
89.4	99.6	
89.2	89.7	
89.4	78.2	
69.2	99.6	
79.1	99.4	
79.5	89.7	
99.3	89.1	
79.5	89.7	
79.1	99	
89.2	99.6	
89.4	99.6	
88.4	99.6	
88.6	99.4	
89.4	99.6	
89.4	99.4	
89.4	68.3	
78.9	99.4	
98.9	89.7	
89.2	99.6	
67.8	89.5	
89.4	79.4	
89.2	99.6	
79.1	89.7	
69	99.6	
79.1	99.6	
88.6	99.4	
89.2	99.4	
89.4	99.4	
89.2	89.7	
79.5	69.1	
89.4	89.7	
98.9	99.6	
58.9	79.6	
89	89.5	
97.3	99.4	
99.1	99.6	
68.4	99.6	
98.5	89.7	
89.2	99.6	
89.2	89.7	
99.3	99.6	
78.9	99.4	
89.4	99.4	
89.2	99.2	
99.1	99.6	
89.4	99.4	
89.4	99.6	
89.4	79.2	
79.1	89.7	
89.2	99.4	
98.9	99.6	
78.1	99.4	
89.2	99.6	
89.2	99.6	
89	99.6	
78.7	99.6	
78.9	99.4	
78.3	89.7	
89.4	89.5	
88.8	99.4	
89.4	99.6	
89.4	99.6	
79.5	89.5	
89	99.2	
99.3	99.6	
89.4	99.2	
98.9	99.4	
88.8	99.4	
79.1	99.2	
78.7	99.6	
89.4	79.4	
68.6	99.6	
78.1	99.6	
68	89.7	
89	99.6	
89.2	99.4	
89.4	99.6	
89.4	99	
89.4	99	
79.1	99.4	
78.7	99.6	
89.2	89.7	
79.1	99.4	
69.4	99.2	
79.5	99.6	
79.3	99.6	
68	89.5	
89.4	99.4	
68.6	99.6	
88.6	99.2	
89.4	99.4	
99.3	99.4	
89.2	99.6	
79.1	98.6	
89.4	89.3	
89.4	89.7	
89.2	99.6	
89.2	99.6	
79.5	89.7	
89.4	99.6	
89.4	89.5	
78.1	89.7	
79.1	99.6	
69	99.4	
89.2	79.4	
79.1	89.5	
88.8	99.4	
89.4	89.5	
99.3	89.7	
79.5	99.4	
99.3	99.6	
78.5	99.4	
99.3	89.5	
89.4	99.4	
89	99.2	
89.4	89.5	
89.4	89.3	
89.4	89.3	
88.6	89.7	
89.2	89.3	
89.2	99.4	
98.1	89.7	
78.7	99.6	
98.9	99.6	
99.1	99.4	
89.2	89.3	
79.5	89.7	
88.8	99.6	
88.8	99.4	
79.3	99.4	
78.7	89.5	
88.4	99	
88.6	99.4	
88.6	99	
89.2	89.3	
89.4	99.2	
89	99.2	
99.1	89.7	
89.4	99.6	
89.4	99.4	
99.3	89.3	
79.1	99.4	
98.7	99.2	
89.4	89.5	
89.2	99.6	
89.2	99.4	
89	89.3	
79.3	89.5	
89.2	79.4	
89.4	89.5	
68.6	99.6	
69	99.6	
99.1	89.3	
89.2	89.5	
78.9	89.5	
69	99.6	
88.8	99.2	
89	99.6	
89.2	88.9	
79.5	89.7	
89.4	89.5	
99.1	89.7	
89.4	99.6	
89.4	89.5	
89.4	79.4	
79.3	99.4	
89	99.6	
99.3	89.5	
79.3	88.9	
89.4	99.6	
99.3	99.6	
69.4	89.3	
88.8	89.5	
99.1	99.2	
89.4	99.6	
89.4	99.6	
59.1	99.4	
68.4	89.7	
99.1	99.6	
98.7	79.4	
89.4	89.3	
89.2	89.3	
98.7	79.2	
89.2	89.3	
88.8	99.2	
89.4	99.6	
89.4	89.5	
89.4	89.5	
99.1	99.4	
89.2	89.7	
89	88.9	
58.5	99.4	
69	99.6	
89.2	89.7	
89.2	99.4	
99.1	99.6	
48.2	79.4	
99.3	89.3	
79.3	99.2	
69.4	99.6	
98.9	89.7	
89.2	99.4	
89.4	99.6	
89.4	99.4	
78.9	89.7	
89.4	89.5	
89.4	89.3	
89.4	99.6	
99.1	99.6	
78.9	89.7	
59.1	99.2	
88.6	99.6	
69.4	99.4	
89	89.7	
99.1	79.6	
89.2	99.6	
89.2	89.5	
69	89.7	
69	79.4	
89.2	99.4	
48.6	99.6	
79.3	99.4	
98.7	89.7	
79.1	79.4	
87.8	89.7	
89.4	79.6	
99.3	89.7	
89.4	99.6	
89.4	99.4	
89.4	89.5	
89.4	99.2	
79.3	88.9	
78.7	99.6	
68.8	99.4	
89.2	89.5	
89.2	99.6	
89.2	99.4	
88.8	99.4	
89.2	99.4	
98.7	89.7	
88.4	99.4	
28.4	99.6	
79.1	89.3	
89.4	89.1	
89.2	89.7	
99.3	89.7	
79.3	89.5	
79.3	99	
88	99.6	
98.9	99.4	
89.4	99.6	
89.2	99.6	
89.2	99.2	
89.2	89.5	
79.1	99.4	
77.9	88.3	
89	89.7	
88.6	99.6	
97.9	89.5	
99.1	99.6	
78.7	99	
89.4	99.6	
88.8	99.4	
78.5	69.1	
89	89.7	
79.3	89.7	
98.9	99.6	
99.1	89.1	
89.4	99.6	
89	99	
99.1	89.7	
79.3	99.6	
98.1	99	
88.8	89.7	
89	99.4	
98.5	89.5	
79.5	99.6	
88.6	89.1	
79.1	99.6	
89.2	89.7	
89.4	79.6	
89	89.3	
68.4	99.6	
89.4	99.6	
89.4	79.6	
78.9	99	
88.8	89.7	
89.4	99.6	
89.4	99.4	
79.1	89.5	
78.7	89.7	
47.8	99.6	
79.1	99.4	
89.4	99.4	
89.4	99.6	
98.9	99.6	
79.1	99.2	
89	59.2	
79.3	99.4	
58.7	99.6	
89.4	89.7	
79.5	99.6	
89.2	89.1	
79.3	99.4	
89.2	99.4	
89.4	99.4	
89.4	99.4	
78.7	99.2	
99.3	99.6	
89.4	99.6	
99.3	89.5	
89.4	99.6	
68.4	99.4	
89.2	99.2	
89.2	99.2	
89.4	99.6	
69	99.6	
88.8	99.6	
89.4	99.6	
89.4	99.6	
89.4	89.5	
99.3	88.9	
79.5	99.4	
89	89.7	
89.2	99.6	
79.3	89.3	
89.4	99.6	
78.1	99.4	
89.2	79.6	
78.9	99.4	
89.4	99.6	
89	89.1	
99.1	89.7	
99.1	99.6	
89.2	88.1	
79.3	79.4	
89.4	99.6	
79.3	99.2	
98.9	88.9	
68.8	99.4	
99.3	79.2	
89.2	89.5	
99.3	89.1	
78.9	89.7	
89.4	99.6	
89.2	58.4	
99.3	99.6	
47.6	99.4	
78.7	89.5	
79.5	99	
89.2	98.8	
89.2	89.5	
99.1	89.5	
88.8	99.6	
78.7	99.2	
89.4	89.7	
89.2	99.6	
78.3	99	
79.3	99.4	
79.3	99	
89.2	99.6	
89.4	99	
79.1	99.4	
89	99.2	
89.2	99.2	
89.4	79.6	
98.1	99	
89	99.4	
79.5	89.7	
79.3	99.6	
99.1	99.6	
78.3	99.6	
99.3	99.6	
98.3	99.4	
89	99.4	
99.3	99.4	
89.2	89.7	
89.4	99.4	
99.1	89.5	
88.2	99	
89.4	89.1	
78.9	99.6	
79.3	89.5	
89.2	79.2	
89	99.6	
79.3	89.5	
89	99.6	
89.4	99.6	
89.4	89.3	
79.5	99.6	
89.4	99.6	
89	79.6	
88.8	89.5	
89.2	99.6	
99.1	89.7	
89.4	89.7	
78.9	99.6	
89.4	89.7	
89.2	99.2	
79.1	99.6	
89.4	79.4	
88.8	89.5	
98.9	89.7	
88.8	99.6	
89.4	99.4	
89.4	89.7	
78.5	99.2	
89.2	89.7	
89	89.5	
89.4	89.7	
88.6	99	
88.6	89.5	
99.3	89.5	
89.4	99	
79.5	98.8	
89.4	89.7	
89.4	99.2	
99.1	99.6	
89.4	99.2	
89.2	99.6	
88.8	99.4	
78.9	89.5	
78.9	99.6	
88.8	99.6	
89.4	89.3	
89.4	98.8	
69	99.2	
79.1	89.7	
99.3	99.2	
78.7	99.4	
89.2	98.6	
89.2	99.6	
79.5	99.2	
89.2	89.1	
78.3	99.4	
88.8	99.6	
89	99.2	
79.3	99.4	
78.9	98.4	
89.2	99.6	
89.2	99.6	
78.5	99.6	
89.2	59.2	
89.4	99.4	
79.3	99	
99.3	99.6	
89.4	89.5	
89.4	99.2	
57.9	99.2	
89.2	99.4	
89.4	99	
89.4	99.6	
89.2	69.1	
79.3	89.1	
78.5	99.6	
89.4	99.4	
79.3	89.3	
89	89.5	
89.2	99.4	
78.9	89.5	
79.3	99.4	
69	99.6	
88.8	89.5	
89	89.5	
89.2	89.7	
89.4	89.5	
79.1	99.6	
99.3	99.4	
97.9	89.7	
79.1	99.4	
79.5	99.4	
89.4	99.4	
98.7	99.6	
89	99.6	
89.4	99.6	
89.4	99.6	
89	89.5	
89.4	99.6	
89.4	89.3	
79.1	99.6	
99.1	99.4	
69	89.5	
89.4	89.1	
89.4	99	
89.2	99.6	
79.1	79.2	
89.4	99.6	
89.2	99.6	
88.6	99.6	
88.8	99.4	
69	99.4	
89	99.4	
98.5	99.6	
99.3	99.6	
89	99.6	
79.3	99.6	
89.4	89.7	
89.4	88.9	
79.1	99.6	
69.2	99.4	
98.9	99.4	
89	89.7	
99.1	99.4	
89.2	89.3	
89.4	99.6	
89.2	99.4	
68.8	99.6	
89.4	99.2	
38.7	99.4	
89.2	89.5	
69.4	88.9	
89.2	99.6	
78.9	79.6	
69.2	99.6	
89	99.6	
69	89.3	
89	89.1	
89.2	99.6	
89.4	89.7	
89.4	79.6	
89.4	99.2	
89.2	99.4	
89.4	89.3	
78.7	79.6	
69	98.8	
89.4	99.4	
99.1	99.4	
99.1	99.6	
98.9	99.4	
89	89.7	
89.4	99.6	
69	99.6	
89.4	89.7	
89	89.7	
89	89.5	
89.4	99.4	
89.2	99.6	
88.8	99.6	
98.9	99.6	
99.3	99.4	
89.4	99.2	
89.2	99.4	
89.4	98.8	
89.2	89.1	
88.8	99.2	
88.2	99.6	
99.1	89.5	
89.2	99.2	
89.4	99.2	
78.1	99.6	
89.2	99.6	
89	99.4	
89.4	99.4	
89.4	99.6	
78.9	99.4	
89.4	89.5	
78.9	89.7	
89.4	89.5	
98.9	99.6	
89.2	89.3	
99.3	99.4	
58.1	89.7	
89	99.4	
98.9	89.3	
89.4	79.4	
79.1	99.6	
79.5	99.4	
79.3	99	
89.2	99.4	
89.4	99.2	
89	89.3	
99.1	99.6	
79.1	89.5	
89.4	99.6	
88.2	99.6	
69.4	79.6	
98.7	99.4	
89.4	89.5	
79.3	99.6	
89.4	99.2	
98.5	99.6	
89.4	99.6	
89.2	99.6	
89.2	99.6	
78.9	99.4	
88.8	99.6	
88.4	69.3	
69.2	99.6	
89.4	99.6	
79.1	99.4	
99.1	99.4	
89.2	89.7	
98.5	79.6	
89.4	99.6	
89.2	99.4	
88.8	89.7	
78.9	89.7	
89.2	99.2	
89.4	99.4	
99.1	99.6	
99.3	98.8	
69.2	99.6	
89	99.6	
99.3	99.4	
58.7	79.4	
89	99.6	
58.7	99	
98.7	89.3	
79.3	89.7	
79.3	99.6	
99.1	99.6	
99.3	99.2	
99.3	79.6	
89.4	88.9	
79.3	99.6	
69	79.4	
89.2	99.6	
89.2	99.4	
58.3	99.6	
89.2	89.7	
79.3	89.7	
89.2	99.6	
89	99.2	
89.4	99.6	
89.4	99.6	
89.2	99.4	
89.4	89.7	
79.3	99.6	
89.4	89.7	
98.9	99.6	
89.4	99	
99.3	99.6	
98.5	99.4	
89.4	99.2	
89.4	89.1	
88.8	89.5	
89.4	99.4	
89.4	99	
79.1	99.2	
89.4	99.6	
69.2	98.4	
88.8	99.4	
88.8	89.7	
78.7	89.5	
89.2	99	
69.2	89.3	
89.4	89.7	
99.3	99.6	
58.9	99.6	
89.2	99.6	
99.1	99.6	
68	89.5	
89.2	89.7	
99.1	89.7	
89.4	69.5	
79.1	99.4	
89.4	99.4	
79.1	89.1	
78.9	99.6	
89	99.4	
88.6	89.5	
78.9	89.7	
68.6	99.4	
89	99.2	
18.5	99.6	
89.4	98.4	
89.4	89.7	
79.1	99.4	
79.1	99.6	
78.7	98.6	
98.9	89.5	
89	89.7	
98.9	99.6	
89.4	89.5	
67.4	99.4	
89	99.6	
89.2	99.2	
79.5	99.2	
98.9	99.2	
68.8	99	
89.2	99.2	
79.3	99.6	
69.4	99.6	
98.5	78.8	
89.4	99.4	
89.4	99.6	
89.2	89.7	
68.8	99.4	
89.2	99.4	
48.8	99.2	
98.9	99.4	
89.2	89.7	
79.3	89.7	
78.9	79.2	
79.3	89.3	
69	89.7	
89.4	99.4	
79.3	99	
69	99.6	
88.8	99.4	
89.2	99.6	
79.3	99.6	
89	99.2	
69.2	99.6	
78.9	99.4	
79.1	79	
99.1	99.6	
99.3	99.6	
89.2	99.6	
98.3	99.6	
68.8	89.3	
89.4	99.4	
99.3	99.4	
49	89.3	
99.1	99.6	
89.2	89.1	
89	89.7	
89.4	99.6	
89.2	99.6	
99.3	89.5	
89.4	99.2	
88.8	99.6	
79.5	79.6	
99.1	88.9	
99.3	99.6	
89.4	99.6	
89.4	99.2	
88.8	88.7	
69.2	99.6	
67.6	89.5	
79.3	99.4	
89	99.2	
89.4	89.5	
89.4	99.6	
79.3	89.5	
89.4	99.6	
89.4	89.7	
89.4	89.7	
99.1	99.6	
79.1	99.2	
89.4	89.5	
99.3	99.4	
98.7	89.5	
98.9	89.7	
89.4	99.4	
68.8	99.6	
68.4	99.6	
89.2	99.2	
79.1	98.6	
79.1	79.6	
89	89.5	
89.4	89.1	
89.2	89.5	
89.4	99.6	
79.3	99.6	
89.2	99.2	
78.9	99.2	
88.8	99.6	
68.8	89.3	
59.1	99.4	
89.4	89.1	
99.1	99.6	
89.4	88.7	
78.9	89.5	
89.4	79.6	
89.4	99.2	
89.2	79	
58.3	89.1	
79.3	89.3	
89.4	99.6	
78.7	99.2	
98.1	99.6	
69.2	89.5	
89.4	99.6	
89.2	99.4	
89.4	99.4	
99.1	89.5	
88.4	89.5	
68.8	99.6	
78.7	99	
99.3	99.6	
88.6	99.6	
88.8	99.6	
88.8	89.5	
89	89.5	
89.2	89.3	
89	89.5	
89.4	99.6	
89	99.6	
78.9	99.4	
89.2	99.6	
89	99.4	
89.2	99.4	
89.2	89.5	
89.4	89.7	
99.1	99.6	
99.1	99.2	
58.5	99.4	
89.2	99.4	
