99.3	89.7	
89.2	89.7	
98.5	89.5	
87.2	99.6	
99.3	89.7	
99.3	89.7	
98.7	89.5	
98.3	89.7	
99.3	78.8	
99.3	89.5	
98.7	89.7	
98.5	79.4	
98.9	99.2	
98.9	89.7	
99.1	99.4	
89.2	89.5	
88.4	89.7	
99.3	89.5	
99.3	89.3	
98.7	89.5	
98.1	99.4	
99.1	89.5	
98.9	89.7	
98.7	89.5	
78.5	89.7	
98.5	89.7	
98.3	89.7	
99.1	69.5	
99.3	89.7	
87.2	89.3	
99.3	89.7	
78.5	89.5	
99.1	89.5	
89	88.7	
98.1	89.7	
99.3	89.7	
97.9	89.3	
87.6	89.7	
99.1	89.1	
99.1	99.2	
99.1	89.7	
98.3	89.7	
99.3	99.4	
99.1	69.1	
99.1	89.7	
98.9	78.6	
88.2	89.7	
99.1	89.7	
98.7	89.7	
98.7	99.4	
99.1	89.3	
98.9	99.6	
99.3	89.1	
98.5	89.5	
99.3	89.5	
98.5	89.7	
98.9	89.7	
89	89.5	
97.9	89.7	
99.1	89.7	
78.7	88.9	
98.3	89.3	
98.5	99.2	
99.1	79.6	
89	79.6	
98.7	89.1	
99.3	89.7	
98.9	79.2	
99.3	79	
98.9	89.7	
99.3	89.7	
78.5	99.6	
98.9	89.7	
78.7	79.4	
99.3	89.7	
98.7	89.7	
99.3	99.4	
98.3	99.4	
98.9	99.6	
89.2	99.2	
98.9	89.7	
88.4	89.7	
88.8	88.3	
98.9	89.7	
69	89.3	
98.9	99.2	
98.5	89.1	
86.8	89.7	
58.5	89.5	
78.5	89.7	
98.9	79.2	
97.7	89.7	
99.1	99.4	
98.7	89.7	
88.6	89.5	
99.1	79.6	
98.9	69.1	
99.3	89.7	
88.2	99.4	
99.1	89.7	
98.3	89.5	
98.5	89.5	
98.9	99.2	
78.5	99.6	
99.3	89.7	
98.9	89.5	
89	89.7	
99.3	89.7	
78.7	89.7	
98.3	99.4	
99.1	89.1	
99.1	89.7	
99.1	89.5	
99.3	89.5	
98.9	99.6	
89.2	89.7	
98.9	79.6	
99.1	99.4	
88.8	89.5	
88.8	79.6	
98.7	79.2	
99.1	88.1	
88.6	79.4	
89.2	89.7	
68.6	89.3	
99.1	89.7	
98.7	89.7	
88.2	89.3	
89.4	89.7	
98.5	89.5	
87.8	89.5	
98.1	89.3	
88.8	89.3	
99.3	89.7	
99.1	89.7	
99.1	99.6	
98.3	89.5	
99.1	89.3	
97.9	99	
99.1	89.5	
98.7	89.5	
99.3	99.2	
99.3	99.4	
99.3	79.4	
98.9	89.7	
99.1	89.7	
99.3	69.1	
99.3	89.7	
99.3	89.5	
99.1	99.4	
98.7	79.4	
99.1	89.7	
88.2	99	
98.7	89.3	
98.9	89.7	
98.1	89.7	
99.1	89.5	
99.3	99.2	
99.3	79.4	
99.3	79.6	
88.6	99.6	
88.2	89.3	
98.9	99.4	
99.3	79.4	
98.5	89.7	
99.1	89.7	
98.5	78.6	
68.6	89.7	
89	89.5	
99.3	99	
99.3	89.7	
98.5	89.7	
99.1	89.7	
98.3	99.4	
88.8	99.6	
98.9	89.7	
99.1	79.4	
99.1	89.5	
89	79.4	
98.7	89.7	
99.3	89.5	
99.3	89.5	
98.1	79.6	
98.5	88.9	
98.3	99.4	
97.9	79.6	
98.9	89.7	
98.1	69.3	
98.7	89.7	
99.1	89.7	
98.3	89.1	
98.3	89.7	
99.3	79.2	
99.3	89.7	
88	79.6	
99.1	99.6	
98.9	89.7	
99.3	89.7	
99.1	79.6	
98.7	99.4	
98.3	69.1	
89.2	89.7	
99.1	89.7	
89	99.2	
99.3	89.7	
99.3	89.7	
98.9	99.4	
98.3	89.7	
98.3	79.4	
98.5	99.4	
98.9	89.5	
89	89.3	
89.2	89.5	
97.9	89.7	
98.7	89.7	
99.1	89.7	
89.2	69.1	
89.4	99.6	
66.4	99	
99.3	89.7	
98.3	89.7	
99.3	89.7	
99.1	79.6	
98.1	89.5	
88.6	89.7	
98.9	89.7	
87.8	79.2	
99.3	89.7	
98.9	99	
98.1	89.5	
98.3	79	
98.7	99.2	
98.5	87.9	
99.1	88.9	
87.8	89.3	
98.9	89.7	
99.1	89.7	
87.2	89.5	
99.3	99.6	
99.1	89.7	
98.5	89.5	
99.1	79.6	
99.3	99.4	
99.3	99.4	
99.3	99.4	
98.5	89.7	
98.7	89.5	
99.3	89.7	
99.1	89.5	
99.1	79.6	
99.3	89.7	
99.3	89.1	
89	89.5	
88.4	89.7	
98.9	58.2	
99.3	99.6	
99.1	99.4	
99.1	79.6	
87	89.7	
98.5	89.5	
99.1	99.4	
98.7	89.5	
98.9	89.7	
99.1	99.4	
89	89.1	
98.5	89.7	
98.9	89.7	
87.8	69.1	
87.8	89.5	
99.1	89.7	
68.8	89.5	
89	89.7	
98.9	89.7	
99.3	89.7	
98.5	79.4	
98.3	89.5	
99.1	69.3	
78.5	89.5	
98.9	99.6	
99.1	99.4	
99.3	99.6	
98.5	89.5	
99.1	89.5	
99.1	68.9	
99.1	79.6	
99.1	99.4	
99.3	99.4	
98.7	59.2	
99.1	99.4	
98.1	89.3	
98.1	99.4	
98.3	89.7	
99.1	89.7	
99.3	89.7	
89	89.5	
88.2	79.4	
98.9	89.5	
98.1	89.7	
98.5	89.5	
99.3	69.3	
99.3	89.5	
99.1	79.6	
98.9	79.6	
99.3	89.1	
68.4	89.5	
88.8	89.7	
99.1	89.7	
99.3	58.8	
99.3	79	
97.1	99	
99.1	89.7	
98.5	89.7	
98.7	69.5	
99.3	89.5	
89.2	89.7	
98.5	89.7	
99.3	89.3	
89	88.9	
87.6	89.7	
99.1	89.7	
99.3	89.7	
98.9	89.1	
98.9	89.7	
99.3	89.7	
99.3	99.6	
99.3	89.7	
98.3	89.5	
99.1	89.5	
99.1	89.5	
88.2	99.6	
99.3	89.5	
99.1	79.2	
99.1	89.7	
99.1	99.2	
98.5	89.7	
88.8	89.7	
98.5	89.7	
99.1	69.3	
99.3	89.5	
99.1	99.6	
99.3	99.4	
99.3	89.3	
88.6	89.5	
99.1	89.7	
89.2	99.2	
98.9	98.8	
98.1	89.5	
99.3	89.5	
78.9	69.5	
98.9	89.3	
99.1	89.7	
88.2	99.6	
77.9	99.6	
99.1	89.7	
98.9	99.4	
98.9	99.6	
99.3	89.7	
99.1	99.6	
98.9	89.7	
88.4	88.5	
89	89.5	
98.9	89.3	
99.3	89.3	
99.3	98.8	
98.7	99.4	
99.1	79.4	
98.7	89.7	
98.7	89.7	
78.7	89.1	
88.8	79.4	
98.1	98.8	
98.7	89.7	
98.3	89.7	
99.1	89.7	
98.9	89.7	
88.6	89.7	
98.3	99.4	
99.1	99.6	
99.1	79.4	
99.1	79.6	
98.9	89.7	
98.5	89.3	
88.8	89.7	
98.9	89.7	
98.5	89.7	
99.3	89.5	
89.2	89.7	
98.9	89.5	
98.3	99.6	
99.3	89.7	
89.2	89.7	
98.7	89.3	
98.9	88.9	
99.1	89.7	
99.3	88.9	
99.3	99.6	
99.3	99.4	
99.1	79.4	
88.8	89.7	
98.9	99.6	
99.1	89.5	
99.3	89.5	
99.3	89.7	
98.9	99.6	
88.8	88.3	
99.1	99.6	
99.1	89.7	
98.9	89.3	
99.1	89.3	
98.5	89.7	
79.3	99.4	
98.9	79.4	
98.9	99.4	
89	89.7	
99.1	89.3	
97.3	89.5	
99.3	79.6	
99.3	79.4	
99.3	89.3	
99.1	89.3	
98.5	89.3	
99.3	99.2	
88.6	99.6	
99.1	99.2	
99.1	89.5	
77.7	69.1	
98.7	89.7	
99.3	89.5	
99.1	99.4	
99.3	99.2	
99.1	98.8	
98.5	89.5	
98.3	89.5	
98.5	78.8	
98.3	89.7	
97.5	69.5	
98.9	69.1	
89.2	69.1	
98.1	99.2	
99.3	99.4	
79.1	89.5	
89	89.7	
99.1	89.7	
98.9	89.5	
78.5	89.5	
99.3	79.6	
68.4	99.6	
97.5	89.5	
98.5	79.4	
99.3	99	
98.7	89.3	
99.3	79	
98.9	99.4	
98.9	99.4	
98.9	69.5	
89	99.2	
98.9	89.7	
98.7	89.5	
99.1	89.3	
88.2	89.5	
99.3	89.3	
99.1	89.7	
99.1	99.2	
88.8	89.7	
99.3	89.7	
98.1	89.7	
88.8	99.4	
98.7	89.5	
99.3	89.5	
99.1	89.7	
98.3	89.7	
98.7	89.5	
98.5	89.7	
99.1	99.2	
87.6	89.7	
98.7	89.7	
98.3	79.6	
99.1	79.4	
88.6	89.5	
88.6	89.7	
99.3	89.5	
99.3	89.7	
98.9	99.4	
99.3	89.5	
97.9	89.3	
98.9	89.7	
99.3	89.3	
98.9	89.7	
98.7	89.7	
99.3	99.2	
98.7	89.5	
98.3	89.7	
98.7	79.4	
98.7	89.7	
99.1	89.5	
68.6	99.6	
99.3	49.1	
99.3	89.7	
88.6	99.6	
57.3	89.7	
88.4	99.6	
88.8	79.2	
98.7	99.4	
98.7	89.7	
98.7	99.4	
98.3	79.6	
98.9	98.8	
98.9	89.5	
68.8	99.6	
99.3	89.5	
99.1	99.6	
99.3	99.6	
98.7	89.5	
99.1	89.5	
99.3	88.9	
78.1	89.7	
99.1	89.7	
99.1	89.7	
99.1	89.1	
98.9	78.2	
98.9	79.6	
99.3	89.3	
98.5	99.6	
99.3	89.5	
98.9	99.6	
98.7	89.5	
98.3	98.8	
98.9	89.7	
89	79.6	
99.1	89.7	
87.6	79.4	
78.7	89.7	
99.1	89.7	
98.7	99.2	
99.1	88.9	
99.3	89.7	
98.9	89.7	
99.3	98.8	
79.1	69.5	
98.5	89.7	
98.7	99.6	
99.1	99.6	
98.9	99.4	
79.5	99.6	
98.7	99.2	
99.3	58.4	
88.6	89.7	
99.3	98.4	
99.3	99.6	
88.2	79.4	
99.1	99.2	
99.1	79.2	
99.3	89.5	
89.2	89.5	
99.1	89.7	
99.1	79.6	
99.1	89.3	
99.1	99.6	
98.7	99.2	
89.2	79.6	
98.5	99.4	
99.1	99.6	
98.9	79.6	
99.1	79.4	
97.9	79.2	
98.7	79.6	
98.9	89.5	
98.9	79.2	
99.3	89.3	
97.9	99.6	
99.3	89.3	
98.9	89.7	
98.9	89.7	
98.7	99.4	
97.5	99.2	
99.1	89.7	
98.7	99	
99.1	89.3	
99.3	99.6	
98.7	89.7	
99.1	89.7	
98.9	89.5	
98.3	89.7	
98.9	89.7	
98.3	89.7	
98.9	89.7	
88	99.6	
98.3	89.5	
89	89.5	
99.3	98.8	
99.1	89.5	
98.5	79.6	
98.7	89.7	
99.1	89.7	
99.1	79.6	
97.9	99	
99.3	89.7	
98.7	89.5	
99.1	79.2	
99.1	79.4	
98.1	89.7	
98.5	99.4	
89	99.4	
98.7	89.5	
98.3	89.7	
89.2	89.3	
99.3	99.6	
75.1	99.6	
99.1	79.4	
99.1	89.7	
99.3	79.2	
98.7	89.5	
99.3	79.6	
99.1	89.7	
99.1	89.7	
99.3	69.5	
98.9	79.2	
98.5	79.6	
98.7	88.9	
88	89.1	
98.5	89.7	
98.9	79.6	
99.1	89.7	
99.3	89.7	
98.7	89.5	
98.1	79.4	
99.1	89.7	
89.2	99.6	
59.3	89.7	
98.5	99.4	
98.7	89.5	
99.1	69.5	
99.1	89.7	
99.3	99.2	
98.7	89.7	
98.9	89.7	
98.7	89.7	
99.1	79.6	
88.6	99.4	
98.1	79.4	
78.9	89.1	
99.3	89.7	
99.1	89.7	
98.7	89.7	
99.3	78.8	
88.8	99.4	
98.9	99.4	
99.1	89.7	
99.1	89.5	
98.9	99.6	
98.7	89.5	
98.7	89.5	
98.9	79.2	
99.3	89.5	
57.7	99.6	
98.7	89.1	
99.1	89.7	
99.3	89.5	
98.5	99.6	
88.8	89.5	
99.3	89.7	
99.3	89.7	
98.1	99.6	
99.1	89.7	
98.7	89.5	
99.1	89.5	
99.3	89.5	
98.5	89.3	
99.3	79.4	
88.8	99.4	
88.8	88.9	
97.9	99.2	
99.1	99.2	
99.3	89.7	
99.1	69.5	
88.6	89.5	
89.2	89.7	
98.5	89.3	
98.5	69.1	
98.7	89.5	
88.6	99.4	
98.7	89.7	
98.7	99.4	
78.9	99.6	
99.3	89.5	
98.9	89.7	
98.7	89.7	
98.1	89.7	
98.9	99.4	
88.6	89.3	
98.3	89.7	
99.1	79.2	
99.3	79.2	
98.9	89.7	
98.7	99.2	
99.3	89.7	
88.4	89.7	
99.1	79.6	
99.3	99.4	
99.1	89.7	
99.1	69.3	
89	89.7	
78.9	88.9	
99.3	89.7	
98.9	89.5	
98.9	59.2	
99.1	99.2	
98.9	79.6	
89.2	89.7	
88.8	89.1	
88.6	89.5	
98.9	89.5	
98.5	89.5	
99.1	99.4	
99.1	88.7	
98.7	89.5	
99.3	89.5	
99.3	69.5	
99.3	79	
99.1	89.3	
99.3	89.7	
99.3	89.1	
99.1	89.3	
77.9	99	
99.1	89.7	
98.7	88.9	
99.1	99.6	
98.7	89.5	
99.1	79	
88.8	89.5	
99.1	89.5	
99.3	89.7	
98.9	89.7	
99.3	89.7	
98.3	89.3	
98.5	89.7	
99.3	89.7	
99.1	99.6	
98.9	99.4	
98.9	59.2	
99.3	89.5	
98.7	79.2	
99.3	89.5	
99.1	79	
99.1	88.7	
98.7	79.4	
88.6	89.3	
97.7	99	
98.5	79.6	
78.9	89.7	
87.6	89.7	
87.8	89.5	
87.2	89.5	
88.6	79.4	
68	89.5	
98.9	99.6	
99.3	98.8	
98.9	79.6	
99.1	89.7	
99.3	59.4	
98.9	99.6	
99.3	89.3	
88.2	89.5	
99.1	99.4	
89.2	89.5	
98.7	89.5	
99.3	79.2	
89	89.5	
99.3	89.7	
89.2	89.5	
99.1	89.5	
88.8	89.7	
77.7	89.7	
98.9	89.1	
99.3	89.7	
99.1	79.6	
99.3	89.7	
98.7	89.3	
98.7	89.7	
98.7	89.3	
88.6	89.7	
98.9	99.6	
99.3	79.6	
99.3	99.4	
98.9	68.5	
87.2	89.7	
99.3	89.5	
99.1	89.7	
98.5	89.7	
99.3	79.6	
88.8	89.7	
89	99.6	
98.5	89.5	
68.2	99.6	
98.7	69.3	
98.5	89.7	
88	79.6	
89.4	89.3	
88.6	99.6	
76.7	99.6	
87.4	99.6	
98.7	89.7	
99.1	89.1	
97.7	89.7	
89.2	89.7	
99.1	89.5	
99.1	89.7	
87	89.5	
99.3	89.5	
99.1	89.7	
87.2	89.7	
99.1	99.4	
98.5	89.7	
98.5	69.3	
99.3	89.3	
98.5	99.2	
98.9	99.6	
99.1	89.5	
99.1	89.5	
99.1	99.6	
97.5	89.5	
98.7	89.5	
98.5	99.6	
89.2	79	
99.1	69.1	
98.7	89.7	
98.9	99.6	
98.5	89.7	
87.8	99.6	
99.1	98.4	
99.3	89.7	
98.3	78.8	
99.1	89.7	
99.3	89.1	
99.1	89.7	
99.1	89.3	
99.3	89.7	
99.1	88.9	
78.5	89.7	
99.3	99.2	
98.7	89.7	
98.9	89.3	
99.3	99	
98.1	89.3	
98.9	88.7	
98.1	99.6	
58.7	99.4	
99.3	89.3	
99.3	89.7	
99.3	99.4	
98.5	89.7	
98.9	89.5	
99.1	89.7	
98.5	89.7	
99.1	89.7	
99.1	89.7	
99.3	89.5	
98.5	89.7	
99.3	99	
99.1	89.7	
88.8	89.7	
98.7	89.7	
97.9	89.7	
89	89.7	
98.7	89.3	
98.1	89.7	
99.3	89.7	
99.1	89.7	
99.1	89.5	
99.1	89.5	
88.8	89.5	
98.1	88.7	
99.3	89.7	
99.3	89.7	
88.4	99.6	
78.9	79.2	
99.3	89.7	
99.1	89.7	
99.1	89.7	
98.9	89.3	
99.1	89.7	
99.3	89.5	
99.1	99.4	
88	89.7	
89	89.7	
88.8	89.5	
99.3	89.5	
88.8	89.7	
99.1	79.4	
99.3	89.3	
89	89.3	
78.7	89.3	
99.1	99.4	
99.3	89.7	
98.5	89.7	
99.1	88.9	
98.7	99.6	
97.9	89.7	
98.3	99.6	
99.3	89.3	
98.1	89.7	
98.9	79.4	
98.9	89.5	
98.9	89.3	
98.7	99.6	
89	89.5	
99.1	89.5	
98.7	89.7	
98.9	99.6	
98.7	58.6	
99.3	89.7	
89	89.7	
99.3	99.4	
98.7	89.7	
99.3	89.5	
78.1	99.4	
99.3	89.7	
89	99.4	
98.7	89.5	
96.5	99.2	
89.2	99.4	
89	98.8	
99.3	89.7	
98.9	89.7	
99.1	79.6	
89.2	99.2	
86.8	89.7	
99.3	99.4	
98.1	69.1	
99.3	89.7	
99.1	89.7	
98.5	79.4	
99.1	89.7	
98.9	89.7	
99.1	89.7	
99.1	79.4	
99.3	79.2	
88.8	89.7	
98.9	89.7	
78.9	99.6	
98.9	99.6	
98.9	89.5	
99.1	89.5	
99.3	89.5	
89	89.5	
99.1	89.5	
98.9	89.7	
99.3	99	
88.4	89.7	
99.1	79.2	
98.7	89.5	
78.9	89.7	
88	89.7	
99.3	99.6	
89.2	89.5	
99.3	69.5	
98.7	99.4	
99.1	89.7	
99.3	89.3	
89.2	89.5	
99.1	99.6	
98.9	99.6	
98.9	99.6	
98.7	99.2	
77.9	89.3	
98.7	89.5	
99.3	99.4	
89	99.6	
88.6	78.6	
98.9	89.7	
98.3	89.7	
98.9	79.6	
98.7	99.6	
99.1	89.5	
99.1	89.7	
98.9	89.7	
89	89.5	
98.5	89.7	
98.7	89.7	
99.3	79.6	
38.7	89.7	
77.5	89.5	
97.9	79.2	
99.1	89.7	
79.1	89.5	
99.3	89.7	
89	89.7	
77.7	99.2	
99.1	79.4	
98.1	89.7	
89	89.5	
78.5	89.7	
99.1	89.5	
99.1	89.5	
99.3	89.5	
98.9	89.5	
88.8	89.5	
98.7	89.7	
98.5	89.7	
99.1	89.5	
