99.3	99.4	
99.1	99.2	
99.1	99.6	
78.7	99.6	
98.9	99.6	
99.1	99.6	
99.3	99.2	
89.4	99.6	
89.2	99.6	
99.3	99.4	
58.7	99.4	
99.1	99.6	
99.1	99.4	
89.2	99.4	
99.3	99.6	
98.5	99.6	
98.5	99.4	
99.1	88.5	
99.1	99.2	
99.1	99.6	
99.3	99.6	
99.3	99.6	
99.3	89.7	
88.8	99.4	
99.1	99.4	
99.3	89.3	
99.1	99.6	
99.3	99.4	
78.9	99.6	
98.5	99.6	
99.3	89.7	
99.3	99.6	
98.5	99.6	
99.1	99.4	
98.9	89.5	
99.1	99.4	
89	99.2	
99.1	99.6	
89.2	99.6	
99.3	99.6	
98.7	99.4	
99.1	99.6	
99.3	99.6	
99.3	99.2	
98.9	99.4	
99.1	99.4	
59.1	99.6	
99.1	99.6	
98.5	99.6	
99.1	99.6	
99.3	99.6	
99.1	99.6	
98.9	99.6	
89.4	99.6	
99.1	89.3	
99.1	99.6	
98.9	99.6	
99.3	89.7	
98.9	99.4	
98.9	99.6	
98.9	99.4	
99.1	99.6	
99.3	99.4	
98.9	99.6	
89.2	89.5	
99.3	99.4	
99.3	99.2	
69	99.6	
98.1	99.4	
98.9	99.2	
99.1	99.6	
99.3	99.6	
49.2	99.6	
98.7	99.6	
99.3	99.6	
98.9	99.6	
99.1	99.4	
99.1	99.4	
58.7	99.6	
98.9	89.7	
99.1	99.6	
98.9	89.5	
98.9	99.6	
99.1	99.6	
99.3	99.4	
99.1	99.4	
98.9	99.6	
89.4	89.5	
98.3	99.4	
99.3	89.5	
68.8	99.4	
78.7	99.4	
99.3	99.6	
99.1	99.6	
99.3	98.8	
99.3	99.4	
98.9	98.8	
99.3	99.6	
99.3	99.6	
98.9	99.6	
98.5	99.6	
99.3	99.6	
18.3	99.4	
99.1	99.6	
99.3	99.2	
99.3	99.2	
99.1	99.6	
68.8	99.6	
99.1	99.6	
99.1	99.6	
88.8	99.6	
98.9	99.6	
99.1	89.5	
99.3	89.5	
99.3	99.6	
99.1	99.6	
99.1	99.6	
99.3	99.6	
99.1	89.5	
99.1	89.3	
99.3	99.4	
89.2	99.6	
98.5	99.4	
98.9	99.6	
98.9	99.6	
99.3	99	
99.1	89.5	
99.3	99.6	
99.1	89.1	
98.9	99.4	
88.8	99.4	
89.2	99.6	
99.3	89.7	
98.5	99.6	
28.6	89.7	
98.9	99.4	
98.9	99.6	
99.3	99.4	
99.3	99.6	
99.1	89.3	
89.2	79.6	
68.2	99.6	
58.1	99.6	
98.9	89.7	
99.3	99.6	
98.5	99.4	
99.3	99.2	
99.3	99	
99.3	99.6	
98.7	99.4	
89	99.6	
88.6	99.6	
99.1	99.6	
68.8	99.4	
98.7	89.7	
99.1	89.5	
99.3	89.7	
98.9	99.6	
99.1	99.4	
99.3	99.6	
99.1	99.6	
99.1	99	
99.1	99.6	
98.9	89.3	
98.9	89.7	
99.3	99.6	
98.7	99.4	
99.3	99.2	
98.9	99.4	
99.1	99.6	
99.3	99.4	
97.9	99.4	
99.1	99.4	
99.1	99.6	
98.7	99.6	
99.1	99.4	
98.1	99.6	
99.3	99.6	
99.3	99.4	
99.3	99.6	
99.1	99.6	
99.1	99.4	
99.3	99.6	
99.1	99.6	
99.3	99.6	
99.1	99.6	
68.8	99.6	
79.1	99.4	
88.8	99.6	
99.1	99.2	
99.1	99.6	
99.3	99.6	
99.3	99.6	
89.2	99.4	
98.7	99.6	
89.2	99.6	
99.1	99.6	
99.3	99.4	
99.3	89.5	
98.7	89.7	
98.9	78.2	
89	99.4	
88.8	99.6	
98.5	99.6	
99.3	89.7	
99.1	99.6	
99.1	99.2	
88.8	99.6	
99.1	99.2	
99.3	99.6	
99.3	99.2	
99.1	99.6	
98.7	99.6	
99.1	99.2	
98.9	99.6	
99.1	99.4	
99.3	99.6	
99.1	99.4	
99.1	89.7	
99.1	89.1	
99.3	99.2	
98.9	99.6	
99.3	99.6	
89.2	99.6	
99.1	99.6	
99.3	99.6	
99.1	99.6	
99.3	99.4	
98.7	99.4	
99.1	99	
99.1	99.4	
99.1	99.6	
88.2	99.6	
89.2	99.6	
48.8	99.6	
98.3	99.6	
99.1	99.6	
99.1	99.4	
79.1	99.6	
99.3	99.6	
98.9	99.6	
89.2	99.6	
99.3	99.6	
98.9	99.4	
98.9	99.6	
88.8	99.6	
99.3	99.6	
89.4	99.6	
88.8	99.6	
99.3	89.5	
99.3	99.6	
99.1	99.6	
99.1	99.6	
99.1	99.4	
99.3	89.3	
98.9	99.6	
99.3	99.6	
98.7	89.5	
98.9	99.6	
99.3	89.5	
99.3	99.6	
99.3	89.5	
99.1	89.5	
98.7	99.6	
99.3	99.6	
89	89.7	
79.1	99.6	
99.1	99.6	
99.3	99.6	
99.3	99.4	
98.9	99.6	
99.3	99.6	
99.3	99.6	
89.2	99.6	
99.1	99.4	
99.3	99.6	
99.3	99.6	
79.3	99.6	
98.9	99.4	
99.1	99.2	
99.3	79.6	
99.1	89.5	
99.3	99.6	
99.3	99.6	
99.3	79.2	
99.3	99.4	
99.3	99.2	
58.5	99.6	
8	99.6	
98.7	99	
98.9	99.6	
98.9	99.4	
99.1	99.6	
58.7	89.7	
89.2	99.6	
99.3	99.6	
99.3	99.6	
99.3	99.6	
98.5	99.2	
79.3	99.4	
98.7	99.6	
99.1	99.2	
-1.9	89.1	
69	99.6	
98.7	99.2	
98.3	99.4	
98.7	99.6	
99.3	99.4	
99.3	99.4	
99.3	89.7	
99.1	99.2	
99.3	99.4	
8.4	99.6	
99.3	99.6	
89	99.4	
99.1	99.2	
99.3	89.5	
89	99.4	
-22.1	99.6	
98.9	99.6	
99.1	99.6	
89	99.4	
99.1	99.6	
98.5	99.6	
99.3	99.4	
99.1	99.6	
18.5	99.4	
99.3	99.2	
99.3	89.7	
98.9	99.6	
99.3	99.6	
99.1	99.4	
99.3	99	
99.3	99.6	
98.7	99.2	
98.3	99.6	
99.3	99.6	
98.9	97.8	
99.3	99.2	
99.1	99.4	
99.1	99.6	
99.1	99.6	
98.7	99.6	
98.7	99.6	
99.1	89.5	
78.9	99.6	
98.9	99.6	
99.1	99.4	
99.1	99.4	
99.3	99.6	
99.3	99.6	
98.5	99.6	
99.1	99.4	
99.1	99.6	
89.4	99.4	
99.1	99.6	
99.3	99.6	
98.9	99.6	
99.3	99.6	
99.3	99.2	
98.9	99.6	
99.3	99.4	
98.9	89.5	
98.7	99.6	
79.1	99.6	
89	99.4	
99.3	89.7	
99.3	99.4	
99.3	89.5	
99.1	99.4	
98.9	99.6	
89.4	89.5	
99.1	99.4	
99.3	99.6	
99.1	99.2	
99.3	99.4	
99.3	99.6	
98.9	99.6	
99.3	99.6	
99.3	99.2	
99.3	99.4	
99.1	99.4	
98.7	99	
99.3	99.4	
99.3	88.7	
99.1	99.4	
98.7	99.6	
99.1	79.2	
99.1	89.7	
99.3	99.6	
99.3	99.6	
99.3	89.7	
78.9	89.1	
99.3	99.4	
99.3	89.5	
99.3	99.6	
98.9	99.6	
99.3	99.2	
99.1	99.6	
99.1	99.6	
99.1	99.2	
98.9	99.4	
99.1	99.4	
98.7	99.6	
89.2	99.6	
99.3	99.6	
99.1	99.4	
99.3	99.6	
99.1	99.6	
99.1	99.4	
99.1	99.6	
99.3	99.6	
68.6	99.6	
98.9	99.6	
89.4	89.7	
99.3	99.6	
98.5	89.7	
99.1	89.7	
79.1	99.6	
68.8	99.6	
98.9	99.6	
98.7	99.4	
99.3	89.5	
89.2	99.6	
98.7	99.4	
28.4	99.6	
98.9	99.6	
99.3	99.6	
99.1	89.7	
99.3	99.6	
89	89.1	
98.3	99.2	
99.3	99.6	
99.1	99.4	
99.3	99.4	
99.3	99.6	
49	99.6	
99.3	89.7	
98.7	99.4	
99.1	99.2	
99.3	99	
98.7	99.2	
99.3	99.6	
78.9	89.3	
89.2	99.6	
99.3	89.7	
99.1	99.4	
99.3	99.4	
99.3	99.4	
99.3	99.4	
99.3	99.6	
99.1	99.6	
99.1	79.6	
99.1	99.6	
99.3	99.2	
99.3	99.6	
68.6	99.6	
98.7	99.6	
98.5	99.4	
99.3	89.7	
98.7	89.5	
98.3	99.6	
99.3	99.6	
99.3	99.4	
99.3	99.6	
99.3	89.7	
99.3	99.4	
99.1	99.6	
99.3	99.6	
99.1	99.4	
98.9	99.6	
38.7	99.6	
99.3	99.2	
89.2	99.6	
99.3	99.6	
98.9	99.4	
99.1	99.6	
79.1	99.6	
28.6	99.2	
99.1	89.7	
99.3	99.4	
99.1	89.5	
38.3	99.2	
99.1	89.5	
99.3	99.2	
38.5	99.6	
99.1	99.4	
78.9	99.6	
99.3	99.6	
99.3	89.5	
98.9	99.4	
89.2	99.6	
99.3	99.6	
99.3	99.2	
99.3	99.6	
99.3	99.4	
99.3	89.3	
98.9	99.6	
99.1	89.5	
98.9	99	
99.3	99	
99.1	99.6	
79.1	99.4	
-22.3	99.6	
98.9	99.2	
99.3	99.6	
99.3	99.6	
98.9	99.6	
98.9	99.6	
99.3	99.4	
99.3	99.4	
89.4	99.6	
98.7	99.6	
98.9	99.6	
99.1	99	
99.3	99.6	
99.1	99.6	
98.7	99.6	
99.1	99.6	
99.3	99.6	
8.4	99.6	
99.3	99.6	
99.3	99.6	
99.1	99.6	
98.9	99.6	
98.9	99.6	
99.3	99.6	
99.3	89.1	
99.1	89.5	
99.3	99.6	
99.1	99.6	
99.3	99.2	
98.7	99.6	
99.1	89.1	
99.3	99.4	
98.9	99.6	
99.3	99.6	
99.1	99.4	
98.9	99.6	
99.1	99.6	
99.1	89.5	
89.2	99.2	
98.9	99.6	
99.3	99.4	
99.1	99	
99.3	99.6	
99.3	89.5	
99.3	89.7	
99.1	99.4	
99.1	99.6	
99.1	99.6	
99.3	89.5	
79.1	99.4	
99.3	99.6	
78.9	99.4	
99.3	99.6	
99.1	99.6	
99.1	98.8	
98.9	99.6	
99.1	99.4	
99.1	99.4	
89.2	99.6	
89.2	99.6	
98.9	99.6	
99.1	99.4	
98.9	99.6	
98.9	89.7	
99.3	99.6	
99.1	99.6	
98.3	99.4	
99.3	89.7	
99.3	99	
58.5	99.4	
99.3	99.4	
99.1	89.7	
99.3	99.6	
98.9	89.5	
89	99.4	
98.7	99.6	
99.3	89.5	
99.3	89.3	
99.3	99.6	
98.9	89.3	
99.3	89.5	
99.3	99.6	
99.1	99.4	
98.9	99.6	
99.3	99.6	
99.3	99	
89	99.6	
99.3	99.2	
99.1	99.6	
89.4	99.6	
89	99.6	
99.1	99.6	
99.1	99.4	
89.2	99.2	
88.8	99.6	
99.3	99.4	
99.3	99.6	
78.7	99.2	
98.9	99.6	
89.2	99.6	
98.3	99.6	
89	89.5	
98.9	89.5	
99.1	99.6	
98.3	89.7	
99.1	99.6	
99.3	99.4	
99.3	99.6	
99.1	99.4	
99.1	99.6	
99.3	89.5	
89.4	99.4	
89.4	99.6	
58.9	99.6	
99.3	99.6	
99.1	99.6	
99.3	99.6	
98.9	89.5	
98.9	89.1	
89.4	99.6	
99.1	99.6	
99.1	99.2	
99.3	99.6	
99.1	89.7	
99.1	99.6	
99.3	99.4	
98.9	99.6	
99.3	99.6	
98.9	99.4	
99.3	99.6	
99.3	99.6	
89.4	99.4	
78.7	99.6	
28	99.6	
99.3	99.4	
99.1	99.6	
99.3	99	
99.1	99.2	
98.5	99.6	
99.1	99.6	
89.2	99.4	
89.4	99.6	
99.3	99.6	
99.3	99.4	
89.4	99.6	
89.2	99.6	
99.3	99.4	
38.7	99	
99.3	99.6	
99.1	99.6	
99.3	99	
99.1	99.2	
99.1	99.6	
99.1	99.4	
99.1	89.5	
99.1	99.6	
98.5	99.6	
99.1	99.4	
89.2	99.6	
99.1	99.2	
98.7	99.6	
99.3	89.7	
99.1	99.4	
98.9	99.6	
38.7	99.4	
99.1	89.7	
99.3	99.4	
98.9	99.6	
88.2	99.6	
99.1	99.4	
99.3	99.6	
27.8	99.4	
99.3	99.6	
99.3	99.6	
99.1	99.2	
99.3	99.6	
99.1	99.6	
99.1	99.6	
99.3	89.7	
99.1	99.4	
48.6	99.4	
99.1	99.6	
99.3	99	
17.9	89.3	
98.1	99.4	
98.9	89.7	
99.3	79.2	
98.9	99.6	
99.3	99.6	
99.1	99.2	
99.3	99.4	
99.3	89.1	
98.7	99.2	
99.3	89.1	
99.3	99.6	
99.1	99.4	
98.9	99.4	
99.1	99.6	
98.9	99.6	
88.8	79.4	
99.3	99.4	
99.1	99.4	
98.5	98.8	
99.3	99.6	
99.3	99.6	
99.3	89.5	
99.3	99.6	
99.3	99.6	
89.4	98.8	
99.3	99.6	
98.9	99.6	
99.1	98.8	
99.1	99.6	
78.9	99.4	
99.3	99.6	
99.3	99.4	
99.3	99.2	
99.1	99.6	
98.9	99.6	
99.1	99.6	
99.3	99.6	
99.3	99.6	
99.1	99.6	
99.3	99.6	
88.4	99.6	
98.9	99.6	
98.9	99.6	
8.2	99.6	
68.8	89.7	
99.1	99.6	
99.3	89.5	
98.5	99.4	
88.8	99.6	
99.3	99.6	
99.1	89.7	
99.3	98.8	
99.1	99.6	
98.7	99.6	
99.1	99.6	
99.1	99.6	
99.1	99.6	
89	99.2	
99.1	99	
99.3	99.4	
98.7	99.4	
98.9	99.4	
99.3	99.6	
-84.3	99.4	
99.3	99.6	
78.9	99.4	
99.3	99.4	
99.1	99.6	
99.1	99	
99.3	99.6	
88.8	99.6	
99.1	89.7	
99.1	99.4	
58.7	99.2	
99.3	99.6	
48.2	99.6	
99.3	99.6	
89	99.4	
89	99.6	
99.1	99.6	
99.1	99.2	
99.3	99.6	
99.3	99.4	
-11.8	98.8	
99.3	99.6	
99.1	99.6	
99.3	89.7	
99.1	89.5	
99.1	99.6	
88.8	99.4	
38.3	99.4	
99.1	99.6	
99.3	99.2	
88.4	99.2	
98.9	89.5	
99.1	99.4	
99.1	99	
98.9	99.6	
99.3	99.6	
98.9	99.6	
99.1	99.6	
68.8	99.6	
99.3	99.6	
69	99.2	
98.9	88.9	
98.7	99.6	
98.9	99.4	
99.3	99.6	
99.3	89.7	
99.3	99.6	
99.1	99.6	
99.3	99.6	
99.3	99.2	
89	99.6	
99.3	89.1	
99.3	89.1	
59.1	99.2	
99.3	99.6	
99.3	99.6	
98.9	99.6	
99.3	99.4	
98.9	99.6	
99.3	99.4	
87.8	89.7	
99.3	99.6	
99.3	89.5	
99.3	99.6	
89.2	99.6	
8	99.2	
89	99.4	
98.9	99.4	
99.3	89.5	
99.3	99	
99.1	99.4	
89	99.6	
99.3	99.4	
89.2	99.6	
98.7	99.6	
99.3	99.6	
99.1	99.2	
89.2	99.6	
99.3	99.6	
99.3	98.8	
89	99.4	
89	99.6	
99.3	99.6	
99.3	99.6	
98.7	89.3	
89.2	98.8	
99.3	99.6	
28.4	99.6	
99.3	99.4	
99.3	99.6	
99.1	99.4	
99.3	99.6	
99.3	99.6	
99.3	98.4	
99.3	99.4	
99.3	98.2	
89	99.4	
99.1	98.8	
99.3	89.7	
98.5	99.2	
98.9	99.4	
98.7	99.6	
98.5	88.7	
99.1	99.4	
69	99.4	
99.3	89.5	
99.1	99.4	
99.1	99.6	
99.1	99	
99.1	99.6	
48.4	99.6	
98.9	99.6	
99.3	99.4	
99.3	99.6	
58.3	99.6	
99.3	99.6	
99.1	99	
98.9	99.4	
99.1	99.2	
99.1	99.6	
98.9	89.1	
99.3	99.6	
98.5	99.6	
98.5	99.6	
89.2	99.6	
99.1	99.6	
99.3	89.7	
99.3	99.6	
99.3	99.6	
98.9	99.6	
78.9	99.6	
98.7	99.6	
79.3	99.6	
98.3	99.6	
99.3	99.6	
99.3	99.4	
98.5	79.2	
98.9	99.6	
58.7	79.4	
99.1	99.6	
98.9	99.4	
99.3	99.6	
99.1	99.6	
88.6	99.6	
98.5	99.6	
98.3	99.4	
99.3	99.4	
98.9	99.4	
99.3	99.6	
99.1	99.4	
99.3	99.6	
89.2	99.6	
98.7	99.6	
88.8	99.4	
99.3	99.6	
99.3	99.6	
99.3	99.2	
89	99.4	
89.4	89.5	
98.9	99.6	
88.8	99.2	
98.9	89.5	
79.3	89.5	
98.9	89.5	
58.7	99.6	
99.3	99.4	
99.3	99.4	
98.9	99.6	
99.1	99.2	
89.4	99.6	
99.1	99.4	
99.3	99.6	
99.3	99.6	
98.7	99.6	
99.1	89.5	
99.1	99.6	
98.7	99.6	
98.9	99.6	
99.1	88.9	
99.3	99.4	
99.3	99.4	
99.1	99.4	
-12	99.6	
98.9	89.7	
98.7	89.3	
99.3	99.6	
99.1	99.4	
89	99.6	
88.4	99.6	
88.6	89.5	
99.1	99.2	
99.3	99.4	
99.1	99.6	
99.1	88.9	
99.1	99.6	
89.2	99.6	
99.3	89.5	
99.3	99.6	
-274.6	89.7	
98.9	99.6	
99.3	99.6	
99.3	99.6	
99.1	99.6	
99.3	99.6	
99.3	99.4	
99.3	99.6	
99.3	99.2	
98.9	99.6	
99.3	99.6	
99.3	99.6	
89.2	99.2	
58.3	99.4	
89.4	99.4	
99.1	99.6	
99.1	99.2	
99.3	99.4	
99.1	99.6	
89	89.5	
98.5	99.6	
99.3	99.4	
99.1	89.7	
98.7	99.6	
99.1	99.6	
99.3	99.6	
99.3	89.3	
99.3	99.6	
99.1	89.3	
99.1	99.6	
97.3	89.7	
99.3	99.6	
99.3	99.4	
89.4	99.6	
99.3	99.6	
98.9	89.5	
99.3	99.4	
99.1	99.2	
99.3	99.6	
99.3	99.6	
99.1	99.4	
18.3	99.6	
99.3	99.6	
99.3	89.7	
99.1	99.6	
99.3	99.4	
99.3	89.5	
99.1	89.7	
99.1	99.4	
98.5	89.5	
98.9	89.7	
-82.9	99.6	
