98.5	99.4	
99.1	99.6	
98.3	99.6	
98.9	99.2	
99.3	99	
98.9	89.3	
98.7	99.6	
98.7	99.6	
99.3	99.6	
99.1	99.6	
99.1	99.4	
98.9	99.2	
78.5	99.2	
98.1	99.6	
99.1	98.8	
98.9	99.6	
98.7	99	
98.7	99.2	
98.9	99.6	
99.3	99.6	
99.1	99.2	
99.3	99.6	
88	98.6	
99.3	99.4	
98.7	99.2	
99.1	99.4	
98.1	89.3	
99.3	99.6	
89.4	89.3	
99.3	99.6	
98.5	99.4	
99.3	99.4	
99.3	99.4	
98.5	89.5	
98.9	99.2	
99.3	99.6	
98.7	99.6	
99.3	89.1	
88.6	99.6	
97.7	98.8	
98.9	99.2	
99.1	99.6	
99.3	99.6	
99.1	99.2	
99.3	99.2	
98.9	99.6	
98.9	99.6	
98.9	99.4	
99.1	98.8	
99.1	99.6	
99.3	99.6	
99.3	98.6	
98.5	98.4	
98.9	99.4	
99.3	79.2	
98.9	99	
99.3	99.6	
99.3	99.2	
98.9	99.4	
98.9	99.4	
99.3	99.4	
99.1	99.4	
99.1	89.5	
99.1	97.8	
98.7	99.6	
98.9	99.4	
97.7	99.4	
99.1	99.4	
99.1	99.4	
99.1	98.8	
98.9	99.6	
99.3	99	
98.3	99.2	
98.9	99.4	
97.5	99.6	
99.3	89.5	
89.4	99.6	
99.3	99.2	
99.3	99	
98.9	99.4	
98.3	99.6	
99.3	99.4	
78.3	99.6	
99.1	99.6	
99.3	99.6	
99.3	89.5	
97.9	99.6	
99.3	99.4	
98.5	99.2	
89	99	
99.3	99.6	
99.1	89.7	
99.3	99.2	
88.8	99.4	
98.9	99.6	
99.1	99.6	
98.3	89.7	
98.7	98.8	
98.1	99.4	
98.9	99.4	
98.9	99.4	
98.9	79.2	
98.1	89.7	
98.9	99.6	
97.9	99.6	
99.1	99.6	
98.9	99.6	
99.1	99.4	
99.3	88.5	
98.9	99.6	
98.9	98.6	
99.1	99.6	
99.1	99.6	
98.9	99.6	
99.3	99.4	
99.1	99.6	
99.3	99.6	
97.9	99.6	
98.7	99.2	
99.1	98.8	
98.7	99.6	
99.1	99.2	
98.7	88.5	
98.3	99.6	
88.2	89.5	
98.9	99	
98.9	99.4	
99.1	99.4	
98.9	99.2	
98.9	99.4	
99.1	99.6	
99.1	99.4	
99.3	99.6	
99.3	99.4	
99.1	99.2	
89.2	79.4	
98.7	99.6	
98.5	99.6	
98.7	98.2	
99.1	99.6	
99.1	99.6	
99.1	99.4	
99.3	99.6	
98.5	99.6	
97.9	99.4	
99.1	88.9	
98.1	89.5	
98.7	99.4	
98.3	99.2	
98.7	99.6	
98.9	99.4	
98.9	99.6	
98.9	89.5	
98.7	89.3	
98.7	89.1	
98.9	89.7	
98.1	99	
98.9	99.6	
99.1	99.6	
99.3	99.6	
99.3	99.4	
99.1	99.6	
98.5	99.6	
99.1	99.6	
98.9	99.4	
99.1	99.2	
97.7	99.4	
99.3	98.8	
89	89.5	
98.9	99.2	
99.3	99.6	
99.3	89.1	
98.9	99.6	
98.3	99.4	
99.1	99.4	
97.5	99.4	
89.2	99.2	
99.3	99.2	
98.9	99.4	
98.5	99.6	
99.1	98.4	
99.1	99.4	
99.1	99.2	
98.7	99.4	
99.3	79.6	
99.3	89.5	
98.5	99	
98.5	98.8	
98.9	99.4	
99.1	99.6	
98.9	89.1	
99.1	99.4	
99.3	99.4	
99.3	99.4	
88.8	99.2	
99.1	89.3	
98.9	98.4	
99.3	99.4	
88.8	99.6	
98.9	99.6	
99.1	98.6	
98.9	99	
99.3	89.3	
99.1	89.5	
99.3	99.6	
99.1	99.2	
98.9	98.8	
89.2	99.6	
79.1	98.2	
98.9	99.2	
99.3	99.6	
98.7	99.4	
98.9	99.6	
98.7	99.6	
89	88.9	
99.1	99	
99.3	99.6	
86.4	99.4	
88.4	99.6	
98.9	99.4	
98.9	99	
98.5	99.4	
99.3	99.2	
98.9	99.4	
99.3	89.7	
97.9	99.4	
99.3	99	
99.3	99	
98.3	99.2	
98.3	99	
89.4	99.6	
99.3	99.4	
98.1	99.6	
98.7	99.6	
99.3	99.6	
99.1	99.6	
99.1	99.6	
99.1	99.6	
89.2	88.9	
98.9	99.4	
98.9	99.4	
97.9	99.4	
88.8	89.5	
99.1	99.2	
99.3	99.4	
98.9	99.4	
98.7	99.4	
98.9	98.4	
99.1	99.6	
99.1	99.6	
99.3	99.6	
99.3	89.1	
99.1	99.4	
99.3	79	
99.3	99.2	
98.5	98.4	
99.1	99.2	
88.2	99.6	
99.3	99.2	
99.1	99.4	
99.3	99.6	
97.7	99.4	
88.8	99.4	
98.7	99.2	
98.9	99.6	
98.9	99.6	
88.2	99.6	
98.3	99.6	
99.3	99.6	
98.9	99.4	
98.5	99.4	
89.4	99.2	
98.5	99.4	
99.3	99.4	
98.9	79.2	
98.5	98.8	
98.5	99.6	
98.9	99.2	
99.3	98.8	
99.1	98.6	
98.7	99.4	
98.5	99.2	
98.7	99.6	
98.3	99.6	
98.5	98.8	
88.2	99.6	
88.4	99.6	
99.3	99.4	
98.7	99.4	
99.1	99.6	
98.9	99.6	
99.1	99.6	
99.3	99.4	
99.1	99.6	
98.5	99.6	
99.3	99.4	
98.7	99.4	
98.9	99.6	
98.1	99.2	
99.1	99.4	
99.1	79.2	
78.5	99.2	
98.3	99.4	
99.3	99.6	
98.9	99	
99.3	99.2	
98.9	99.6	
98.9	99.4	
98.9	99.6	
98.5	99.6	
98.9	99.2	
98.5	99.6	
98.9	98.8	
98.9	89.5	
99.1	99.6	
98.1	99.4	
98.3	99.6	
98.9	98.6	
98.9	99.4	
99.3	99.6	
99.3	99.6	
98.9	89.1	
98.7	98	
99.1	99.4	
88.8	99.4	
98.9	99	
99.1	99.6	
98.1	99.6	
98.3	99	
99.1	88.9	
98.7	98.8	
98.5	99.6	
99.3	99.4	
98.9	89.3	
98.7	99.6	
99.3	99.6	
98.7	87.9	
89	99.4	
99.1	99.4	
98.7	98.8	
99.1	99.6	
98.9	89.1	
99.3	99.4	
89.2	99.2	
98.7	99.4	
99.1	99.6	
99.3	99.6	
99.3	98.4	
99.3	79.4	
99.3	79	
98.5	99.4	
99.1	99	
99.1	99.6	
98.9	99.2	
99.1	99.6	
98.7	99.4	
98.9	99.6	
87.8	99.2	
99.1	99.6	
98.9	99.6	
99.1	99.4	
58.5	89.3	
98.7	99.6	
98.7	99.6	
99.1	89.5	
99.1	89.1	
99.1	98.8	
98.9	79.4	
98.9	99.4	
88.4	99.6	
98.5	99	
98.9	99	
98.9	99.6	
99.1	99.4	
98.3	99.2	
89.4	99.2	
99.3	99.6	
98.3	89.5	
88.4	79.6	
99.1	99.4	
99.3	99.6	
99.3	99.4	
99.3	99.6	
99.1	99.6	
99.1	88.9	
98.9	98	
88.6	89.1	
99.3	89.5	
87.8	89.1	
98.1	99.6	
99.1	99.4	
88.6	99.6	
99.1	79.4	
88.8	89.3	
98.9	99.6	
99.3	99.2	
98.9	99.2	
98.9	98	
98.9	99.2	
99.1	99.2	
98.7	99.6	
98.9	99.6	
99.1	99.4	
99.1	99.2	
98.3	98.8	
99.3	99.4	
99.1	99.4	
98.9	89.5	
99.1	99	
97.9	98.2	
89.2	99.6	
98.7	99.2	
99.3	99.4	
99.3	99.4	
99.3	99.6	
98.9	99.6	
97.9	99.2	
99.1	99.6	
99.1	99.6	
98.9	99.4	
98.9	99.6	
98.7	99	
98.7	99.6	
98.5	99.6	
69	99.2	
99.1	99.6	
98.7	89.3	
67.6	99.6	
98.5	99.2	
99.3	79.4	
98.3	99.2	
99.3	99.4	
98.9	99.2	
99.3	99.6	
99.1	99.6	
99.3	99	
89.2	88.9	
98.9	99.6	
98.5	89.1	
98.9	99.6	
98.9	99.2	
98.7	88.9	
99.1	99.4	
98.1	99.6	
98.9	89.5	
88.8	99.6	
99.3	99.4	
98.7	99	
98.9	99.4	
98.3	99.6	
98.9	98.8	
88.8	89.3	
99.1	89.5	
98.3	99	
99.3	99.2	
98.3	99	
98.7	99.4	
87.6	99.6	
99.3	89.3	
98.9	89.1	
97.9	89.1	
98.7	99.6	
98.7	99.4	
98.9	99.6	
98.9	99.6	
99.1	99.6	
99.3	89.5	
98.3	99.6	
97.5	99.6	
98.9	99.6	
98.9	89.5	
98.7	99.6	
88.6	99.6	
99.3	99.4	
99.1	99.6	
99.3	98.2	
98.9	89.3	
88.2	99	
98.7	99.4	
99.3	99	
98.7	99.4	
98.7	79.4	
99.1	89.5	
89.4	89.5	
89.2	99.6	
99.1	99.6	
98.5	99.4	
98.5	99.6	
99.1	99.6	
98.9	99.4	
99.3	99.6	
99.1	99.2	
98.5	99.6	
89	99.6	
98.3	99.6	
98.9	99.4	
98.9	99.6	
99.3	99	
98.9	99.6	
98.1	99.6	
98.3	99.4	
98.3	99.4	
98.3	99.6	
98.1	99.2	
98.7	99.4	
99.3	98.6	
99.3	99.4	
98.9	99.6	
99.1	99.2	
89.2	89.5	
98.3	99	
99.1	99.4	
99.1	99.4	
98.1	99	
78.7	99.6	
99.1	99.2	
98.1	99.6	
89.4	99.6	
97.9	99.2	
99.1	99.6	
99.3	99.4	
99.3	99.6	
98.9	99.4	
99.1	99.6	
99.1	99.6	
98.7	99.2	
99.1	99.6	
99.1	99.6	
98.5	89.1	
99.1	99.4	
99.1	99	
99.1	99.4	
79.5	99.6	
98.9	99.6	
99.1	99.6	
99.1	99.6	
99.3	99	
99.3	99.4	
98.9	99.2	
98.7	99.6	
98.9	99.2	
99.1	99.2	
98.9	98.6	
78.7	99.4	
99.3	79.2	
97.7	99.6	
99.1	99.2	
98.7	99.2	
89	89.5	
97.9	99.4	
88	99	
98.9	99.2	
97.9	99.2	
98.9	99.6	
98.1	99.4	
99.3	99.6	
99.3	99.2	
99.1	99.6	
97.9	98.8	
89.2	99.2	
99.1	99.6	
98.7	89.3	
99.1	99.2	
98.9	99.4	
98.7	99	
79.3	99.4	
89	99.6	
98.7	99.2	
98.9	99.6	
97.7	98.8	
98.7	99.2	
98.9	99.6	
98.9	99.6	
99.1	99.4	
99.1	99.4	
98.9	99.4	
99.1	99.6	
99.3	99.2	
86	99.4	
98.7	88.7	
97.9	99.6	
89.4	89.1	
88.8	89.5	
99.3	99.2	
98.7	99.2	
98.7	99.2	
99.3	99.4	
99.3	99.4	
99.3	99.4	
98.3	89.7	
98.9	99.2	
89	99.2	
98.1	99.6	
98.9	99.6	
98.5	99.4	
98.5	99	
98.1	99.4	
99.3	89.5	
98.1	99.2	
99.1	99.4	
99.3	99.6	
98.7	99.4	
98.9	99.6	
99.1	99.6	
98.9	99.4	
98.9	99.6	
98.7	99.4	
98.9	98.8	
99.3	99.6	
98.5	99.2	
89	99.4	
89.4	99	
98.7	99.6	
99.1	99.2	
99.3	98.2	
99.3	99	
99.3	89.3	
98.9	99.6	
99.3	99.6	
98.7	98.2	
98.1	99.6	
98.1	99.6	
99.1	99.4	
89.4	99.6	
99.3	99.6	
98.9	99.6	
98.9	89.3	
98.9	89.3	
98.9	98.8	
98.9	98.2	
89.2	99.6	
98.9	99.4	
99.1	99.6	
98.5	99	
98.9	98.8	
99.1	88.9	
98.5	79	
98.9	99.6	
99.1	99.4	
97.7	99.4	
98.5	99.4	
78.5	99.2	
98.5	99.6	
98.7	99.4	
98.9	89.1	
97.5	99.4	
99.3	99.4	
99.3	99.6	
99.3	99.2	
98.9	99.2	
98.9	99.4	
99.3	99.4	
98.9	99.6	
98.9	99.4	
98.9	99.6	
89.2	99.4	
88.8	89.5	
98.5	99.6	
99.3	99.2	
98.7	99.4	
98.9	99.2	
98.7	88.9	
99.1	89.5	
98.9	99.2	
88.8	99.6	
99.3	99.4	
98.7	99.6	
88.8	98.8	
99.1	99.6	
98.3	99.6	
68.4	99	
98.7	99.4	
98.9	99.2	
98.9	99.6	
98.5	97.8	
99.1	99.6	
99.1	99.2	
99.3	99.2	
98.3	99.2	
99.3	99.6	
98.9	99.4	
99.3	98.8	
96.3	99.6	
98.9	99.2	
99.3	98.6	
89.4	98.8	
99.3	89.7	
88.8	99	
98.7	99.6	
99.3	89.3	
97.1	99.2	
98.7	99.4	
99.1	99.4	
99.3	99.4	
97.7	99.4	
99.1	99.2	
99.1	89.3	
98.5	99	
98.1	99.6	
98.9	99	
99.3	99.6	
99.1	99.4	
98.9	99.6	
98.3	99.2	
99.3	99.6	
89	98.4	
99.1	99.6	
89.2	99	
99.1	99.6	
99.1	99.6	
98.5	99.4	
99.3	99.6	
98.7	99.6	
98.5	99.6	
98.9	99.4	
98.1	99	
99.3	89.7	
97.5	99.6	
99.1	98.8	
98.5	99.6	
98.9	98.8	
88.6	99	
98.7	99.4	
98.9	99	
99.1	99.6	
97.9	99.6	
99.3	99.6	
98.1	99.6	
98.7	99.6	
98.9	79.4	
98.9	99.6	
99.1	99	
98.9	99.6	
77.9	79.4	
99.3	99.6	
99.3	99.2	
99.3	99.6	
99.1	99.6	
98.9	99.4	
99.1	99.6	
98.9	99.6	
99.1	99.2	
98.9	89.5	
99.3	99.4	
99.1	99.6	
98.5	99.2	
99.3	99.6	
98.9	99.4	
99.3	99.4	
98.3	89.7	
98.5	99.4	
88	99.6	
99.1	99.4	
99.3	99.6	
99.1	99.6	
99.3	99.4	
98.5	89.3	
89.4	98.6	
98.3	89.5	
98.9	99	
98.9	99.6	
99.3	99.4	
98.5	98.4	
98.7	89.3	
98.1	99.4	
99.1	99.4	
99.1	99.6	
98.9	99.6	
98.5	89.3	
98.7	69.1	
99.1	99.4	
99.1	99.4	
98.9	99.2	
98.9	99.4	
97.5	99.6	
99.3	99.2	
97.9	99.4	
99.3	99.6	
99.1	89.5	
89.2	99.4	
99.1	99.6	
99.1	98.4	
99.1	98.8	
89.2	99.6	
99.3	99.2	
88.2	99.2	
88.2	99.4	
98.3	99.6	
99.1	99.2	
99.3	99.6	
98.9	99.6	
98.5	99.2	
98.7	99.4	
98.5	99.6	
99.3	99.4	
98.7	99.4	
98.9	99.6	
89	99.4	
99.3	89.5	
99.1	99	
99.3	99.6	
99.1	99.6	
98.7	99.4	
99.3	99.6	
99.1	98.4	
98.5	99.4	
88.8	99.6	
88.2	89.5	
98.5	99.6	
99.3	99.6	
98.9	89.5	
99.1	99.2	
99.1	99.6	
99.1	99.6	
98.9	99.6	
98.9	99.2	
99.3	99.6	
98.3	99.6	
99.1	99.6	
99.1	99.4	
99.3	99.4	
98.7	89.3	
98.9	88.7	
68.6	99.6	
98.9	99.4	
98.3	99.4	
88.4	99.6	
98.7	98.8	
99.1	99.4	
98.5	99.6	
99.1	99.6	
98.9	99.4	
98.9	89.7	
98.3	99.4	
98.7	99.6	
99.3	99.2	
99.1	99.6	
88.8	99.2	
99.3	99.6	
99.1	99.4	
98.3	89.5	
98.9	99.4	
99.3	99.6	
99.3	99.6	
98.7	89.7	
99.1	89.3	
99.1	99	
98.7	99.6	
99.3	99.4	
99.1	99	
98.7	89.5	
99.3	99	
99.1	99.4	
99.3	99.6	
88.4	99.2	
99.1	99.6	
98.5	99.6	
99.3	98.8	
99.1	99.6	
99.1	99.2	
99.3	99.6	
98.7	99	
98.1	99.2	
99.1	99	
99.1	99	
98.7	99.6	
99.3	99.6	
99.3	99	
99.1	99.6	
98.7	99.4	
88.8	99.4	
98.5	99.2	
99.1	99.2	
99.3	99.6	
98.7	89.1	
99.3	99.4	
98.9	99.6	
99.1	89.5	
78.7	89.1	
99.1	99.4	
98.7	99.4	
99.3	89.5	
98.9	78.6	
98.7	99.6	
99.1	99	
99.3	99	
98.7	99.6	
98.9	99.6	
98.3	99	
99.1	99.6	
98.9	99.6	
99.1	78.2	
88.8	99	
98.9	99.4	
89	99.6	
99.3	99.6	
99.1	99.4	
99.3	98.6	
98.9	99.6	
98.7	99	
99.3	99.6	
98.9	89.7	
99.1	99.4	
99.1	99.4	
99.1	99.4	
99.3	99.6	
99.1	99.6	
98.5	89.5	
98.9	99.6	
98.5	99.4	
98.9	99.6	
98.9	99.6	
98.7	98.6	
87.4	99.6	
99.3	99.4	
99.1	99.6	
99.3	99.6	
98.3	99	
98.7	99.2	
98.1	99.2	
98.7	99.6	
89.4	99.6	
99.1	98	
99.3	99	
89	99	
99.3	99.4	
98.9	99.4	
97.7	99.6	
98.9	99	
99.1	99.6	
68.2	99.6	
98.9	99.2	
99.3	99.2	
69.2	99.6	
98.5	99.6	
99.1	99.6	
98.7	99.6	
89.2	99.6	
99.3	99.4	
88.6	99	
99.1	99.4	
99.3	88.9	
98.9	89.3	
99.3	99.4	
99.1	99.6	
98.7	99.6	
99.1	99.4	
98.1	99.6	
99.3	99.6	
98.9	99.4	
99.3	98.8	
99.1	89.1	
97.1	99.6	
99.1	89.5	
98.9	78.4	
99.3	99.4	
98.7	88.9	
99.3	99.6	
98.7	99.6	
98.3	99.6	
99.1	99.6	
99.3	99.6	
88.6	99	
98.1	89.7	
98.7	99	
99.3	99.6	
98.9	79.4	
99.1	99.4	
99.3	89.1	
98.3	99.4	
98.7	99.6	
99.3	99	
98.9	99.4	
99.3	98.6	
98.9	99.6	
98.9	99.6	
99.3	99.6	
99.3	99.2	
88.2	99.4	
98.5	99.6	
98.7	99.2	
99.1	99.6	
98.9	99.6	
99.1	99.6	
98.7	89.3	
99.1	99.6	
78.5	99.4	
89.2	99.4	
98.9	89.7	
98.9	99.4	
99.3	99.6	
99.3	99.6	
99.1	99.4	
98.1	99.6	
98.1	99.2	
99.1	98.6	
99.1	99.6	
98.7	98.8	
98.7	99.6	
99.1	99.6	
