99.3	99.4	
99.1	89.7	
99.3	99.6	
99.3	99.6	
98.7	99.6	
98.9	99.2	
99.3	99.4	
99.1	99.6	
99.3	89.5	
98.9	99.6	
99.3	99.4	
99.3	99.6	
99.3	99.6	
99.1	99.4	
99.3	99.6	
99.3	99.4	
99.1	99.6	
99.3	99.2	
98.7	99.4	
99.3	89.5	
99.3	99.4	
99.3	99.6	
99.1	99.6	
99.3	99.6	
98.9	99.4	
98.5	99.6	
99.3	99.4	
98.9	99.4	
99.3	99.6	
99.1	99.6	
99.1	99.6	
99.3	99.4	
99.3	99.2	
99.3	89.7	
99.3	99.6	
99.1	99.6	
99.3	99.4	
99.1	99.4	
99.3	99.2	
99.3	99.6	
99.1	89.5	
98.7	89.5	
99.3	89.7	
99.3	89.3	
99.3	99.6	
99.3	99.6	
98.9	99.6	
99.3	99.4	
99.1	99.6	
99.3	99	
99.3	99.6	
99.1	89.7	
99.3	99.6	
99.1	99.6	
99.1	89.5	
99.3	99.6	
98.9	99.4	
98.5	99.6	
98.9	99.4	
98.9	99.6	
99.3	99.6	
99.3	99.4	
99.3	99.6	
99.3	99.6	
99.3	99.4	
99.1	99.6	
99.1	99.2	
99.3	99.4	
98.9	89.5	
99.1	99.4	
99.3	99.6	
98.9	99.6	
98.9	99.6	
99.3	99.6	
99.1	99.6	
99.1	99.6	
99.3	99.6	
99.3	99.6	
99.3	99	
99.1	99.4	
99.3	99.4	
99.3	89.5	
99.3	99.6	
98.7	99.6	
99.3	99.2	
98.3	99.6	
99.1	99.4	
98.9	99.6	
98.7	99.6	
99.1	99.4	
98.7	99.2	
99.3	99.6	
98.9	99.4	
99.3	99.6	
99.1	99.6	
99.3	99.6	
99.3	99.6	
99.3	89.3	
99.3	99.6	
99.3	99.4	
99.3	99.2	
99.1	99.6	
99.3	99.6	
99.3	99.6	
99.1	99.6	
99.1	79	
98.9	99.4	
99.3	99.6	
99.1	99.6	
98.9	99.6	
98.9	99.6	
99.1	89.7	
99.3	99.6	
87.2	99.4	
99.1	99.6	
99.3	89.5	
98.7	99.4	
99.3	99.6	
99.3	99.4	
99.3	99.4	
98.5	99.2	
99.3	99.4	
98.7	99.6	
97.9	99.6	
99.3	99.6	
99.3	89.7	
99.3	99.6	
99.1	89.5	
99.3	99.4	
99.3	99.6	
99.3	99.6	
99.3	99.6	
99.1	89.5	
99.1	89.3	
99.3	99.4	
99.1	99.4	
98.9	99.6	
99.3	99.2	
99.1	99.2	
99.3	99.4	
99.3	99.2	
99.1	99.6	
98.9	99.6	
99.3	99.6	
99.3	99.6	
99.3	99.2	
98.5	99.2	
98.9	99.4	
99.1	99.4	
99.3	99.4	
99.3	99.4	
99.3	99.2	
99.1	89.5	
98.9	99.6	
99.3	99.6	
99.3	99.6	
99.3	98.4	
99.1	99.6	
99.1	99.6	
99.3	99.2	
98.9	99.6	
99.3	99.6	
99.1	99.6	
98.9	99.6	
98.3	99.6	
99.1	99	
99.3	89.5	
99.1	99.4	
99.1	99.6	
99.3	89.5	
99.1	99.4	
99.1	99.6	
99.3	89.7	
99.3	99.4	
99.3	89.7	
99.1	99.6	
99.3	89.5	
98.7	99.2	
98.7	99.6	
99.1	99.6	
99.3	99.6	
99.1	99.6	
98.7	99.6	
99.3	99.4	
99.1	99.6	
99.3	99.6	
99.3	99.4	
99.1	99.4	
99.1	99.6	
99.3	99.4	
99.1	99.6	
99.1	99.4	
98.9	99.6	
99.3	99.6	
99.1	99.4	
98.9	99.6	
99.3	99.2	
99.3	99.2	
99.1	99.4	
99.3	99.4	
99.3	89.7	
99.1	99.2	
99.3	99.4	
99.3	99.4	
99.1	99	
99.3	99.6	
99.1	99.4	
99.3	99.4	
99.1	89.7	
99.3	99.6	
98.9	99.4	
99.3	99.6	
99.1	99.4	
99.3	99.6	
98.9	99.6	
99.3	99.6	
99.3	99.6	
99.3	99.6	
98.7	99.4	
98.5	89.3	
99.3	99.4	
98.9	99.2	
99.3	99.6	
99.1	99.6	
99.3	99.6	
98.9	89.5	
99.1	99.6	
99.1	99.6	
99.3	99.6	
98.9	99.6	
99.3	99.4	
98.3	99.4	
99.3	99.6	
98.9	99.4	
99.3	99.4	
99.1	79.4	
98.9	99.4	
98.9	99.4	
99.3	99.6	
99.3	99.6	
99.3	99.6	
99.3	99.6	
99.3	99.6	
99.1	99.2	
99.3	99.6	
99.1	99.4	
99.3	99.6	
99.3	99.6	
98.9	99.4	
98.9	99.6	
98.9	99.6	
98.9	99.6	
99.1	99.6	
99.3	99.4	
98.9	99.6	
98.9	99.6	
99.3	99.2	
98.9	99.6	
99.3	99.6	
99.1	99.6	
99.1	89.3	
99.3	99.4	
99.3	99.6	
99.1	99.6	
98.7	99.6	
99.1	99.4	
98.9	99.6	
99.3	99.6	
99.3	99.4	
98.9	99.6	
99.3	99.6	
99.1	99.6	
99.3	99.4	
99.1	99.6	
98.7	99.6	
99.3	99.2	
98.9	99.4	
99.3	89.3	
98.7	99.6	
99.3	99.4	
99.1	99.4	
99.3	99.2	
99.1	99.2	
99.3	99.6	
99.3	99.4	
99.1	99.4	
99.3	99.6	
99.3	99.6	
98.9	99.4	
99.1	99.6	
99.1	89.5	
99.3	99.6	
99.1	99.6	
99.3	99.4	
99.1	99.4	
99.3	99.2	
99.3	99.6	
99.3	99.4	
98.7	99.6	
99.3	99.4	
99.3	99.6	
99.3	99.6	
99.3	99.4	
99.1	99.4	
99.3	99.6	
99.1	99.6	
99.3	99.4	
99.1	99.6	
99.1	99.6	
98.9	99.4	
99.1	99.6	
98.5	99.6	
98.7	99.6	
99.1	89.7	
99.3	99.6	
99.3	99.4	
99.1	99.6	
99.3	99.4	
99.1	99.6	
98.9	89.7	
99.1	99.6	
99.1	99.4	
99.3	99.4	
99.3	99.6	
99.3	99.4	
99.1	99.6	
99.3	99.6	
99.3	99.6	
99.3	99.4	
98.9	89.7	
99.3	89.3	
99.3	79.6	
99.3	99.6	
99.3	99.4	
98.9	99.6	
99.1	99.6	
99.3	99.6	
99.3	99.6	
99.1	89.5	
99.3	99.6	
99.1	99.6	
99.1	99.6	
99.3	99.6	
99.1	99.6	
98.9	99.4	
99.1	99.6	
98.5	99.6	
99.3	99.6	
99.1	99.6	
99.3	99.4	
99.3	99.4	
99.3	99.6	
99.3	99	
99.1	99.4	
98.9	99	
98.9	99.6	
99.1	89.7	
99.3	99.2	
99.1	99.6	
99.1	89.7	
99.1	99.4	
99.3	89.5	
98.7	99.4	
99.3	99.4	
99.1	99.2	
99.1	99.4	
99.1	99.4	
98.7	99.6	
99.3	99.6	
98.9	99.6	
99.3	99.2	
99.1	99.4	
99.1	99.6	
99.3	99.6	
99.3	99.6	
99.3	99.6	
99.1	99.6	
99.3	99.6	
99.3	99.6	
99.3	99.4	
99.1	99.6	
98.9	99.6	
99.1	99.6	
98.9	99.2	
99.3	99.6	
99.3	99.4	
98.7	99.4	
99.3	99.6	
99.3	99.2	
98.7	99.6	
98.9	99.6	
99.3	99.4	
99.3	99.6	
99.1	99.4	
99.3	99.2	
99.1	99.4	
99.1	99.4	
99.3	99.2	
99.3	99.4	
98.9	99.6	
99.3	99	
98.9	99.6	
99.3	99.6	
99.1	99.4	
99.3	99.6	
99.1	99.4	
98.9	99.6	
99.3	99.6	
99.1	99.4	
99.1	99.6	
99.3	99.2	
99.3	99.4	
99.3	99.6	
99.1	99.6	
98.7	99.6	
98.9	99.6	
99.3	99.4	
99.1	99.6	
99.3	99.2	
99.3	99.6	
99.3	99.6	
99.1	99.6	
98.9	99.6	
99.3	99.4	
99.3	99.6	
99.3	99.6	
98.7	99.6	
99.1	99.6	
99.1	99.6	
98.7	99.4	
99.3	99.6	
99.3	99.6	
99.3	99.6	
99.1	99.6	
99.1	99.6	
99.1	99.6	
98.9	99.6	
99.3	99.4	
99.3	99.4	
99.3	99.4	
99.1	99.4	
98.9	99.4	
99.1	99.6	
99.1	99.6	
98.9	99.6	
99.3	99.6	
99.3	89.7	
99.1	99.4	
99.1	99.6	
99.1	99.6	
99.1	99.4	
99.3	99.6	
99.1	99.4	
99.3	99.6	
99.1	99.4	
98.7	99.6	
99.3	89.3	
99.1	99	
99.3	99.6	
98.5	99.2	
99.3	99.4	
98.3	99.6	
99.3	99.6	
99.3	99.6	
99.1	99.6	
99.1	99.4	
99.3	99	
98.9	99.4	
99.3	99.6	
98.9	99.4	
99.3	99.4	
98.9	99.6	
99.1	99.2	
98.9	99.4	
99.1	99.6	
99.1	99.2	
99.3	99.6	
99.1	99.4	
98.9	99.6	
99.1	99.6	
99.3	99.6	
98.9	99.6	
98.5	99.4	
99.3	99.6	
99.3	99.6	
99.1	99.4	
99.1	99.6	
99.1	99	
99.3	99.6	
98.9	99.6	
99.1	99.4	
98.9	99.6	
99.1	99.6	
99.3	99.4	
99.3	99.6	
98.7	99.6	
99.3	99.6	
99.3	99.6	
99.1	99.6	
98.7	99.4	
99.1	99.4	
98.9	99.6	
99.3	99.6	
98.9	99.4	
99.3	99.6	
99.3	89.1	
99.3	99.6	
99.3	99.6	
99.3	89.7	
99.3	99.4	
98.7	99.6	
99.3	99.4	
99.3	99.6	
99.3	99.4	
98.9	99.4	
99.1	99.6	
98.9	99.6	
99.1	99.4	
98.9	99.6	
99.3	99	
99.3	99.4	
99.1	99.4	
99.1	99.6	
99.3	99.6	
99.1	99.6	
99.3	99.2	
99.1	99.6	
99.3	99.2	
98.3	99.2	
99.3	99.6	
99.3	99.6	
99.1	99.6	
99.1	99.4	
99.3	99.6	
99.1	99.6	
99.3	99.6	
99.1	99.6	
99.3	99.6	
99.3	99.6	
99.1	89.1	
98.9	99.6	
99.3	89.3	
99.1	99.6	
99.1	99.4	
99.1	89.1	
98.9	99.6	
99.3	99.4	
98.9	99	
98.9	99.4	
99.3	99.2	
99.3	99.6	
99.3	99.6	
98.9	99.6	
98.9	99.4	
98.9	99.4	
99.3	99.4	
99.1	99.6	
99.3	99.6	
99.1	99.6	
99.3	99.6	
98.7	89.1	
99.1	99.6	
98.9	99	
99.3	89.5	
99.3	99.6	
99.3	99.4	
99.3	89.7	
98.9	99.6	
99.3	99.4	
99.3	99.4	
98.9	99.4	
99.3	99.4	
98.9	89.5	
99.3	99.6	
99.3	99.2	
99.3	96.4	
99.1	99.6	
99.3	99.6	
99.3	99.6	
99.3	99.6	
99.3	99.6	
98.9	89.7	
99.1	99.2	
99.1	99.6	
98.7	99.2	
99.3	99.6	
99.1	99.6	
99.3	99.4	
99.1	99.4	
98.9	99.6	
99.1	99.6	
99.3	99.6	
99.3	99.2	
99.3	98.8	
99.3	99.4	
99.3	99.4	
99.1	99.6	
99.3	99.6	
98.7	99.6	
98.9	99.2	
98.9	99.4	
99.3	99.4	
99.3	99.6	
99.3	99.4	
98.9	89.5	
99.1	99.6	
98.7	99.6	
99.3	99.6	
99.3	99.6	
98.9	99.6	
98.7	99.6	
99.3	99.6	
98.9	89.1	
99.1	99.6	
99.3	99.6	
98.7	99.6	
99.3	99.6	
98.9	99.2	
98.9	99.6	
98.9	99.2	
99.1	99.4	
99.1	99.4	
99.3	99.6	
98.7	99.6	
99.1	99.6	
99.3	99.6	
99.3	99.6	
99.1	99.6	
98.7	99.4	
99.1	99.6	
99.3	99.2	
99.3	99.6	
99.3	99.6	
99.1	89.7	
99.1	99.4	
99.1	99.4	
99.3	99.6	
99.1	99.4	
98.7	99.4	
99.3	99.4	
98.9	98.6	
99.3	99.6	
99.1	99.4	
99.3	99.6	
98.9	99.6	
98.7	99.4	
99.3	99.6	
99.1	99.4	
99.1	99.4	
98.9	99.6	
99.3	99.4	
98.9	99.4	
98.7	99.6	
99.3	99.6	
98.9	99.2	
98.7	99.4	
99.1	99.4	
99.3	99.6	
99.1	99.6	
99.3	99.6	
99.3	99.6	
99.3	99.4	
99.3	99.6	
99.3	99.4	
99.1	99.6	
99.1	99.6	
99.3	99.4	
98.9	99.6	
99.1	99.6	
98.7	99.6	
99.3	99.6	
99.1	99.6	
99.3	99.6	
99.1	99.4	
99.3	89.5	
99.3	99.4	
99.1	99.4	
98.9	99.6	
98.9	89.3	
99.3	99.6	
98.5	99.6	
99.3	99.6	
99.1	99.2	
98.9	99.4	
99.3	99	
99.3	99.4	
99.3	99.2	
99.3	99.2	
99.3	99.4	
99.1	99.6	
99.3	99.2	
99.3	99.2	
98.7	99.6	
99.3	99.4	
99.3	89.5	
99.3	99.4	
98.3	99.4	
98.5	99.6	
99.3	99.6	
99.1	89.5	
98.3	99.6	
98.9	99.6	
99.3	99.4	
99.1	99.6	
99.1	99.4	
99.3	99.6	
99.3	99.4	
98.5	99.6	
99.3	99.6	
99.1	99.6	
98.9	98.8	
99.1	99.4	
98.5	99.6	
99.3	99.2	
99.3	99.6	
99.1	99.2	
98.9	89.5	
98.7	99.6	
99.3	99.4	
99.1	99.4	
99.1	99.4	
99.3	89.5	
98.9	99.6	
99.1	99.6	
98.9	89.7	
98.9	99.4	
99.3	99.4	
99.1	89.7	
99.3	99.4	
99.3	99.6	
99.3	99.2	
99.3	99	
99.3	89.1	
99.3	89.3	
99.3	99.6	
99.3	99.6	
99.1	99.2	
99.1	99.6	
98.9	99.6	
99.3	89.7	
99.1	99.4	
99.1	99.6	
99.3	99.2	
99.3	99.6	
99.3	99.4	
99.1	99.6	
98.3	99.6	
99.3	99.6	
99.1	99.4	
99.3	99.6	
99.3	99.6	
99.3	89.3	
99.3	99.6	
99.1	99.6	
98.9	99.4	
99.1	99.6	
99.3	99.6	
99.1	99.6	
99.1	99.6	
99.1	89.5	
98.5	89.7	
98.7	99.6	
99.1	99.4	
99.3	99.2	
98.9	99.6	
99.3	89.7	
99.1	99.4	
99.1	99.4	
98.9	99.6	
98.7	99.6	
99.3	99.6	
98.9	99.4	
99.1	99.6	
98.7	99.4	
99.1	99.6	
98.9	88.9	
99.1	99.4	
99.3	99.6	
99.3	99.6	
99.3	99.4	
99.3	99.6	
98.9	99.2	
99.3	99.6	
99.1	99.6	
99.3	99.6	
99.3	99.6	
98.7	99.6	
99.3	99.6	
98.9	99.6	
99.3	99.6	
99.3	99.6	
99.1	89.5	
99.3	99.6	
98.7	99.4	
99.3	89.3	
99.3	99.6	
98.7	99.6	
99.1	99.6	
98.7	99.6	
99.1	99.4	
99.1	99.6	
99.3	99.4	
99.3	99.6	
99.3	99.6	
99.1	99.6	
99.3	99.4	
98.9	99.6	
99.3	99.4	
99.3	99.6	
99.1	99.4	
99.1	99.6	
99.1	99.4	
99.1	99.6	
99.3	99.6	
99.3	99.6	
99.3	89.5	
99.1	99.6	
99.3	99	
81.4	99.2	
99.3	99.6	
99.3	99.6	
98.9	99.6	
99.3	99.6	
98.9	99.6	
99.3	99.6	
99.3	99.6	
99.1	99.6	
99.1	99.6	
99.3	99.6	
99.3	99.6	
99.3	99.6	
99.1	99.6	
99.1	89.5	
99.3	99.6	
98.9	99.4	
99.3	99.6	
99.3	89.3	
99.3	99.4	
99.1	99.6	
99.3	99.6	
98.9	99.6	
99.3	99.4	
98.9	99.6	
99.3	99.6	
99.3	99.6	
99.3	89.5	
99.3	99.4	
99.1	99.4	
99.1	99.6	
98.9	99.6	
99.3	99.6	
99.1	99.4	
99.3	99	
99.3	99.6	
99.1	99.2	
99.1	99.4	
98.9	99.6	
98.9	99.6	
98.9	99.6	
99.3	99.6	
99.3	99.6	
99.3	99.6	
97.9	99.6	
99.1	99.4	
99.3	99.2	
99.3	99.6	
99.3	99.4	
99.3	89.7	
99.3	89.5	
98.9	99.6	
99.3	99.6	
99.1	99.6	
99.1	99.4	
98.7	99.6	
99.1	99.6	
99.3	99.6	
98.9	99.6	
99.1	89.7	
98.7	99.6	
98.9	99.4	
99.1	99.6	
98.9	99.2	
99.3	99.6	
98.9	99.6	
99.3	99.6	
99.3	99.4	
99.1	99.6	
99.3	99.4	
99.1	99.6	
98.9	89.5	
99.3	99	
98.7	99.6	
99.1	99.6	
98.7	99.2	
99.3	99.2	
99.3	99.4	
98.9	99.2	
99.3	99.6	
99.3	99.6	
99.3	99.6	
99.3	99.4	
99.3	99	
99.1	99.6	
99.3	99.6	
99.3	99.6	
99.3	99.6	
99.3	99.2	
99.1	99.6	
99.1	99.6	
99.3	99.6	
99.1	99.6	
99.3	99	
99.3	89.7	
99.1	99.4	
99.1	99.2	
99.1	99.6	
99.1	99	
99.3	99.6	
99.1	99.6	
99.1	99.6	
99.1	99.6	
99.3	99.6	
99.1	99.6	
99.1	99.4	
98.7	99.6	
98.9	99.4	
99.1	99.6	
98.9	99.6	
99.3	99.6	
99.1	99.4	
99.3	89.5	
99.3	99.6	
98.9	99.4	
99.1	99.6	
99.3	99.6	
99.3	89.7	
99.3	99.2	
99.3	99.4	
98.9	79	
98.9	99.6	
99.3	99.6	
99.3	99.6	
99.1	99.4	
99.1	99.4	
99.1	99.4	
99.3	89.7	
99.1	99.4	
99.3	99.6	
99.3	99.6	
99.3	99.2	
99.3	99.4	
99.3	99.6	
99.3	99.6	
99.1	99.6	
98.3	99.6	
99.3	89.3	
99.1	99.4	
99.3	99.4	
99.3	99.6	
98.7	99.6	
99.3	99.6	
99.3	99.4	
99.3	99.6	
99.1	99.4	
99.3	99.4	
99.1	89.7	
98.9	99.2	
99.1	99.2	
99.1	89.7	
99.1	99.2	
98.9	99.4	
99.3	99.4	
99.1	99.2	
99.3	99.6	
99.3	99.6	
98.9	99.2	
99.1	99.6	
99.1	99.6	
99.3	99.6	
99.3	89.5	
99.1	99.6	
99.3	99.4	
99.3	99.4	
99.3	99.6	
99.1	99.6	
99.3	99.6	
99.3	99.6	
99.3	99.4	
99.1	99.6	
99.3	99.6	
99.3	99.6	
98.7	99.4	
99.3	99.2	
99.3	99.4	
99.1	99.4	
99.3	99.4	
98.9	99.6	
99.1	99.6	
99.1	99.6	
99.3	99.6	
