98.7	89.5	
58.7	98.4	
99.3	89.1	
99.1	88.9	
78.9	89.1	
98.5	98.8	
98.9	97.2	
98.5	99.4	
99.3	99.6	
98.7	99.2	
99.1	98.4	
77.5	89.7	
98.7	89.5	
98.9	89.7	
98.9	99.6	
99.1	98.4	
99.1	99.6	
98.1	99.4	
99.1	89.5	
98.9	89.1	
99.3	99	
97.7	89.3	
98.3	99.2	
98.5	89.1	
98.7	88.9	
98.7	99.4	
99.3	79.4	
99.1	89.7	
98.9	79	
98.5	89.1	
99.1	99.2	
99.1	89.1	
98.9	98.8	
99.1	99	
99.1	89.1	
98.7	89.5	
88.8	89.5	
98.9	89.1	
99.3	99	
98.1	89.3	
98.7	99	
99.1	99	
98.7	99.6	
99.1	68.3	
98.3	98.8	
99.3	89.7	
99.1	79.4	
98.7	89.7	
98.9	89.3	
99.1	88.9	
97.7	89.5	
97.1	87.9	
97.5	89.7	
98.3	78.2	
99.1	99.6	
99.3	87.5	
98.9	99.6	
99.3	99.4	
98.5	89.7	
98.7	79.2	
98.5	88.3	
98.7	79.2	
87.4	99.6	
98.9	89.7	
78.7	99	
98.5	89.1	
99.1	89.5	
98.7	98.8	
98.9	99.2	
98.9	98.8	
99.1	99.6	
99.3	99.6	
99.3	99.6	
98.7	99.2	
88.2	98.6	
99.3	97.8	
98.9	89.5	
98.5	98.6	
99.1	99.6	
99.1	99.4	
98.7	79.4	
98.7	99.6	
99.3	89.7	
99.3	99.2	
98.3	99	
98.9	98.8	
99.3	99.2	
98.1	89.5	
99.1	79.4	
88	69.5	
98.7	79.4	
99.1	78.6	
98.5	88.9	
97.1	88.7	
99.1	97.4	
98.7	89.7	
99.1	99.4	
99.1	99.6	
99.3	98.2	
98.1	99.4	
99.1	99.6	
98.5	87.5	
88.6	98.8	
96.5	89.7	
99.1	88.7	
98.9	99.4	
99.1	89.5	
99.1	99.2	
98.9	89.5	
99.3	89.1	
98.9	78.8	
99.1	98.6	
99.3	99.2	
88	99.4	
99.3	99.4	
98.9	89.5	
98.9	99.4	
98.9	79.4	
99.3	89.7	
99.3	89.7	
97.7	87.5	
98.3	88.3	
98.9	69.3	
98.9	99.2	
99.3	89.7	
98.7	89.5	
99.1	88.5	
89.2	99.2	
99.1	89.5	
99.1	88.1	
98.7	89.5	
99.3	89.7	
99.3	89.3	
98.5	99.4	
98.1	89.5	
87.2	99.6	
98.9	99.6	
99.1	89.3	
99.1	89.5	
99.1	89.1	
87.8	89.5	
99.3	99.2	
99.3	89.3	
98.9	98.8	
99.1	88.9	
99.3	89.5	
97.7	99.6	
99.1	89.5	
98.5	99.6	
98.5	99.4	
98.9	99.6	
99.3	99	
98.9	99.2	
89.4	98.6	
97.9	99.4	
98.9	89.5	
99.1	98.8	
98.9	89.5	
98.1	89.3	
98.5	99.4	
98.9	89.1	
98.9	88.9	
98.7	88.9	
98.7	98.6	
98.3	99.2	
99.1	78.8	
99.3	89.5	
99.3	99.4	
98.9	89.3	
99.3	79.2	
99.3	88.9	
99.3	99.6	
99.1	78.8	
97.1	99.2	
98.9	89.3	
98.7	99.4	
98.7	89.7	
89.2	88.9	
98.7	67.7	
99.3	98.6	
98.9	88.3	
98.7	96	
99.3	99	
99.3	78.4	
99.1	88.5	
98.9	99.6	
98.5	89.3	
99.1	98.8	
98.9	88.5	
88.4	89.1	
99.3	98	
98.7	88.9	
99.1	99.6	
97.3	99.2	
98.9	87.9	
98.7	89.3	
99.1	89.7	
99.3	89.5	
98.5	99.6	
99.1	89.1	
99.3	89.7	
98.7	69.1	
87.2	89.5	
98.1	99.4	
98.3	98.4	
98.7	99	
78.9	89.5	
99.3	79.2	
98.3	68.7	
98.9	89.1	
98.5	99.6	
88	88.3	
98.5	87.7	
98.1	89.3	
98.9	89.3	
76.9	89.1	
99.1	89.3	
95.7	98.2	
99.1	99.2	
78.5	88.5	
99.3	89.5	
98.9	88.7	
98.5	88.3	
89.2	68.7	
98.7	89.5	
99.1	98.8	
98.9	58.8	
97.3	79.4	
98.5	89.1	
87.4	98.6	
88.6	89.3	
99.3	79	
99.1	99.4	
79.1	89.3	
99.1	99.6	
99.3	99.4	
98.7	99.6	
98.5	89.1	
98.7	99	
99.1	98.8	
99.1	88.7	
98.9	88.9	
99.3	97	
96.9	89.7	
98.9	99.4	
99.1	89.1	
98.7	99	
98.5	78.8	
99.1	89.3	
98.9	99.2	
98.5	89.5	
98.9	99.2	
99.1	88.9	
98.7	99.6	
98.5	98.4	
76.5	88.5	
99.3	99.4	
98.7	99.4	
99.1	99.4	
99.1	89.5	
99.3	88.1	
99.1	88.9	
98.5	89.1	
98.9	99	
88.6	89.1	
99.1	89.3	
98.5	89.3	
98.9	98.8	
98.3	99	
99.1	99.6	
99.3	89.5	
99.1	98.6	
88.4	89.7	
98.7	88.5	
99.1	89.5	
99.3	99.4	
98.7	99.2	
99.1	89.3	
97.7	99.6	
89.2	99.4	
99.3	99.4	
78.5	96.4	
98.9	88.9	
89.2	89.1	
98.9	89.1	
88.8	98.6	
99.1	99.2	
98.5	89.5	
99.3	79.4	
99.1	99.2	
98.7	99.4	
98.3	88.9	
98.3	99.4	
99.1	99	
99.3	98.8	
98.9	97.8	
98.1	98	
99.1	89.5	
99.3	79.4	
98.3	99.2	
99.3	79	
99.3	89.3	
99.3	99	
98.5	89.7	
99.1	58.6	
98.9	89.3	
99.3	98.4	
99.1	99.4	
98.9	78.8	
98.5	99.4	
98.1	99.2	
98.9	88.9	
88.4	99.4	
99.3	99.6	
97.5	89.7	
98.9	99.6	
99.1	89.3	
99.1	88.5	
99.1	99	
99.1	99.6	
98.3	99	
98.3	89.5	
98.9	88.9	
99.3	99.4	
99.1	89.3	
99.3	87.1	
99.1	99.6	
99.1	99.6	
98.9	79.6	
99.1	79	
99.1	99.4	
99.1	99.2	
98.5	99.2	
98.5	99.4	
98.3	89.5	
99.1	89.3	
99.1	89.7	
98.7	88.9	
99.1	99.4	
98.7	88.9	
98.7	99.6	
99.3	99.2	
99.3	78.4	
99.3	99.6	
98.5	88.5	
99.1	89.5	
98.9	69.1	
88.8	77.8	
98.7	78.8	
98.7	99	
98.7	99.4	
99.3	99.2	
98.5	99.4	
98.7	99	
97.9	98.6	
99.1	79.2	
99.3	98.4	
99.1	88.7	
99.1	89.1	
99.3	99.2	
98.7	69.3	
99.1	98.6	
98.3	89.5	
98.5	89.7	
98.5	98.8	
97.9	78.2	
99.1	98	
98.9	99.6	
99.3	89.7	
99.3	98.6	
98.7	88.1	
98.9	99.4	
98.5	89.5	
99.3	99.4	
89.4	99.2	
99.3	89.7	
99.1	88.5	
99.3	98.4	
98.5	78.2	
98.5	97.8	
67.4	99.4	
97.7	99.4	
87	66.7	
98.1	89.7	
98.7	99.6	
99.3	87.7	
99.1	89.7	
99.3	88.3	
99.3	89.5	
99.1	89.3	
98.9	89.3	
98.9	89.7	
99.3	99.6	
99.1	99.2	
89	88.3	
98.7	98.6	
99.1	89.1	
98.9	89.1	
99.3	89.7	
78.9	88.7	
88.8	99.6	
98.7	89.5	
98.9	89.3	
98.9	89.7	
98.9	89.3	
98.9	99.6	
99.1	79	
99.1	89.5	
98.9	78	
98.7	99.2	
99.3	89.1	
99.1	99.6	
98.9	98.6	
98.7	99.6	
98.3	79.4	
99.1	99.6	
98.3	88.7	
98.7	99	
99.1	99	
99.3	99	
99.3	99.6	
99.1	89.5	
98.9	99.4	
99.1	99.4	
99.1	98.6	
98.1	89.3	
98.3	79.2	
99.1	89.1	
99.1	89.1	
99.1	89.3	
99.1	98.4	
98.7	99.4	
98.9	98.6	
99.3	99	
99.1	99.4	
98.5	89.1	
87.8	88.7	
98.7	89.7	
97.9	89.1	
98.7	89.5	
99.3	98.6	
99.3	99.6	
99.3	88.9	
99.3	87.7	
99.3	89.1	
98.9	99.2	
98.9	99.2	
99.3	78	
87.8	78	
85.6	79.4	
99.1	98.4	
97.3	89.5	
99.1	79.2	
98.7	99.6	
99.1	89.3	
99.3	99.6	
99.1	99.4	
99.1	98.4	
88.8	89.3	
97.1	99.2	
99.3	88.9	
89.2	89.3	
98.9	89.3	
98.7	99.6	
98.9	89.5	
98.1	88.7	
88.8	99.4	
47.6	89.3	
98.9	89.7	
98.9	89.7	
98.9	99.2	
99.3	99.4	
99.1	99.6	
98.9	89.3	
99.1	89.5	
99.1	89.5	
99.1	89.5	
37.3	99	
99.1	99.4	
96.9	79.4	
99.3	88.5	
98.9	99.4	
99.3	79.2	
98.3	99.6	
86.2	99.4	
98.5	99.2	
88.8	89.1	
99.3	89.3	
98.7	89.3	
98.7	98	
99.1	79.6	
99.1	99.6	
98.9	99.4	
98.9	98.6	
99.1	79.4	
99.3	78.6	
99.1	98.8	
98.5	87.7	
98.9	99.4	
99.1	79.6	
98.7	89.5	
99.3	89.1	
98.5	98.8	
98.3	99.4	
99.3	97.8	
97.3	98.2	
98.9	89.3	
98.1	99.6	
98.5	99	
98.9	89.7	
98.9	79.6	
99.3	79.4	
98.7	89.1	
99.3	88.5	
99.1	98.4	
99.3	88.3	
98.5	78	
98.5	99.4	
79.1	99.2	
88.8	99.2	
98.3	99.6	
69.2	89.7	
98.7	79.4	
99.1	98.8	
98.3	99.4	
98.9	99.6	
99.1	88.7	
98.3	97.8	
99.1	69.3	
99.3	89.5	
98.7	89.7	
98.1	89.3	
99.3	89.5	
88.8	89.5	
98.1	89.5	
98.9	99.4	
98.5	68.9	
99.1	99.4	
98.9	89.3	
99.3	88.9	
98.9	99.4	
98.5	89.7	
99.3	99.2	
97.9	68.3	
99.3	99.2	
99.3	89.5	
98.7	98.8	
98.9	99.4	
98.9	89.1	
98.5	89.3	
99.1	89.3	
88.6	88.7	
98.9	99.6	
98.1	89.5	
99.1	89.5	
97.9	89.1	
89.4	78.6	
98.9	98.6	
98.5	59.4	
97.5	89.5	
99.3	98.8	
98.7	89.7	
98.5	99.4	
98.9	88.1	
98.9	79.4	
99.3	99	
99.3	99.4	
99.1	99.6	
98.1	67.1	
99.1	69.3	
99.1	89.7	
98.7	78.8	
98.1	89.3	
98.9	89.5	
89.2	88.7	
98.9	99	
98.9	89.3	
99.1	88.9	
98.9	99.2	
98.9	79.6	
98.9	88.3	
99.1	89.3	
99.1	98.8	
77.1	89.7	
98.7	99.2	
99.1	98.8	
98.7	98.4	
98.9	89.1	
98.9	89.7	
98.3	89.7	
88.6	98.2	
99.1	99.2	
99.1	98.6	
98.9	79.4	
98.9	89.3	
98.3	98.8	
87.6	99	
98.9	99.4	
77.5	78.4	
99.1	88.5	
98.5	98.8	
98.7	89.3	
98.7	89.7	
98.7	99.2	
98.7	98.6	
99.3	99.4	
99.3	99.4	
98.9	89.5	
99.3	88.7	
99.3	89.5	
99.1	99.4	
99.1	89.5	
98.7	97.8	
99.3	99.4	
67.2	89.3	
88	99.6	
99.3	88.7	
99.3	89.1	
98.9	89.7	
98.5	79.2	
98.5	69.5	
99.1	99.2	
98.7	98.4	
99.1	89.3	
98.9	99.4	
99.1	98.4	
99.3	87.7	
98.9	89.3	
99.1	88.7	
99.3	89.1	
98.7	99.4	
99.3	79.6	
99.3	99.6	
98.5	88.7	
99.1	98.2	
99.1	89.3	
98.7	99.4	
97.9	99.4	
88.8	98.2	
99.3	99.2	
98.7	98.6	
99.3	68.5	
98.9	79.2	
98.5	89.7	
99.1	89.7	
97.3	79.2	
98.3	89.1	
99.3	99.6	
99.1	79.6	
99.1	88.9	
98.9	99.4	
99.3	89.3	
96.5	78.4	
98.1	98	
99.3	89.1	
97.9	99.4	
99.1	99.6	
99.1	99	
99.3	89.7	
98.3	79	
99.1	79.4	
97.7	99.6	
99.1	68.5	
98.9	99.6	
98.3	89.5	
88.8	97.4	
98.9	89.7	
99.1	98.4	
98.9	99.2	
98.9	99.2	
99.1	89.5	
99.1	79.6	
99.3	99.6	
99.1	79.6	
98.9	98	
99.1	89.7	
78.3	88.9	
88.6	89.3	
98.9	88.5	
98.1	88.9	
98.3	88.7	
87.4	99.2	
86.6	99	
98.5	89.5	
98.7	99.6	
98.7	88.9	
98.7	88.9	
98.7	89.5	
99.1	79.6	
98.1	99.2	
98.7	99	
98.5	98.8	
99.3	89.5	
97.3	79.6	
99.1	89.3	
88.8	99.4	
98.9	88.5	
98.7	89.5	
99.3	79.6	
97.9	89.5	
99.3	99.2	
98.5	98.6	
99.1	98.6	
98.3	88.9	
99.1	99.4	
98.7	89.1	
98.9	98.4	
89.4	98.8	
98.7	69.5	
99.3	89.3	
97.9	98.6	
98.9	98.8	
98.3	98.6	
99.1	99.6	
99.1	99.4	
98.3	89.1	
99.3	88.5	
98.5	89.1	
98.9	89.5	
99.3	89.3	
98.9	89.7	
99.1	89.5	
98.5	99.6	
98.9	99.2	
89.2	68.3	
98.7	88.9	
99.3	98.6	
98.5	88.3	
99.1	99.4	
98.9	89.7	
98.5	89.7	
99.3	76.6	
87.4	99.2	
98.7	99.6	
99.1	79.4	
99.3	88.9	
99.3	68.9	
99.3	89.7	
98.5	89.5	
99.1	89.1	
98.9	99.4	
99.1	79	
88.4	89.1	
99.3	97.6	
99.3	89.7	
97.9	99.2	
99.3	88.5	
98.9	89.3	
98.9	99	
98.5	89.5	
79.1	89.5	
87.6	99	
98.9	79.2	
98.9	89.3	
99.3	89.7	
98.7	89.7	
98.9	88.7	
98.7	89.5	
99.1	99.4	
99.1	89.5	
98.9	79.6	
98.7	48.3	
98.5	88.9	
98.9	89.1	
98.9	89.5	
98.9	99	
98.7	98.4	
88.8	99.6	
98.7	97.8	
98.3	98.8	
98.9	68.3	
98.7	98.4	
96.9	79.4	
88.4	89.7	
98.7	88.1	
99.3	88.9	
99.1	89.5	
99.3	99.6	
99.1	89.5	
98.9	99.6	
98.9	98.8	
98.9	89.7	
99.3	99.2	
99.3	99.2	
99.1	99.4	
98.7	99.2	
98.9	89.7	
98.1	89.3	
99.1	69.1	
98.5	68.7	
98.7	89.5	
88.8	89.1	
98.9	98.2	
99.3	89.1	
98.7	88.9	
98.5	99.6	
98.9	99.6	
98.5	98	
98.7	99.4	
98.7	99.4	
78.5	99.2	
99.3	88.5	
98.5	58.6	
57.5	89.7	
99.1	87.9	
98.9	89.5	
97.9	99.6	
99.3	89.7	
97.7	99.2	
89.2	89.7	
98.7	98.4	
98.9	99.2	
97.9	99.2	
99.3	88.5	
98.7	89.3	
98.7	99.4	
98.7	98.8	
98.9	89.3	
98.9	99.6	
98.7	98	
99.3	88.3	
98.5	99.2	
98.5	99.6	
99.3	88.5	
97.9	89.5	
98.1	89.3	
99.1	88.7	
99.3	89.5	
99.1	96.4	
98.9	79.2	
99.3	89.7	
98.9	89.1	
98.7	99.2	
75.1	78.6	
99.3	99.6	
99.1	99.2	
97.7	98.8	
98.5	99.4	
99.1	89.5	
99.3	89.3	
98.9	89.5	
98.7	87.9	
97.7	99.2	
98.9	89.1	
99.1	99.4	
98.9	78.8	
89	99.2	
99.1	89.1	
99.3	99.6	
99.1	99	
98.1	89.5	
98.7	99.6	
98.9	99.2	
98.3	99	
99.1	99.2	
99.1	89.5	
99.1	89.5	
99.3	89.1	
99.1	99.4	
99.1	99.4	
99.1	89.5	
97.7	89.3	
99.1	99.2	
99.3	99.4	
98.7	89.1	
98.9	98.8	
99.1	89.7	
98.7	79	
99.3	89.3	
98.9	99.6	
99.3	97.4	
99.3	89.3	
99.3	99.2	
99.1	99	
99.3	99.6	
99.3	99	
99.3	99	
99.1	98.2	
99.1	89.5	
99.1	78.6	
99.1	98.8	
99.1	99.4	
99.1	98.8	
98.9	98.8	
99.3	98	
99.1	99.6	
97.9	89.7	
99.1	99.2	
98.5	99.4	
88.8	89.3	
98.7	89.5	
98.7	89.7	
97.3	79.4	
98.5	88.9	
98.5	97.6	
98.7	78.4	
97.5	88.9	
98.7	89.3	
99.1	98.8	
98.9	99.2	
98.7	89.7	
99.3	98.4	
98.9	99.6	
98.5	89.3	
99.3	99.2	
99.3	98.4	
99.1	89.7	
98.7	89.3	
99.3	99.6	
98.7	88.5	
98.5	89.5	
99.3	89.5	
99.3	98.2	
99.1	98.8	
98.5	89.7	
98.7	99	
99.3	88.9	
99.1	89.3	
98.3	89.7	
98.3	89.7	
99.3	89.3	
98.9	89.1	
99.1	89.3	
98.7	99.2	
99.1	79.4	
98.7	88.7	
99.3	99.4	
98.7	99.2	
99.1	79.2	
88.6	89.7	
99.1	89.1	
99.1	99.4	
89	98.8	
99.3	89.7	
99.3	99	
99.1	89.1	
98.9	88.7	
99.1	89.5	
98.3	99.2	
98.9	98.8	
99.3	89.5	
98.9	99.4	
99.3	89.3	
98.7	98.4	
97.5	99.4	
99.3	99.4	
99.3	89.3	
99.3	97.8	
98.5	99.4	
98.1	99.4	
97.3	99.6	
99.3	69.5	
99.1	79.6	
99.3	89.5	
98.3	89.7	
98.9	89.5	
98.7	89.3	
99.1	99.6	
98.7	98.8	
86.6	89.1	
99.3	99.6	
98.9	99.4	
98.3	99.4	
88.4	89.7	
99.1	89.1	
99.1	99	
88.6	88.9	
98.9	98.6	
99.3	88.5	
99.3	89.7	
99.3	99.2	
89.4	89.1	
99.1	79.6	
99.3	99	
98.9	89.7	
99.1	99.4	
99.3	99.4	
98.7	89.3	
98.5	88.5	
98.7	79.6	
88.6	89.5	
99.1	99.4	
99.3	99.6	
88.6	89.5	
99.3	89.7	
99.3	89.3	
98.9	89.3	
98.5	99.6	
98.7	89.7	
99.1	69.1	
99.1	99.6	
98.3	99.6	
98.7	89.3	
99.1	79.2	
98.3	89.7	
98.9	88.3	
98.7	89.5	
98.5	99.6	
98.5	89.3	
99.3	99.2	
