98.5	89.5	
99.1	89.5	
99.3	89.7	
99.1	89.7	
99.1	89.5	
98.9	79.4	
99.3	79	
99.3	89.7	
99.3	89.7	
99.1	89.5	
99.3	89.5	
99.1	89.7	
98.5	89.7	
99.3	89.7	
99.1	89.7	
98.3	89.7	
99.3	88.9	
99.3	89.7	
99.1	89.3	
99.1	89.5	
98.9	89.7	
98.7	89.5	
98.9	89.7	
98.7	89.7	
98.7	89.7	
99.1	89.7	
99.3	89.7	
99.3	89.7	
98.9	89.3	
99.1	89.7	
99.3	89.7	
99.3	89.5	
99.3	89.5	
99.3	89.7	
98.7	79.2	
98.9	89.7	
99.1	89.5	
99.1	89.7	
99.3	79	
99.3	89.7	
99.3	89.7	
98.7	89.1	
99.1	89.1	
99.3	89.5	
98.5	89.7	
99.3	89.7	
98.5	89.5	
99.3	89.7	
99.3	89.5	
99.1	89.1	
99.1	89.3	
99.3	89.7	
99.3	79.6	
99.1	89.7	
99.3	89.7	
98.3	79.6	
99.3	89.7	
99.3	89.5	
99.3	89.5	
99.3	69.3	
99.1	89.7	
99.3	79.4	
99.3	89.7	
99.1	79.6	
99.3	69.3	
99.1	89.7	
99.1	89.7	
99.1	89.7	
99.3	89.7	
99.3	89.7	
99.1	89.7	
99.3	89.5	
99.3	89.7	
99.3	79.6	
98.7	89.3	
98.5	79.6	
99.3	89.7	
99.3	89.7	
99.1	89.5	
99.1	89.5	
99.3	89.7	
99.1	89.7	
98.9	89.5	
98.9	89.7	
99.3	89.7	
99.3	89.3	
98.9	89.5	
99.1	89.7	
99.1	89.7	
99.3	89.5	
99.3	89.7	
99.1	89.7	
98.5	89.7	
98.5	89.5	
98.7	89.7	
99.3	88.9	
99.3	69.3	
99.3	89.7	
99.3	89.7	
98.9	89.7	
99.3	89.7	
98.9	89.5	
99.3	89.3	
99.1	89.5	
99.1	89.7	
99.3	89.7	
99.3	69.5	
98.9	89.7	
99.3	68.7	
99.3	89.7	
98.9	89.5	
99.3	89.5	
99.3	89.5	
89	89.7	
99.1	89.7	
99.1	89.7	
99.3	89.5	
99.3	89.7	
99.3	89.7	
99.1	89.7	
99.1	89.7	
99.3	89.3	
98.9	69.3	
98.7	89.7	
98.9	79.4	
99.1	89.5	
99.3	89.7	
99.3	89.7	
98.5	89.5	
99.3	89.3	
99.1	89.5	
99.3	79.6	
98.5	89.7	
99.1	89.7	
99.3	79.4	
99.1	89.7	
98.7	89.7	
99.3	89.5	
98.7	89.5	
99.1	89.5	
99.3	89.7	
98.7	89.5	
98.5	89.7	
99.3	89.7	
99.3	89.5	
99.3	89.7	
99.3	89.7	
99.1	89.7	
99.3	89.5	
99.3	89.7	
98.9	58.8	
99.3	79.6	
99.1	89.7	
99.3	89.7	
99.3	79.6	
99.1	89.7	
98.5	89.3	
98.9	89.7	
98.9	89.5	
98.1	89.7	
98.7	89.7	
99.3	89.7	
99.1	79.4	
99.1	79.6	
98.9	89.7	
99.1	89.7	
99.3	88.9	
99.3	89.7	
98.9	89.7	
99.1	89.7	
98.7	89.3	
99.3	89.7	
99.1	89.5	
99.3	89.7	
99.1	89.5	
98.9	89.5	
99.1	89.5	
98.9	79.6	
98.9	89.7	
99.3	79.6	
99.3	89.3	
99.3	89.5	
98.7	89.7	
99.3	89.7	
99.3	99.6	
99.1	89.3	
88.8	89.7	
99.1	79	
99.3	89.5	
98.9	89.5	
99.3	89.5	
99.3	89.5	
99.3	99.2	
99.1	89.5	
99.3	79.4	
99.1	89.7	
99.1	89.7	
99.1	89.7	
98.9	89.7	
99.1	89.7	
99.3	79.4	
99.3	89.7	
98.9	89.1	
99.3	89.7	
99.3	89.3	
99.3	89.5	
99.3	89.7	
98.9	88.9	
98.7	89.7	
99.1	78.8	
99.1	89.7	
99.1	89.3	
99.3	99.4	
99.1	89.7	
99.3	89.5	
98.7	89.7	
99.1	89.7	
99.1	89.7	
99.3	89.7	
98.3	89.7	
99.3	89.5	
99.3	89.7	
99.3	79	
99.1	79.6	
99.3	79.6	
98.9	89.7	
99.3	89.7	
98.7	89.7	
99.3	89.5	
99.3	79.4	
99.3	89.7	
99.1	89.7	
98.9	89.3	
99.3	89.5	
99.3	89.7	
99.3	89.5	
98.7	89.5	
99.3	89.3	
99.1	89.7	
99.3	89.7	
98.9	89.5	
99.1	79.4	
99.3	89.7	
99.3	89.7	
99.3	89.5	
99.1	89.7	
99.1	89.7	
99.3	89.7	
99.1	89.7	
99.1	89.3	
98.7	79.6	
98.7	89.7	
99.1	89.7	
99.3	89.7	
99.1	89.7	
98.9	89.5	
99.3	89.7	
99.1	89.7	
98.9	89.5	
99.3	89.7	
99.3	89.5	
99.1	89.5	
99.1	89.5	
98.9	89.5	
98.9	89.5	
99.3	88.9	
99.3	89.7	
98.9	79	
98.9	88.5	
99.3	89.3	
99.3	89.7	
99.3	79.6	
99.3	89.7	
99.3	89.7	
99.3	89.5	
99.3	89.5	
99.3	89.7	
99.3	79.2	
98.9	89.7	
99.3	99.6	
98.9	79.6	
99.3	89.7	
99.3	89.7	
99.3	89.5	
88.6	89.5	
98.7	89.7	
98.1	89.7	
99.3	89.7	
98.3	89.3	
99.1	89.7	
99.1	79.4	
98.9	89.7	
99.3	89.7	
99.1	89.7	
98.9	89.7	
99.3	89.5	
99.3	89.5	
98.9	89.7	
99.1	89.7	
99.1	89.7	
99.1	89.7	
99.1	89.7	
99.1	89.5	
99.1	89.5	
98.9	89.7	
99.1	89.7	
99.1	89.5	
99.3	89.3	
98.9	79.2	
99.3	89.7	
98.9	89.5	
99.3	89.7	
99.3	89.5	
99.1	89.7	
99.1	89.3	
99.3	99.4	
99.3	89.7	
99.1	89.7	
98.7	89.7	
99.3	89.7	
99.3	89.3	
98.9	89.5	
98.9	89.5	
99.3	89.7	
99.1	89.5	
98.7	68.9	
98.9	89.5	
99.3	89.7	
68.8	89.7	
98.7	89.5	
99.1	89.5	
99.3	89.7	
99.1	89.3	
99.1	89.5	
99.3	89.7	
99.1	89.7	
99.3	89.5	
99.3	89.7	
99.3	89.7	
98.9	79.6	
98.5	89.7	
98.3	89.5	
99.3	89.7	
99.1	89.7	
98.1	89.7	
99.3	89.7	
98.9	89.5	
98.7	89.5	
98.5	89.5	
99.3	89.7	
99.3	89.5	
99.3	89.3	
98.9	89.5	
98.7	89.7	
99.1	89.3	
99.3	78.8	
99.1	79.4	
98.9	89.5	
98.9	89.5	
99.3	79.6	
99.3	89.3	
88.8	89.7	
98.7	79.6	
99.1	89.7	
98.7	89.7	
98.7	89.7	
88.8	89.7	
99.3	89.3	
98.7	89.5	
99.1	89.7	
99.3	89.7	
99.1	89.3	
98.9	89.7	
99.1	89.7	
98.7	89.7	
99.3	79.6	
99.3	89.7	
99.3	89.5	
99.1	89.7	
89.4	89.7	
88.6	89.5	
99.3	89.7	
98.9	89.7	
99.3	89.5	
99.3	89.7	
99.3	89.7	
99.3	89.5	
98.5	89.7	
99.3	89.7	
99.3	79.2	
98.9	89.7	
99.3	89.5	
98.9	89.7	
98.9	79.2	
98.7	89.7	
89.2	89.5	
99.3	89.5	
99.3	89.7	
99.1	89.7	
99.3	89.7	
98.5	89.7	
98.9	79.6	
98.7	69.5	
99.3	89.7	
99.3	79.4	
99.3	89.7	
99.1	89.7	
99.1	89.7	
99.1	89.5	
98.7	89.5	
99.3	79.2	
99.1	79.6	
99.1	79.4	
89	79.2	
98.7	89.7	
98.9	89.5	
99.3	89.7	
99.1	89.5	
98.9	89.7	
99.1	89.7	
99.1	89.7	
99.3	89.7	
98.9	79.6	
98.9	89.7	
98.5	89.3	
99.3	89.7	
99.3	88.9	
99.1	79.4	
97.7	89.7	
99.3	89.7	
98.9	89.7	
98.9	99.6	
99.3	89.5	
99.3	89.7	
99.3	89.1	
99.3	89.7	
99.3	89.5	
98.9	89.5	
99.1	89.5	
99.3	89.7	
98.9	79.4	
98.9	89.3	
89	89.7	
99.3	89.7	
98.7	89.7	
98.7	89.7	
99.1	79.6	
99.1	79.4	
99.1	79.4	
98.5	89.7	
99.3	89.7	
99.1	89.7	
99.1	89.5	
99.1	89.3	
99.1	99	
99.3	89.7	
98.5	89.7	
99.3	89.7	
99.3	89.7	
99.1	89.5	
99.3	89.5	
99.3	89.7	
98.9	98.6	
99.1	79.6	
98.5	89.7	
99.1	89.7	
99.1	89.7	
98.9	89.7	
99.1	89.7	
99.3	89.7	
99.1	89.1	
99.3	89.7	
98.9	89.7	
98.7	89.7	
99.1	89.7	
99.1	89.1	
99.3	89.7	
99.1	89.7	
98.7	89.7	
99.3	89.5	
98.7	89.7	
99.1	89.3	
99.3	89.3	
99.1	89.5	
98.9	89.5	
99.1	89.5	
98.7	89.7	
99.3	89.7	
98.5	89.3	
99.3	89.7	
99.3	89.7	
99.1	79.6	
99.3	79.4	
99.3	89.7	
99.3	89.7	
98.5	89.1	
99.3	89.7	
99.3	79.4	
99.3	79.2	
99.3	89.7	
99.3	89.7	
99.3	89.7	
99.3	89.7	
99.3	89.5	
99.3	89.5	
99.1	89.5	
98.9	89.7	
99.1	89.5	
99.1	89.7	
99.3	89.5	
99.3	79.6	
98.9	89.7	
98.9	89.7	
99.3	89.7	
98.5	89.7	
99.1	79.4	
99.1	89.7	
99.1	89.5	
99.3	89.7	
99.1	89.5	
99.3	89.5	
99.3	89.7	
99.3	89.7	
99.1	89.3	
99.3	89.3	
99.3	89.5	
99.3	89.3	
99.1	79.6	
99.3	89.7	
99.3	89.1	
99.3	89.7	
99.1	89.7	
98.7	79.6	
98.5	79.4	
99.3	79.6	
99.3	88.9	
98.9	89.5	
99.1	89.7	
98.5	89.3	
99.1	89.5	
98.9	89.7	
98.3	89.7	
99.3	89.7	
99.3	89.5	
99.3	89.1	
98.9	89.7	
98.5	79.2	
99.3	89.7	
99.3	89.7	
99.1	89.7	
89	89.3	
99.3	79.6	
99.3	89.5	
98.9	79.6	
99.3	89.5	
98.7	89.7	
99.3	89.7	
98.9	89.7	
99.3	79.6	
97.5	89.3	
99.1	79.6	
99.1	89.5	
98.7	89.7	
99.3	89.1	
99.1	89.5	
98.3	89.5	
98.9	89.5	
99.1	89.7	
99.1	89.7	
98.9	89.7	
99.1	89.7	
99.3	89.7	
99.3	88.9	
99.1	89.1	
98.9	89.7	
98.5	89.7	
99.1	79.6	
99.3	89.5	
99.3	89.7	
98.1	89.5	
99.1	89.1	
99.3	79.6	
99.1	89.7	
98.5	89.7	
99.3	89.5	
98.5	89.5	
99.3	89.3	
99.3	79.6	
99.3	89.3	
98.9	89.7	
99.3	89.7	
98.9	89.7	
88.8	79.4	
98.9	89.7	
99.1	89.7	
98.9	89.5	
99.3	79.4	
98.9	89.7	
98.7	89.7	
99.1	79.4	
98.7	89.1	
88.4	89.7	
99.3	89.3	
99.3	89.7	
98.9	89.5	
99.3	89.7	
98.9	89.5	
99.1	89.5	
99.1	89.7	
98.9	89.7	
99.3	89.3	
99.3	89.7	
98.9	79.6	
98.9	89.5	
89.2	89.7	
99.3	89.7	
99.3	79.6	
99.1	89.7	
99.1	89.7	
99.3	89.7	
99.3	89.3	
98.7	89.7	
99.3	89.5	
99.3	89.5	
99.1	89.5	
98.5	89.7	
99.3	89.7	
99.3	89.7	
99.3	89.5	
98.9	89.7	
99.1	89.7	
99.3	89.5	
99.3	79.4	
98.9	89.7	
98.9	89.7	
98.5	89.7	
98.9	89.7	
99.3	89.7	
99.3	89.5	
99.1	89.7	
98.9	89.5	
99.1	89.7	
99.1	89.7	
99.1	89.7	
99.1	89.7	
99.1	89.7	
99.3	89.5	
99.1	89.7	
97.9	79.6	
99.3	79.6	
99.3	79.4	
98.9	89.7	
99.1	79.4	
99.1	89.3	
99.1	89.7	
99.1	89.5	
99.1	89.7	
98.7	89.7	
99.3	89.5	
99.3	89.7	
98.9	89.7	
99.3	89.7	
99.1	79.6	
99.1	89.7	
98.9	79.6	
98.9	89.5	
98.9	89.5	
99.1	89.5	
99.3	79.6	
98.9	89.7	
99.3	89.5	
98.9	89.7	
99.1	89.7	
99.3	89.5	
99.1	89.7	
99.1	89.7	
99.1	89.7	
99.3	89.7	
99.1	89.7	
99.1	89.5	
99.1	89.7	
99.3	89.7	
99.3	89.5	
99.1	99.6	
98.9	89.7	
98.9	79.6	
99.1	89.7	
98.9	99.2	
99.3	79.2	
99.1	89.5	
99.1	89.5	
99.1	89.5	
99.1	89.7	
99.3	79.6	
99.3	89.7	
99.3	89.5	
99.1	89.7	
99.1	89.7	
99.3	89.7	
98.9	89.3	
99.3	79.6	
99.3	89.5	
99.1	89.5	
98.9	89.7	
99.3	89.7	
99.1	79.2	
88.8	89.7	
99.1	89.7	
99.1	89.7	
99.3	89.5	
99.3	89.7	
99.1	89.7	
99.3	99.6	
99.3	79.6	
99.3	89.7	
99.3	89.7	
99.1	89.7	
99.3	89.5	
88.2	89.7	
98.9	89.7	
99.1	89.7	
98.5	89.7	
98.9	89.3	
99.3	89.7	
98.5	89.7	
99.3	89.7	
98.9	89.7	
99.3	89.7	
98.9	89.5	
99.3	89.5	
99.3	79.4	
98.7	89.7	
99.3	89.7	
99.1	89.7	
99.3	89.7	
99.3	89.7	
98.7	89.7	
99.1	89.7	
98.9	89.7	
99.1	89.5	
99.3	89.7	
99.1	89.7	
99.1	89.7	
99.3	89.7	
99.3	89.7	
99.3	89.5	
98.7	89.5	
99.3	89.7	
99.3	89.7	
99.3	79.6	
99.1	89.5	
99.3	89.5	
99.3	89.7	
99.3	89.7	
99.1	89.1	
99.1	89.3	
99.1	89.5	
98.9	89.7	
98.9	88.9	
99.3	89.7	
99.3	89.3	
99.1	89.5	
99.1	89.7	
98.7	89.7	
97.9	89.5	
99.3	88.7	
98.7	68.9	
99.3	89.7	
99.3	89.7	
98.1	89.3	
99.1	89.7	
98.9	89.5	
89	89.7	
99.3	89.7	
99.3	89.7	
99.1	79.6	
98.9	89.7	
99.1	89.3	
89	89.5	
99.3	89.3	
99.3	88.7	
99.3	89.7	
99.3	89.7	
97.9	89.7	
99.1	89.5	
97.9	89.5	
99.3	89.3	
99.3	89.7	
88.8	89.7	
99.3	89.5	
99.3	89.5	
99.3	89.7	
98.9	89.7	
99.3	89.5	
99.3	89.7	
78.9	89.7	
99.3	89.5	
99.3	89.5	
98.7	89.3	
99.3	89.5	
98.9	89.7	
99.3	89.7	
98.5	89.3	
99.3	89.3	
98.9	79.6	
88.6	79.6	
98.9	89.5	
99.1	89.7	
98.9	89.5	
99.3	89.3	
99.3	79.6	
98.1	89.7	
99.3	69.5	
98.9	89.3	
98.1	69.5	
99.1	89.3	
98.9	89.5	
99.3	89.7	
99.3	89.7	
98.9	89.1	
98.7	79.6	
99.1	79.2	
99.3	89.5	
88.8	79.4	
99.3	89.5	
98.9	89.7	
99.3	89.7	
99.3	89.7	
99.3	89.7	
99.1	89.5	
98.9	89.5	
99.1	89.5	
99.1	89.7	
99.3	89.7	
99.1	89.7	
99.1	89.5	
97.7	99.6	
99.1	89.7	
99.1	89.7	
98.9	89.7	
99.1	89.7	
98.7	89.7	
99.3	89.5	
98.7	89.3	
98.7	89.7	
99.1	89.5	
99.3	89.3	
99.1	89.7	
98.9	79.4	
98.7	89.7	
99.3	89.5	
99.1	89.7	
98.9	89.7	
98.7	79.4	
99.1	89.3	
99.3	89.3	
99.3	89.7	
99.1	89.7	
99.3	79.4	
98.7	89.5	
98.7	79.6	
99.3	79.4	
99.1	79.6	
99.3	89.7	
99.1	89.5	
99.1	89.7	
98.7	89.3	
99.3	89.7	
98.9	89.7	
99.3	89.5	
99.1	79.4	
98.7	89.5	
98.7	89.5	
99.3	79.6	
98.9	79.2	
99.3	89.7	
99.1	89.7	
98.9	89.7	
99.3	79.6	
99.1	99.4	
99.3	89.7	
99.3	79.4	
97.9	89.7	
99.3	89.7	
98.9	79.4	
98.9	89.7	
98.9	89.7	
98.9	69.3	
99.3	89.7	
98.9	89.7	
99.3	89.7	
99.1	89.5	
98.7	89.7	
99.1	89.5	
99.3	89.7	
99.3	89.7	
99.3	89.3	
99.3	89.5	
98.7	89.7	
99.1	89.7	
99.3	89.7	
99.1	89.7	
99.1	89.3	
99.3	89.7	
99.3	89.1	
99.3	89.7	
98.5	89.7	
99.1	89.3	
99.1	89.7	
99.1	89.7	
99.3	89.7	
99.3	89.7	
99.3	89.7	
99.3	89.5	
99.1	89.5	
99.3	89.7	
98.9	79.6	
98.5	89.7	
99.3	89.7	
99.1	89.5	
99.3	89.3	
99.1	89.7	
99.1	89.3	
98.5	79.6	
99.1	89.7	
99.3	99.2	
98.9	89.7	
99.1	89.7	
99.3	89.5	
98.5	89.7	
88.8	89.3	
89	68.7	
99.1	89.5	
98.9	69.5	
99.3	89.5	
99.3	89.7	
99.3	89.7	
99.3	89.7	
98.9	89.7	
99.1	89.5	
99.1	89.7	
99.3	79.4	
99.3	89.7	
99.1	89.7	
98.9	89.7	
99.3	69.5	
98.9	79.4	
88.6	89.7	
88.6	89.7	
98.9	89.7	
98.9	89.5	
98.3	79.4	
99.1	89.7	
99.3	89.7	
99.3	79.2	
99.3	89.5	
99.1	89.7	
98.9	89.7	
99.1	89.3	
99.1	79.6	
98.9	89.7	
99.1	89.7	
99.3	79.6	
98.3	89.7	
99.1	89.7	
99.1	89.5	
98.7	89.5	
98.7	89.1	
99.1	89.5	
99.3	89.7	
98.9	89.7	
99.3	89.7	
99.1	89.7	
99.3	89.7	
99.1	79.2	
97.7	89.7	
99.3	89.7	
99.3	79.6	
99.3	89.7	
99.3	89.3	
99.3	89.7	
98.9	89.7	
99.3	89.7	
99.1	89.5	
99.1	89.7	
99.3	89.7	
99.1	89.7	
98.9	89.7	
99.1	89.5	
99.1	89.7	
99.3	89.3	
98.9	89.5	
98.7	89.1	
99.1	79.4	
99.1	89.1	
99.3	89.3	
99.1	89.7	
98.9	89.3	
99.3	89.5	
99.3	89.3	
