98.9	89.5	
99.3	89.7	
99.3	59	
89.2	89.7	
99.3	79.6	
99.1	89.7	
98.5	79.6	
98.7	89.7	
98.1	89.7	
98.7	89.7	
99.1	89.7	
99.3	89.5	
99.1	89.7	
99.1	89.5	
98.7	89.3	
99.3	89.5	
98.9	89.5	
99.3	99	
79.3	89.1	
99.3	99.6	
99.3	99.2	
99.1	79.6	
98.9	89.3	
97.9	89.5	
79.1	99.6	
99.3	89.3	
99.3	79.6	
59.1	79.6	
98.3	89.3	
98.5	89.7	
99.1	89.7	
99.3	89.7	
99.3	89.7	
88.8	99.4	
98.9	89.5	
99.3	89.7	
99.3	99.6	
99.3	89.5	
99.3	68.7	
97.9	89.7	
98.9	89.5	
99.3	89.5	
99.3	79	
99.3	89.5	
99.3	89.7	
99.3	59.4	
99.3	89.5	
99.1	99.6	
99.3	89.7	
99.3	89.7	
99.3	79.6	
99.1	79.6	
99.3	79.4	
98.9	89.5	
98.7	89.7	
99.3	99.6	
99.1	49.3	
87.6	59.4	
97.3	89.3	
98.3	69.5	
36.1	89.7	
99.1	89.7	
99.3	89.7	
99.1	79.4	
99.1	89.5	
99.1	78.8	
99.3	89.7	
98.5	89.7	
98.3	79.6	
99.3	88.9	
99.1	89.5	
99.3	79.6	
99.1	89.5	
99.3	89.5	
98.9	89.3	
99.3	99.6	
98.7	89.7	
68.2	79.6	
99.3	89.5	
98.1	89.7	
78.9	89.5	
98.9	89.7	
98.7	89.5	
97.9	89.7	
98.1	89.7	
98.9	89.7	
99.1	89.1	
98.7	99.4	
98.1	89.5	
99.1	79.6	
78.5	89.5	
79.3	89.5	
99.1	99.4	
98.9	89.5	
98.1	88.5	
99.1	89.7	
99.1	89.7	
99.1	79.6	
98.7	89.7	
99.1	89.7	
99.1	89.7	
98.5	89.5	
99.3	89.5	
99.3	89.7	
79.5	89.7	
99.1	78.6	
79.1	79.4	
99.1	89.7	
98.9	79.6	
99.3	79.6	
99.3	99.6	
99.3	99	
58.1	89.7	
98.7	89.1	
99.1	89.7	
98.7	89.1	
98.7	79.4	
99.3	89.7	
98.7	89.7	
99.1	99.2	
89	89.5	
98.7	79.6	
99.1	89.7	
99.3	89.7	
98.7	79.2	
99.1	89.7	
99.3	89.7	
99.3	89.7	
99.1	79.6	
98.7	79.2	
99.3	89.3	
98.7	89.5	
99.3	89.7	
98.7	99.6	
98.7	89.1	
99.3	89.7	
99.1	89.7	
98.7	89.5	
99.1	89.7	
78.9	79.6	
99.3	79.2	
98.7	89.1	
97.9	89.5	
98.5	79.6	
98.9	89.7	
98.9	69.5	
99.1	89.5	
99.3	89.7	
99.3	89.7	
98.9	89.1	
69	89.7	
99.1	89.7	
99.1	89.5	
99.3	89.5	
99.1	89.7	
98.9	79.2	
98.7	89.7	
99.1	89.7	
99.3	79.4	
99.1	89.7	
99.1	79.6	
89	89.5	
99.1	99.2	
79.1	89.7	
99.3	79.6	
98.3	89.3	
99.3	89.5	
99.1	89.7	
99.3	79.4	
98.1	89.5	
79.1	89.3	
99.3	79.6	
99.1	89.7	
98.5	79.6	
99.1	89.7	
98.7	89.7	
99.3	89.5	
97.5	89.7	
89	89.3	
76.9	89.7	
99.1	79.6	
99.3	89.3	
99.1	89.7	
98.7	89.7	
98.9	78.8	
99.1	79	
69.2	89.7	
99.1	89.7	
98.9	79.6	
99.1	79.4	
98.5	79.6	
98.9	89.7	
99.3	99.4	
58.5	89.7	
99.3	79.6	
78.7	88.7	
99.1	89.5	
99.1	79.6	
98.5	99.2	
78.9	89.7	
98.7	89.7	
99.1	89.7	
69.2	89.3	
58.7	79.6	
98.7	89.1	
79.1	87.7	
99.3	89.5	
98.7	59.4	
98.9	89.7	
98.7	89.7	
99.3	79.2	
99.1	79.4	
99.1	89.7	
98.7	88.1	
99.1	48.9	
98.9	89.7	
77.9	89.7	
98.7	89.7	
99.3	89.5	
98.9	89.7	
99.3	88.9	
99.3	89.5	
98.9	89.3	
98.9	79	
99.3	99.6	
98.7	89.7	
99.1	79.4	
98.7	89.7	
99.3	69.3	
99.3	89.1	
98.9	89.7	
99.3	69.1	
99.3	89.5	
98.9	89.7	
98.7	89.5	
99.1	89.3	
98.7	89.7	
99.1	79.6	
98.9	89.1	
99.1	79.6	
99.3	89.7	
99.1	89.7	
99.1	79.2	
98.9	89.7	
99.3	89.7	
77.5	89.3	
98.3	89.5	
99.3	69.1	
98.7	89.7	
99.1	99.6	
98.5	89.5	
99.1	89.5	
98.3	89.5	
98.9	89.7	
98.7	89.3	
98.9	89.7	
79.1	79.6	
99.1	79	
99.3	89.7	
98.1	89.5	
99.3	89.7	
98.5	89.1	
98.7	89.7	
99.1	59	
99.1	69.3	
99.3	78.8	
99.3	89.1	
99.1	89.7	
99.1	89.7	
99.3	89.7	
99.1	89.5	
99.3	88.5	
98.7	79.6	
98.7	89.7	
99.1	79.4	
98.7	89.7	
99.3	99.4	
99.3	89.5	
99.3	79.4	
99.1	89.5	
99.3	79.4	
98.9	89.7	
98.9	89.5	
99.1	89.7	
98.9	78.6	
99.1	99.6	
99.1	89.7	
99.1	89.7	
99.1	99	
98.9	89.5	
58.9	68.9	
98.9	98.8	
99.1	89.7	
99.3	89.1	
89	89.1	
98.7	89.5	
98.7	89.7	
97.9	89.1	
99.3	89.7	
99.3	89.7	
77.9	89.7	
99.1	89.7	
98.9	89.5	
98.5	89.7	
99.1	89.3	
98.7	68.9	
98.9	89.7	
98.9	89.7	
98.3	89.7	
98.9	89.1	
99.1	89.7	
99.1	89.7	
98.9	89.7	
99.1	89.7	
77.3	79.4	
99.3	87.3	
99.1	99.4	
98.3	79.4	
98.9	89.5	
98.7	89.7	
98.7	89.5	
99.1	89.7	
98.7	79.4	
99.3	79.2	
99.1	89.7	
99.3	89.7	
99.3	99.6	
99.1	77.2	
98.9	99.6	
99.1	79.4	
99.3	89.5	
98.9	89.5	
98.3	89.3	
99.1	89.7	
98.7	79	
99.1	89.7	
99.3	88.9	
99.3	79.6	
98.9	99.6	
99.3	79.6	
99.1	89.5	
98.5	89.7	
98.5	89.7	
98.9	89.7	
99.3	89.5	
98.5	89.7	
99.3	89.5	
99.1	89.7	
99.3	89.7	
99.1	89.7	
99.1	89.3	
99.3	89.7	
99.3	89.5	
99.3	89.7	
79.1	79.6	
98.9	89.7	
99.3	89.7	
98.9	89.5	
98.7	89.7	
99.3	99.6	
99.3	89.7	
99.3	89.5	
99.3	89.7	
99.1	79.6	
88.2	79	
98.7	89.5	
99.1	89.7	
79.3	89.5	
89	89.7	
98.9	89.7	
98.7	69.1	
98.7	89.7	
98.9	89.3	
99.1	89.5	
98.9	89.7	
99.3	89.5	
99.3	89.7	
99.1	79.4	
98.9	79.4	
98.7	88.7	
98.5	89.7	
99.3	79.4	
98.9	89.7	
99.3	79.6	
98.5	89.7	
98.9	89.7	
99.1	99.4	
98.9	99.6	
98.7	89.5	
99.3	89.7	
98.9	79	
99.1	89.7	
99.1	89.7	
98.7	89.7	
99.3	89.5	
99.1	89.5	
99.3	89.7	
99.3	89.1	
99.1	79.6	
99.3	59.2	
99.1	89.7	
99.3	89.5	
99.1	79.2	
99.3	89.7	
99.3	69.3	
98.9	89.7	
99.1	89.7	
98.9	89.7	
99.1	89.1	
98.7	89.7	
99.1	89.7	
99.1	89.7	
99.3	89.7	
98.5	69.1	
98.9	89.7	
99.3	89.7	
98.9	79.6	
98.9	79.2	
99.3	89.7	
99.1	89.3	
99.3	79.6	
98.3	89.5	
98.7	79.4	
99.3	89.7	
98.9	89.5	
99.3	89.7	
99.1	89.5	
99.3	89.7	
98.9	89.7	
99.1	79.6	
99.3	89.5	
99.1	89.7	
98.5	89.3	
99.1	89.7	
99.3	89.7	
78.9	99.2	
99.3	88.5	
98.9	89.7	
98.5	89.7	
98.9	79.4	
99.1	89.7	
98.9	89.5	
99.3	89.7	
97.9	77.4	
99.1	89.5	
97.7	79	
99.1	89.7	
99.1	89.7	
99.3	79.2	
99.3	89.1	
98.7	89.5	
99.3	89.7	
99.3	89.3	
99.1	69.1	
98.9	89.7	
98.9	59.4	
98.9	89.7	
99.1	79.2	
97.9	79.6	
99.3	89.7	
58.7	89.5	
99.3	89.7	
99.3	99.4	
79.3	89.7	
99.3	89.5	
99.1	89.5	
99.3	89.5	
99.3	99.4	
99.1	89.7	
99.1	89.5	
98.9	99.4	
98.3	89.7	
99.1	89.7	
98.9	89.1	
78.7	79.6	
98.9	79.6	
99.3	89.7	
98.7	89.3	
99.1	79.6	
99.3	89.7	
99.3	79.2	
98.9	89.5	
98.9	89.7	
99.3	79	
98.5	79.2	
98.5	89.7	
99.1	99.6	
88.6	89.7	
98.9	79.2	
99.3	88.9	
98.9	89.1	
98.9	89.7	
98.7	89.1	
99.1	89.7	
99.3	89.7	
99.3	89.7	
99.3	89.1	
79.3	89.5	
99.3	89.5	
99.1	89.5	
99.3	89.7	
99.3	79.2	
99.3	88.5	
99.3	89.7	
99.1	79.6	
99.3	89.5	
98.9	99	
99.3	79.4	
99.3	69.5	
99.1	79.6	
99.3	77.8	
99.1	89.5	
99.3	58.8	
98.7	79.4	
98.7	89.5	
98.9	89.5	
99.1	89.7	
98.7	89.7	
99.3	89.7	
97.3	89.5	
99.3	89.7	
99.1	89.7	
98.9	99.4	
99.3	89.7	
99.1	89.5	
98.7	89.5	
99.1	89.5	
98.9	89.7	
98.9	59.4	
88.4	58.2	
98.3	89.7	
99.3	89.7	
98.3	89.5	
98.5	89.7	
79.1	79.4	
98.5	79.6	
99.3	89.3	
97.9	79.6	
98.9	89.7	
98.7	89.7	
99.1	69.3	
99.1	99.4	
98.7	89.7	
99.1	89.7	
98.7	89.5	
99.1	59.4	
99.3	79.6	
98.9	89.3	
88.8	89.7	
68.8	99.6	
98.7	89.7	
98.7	89.7	
99.3	89.7	
99.1	89.7	
96.9	89.5	
59.1	79.4	
99.1	89.7	
99.3	89.7	
78.9	89.5	
68.2	79.6	
99.1	89.7	
98.5	89.5	
99.3	79.2	
98.5	79.2	
98.7	89.5	
98.9	89.5	
98.7	89.5	
99.1	89.1	
99.1	89.1	
98.7	79.4	
98.7	89.5	
99.1	79.6	
99.1	89.7	
98.1	89.5	
99.1	89.5	
98.7	89.7	
87.8	89.1	
99.3	88.5	
77.9	89.7	
98.1	89.7	
99.1	89.7	
99.1	89.5	
99.3	89.7	
58.9	69.1	
99.1	69.3	
99.1	89.7	
98.7	89.3	
99.1	89.7	
99.1	79.6	
98.9	79.4	
99.3	89.7	
98.9	89.7	
98.9	89.7	
98.7	89.3	
99.1	99.6	
88.4	89.7	
98.7	89.7	
99.1	89.7	
98.7	89.5	
99.3	89.7	
99.1	89.5	
99.1	59	
99.1	49.1	
99.3	89.7	
78.7	89.7	
99.1	89.7	
99.1	89.5	
99.3	89.5	
98.9	89.7	
87.8	89.7	
98.9	58.6	
98.9	89.5	
98.5	79.6	
99.3	89.7	
99.1	79.6	
98.9	89.7	
98.7	79.2	
99.1	79	
99.1	59	
99.1	79.6	
98.9	99.4	
98.7	89.7	
98.9	89.5	
99.1	79.6	
57.1	79.6	
98.7	89.7	
99.3	89.7	
98.9	89.7	
99.1	89.7	
98.7	89.7	
99.1	89.5	
99.1	79.4	
78.7	89.3	
98.7	89.1	
98.9	89.7	
99.3	79.4	
99.1	89.7	
98.9	89.5	
99.1	79.6	
98.5	89.7	
97.5	89.7	
99.3	79.4	
58.9	89.7	
99.1	79.4	
98.9	89.7	
99.1	89.7	
99.1	89.7	
98.9	89.5	
98.5	68.9	
99.3	79.4	
99.3	89.7	
99.1	89.7	
98.9	89.7	
98.9	89.7	
99.3	89.7	
98.7	89.5	
98.7	99.4	
99.3	99.6	
99.1	89.7	
69	89.5	
98.5	69.5	
99.1	99.4	
99.3	89.7	
99.3	99.6	
98.7	89.7	
99.3	89.7	
98.5	99	
47.4	89.5	
99.1	89.7	
99.3	89.7	
99.1	78.8	
99.3	89.3	
99.3	89.5	
99.1	99.6	
98.5	89.7	
98.7	79.6	
99.3	88.9	
99.3	89.7	
98.9	79.4	
99.1	89.3	
88	89.5	
99.1	89.7	
99.3	88.9	
57.5	89.3	
98.9	89.5	
99.3	78	
98.9	89.7	
99.1	89.7	
78.1	89.7	
99.1	89.7	
99.3	79	
99.3	89.7	
79.1	79.2	
99.3	79.4	
99.3	38.2	
98.5	89.7	
99.3	89.7	
98.7	89.7	
98.5	79.4	
99.1	89.7	
99.3	89.3	
98.9	79.6	
98.9	89.7	
98.3	89.7	
98.9	89.5	
77.1	89.3	
99.1	89.7	
98.7	89.7	
99.1	89.7	
98.7	89.7	
99.3	89.1	
98.7	89.7	
98.9	89.5	
99.3	69.3	
99.3	89.7	
99.3	89.7	
98.5	89.7	
98.1	89.5	
98.7	79.4	
99.1	89.7	
17.7	89.5	
89.2	79.4	
98.5	99.6	
99.1	89.7	
99.3	79.6	
99.1	99.4	
99.1	89.5	
79.1	99.6	
98.5	49.3	
78.9	69.5	
99.3	79.6	
98.3	89.7	
99.3	89.7	
98.5	79.4	
98.9	68.7	
99.3	99.2	
99.1	89.5	
99.1	89.7	
99.3	89.7	
98.7	89.7	
99.3	79.4	
99.1	89.5	
99.3	79.6	
99.3	89.7	
98.7	89.5	
99.1	99.4	
79.5	89.7	
99.1	89.7	
99.3	59.2	
79.3	89.7	
99.3	89.7	
98.7	89.5	
99.1	89.3	
99.3	89.7	
98.7	89.3	
99.3	89.5	
98.5	79.4	
99.1	69.5	
99.1	79.4	
99.1	89.7	
79.3	89.3	
98.3	89.7	
99.1	89.3	
98.3	79.6	
98.5	79.6	
99.1	79.4	
99.1	89.3	
99.3	89.3	
99.1	99.6	
98.7	89.7	
99.3	89.7	
98.5	89.7	
99.1	89.7	
99.1	89.7	
98.5	89.5	
98.1	89.7	
88.2	79.6	
98.9	89.3	
97.3	79.6	
99.1	89.7	
99.3	89.3	
99.3	89.5	
99.3	89.7	
98.9	79.6	
98.9	89.7	
99.1	88.9	
99.1	89.7	
79.3	99.6	
98.9	99.6	
98.9	89.5	
79.1	89.7	
98.9	89.7	
98.9	99.6	
99.1	89.5	
98.5	69.3	
98.9	89.7	
88.6	89.7	
97.9	89.5	
98.9	79.6	
99.1	89.5	
99.3	79.6	
99.1	89.7	
98.5	79.6	
99.1	89.7	
99.3	89.3	
99.1	79	
99.1	89.7	
99.1	89.3	
99.3	89.7	
99.1	89.3	
99.3	89.7	
98.7	89.7	
98.5	89.5	
99.3	89.7	
99.1	89.5	
99.3	89.7	
98.9	89.7	
98.5	89.7	
99.3	89.3	
97.5	89.7	
98.9	89.3	
98.7	89.5	
98.9	89.5	
98.9	89.3	
98.9	89.7	
99.3	99.6	
98.7	89.5	
98.5	89.7	
99.1	88.9	
99.1	89.3	
79.3	89.7	
98.9	59.4	
98.9	89.7	
98.7	89.3	
99.3	89.7	
98.7	89.7	
79.1	79.6	
79.3	99.4	
97.1	79.6	
99.3	69.5	
99.1	89.7	
98.5	89.7	
99.1	79.2	
99.1	89.5	
98.5	89.5	
99.1	89.5	
98.1	98.8	
99.3	79.6	
99.3	89.7	
99.3	89.5	
99.3	99.6	
99.3	89.7	
99.1	79.6	
79.1	99.4	
89	89.7	
98.3	89.7	
98.9	89.5	
87.4	89.3	
99.3	89.3	
99.1	88.9	
99.1	69.5	
98.9	79.6	
99.1	99.6	
99.3	89.5	
98.9	89.7	
99.1	89.5	
98.5	99.6	
77.3	99.4	
99.1	89.7	
99.3	89.7	
78.7	89.5	
98.7	89.7	
68.8	89.7	
97.7	79.2	
99.1	89.5	
99.1	89.7	
98.9	89.7	
98.5	69.1	
97.9	79	
98.5	88.7	
98.9	79.4	
99.1	89.7	
99.1	89.7	
98.9	89.7	
98.7	89.3	
99.3	79.6	
99.1	89.5	
78.5	89.7	
99.1	89.1	
99.1	99.6	
98.9	79.2	
98.9	89.7	
99.3	69.5	
98.5	89.7	
99.1	89.7	
98.1	69.1	
99.3	89.7	
99.1	89.3	
98.9	79.6	
99.3	89.5	
98.5	89.7	
99.1	89.1	
99.3	88.9	
99.3	99.6	
98.7	79.2	
98.9	79.2	
99.3	89.7	
98.7	89.7	
98.7	89.7	
98.9	89.7	
98.3	89.7	
79.1	89.3	
99.1	89.5	
88.6	89.7	
99.3	79.6	
98.7	89.7	
98.9	88.7	
78.1	89.3	
99.3	89.5	
98.9	89.5	
99.1	89.5	
99.1	89.5	
98.3	79.4	
99.3	89.7	
68.8	89.7	
98.7	79.2	
87.6	89.5	
98.3	89.7	
99.3	89.5	
98.5	89.5	
99.1	78.8	
99.3	89.7	
98.9	68.9	
99.3	89.1	
98.9	79.2	
98.9	89.5	
98.5	89.3	
99.1	89.7	
99.3	69.5	
99.3	89.7	
99.3	89.7	
99.3	89.7	
98.9	79.4	
59.3	99.2	
99.3	89.7	
99.3	79.6	
99.1	89.5	
99.1	89.7	
99.1	88.9	
98.9	89.7	
98.7	89.7	
98.9	89.5	
99.3	89.7	
99.1	89.7	
99.1	89.7	
99.1	99.2	
99.1	89.7	
99.3	89.7	
98.3	99.6	
98.1	89.5	
98.9	89.3	
99.1	79.6	
99.3	79.6	
99.3	89.7	
98.7	88.7	
99.3	89.7	
99.3	89.7	
98.9	89.5	
98.3	79.6	
99.3	89.3	
99.1	89.5	
98.3	79.4	
98.5	89.3	
98.3	89.5	
98.7	99.6	
98.5	89.3	
98.9	89.7	
99.3	89.5	
99.3	89.7	
98.5	89.7	
99.3	89.5	
99.1	79.6	
59.1	89.1	
98.1	79.4	
98.5	89.5	
99.1	89.7	
98.9	89.5	
99.1	89.7	
99.3	89.5	
99.3	89.7	
99.3	89.5	
99.1	89.7	
99.3	89.7	
98.3	89.5	
98.5	89.5	
99.1	79	
99.3	88.9	
99.1	89.3	
99.3	79.4	
99.3	89.5	
