99.1	99.6	
99.1	99.6	
99.3	99.6	
99.1	99.4	
99.3	99.2	
78.3	99.6	
99.3	99.6	
99.1	99.2	
99.3	99.6	
89	99.6	
98.9	99.6	
99.3	98.6	
99.1	89.3	
99.3	99.6	
87.8	99.2	
99.3	99.6	
99.3	99.6	
99.3	99.6	
99.3	99.6	
98.9	99.6	
99.3	99.4	
99.3	99.6	
99.1	99.6	
99.1	99.4	
99.3	99.2	
99.1	99.6	
98.7	99.6	
99.3	99.6	
99.3	99.6	
99.1	99.6	
99.3	99.6	
99.3	99.6	
98.9	89.1	
99.3	98.8	
99.3	99.6	
99.3	99.2	
99.3	99.6	
89	99.2	
99.3	99.6	
99.3	99.2	
89	88.3	
98.9	99.6	
79.3	99.4	
98.7	99.4	
89	99.6	
99.1	99.4	
98.7	99.6	
98.7	99.4	
89	99.4	
98.7	99.6	
99.1	99	
99.1	99.6	
88.2	99.4	
98.5	99.6	
98.7	98.4	
98.7	99.6	
98.7	89.5	
89	99.6	
89.2	99.4	
99.3	99.6	
88.6	89.3	
99.3	99.6	
98.5	99.4	
99.1	88.7	
99.3	99.6	
99.3	99.4	
79.1	99.6	
88.4	99.6	
99.3	99.4	
98.9	99.6	
98.5	99.6	
99.3	99.6	
89.2	85.5	
99.1	89.5	
89.2	99.6	
99.3	99.6	
99.3	99.6	
99.1	99.2	
99.3	99.2	
89.2	99.6	
99.1	99.6	
99.3	99.6	
99.3	99.6	
99.3	99.6	
99.3	99.6	
98.9	99.4	
98.9	99.6	
98.9	99.6	
99.3	99.4	
99.3	99.4	
99.1	99.6	
99.1	99.6	
99.1	99.4	
99.3	99.4	
98.1	99.2	
99.1	99.2	
99.1	99.2	
89	98.8	
88.8	88.9	
89.2	99.6	
88.4	99.6	
98.5	99.6	
99.1	99.4	
99.1	99.4	
99.3	99.6	
99.3	99.6	
98.9	98.8	
99.3	89.5	
99.1	99.4	
99.3	99.2	
99.3	99.6	
99.3	99.6	
99.3	99	
99.3	99.6	
99.3	99	
99.3	99.6	
99.3	99.4	
88	99.6	
98.7	89.1	
88.6	99.6	
99.3	99.4	
99.3	99.6	
99.3	99.6	
99.3	99.6	
99.3	99	
99.3	99.4	
89.2	99.6	
99.3	99.4	
99.1	99.6	
99.3	99.6	
99.3	89.3	
98.5	99.6	
98.1	98.8	
99.1	99.4	
99.1	99.6	
98.9	99.6	
98.9	99.4	
99.3	99.4	
99.3	99.6	
99.3	99.6	
99.3	99.6	
99.1	99.4	
99.3	99.2	
88.4	99.4	
99.3	89.1	
99.3	99.4	
98.9	89.5	
99.3	99.4	
99.3	98.8	
99.3	99.2	
99.3	99.2	
99.1	99.6	
98.9	99.6	
98.9	89.5	
98.3	99.6	
88.6	99.6	
98.3	99.6	
99.3	89.3	
89	99.6	
99.3	99.4	
99.3	99.6	
99.3	99.6	
98.9	99.6	
99.3	99.6	
99.3	79.4	
99.3	99.6	
99.1	99.6	
99.1	99.4	
99.3	99.6	
97.7	99	
89	99.6	
88.6	99.4	
99.3	99.6	
78.7	99.6	
86.4	99.2	
68.4	99.6	
99.1	99.6	
89.2	99.6	
99.3	99.6	
89.2	99.2	
98.9	89.5	
98.7	99.6	
98.3	99.2	
99.1	99.6	
89.2	99.6	
99.1	99.6	
99.3	99.4	
98.5	99.6	
99.1	99.4	
99.1	99.4	
98.9	99.6	
99.1	99.6	
99.1	89.1	
98.9	89.3	
99.3	99	
99.1	99.2	
98.1	99.6	
99.3	99.4	
99.1	99.4	
98.7	99.4	
98.3	99.4	
99.3	99.6	
99.1	99.6	
99.3	99.6	
88.8	99.6	
99.3	99.6	
98.9	99.6	
99.1	99.6	
98.3	99.6	
98.5	99.6	
98.9	99.6	
99.1	99.6	
78.9	99.4	
98.9	99.4	
98.9	99.6	
99.3	99.6	
88.8	99.4	
89	99.4	
99.3	99.6	
79.1	99.6	
98.7	99.6	
99.1	99.4	
98.7	99.6	
99.3	99.2	
99.1	99.6	
98.1	99.6	
99.3	99.6	
87.8	99.4	
99.1	99.2	
98.9	99.4	
99.1	99.6	
99.1	89.1	
99.3	99.6	
99.1	99.2	
99.1	99.4	
79.3	99.6	
98.5	99.4	
99.1	99.6	
89	99.6	
99.3	99.6	
99.1	99.6	
89.4	79.4	
99.3	99.6	
98.7	99.2	
99.3	88.9	
99.3	99.4	
99.1	99.2	
99.3	99.4	
98.7	99.6	
98.9	99.2	
89	89.3	
99.3	99.2	
89.2	99.6	
98.5	99.4	
97.7	88.7	
99.1	99.4	
99.1	99.6	
99.3	99.6	
89.2	99.4	
99.3	99.4	
88.8	99.6	
99.1	99.6	
99.3	99.6	
86.8	99.6	
99.3	99.6	
99.1	99.6	
99.3	99.2	
88.8	99.4	
99.3	99.6	
99.3	99.6	
98.7	79.2	
98.9	99.2	
89.2	99.6	
89	99.6	
99.1	99.6	
99.1	99.6	
98.9	99.4	
99.1	89.5	
99.3	99.6	
98.9	99.6	
99.3	99.6	
99.1	99.4	
99.1	99.6	
99.3	99.6	
99.1	99.6	
89	99.6	
99.3	99.6	
98.9	99.2	
99.3	99.4	
99.3	99.6	
99.3	99.6	
99.3	99.6	
98.9	99	
99.1	99.6	
87.8	99.6	
99.3	99.6	
98.3	99.4	
99.1	99.4	
99.3	99.6	
99.3	89.3	
98.7	99.6	
89	99.6	
99.3	98.8	
99.3	99.4	
99.3	98.8	
99.3	99.2	
99.3	99.6	
99.1	99.4	
99.1	99.2	
99.3	99.4	
99.3	99.2	
99.3	99.4	
98.9	99.6	
99.1	99.6	
99.1	99.4	
99.3	89.3	
99.3	99.2	
99.3	99.6	
99.3	99.6	
99.1	99.4	
88.8	99.6	
99.3	88.9	
99.3	99.6	
79.1	99.6	
99.1	99.6	
98.3	99.6	
99.3	99.6	
98.7	99.6	
99.3	99	
99.3	99.4	
78.7	99.6	
99.3	99.6	
99.3	99.6	
99.1	99.6	
99.3	89.3	
98.9	99.4	
98.9	99.6	
99.1	99.6	
78.9	99.6	
99.1	99.6	
99.3	99.6	
99.1	99.2	
89	99.2	
99.3	99.6	
99.1	99.4	
99.3	99.6	
99.3	79.2	
98.7	99.6	
99.1	99.6	
99.3	99.6	
99.3	89.3	
99.3	99.6	
99.3	99.6	
99.3	99.6	
99.1	99.6	
98.3	99	
99.1	98.6	
99.3	88.9	
99.3	99.6	
89.2	99.6	
99.3	99	
99.3	99.6	
99.1	99.4	
89.2	89.3	
99.3	89.1	
89.2	99.6	
99.3	99.6	
99.3	99	
99.3	99.6	
99.1	99.4	
99.3	99.6	
99.3	99.6	
99.1	99.6	
99.1	99.6	
99.1	89.3	
99.1	98.8	
99.3	99.6	
99.3	99.6	
99.1	89.5	
99.3	99.4	
99.1	88.9	
98.9	99.2	
99.1	99.6	
99.3	89.5	
99.3	87.5	
99.3	99.6	
99.3	99.6	
78.7	99.6	
88.4	99.6	
99.3	99.6	
99.3	99.6	
99.1	98.8	
99.1	99.4	
99.3	88.7	
89.2	89.1	
99.3	99.6	
98.9	99.4	
99.1	99.6	
99.3	89.3	
99.1	99	
89	99.2	
98.9	99.2	
99.3	99.4	
99.3	99.4	
99.3	99.6	
99.3	89.3	
99.3	99.6	
99.3	99.6	
99.1	99.2	
99.3	99.6	
99.3	99.6	
99.1	99.2	
99.1	99.6	
68.2	99.6	
98.9	99.6	
98.9	99.4	
99.3	99.4	
89	89.1	
99.3	99.6	
98.9	99.6	
88.8	99.6	
99.1	89.5	
99.1	99.6	
99.3	99.4	
99.1	99.2	
99.1	99.6	
98.7	99.6	
99.1	99.4	
99.3	79.2	
98.9	99.6	
99.1	99.6	
88.4	99.4	
99.1	99.2	
99.1	99.6	
99.1	99.6	
99.3	99.4	
89.2	99.4	
99.1	99.2	
88.4	99.6	
78.7	99.6	
99.3	89.3	
99.3	98.6	
99.3	99.6	
98.7	98.8	
99.3	89.3	
99.1	89.3	
99.1	99.6	
99.3	99.6	
99.3	99.6	
99.3	99.6	
99.3	99.6	
88.8	99.6	
98.3	99.2	
99.3	99.6	
98.7	99.6	
99.3	99.6	
99.3	99.4	
99.3	99.6	
78.5	99.6	
99.3	89.3	
89	99.6	
99.1	89.1	
98.9	99.6	
99.3	99.2	
99.3	99.6	
78.9	99	
99.3	99.6	
99.3	99.6	
99.3	99.6	
99.3	99.6	
99.1	99.4	
99.3	99.4	
99.3	99.6	
99.1	99.6	
99.1	99.6	
99.3	99.6	
99.1	99.4	
99.3	99.6	
78.3	99.6	
99.3	99.2	
99.3	99.2	
99.3	99.6	
99.1	89.3	
99.3	99.6	
99.3	99.6	
98.9	99	
79.1	99.2	
99.3	99.6	
99.3	89.5	
99.1	99.4	
99.3	79.4	
98.3	99.4	
89.2	99.6	
99.1	89.5	
99.3	99.4	
89.2	99.6	
99.3	99	
99.3	99.6	
99.1	99.4	
98.9	99.4	
99.3	99.6	
99.3	99.6	
88.8	99.6	
98.9	99.4	
88.6	99.2	
99.3	99.4	
98.9	99.6	
89.2	89.7	
98.7	99.2	
98.5	99.6	
69.2	99.6	
99.3	99.4	
79.1	99.6	
99.1	99.4	
99.3	99.4	
99.3	99.6	
88.8	99.6	
89	99.6	
98.1	99.6	
99.3	99.2	
88.6	99.6	
99.3	78.8	
99.1	99.6	
99.1	99.2	
99.3	99.6	
89	99.4	
99.3	99.6	
99.3	99.2	
99.3	99.6	
99.1	89.3	
98.9	99.6	
99.1	99.6	
99.3	99.6	
99.3	99.6	
99.1	99.6	
98.9	99.4	
99.3	99.6	
79.5	99.6	
99.3	99.6	
98.5	99.4	
98.9	99.6	
99.3	99.6	
89.2	99.2	
89.2	99.6	
98.9	99.6	
99.1	89.5	
98.7	99.2	
99.1	99.6	
98.9	89.3	
99.3	99.4	
99.3	99.6	
99.3	99.4	
99.3	99.6	
98.5	99.4	
78.9	99.4	
99.3	99.6	
99.1	99.6	
99.3	99.6	
99.1	99.2	
99.1	99.6	
98.7	99.6	
87	99.6	
99.3	88.7	
99.3	98.8	
99.3	99.6	
99.1	89.1	
78.7	99.6	
88.8	99.6	
99.3	99.6	
98.9	99.6	
99.1	99.6	
99.1	99.6	
99.3	99.6	
99.1	99.4	
99.3	99.6	
99.3	99.6	
99.3	99.2	
99.1	99.4	
88	99.6	
98.9	79	
99.1	99.6	
99.1	99.6	
99.3	99.6	
99.3	99.6	
99.3	89.5	
99.1	99.6	
99.3	99.4	
99.1	89.3	
99.3	99.6	
99.3	99.6	
99.3	99.6	
98.9	99.6	
98.7	99.6	
88.8	99.6	
99.3	99.6	
99.1	99.6	
99.1	99.6	
99.3	99.6	
99.3	99.6	
88.8	99.6	
68.8	99.6	
99.1	99.6	
98.3	99.4	
99.1	99.6	
99.3	99.6	
99.3	99.2	
99.3	99.6	
99.3	89.5	
88.6	99.4	
99.3	99.4	
89	99.6	
98.9	99.2	
98.9	99.6	
99.3	99.6	
99.3	89.3	
98.9	99.4	
99.1	99.4	
99.1	99.2	
99.3	99.2	
99.3	99.4	
99.1	99.6	
89	99.6	
98.7	99.4	
99.3	99.6	
99.3	89.1	
99.1	89.1	
99.3	99.6	
89	99.6	
98.7	99.4	
99.3	99.4	
98.5	99.6	
89	99.6	
99.3	99.6	
98.1	99.6	
99.3	99.6	
98.1	99.6	
98.7	99.6	
97.9	99.4	
99.3	99.6	
99.1	99.4	
99.3	99.6	
89.2	88.7	
98.7	99.6	
99.1	99.2	
99.1	99.6	
99.3	99.6	
89	99.6	
99.3	89.3	
98.5	99.4	
98.5	99.4	
98.9	99.6	
99.3	99.6	
99.1	99.6	
89.2	99.6	
99.3	99.2	
99.3	99.6	
98.5	99.6	
99.1	99.6	
99.1	99.4	
99.3	99.6	
88.6	99.6	
89	99.6	
89.2	99.6	
98.9	99.6	
99.1	99.4	
99.3	88.9	
99.3	99.6	
99.1	99.6	
99.3	99.6	
99.1	99.6	
99.3	99.6	
99.1	89.5	
99.3	99.6	
99.1	99.6	
99.1	99.6	
98.7	99.6	
99.3	99.4	
78.7	99.6	
99.3	99.4	
89.2	99.6	
99.3	99.6	
88.6	99.6	
99.1	99.6	
89.2	99.6	
89	99.6	
98.7	88.9	
99.3	99.6	
98.5	99.6	
99.1	99.6	
99.1	99.6	
99.3	99.6	
99.3	99.2	
99.3	99.6	
98.9	99.6	
99.3	89.3	
99.1	89.1	
98.7	99.6	
99.1	99.6	
99.1	99.6	
99.3	99.4	
99.3	89.5	
98.5	99.6	
99.3	99.6	
98.9	99.6	
99.3	99.6	
98.7	99.6	
99.3	99.6	
99.3	99.6	
98.5	99.6	
99.3	89.5	
99.3	99.6	
99.3	99.6	
99.1	99.6	
88.2	99.4	
99.3	89.1	
99.3	99.2	
99.3	99.6	
99.3	99.6	
99.3	99.6	
99.1	99.4	
99.1	99.2	
98.7	99.6	
99.1	99.6	
98.7	99.4	
99.1	99.4	
98.7	89.1	
99.3	99.6	
78.7	99.4	
99.1	99.6	
99.3	99.4	
99.1	99.2	
98.7	89.3	
99.3	99.6	
98.3	99.6	
99.3	99.2	
99.3	99.6	
99.1	99.6	
99.1	99.2	
99.1	99.6	
99.3	78.8	
99.3	99.4	
99.3	99.4	
99.1	99.2	
99.3	99.6	
89	99.4	
99.1	99.6	
89	99.4	
98.7	99.6	
99.1	99.2	
98.5	99.6	
88.6	99.6	
99.3	89.3	
99.3	98.8	
99.3	99.6	
98.7	99.4	
99.3	89.1	
89.2	99.6	
88.6	99.6	
98.3	99.4	
99.3	89.3	
99.3	85.7	
99.3	98.6	
99.3	99.6	
98.9	99.6	
99.3	99.6	
99.3	99.6	
88.2	99.6	
99.1	99.6	
99.1	99.6	
99.3	99.6	
99.3	99.4	
99.3	89.3	
99.3	99.6	
99.3	99.6	
99.1	99.6	
98.9	99.6	
88.4	99.6	
99.1	99.6	
99.3	98	
98.9	99.4	
99.3	99.4	
99.3	99.6	
99.1	99.6	
99.3	99.6	
99.1	99.2	
99.3	99.6	
88.4	99.6	
99.1	99.6	
98.9	99.2	
99.3	99.6	
98.9	99.6	
99.1	99.6	
99.1	89.1	
98.9	99.6	
99.1	99.4	
99.3	99.6	
99.3	99.6	
98.9	99.6	
99.1	99.4	
99.3	99.6	
99.3	99.6	
89.2	89.3	
88.8	99.6	
99.1	99.6	
87.8	99.6	
98.7	99.6	
99.3	99.6	
99.1	99.4	
99.1	99.6	
98.7	99.4	
99.1	99.6	
99.3	99.4	
98.9	99.6	
99.3	99.4	
99.3	99	
89	89.1	
99.3	99.4	
99.3	99.6	
78.9	99.6	
99.3	99.6	
99.1	89.3	
99.3	89.1	
99.3	99.4	
89.2	99.6	
98.7	99.2	
89	99.4	
88.2	99.6	
99.3	99.6	
98.9	99.6	
98.9	99.6	
98.9	99.6	
99.1	99.6	
99.3	99.6	
98.9	99.4	
99.3	99.4	
88.6	99.4	
99.3	99.6	
99.3	99.4	
99.3	99.4	
99.1	99.4	
98.9	99.2	
98.1	99.6	
99.3	99.6	
98.9	99.6	
99.1	68.9	
99.3	99.6	
98.9	99.6	
78.3	99.6	
99.3	99.6	
99.1	99.6	
89	99.6	
89.2	99.6	
99.3	99.6	
99.3	99.6	
99.1	99.6	
99.3	99.4	
99.3	99.6	
99.1	99.6	
99.3	99.4	
98.9	99.2	
79.3	99.6	
99.3	99.4	
98.9	99	
99.3	79.2	
99.1	99.4	
99.1	99.6	
99.3	99.6	
99.3	99.4	
98.9	99.4	
88.6	99.2	
99.3	99.6	
99.1	99.4	
98.9	99.6	
99.3	99.6	
98.5	99.6	
99.3	99.2	
99.3	99.4	
87.8	99.4	
77.3	99.6	
99.3	99.6	
99.3	99.2	
99.3	99.6	
99.1	99.4	
99.3	99.4	
88.6	99.6	
99.1	99.4	
99.3	99.4	
99.3	68.5	
99.3	99.4	
99.3	99.2	
99.3	89.3	
98.3	99.6	
99.1	99.6	
98.7	99.2	
98.5	99.6	
99.3	99.6	
99.3	99.6	
99.3	89.5	
98.9	78.8	
99.1	99.4	
99.3	99.6	
98.9	99.6	
99.3	99.4	
88.4	99.4	
98.9	99.4	
89	99.6	
99.3	99.4	
98.7	99.6	
99.1	99.4	
58.7	79.4	
99.3	99.6	
99.3	99.4	
99.3	99.4	
98.5	99.6	
88.4	99.6	
99.1	99.6	
99.3	99.6	
99.3	99.6	
99.3	99.6	
99.3	99.6	
98.7	99.6	
98.7	99.4	
98.7	99.4	
99.1	99.6	
98.9	99.6	
88.8	99.6	
99.3	99.6	
98.9	99.6	
99.3	99.6	
98.1	99.6	
99.3	89.3	
99.1	99.6	
99.3	99.6	
78.9	99.6	
99.3	99.6	
89.2	99.6	
99.3	88.7	
99.3	99.6	
98.5	99.6	
99.3	99.6	
99.1	99.4	
98.9	99.6	
98.9	99.6	
99.3	99.2	
99.3	99.6	
99.1	99	
99.3	99.2	
87.8	99.6	
99.3	99.6	
98.7	99.6	
99.3	99.4	
98.7	99.6	
98.9	99.6	
89	99.6	
99.3	99.6	
97.7	99.6	
99.1	99.6	
98.5	99.4	
98.9	99.6	
99.3	99.6	
99.1	99.6	
99.3	99.6	
89	99.6	
99.3	99.4	
99.3	88.9	
99.1	79	
99.3	99.6	
99.3	99.6	
98.9	99.6	
99.1	99.6	
98.7	99.6	
99.3	99.6	
99.3	99.4	
99.3	89.3	
99.1	99.6	
98.5	99.4	
98.9	99.6	
99.3	99.6	
88.2	99.4	
98.9	99.6	
99.3	99.6	
99.3	99.4	
99.1	99.6	
99.3	99.6	
99.1	99.4	
89	99.4	
98.9	99.2	
99.3	99.4	
99.1	99.2	
98.3	99.6	
99.3	99.6	
89.2	99.4	
99.3	99.2	
99.1	99.4	
99.3	99.2	
77.9	99.2	
99.1	99.4	
99.3	99.4	
99.1	99.6	
89.2	99.6	
