99.3	89.7	
99.1	99.4	
98.7	79.6	
99.1	89.7	
98.9	79.2	
99.3	89.7	
99.1	89.7	
99.3	89.7	
99.3	89.7	
99.3	89.7	
99.3	89.7	
97.1	89.5	
99.3	89.5	
98.9	89.7	
99.3	89.5	
99.1	89.7	
97.7	89.7	
99.1	89.7	
98.9	89.5	
98.9	89.7	
99.3	89.7	
98.9	79.2	
99.1	89.7	
99.3	89.7	
99.1	89.7	
99.3	89.7	
99.1	89.7	
99.1	89.7	
99.3	79.6	
99.3	89.3	
99.3	79.6	
99.3	89.7	
98.7	69.1	
99.3	89.7	
99.3	89.7	
47.8	89.5	
99.3	89.7	
99.3	89.7	
99.3	79.2	
98.9	89.5	
99.3	89.5	
98.7	89.7	
98.7	89.7	
98.9	89.7	
99.1	89.7	
99.1	89.7	
99.1	89.7	
99.3	89.7	
98.9	89.7	
99.3	79.4	
99.3	89.7	
99.3	89.7	
98.7	89.7	
99.1	89.7	
98.9	59.2	
98.9	89.7	
99.3	89.7	
99.3	89.7	
98.1	89.7	
98.9	89.7	
99.3	89.7	
99.1	89.7	
99.3	79.4	
98.9	89.7	
99.3	89.7	
99.1	89.7	
99.3	89.7	
99.1	89.5	
98.7	89.3	
99.1	89.7	
99.1	89.5	
99.3	89.3	
99.3	89.7	
98.3	99.6	
98.9	89.7	
98.7	79.6	
89.2	99.6	
98.5	79.6	
99.3	79.6	
99.3	89.5	
99.3	89.7	
99.3	89.7	
99.1	89.7	
98.7	99.6	
99.1	89.5	
99.1	89.7	
98.9	89.7	
99.1	79.2	
99.1	89.7	
98.9	89.7	
98.7	89.7	
99.1	89.7	
99.1	69.3	
99.3	79.4	
99.1	89.7	
99.3	79.6	
99.1	89.7	
99.1	79.4	
99.1	79.6	
99.1	79.4	
99.3	89.7	
98.7	99.6	
98.9	99.6	
98.3	79.6	
99.1	89.3	
98.9	79.6	
99.1	89.7	
99.3	89.7	
98.9	79.6	
98.7	89.7	
99.3	89.7	
98.7	89.7	
99.3	89.7	
99.1	89.7	
99.3	89.7	
99.1	89.5	
98.9	89.7	
89.2	89.7	
99.1	89.7	
99.1	89.7	
99.3	89.5	
99.3	89.7	
99.3	89.7	
99.1	89.5	
99.1	89.7	
99.3	79.6	
99.1	89.7	
99.3	89.7	
99.3	89.3	
98.9	89.7	
99.3	89.7	
98.9	89.7	
99.1	87.9	
99.3	89.3	
98.9	89.7	
99.3	89.7	
98.9	79.6	
99.3	89.7	
99.3	89.7	
88	89.5	
99.3	89.7	
88.6	89.5	
99.3	89.7	
99.3	79.6	
99.1	89.7	
99.3	89.7	
98.5	89.7	
99.3	89.7	
89	79.6	
97.9	89.7	
99.1	89.5	
99.3	89.3	
98.7	89.7	
99.3	89.7	
99.3	89.7	
99.3	89.7	
99.1	89.7	
99.3	89.7	
98.7	89.7	
78.9	89.7	
99.3	89.7	
99.1	89.7	
99.1	89.7	
98.5	89.7	
99.3	89.5	
88.8	89.7	
99.3	89.7	
99.1	89.7	
99.3	89.7	
99.3	89.3	
99.3	89.7	
99.1	89.7	
98.7	89.7	
99.3	89.7	
99.3	99.6	
99.1	89.5	
98.5	99.2	
99.1	89.7	
98.7	89.7	
99.3	89.7	
99.3	79.6	
99.1	79.6	
99.1	89.3	
99.3	89.5	
99.3	89.3	
99.3	79.4	
99.3	89.5	
99.3	89.7	
99.3	89.7	
98.7	89.5	
99.3	89.7	
99.1	79.6	
99.1	89.5	
99.3	89.5	
98.9	99.6	
99.3	89.5	
99.1	89.7	
98.9	89.7	
98.5	89.5	
99.3	89.7	
99.1	89.7	
99.1	69.5	
99.3	89.7	
99.1	89.7	
99.1	89.7	
99.3	89.7	
99.3	89.7	
99.3	89.7	
99.1	99.6	
99.1	89.5	
99.3	89.7	
99.1	89.7	
89	79.6	
99.1	89.7	
99.3	79.6	
98.7	79.6	
98.9	89.7	
99.3	89.7	
99.3	89.3	
99.3	89.5	
99.3	89.5	
99.3	89.7	
98.7	89.5	
89	89.7	
99.3	89.5	
99.3	79.4	
99.3	89.7	
99.3	89.7	
99.1	89.7	
99.1	89.7	
99.1	89.5	
99.3	59.4	
99.1	89.7	
98.9	89.7	
99.1	89.7	
99.1	89.7	
98.9	89.7	
98.9	69.1	
89.2	89.7	
99.3	89.7	
98.3	89.7	
99.3	89.7	
98.9	79.4	
99.1	89.7	
99.3	89.7	
99.3	89.7	
99.3	89.7	
99.1	89.5	
99.3	89.7	
89.2	89.7	
99.3	88.9	
99.3	79.2	
99.1	89.7	
99.3	89.7	
98.7	89.7	
89	99.6	
99.1	89.7	
99.3	79.4	
99.3	79.2	
98.7	89.7	
99.3	89.5	
98.5	89.5	
99.1	89.7	
99.1	89.7	
99.3	89.7	
99.1	89.7	
98.9	79.2	
98.9	89.5	
99.1	89.7	
98.9	89.7	
99.3	89.5	
99.1	89.7	
98.9	79.6	
98.7	89.7	
99.3	89.7	
99.1	89.7	
98.7	89.7	
99.1	89.7	
99.3	79.2	
89	89.7	
99.3	89.7	
99.1	89.7	
98.3	89.7	
99.3	89.5	
99.1	89.7	
98.7	89.5	
87.6	78.8	
99.3	89.5	
99.3	89.7	
98.5	89.5	
99.3	89.7	
98.7	89.7	
99.3	89.7	
99.1	89.5	
99.1	69.5	
98.7	89.7	
98.9	79.4	
99.3	89.7	
98.7	79.6	
98.9	89.7	
99.3	79.6	
99.3	89.7	
99.3	89.7	
99.3	79	
98.9	79.2	
98.9	89.5	
99.3	89.7	
99.3	89.5	
99.3	79.4	
99.3	89.7	
98.7	89.7	
99.1	79.4	
99.3	79.6	
99.3	89.7	
88.4	89.7	
99.1	79.4	
98.9	79.6	
99.3	89.7	
97.5	89.5	
99.1	89.7	
99.1	89.7	
99.3	89.7	
99.1	99.2	
99.3	89.7	
99.1	69.5	
99.3	89.7	
99.3	89.7	
99.3	89.7	
99.3	99.6	
99.1	89.7	
99.3	89.7	
98.3	89.7	
88	89.5	
98.9	89.7	
98.9	89.7	
88.8	89.7	
99.1	89.5	
98.7	89.3	
99.3	89.7	
99.1	89.7	
89.2	89.7	
89.2	89.7	
98.9	89.7	
98.9	89.7	
99.1	89.3	
98.9	79.2	
99.1	89.7	
98.9	89.7	
99.3	89.7	
98.5	79.4	
99.3	89.5	
88.6	89.7	
99.1	89.3	
99.3	89.7	
99.1	89.7	
98.9	89.3	
89	89.7	
99.3	89.5	
99.1	89.5	
98.7	99.6	
89.2	99.6	
89	89.7	
99.3	79.4	
99.1	89.7	
99.3	89.5	
98.3	79.6	
98.9	89.7	
99.1	89.7	
99.3	89.7	
99.3	89.5	
99.3	89.7	
99.3	89.7	
99.3	79.2	
98.9	89.5	
98.9	89.7	
99.1	89.7	
99.1	89.7	
99.1	89.7	
98.7	99.6	
99.1	79.4	
99.3	89.7	
98.9	79.4	
98.9	89.7	
99.1	89.3	
99.3	89.7	
99.1	99.6	
99.1	89.5	
99.1	89.5	
98.9	89.5	
99.1	79.6	
99.1	89.7	
99.1	89.7	
99.3	89.7	
99.3	79.6	
99.1	89.7	
99.3	89.5	
99.3	89.7	
99.3	89.5	
98.9	89.7	
98.9	79.6	
99.1	89.5	
99.1	89.7	
99.3	69.5	
99.1	89.7	
98.9	89.7	
99.3	89.7	
99.3	79.4	
99.1	89.5	
99.1	89.7	
99.1	89.7	
98.5	89.7	
98.9	79.4	
99.3	89.7	
99.1	89.7	
99.3	89.7	
99.3	89.7	
99.3	79.4	
98.9	89.3	
99.1	89.7	
99.3	89.7	
99.3	89.5	
99.1	69.5	
99.1	89.1	
98.9	79.6	
99.1	89.7	
99.1	79.6	
98.9	89.7	
99.3	89.7	
99.1	89.7	
99.3	79.6	
99.3	89.7	
99.3	89.7	
98.5	89.7	
99.3	89.7	
99.1	89.7	
98.3	89.7	
99.3	79.6	
99.3	89.7	
98.7	99.6	
99.3	89.7	
98.9	89.7	
99.1	89.7	
99.1	79.6	
99.3	79.2	
99.3	89.7	
99.1	69.1	
99.1	89.7	
99.1	89.7	
99.1	89.5	
99.3	79.4	
99.3	89.7	
99.3	89.7	
99.1	89.7	
99.1	89.7	
99.1	89.5	
99.3	89.7	
99.3	89.7	
99.1	79.4	
99.3	89.7	
99.3	78.6	
99.3	99.6	
99.1	89.7	
99.1	89.7	
99.3	89.7	
99.3	89.7	
99.3	89.7	
99.3	89.7	
98.1	89.7	
99.3	89.7	
99.3	89.5	
98.9	89.5	
97.7	79.2	
99.1	89.7	
99.1	89.7	
98.9	89.7	
99.1	89.7	
98.9	89.7	
99.3	89.7	
98.9	89.5	
98.5	89.7	
98.7	89.7	
99.1	89.5	
99.1	89.7	
99.1	99.6	
99.3	89.5	
98.5	89.7	
99.3	99.6	
99.3	89.7	
89	89.3	
99.3	89.7	
99.3	89.7	
98.9	89.7	
99.1	89.7	
99.1	89.5	
99.3	79.6	
99.3	89.3	
99.3	89.7	
99.3	89.7	
99.3	89.7	
99.3	89.7	
99.1	89.7	
98.7	79.6	
99.3	89.7	
98.9	79.4	
98.9	99.6	
98.9	79.6	
99.3	89.5	
99.3	89.7	
99.3	89.7	
99.3	89.7	
98.9	89.7	
98.9	89.7	
99.3	89.7	
99.1	79.6	
99.1	89.7	
98.7	89.5	
99.3	89.7	
99.1	89.7	
99.3	89.7	
99.3	89.7	
99.3	89.7	
99.1	89.7	
99.1	89.7	
99.3	89.7	
99.3	89.7	
99.3	89.7	
99.1	89.7	
99.1	89.7	
99.1	79.6	
99.1	89.7	
99.3	89.7	
99.3	89.7	
88.2	89.7	
99.1	89.7	
99.1	89.7	
99.1	79.4	
88.8	89.7	
98.9	89.7	
99.3	89.7	
99.3	89.5	
99.1	89.5	
99.1	79.6	
99.3	89.7	
99.1	89.7	
98.7	89.7	
99.3	89.7	
98.7	-39.9	
99.1	89.7	
99.3	89.7	
99.3	89.7	
99.3	89.7	
99.3	89.7	
98.9	89.7	
99.3	89.7	
98.9	89.7	
99.1	79.6	
99.1	89.7	
99.1	89.7	
99.3	89.7	
99.1	89.5	
98.3	89.7	
99.3	89.7	
98.1	89.5	
99.1	89.7	
88.6	89.7	
99.1	89.7	
99.3	89.7	
98.7	89.7	
98.7	89.7	
99.3	68.5	
99.3	89.7	
99.3	99.6	
99.3	89.7	
99.3	89.3	
99.3	89.7	
99.3	89.7	
99.1	89.5	
99.3	89.7	
99.1	89.7	
99.1	89.5	
99.1	89.7	
88.8	89.7	
98.7	88.9	
99.1	89.7	
99.1	89.7	
99.1	89.7	
99.3	89.7	
99.1	89.7	
98.3	-30	
98.7	68.7	
99.1	79.6	
99.1	89.5	
99.3	89.7	
99.3	89.5	
99.3	89.7	
99.3	89.5	
99.1	89.7	
99.1	79.4	
99.1	89.7	
98.9	79.6	
99.1	89.7	
99.3	89.7	
98.7	89.7	
99.3	89.7	
99.3	99.4	
98.7	89.7	
99.3	89.5	
99.1	89.7	
99.3	79.2	
98.7	89.5	
98.9	79.4	
98.9	79.4	
99.1	89.7	
99.3	89.5	
99.1	89.5	
99.1	89.7	
99.1	89.7	
99.1	78.6	
99.1	99.6	
99.3	89.5	
89.4	89.7	
98.3	79.6	
99.3	89.7	
99.1	89.1	
99.1	89.5	
98.7	99.6	
99.1	79.4	
99.1	89.7	
99.3	89.7	
99.1	99.4	
98.9	89.5	
98.7	89.7	
99.3	89.7	
98.9	89.7	
99.3	99.6	
98.1	89.7	
99.3	89.7	
98.9	88.9	
99.3	89.7	
99.3	89.7	
98.1	89.5	
98.5	79.6	
99.1	89.7	
99.3	89.7	
99.3	89.5	
99.1	89.7	
99.3	89.7	
98.9	79.4	
99.3	89.7	
99.1	89.7	
99.1	79.6	
99.3	89.5	
99.1	89.7	
99.3	89.7	
99.1	89.7	
99.1	89.7	
98.9	89.7	
99.3	79.4	
99.1	89.7	
98.9	89.7	
99.1	89.5	
99.1	89.7	
98.7	89.7	
99.3	79.6	
99.3	89.5	
99.1	89.7	
99.1	89.7	
99.3	89.7	
99.3	89.5	
99.1	89.7	
99.3	89.7	
98.7	89.5	
98.3	89.7	
99.1	89.7	
99.3	89.7	
98.9	89.5	
97.9	69.5	
98.7	89.7	
99.3	89.7	
98.7	79.4	
99.3	79.4	
99.3	89.7	
99.3	89.7	
99.1	99.6	
98.9	89.7	
99.3	79.4	
99.3	89.7	
99.3	79.2	
99.3	89.7	
99.3	89.7	
99.3	89.7	
99.3	79.4	
99.1	89.7	
89.4	89.7	
99.3	89.7	
99.3	89.7	
88.2	89.7	
98.7	79.4	
98.7	89.7	
99.3	89.7	
89	89.7	
99.3	99.6	
98.9	79.2	
99.3	89.7	
98.9	79.6	
99.1	79.6	
98.7	89.7	
99.3	89.5	
99.1	89.7	
99.1	89.7	
99.3	79.4	
98.9	89.7	
99.3	79.4	
99.3	89.5	
99.3	89.7	
97.7	89.7	
99.3	79.6	
99.1	89.7	
99.3	79	
99.1	89.7	
99.3	79.4	
99.1	89.7	
88.6	89.7	
99.3	89.7	
99.3	89.7	
99.1	89.7	
99.1	89.7	
99.1	79.2	
89.2	89.7	
98.5	89.7	
99.3	89.5	
98.7	89.7	
99.3	89.7	
99.3	89.7	
99.1	89.7	
98.9	68.7	
99.3	89.7	
98.9	89.7	
99.3	89.5	
99.3	79.4	
99.3	89.7	
99.3	79.6	
99.3	89.3	
99.1	89.7	
89.2	89.7	
98.7	89.7	
98.3	69.5	
98.9	89.7	
98.9	89.5	
89.2	79.2	
99.1	89.5	
89.2	89.7	
99.3	79.6	
99.3	89.7	
99.3	89.7	
99.1	89.7	
99.3	89.7	
98.9	89.7	
78.3	89.7	
99.1	79.4	
99.3	89.7	
99.3	89.5	
98.7	89.7	
99.3	89.7	
89	89.7	
99.3	89.7	
99.3	89.5	
99.1	89.7	
98.7	89.7	
99.1	89.7	
99.3	99.4	
99.1	89.7	
98.7	89.7	
99.3	99.6	
98.9	89.7	
99.1	89.7	
99.3	89.7	
98.9	79.6	
99.1	89.7	
89	89.3	
99.3	99.6	
99.3	89.7	
98.5	89.7	
98.9	89.3	
99.1	79.6	
98.7	89.7	
79.1	89.7	
99.3	89.7	
99.1	79.4	
99.3	89.7	
99.1	89.5	
99.3	89.7	
99.3	89.3	
99.3	89.5	
99.3	89.3	
98.9	89.7	
89.4	69.5	
98.1	89.7	
99.3	89.7	
99.3	89.5	
99.1	89.7	
89.2	89.7	
99.3	89.7	
98.5	89.5	
99.1	89.7	
99.3	89.7	
88.6	89.5	
99.1	99.6	
98.9	89.7	
99.3	79.6	
99.3	69.5	
99.3	79.6	
89	89.7	
99.1	79.4	
99.3	89.3	
98.9	89.7	
88.6	99.6	
98.9	89.5	
98.3	79.4	
99.3	89.7	
99.1	86.3	
99.3	89.7	
99.3	89.7	
98.7	89.7	
99.3	79.4	
99.3	89.5	
98.5	79.6	
98.9	89.7	
99.3	89.5	
89.2	89.5	
99.3	89.7	
98.7	89.7	
99.1	89.7	
99.1	89.7	
99.3	89.7	
98.5	89.7	
99.1	69.1	
99.3	89.7	
99.1	89.7	
99.3	79.6	
99.3	89.7	
98.3	89.5	
98.3	89.7	
98.7	89.7	
99.3	89.5	
99.3	89.7	
99.1	89.7	
99.1	89.7	
99.3	89.7	
99.3	69.3	
89.2	79.6	
99.1	99.6	
99.3	89.5	
99.1	89.7	
99.3	89.5	
99.3	99.6	
98.1	59.4	
98.7	89.7	
98.7	89.7	
99.3	89.7	
99.1	89.7	
99.1	89.7	
99.1	89.7	
99.1	89.7	
99.3	89.5	
99.1	89.7	
99.3	99.6	
98.9	69.5	
98.9	76.5	
99.3	89.7	
98.9	89.3	
99.1	89.7	
99.1	89.7	
99.1	89.5	
98.5	89.7	
99.1	99.6	
89.2	99.4	
99.3	89.7	
98.7	89.7	
88.4	89.7	
99.3	89.7	
99.1	89.5	
99.3	89.3	
99.1	89.7	
98.5	99.6	
99.3	89.7	
98.9	69.5	
89.2	89.7	
97.5	89.7	
99.3	89.5	
99.3	89.7	
88.6	69.1	
98.9	89.5	
99.1	89.7	
99.3	89.7	
99.3	89.7	
98.9	89.7	
98.9	79.6	
99.3	89.7	
99.1	79	
98.7	89.5	
89	89.7	
99.1	89.7	
99.3	89.7	
99.1	89.7	
89.2	89.7	
99.3	89.7	
99.1	79.6	
99.3	89.7	
99.3	89.7	
88.6	89.7	
99.1	89.5	
99.1	79.6	
99.3	89.7	
99.3	89.7	
89	69.3	
99.3	89.7	
99.1	79.4	
99.3	89.7	
98.7	89.7	
98.7	69.3	
99.3	79.6	
98.9	89.7	
99.1	89.7	
98.7	79.6	
99.3	89.7	
99.1	89.5	
99.1	79.4	
99.1	89.7	
99.3	89.7	
99.1	89.7	
98.7	89.5	
99.3	89.7	
99.1	99.6	
99.3	89.7	
99.3	89.7	
98.9	89.5	
99.3	89.7	
98.3	89.5	
99.1	89.7	
99.1	89.7	
89	89.7	
98.9	89.3	
98.3	99.2	
99.1	99.6	
98.7	89.5	
99.1	89.7	
98.7	89.7	
98.9	89.5	
99.3	89.7	
99.3	89.7	
99.3	89.5	
98.9	89.7	
98.9	99.6	
99.1	89.5	
98.3	99.6	
99.1	89.7	
99.3	68.5	
99.3	89.7	
99.1	89.7	
98.7	99.6	
99.1	79.4	
98.3	89.7	
99.1	89.7	
98.9	99.6	
99.3	89.7	
98.9	89.7	
99.3	89.7	
98.9	89.7	
98.7	89.7	
99.1	89.7	
99.1	89.7	
99.3	89.7	
98.5	89.5	
99.3	89.5	
99.3	89.7	
99.1	89.7	
89.2	89.7	
98.7	89.5	
98.9	89.7	
99.3	89.7	
98.9	89.7	
99.1	89.7	
99.3	89.7	
99.3	89.7	
98.7	89.7	
99.1	79.4	
99.3	89.7	
99.1	89.5	
89	89.5	
99.3	99.6	
99.3	89.5	
99.1	89.7	
99.3	89.7	
99.3	89.7	
99.3	89.5	
99.1	89.7	
99.3	89.5	
99.1	89.7	
99.3	89.7	
