99.1	89.7	
88.2	89.7	
98.9	89.3	
98.9	89.5	
98.7	89.7	
99.3	99.6	
99.3	89.7	
99.1	89.5	
99.1	89.3	
98.5	58.6	
99.3	69.5	
98.7	89.5	
98.5	89.7	
99.1	99.6	
99.3	99.6	
99.3	99.6	
99.1	89.7	
89.2	99.6	
99.1	99.6	
99.3	99.6	
88.6	99.6	
98.5	99	
98.7	89.5	
99.1	89.5	
99.1	99.6	
99.1	89.3	
98.9	89.3	
98.3	89.7	
99.3	99.2	
98.9	89.7	
99.3	89.3	
98.5	89.5	
99.1	89.7	
78.5	89.7	
99.1	89.5	
99.3	89.7	
98.7	99.4	
98.9	89.7	
99.3	89.7	
99.1	99.4	
88.6	89.7	
99.3	99.6	
99.3	89.7	
99.3	99.4	
88	89.7	
98.9	89.7	
99.3	99.6	
99.3	89.3	
99.3	79	
98.5	89.7	
98.7	89.7	
99.1	89.7	
98.9	79.6	
99.1	89.7	
88.2	89.7	
88.6	88.9	
99.3	89.5	
99.1	99.4	
99.1	89.7	
99.3	99.6	
99.3	99.4	
98.9	79.4	
99.3	99.6	
99.3	89.7	
98.9	89.3	
99.3	89.7	
98.9	99.4	
99.3	89.5	
99.3	89.3	
99.3	89.5	
99.3	99.2	
98.7	89.3	
89	89.7	
98.9	99.6	
88.8	99.6	
99.3	89.7	
98.7	89.7	
99.3	89.7	
98.9	89.7	
99.3	89.1	
98.9	89.7	
99.1	99.6	
99.1	99.2	
99.3	99.6	
99.3	99.4	
99.1	99	
89	99.4	
98.5	89.5	
99.3	89.7	
99.1	89.7	
99.1	69.3	
89	89.5	
98.9	99.6	
99.1	99.4	
99.1	89.1	
99.3	99.6	
89.2	89.1	
98.9	79.6	
99.1	79.6	
99.1	89.3	
99.3	89.5	
99.1	89.5	
99.3	89.7	
88.6	38.8	
99.1	89.7	
98.9	99.4	
98.9	99.6	
98.3	99.6	
99.3	89.5	
99.3	89.5	
97.7	99.4	
98.9	89.7	
99.1	99.4	
98.9	89.7	
99.1	89.7	
98.7	99.6	
98.7	89.7	
99.1	89.7	
99.3	99.6	
98.9	99.6	
98.9	99.4	
99.3	99.6	
88.8	89.7	
99.1	89.7	
99.1	99.6	
98.7	99.4	
98.7	97.8	
99.1	99.2	
99.1	99.6	
98.9	99.4	
88.4	79.6	
99.1	89.7	
98.5	89.7	
98.5	99.4	
98.9	99.4	
99.3	89.5	
99.3	99.4	
99.3	89.5	
99.1	99.2	
98.3	99.2	
88.4	99.6	
98.1	89.1	
98.9	89.7	
98.9	79.6	
99.1	89.7	
98.9	99.4	
99.1	99.4	
99.1	89.3	
98.9	99.2	
99.3	89.7	
98.1	79.6	
99.1	89.7	
98.9	89.7	
99.3	89.7	
99.3	89.7	
98.9	89.5	
98.9	99.6	
99.3	89.5	
98.1	89.7	
99.3	89.7	
99.3	89.7	
98.9	89.7	
99.3	99.6	
88.8	89.3	
88.8	89.3	
98.1	99.4	
99.3	98.6	
99.3	79.4	
99.1	99.6	
99.3	89.5	
99.3	99.2	
99.3	89.3	
99.3	99.6	
99.3	89.7	
99.1	97.6	
99.1	99.6	
99.1	89.5	
99.1	89.3	
98.5	79.4	
99.3	89.3	
99.1	89.5	
98.9	89.7	
99.3	89.7	
99.1	99.2	
98.9	89.3	
98.9	99.4	
99.3	69.5	
98.7	99.6	
89	89.7	
99.1	89.7	
98.9	89.5	
99.3	89.7	
99.3	89.7	
98.3	89.5	
99.3	98.8	
99.1	99.6	
99.3	89.7	
99.3	89.7	
99.1	89.7	
98.7	99.6	
99.1	89.7	
99.3	99.6	
89.2	89.5	
89.2	89.5	
97.9	89.7	
98.9	89.7	
99.3	89.5	
99.1	99.4	
98.9	88.7	
99.1	89.5	
99.3	99.2	
99.3	99.2	
98.5	89.3	
98.9	88.9	
99.1	99.6	
98.7	89.7	
99.1	89.7	
98.5	89.7	
99.1	89.3	
98.9	89.7	
99.1	99.2	
99.3	99	
87.8	89.3	
98.9	99.6	
99.1	99.6	
99.3	89.7	
98.3	99.2	
98.9	79.6	
78.9	99	
78.7	99.4	
99.3	89.7	
98.7	99.6	
98.7	89.7	
98.5	89.7	
99.3	89.7	
77.7	89.3	
98.9	99.4	
99.3	89.7	
98.1	99.4	
98.9	89.1	
99.3	89.5	
99.3	89.7	
98.9	99.6	
99.3	89.7	
98.5	99.2	
99.3	99	
89	89.5	
89.2	89.5	
99.1	99	
99.3	89.7	
99.3	89.7	
88.8	89.7	
99.3	99.6	
98.7	89.7	
97.9	89.7	
98.7	89.1	
99.3	79.6	
99.1	99.2	
98.9	89.5	
99.3	89.3	
99.1	89.7	
99.3	89.7	
99.3	89.7	
99.3	89.7	
99.3	89.7	
99.3	79.4	
98.7	99.6	
98.9	99.4	
99.1	99.6	
99.1	89.7	
89.2	99.6	
99.3	89.3	
98.1	79.6	
99.1	89.7	
99.1	89.7	
99.1	79.6	
99.1	99.6	
99.3	89.7	
98.7	99.6	
99.3	99.6	
99.3	99.6	
99.1	99.6	
98.9	99.6	
96.9	89.5	
98.7	89.3	
98.9	89.7	
99.3	99.4	
99.3	99.4	
99.1	99.6	
99.3	99.6	
99.3	89.7	
98.7	89.7	
99.3	99.6	
98.9	89.7	
99.1	99.6	
99.3	89.7	
79.1	79.4	
99.1	88.9	
98.7	89.7	
98.9	99	
98.9	89.7	
89.2	99.6	
99.1	98.8	
99.1	99.6	
99.1	99.4	
99.3	89.3	
98.7	89.7	
99.3	99.6	
99.3	89.7	
89	89.5	
99.1	99.4	
99.3	89.5	
99.1	99.4	
99.1	89.3	
79.1	89.7	
99.1	99.4	
98.5	89.1	
99.1	89.7	
99.3	89.5	
79.3	98.8	
98.3	99.2	
98.5	78.2	
98.9	99.2	
98.7	99.4	
78.9	99.6	
99.1	89.7	
99.3	99.4	
99.1	99	
99.1	89.5	
99.1	89.7	
98.3	99.2	
99.3	79.4	
99.1	89.7	
99.3	89.5	
99.1	89.7	
99.3	99.6	
99.1	89.7	
99.1	99.6	
99.3	79.4	
99.1	89.7	
99.1	89.5	
99.1	89.7	
89.2	89.5	
99.3	99.6	
99.3	89.7	
99.1	89.5	
99.1	98.4	
99.3	99.2	
98.7	99.6	
99.1	99.6	
98.9	59.2	
98.9	99.6	
98.7	89.7	
88	89.7	
99.1	89.7	
98.7	89.7	
99.1	79.6	
98.9	89.5	
98.9	99.4	
99.1	99.6	
99.1	89.1	
99.3	89.7	
99.3	89.5	
98.7	99.6	
99.3	89.3	
99.3	99.6	
99.3	89.7	
98.9	98.4	
99.1	89.5	
99.3	89.5	
98.9	89.5	
98.7	89.7	
99.3	98.8	
99.1	89.5	
99.3	79.6	
99.3	89.5	
99.3	99.6	
99.3	89.5	
88.6	79.6	
98.3	89.7	
98.9	89.7	
99.3	99.6	
99.1	89.5	
98.9	89.1	
99.1	89.7	
98.9	89.7	
99.3	99.4	
99.1	89.5	
99.3	89.7	
99.3	89.5	
98.9	89.5	
99.3	99.6	
98.9	89.7	
99.1	99.2	
99.1	99.4	
99.3	98.4	
99.3	99.6	
99.3	89.5	
99.3	89.7	
98.9	99.4	
88.4	99.6	
98.9	99	
99.3	79	
99.1	99.4	
89.2	89.7	
99.3	89.5	
99.1	99.4	
99.3	79.6	
98.5	99.4	
98.9	89.5	
99.1	79.6	
99.3	99.2	
99.1	89.7	
98.7	89.7	
99.3	79.6	
88.8	89.5	
98.9	89.3	
98.7	99.6	
98.7	88.7	
99.3	89.7	
98.7	89.7	
99.1	99.6	
98.9	89.5	
98.7	99.4	
98.9	89.5	
99.3	89.5	
99.1	89.3	
99.3	98.8	
98.9	89.3	
99.1	99	
89.2	99.6	
99.1	89.7	
99.3	89.5	
99.3	89.7	
99.1	79.4	
99.3	99	
98.7	99.6	
99.3	89.5	
98.9	89.7	
89	89.7	
98.9	89.7	
99.3	89.5	
98.7	89.7	
99.1	89.7	
98.7	89.5	
99.1	99.2	
98.3	99.4	
99.1	89.3	
99.3	99.6	
89	99.6	
99.1	89.5	
98.7	89.5	
99.1	89.3	
98.9	99.6	
99.3	99.6	
98.9	89.7	
88.6	89.5	
98.9	99.6	
98.9	89.7	
99.1	89.7	
99.3	89.7	
99.3	99.4	
99.1	89.7	
98.9	89.7	
89.2	89.5	
99.1	89.1	
99.1	89.1	
99.3	99.2	
99.1	89.7	
99.1	79.6	
99.1	99.2	
99.1	89.3	
99.3	99.4	
99.1	99.4	
98.7	99.6	
99.3	98.4	
99.1	99.6	
97.7	99	
99.3	99.6	
99.1	89.5	
99.3	79.4	
99.3	89.7	
99.3	89.7	
88.6	99.4	
99.1	99.2	
98.9	89.7	
99.3	89.7	
99.3	79.6	
99.1	99.6	
88.6	89.7	
99.3	99.4	
99.1	89.7	
88.8	99.6	
98.7	89.7	
98.1	89.7	
99.3	89.5	
98.9	99.6	
98.7	89.7	
98.5	99.6	
98.7	99.6	
97.9	89.5	
99.1	99.6	
87.4	89.5	
99.1	89.5	
99.1	89.7	
98.7	99.4	
99.1	99.6	
99.3	99.2	
99.1	99.6	
99.1	79.6	
98.3	89.3	
99.3	99.6	
99.3	89.5	
99.3	99.4	
99.3	89.7	
98.7	99.6	
98.7	89.5	
99.3	89.7	
98.5	99.6	
87.8	89.5	
98.7	89.5	
98.5	99	
99.3	69.3	
98.7	79.6	
99.3	88.1	
99.3	89.7	
98.9	99.4	
99.1	89.1	
99.3	89.7	
99.1	89.7	
99.1	99.6	
99.3	79.4	
98.9	99.2	
99.3	89.5	
99.1	89.5	
98.7	89.5	
98.5	99.6	
99.3	89.5	
99.3	89.5	
98.9	89.7	
99.1	89.5	
98.5	89.7	
98.9	99.6	
99.3	89.7	
98.7	89.7	
99.3	79.2	
99.3	89.5	
99.1	89.7	
98.9	89.3	
98.3	89.7	
99.1	69.3	
99.3	79.6	
99.3	79.6	
99.3	89.3	
98.5	99.6	
99.1	89.1	
99.3	89.7	
99.3	88.9	
98.5	89.7	
99.1	79.4	
99.1	79.2	
98.9	89.5	
99.1	89.5	
98.7	89.7	
99.1	99	
98.7	89.5	
89.2	68.9	
98.5	99.4	
99.1	89.7	
99.1	89.5	
99.3	89.7	
98.9	89.7	
99.3	89.5	
89.2	99.2	
99.3	89.7	
98.9	89.7	
99.3	89.5	
99.3	99.6	
78.9	89.3	
99.3	89.7	
98.7	89.7	
98.7	89.7	
99.1	79.6	
99.3	99.6	
99.1	89.7	
99.1	89.5	
98.9	89.3	
99.1	99.4	
98.9	89.7	
99.3	79.2	
99.3	89.5	
99.3	79	
98.9	79.2	
99.1	79.6	
99.1	99.6	
99.3	99.6	
99.3	89.7	
98.9	79.4	
98.5	89.5	
98.9	89.7	
99.3	99.6	
99.1	99	
99.3	89.7	
99.3	89.3	
98.7	89.3	
98.9	89.7	
99.1	99.2	
99.3	99.4	
98.9	98.4	
98.7	99.4	
98.3	89.3	
98.7	89.5	
99.1	99.4	
99.3	99.6	
97.9	89.7	
99.3	89.5	
99.1	99.6	
99.3	89.3	
98.7	88.9	
99.3	99.4	
98.7	89.5	
99.1	99.2	
99.3	99.4	
89.2	99.4	
99.3	69.5	
99.3	99.4	
99.3	79.6	
88.4	89.5	
99.3	99	
89	89.7	
99.3	79.6	
98.3	79.6	
99.3	99.4	
98.9	89.7	
99.3	99.6	
99.3	99.6	
99.3	69.3	
99.1	89.7	
89.2	99.6	
99.1	79	
97.9	99.6	
99.1	89.7	
98.7	89.7	
98.5	79	
99.1	89.5	
99.3	89.7	
99.1	89.7	
98.9	99.6	
99.3	89.5	
89	89.7	
98.9	99.6	
87.8	89.7	
98.1	79.6	
99.3	89.7	
98.9	89.1	
99.3	89.1	
99.3	99.4	
98.7	99.4	
99.3	99.6	
99.1	89.5	
99.3	89.7	
99.1	98.6	
99.1	99.6	
98.7	99.6	
99.3	99.6	
99.1	79.6	
99.3	88.9	
99.3	89.7	
99.3	99.6	
98.9	89.3	
99.3	99.4	
99.3	89.7	
99.3	89.7	
98.9	99.4	
99.1	89.7	
99.3	99.6	
99.3	89.5	
99.1	89.7	
97.9	99.6	
98.5	89.7	
99.3	89.7	
89.2	89.7	
89.2	79.6	
98.9	89.3	
99.1	89.3	
99.1	79.6	
99.3	89.1	
98.3	79.4	
99.3	79.6	
88.6	99.6	
98.7	89.3	
79.1	88.9	
99.3	89.7	
98.9	89.5	
98.1	89.3	
98.3	89.7	
99.3	69.1	
99.1	79.2	
89	99.6	
99.3	89.7	
99.3	89.7	
99.3	99.2	
89.2	98.8	
99.1	99	
98.9	99.6	
89.2	89.5	
99.1	89.7	
99.3	89.3	
98.9	89.5	
99.1	99.6	
98.7	89.7	
99.1	79.2	
98.9	79.6	
98.9	89.5	
98.7	89.7	
78.9	89.5	
99.1	99.6	
99.3	89.7	
98.9	78.4	
99.3	99.4	
89.2	89.7	
99.1	99.6	
98.7	88.7	
99.3	89.5	
99.1	89.7	
99.3	89.7	
99.3	89.5	
99.3	89.7	
98.9	99.4	
99.3	99.6	
99.3	99.4	
99.1	99.6	
99.3	89.5	
98.7	89.5	
99.3	79.6	
99.1	89.7	
99.3	89.7	
99.3	89.5	
99.3	89.7	
98.7	99.4	
98.9	99.6	
89	89.7	
98.9	99.6	
99.3	89.7	
99.3	89.7	
89.2	89.5	
98.9	89.7	
99.1	99.6	
99.3	89.5	
99.3	79.4	
99.3	89.3	
98.7	79.6	
89	89.7	
99.3	99.6	
99.1	79.2	
99.1	78.6	
89.4	79.6	
88.6	79.6	
98.9	79.2	
99.3	99.6	
99.1	99	
99.3	99.4	
98.7	89.7	
89	99	
99.3	99.6	
88.8	99.2	
98.5	89.5	
99.3	98.8	
99.1	89.5	
98.7	89.5	
99.1	89.7	
98.9	88.5	
98.7	89.7	
98.9	68.7	
99.1	79.2	
99.1	99.6	
99.3	99.6	
79.3	89.7	
89.2	79.2	
98.7	89.7	
99.1	89.3	
98.1	89.7	
98.7	99.6	
99.1	99.6	
89	99.2	
99.3	99.6	
99.3	99.6	
98.7	79.6	
99.1	99.6	
99.1	89.7	
98.9	89.5	
98.7	89.5	
87.2	89.3	
98.9	99.6	
97.9	89.7	
99.1	89.7	
98.9	89.7	
98.9	99.4	
88.4	99.4	
98.9	89.7	
98.5	89.7	
98.9	99.6	
99.3	99.4	
99.3	89.7	
98.7	89.5	
98.9	79	
98.3	99.4	
99.3	99.2	
98.9	89.7	
98.9	99.2	
98.3	99.6	
99.3	58.8	
99.3	89.1	
99.1	89.5	
99.3	89.7	
98.7	89.7	
98.7	98.8	
98.5	99.6	
98.9	99.6	
99.3	99.4	
99.3	99.6	
99.3	99.6	
99.3	89.3	
99.1	89.7	
89.2	99.6	
89	79.6	
99.3	89.5	
99.1	89.7	
98.3	99.6	
97.3	89.5	
88.8	99.4	
99.3	79.4	
98.3	79.6	
99.3	89.5	
98.7	89.7	
98.9	99	
99.3	89.7	
99.3	99	
99.3	89.7	
98.9	99.2	
99.1	68.5	
99.3	99.6	
98.5	89.7	
99.1	99.6	
98.3	89.5	
99.1	89.5	
98.9	99.4	
88.8	99.6	
99.3	89.1	
98.9	89.7	
99.1	89.5	
98.5	89.7	
99.3	89.5	
99.1	99.2	
99.3	89.3	
88.6	99.4	
99.1	89.7	
99.3	99.6	
99.3	89.3	
99.3	89.3	
99.1	69.5	
98.9	89.7	
99.3	89.7	
98.9	99.6	
98.9	89.1	
99.1	89.7	
99.1	89.7	
98.5	99.6	
99.3	89.7	
98.3	99.6	
99.3	89.7	
98.3	99.2	
99.3	79.4	
99.3	99.4	
99.1	99.6	
98.3	89.7	
99.1	89.7	
98.7	98.8	
98.9	99.4	
98.3	89.5	
99.3	99.6	
98.9	89.7	
99.1	89.7	
99.3	89.7	
98.7	89.7	
99.1	79.6	
99.1	89.7	
98.9	99.4	
98.9	89.7	
99.1	89.7	
98.1	99.6	
98.9	69.5	
97.9	79.6	
99.3	89.7	
98.9	89.7	
98.9	99.6	
99.3	99.6	
99.1	89.7	
99.3	99.6	
99.1	89.5	
98.5	89.7	
99.1	89.7	
99.3	89.7	
89	79.6	
99.1	89.7	
99.1	89.3	
98.9	89.7	
98.5	89.3	
99.3	89.7	
98.7	89.7	
99.3	89.7	
88.8	89.7	
98.5	89.7	
89	79.4	
99.1	89.3	
99.3	89.7	
98.7	89.7	
99.1	79.2	
98.9	79.2	
99.1	89.3	
99.1	99.6	
99.3	89.7	
99.3	79.6	
99.3	99.6	
99.1	79.6	
99.3	89.7	
99.1	89.7	
99.3	79.6	
99.3	89.7	
99.1	89.7	
99.1	79.4	
98.7	89.5	
98.9	89.7	
98.5	79.4	
98.7	99.4	
99.3	89.7	
99.3	79.6	
99.1	89.5	
99.3	89.3	
98.9	79.4	
99.3	99.6	
89.2	99.6	
99.1	89.5	
99.3	99.4	
99.3	79.6	
99.3	89.5	
98.9	89.7	
99.3	89.3	
99.3	89.5	
98.9	99.6	
99.1	99	
99.3	79.2	
99.3	89.7	
98.1	89.5	
99.3	89.5	
99.3	89.5	
98.9	89.5	
99.1	99.6	
98.9	99	
99.3	89.7	
98.9	89.7	
99.3	89.7	
99.3	89.7	
99.3	99.4	
99.1	89.5	
99.1	89.7	
98.9	99.6	
99.3	69.5	
99.3	89.7	
99.3	99.6	
88.8	89.1	
98.5	89.7	
99.1	89.5	
99.3	89.5	
98.5	79.6	
99.3	89.7	
99.3	89.7	
98.9	79.6	
99.1	89.3	
99.1	79.6	
99.3	89.3	
99.3	89.7	
99.3	89.7	
99.1	99.6	
99.3	89.7	
98.7	89.7	
99.1	89.5	
98.7	79.4	
99.1	89.3	
99.3	89.5	
97.9	99.4	
99.3	79.6	
97.9	79.6	
98.3	79.6	
89	89.5	
99.3	99.6	
78.5	89.7	
99.1	99.4	
98.9	89.5	
98.1	89.5	
