97.9	99	
89	99.6	
98.5	98.8	
98.9	99.6	
98.7	99.6	
98.3	99.6	
98.9	87.9	
98.9	99.6	
98.3	98.8	
98.3	99.2	
98.3	87.1	
98.5	99.6	
98.5	99.6	
98.5	89.1	
98.9	99.4	
99.1	99.4	
98.9	99.6	
98.5	89.5	
99.1	79	
99.1	99	
97.9	89.3	
98.3	99.2	
98.1	98.4	
98.9	88.9	
99.1	89.3	
98.5	89.5	
99.1	99.6	
98.9	99.4	
98.9	99.4	
99.1	89.3	
98.9	86.1	
98.3	98.8	
98.7	98.8	
98.9	89.3	
97.7	99	
98.1	99.6	
98.9	89.5	
99.1	99.2	
99.1	88.5	
97.5	99.6	
99.1	99.4	
98.1	88.7	
98.9	99	
98.9	99.4	
98.7	99.4	
98.7	99.4	
99.3	88.9	
98.5	66.3	
98.3	99.4	
98.5	88.3	
98.9	99.6	
78.9	99.4	
98.7	88.1	
99.1	99.4	
98.7	99.2	
98.9	88.5	
98.7	88.5	
98.9	99.4	
99.3	98.4	
98.7	99.4	
98.9	89.7	
99.3	99	
98.3	89.7	
99.1	99.6	
98.1	99.4	
98.1	99.6	
99.3	99.6	
98.5	99.6	
99.3	89.5	
98.7	99.6	
99.1	98.8	
98.3	97.8	
99.3	89.7	
78.9	89.1	
98.5	87.9	
98.9	99.4	
98.7	99.6	
99.3	88.3	
98.9	99.4	
98.9	99.4	
98.5	88.5	
99.1	99.4	
99.3	97.2	
98.9	98.8	
98.1	89.1	
98.7	89.5	
97.7	89.7	
98.1	78.6	
99.3	99.4	
98.7	99	
98.7	89.7	
99.1	99.6	
99.1	99.6	
98.1	98.8	
98.9	89.5	
87.8	79.4	
99.1	88.3	
99.1	99.4	
89.4	99.4	
99.1	99.6	
99.1	89.3	
99.1	98.6	
98.9	98.6	
98.7	98	
98.9	99.6	
99.3	99.6	
98.7	99.6	
98.5	99.6	
99.1	99.6	
99.1	78.2	
99.3	99.6	
98.7	99.6	
99.3	98.4	
99.3	99	
98.9	89.5	
99.1	99.2	
98.9	99.6	
98.5	98.2	
98.5	99.6	
98.5	99.6	
98.9	89.7	
98.5	99.6	
97.3	99.4	
98.9	89.3	
98.9	88.5	
98.9	99.6	
98.9	99.6	
99.1	99.6	
99.1	99.6	
99.1	88.7	
98.7	99.4	
99.3	99.6	
98.3	89.5	
99.1	99.2	
98.9	85.5	
98.7	99.6	
98.5	99	
98.7	99.6	
98.9	99	
98.9	99.4	
98.7	98.4	
99.3	89.5	
98.1	99.4	
99.1	89.5	
98.5	99.6	
99.1	89.3	
99.3	99.6	
98.9	98.6	
89	99.6	
99.3	99	
99.3	89.3	
99.1	99.6	
97.7	89.5	
98.7	99	
99.1	79	
98.5	98	
98.5	99.6	
99.1	99.6	
99.1	79.2	
98.7	98.8	
98.9	99.4	
99.3	89.5	
78.7	88.7	
98.9	99.6	
98.9	89.7	
99.1	99	
97.5	89.5	
98.7	89.7	
99.1	99.6	
98.7	99.4	
99.1	99.4	
99.1	89.5	
97.7	88.3	
99.3	98.6	
99.3	99.6	
99.3	99.6	
98.3	89.5	
98.7	99.6	
98.7	99.6	
99.1	99.4	
98.9	99.2	
98.9	98	
99.3	89.7	
99.1	99.2	
99.1	89.5	
98.5	89.1	
98.9	79.6	
98.9	99.2	
98.1	89.5	
98.1	99.6	
98.9	86.9	
99.3	99.4	
99.1	99.2	
98.9	99.4	
98.5	99.6	
99.3	99.6	
98.9	99.6	
98.9	98.8	
99.3	99.6	
98.5	99.2	
98.9	89.1	
98.7	99	
98.9	99.6	
98.3	88.5	
98.7	99	
99.1	99.6	
99.3	99.4	
99.1	99.6	
98.7	98.2	
98.9	97.8	
99.1	99	
98.5	99.6	
99.1	89.3	
98.7	89.3	
98.7	99.6	
98.9	99.4	
99.1	99.2	
99.3	89.3	
99.1	98	
98.9	99.6	
99.1	99.6	
98.9	99.4	
98.5	96.4	
98.5	99.2	
98.7	99.4	
99.3	88.9	
98.5	96.6	
99.1	99.4	
99.1	99.4	
97.3	88.9	
98.9	89.5	
98.5	97.6	
98.7	99.6	
99.3	99.6	
98.3	99.6	
99.3	98	
97.7	99.6	
99.1	99.4	
98.9	99	
99.3	89.7	
99.3	99.4	
98.5	89.3	
98.9	89.7	
99.1	99.6	
98.7	99.4	
98.9	89.1	
99.1	99.4	
98.7	69.3	
98.5	99.6	
98.9	98.6	
98.5	98.2	
98.7	89.7	
98.7	99.4	
99.1	99.6	
98.3	89.5	
98.7	99.6	
99.3	98.4	
99.1	88.5	
99.3	99.6	
98.3	99.4	
99.3	99.4	
98.5	99.2	
99.1	99.4	
98.5	89.7	
98.3	99.4	
98.7	99.6	
98.1	96.2	
99.3	88.1	
99.1	99.6	
98.9	88.7	
99.3	99	
98.9	99.6	
98.9	79.4	
99.3	99.4	
98.7	99.6	
98.9	99.4	
98.9	98.8	
99.3	99.4	
99.1	99.2	
99.1	99	
98.9	89.5	
98.5	99.6	
98.9	99.6	
99.3	86.1	
98.5	99.6	
98.9	67.5	
99.3	89.5	
98.3	98	
98.7	89.7	
98.5	99.4	
99.3	99.4	
99.3	88.7	
98.9	89.5	
98.9	99.6	
99.3	86.1	
98.9	88.5	
98.7	99	
98.9	99.6	
99.3	99.6	
98.9	99.2	
96.9	88.5	
99.3	88.1	
99.3	99.2	
99.1	98	
98.9	99.6	
97.9	99.4	
98.7	96.2	
99.1	97.6	
79.1	98.2	
98.7	99.6	
69.4	99.6	
99.3	99	
99.3	99	
99.3	99.6	
99.3	99.6	
98.9	99.6	
98.7	99.2	
98.1	99.4	
97.9	99.4	
98.7	99.6	
98.9	89.3	
99.3	89.3	
98.9	99.4	
98.9	88.9	
98.9	99.4	
98.5	89.3	
98.9	68.9	
98.9	99.4	
98.9	99.2	
99.1	88.3	
99.3	99.6	
98.7	99.4	
98.3	99.4	
99.1	99.6	
98.3	99	
98.7	99.6	
99.1	99.2	
98.9	99.6	
99.1	99.6	
99.1	99.2	
99.3	99.2	
98.9	99.4	
98.7	89.5	
99.1	99.4	
99.1	99.6	
98.5	99.4	
99.1	79.2	
99.1	99	
99.3	89.1	
99.1	99.2	
99.1	99.2	
98.7	89.5	
98.5	97.8	
98.9	99.6	
99.3	98.4	
99.3	79.6	
98.9	97.8	
98.7	99.2	
99.3	99.2	
99.1	99.6	
99.3	99.4	
98.3	99.2	
99.3	88.5	
99.3	98.8	
98.5	99.6	
99.1	98.8	
97.5	89.5	
99.3	89.1	
99.3	88.9	
98.7	89.5	
98.3	99.6	
98.9	96	
98.3	96.8	
99.1	99.4	
98.7	99.6	
97.5	99.6	
99.1	88.5	
99.3	98.6	
98.9	79	
98.3	99.2	
99.3	87.3	
98.9	89.5	
98.7	88.1	
97.9	99	
78.7	88.7	
99.3	98.8	
99.1	95.2	
99.1	89.7	
98.9	98.8	
98.9	89.1	
99.1	99.4	
99.3	98.8	
98.7	99.4	
98.3	95.8	
99.1	99.4	
99.1	99.6	
99.3	89.7	
99.1	89.7	
98.5	88.7	
98.1	89.5	
99.1	99.6	
99.1	99.6	
99.1	99.6	
98.7	99.6	
99.3	99.6	
98.3	89.5	
88.6	89.3	
98.7	99.6	
99.1	99.6	
99.1	88.1	
98.9	89.3	
99.1	99.2	
98.9	89.3	
99.1	99.4	
98.9	99.2	
99.1	89.7	
98.3	89.3	
98.7	88.1	
98.1	99.6	
98.3	89.7	
98.9	99.6	
98.5	99.2	
99.1	99.6	
99.1	89.3	
99.3	98.6	
99.1	89.7	
98.7	99.6	
98.3	99.6	
98.3	99.6	
98.5	99.2	
99.3	99.4	
99.1	99.4	
99.1	89.3	
99.3	89.5	
99.3	99.4	
98.1	99	
99.1	79	
99.3	88.3	
88.8	99.2	
98.9	99	
98.3	89.1	
98.9	89.7	
99.3	89.7	
99.1	99.6	
99.1	89.7	
99.1	99	
98.7	99.6	
98.9	97.8	
98.1	99.6	
99.3	87.7	
99.3	99.4	
99.1	99.4	
99.1	89.1	
78.5	99	
98.5	87.9	
99.3	98.4	
99.1	89.7	
98.7	98.2	
99.1	99.4	
98.9	99.6	
99.1	99.2	
99.1	89.5	
99.3	88.9	
98.7	99.2	
99.3	98.4	
99.3	98.2	
99.3	89.3	
99.1	97.2	
99.1	77.2	
98.9	85.5	
99.1	89.1	
98.7	99.4	
98.5	99	
99.1	89.1	
99.3	69.3	
99.3	99.6	
98.9	99.2	
99.1	99.2	
98.9	89.3	
98.7	99.4	
98.3	78.6	
98.9	88.9	
99.1	89.3	
98.9	99.6	
98.9	99	
98.3	99.4	
98.7	98.4	
98.7	99.4	
98.7	98.4	
99.1	99.4	
98.9	99.2	
98.9	89.5	
98.9	99.6	
99.3	89.1	
98.9	87.9	
99.3	99.2	
98.9	99.6	
98.7	89.1	
99.1	88.7	
99.1	89.3	
98.9	99.2	
99.1	99.4	
99.3	99.6	
98.5	99.2	
99.3	99.2	
99.3	88.7	
99.3	99.4	
98.7	99.6	
98.3	99.4	
98.9	99.4	
99.3	89.5	
98.7	98	
88.4	95.2	
99.1	99.6	
79.1	99.4	
77.7	98.8	
89.4	99.6	
99.1	99.6	
99.3	78.8	
99.1	99.2	
99.1	89.5	
99.3	98.2	
99.3	99.4	
98.7	99	
88.8	99.2	
99.1	78.6	
99.1	99	
99.3	89.5	
98.9	99.6	
99.1	98.4	
98.9	99	
98.9	89.1	
98.9	99.2	
99.1	99.6	
99.3	98.6	
98.3	99.6	
98.9	89.7	
98.7	79.4	
99.3	89.1	
98.9	87.7	
98.3	89.5	
99.1	99.4	
98.7	99.6	
98.3	89.5	
98.5	99.6	
98.9	89.1	
88.8	99.6	
99.1	98.6	
99.1	99.6	
98.9	99.2	
99.1	99.6	
98.1	88.5	
99.3	88.5	
99.1	99	
99.3	99.6	
98.9	99.2	
98.5	99.6	
98.9	88.3	
98.5	96.8	
98.9	99.6	
98.9	98.8	
99.3	89.3	
99.3	88.7	
98.3	99.4	
98.9	99.4	
98.9	86.1	
98.7	99.6	
99.1	99.6	
98.7	96.8	
98.9	99.4	
98.9	99.4	
78.7	99.4	
98.5	99.4	
98.9	99.6	
99.3	99.4	
99.1	99	
98.7	99.6	
98.3	89.7	
98.7	89.3	
98.9	89.3	
97.9	99.6	
99.1	99.4	
98.3	99.4	
97.9	99.6	
99.3	99.2	
98.9	81.3	
99.3	99.2	
98.9	98.8	
98.9	99.2	
99.1	99.6	
99.1	88.7	
98.3	99	
98.5	89.7	
98.5	89.7	
99.3	99.2	
98.9	99.4	
99.1	99.6	
99.1	99	
99.1	89.3	
99.1	99.6	
99.3	87.9	
99.3	99.6	
98.9	89.3	
98.9	99.6	
99.3	98.4	
79.1	99.6	
99.3	89.3	
99.1	98.4	
99.3	99	
88.4	98.4	
98.7	96.6	
89.4	86.5	
98.7	99.6	
99.3	98.6	
98.7	99.6	
97.5	98.4	
98.9	98.4	
99.3	99	
98.7	99.4	
99.3	99.4	
99.3	99.2	
98.9	89.5	
98.7	99.6	
99.3	79.6	
98.7	99.6	
99.3	99.6	
99.3	87.1	
99.3	99.4	
99.3	99.4	
98.5	98.4	
99.1	99.4	
98.9	99.6	
98.5	88.9	
98.5	99.6	
98.1	99.6	
98.7	99.6	
97.7	99.4	
99.1	99.4	
98.9	85.5	
99.3	89.7	
99.1	99.6	
98.9	99.2	
88.2	98.8	
98.3	99.6	
98.7	99.4	
99.3	99.6	
99.1	89.7	
98.7	98.4	
98.7	99.2	
99.3	89.7	
99.3	98.6	
99.3	99.2	
98.5	99.4	
98.9	96.4	
99.1	88.7	
99.1	99.4	
98.9	99.6	
98.9	99.6	
99.3	86.9	
98.9	89.7	
97.5	89.7	
98.9	98.2	
99.1	89.7	
98.5	99	
98.3	88.3	
99.3	99.6	
98.9	89.3	
97.7	96	
98.7	99.4	
99.1	99.6	
99.3	99.2	
99.3	99.4	
98.9	99.4	
99.1	86.5	
98.9	89.3	
99.3	99.4	
98.9	87.7	
98.5	99.6	
99.1	99.6	
99.1	89.7	
99.3	88.9	
99.3	99.4	
99.3	99.4	
99.3	89.5	
98.9	89.1	
99.1	89.7	
99.1	99.6	
99.1	99.4	
98.9	99.2	
98.9	89.7	
98.5	99	
98.5	79	
99.1	99.6	
98.5	99.6	
98.9	99.4	
99.3	99.6	
98.9	99.2	
98.3	88.9	
98.3	89.5	
98.9	89.5	
99.1	99.2	
99.1	77.8	
78.3	89.5	
98.9	88.9	
98.7	99.6	
99.3	88.9	
99.1	97.6	
78.7	99.6	
99.3	99.2	
98.7	99.6	
98.7	99.6	
99.1	99.6	
99.1	99.4	
99.3	99.6	
99.3	96.4	
97.9	99.4	
98.9	98.6	
98.9	97.8	
98.3	89.7	
99.3	89.3	
98.5	89.3	
88.4	99.4	
99.3	88.3	
99.3	99.4	
99.1	88.9	
98.3	86.7	
98.9	99.6	
97.9	99.4	
98.9	88.7	
99.3	98.4	
98.7	98.6	
97.3	99.4	
99.1	99.6	
99.1	89.1	
99.3	99.6	
99.3	99.6	
99.1	89.7	
99.1	89.1	
98.9	99.2	
98.1	99.6	
99.3	98.2	
98.7	98.8	
99.3	99.6	
99.1	89.3	
98.7	89.3	
99.3	99.2	
99.3	99.2	
99.3	99.6	
99.3	99.4	
98.7	98.4	
98.3	98.8	
99.1	89.7	
99.3	89.1	
98.7	99.2	
99.1	99.2	
98.9	99.4	
88.6	99.6	
99.3	99.6	
99.1	99.2	
99.3	99.6	
99.3	89.5	
99.1	79.6	
98.7	98.6	
99.1	89.5	
99.3	89.7	
98.7	98.6	
98.7	88.7	
98.3	99.6	
98.7	99.6	
98.5	99.4	
98.3	99.2	
98.9	89.3	
99.3	99.6	
87.2	79.6	
99.1	99	
98.9	89.5	
99.1	98	
99.3	89.3	
98.3	99.6	
98.9	89.1	
99.1	99.4	
99.3	99.6	
98.9	99.6	
98.9	99.2	
99.1	89.7	
99.1	99.6	
77.7	99.6	
98.5	99.6	
98.7	99.6	
98.5	88.9	
98.3	78.6	
98.3	98.4	
99.1	99.4	
98.7	88.9	
98.1	89.7	
98.9	89.7	
98.9	89.7	
98.5	99.4	
99.1	89.7	
97.5	93.8	
98.9	98.6	
98.9	99.4	
99.1	89.3	
97.9	89.5	
99.1	89.1	
97.9	99.6	
99.1	99.6	
98.7	99.2	
98.7	99	
98.9	99.4	
98.9	98.4	
99.1	99.4	
99.1	98.6	
99.1	99.6	
99.1	99.2	
97.3	88.1	
98.9	99.4	
99.3	99.6	
99.1	98.4	
99.1	99.4	
97.9	99.6	
98.9	99.6	
99.3	99.6	
99.1	99.4	
98.5	99.4	
98.7	89.3	
98.5	99.6	
99.3	98.4	
97.7	89.3	
98.9	89.5	
99.3	89.7	
97.7	96.8	
98.1	99.4	
99.1	89.7	
99.1	89.7	
99.1	99.6	
98.5	99.6	
98.9	98.6	
99.1	99.6	
99.1	99.6	
99.1	87.5	
98.9	98.8	
98.5	97.2	
99.3	98.2	
99.1	99.2	
98.5	78.6	
99.1	89.3	
99.1	99.6	
98.7	98.6	
98.9	89.5	
98.5	99.4	
99.3	99.6	
99.3	88.3	
99.1	99.2	
99.1	99.2	
99.1	99.6	
98.9	99.6	
98.3	98.2	
99.3	99.4	
98.9	98.6	
98.9	98.6	
97.7	99.4	
98.3	99.6	
99.3	99.4	
99.3	88.5	
98.9	99.6	
99.3	89.7	
98.7	99.6	
99.3	89.5	
99.1	98.4	
99.3	99.4	
99.1	99.4	
97.3	89.1	
98.7	99.6	
99.1	99.4	
99.1	99.6	
99.3	99	
97.7	99.6	
99.3	99.4	
99.1	79.2	
99.3	89.5	
98.9	99.6	
98.3	89.7	
99.1	99.4	
99.1	99.6	
98.5	99.6	
99.1	99.6	
99.1	99.6	
98.5	99	
99.3	99.6	
99.3	99.4	
98.7	99.2	
98.9	99	
99.1	99.6	
99.3	99.2	
99.1	98.4	
99.3	99.2	
98.7	67.5	
99.1	89.5	
98.3	99.6	
99.1	89.3	
98.3	87.5	
98.5	89.7	
99.1	99.6	
89	89.3	
98.7	89.5	
99.3	98.2	
98.9	89.5	
97.7	99.4	
99.3	97.2	
99.1	99	
98.9	94.4	
98.9	97.6	
98.9	99.4	
98.9	99.4	
98.9	99.2	
98.5	96.8	
98.3	89.5	
99.1	97	
97.9	99.4	
98.7	96.8	
99.1	99.2	
98.3	89.3	
99.1	89.7	
99.3	89.1	
98.5	99.6	
99.1	99.2	
98.5	99.4	
98.7	99.2	
98.5	99.4	
98.9	98.8	
99.1	88.7	
98.7	99.4	
98.3	88.1	
98.7	89.7	
98.9	99.2	
99.3	99.2	
98.3	98.2	
98.3	86.1	
98.1	99.6	
99.3	89.1	
98.5	89.3	
99.3	99.6	
98.9	99.6	
98.9	99.6	
99.3	99.4	
98.3	99.6	
98.9	89.3	
98.9	99.4	
99.3	99.6	
99.1	99.6	
98.7	88.9	
98.5	89.3	
98.7	99.4	
98.9	89.7	
98.3	99.2	
99.1	99.4	
76.3	99.6	
98.9	99.4	
98.7	99.6	
98.5	99.4	
98.7	89.7	
98.3	89.3	
98.3	99.4	
98.7	88.3	
98.9	89.7	
89.2	99.2	
99.3	98.8	
98.5	99.6	
99.1	99.4	
99.1	99.2	
98.7	89.3	
98.5	99.6	
98.3	89.7	
99.1	85.1	
99.3	99	
98.9	98.4	
98.9	98.4	
98.5	89.5	
98.9	99.6	
98.9	97.6	
98.9	99.4	
98.9	98.6	
99.3	99.2	
98.9	99.2	
99.3	99.6	
98.3	99.6	
98.5	99.4	
98.7	99.4	
99.3	99.6	
99.3	87.5	
99.3	99.6	
98.9	99.6	
98.7	89.7	
99.1	89.3	
99.1	99.4	
99.1	99.4	
99.1	99.2	
99.3	97	
99.3	99.4	
