98.9	89.7	
99.1	99	
99.3	89.7	
98.9	77.2	
99.3	89.7	
99.3	98.8	
98.7	97	
98.9	88.9	
89.2	88.7	
99.3	86.3	
99.1	89.5	
99.3	97.6	
99.1	88.7	
99.1	87.5	
99.3	75.4	
99.3	87.7	
99.3	89.1	
98.9	99.2	
98.7	76	
99.1	79.2	
99.1	98.6	
98.9	99.2	
99.1	89.7	
99.1	89.5	
99.1	89.7	
99.3	97.2	
99.3	88.7	
99.1	88.5	
99.1	78.4	
98.5	89.1	
99.3	99.6	
99.1	98.6	
99.3	99.2	
98.5	89.3	
99.3	87.7	
99.1	99	
99.3	88.5	
99.1	89.3	
99.3	89.5	
99.1	89.5	
99.3	88.1	
99.3	89.5	
99.1	97.6	
99.3	89.7	
99.3	89.7	
99.3	99.6	
99.3	89.1	
99.3	98.2	
99.3	97.4	
99.3	89.1	
99.3	98.2	
89.2	57.8	
98.9	98.4	
98.9	98.2	
99.3	89.5	
99.3	88.3	
99.3	99.4	
99.3	98.8	
99.3	85.7	
89.2	88.9	
99.1	88.7	
99.1	98.4	
98.7	89.1	
99.1	89.3	
98.5	68.5	
99.3	88.1	
99.3	89.3	
99.3	99.2	
99.1	98.8	
99.1	78.8	
99.3	88.1	
99.3	89.7	
88	78.6	
99.1	88.1	
99.3	99.6	
99.1	88.7	
98.9	98.6	
99.1	98	
99.3	73.2	
98.3	69.1	
99.1	99.4	
99.3	99.4	
99.1	98.6	
98.9	99	
99.1	88.5	
99.1	88.5	
98.7	99.2	
99.1	88.7	
98.9	88.9	
99.3	99.4	
99.3	97.2	
99.3	89.5	
99.3	99.6	
98.9	99.2	
99.3	77.4	
99.1	88.5	
99.3	88.9	
89.2	89.1	
99.3	97.6	
98.7	97	
99.1	87.7	
99.3	88.3	
99.3	99.6	
99.3	99.6	
99.3	98	
98.9	88.7	
99.1	76.4	
99.1	88.5	
98.3	88.9	
99.3	87.1	
99.3	89.3	
99.1	65.3	
98.9	98.4	
99.3	86.7	
99.3	99	
99.3	99	
99.1	98.6	
99.3	89.5	
99.3	88.1	
99.3	99.4	
98.3	89.5	
99.1	89.5	
89.2	88.3	
98.7	85.9	
99.3	89.7	
98.5	99.4	
99.3	98.6	
99.3	89.3	
99.3	87.5	
99.1	58.4	
99.3	89.1	
99.3	88.9	
98.5	89.5	
99.1	87.5	
99.1	89.3	
98.9	89.3	
99.1	88.9	
99.1	88.9	
99.3	88.7	
98.9	89.7	
98.7	98.8	
99.3	99.6	
99.1	99.6	
99.3	89.1	
99.1	88.3	
99.1	99.4	
99.1	79.2	
98.7	78.2	
99.3	88.9	
99.1	99.4	
99.1	89.7	
99.3	89.5	
99.3	97.2	
99.3	87.9	
99.1	89.5	
98.9	99.2	
99.1	99.2	
98.5	99.4	
98.9	85.5	
99.3	88.3	
99.1	78.6	
99.1	89.7	
98.9	79.4	
99.3	79.2	
98.9	89.5	
99.1	89.7	
99.1	45.9	
99.3	99.6	
98.9	88.7	
98.9	97.8	
99.3	98.8	
97.9	89.3	
99.3	89.7	
99.3	99.6	
99.3	99.2	
89	87.7	
98.9	88.3	
99.3	88.5	
98.9	98.8	
99.1	88.7	
99.3	87.7	
98.9	88.3	
99.1	99.2	
98.5	89.1	
98.9	77.8	
99.3	88.9	
98.9	84.5	
99.3	89.1	
98.9	85.5	
99.3	89.3	
99.3	88.9	
99.1	88.5	
98.7	89.3	
99.3	87.7	
99.3	99.6	
98.5	86.5	
99.1	99	
99.1	87.1	
98.7	99	
99.1	88.9	
98.9	78.2	
99.3	88.5	
99.3	99.4	
99.3	86.5	
98.9	89.5	
97.9	89.3	
98.9	98.6	
98.7	97	
99.1	89.7	
99.1	99	
99.3	99.2	
98.7	86.9	
99.1	79.6	
98.9	88.9	
99.1	88.7	
89.4	88.5	
99.1	78.2	
99.1	99.2	
99.3	99.2	
99.1	89.7	
99.1	98.4	
99.3	89.5	
98.7	99.2	
98.9	99	
99.3	89.5	
99.3	79.4	
99.3	88.9	
99.3	89.1	
99.1	89.1	
98.9	59.2	
99.3	97	
99.3	87.9	
99.3	89.1	
99.1	88.9	
99.1	89.5	
99.3	98.4	
98.5	77	
99.3	88.7	
99.1	79.6	
99.3	98.6	
99.3	78.6	
99.1	87.3	
98.9	88.9	
98.5	89.5	
98.3	89.5	
98.9	99.2	
99.1	78.8	
99.1	79.6	
98.5	79	
98.9	89.7	
98.7	89.5	
98.5	87.9	
99.1	89.7	
98.9	87.7	
98.7	89.3	
98.7	88.3	
99.1	89.1	
98.9	96.6	
99.3	96.2	
99.3	88.5	
99.3	99.6	
99.3	77.8	
99.1	88.3	
99.1	87.5	
98.9	98.2	
89.2	89.5	
99.3	96.4	
99.1	89.5	
99.1	88.7	
99.3	99.2	
99.3	79	
99.3	89.7	
98.9	89.1	
99.3	86.3	
99.3	88.9	
99.1	89.1	
98.9	99.2	
98.7	98.2	
98.5	89.3	
99.1	96.2	
99.3	79.6	
99.3	79	
98.7	89.5	
99.1	79.2	
98.9	89.3	
99.3	89.7	
99.1	98	
99.3	88.9	
99.3	88.7	
99.3	68.1	
99.3	87.7	
99.3	99	
99.1	89.1	
99.1	96.6	
99.3	98.4	
99.3	98.2	
99.3	89.7	
98.9	88.5	
89	99	
98.9	89.3	
99.1	99.2	
99.3	89.5	
99.1	89.7	
99.1	89.3	
99.3	88.3	
99.3	88.7	
99.3	89.5	
98.5	86.1	
99.1	88.7	
99.1	99.6	
98.9	78	
98.9	89.7	
99.1	58.2	
99.1	88.7	
99.1	87.7	
89	88.3	
99.1	99.4	
98.9	99.6	
98.7	99.2	
98.5	89.5	
98.7	84.7	
98.7	89.3	
99.1	99.4	
98.7	89.3	
99.3	86.7	
99.3	89.7	
99.1	89.7	
99.1	89.7	
99.1	89.5	
99.3	88.1	
99.1	96.8	
99.3	99	
99.1	89.3	
98.9	89.7	
89.4	88.9	
99.3	89.1	
99.3	88.3	
98.7	96.2	
99.1	87.7	
99.3	98.6	
99.3	88.1	
99.3	88.7	
99.3	88.1	
99.3	88.9	
99.3	88.3	
98.1	74.6	
99.3	89.3	
98.9	89.5	
99.3	99.2	
98.9	88.7	
99.1	99	
99.1	97.6	
99.3	99.6	
99.3	89.1	
99.3	86.9	
98.5	77	
98.9	88.7	
99.3	88.5	
99.1	89.3	
99.1	99	
99.1	89.5	
99.3	79.4	
98.7	67.1	
99.1	89.5	
98.7	89.1	
99.3	89.1	
99.3	98.8	
99.3	89.3	
99.1	85.7	
98.7	89.1	
99.3	96.4	
99.3	89.3	
99.3	99.4	
99.3	88.3	
99.1	88.3	
99.1	95.2	
98.9	88.3	
98.9	87.9	
99.3	99.4	
99.1	86.9	
98.7	99.2	
99.1	97.6	
98.9	98.6	
98.7	98.4	
99.1	99.6	
99.3	98.4	
99.1	99.6	
99.3	89.3	
99.1	88.5	
99.3	89.7	
99.1	59.9	
99.3	76	
99.1	88.5	
99.1	88.5	
99.1	89.5	
98.7	89.5	
99.3	87.5	
99.3	88.5	
98.7	89.3	
99.1	79.4	
97.9	99.6	
99.3	77.2	
99.3	99.2	
98.9	97.4	
99.3	98.8	
99.3	88.3	
99.3	87.1	
99.3	88.9	
99.1	89.7	
99.3	98.8	
99.3	89.3	
98.7	88.3	
88.6	87.9	
98.9	89.7	
98.7	98	
98.7	79	
68.8	89.5	
98.9	98.8	
98.9	69.1	
99.3	88.5	
99.3	97.2	
89.4	89.3	
98.7	89.3	
99.1	99.6	
99.1	89.1	
99.1	88.3	
98.9	88.7	
99.3	88.9	
98.9	89.7	
99.1	98.6	
98.9	97.4	
99.1	86.9	
99.3	89.7	
99.3	99.2	
99.1	87.9	
99.1	98.6	
99.1	89.7	
99.3	88.5	
99.1	88.9	
98.7	99.2	
98.7	88.9	
99.3	97.8	
99.1	86.3	
99.3	99.4	
98.7	89.3	
99.3	99.4	
98.9	87.7	
98.9	89.3	
98.7	87.7	
99.1	89.7	
98.9	88.7	
99.1	89.7	
99.3	99.2	
99.3	99.2	
99.3	87.5	
99.3	98.2	
98.9	98.2	
98.9	89.5	
99.1	86.3	
99.1	99.4	
99.1	89.1	
98.7	98.6	
99.3	99	
99.1	89.7	
98.7	99.2	
99.1	99.2	
99.3	89.5	
99.3	99.2	
99.3	86.3	
99.3	89.3	
99.1	89.3	
89	88.9	
99.1	88.1	
98.7	88.9	
99.3	88.9	
99.1	99.2	
99.3	89.3	
99.1	79	
98.7	67.3	
98.3	99	
99.3	87.1	
98.9	88.9	
98.7	89.7	
98.9	89.1	
99.3	97.4	
99.1	87.9	
99.3	88.3	
99.3	63.5	
99.3	89.5	
99.3	89.3	
99.1	87.7	
99.1	88.3	
99.3	89.5	
98.3	99	
99.3	87.1	
98.7	89.3	
99.1	88.7	
98.9	87.1	
98.7	87.7	
99.1	87.1	
99.1	87.9	
99.1	88.3	
99.1	98.6	
98.7	89.3	
99.1	89.7	
99.3	99.2	
99.3	88.9	
99.3	89.5	
99.3	95	
99.3	99.2	
99.1	89.7	
99.3	89.5	
98.7	96.6	
98.7	83.1	
98.7	86.1	
98.7	86.5	
99.3	89.1	
99.1	99	
99.3	99	
98.9	89.7	
98.9	88.5	
99.1	99.6	
98.9	89.7	
99.3	99.2	
99.1	89.7	
99.3	96.6	
98.7	79.4	
99.1	89.1	
99.1	88.1	
99.1	89.3	
99.3	78.2	
98.9	89.3	
98.9	88.3	
98.7	87.3	
99.3	79.2	
99.1	99.2	
98.9	89.3	
99.1	89.3	
99.3	89.3	
98.9	99.2	
98.3	98.6	
99.1	87.9	
99.3	89.1	
99.3	86.7	
99.1	97.4	
99.3	89.3	
99.3	88.7	
99.3	99.6	
98.7	87.9	
98.7	86.7	
99.1	88.9	
99.1	96.8	
99.1	99.2	
99.3	88.9	
99.3	99	
97.1	88.9	
87	99	
88.8	87.7	
99.3	89.1	
99.1	88.9	
98.7	88.5	
98.5	99.6	
88.4	88.5	
98.9	74	
98.9	79.6	
99.3	89.7	
99.3	88.5	
99.1	89.5	
98.9	86.7	
99.3	89.5	
98.7	98.2	
99.3	98.2	
98.7	88.1	
99.3	99	
98.9	89.1	
99.1	97.8	
99.3	89.5	
99.3	98.6	
99.3	98.6	
99.1	99.6	
99.3	88.5	
98.9	68.5	
99.3	86.9	
99.1	98	
99.3	84.5	
99.3	99.4	
99.1	77.2	
99.3	99.6	
99.1	88.9	
99.1	88.5	
99.3	89.5	
99.3	99.2	
99.3	98	
99.3	88.7	
99.3	98.8	
98.7	86.7	
99.3	89.3	
99.3	86.9	
99.3	99.6	
99.1	88.5	
99.3	87.7	
98.9	54.6	
98.1	89.7	
99.1	77.2	
98.5	89.1	
98.9	85.7	
99.1	89.7	
98.9	79.6	
99.3	79.6	
99.1	89.1	
98.9	99.6	
99.3	88.3	
99.3	99.2	
99.1	89.3	
98.5	97.2	
99.1	89.7	
99.3	87.9	
99.1	99.6	
98.5	98	
99.1	66.3	
99.3	98.8	
99.3	78.4	
99.1	88.5	
98.9	89.3	
98.9	89.5	
99.3	87.9	
99.1	78.8	
99.1	88.3	
99.1	89.7	
99.3	89.1	
87.2	98.6	
99.3	87.3	
99.3	88.9	
99.1	89.3	
99.3	98.4	
98.7	76.2	
98.9	77.8	
98.3	88.9	
99.1	89.1	
99.3	98.2	
98.9	88.1	
99.1	79.2	
98.9	99.4	
99.3	86.9	
99.3	86.1	
99.3	89.1	
99.1	97.6	
99.1	69.5	
98.7	99.4	
99.1	87.5	
99.3	92.6	
99.3	79.6	
98.7	99.6	
99.1	99.6	
98.7	88.7	
98.7	89.3	
98.9	96.4	
98.9	87.5	
98.9	97.6	
99.3	99.2	
98.3	78	
99.1	89.7	
99.1	89.7	
99.1	88.7	
99.3	89.1	
99.3	99.6	
99.1	98.8	
99.3	99	
98.9	89.3	
98.9	89.5	
99.1	89.7	
99.3	79.4	
98.5	86.5	
98.7	99.4	
99.3	99.6	
98.9	97.6	
99.1	89.5	
98.9	89.3	
99.3	99	
98.5	89.3	
98.3	88.7	
98.9	99.4	
99.3	99	
98.7	89.1	
99.3	99.6	
99.3	89.7	
99.1	89.1	
99.1	89.5	
99.1	88.7	
98.3	89.7	
99.3	79.2	
99.3	89.5	
99.1	95	
99.1	97.6	
99.1	96.6	
99.3	98.2	
99.1	96.8	
98.9	99.6	
99.3	89.3	
98.7	77.2	
98.9	88.7	
99.1	97	
99.1	89.3	
99.1	89.3	
99.3	87.9	
99.1	99.2	
99.3	89.7	
99.1	89.1	
98.7	89.3	
98.9	88.9	
99.1	89.5	
99.1	75.6	
99.3	70.6	
98.7	84.1	
99.1	88.5	
98.5	98	
99.3	89.7	
99.3	87.3	
99.1	99.2	
99.3	99.4	
99.3	77.8	
98.7	99.2	
99.1	89.7	
99.1	88.3	
99.1	99.2	
98.7	89.3	
99.3	88.3	
99.1	98.6	
99.1	89.5	
98.9	87.3	
99.3	89.5	
88.4	89.5	
98.7	89.7	
98.9	89.1	
98.9	89.7	
99.1	98.8	
99.3	89.5	
99.1	99.4	
99.1	88.1	
98.7	89.5	
99.3	85.3	
98.7	99.2	
99.3	98.8	
89	89.1	
99.1	88.3	
99.3	98.6	
99.3	89.1	
99.3	77.4	
99.3	89.3	
99.1	87.7	
99.1	98	
98.9	99	
99.1	89.7	
99.3	99.6	
99.1	89.7	
99.1	88.5	
99.3	96.8	
99.1	86.3	
99.3	86.7	
99.1	89.5	
99.3	94	
99.1	79.4	
98.9	78.8	
99.3	88.3	
99.1	88.1	
99.1	84.3	
98.9	88.1	
99.3	89.1	
99.3	76.6	
99.3	88.7	
99.3	79.4	
98.9	88.1	
99.3	89.5	
99.3	89.5	
98.9	77.6	
99.1	89.7	
99.1	79.4	
99.1	61.7	
98.9	68.9	
98.9	99.2	
99.3	89.1	
98.3	88.5	
99.3	97.4	
99.1	89.3	
99.1	85.1	
88.8	98.8	
99.3	86.1	
99.3	89.5	
99.1	98.8	
99.3	89.1	
99.3	97.4	
99.1	89.7	
99.3	88.1	
99.1	79	
99.3	89.7	
98.9	88.9	
98.5	88.7	
98.9	98	
99.1	89.7	
99.3	77	
99.3	68.5	
99.3	88.9	
99.3	87.5	
99.3	99.6	
98.1	89.1	
99.3	88.9	
98.5	99	
99.3	95.8	
99.1	88.3	
99.3	89.1	
99.3	98.8	
99.3	98.6	
99.1	89.7	
98.3	98.8	
99.1	89.1	
99.3	88.5	
99.1	89.7	
98.5	97	
99.3	88.3	
98.7	89.3	
99.1	88.7	
99.1	98	
99.3	89.7	
98.5	98.2	
99.3	89.5	
98.9	89.3	
99.3	79.2	
98.7	86.1	
88.8	89.3	
98.7	98.4	
98.1	89.5	
99.1	89.5	
99.1	87.9	
99.1	87.5	
98.9	99	
99.1	87.5	
98.9	99.6	
99.3	89.1	
99.3	98	
98.9	99.6	
99.3	88.7	
99.1	89.3	
99.3	96.4	
99.1	89.7	
99.1	99.2	
99.1	89.1	
99.3	86.7	
99.3	89.5	
99.1	89.3	
98.7	89.3	
98.5	98.6	
98.9	89.1	
98.9	86.5	
99.3	89.3	
98.7	88.1	
99.3	86.7	
99.1	89.5	
98.9	99.6	
98.9	88.5	
98.5	88.5	
99.3	88.1	
98.7	79	
99.3	99.6	
99.1	96.4	
99.1	73.8	
98.9	89.7	
99.3	98.8	
99.3	87.3	
99.1	88.7	
99.1	88.7	
98.7	89.7	
99.3	87.7	
99.3	98	
98.9	99.2	
99.3	89.1	
98.7	98.8	
98.9	78.6	
99.3	88.5	
99.1	89.5	
99.1	98	
98.9	98.2	
98.7	89.5	
98.7	88.9	
99.3	88.3	
98.3	89.7	
99.3	87.1	
99.1	74.6	
99.3	76.6	
99.1	89.3	
99.3	89.7	
99.3	88.5	
99.3	94.2	
99.3	79.4	
98.7	99.2	
99.3	87.3	
99.1	82.5	
99.3	89.1	
89	89.3	
98.9	89.5	
99.1	88.9	
99.1	88.3	
99.1	86.7	
99.3	89.3	
99.1	99	
99.1	97.6	
88.2	99.4	
98.7	88.9	
99.1	88.9	
99.1	89.1	
99.1	78.6	
99.1	88.5	
99.1	88.9	
99.3	78.8	
98.9	99	
99.3	89.5	
99.3	89.5	
99.1	97	
99.1	97.4	
98.9	87.1	
99.3	87.5	
98.7	99.6	
99.1	89.1	
99.3	97.6	
98.9	89.7	
99.3	89.5	
99.1	99.6	
99.3	79.6	
99.1	87.1	
98.9	98	
98.1	88.7	
99.3	89.3	
98.9	99	
98.5	79.4	
98.9	99.2	
99.3	89.3	
89.2	87.3	
99.3	89.1	
99.3	89.7	
98.5	99.2	
98.5	89.1	
99.3	89.5	
99.1	97.2	
99.3	99.2	
99.3	88.9	
98.9	98.4	
99.1	89.7	
98.9	99.4	
99.1	88.9	
98.5	89.1	
98.7	99.6	
99.1	84.9	
98.9	87.5	
99.3	87.1	
99.3	89.7	
99.1	88.5	
99.1	89.3	
99.3	99.4	
98.9	89.5	
88.6	79	
89.2	88.5	
98.5	86.1	
98.7	88.7	
98.9	89.1	
99.3	89.5	
89.4	98.6	
99.1	97	
99.1	89.3	
99.1	68.1	
99.3	77.6	
99.3	94.6	
98.5	79	
98.9	78.4	
99.3	99.6	
99.3	98.4	
98.9	88.7	
99.1	97.4	
99.3	89.7	
99.3	87.3	
99.1	77.4	
99.1	87.7	
99.3	99	
98.7	88.7	
98.9	79.4	
99.3	98.6	
99.3	89.5	
99.3	89.7	
99.3	97.8	
98.5	88.5	
99.3	86.9	
99.1	88.9	
99.3	86.9	
99.3	86.1	
99.3	98	
99.1	99.2	
99.1	88.9	
99.3	97.8	
99.1	97.8	
99.3	97.4	
99.3	88.7	
98.5	99	
