99.3	89.7	
99.3	89.7	
99.1	69.5	
99.3	99	
99.3	79.6	
99.3	89.5	
99.3	89.7	
98.9	79.6	
99.3	89.7	
99.3	89.7	
99.1	89.5	
99.3	89.5	
89.2	88.9	
98.9	89.7	
99.3	89.7	
99.1	79.4	
98.7	89.7	
99.3	89.3	
99.3	99.6	
99.1	89.7	
99.3	99.4	
89.4	99.4	
99.3	89.7	
99.3	79.6	
99.3	89.7	
98.7	89.7	
98.3	89.7	
99.1	89.7	
99.1	89.7	
98.5	99.6	
99.1	89.7	
99.3	99.6	
99.3	89.7	
97.9	89.7	
99.3	89.7	
99.3	99.6	
99.1	89.7	
99.1	89.7	
99.3	99.6	
98.9	99.6	
99.1	99.6	
99.1	89.7	
99.3	89.7	
98.9	99.6	
99.3	89.7	
99.3	99.6	
99.3	89.7	
99.3	89.7	
89.4	89.7	
99.1	99.4	
98.9	99.6	
99.3	99.6	
99.1	79.6	
98.9	79.4	
98.7	89.5	
98.9	89.5	
99.3	89.5	
99.1	89.7	
98.7	89.3	
99.3	89.7	
99.3	99.6	
99.1	89.7	
99.3	89.7	
99.3	99.6	
98.9	89.7	
99.1	99.4	
98.9	89.7	
99.3	99.4	
99.1	89.7	
99.3	99.2	
99.1	89.1	
98.9	89.7	
98.9	99.6	
99.1	89.5	
99.1	99.4	
98.9	89.7	
99.3	89.5	
98.9	89.7	
88.4	98.4	
99.1	99.6	
99.3	99.6	
99.3	89.7	
99.3	99.2	
99.3	89.7	
99.3	89.7	
99.3	89.7	
99.1	79.4	
89	99.6	
99.3	89.5	
99.3	89.7	
99.1	99.6	
99.3	89.7	
99.1	89.3	
89.4	89.7	
99.1	89.7	
99.1	89.7	
98.9	89.7	
99.3	99.6	
89	89.7	
99.1	89.3	
99.3	89.7	
98.1	89.7	
99.1	99.6	
97.3	69.1	
98.9	79.6	
88.8	89.5	
99.1	99.6	
99.3	89.7	
99.1	99.6	
98.9	99.4	
99.1	79.4	
99.1	89.7	
99.3	89.7	
99.3	89.5	
99.1	89.7	
99.1	89.3	
99.3	89.7	
99.1	89.5	
98.3	89.5	
99.3	89.7	
99.3	89.7	
98.9	79.2	
98.9	99.6	
99.1	99.6	
99.3	79.6	
99.3	79.4	
99.3	99.6	
99.3	89.1	
99.1	99.4	
89	89.7	
99.3	89.7	
99.3	99.4	
99.1	89.7	
98.7	99.6	
99.1	99.6	
99.3	99.4	
99.3	89.7	
98.9	89.7	
98.3	99.6	
99.1	99.6	
99.3	89.7	
98.9	99.4	
99.1	89.7	
99.1	89.7	
99.3	89.7	
99.1	99.6	
99.1	99.2	
99.1	89.5	
99.1	89.5	
99.3	89.7	
99.1	89.7	
98.7	79.4	
99.3	89.7	
98.9	99.6	
99.1	89.5	
98.9	89.7	
99.3	89.7	
98.9	89.7	
99.3	89.7	
89	89.7	
99.1	99.6	
99.1	99.6	
99.1	89.7	
99.3	89.7	
99.1	89.7	
99.3	89.7	
99.1	99.6	
99.1	89.7	
99.1	99.6	
98.7	79.6	
99.1	89.7	
99.1	99.6	
98.5	89.7	
99.1	89.7	
99.1	89.5	
99.3	89.3	
98.9	89.7	
99.3	89.7	
98.9	89.7	
99.3	99.6	
99.3	99.6	
99.3	99.6	
98.5	99.6	
98.3	89.7	
99.1	89.7	
98.9	89.7	
99.1	99.6	
99.1	89.1	
99.3	79.6	
99.1	89.5	
99.1	79.4	
99.1	89.5	
99.1	89.5	
99.3	89.7	
99.3	99.6	
99.1	89.7	
99.1	89.7	
99.1	89.7	
99.3	89.7	
89.2	89.7	
99.3	89.7	
98.5	89.5	
98.9	89.7	
99.3	99.6	
99.3	89.7	
99.3	89.7	
98.9	79.6	
99.1	99.4	
99.3	99.4	
99.1	89.7	
99.1	79.4	
99.3	89.5	
99.1	89.7	
97.9	89.5	
99.3	89.5	
98.5	89.5	
99.3	89.7	
99.1	89.7	
98.7	89.7	
98.7	99.6	
99.3	89.7	
99.1	89.7	
89.2	89.7	
99.3	89.7	
99.3	89.7	
99.1	99.6	
99.1	89.5	
98.7	89.7	
99.1	89.7	
98.9	89.7	
99.1	89.7	
99.1	99.6	
99.1	89.7	
98.7	89.5	
99.3	99	
99.3	89.7	
98.9	99.2	
99.3	99.4	
98.9	89.7	
99.1	99.6	
99.3	89.7	
99.1	89.5	
99.3	89.5	
99.3	89.5	
99.1	89.7	
99.3	99.6	
99.1	89.7	
99.3	99.6	
99.1	89.5	
98.9	89.7	
99.3	89.7	
99.1	89.5	
98.9	89.7	
89	89.7	
98.9	89.7	
98.7	89.7	
99.3	89.7	
98.7	89.7	
98.7	89.1	
99.1	89.7	
99.3	89.7	
99.1	89.7	
99.3	89.7	
98.7	89.7	
99.1	89.7	
99.3	99.4	
98.9	89.7	
99.3	79.6	
99.3	89.5	
98.5	89.7	
98.9	99.4	
89	89.7	
98.9	89.1	
99.3	98.6	
99.3	89.7	
99.3	89.5	
99.3	89.7	
98.5	98.6	
99.3	89.7	
99.3	89.5	
99.1	99.6	
97.5	89.7	
99.1	89.7	
99.3	89.3	
99.3	89.7	
99.3	89.7	
99.3	89.7	
99.3	69.5	
99.1	79.6	
99.3	89.7	
99.1	89.7	
99.3	89.3	
99.3	99.6	
99.1	99.4	
99.3	89.7	
99.1	79.6	
99.3	99.6	
99.3	89.7	
99.3	89.7	
99.1	89.7	
98.7	99.6	
98.7	99.6	
99.1	89.7	
98.7	69.5	
99.3	89.5	
98.9	89.5	
99.3	89.7	
89.2	89.5	
89	99.4	
99.1	99	
98.9	99.6	
98.9	99.4	
98.9	89.7	
99.3	89.7	
98.9	89.7	
99.3	89.7	
99.3	89.7	
99.1	99.6	
99.3	89.7	
98.7	99.6	
99.3	89.7	
98.9	99	
88.6	99.2	
98.9	69.5	
98.7	99.2	
99.1	89.7	
99.3	89.7	
99.3	89.7	
98.9	99.2	
99.1	99.4	
99.1	99.6	
99.1	89.7	
98.9	89.3	
98.9	99.6	
99.1	99.2	
99.1	99.4	
99.3	99.4	
89.4	89.7	
98.3	89.5	
99.1	99.4	
99.1	69.3	
99.3	99.6	
98.7	99.6	
99.3	89.7	
97.9	89.5	
98.5	89.7	
99.1	89.7	
99.1	89.7	
89.4	89.5	
99.1	89.7	
99.3	89.5	
98.9	89.7	
98.9	89.7	
99.3	99.4	
99.3	89.7	
99.1	89.7	
98.9	99.6	
98.7	98.8	
98.7	89.7	
99.1	99.6	
98.7	99.6	
99.3	99.6	
99.3	89.5	
99.3	89.5	
98.3	79.6	
99.1	89.7	
98.7	99.4	
99.3	89.7	
98.9	99.6	
98.9	99.2	
98.9	89.5	
99.3	89.3	
98.9	99.6	
98.7	89.7	
99.3	89.7	
98.3	89.5	
98.9	89.7	
99.1	89.7	
98.9	89.5	
98.3	99.6	
99.3	89.7	
99.1	89.7	
89.2	89.5	
98.9	99.4	
99.3	99.6	
98.9	89.7	
98.9	89.7	
98.9	89.7	
98.7	99.2	
99.1	99.6	
99.1	89.7	
99.3	89.7	
99.3	99.6	
98.5	79.6	
98.9	79.6	
98.9	89.7	
98.9	89.3	
98.9	89.7	
99.1	89.5	
89.4	89.5	
89.4	89.5	
98.9	89.7	
98.9	89.7	
99.3	89.7	
99.3	89.7	
99.1	99.4	
99.1	99.6	
99.3	99.6	
98.3	89.7	
99.3	89.7	
99.3	89.7	
99.1	89.7	
99.3	89.7	
99.1	89.7	
99.3	99.6	
99.3	69.3	
99.3	89.7	
98.9	89.7	
99.3	89.7	
99.3	89.7	
99.3	99.4	
99.3	89.7	
99.3	89.7	
99.3	99.6	
99.1	89.3	
99.3	89.7	
98.7	79.4	
99.1	89.7	
99.3	89.7	
99.3	89.3	
99.1	89.5	
99.1	89.7	
98.9	89.7	
99.3	89.1	
98.9	99.6	
89.4	89.5	
99.3	89.7	
99.3	89.7	
89.2	89.7	
99.1	89.7	
99.1	79.4	
98.9	69.1	
99.3	99.6	
98.9	89.7	
99.1	89.7	
99.3	89.7	
99.3	89.7	
99.1	89.7	
99.3	89.7	
99.3	89.7	
99.1	79.6	
98.9	79.2	
99.3	99.6	
99.3	99.6	
99.1	89.7	
99.3	99.2	
98.7	89.7	
99.1	89.5	
98.9	89.7	
99.3	78.8	
99.1	89.5	
98.9	89.5	
99.3	89.5	
98.7	99.6	
89.2	89.7	
99.3	89.7	
99.3	99.4	
99.1	89.7	
99.1	89.5	
98.5	99.4	
99.1	89.7	
99.1	89.7	
98.7	99.6	
99.3	89.7	
99.3	88.9	
98.7	89.7	
99.1	89.7	
99.3	89.7	
99.1	99.6	
99.3	89.7	
99.1	89.7	
99.1	89.5	
99.3	89.7	
99.1	89.7	
99.3	89.7	
99.3	89.5	
99.3	99.4	
98.9	89.1	
98.7	89.7	
89.4	69.3	
99.3	89.5	
99.1	89.7	
98.9	89.7	
99.3	89.7	
98.9	99.2	
99.1	89.7	
99.1	89.7	
98.9	89.7	
98.9	99.4	
89.4	99.6	
99.1	89.7	
88.8	99.6	
99.1	89.7	
99.1	79.6	
98.9	99.6	
99.1	79.6	
99.1	89.7	
99.1	89.7	
98.9	89.3	
99.1	89.3	
99.3	99.6	
99.1	79	
99.1	89.5	
98.5	79.4	
98.9	89.5	
99.1	79	
98.7	99.6	
98.9	89.7	
98.7	89.7	
99.3	99.6	
99.1	89.7	
99.1	79.6	
99.3	89.7	
99.1	89.5	
98.9	99.6	
99.3	99.6	
99.1	89.7	
98.7	89.7	
98.9	89.7	
99.1	89.5	
99.3	89.7	
98.7	89.7	
99.3	89.5	
99.1	89.7	
99.3	89.7	
99.1	89.5	
99.3	89.7	
99.3	99.4	
98.9	89.7	
99.1	99.4	
99.3	89.7	
98.7	89.7	
99.3	89.7	
99.3	89.7	
99.3	99.4	
98.7	79.6	
98.7	99.4	
99.3	89.3	
99.3	89.5	
99.1	89.7	
99.3	89.7	
98.9	89.3	
98.9	89.1	
99.3	79.6	
99.3	89.7	
99.3	99.6	
98.9	99.6	
99.3	89.7	
99.3	99.4	
99.3	89.5	
99.1	99.4	
98.5	89.5	
99.3	99.4	
99.3	89.7	
79.5	99.6	
99.3	78.8	
98.7	89.7	
99.1	99.4	
99.1	89.7	
99.3	88.7	
99.1	99.6	
99.1	89.7	
99.1	89.7	
99.3	89.5	
99.1	89.7	
99.3	89.7	
99.3	89.5	
98.7	89.7	
98.9	89.7	
98.5	79.6	
99.3	89.3	
99.3	89.7	
99.3	99.2	
99.1	99.6	
99.1	79.6	
99.3	89.7	
99.3	89.7	
79.3	89.5	
99.3	89.3	
99.3	99.6	
99.3	79.2	
99.3	99.6	
99.1	89.7	
99.3	89.7	
98.9	89.7	
99.3	89.5	
69.2	89.5	
98.9	89.5	
98.7	89.7	
99.3	99.6	
98.9	89.7	
99.3	89.7	
99.1	99.6	
99.3	89.7	
99.1	99.6	
98.9	89.7	
99.1	99.4	
99.3	89.5	
99.3	89.5	
99.1	99.2	
99.3	99.6	
98.9	89.7	
99.3	89.7	
99.1	89.7	
99.1	99.6	
99.3	89.5	
99.1	79.6	
99.1	79.6	
99.3	89.7	
98.3	89.5	
99.1	99.6	
99.3	89.7	
99.1	99.4	
99.3	89.7	
89	89.3	
99.1	69.5	
99.1	89.7	
98.9	89.5	
98.7	89.7	
98.7	79.6	
99.3	89.7	
99.3	89.5	
99.1	89.3	
98.9	89.7	
98.3	89.7	
99.1	89.7	
99.1	99.6	
98.9	99.4	
99.3	79.4	
99.1	89.7	
99.1	89.3	
99.1	99.4	
98.9	79.2	
99.1	89.5	
99.1	99.6	
99.1	89.7	
99.1	99.6	
99.3	89.7	
98.9	89.7	
99.3	89.7	
99.1	89.7	
99.1	79.4	
99.3	99.6	
99.1	89.5	
99.1	89.7	
99.3	89.7	
98.9	89.5	
98.3	79.4	
98.1	99.4	
98.9	89.5	
99.3	89.5	
99.3	89.5	
99.3	99.6	
99.3	99.4	
89	89.7	
99.3	99.6	
99.1	89.3	
99.3	89.7	
99.1	89.7	
99.1	89.7	
98.5	99.4	
99.1	89.7	
99.3	99.4	
99.1	98.8	
99.1	99.6	
99.3	99.2	
99.3	89.3	
99.3	89.5	
99.3	99.6	
99.3	89.5	
98.9	79.6	
99.3	89.7	
98.9	89.7	
98.9	99.4	
99.3	89.5	
99.3	89.5	
98.7	89.3	
99.3	89.5	
99.3	89.5	
99.1	89.1	
99.3	89.7	
98.9	89.3	
99.3	88.7	
99.1	89.7	
99.1	99	
98.9	89.5	
99.1	99.4	
99.3	99.6	
98.9	89.7	
99.1	89.7	
99.1	89.7	
99.1	99.6	
99.1	89.5	
98.9	79.6	
99.1	89.7	
99.3	99.6	
99.1	99.6	
98.5	99.4	
99.3	89.7	
99.1	89.1	
98.3	89.7	
99.3	89.1	
99.1	79.6	
99.3	89.7	
99.3	89.7	
98.7	79.6	
98.9	89.7	
99.3	89.7	
99.3	89.3	
99.3	89.3	
99.1	99.6	
99.3	89.7	
99.1	89.7	
99.3	89.7	
99.1	99.6	
99.3	89.7	
98.5	99.4	
99.3	89.7	
99.3	89.5	
99.3	99.6	
98.9	89.3	
99.3	89.7	
99.3	98.2	
98.9	99.4	
99.3	79.4	
99.3	99.4	
98.7	89.7	
98.9	89.3	
99.3	99.6	
99.3	99.4	
99.3	89.7	
99.3	89.7	
99.3	99.6	
98.9	89.7	
99.1	89.7	
99.3	89.7	
99.3	89.5	
99.1	89.7	
99.1	99.2	
98.9	79.6	
99.3	69.5	
98.9	89.3	
99.3	89.3	
99.3	89.3	
99.3	89.7	
99.3	79.6	
99.1	89.5	
98.9	89.7	
87.6	99.4	
99.3	99.2	
99.3	99.4	
99.1	89.7	
99.3	99.4	
99.3	89.5	
98.9	89.7	
99.3	79.4	
98.9	89.7	
98.9	89.3	
98.3	89.7	
99.1	89.7	
99.1	99	
99.1	89.7	
98.7	99.2	
99.3	89.7	
99.3	89.5	
99.3	89.5	
98.7	89.7	
99.1	99.2	
98.7	89.7	
99.3	89.7	
98.9	89.5	
98.9	99.4	
69	99.4	
99.3	89.7	
99.1	79.6	
99.3	99.4	
98.9	89.3	
99.3	89.7	
98.9	99	
98.9	99.6	
98.5	89.7	
99.1	89.5	
99.1	89.7	
99.3	99.6	
99.1	99.6	
99.3	89.7	
99.1	89.7	
99.1	99.6	
99.3	89.5	
99.3	99.4	
99.3	89.3	
98.9	89.7	
98.9	79.6	
78.9	99.6	
99.3	89.7	
99.1	99.6	
99.3	89.3	
99.1	89.7	
99.3	89.3	
99.3	89.7	
99.3	89.7	
99.1	89.5	
99.3	89.5	
99.3	99.6	
89.4	89.5	
99.3	89.7	
99.3	89.7	
99.1	89.7	
99.3	89.7	
99.1	89.7	
99.3	99.2	
98.9	99.6	
89.4	79.4	
99.1	99.6	
99.1	69.5	
99.3	99.6	
98.9	68.9	
98.9	89.7	
99.1	89.5	
99.3	89.7	
99.3	89.7	
98.9	89.7	
99.1	89.7	
99.1	89.5	
99.3	99.6	
99.3	99.6	
98.9	89.7	
99.1	89.7	
98.7	89.7	
99.3	89.7	
99.1	89.5	
99.3	89.7	
99.3	89.7	
99.3	89.7	
99.1	89.7	
99.3	99.4	
98.1	99.6	
98.7	79.4	
99.1	89.7	
99.1	89.7	
99.3	89.7	
99.3	89.3	
99.1	89.5	
99.3	99.6	
99.1	99.6	
98.7	79.6	
99.3	99.2	
99.3	89.7	
99.3	89.7	
99.3	89.3	
99.1	89.7	
99.1	89.7	
98.9	99.6	
99.3	89.5	
98.5	99.6	
99.1	89.7	
99.1	99.6	
98.9	89.7	
89.2	89.5	
99.3	89.5	
99.1	89.7	
99.1	89.7	
99.3	99.4	
98.3	89.3	
99.3	89.5	
99.1	89.7	
99.3	89.3	
99.3	89.3	
89.4	79.4	
99.1	99.6	
99.3	89.7	
99.3	89.5	
99.1	89.5	
89.4	89.5	
99.3	89.3	
99.1	99.6	
99.1	89.7	
99.1	89.7	
99.1	89.7	
99.1	99.6	
99.3	99.4	
99.3	79.6	
98.9	89.7	
99.3	89.7	
98.9	89.5	
98.1	89.3	
99.1	89.7	
98.7	89.7	
98.9	89.7	
99.1	89.7	
99.1	89.5	
98.7	89.7	
89	99.4	
99.3	89.7	
99.1	89.7	
99.3	89.7	
99.1	89.3	
98.9	89.7	
99.1	89.7	
99.1	89.7	
99.1	89.7	
99.1	89.7	
98.7	89.5	
99.3	89.3	
99.3	99.6	
99.3	89.7	
99.1	89.7	
98.9	99.2	
98.9	79.2	
98.9	89.5	
98.9	89.3	
98.9	89.7	
99.1	88.5	
99.3	89.7	
99.3	99	
99.1	89.7	
99.1	99.6	
99.3	89.7	
89.4	89.3	
99.1	89.5	
99.3	99.2	
99.3	89.7	
99.3	89.5	
98.9	89.7	
98.5	99.4	
99.1	79.4	
98.9	99.4	
99.3	89.7	
98.9	99.6	
99.1	99.6	
99.3	89.5	
99.3	89.3	
99.1	99.6	
89	89.7	
89.2	79.4	
98.9	89.5	
98.5	89.7	
99.3	89.5	
99.3	89.7	
99.1	89.7	
99.1	89.5	
99.1	89.7	
98.9	89.7	
98.9	89.7	
99.3	89.7	
99.1	89.7	
99.1	89.7	
99.3	89.5	
99.3	99.6	
98.9	89.7	
98.9	89.7	
98.9	99.6	
98.7	99.4	
99.3	89.7	
98.5	89.7	
99.3	99.4	
99.3	89.7	
99.3	89.3	
99.3	99.6	
99.3	89.5	
98.5	89.3	
98.7	89.7	
99.1	89.7	
99.3	98.8	
99.3	89.7	
98.9	89.7	
99.1	89.5	
99.3	89.7	
99.3	89.7	
98.7	99.6	
99.1	89.3	
99.3	89.7	
99.1	79.6	
99.3	89.5	
98.9	99.6	
99.1	99.4	
79.3	89.5	
98.9	89.7	
99.1	89.5	
99.1	89.7	
99.1	59.4	
99.3	99.4	
99.3	89.7	
98.7	99.6	
99.1	79.2	
99.1	89.7	
89.4	99.4	
99.3	99.6	
99.3	89.5	
99.1	88.9	
