98.7	99.4	
96.5	89.5	
87.8	89.3	
98.9	99.2	
99.1	99.4	
98.9	89.7	
99.3	98.8	
99.3	89.7	
98.7	89.1	
97.9	99.6	
98.9	99.2	
98.7	99.6	
98.5	99.4	
98.3	99.6	
98.5	99.4	
96.9	89.3	
98.9	99	
87.2	99.6	
88.2	99.6	
98.5	99	
98.3	98.6	
98.9	99.6	
98.9	98.8	
79.3	99.4	
88.6	99.4	
98.5	99.6	
99.1	88.9	
98.3	89.7	
97.9	99	
99.1	99.2	
99.3	89.3	
99.1	98.6	
87.6	79.2	
98.5	89.3	
78.9	89.7	
98.3	89.3	
99.3	99.6	
89	89.1	
99.3	99.4	
89	99.4	
98.5	99.6	
99.3	99.2	
99.1	99.6	
99.1	99	
98.1	89.5	
99.3	99.6	
98.9	99.6	
97.7	79.4	
99.3	99.6	
99.3	99.6	
98.9	89.5	
99.1	89.1	
98.9	99.2	
98.1	99.2	
99.1	99.6	
88.8	99	
98.5	98.8	
88.2	99.6	
99.1	98.8	
99.1	99.6	
78.7	89.3	
97.3	89.3	
97.7	99.2	
98.5	99.6	
98.7	89.1	
99.1	99.4	
98.9	99.6	
98.7	89.7	
99.3	89.7	
99.3	99.6	
99.3	99.4	
99.3	99.6	
99.1	99.4	
89.4	99.6	
98.9	99.4	
99.1	79.2	
96.3	99.6	
96.3	78.6	
98.9	99.6	
98.9	89.1	
98.7	99.6	
77.7	89.7	
99.1	99.4	
99.3	99.6	
98.7	99.2	
98.9	99.2	
78.5	98.8	
78.7	99.6	
98.7	89.7	
98.7	89.7	
86.6	98.4	
98.9	98.8	
98.9	99.4	
99.1	99.6	
88.4	99.2	
98.7	99.4	
99.1	99	
98.9	99.6	
78.7	99.4	
89	99.6	
98.9	99.6	
98.7	88.7	
98.1	99.4	
98.9	99.6	
98.9	88.9	
97.7	99.6	
98.9	89.3	
98.9	77.6	
99.3	99.4	
98.9	89.5	
99.3	67.5	
98.9	99.6	
99.1	68.1	
96.3	89.7	
97.9	99.4	
99.1	99.2	
98.9	89.7	
78.5	99.6	
98.1	79.2	
78.1	99.6	
98.1	99	
98.5	99.2	
98.5	99.4	
99.3	99.4	
98.9	99.4	
88.8	98.6	
98.9	79.6	
99.3	99.4	
99.1	99.6	
98.9	99.4	
97.7	99.6	
98.9	99.6	
98.9	89.7	
99.1	89.1	
98.1	89.7	
99.3	99.6	
99.1	99.6	
99.1	99.4	
98.9	99.4	
98.9	88.9	
99.3	89.5	
99.1	89.5	
97.5	88.7	
98.9	99.6	
99.1	99.4	
99.1	89.1	
98.7	99.6	
99.3	79.2	
98.9	89.7	
98.7	99.6	
99.3	99.6	
98.7	99.4	
99.3	99	
98.7	89.5	
98.1	88.9	
98.7	99.4	
67.6	99.6	
99.1	88.7	
98.7	99.4	
98.9	89.3	
98.3	99.2	
99.1	99.2	
98.5	99	
98.9	89.5	
98.5	99.4	
98.9	99.6	
87.2	99.6	
99.1	99.4	
98.9	99.6	
98.3	98.8	
98.9	88.7	
99.1	99.2	
98.9	99.6	
98.1	99.2	
99.1	99.6	
98.1	88.7	
98.3	99.4	
89	99.2	
99.3	89.7	
86	99.4	
97.5	98.8	
97.3	99.2	
98.7	99.6	
98.7	99	
98.7	79.6	
88.2	99.6	
98.9	99.6	
99.3	99.4	
98.9	99.2	
99.1	99.6	
98.7	99.6	
98.3	89.3	
98.3	99.4	
78.9	99.4	
99.1	99.6	
99.3	99.6	
98.7	99.4	
98.7	89.7	
98.9	99.4	
99.1	89.7	
98.5	88.3	
99.1	99.2	
99.1	99.2	
78.9	99.4	
98.9	99.6	
89.4	99.4	
99.1	99.6	
96.9	99.6	
98.3	89.5	
99.1	99.2	
98.3	99	
98.7	99.6	
99.3	99.4	
98.9	79.2	
98.7	99.2	
98.9	99.6	
88.6	99.2	
98.9	99.6	
99.1	89.7	
98.3	79.6	
98.3	99.6	
98.5	89.3	
99.1	99.4	
99.1	99.6	
98.7	99.6	
98.5	68.3	
98.9	99.6	
98.7	99.4	
99.3	99.6	
99.1	99	
97.7	99.6	
99.1	79.6	
88.8	99.6	
98.5	99.2	
97.3	88.9	
98.7	99.4	
98.9	99.6	
98.7	99.6	
99.1	99.4	
98.5	89.3	
99.1	99.2	
86	99.4	
98.5	99.4	
88.6	99.6	
98.9	89.7	
98.9	99.6	
99.1	99.2	
99.3	89.5	
99.1	99	
89.2	98.2	
99.3	99.6	
99.3	99	
98.9	98.8	
89	99.2	
98.3	99.6	
99.1	99.4	
99.1	67.7	
98.9	79.4	
99.3	99.6	
95.3	89.5	
99.1	89.5	
98.5	99.4	
99.1	89.5	
99.3	89.7	
99.1	89.7	
99.3	88.7	
99.3	99.6	
98.9	99.4	
98.9	99.2	
97.9	99.6	
98.9	99.6	
98.9	99.6	
68.8	99.4	
98.5	89.3	
99.1	89.3	
98.5	99.4	
98.7	88.9	
98.7	99.6	
99.1	89.1	
99.1	89.5	
98.1	99.2	
98.5	99.6	
98.5	99.4	
99.3	99.4	
99.3	89.5	
99.1	99.6	
99.3	89.5	
99.3	99.4	
99.1	69.1	
98.9	99.4	
99.1	78.6	
99.1	99.2	
98.7	99.6	
97.7	89.5	
98.1	89.3	
99.3	89.7	
99.3	89.7	
98.3	99	
97.7	99.6	
99.3	99.6	
99.3	99.2	
99.3	99.6	
98.9	89.3	
89.2	99.4	
99.3	99	
99.1	99.4	
98.3	99.4	
98.9	99.2	
98.9	99.6	
99.3	99.6	
98.5	89.7	
99.3	89.3	
88.8	99.6	
98.7	99.6	
95.1	89.3	
89.2	99.6	
98.9	98.8	
89.2	99.6	
88.4	89.1	
99.1	89.3	
98.1	99.4	
98.7	98.8	
99.3	99.6	
99.1	99.6	
97.7	98	
97.5	89.3	
99.3	99.6	
99.3	99.4	
69.4	99.2	
99.3	99.2	
98.9	89.7	
98.9	89.3	
99.1	78.4	
98.7	99.6	
99.1	89.5	
99.1	99.2	
96.9	99.4	
88.6	99.6	
98.7	88.7	
98.5	99.2	
99.3	99.6	
98.9	99.4	
99.3	99.4	
98.5	98.8	
98.5	79.2	
98.9	78.8	
97.7	89.5	
78.9	99.4	
98.9	99.6	
99.1	89.5	
99.1	99.4	
98.9	89.3	
98.1	99.6	
98.5	99.6	
89	99.6	
99.3	99.2	
99.3	99.4	
98.7	99.4	
99.3	99.6	
99.1	99.4	
98.7	99.6	
98.7	89.1	
98.9	89.5	
79.1	99	
98.3	98.6	
98.7	99.4	
99.1	99.6	
98.7	99.2	
97.5	89.7	
98.5	89.1	
98.1	89.1	
98.5	99.6	
98.7	99.6	
99.1	89.7	
99.1	99.6	
99.3	78.6	
99.3	99.6	
99.1	99.6	
98.3	89.3	
76.9	79.2	
88	99.4	
88	99.4	
99.1	99.6	
98.9	89.5	
98.9	99	
98.1	89.1	
99.3	99.2	
98.9	99.6	
99.3	99.6	
99.1	89.7	
98.3	98.4	
98.5	99.4	
78.9	99.6	
98.7	89.7	
99.1	99.6	
98.9	99.2	
99.3	99.2	
99.1	99.6	
99.1	99.4	
96.3	89.5	
97.9	89.1	
99.1	99.4	
98.9	99.2	
99.3	99.6	
98.9	89.7	
89.2	99.4	
99.1	89.1	
58.1	88.9	
99.1	89.7	
99.1	99.6	
98.9	99.4	
98.7	99.6	
98.9	99.4	
98.5	99.2	
97.1	99.6	
99.1	99	
98.7	89.7	
98.7	89.3	
98.9	99.6	
99.1	99.2	
99.1	99.4	
99.3	99.4	
97.5	99.6	
99.1	89.7	
98.5	89.5	
99.3	99.4	
98.9	99.6	
98.5	98.8	
98.5	99.6	
98.7	99.4	
88.2	89.7	
98.1	99.2	
99.1	89.3	
98.7	99.6	
98.9	99.4	
97.3	99.2	
98.7	99.2	
99.1	99.4	
98.5	89.7	
98.9	99.2	
99.1	99.4	
99.3	99.6	
99.1	99.4	
96.5	78.8	
79.1	99.6	
99.3	99.6	
98.5	89.5	
96.7	79.6	
99.3	99.6	
98.5	89.7	
99.1	99.6	
99.1	89.7	
99.3	99.2	
67.8	99.6	
99.1	99.4	
98.3	89.3	
99.3	99.6	
98.9	99.2	
99.3	99.6	
99.1	89.5	
98.9	99.6	
98.5	79.2	
98.3	99.6	
99.1	89.3	
99.3	99.6	
98.7	99.4	
99.3	89.5	
98.9	99.6	
88.8	99.6	
99.1	99.4	
98.7	99	
98.7	99.2	
99.3	99.4	
98.5	99.6	
99.1	88.9	
97.5	99.6	
99.1	89.7	
98.5	99.6	
98.9	98.8	
89	88.9	
98.9	99.6	
88	99.4	
98.7	99.4	
99.1	89.3	
98.7	88.5	
98.5	69.1	
98.7	99	
96.9	99.4	
98.3	99.4	
99.1	99.6	
99.3	89.5	
77.3	88.7	
98.7	89.5	
99.3	89.5	
98.5	99	
88.8	99.6	
87.2	99.2	
88.4	99.6	
98.5	89.5	
99.1	89.5	
98.3	99.6	
98.9	99.2	
99.3	99.6	
96.5	99.2	
98.7	98.6	
99.1	89.3	
89.2	99.4	
99.1	98.8	
98.9	99.6	
98.7	99.4	
98.9	89.7	
98.9	99.4	
97.9	99.4	
99.3	89.5	
98.3	99.6	
97.9	99.6	
99.1	99.2	
97.9	89.3	
97.3	98.6	
98.5	99.6	
98.7	99.2	
99.3	89.7	
98.1	99	
99.1	99.6	
99.1	98.8	
98.9	99.6	
98.1	89.7	
99.3	99.6	
98.9	99	
99.1	89.5	
99.3	89.7	
99.3	98.4	
88.8	99.6	
99.1	79.2	
99.1	89.5	
98.9	89.7	
98.7	99.6	
98.5	89.5	
98.5	99.6	
99.3	99.6	
99.3	99.2	
98.7	99.4	
99.3	99.6	
99.1	89.7	
98.9	89.7	
99.1	89.7	
98.5	99.4	
99.3	99.6	
99.1	88.9	
78.5	99.6	
98.5	99.6	
98.9	99.2	
97.9	99.6	
99.1	89.3	
98.9	89.1	
98.5	99.6	
89.2	89.7	
99.3	89.7	
98.9	89.1	
98.7	99	
99.1	99.2	
99.1	99.2	
98.3	99.4	
97.5	99.6	
99.1	99.4	
98.7	57.8	
78.9	99.6	
98.9	99.6	
98.5	98.4	
99.3	99.4	
98.7	99	
99.3	99.6	
88.6	99.6	
99.3	99.6	
88.8	79	
98.7	89.5	
98.5	98.8	
78.1	99.4	
89	89.7	
99.1	99.4	
98.5	99.6	
98.9	99.2	
98.5	99.4	
98.9	79.4	
98.7	99.2	
98.7	99	
97.9	99.6	
98.5	99.6	
98.9	89.7	
98.3	99.2	
98.9	99.4	
78.5	79.6	
99.1	98.2	
97.3	89.7	
99.3	99.4	
98.7	89.7	
98.9	98.4	
99.3	98.8	
99.1	99.6	
98.1	99.6	
98.9	99.6	
99.1	99.6	
96.9	88.9	
98.1	99.6	
98.7	99.6	
87	99.6	
99.3	99.6	
98.9	99	
99.1	89.1	
98.7	99	
98.1	98.8	
99.3	89.5	
89.4	99.6	
99.1	99.2	
99.1	89.7	
99.1	99.2	
99.3	98.2	
98.9	99.6	
98.1	99.6	
99.3	99.6	
98.5	89.5	
99.1	89.7	
99.3	99.4	
98.7	99.4	
99.3	79.2	
89	99.4	
98.9	99.6	
98.1	99.2	
99.1	88.9	
98.3	99.6	
98.9	99.6	
98.9	89.7	
99.3	99.6	
98.7	89.5	
98.9	99.2	
88.6	98.4	
99.1	99.4	
99.3	98.4	
99.1	89.7	
99.1	99.4	
98.9	99.2	
89.4	99.6	
98.9	99.6	
99.3	99.2	
98.3	99.2	
97.3	99.4	
98.3	89.5	
99.1	89.7	
87.8	89.7	
99.1	99.4	
97.9	79.2	
99.1	49.3	
98.7	89.7	
98.9	89.5	
98.5	99.4	
99.1	99.6	
98.7	99.6	
98.9	89.7	
99.3	89.5	
99.3	99.6	
88	99.6	
99.1	99.6	
98.9	99.2	
98.9	99.4	
99.1	99.4	
98.5	99.4	
98.7	99.4	
98.7	99.6	
98.1	89.5	
98.5	99	
99.3	99.6	
98.5	89.5	
99.1	99.6	
89	99.2	
89.2	99.4	
98.9	99.2	
99.1	99.4	
98.5	89.3	
99.3	99.4	
99.1	88.9	
98.7	99.4	
99.1	99.4	
98.1	89.1	
98.7	99.6	
98.9	78.8	
98.9	99.4	
99.3	99.4	
98.9	99.2	
88.6	99.4	
98.9	89.5	
98.9	79.6	
99.3	99.6	
99.3	98.4	
99.3	99.4	
99.3	88.7	
98.9	99.6	
98.9	99.4	
99.3	99.4	
98.9	99.2	
99.3	69.3	
99.3	99.6	
98.1	79.6	
99.1	99.6	
99.1	98.8	
98.3	89.7	
98.7	89.5	
98.9	89.5	
98.9	79.4	
99.1	89.7	
98.9	89.7	
99.3	99.6	
98.9	99.2	
99.1	89.7	
97.7	88.7	
88.4	89.1	
99.3	99.4	
89.4	99.4	
99.3	99.4	
98.1	69.3	
78.7	89.5	
98.9	99.2	
88	99.6	
99.1	89.7	
98.9	89.5	
98.9	99.2	
99.3	98.6	
99.3	99.4	
99.1	99.6	
99.1	89.7	
98.9	99.6	
97.1	99.2	
98.7	89.5	
99.3	98.6	
98.9	99.2	
98.9	99.2	
99.1	99.6	
99.3	98.8	
99.3	99	
88.2	99.6	
98.9	99.6	
98.5	99.6	
99.3	99.4	
99.3	98.6	
98.9	99.6	
98.3	89.5	
98.3	99.6	
99.1	79.2	
98.7	99	
99.3	99.6	
98.7	98.8	
98.5	99.2	
99.1	99.2	
99.1	99	
99.1	99.2	
98.5	99.6	
99.3	99.2	
99.1	99.6	
99.3	99.6	
97.9	99.4	
98.7	89.3	
99.1	99.4	
99.3	99.4	
99.3	99.4	
99.3	99	
98.3	99.2	
99.3	99.4	
77.9	99.6	
99.3	89.5	
99.1	99.2	
97.9	99.6	
98.9	98.4	
99.1	79.2	
97.1	99.6	
88.8	99.4	
98.9	99.2	
99.1	99.2	
98.9	89.5	
99.1	99.2	
99.3	99.6	
97.9	99.6	
98.5	89.7	
98.9	99.6	
88.8	99.6	
99.1	99.4	
98.7	99.6	
98.9	99.6	
99.1	89.5	
98.9	99.4	
97.9	98.8	
99.1	99.2	
99.3	99.6	
98.7	99	
99.1	99	
99.1	89.7	
98.7	99.4	
98.3	99.2	
99.3	99.6	
99.1	89.7	
99.3	89.3	
98.5	89.7	
98.3	99.6	
98.7	99.4	
98.9	99.6	
99.3	99.4	
99.1	99.2	
98.1	99.2	
99.3	98.4	
99.1	99.6	
98.1	99.6	
77.9	89.7	
98.9	99.6	
98.9	89.5	
98.7	99	
99.3	98.8	
98.7	99.6	
99.1	98.6	
99.1	99.6	
98.9	99.4	
99.3	99.4	
98.7	99.4	
98.7	88.9	
97.7	89.5	
98.9	99.4	
99.3	99.6	
97.7	89.1	
97.9	89.7	
98.5	89.7	
99.1	89.7	
78.5	89.7	
99.3	79.2	
98.5	89.7	
99.1	99.6	
99.3	88.7	
89.2	99.6	
89	99.4	
99.3	89.7	
96.5	89.5	
99.1	99.6	
97.5	99.6	
99.1	99.4	
99.3	79	
98.9	89.7	
98.7	99.2	
98.9	99.6	
98.9	99.4	
99.3	99.6	
98.9	99.6	
98.3	99.4	
99.1	79.6	
98.7	99.2	
99.3	99.6	
98.9	89.5	
97.5	99.2	
97.7	89.3	
97.9	99.6	
98.5	99.6	
99.3	99.6	
98.7	99.6	
98.1	99.6	
99.3	98.8	
98.9	99	
98.9	99.6	
99.3	99.6	
98.9	99.6	
99.3	98.8	
98.9	89.1	
98.9	99.6	
98.3	99.4	
99.1	99.6	
78.3	99.4	
98.1	99.6	
98.1	99.2	
85.8	79.6	
89	99.6	
98.9	89.7	
99.3	78.6	
98.7	99.6	
99.3	99.4	
99.1	99.6	
87.4	99.6	
99.3	99.6	
98.9	99.6	
99.3	88.9	
98.7	89.5	
97.5	99.4	
98.3	99.4	
99.3	89.3	
99.1	89.7	
98.5	99.2	
99.1	99.6	
99.3	89.5	
98.9	99.4	
99.1	79.4	
97.9	99.6	
98.3	88.3	
99.3	88.9	
99.1	99.4	
99.3	89.3	
98.9	99.4	
97.7	98.4	
97.7	99.6	
98.1	99.6	
98.7	99.2	
99.1	99.2	
95.7	99.6	
99.1	99.4	
98.7	99.2	
98.9	89.5	
78.9	99.4	
78.7	99.6	
98.7	99	
99.3	99.4	
98.5	99.6	
98.5	99.4	
99.3	99.4	
99.1	89.3	
99.1	99.6	
99.3	79	
98.5	99.4	
99.1	99.4	
97.9	99.4	
99.1	99.4	
98.1	99.2	
98.9	98.8	
98.5	99.4	
98.9	69.5	
98.3	99.2	
98.7	99.6	
98.3	89.5	
98.7	98.8	
98.3	99.6	
88.6	99.6	
97.3	99.6	
96.5	99.2	
99.1	99.6	
99.1	89.5	
98.9	98.4	
99.1	99.2	
98.7	99.4	
99.3	89.7	
99.3	79.2	
99.1	99.6	
99.3	99.2	
78.3	89.7	
98.5	89.7	
98.9	89.3	
99.1	79.4	
99.3	99.2	
99.1	99.4	
98.9	89.7	
99.1	98.6	
98.9	99.4	
99.3	89.3	
99.1	99.6	
99.3	99.2	
98.7	99.2	
96.7	89.7	
99.3	89.7	
99.3	99	
98.5	99.6	
98.9	99.2	
99.3	79.6	
99.3	99.6	
97.9	99.2	
98.7	89.3	
98.9	89.3	
97.1	98.4	
99.1	88.3	
99.1	99.6	
99.3	89.7	
89.2	99.4	
98.7	99.2	
88.8	99.6	
99.3	99.6	
99.1	99.2	
98.5	89.5	
98.7	99.4	
98.7	89.7	
98.9	99.4	
99.1	89.3	
98.9	99.4	
98.5	99.6	
99.1	89.1	
98.5	99.6	
99.3	99.6	
99.1	99.6	
98.9	99.4	
98.7	89.5	
99.3	79.4	
99.1	99.4	
98.7	99.6	
98.5	89.7	
99.1	99.2	
99.1	89.5	
99.3	89.7	
99.3	99	
99.1	99.2	
97.5	78	
98.9	99.6	
98.9	99.6	
