98.7	89.5	
99.1	89.3	
99.3	79.6	
99.1	89.7	
98.3	89.5	
98.1	89.7	
99.1	89.3	
98.9	89.7	
98.7	89.5	
99.1	89.5	
99.3	89.7	
98.9	89.7	
98.9	88.9	
98.9	89.7	
99.1	79.4	
86.6	89.7	
98.5	89.7	
98.9	89.7	
98.9	89.7	
99.3	89.5	
99.3	79.4	
98.1	99.4	
98.5	89.7	
98.1	89.7	
99.3	89.7	
99.3	69.5	
99.3	89.5	
99.3	89.5	
99.3	89.5	
99.1	89.5	
99.3	89.7	
99.1	89.7	
99.3	89.5	
99.3	89.3	
98.9	89.5	
98.9	89.7	
98.9	89.7	
98.5	89.7	
99.3	89.7	
99.1	89.7	
99.3	89.7	
98.5	89.7	
99.1	89.7	
99.1	89.7	
99.3	89.7	
99.3	89.7	
98.9	89.5	
98.9	89.7	
98.9	89.7	
98.5	89.3	
98.3	68.7	
98.9	79.6	
99.1	89.7	
98.9	89.3	
99.3	89.7	
99.1	88.9	
98.1	89.5	
99.1	99.6	
98.7	89.7	
99.1	89.7	
99.3	89.5	
99.3	89.3	
98.7	88.9	
99.1	79.2	
99.3	79.4	
98.3	89.7	
98.7	89.7	
99.3	89.7	
99.1	79.4	
98.7	79.4	
99.3	89.5	
98.9	79	
98.9	89.3	
98.9	89.7	
99.3	89.3	
99.3	89.7	
98.9	89.7	
99.1	89.7	
99.1	79.4	
99.3	89.1	
98.7	89.7	
99.1	89.3	
99.3	79.6	
99.1	89.7	
99.3	89.7	
99.1	89.7	
98.9	89.3	
99.3	89.7	
99.1	89.3	
98.7	69.3	
99.1	58.8	
99.3	89.7	
99.3	89.7	
99.1	79.6	
99.1	89.7	
99.1	89.7	
99.1	79.6	
99.1	89.5	
98.9	89.5	
99.1	89.7	
99.3	89.7	
96.7	89.7	
99.3	89.5	
98.9	89.3	
98.7	89.7	
99.1	89.7	
98.5	89.7	
99.3	89.3	
99.1	69.3	
99.3	89.7	
99.3	89.7	
99.3	89.3	
98.9	89.7	
98.7	79.4	
99.1	89.5	
99.1	79.6	
98.9	89.7	
99.1	89.5	
98.9	89.7	
99.3	79.4	
99.1	89.5	
78.9	89.7	
99.3	79.6	
98.5	89.7	
99.3	79.2	
98.9	89.7	
98.3	79.6	
99.1	89.5	
98.9	79.6	
98.5	89.3	
99.1	89.7	
98.9	89.5	
99.1	89.7	
99.3	69.5	
99.3	89.7	
99.3	89.5	
99.3	89.7	
99.3	89.7	
98.5	89.7	
99.1	89.7	
99.3	89.7	
98.7	89.5	
99.1	89.7	
99.3	89.5	
99.3	89.7	
99.3	89.7	
99.1	89.3	
98.9	89.5	
99.3	89.7	
99.1	89.5	
98.5	89.7	
98.7	89.7	
99.3	89.7	
99.1	79.4	
99.3	89.7	
98.7	79.2	
99.3	89.5	
98.5	89.7	
98.3	89.7	
99.1	69.5	
98.9	89.7	
98.9	99.4	
98.5	89.7	
98.7	89.7	
99.1	89.5	
98.7	99.6	
98.7	89.5	
99.1	89.5	
98.9	89.7	
98.9	89.5	
99.3	89.7	
99.3	89.5	
98.5	79.2	
98.1	79.4	
98.9	89.5	
99.3	79.4	
98.5	79.6	
99.1	69.5	
98.9	89.5	
98.7	89.7	
98.9	89.3	
98.9	89.7	
98.9	89.5	
98.3	79.4	
99.3	89.7	
98.3	89.7	
99.3	89.7	
98.9	89.7	
98.9	89.5	
99.1	89.7	
99.3	89.5	
99.1	79.4	
98.7	79.6	
99.3	69.1	
98.9	89.7	
99.1	89.7	
98.9	89.7	
99.1	89.5	
98.9	79.6	
98.3	89.5	
99.1	89.7	
98.9	89.7	
99.1	89.5	
98.9	79.6	
98.5	79.6	
98.9	89.5	
99.3	89.7	
98.3	89.7	
99.3	89.5	
99.1	89.5	
98.3	89.7	
99.3	89.7	
98.7	79.4	
98.5	89.5	
98.1	89.7	
98.7	89.7	
99.1	89.5	
99.3	89.1	
98.7	89.7	
99.1	89.5	
99.1	69.5	
99.3	79.6	
98.9	89.5	
99.3	89.7	
99.3	89.7	
99.1	79.4	
99.3	89.7	
98.9	89.1	
99.3	89.7	
99.3	89.5	
98.9	89.7	
99.1	89.7	
99.3	89.7	
99.3	89.7	
99.3	79.6	
99.1	89.7	
98.9	79.6	
98.3	89.7	
99.3	89.7	
98.5	79.6	
99.3	89.7	
98.9	89.5	
99.1	89.7	
99.3	89.7	
98.9	89.7	
99.1	89.7	
98.7	89.7	
99.3	89.7	
99.1	89.7	
98.7	79.6	
98.9	89.5	
98.9	89.7	
98.3	89.5	
98.9	89.7	
99.1	89.7	
99.3	89.7	
98.9	89.5	
99.1	69.5	
98.5	89.7	
99.3	89.7	
99.3	78.8	
98.7	79.2	
99.1	89.7	
98.7	89.5	
99.1	89.7	
99.3	89.1	
99.3	88.7	
99.3	69.5	
99.1	79.6	
99.3	89.5	
98.5	89.5	
99.1	89.7	
98.9	79.4	
98.3	79.6	
99.1	89.7	
99.1	89.7	
98.7	89.5	
99.3	89.7	
99.1	89.5	
99.1	89.7	
98.3	89.5	
98.5	89.7	
99.3	79.6	
99.3	89.7	
98.9	89.5	
67.4	79.6	
99.3	79.4	
98.7	89.7	
98.9	89.5	
98.9	79.6	
98.9	89.5	
99.3	89.3	
99.1	89.7	
98.1	89.5	
98.5	89.5	
98.9	79.4	
99.1	89.7	
99.3	89.7	
99.3	68.9	
99.3	69.3	
98.9	89.7	
99.3	89.7	
98.9	69.5	
98.5	89.3	
98.3	89.3	
99.1	89.7	
99.3	89.5	
99.3	89.7	
99.1	89.7	
99.1	89.3	
99.3	89.7	
98.1	89.5	
99.1	89.7	
99.3	89.5	
98.9	89.5	
99.3	79.6	
99.1	79.4	
99.3	89.7	
99.1	89.7	
99.1	89.7	
98.7	79.4	
98.3	89.7	
98.5	89.5	
99.1	88.7	
99.1	89.7	
98.3	69.3	
98.7	89.7	
99.3	89.3	
98.9	79.4	
99.3	89.5	
99.3	79.2	
98.7	89.5	
99.3	79.6	
98.7	78.8	
99.3	89.3	
98.7	89.5	
98.1	89.7	
99.1	89.7	
98.7	89.7	
98.5	89.7	
99.3	89.7	
99.1	89.7	
98.9	89.7	
98.1	89.7	
99.3	89.7	
98.9	89.7	
98.7	89.7	
98.9	89.7	
99.3	89.5	
99.1	89.5	
98.7	89.5	
98.9	89.7	
99.3	89.3	
98.9	89.5	
99.1	99.4	
99.3	89.7	
99.1	89.3	
98.7	89.1	
98.9	79.6	
98.7	89.5	
99.1	89.7	
99.3	89.5	
99.1	89.7	
98.9	89.7	
98.5	89.7	
99.1	89.5	
99.1	89.7	
98.5	89.7	
99.1	89.7	
99.3	79.6	
98.5	89.5	
99.1	89.7	
98.7	79.4	
98.9	89.3	
98.9	89.3	
99.3	89.3	
99.3	89.7	
98.9	89.7	
98.7	89.7	
98.9	89.7	
99.1	89.7	
98.7	89.7	
99.3	89.3	
99.3	89.7	
98.9	89.7	
99.1	89.7	
97.9	89.7	
99.3	79.6	
99.1	89.7	
99.1	89.7	
99.1	89.5	
99.1	89.5	
99.1	89.3	
99.3	89.7	
99.3	79.4	
98.9	89.3	
99.1	79.4	
99.3	89.5	
98.1	89.7	
99.3	89.5	
99.3	89.7	
99.1	89.7	
98.9	89.5	
98.1	89.3	
98.7	89.5	
99.3	89.7	
99.3	89.7	
99.1	89.7	
98.9	89.7	
98.9	89.5	
99.3	79.6	
98.7	69.5	
98.7	89.5	
98.9	89.7	
99.1	89.1	
99.3	79.4	
99.1	89.3	
98.9	79.6	
98.7	89.7	
98.9	89.7	
99.1	89.7	
98.7	89.7	
99.1	89.7	
98.5	89.3	
99.3	89.7	
99.1	89.7	
99.3	89.7	
98.9	69.3	
99.3	89.5	
99.1	89.7	
98.9	79.6	
98.5	89.7	
99.3	89.7	
99.3	89.7	
99.3	89.5	
98.3	89.5	
98.9	89.3	
98.9	89.7	
98.5	89.3	
99.1	89.3	
99.1	89.7	
99.1	79.6	
99.1	89.7	
99.3	89.7	
98.9	89.7	
99.3	89.7	
99.1	89.7	
99.3	89.5	
98.9	69.3	
99.3	78.8	
98.3	79.4	
98.9	89.7	
99.3	89.7	
99.3	89.7	
98.5	79.4	
99.3	89.3	
99.1	89.7	
99.3	89.7	
99.1	89.7	
99.1	79.6	
99.3	89.7	
99.3	89.7	
98.3	89.7	
99.1	79.2	
98.7	89.7	
99.1	89.7	
99.3	89.7	
98.9	89.5	
99.3	89.7	
98.1	89.7	
98.9	79.4	
99.1	89.5	
98.7	89.5	
99.1	89.7	
99.3	79.4	
99.3	89.7	
99.1	79.6	
99.3	89.7	
99.3	79.6	
99.3	89.7	
98.7	69.5	
99.3	79	
99.1	89.7	
99.3	89.7	
99.1	89.7	
99.1	89.3	
99.3	89.7	
98.7	89.7	
99.1	89.3	
99.1	89.5	
98.9	89.7	
99.1	89.5	
98.9	79.2	
99.1	89.7	
99.1	69.3	
98.7	89.7	
99.1	89.3	
98.9	89.5	
99.3	89.7	
98.9	89.7	
99.3	79.6	
99.3	89.1	
99.3	79.6	
99.1	79.6	
99.3	89.7	
99.1	89.5	
98.9	89.7	
98.7	79.4	
99.3	89.5	
98.7	79.6	
99.3	89.7	
98.9	89.5	
99.1	89.7	
99.3	89.7	
99.3	89.1	
98.3	89.5	
99.3	89.7	
99.3	89.7	
99.1	99.2	
99.1	89.7	
99.3	89.7	
99.3	89.7	
98.5	89.5	
98.7	89.7	
99.3	79.4	
98.7	89.7	
98.7	89.7	
99.1	89.7	
98.7	89.7	
99.1	89.7	
99.3	89.5	
98.9	89.5	
99.3	89.7	
99.3	89.7	
99.1	89.7	
98.7	79.4	
98.9	89.7	
98.5	89.7	
99.3	89.7	
97.9	89.7	
99.3	89.3	
99.3	89.7	
98.3	89.7	
98.9	89.7	
99.1	89.7	
98.9	89.7	
98.3	89.5	
98.9	89.5	
98.9	89.7	
98.9	89.7	
99.3	89.7	
98.9	89.5	
99.3	89.7	
98.5	89.7	
99.1	89.7	
97.9	89.7	
99.3	89.5	
99.1	89.5	
99.1	89.7	
99.3	89.5	
98.9	89.7	
99.3	89.7	
99.1	89.5	
98.9	69.5	
99.1	89.7	
98.9	89.5	
99.1	79.6	
99.3	79.4	
99.1	89.7	
98.9	79.6	
99.1	89.5	
98.7	89.5	
99.1	89.7	
98.3	89.5	
99.3	89.7	
98.9	89.7	
99.1	78.8	
98.9	79.6	
98.9	89.7	
99.3	89.5	
99.3	89.7	
98.7	89.7	
98.7	79.2	
97.9	89.3	
98.9	89.7	
99.3	89.1	
99.1	89.7	
99.3	89.7	
98.9	79.6	
98.9	89.7	
99.3	89.7	
99.3	69.5	
99.1	79.2	
99.1	89.7	
98.7	89.5	
98.7	89.7	
99.3	89.7	
99.3	69.5	
99.3	89.3	
99.1	79.2	
98.9	89.7	
99.1	89.7	
98.7	89.7	
98.7	89.5	
99.1	89.7	
99.3	89.7	
98.9	89.7	
98.3	79.2	
99.3	79.2	
98.3	69.1	
99.1	69.3	
99.1	89.5	
98.9	89.7	
99.1	99.4	
98.1	89.7	
99.3	79.6	
98.9	69.3	
98.7	89.3	
99.3	89.7	
99.3	89.7	
98.1	89.5	
99.1	89.3	
98.9	89.7	
98.7	79.4	
99.3	79.6	
98.9	79	
99.1	89.1	
98.9	89.7	
99.3	79.4	
99.1	78.6	
99.3	89.3	
98.7	79.6	
99.3	89.7	
99.3	79.6	
99.1	89.7	
98.7	89.7	
99.3	89.7	
99.3	79.4	
98.9	79.2	
98.9	89.7	
99.1	89.7	
99.1	89.5	
98.7	89.7	
99.1	89.7	
99.1	89.7	
98.5	89.7	
99.1	59	
99.1	89.7	
99.1	89.7	
98.7	79.6	
99.1	89.7	
98.3	68.9	
98.9	89.3	
99.1	79.2	
99.1	89.1	
98.7	89.1	
99.1	89.7	
99.3	89.5	
98.5	89.5	
99.1	79.2	
98.5	89.7	
98.3	79.4	
98.7	89.7	
99.1	89.5	
98.5	89.7	
98.7	88.7	
98.9	89.7	
99.1	79.6	
99.1	79.6	
99.1	89.7	
98.7	89.5	
99.3	89.7	
99.3	89.7	
98.9	89.5	
98.9	79.4	
99.3	69.5	
98.5	89.7	
99.1	89.7	
98.5	89.7	
98.9	79.4	
98.9	69.5	
99.1	69.3	
99.1	89.7	
98.3	89.7	
98.5	69.3	
99.1	79.6	
98.5	89.7	
99.1	89.7	
98.5	79.4	
98.9	89.7	
99.3	89.7	
98.7	89.7	
99.1	89.5	
99.1	89.7	
98.9	38.6	
99.1	89.7	
99.3	89.5	
98.9	89.7	
98.7	79.6	
99.3	79.6	
99.3	89.7	
99.1	89.7	
98.9	89.7	
98.9	89.5	
98.9	79.6	
99.1	89.5	
99.1	89.7	
99.1	89.3	
98.7	79.6	
98.9	89.3	
99.3	89.7	
99.1	79.6	
99.1	89.7	
98.7	89.3	
99.3	89.7	
99.1	69.3	
99.3	89.7	
99.1	89.7	
99.1	89.7	
99.1	89.5	
98.9	89.7	
99.1	89.7	
99.1	89.5	
99.3	89.5	
98.3	79	
99.3	79.6	
98.9	89.3	
98.3	79.6	
98.7	89.7	
99.1	89.5	
98.9	89.7	
99.1	79	
99.3	79.6	
98.5	89.7	
98.9	89.7	
99.3	89.7	
99.1	89.5	
99.1	89.7	
99.3	89.7	
98.9	89.3	
99.1	89.5	
99.3	89.7	
99.3	89.5	
99.1	89.7	
99.1	89.7	
97.9	89.7	
99.1	89.7	
99.3	89.7	
98.5	99.6	
68.8	89.5	
98.5	88.9	
98.9	99.2	
99.3	89.7	
98.7	89.7	
99.1	89.7	
99.1	89.7	
99.1	89.7	
99.1	78.8	
99.1	89.7	
99.3	89.7	
99.3	89.7	
98.7	89.5	
98.9	89.5	
97.9	89.3	
99.3	89.5	
99.3	89.3	
99.3	89.7	
99.1	89.7	
98.9	89.7	
97.5	89.7	
99.3	99.6	
99.3	89.7	
99.3	89.7	
98.9	89.7	
99.1	89.7	
98.9	89.7	
99.1	89.7	
99.1	89.5	
99.1	89.7	
99.1	89.3	
98.9	89.7	
99.3	89.5	
67	89.7	
99.3	89.7	
99.3	89.5	
99.3	89.7	
99.1	79.6	
99.1	89.7	
98.7	89.5	
98.9	79.6	
99.3	89.3	
99.1	79.4	
98.9	89.7	
99.3	89.7	
98.9	79.6	
99.1	89.7	
99.1	89.5	
99.3	89.7	
98.7	89.7	
99.3	89.7	
99.1	89.7	
99.3	89.5	
99.3	79.6	
97.9	89.7	
98.9	79.2	
98.7	89.7	
99.1	89.3	
98.9	89.7	
98.7	79.6	
98.5	89.7	
98.5	89.7	
98.7	89.5	
98.9	89.7	
98.9	88.9	
98.9	79.4	
99.1	89.5	
99.1	89.5	
98.7	89.5	
98.9	69.5	
99.1	89.5	
99.3	89.5	
99.3	89.3	
99.1	89.7	
99.1	89.7	
98.9	79.6	
99.1	89.7	
98.9	89.5	
98.9	89.7	
99.3	89.5	
99.1	79.6	
99.3	89.3	
98.9	89.7	
79.3	79.6	
99.1	89.7	
99.3	79.2	
97.5	89.3	
99.3	89.5	
98.7	89.7	
99.3	89.5	
99.3	89.7	
98.5	99.6	
99.1	89.3	
98.5	79.6	
99.3	89.5	
99.3	99.6	
98.5	89.7	
99.1	88.9	
98.1	69.3	
99.1	89.7	
99.1	89.7	
98.7	89.5	
99.1	59.4	
99.3	89.7	
99.1	89.3	
99.1	89.7	
98.9	89.5	
99.1	89.5	
98.7	89.3	
98.9	89.7	
99.1	89.5	
98.9	89.5	
99.3	89.7	
99.3	89.7	
98.9	89.7	
99.3	79.4	
99.3	89.3	
98.7	89.7	
98.7	89.7	
98.9	78.6	
99.1	89.7	
99.1	89.5	
98.3	79.2	
98.9	89.7	
98.9	79.4	
98.7	89.1	
98.7	79.6	
98.9	89.5	
99.1	89.5	
98.5	89.7	
99.1	89.7	
99.3	89.7	
99.3	89.5	
98.5	89.5	
99.3	89.3	
99.3	79.6	
99.1	89.7	
99.1	89.5	
99.1	89.3	
98.7	89.5	
98.1	89.7	
87.2	89.5	
99.3	89.5	
98.7	88.9	
99.1	69.3	
99.3	89.7	
98.5	89.7	
99.3	89.7	
98.7	89.5	
97.9	99.4	
99.1	89.5	
98.9	89.7	
99.3	79.4	
98.3	89.5	
98.9	89.7	
99.1	89.1	
98.9	89.7	
99.3	89.7	
99.1	89.7	
98.9	79.6	
98.9	89.5	
98.9	89.7	
99.3	89.7	
98.9	89.3	
99.3	89.5	
99.1	89.7	
99.3	89.7	
98.9	89.1	
99.3	89.7	
99.3	79.6	
98.9	79.4	
99.3	79.6	
99.1	89.5	
99.3	89.7	
99.1	89.3	
99.1	68.9	
99.3	89.5	
99.1	69.5	
98.9	89.3	
98.3	89.7	
99.1	89.5	
98.7	99.6	
99.1	89.5	
99.1	79	
99.1	89.7	
99.1	88.9	
99.1	79.4	
99.3	89.7	
98.9	79.6	
98.5	79.4	
98.1	89.7	
99.1	89.7	
99.1	79.2	
99.3	79.6	
99.3	89.7	
99.3	89.3	
99.3	79.6	
99.1	89.7	
99.1	89.5	
98.9	89.5	
98.9	89.7	
98.7	89.7	
98.5	89.5	
99.1	69.3	
98.1	88.9	
99.1	89.5	
99.3	89.7	
99.1	69.3	
99.3	89.7	
98.7	89.7	
99.1	89.7	
99.1	79.6	
99.3	89.7	
99.3	89.7	
98.3	89.5	
99.3	79.6	
99.3	89.5	
98.7	89.5	
98.7	89.7	
98.9	89.5	
97.9	89.5	
98.5	79.4	
99.3	89.5	
98.7	89.7	
99.3	89.7	
99.3	89.5	
98.7	89.5	
98.7	89.7	
99.1	89.7	
98.9	69.3	
99.1	79.6	
98.5	89.5	
98.5	89.1	
99.3	89.7	
99.1	79.6	
99.1	89.7	
98.9	89.7	
99.1	89.7	
99.1	89.5	
99.1	69.5	
98.7	89.5	
99.1	99.4	
99.3	89.7	
99.1	79.6	
98.9	79.2	
99.1	89.5	
98.1	89.7	
98.7	79.6	
99.1	79.6	
99.3	79.4	
99.3	89.5	
