98.9	99.6	
99.1	89.5	
98.3	99.6	
97.3	99.6	
78.9	99.6	
99.3	99.6	
99.1	99.4	
97.9	99.6	
98.9	99.2	
99.3	99.4	
98.7	99.4	
99.3	99.6	
99.3	99.4	
98.7	99.6	
99.1	99.6	
99.3	99.6	
99.3	99.4	
98.7	99.4	
99.3	99.2	
99.3	99.2	
99.1	99.2	
98.9	99.4	
98.5	99.6	
99.1	99.2	
99.3	99.6	
99.1	99.4	
99.1	98.4	
98.9	99.6	
89.4	99	
99.1	99.6	
99.3	99.6	
99.1	99.6	
98.5	99.6	
99.1	89.3	
99.3	99	
99.1	99.6	
98.1	99.6	
99.3	99.6	
89.4	89.5	
99.1	99.6	
99.1	99.4	
88.2	99.4	
98.7	99.6	
98.7	99.2	
98.5	99.6	
98.3	99.4	
99.1	99.6	
98.7	89.5	
99.3	99.2	
99.3	88.9	
99.3	99.4	
98.9	99.4	
87.8	99.6	
98.7	99.4	
78.7	99.6	
99.3	99.6	
89.4	99	
88.6	99.4	
88.6	99.4	
88.2	89.7	
88.4	98.8	
99.1	99.6	
98.7	98.6	
99.1	99.2	
99.3	99.6	
98.7	99	
98.9	99.2	
98.9	99	
99.3	99.6	
98.9	99.4	
99.1	99.4	
99.3	89.3	
99.3	88.9	
99.3	99.6	
98.3	99.6	
99.3	99.2	
99.3	99.6	
98.9	99.6	
99.3	99	
98.1	99.6	
99.3	99.6	
99.1	99.2	
99.1	89.1	
99.3	99.2	
99.1	99.6	
99.1	99.4	
98.5	99.2	
99.1	99.4	
99.1	98.6	
99.3	99.2	
98.9	98.8	
99.1	99.6	
88.8	99.4	
99.3	88.3	
98.5	99.6	
99.3	99.4	
88.6	99	
98.7	89.1	
99.1	99.4	
98.7	89.3	
69	99.6	
99.3	89.7	
98.9	99.6	
98.9	99.6	
99.3	99.4	
98.9	99.6	
98.5	89.5	
99.1	89.5	
98.1	99.4	
98.9	99.6	
99.3	89.1	
89.4	99.4	
99.1	89.7	
99.3	99.4	
98.7	99.4	
68.8	89.5	
99.3	99.4	
88.8	99	
99.1	99.6	
89	89.5	
99.1	99.4	
98.9	99.4	
99.1	99.4	
99.1	99.6	
98.9	99.6	
98.3	99.4	
98.9	98.8	
98.9	99.6	
98.5	99.4	
99.1	99.6	
99.1	99.6	
88.2	89.1	
99.1	99.6	
99.3	88.5	
98.9	99.6	
99.1	99.6	
98.9	99.2	
99.1	99.2	
99.1	99.4	
99.3	99.6	
89.4	99.6	
98.7	99.4	
98.9	99.2	
98.9	99.6	
98.5	99.6	
98.3	99.4	
98.9	88.5	
89.4	99.6	
78.9	99.6	
99.1	89.1	
98.1	99.4	
98.9	99.4	
98.9	99.6	
99.1	99.4	
99.3	99.4	
98.5	99.4	
99.3	89.3	
98.5	89.5	
98.7	99.4	
99.3	99.6	
88.8	99.4	
99.1	89.5	
99.3	79.4	
99.3	99.4	
88.8	99.6	
97.9	98.8	
98.7	99.6	
99.1	99.4	
99.1	99.6	
97.9	99.4	
98.7	99.6	
99.1	99.6	
99.3	89.5	
99.1	99.4	
99.1	99.6	
98.9	99.2	
98.9	99.2	
99.1	99.4	
78.9	99	
98.7	99.6	
99.1	99.6	
98.9	99.6	
98.5	99.4	
98.3	88.9	
98.5	89.5	
99.1	99.4	
99.3	88.7	
99.3	99.6	
99.1	99.4	
99.3	99.6	
99.1	89.3	
99.3	99.4	
99.1	99.6	
98.5	99	
98.7	99.6	
99.3	99.4	
98.9	89.5	
88.8	99.6	
98.5	99.6	
99.1	99.4	
98.9	89.5	
99.1	89.5	
99.1	99.6	
98.7	98.8	
99.1	99.6	
98.7	88.9	
99.1	99.4	
98.9	99.2	
98.9	99.4	
77.7	99	
98.9	99.4	
99.1	99.6	
58.9	99.6	
98.3	99.6	
99.1	79.4	
89.2	98.8	
99.3	89.5	
99.3	99.4	
98.7	99	
98.7	99.6	
98.9	99.4	
98.5	99.6	
99.3	99.4	
99.1	99.4	
98.9	89.3	
98.7	99.4	
98.9	99.4	
98.9	99.6	
99.1	99.6	
98.9	99.4	
99.1	99.6	
99.3	89.3	
98.9	99.4	
98.9	99.2	
99.1	99.6	
89	99.6	
99.1	99.4	
98.9	99.4	
98.7	99.4	
98.5	99	
99.1	99.4	
79.1	99.2	
98.7	99.6	
99.3	99.6	
98.7	99.6	
88.6	99	
99.3	99	
98.5	99.2	
99.3	99.6	
99.1	99.6	
98.5	99.6	
98.7	99.6	
99.1	99.4	
99.1	99.4	
99.1	99.6	
99.3	99.4	
98.9	99.4	
99.3	88.7	
99.3	99.2	
98.7	99.6	
98.9	99.4	
98.9	99	
99.3	99.4	
99.1	99.6	
88	98.8	
98.7	99.4	
99.3	99.4	
99.1	99.4	
99.1	99.6	
99.1	99.4	
99.1	99.4	
89	99.4	
97.9	99.2	
99.1	99.6	
98.5	99.4	
69	99.6	
98.9	99.6	
99.1	99	
99.3	99.6	
98.9	99.6	
99.1	99.6	
98.5	99.6	
99.1	99.6	
99.3	99.4	
78.5	99.4	
79.1	99	
99.3	98.8	
99.3	99.4	
99.1	99.6	
99.1	99.2	
98.7	98.8	
98.7	99.6	
98.9	89.3	
99.1	99.4	
79.1	99.6	
99.3	99.6	
98.9	99.6	
99.1	99.4	
98.9	99.2	
88.2	99.4	
97.9	69.1	
99.3	99	
98.5	99.2	
99.1	99.6	
99.1	99.4	
99.1	99.6	
99.3	99.4	
99.3	99.2	
98.7	99.6	
99.3	99	
99.3	88.5	
99.3	89.5	
98.5	99	
99.1	99.4	
98.9	99.6	
99.3	88.7	
98.3	99.2	
98.9	99.6	
98.3	99.6	
98.3	99.6	
99.1	79.4	
98.9	99.4	
98.5	99.4	
99.3	99.6	
98.7	99.4	
99.1	99.6	
99.3	99.2	
99.1	99.4	
78.5	89.1	
99.3	99.6	
88.4	99.6	
98.9	99.6	
98.3	99.2	
99.1	99.4	
99.1	99.6	
99.3	99.2	
99.1	99	
98.3	99.4	
99.3	99.6	
99.3	99.4	
99.3	99.6	
89	99.4	
78.3	99	
98.9	99.6	
98.3	99.6	
99.3	99.6	
99.1	99.4	
99.1	99.4	
98.7	99.6	
98.7	99.6	
99.3	99.6	
99.1	99	
99.3	99.6	
99.1	99.2	
99.1	99.2	
99.3	89.3	
98.9	89.5	
98.7	99	
99.3	89.5	
99.1	99.6	
99.3	99.4	
99.1	98.6	
99.1	89.3	
98.7	99.6	
89	99.4	
99.3	99.6	
98.9	88.3	
98.9	99.4	
98.7	99.4	
99.1	99.6	
99.3	99.2	
98.1	98.8	
99.3	99.4	
98.9	89.3	
99.1	99.4	
98.7	99.4	
99.1	99.6	
98.9	99.6	
88.8	89.3	
99.3	99.2	
99.3	98.6	
98.9	99.6	
99.1	99.4	
98.9	99.2	
98.3	99	
99.3	99.4	
99.3	99.2	
98.9	99	
99.3	99.4	
99.3	99.4	
99.3	99.6	
99.3	99.4	
98.9	99.4	
99.1	99.4	
98.7	99.4	
98.7	99.2	
98.5	99.6	
98.5	99.4	
99.1	98.4	
99.3	99.4	
99.1	99	
98.9	99.6	
99.3	99.6	
99.3	99.6	
99.3	99	
98.3	99.2	
99.3	99.6	
78.9	99.6	
97.9	99.6	
98.9	89.3	
99.3	99.2	
99.3	99.6	
98.7	99.4	
99.1	99.4	
98.9	99.2	
98.1	99.6	
99.3	99	
99.3	99.4	
78.9	99.6	
99.1	99.4	
98.3	99.4	
98.9	99.2	
99.3	88.9	
99.1	99.6	
98.9	99.6	
87	99.6	
99.3	89.1	
99.1	99.4	
99.1	89.5	
99.1	99.4	
99.3	99.6	
99.3	99.6	
98.9	99.2	
78.3	99.6	
99.3	98	
99.1	99.2	
99.3	99.4	
68.4	99.2	
99.1	99.6	
98.9	99.4	
99.3	99.6	
99.3	99.4	
99.1	99.6	
99.1	99.4	
99.3	99.6	
99.3	98.4	
98.7	99.2	
99.3	99.2	
98.7	89.7	
88.8	99.6	
99.1	99.4	
99.3	99.6	
99.1	99.4	
99.3	99.6	
99.3	99.6	
98.7	99.6	
98.9	99.4	
99.3	99.6	
99.1	99.4	
99.3	99.4	
98.9	99.6	
99.1	99.6	
98.9	99.4	
99.3	99.6	
99.3	99.6	
99.3	99.4	
99.1	99	
99.3	99.4	
98.9	99	
99.3	99.6	
98.5	99.6	
99.3	99	
99.3	89.5	
98.9	99.4	
98.7	99.6	
98.7	99.2	
98.9	99.4	
99.3	88.3	
98.9	99.4	
98.7	99.4	
69	98.6	
98.9	99.6	
99.1	99.6	
99.3	99.4	
89.2	99.4	
99.3	99.4	
99.3	99.6	
99.3	99.6	
98.7	79	
99.3	99.4	
99.3	99.6	
99.3	99.6	
79.1	99.6	
99.1	99.4	
99.1	99.4	
99.1	99.4	
98.9	99.2	
98.7	99.4	
87.8	99.4	
98.9	99.6	
98.7	99.6	
99.3	99.4	
98.7	99.6	
98.1	99.4	
98.9	99.2	
87	99	
99.1	99.6	
98.9	99.4	
98.5	99.6	
98.9	99	
99.3	99.4	
98.1	99.6	
99.3	99.6	
99.1	99.6	
99.1	99.4	
99.1	99	
98.7	98	
96.5	99.6	
98.7	99.4	
99.1	99.2	
99.3	99.6	
99.3	98.8	
88.2	99.4	
99.3	99.4	
78.3	89.3	
99.1	89.5	
99.1	99.2	
89.4	98	
99.1	89.5	
98.9	89.5	
98.5	89.3	
98.7	99.2	
99.3	99.6	
98.3	89.7	
99.1	99.6	
99.3	99.4	
98.9	89.5	
99.3	99.6	
99.3	99.2	
99.3	99	
99.1	99.2	
99.1	99.4	
99.3	99	
99.1	99.6	
99.3	99.4	
99.1	99	
99.1	99.6	
99.3	89.5	
99.3	99	
98.5	99.6	
99.3	99.6	
89	99	
98.5	79.4	
99.1	99.4	
99.1	99.6	
98.9	99.4	
99.1	99.2	
98.5	99.6	
98.7	99.6	
98.9	99	
98.9	99.4	
99.1	99	
99.3	99	
88.8	89.5	
99.1	99.4	
98.3	99.4	
99.1	99.6	
98.9	99.6	
99.1	99.6	
99.1	99.4	
99.3	99.2	
89	99.2	
98.7	99.6	
99.1	99.4	
99.3	98.8	
98.7	99.6	
99.1	99.6	
99.3	99.6	
98.7	99.6	
98.3	99.4	
99.1	99.6	
98.5	99.4	
98.7	99.4	
98.9	99.2	
98.7	99.4	
98.9	89.3	
98.7	99.6	
98.7	99.6	
99.3	99.2	
99.3	99.4	
98.9	99.6	
99.1	98.8	
88.4	99.6	
99.1	98.6	
98.7	99.4	
99.3	98.8	
99.1	98.8	
99.1	99.6	
78.7	99.6	
98.9	89.1	
98.7	99.6	
98.9	99.6	
98.5	99	
78.9	88.9	
98.3	99.6	
99.1	99.6	
98.9	99.6	
99.1	99	
98.1	98.8	
99.1	99.4	
99.1	99.6	
99.3	98.6	
99.3	99	
99.3	89.5	
99.1	99.2	
98.9	99.6	
98.3	99.6	
98.9	98.8	
99.1	99.4	
99.1	99.4	
99.1	99.6	
99.1	99.2	
99.3	99.6	
99.1	99.6	
98.9	99.2	
99.3	99.2	
99.3	89.5	
99.3	99.4	
98.9	99.4	
99.3	99.6	
98.5	99.4	
98.9	99.4	
99.3	99.6	
98.9	99.4	
98.7	89.5	
98.9	99	
99.3	99.4	
99.1	99.4	
98.9	99.4	
78.9	99.2	
98.5	99.6	
99.1	99.4	
88.6	89.3	
99.1	99.2	
99.3	99.6	
99.1	99.2	
99.3	99.4	
99.3	99	
99.3	89.7	
99.1	89.5	
99.3	89.5	
99.3	99.6	
99.1	89.5	
88.8	99.4	
98.7	99.4	
99.3	99.6	
99.3	99.6	
99.3	99.4	
99.1	99.6	
98.9	99.2	
99.1	99.4	
99.3	99.6	
99.3	99.6	
98.5	99.2	
99.1	99.4	
99.1	99.4	
98.9	99.6	
99.3	99.6	
99.3	89.5	
99.3	99.6	
99.1	99.6	
99.3	99	
89	98.6	
98.9	99.2	
89.2	99.6	
98.9	99.2	
98.9	99	
99.3	99.2	
99.1	99.2	
99.1	99.4	
98.1	98.8	
98.9	99.4	
99.1	99.4	
99.1	99.6	
98.7	99.4	
98.9	99.2	
98.9	99.2	
98.9	99.4	
99.3	99.6	
98.9	99.4	
98.9	99.6	
98.7	98.8	
99.3	99	
78.7	99.6	
99.3	99.4	
99.1	99.4	
99.1	89.7	
99.1	99.6	
78.7	99.6	
99.3	99.2	
98.9	99.6	
98.5	99.6	
98.3	99.6	
78.5	99.4	
97.9	99.4	
99.1	89.1	
88.6	89.5	
99.3	99.6	
99.3	99	
98.7	99.2	
99.3	99.4	
99.3	99.6	
99.1	99.4	
99.1	99.4	
99.3	99.2	
99.3	99.6	
99.1	99.6	
98.7	99.6	
98.9	99.6	
98.7	99.6	
98.5	99.2	
98.9	88.5	
97.9	99.4	
99.1	99.6	
99.1	99.6	
98.9	99.4	
98.9	99.6	
99.1	88.3	
98.9	99.4	
98.7	99.2	
99.1	99	
98.3	99.6	
98.7	99.6	
98.7	99.6	
98.9	99.4	
98.3	99.2	
99.1	99.4	
98.9	99.2	
87.8	99.4	
99.1	99.6	
98.5	99.6	
98.9	99.4	
99.1	99.6	
98.7	99.4	
98.7	99.2	
99.1	99.6	
99.3	89.1	
98.7	99.6	
99.3	99.6	
99.1	99.6	
99.3	99.4	
98.5	99.4	
98.9	99.4	
98.9	99.6	
99.3	99.6	
99.3	89.3	
98.3	98.8	
88.6	89.5	
98.5	99	
99.3	99.2	
99.3	89.5	
99.1	99.6	
77.7	78.6	
99.1	99.6	
97.1	99.6	
98.5	99.2	
99.3	98.8	
99.3	99.6	
99.1	98.8	
99.3	99.4	
88.8	99.4	
99.1	99.2	
98.7	99	
99.3	99.4	
99.1	99.4	
98.7	99.4	
99.1	99.4	
98.7	99.4	
98.9	99.6	
98.7	88.9	
99.3	99.4	
98.9	99.4	
99.3	99.2	
98.9	99.2	
98.9	98.8	
99.1	98.8	
78.9	99.2	
99.3	99	
99.3	89.1	
98.5	99.4	
98.9	99.6	
97.9	99.6	
99.1	99.6	
98.9	99.6	
99.1	99.6	
98.3	99.2	
88.8	99.2	
78.7	99	
99.3	99.6	
98.1	99.6	
99.3	99.6	
99.3	99.6	
99.3	99.4	
98.9	89.5	
98.7	99.2	
98.9	99.4	
99.1	99.6	
98.9	98.8	
99.3	99.2	
98.9	99.4	
98.7	99.4	
98.5	99.6	
99.3	99.6	
98.7	99.4	
98.9	99.6	
79.1	99.2	
99.3	99.2	
99.3	99.6	
99.1	99.6	
99.1	99	
98.7	99.6	
99.1	98.8	
89.4	99.4	
99.1	98.6	
99.3	99.6	
97.9	89.5	
99.1	99.4	
89.4	99.4	
99.1	99.6	
99.1	88.9	
99.1	99.6	
99.3	99.6	
99.3	99.6	
98.9	99.6	
99.1	99.4	
99.1	99.6	
99.1	99.4	
99.3	99.6	
98.7	99.4	
98.9	99.4	
99.1	99.6	
69.2	99.6	
99.1	88.3	
98.7	99.4	
99.1	99.6	
98.9	99	
98.7	99.2	
77.5	98.4	
88.8	99.2	
99.3	99.4	
99.1	89.5	
99.1	89.5	
98.7	99.4	
98.3	99.6	
98.7	99.2	
98.7	99.2	
99.3	99.6	
99.3	99.4	
99.1	99.4	
97.1	99.6	
88.2	99.4	
98.7	99.4	
99.1	97.2	
98.3	99.6	
98.5	99	
99.1	99.4	
99.3	99.6	
99.3	99.6	
99.3	99	
99.1	99.6	
98.7	99.6	
98.3	99.6	
99.3	99.4	
98.5	99	
89.2	79.4	
99.3	99.4	
99.1	99.4	
99.1	99.2	
99.1	99.6	
99.3	99.2	
99.3	99.2	
98.9	98.6	
98.9	99.2	
99.1	99.6	
97.1	99	
99.3	99.2	
99.1	99.6	
99.1	99.6	
98.9	99.2	
99.3	99.4	
98.9	99.4	
79.3	89.7	
99.1	99.6	
99.1	99.6	
98.7	99	
99.1	99.4	
99.3	99.6	
99.1	99.6	
99.3	99.2	
98.7	99.6	
98.9	79.4	
78.3	99.6	
98.9	99	
98.5	99.4	
99.1	99.6	
99.1	78.6	
98.9	99.6	
98.7	99.4	
99.1	89.5	
98.9	89.7	
99.3	99.6	
98.3	99.4	
98.9	99.6	
98.9	99.6	
89.2	99.6	
99.1	99.6	
98.7	99.2	
99.3	99.4	
99.1	99.6	
98.9	99.6	
98.7	99.2	
88.2	99	
99.1	99.6	
98.7	99.4	
79.3	99.4	
99.1	99.4	
98.9	99.2	
98.5	99.6	
99.1	99.6	
98.7	99.4	
99.3	99.2	
99.1	99.6	
99.1	99.6	
99.1	89.3	
98.1	99.4	
98.9	99.2	
99.1	99.4	
97.9	99.4	
98.5	99.6	
99.3	99.4	
99.1	99.6	
99.3	99.4	
98.3	99.4	
88.8	99.2	
89	99.6	
98.9	99.6	
88.8	99.4	
99.3	99.4	
88.2	99	
99.3	99.6	
98.7	99.6	
99.1	99.6	
99.1	99.6	
99.3	99.4	
99.3	89.1	
98.9	89.3	
99.3	99.6	
78.7	89.5	
99.3	99.2	
99.1	99.6	
99.3	99.6	
99.3	99.4	
99.1	99.4	
68.6	99.6	
98.9	99.6	
98.9	99.6	
99.1	99.6	
98.9	99.2	
98.5	99	
98.7	99.6	
78.3	99.6	
89.2	99.6	
99.1	99.2	
98.5	99.2	
98.9	99.6	
99.1	99.6	
99.1	89.1	
98.3	99.6	
99.3	99.6	
99.3	99.4	
98.3	99.4	
99.3	98.6	
88.8	99.6	
89	99.2	
98.7	99.4	
99.1	98.8	
98.7	99.6	
88.6	99.6	
79.1	99	
99.3	99.4	
99.3	89.5	
99.1	89.3	
99.3	89.1	
99.3	99.4	
99.3	99.2	
99.1	99.6	
99.3	89.5	
98.1	88.5	
99.3	99.4	
98.1	99.6	
