99.1	99.6	
89	89.3	
98.5	99.4	
99.3	89.5	
98.3	99.6	
99.1	99.2	
98.9	99.4	
98.7	89.3	
98.9	89.5	
98.5	99.6	
88.6	88.5	
98.9	99.4	
98.3	99.6	
98.9	99.4	
88.6	99.6	
99.1	99.4	
99.3	99.4	
99.1	89.3	
98.9	99.4	
99.3	99.4	
99.1	99.2	
98.3	99.4	
98.5	98.6	
98.7	99.2	
99.1	99.2	
98.9	99.2	
98.5	99.4	
88.4	98.2	
98.7	99.2	
68.8	99.6	
98.9	99.2	
98.3	99.6	
98.9	88.3	
99.3	88.9	
99.1	99.6	
99.3	99.2	
98.7	99.2	
99.3	99	
88.2	99.2	
99.1	99.4	
98.7	99.6	
99.1	99.6	
98.7	99	
88.4	99.6	
99.1	98.6	
99.3	99.6	
98.5	99.6	
79.1	99.2	
99.3	99.2	
98.7	88.3	
99.3	99.6	
88.6	99.6	
98.9	99.6	
98.5	99.4	
97.9	99.2	
99.1	99.2	
99.3	99.6	
99.3	89.1	
98.9	98.4	
98.9	99	
99.1	99.6	
99.3	99.2	
99.3	99.6	
99.1	98.6	
99.3	99.4	
98.9	99.2	
98.7	99.4	
99.3	78.8	
98.9	99.2	
99.3	99.2	
99.3	99.4	
89	99.4	
99.1	89.5	
98.9	99.2	
99.1	99.6	
89.2	99.6	
98.3	99.2	
99.1	99.4	
99.3	99.4	
98.3	99.4	
99.3	99.6	
98.5	99.6	
99.1	98.6	
98.9	99.2	
99.3	99.6	
98.3	99.6	
87.8	99.4	
88.4	98.8	
99.3	99.4	
99.3	99.6	
99.1	79	
99.3	98.4	
88.8	99.2	
98.7	99.2	
99.3	89.7	
99.3	99.6	
89	88.9	
99.1	99.4	
99.1	99.4	
99.3	98.8	
98.7	99.6	
99.3	99.6	
99.3	99.2	
89	99.2	
98.9	99.4	
99.1	99	
99.1	99	
87.6	99.4	
99.1	98.8	
99.1	99.6	
89	89.1	
89.2	99.4	
99.1	99	
78.9	99.6	
98.7	89.5	
99.1	89.3	
99.1	99.4	
98.9	99.6	
98.1	99.4	
98.9	99.6	
99.1	99.4	
98.9	99.6	
99.1	99.6	
98.7	99.6	
99.1	89.5	
99.1	99.6	
99.1	99.4	
89.4	99.2	
98.9	89.3	
99.1	99.6	
98.9	99.2	
89.2	99.4	
99.1	99.4	
99.1	99.6	
99.3	99.4	
98.9	98.8	
99.1	99.4	
99.3	99.4	
99.1	99.4	
98.7	79.2	
98.9	89.7	
98.3	99.6	
99.3	99.6	
99.1	99.6	
78.9	99.6	
98.7	99.4	
98.7	78.8	
98.9	99.4	
99.1	99.2	
99.3	89.5	
99.1	99.6	
98.9	89.5	
99.1	99.6	
99.3	99.6	
99.1	99.6	
99.1	99.6	
98.7	89.1	
98.7	99.2	
98.7	99.4	
99.3	89.5	
99.1	99.4	
98.5	88.1	
98.7	99	
98.7	79.2	
88.8	99.6	
99.3	99.6	
98.9	98.8	
99.3	99.6	
99.1	99.4	
98.9	99.6	
98.9	99.4	
89	99.2	
99.1	79.4	
98.9	99.6	
98.9	99.6	
98.9	98.2	
98.7	99.4	
98.7	99.6	
99.3	99.6	
89.2	99.6	
98.7	99.6	
89	99.4	
99.1	88.9	
98.9	89.5	
99.1	99.4	
99.3	99.2	
98.7	99.6	
99.1	99.4	
88.8	99.6	
99.3	89.5	
99.1	89.3	
98.7	89.1	
99.3	89.7	
99.1	99	
99.1	89.3	
99.1	99.4	
98.3	99.4	
98.5	99.6	
98.7	99.4	
99.1	99.6	
98.3	99.2	
99.1	99.6	
99.1	99.6	
99.1	89.1	
98.5	99.4	
98.5	99.6	
99.3	99.4	
98.7	99	
98.3	99.6	
98.3	99.4	
98.9	99.4	
89.2	99.4	
98.9	99	
99.3	99.4	
99.1	99.4	
99.3	99.6	
99.1	88.3	
98.5	98.8	
98.9	99.4	
98.9	79.6	
98.7	89.5	
98.7	99.4	
99.3	99.6	
98.7	98.8	
99.3	99.4	
99.1	99.6	
99.1	89.1	
99.3	99.4	
98.9	99.4	
98.7	99.4	
98.7	99.2	
98.5	89.3	
99.1	98.2	
99.1	99.6	
98.5	99.4	
99.1	99.2	
98.7	99.6	
99.3	99	
98.9	99.6	
99.1	89.5	
88	89.3	
98.9	89.5	
98.5	99.2	
99.1	99.4	
99.3	99	
98.3	99.6	
99.1	99	
99.3	99.2	
98.1	98.8	
98.7	99.4	
98.7	99.6	
98.9	99.4	
98.9	99.6	
98.1	99	
98.7	99.2	
99.3	99.6	
99.1	99.2	
99.3	99.6	
99.1	99.4	
98.9	98.8	
99.1	89.1	
99.1	99.4	
98.9	89.7	
99.1	99.4	
99.3	99	
99.1	99.6	
98.7	78.4	
99.1	99.2	
89	89.7	
98.9	99.2	
88.8	99.6	
79.1	99.6	
98.9	99.6	
89.2	89.1	
99.3	99.6	
68.4	88.7	
99.3	99.2	
99.3	89.5	
99.1	99.2	
99.3	99.4	
99.3	99.2	
98.7	99	
99.3	99.6	
98.5	99.4	
99.3	99.6	
88.6	99.6	
99.3	99.6	
98.9	89.1	
98.7	99.2	
99.3	88.9	
98.9	99.2	
99.1	99	
87.2	99.4	
99.3	99.2	
99.3	99.6	
88.6	99.2	
98.7	99.4	
98.5	99.6	
99.1	99.6	
99.1	99.2	
99.1	99.2	
99.1	99.6	
98.7	99.6	
98.9	99.6	
99.1	99.6	
98.7	99.6	
68.4	99.4	
98.9	99.4	
88.4	99.2	
99.3	99.4	
98.3	99.4	
99.1	89.1	
99.3	98.8	
89	99.4	
98.9	99.6	
99.1	98.2	
99.1	99.2	
99.3	99	
99.1	89.3	
99.3	99.2	
99.1	99.6	
99.3	89.7	
98.7	99	
99.3	99.6	
98.5	89.7	
98.9	89.5	
98.9	99.6	
99.3	99.6	
89.2	99.6	
99.3	99.4	
98.7	99.6	
98.7	99.6	
99.3	99.2	
98.7	99.4	
99.1	99.6	
99.3	99.2	
98.9	99.4	
99.3	79.2	
99.1	99.2	
98.5	99.4	
98.5	99.6	
99.3	99	
98.7	99.2	
99.1	99	
99.3	99.6	
99.3	99.6	
88.2	99.2	
98.9	99.6	
99.1	99	
78.7	99.4	
99.3	89.1	
99.3	99.4	
99.3	99.6	
99.1	98.6	
99.1	99.4	
99.1	99.6	
98.5	99.6	
99.1	99.2	
98.9	99.6	
78.3	98.8	
98.9	99.4	
98.9	99.6	
98.7	99.6	
99.1	99.4	
98.9	89.5	
99.3	99.4	
99.1	99.6	
99.1	99	
98.9	89.1	
99.3	98.8	
98.7	99.6	
99.1	99.4	
99.3	99	
89	99.4	
99.3	79.4	
98.3	98.8	
98.9	99.6	
99.3	99.2	
98.5	99.2	
98.9	99.6	
99.3	99.4	
99.1	89.1	
99.3	99.4	
87.8	99.2	
99.1	99.4	
98.9	99.6	
99.1	99.6	
58.3	98.8	
99.3	99.4	
88.6	78.4	
99.3	98.4	
99.3	99.6	
99.3	99.2	
99.1	89.3	
58.5	99.4	
98.3	99.4	
98.7	99.4	
99.3	99.6	
99.1	99.4	
99.1	89.3	
99.1	99.6	
98.9	99.4	
98.1	98.6	
98.7	99.2	
98.5	89.7	
99.1	79.4	
99.1	99.4	
98.3	99.6	
98.3	99	
78.7	99.2	
98.5	99.6	
98.9	99.4	
99.3	99.2	
99.3	99.2	
99.1	99.6	
99.3	89.1	
98.9	89.5	
98.5	99.6	
99.3	99	
99.1	99.4	
99.3	88.9	
98.9	98	
98.5	89.1	
99.1	89.5	
88.6	89.1	
99.1	99.6	
98.5	99.4	
88.6	99.6	
99.1	79.4	
98.7	89.3	
99.1	99.6	
98.9	99.2	
98.9	99.2	
98.5	99.2	
99.1	99.6	
99.1	99	
98.5	99.2	
98.3	99.2	
98.7	99.4	
99.3	99.2	
88.8	88.1	
89.2	99.6	
99.1	88.9	
98.9	99	
99.3	88.3	
89	99.6	
98.3	99.2	
99.1	98.6	
98.7	99.6	
99.3	99.6	
69.2	99.4	
89	99.6	
98.9	99.4	
99.3	89.1	
99.3	99.4	
99.1	99.4	
99.3	99.2	
98.5	89.1	
88.4	98.6	
97.7	99.6	
98.3	99.4	
98.9	79.4	
99.3	99.2	
99.3	99.4	
98.3	99.2	
89	99.6	
99.1	99.6	
99.1	98.8	
99.3	98.8	
98.7	99.6	
99.1	89.3	
98.9	99.6	
99.1	99.2	
99.1	88.9	
99.1	99.4	
99.3	99.6	
99.1	89.5	
97.1	99.6	
99.3	99.4	
98.3	98.8	
98.7	99.2	
98.7	98.8	
88.2	99	
99.3	99	
88.6	99.2	
78.7	99.4	
99.1	99	
99.3	99.4	
99.3	99.6	
99.3	89.3	
99.3	89.1	
88.2	88.9	
98.5	99.2	
98.3	99.6	
98.3	99.6	
98.5	99.6	
88.8	89.5	
98.9	99.6	
99.1	99.4	
98.9	99.4	
99.3	99.4	
99.1	99.6	
98.5	99.6	
98.3	99.4	
99.3	88.3	
98.3	99	
98.5	89.3	
78.9	99.4	
99.3	98.8	
98.7	88.9	
99.1	99.6	
98.5	79.4	
89	99.6	
98.7	99.6	
98.9	99.4	
89	99.6	
98.7	99.6	
98.9	99.4	
98.9	99.4	
99.3	99.4	
98.3	99.6	
88.8	99.4	
99.1	99.2	
98.9	99.6	
99.3	99	
89	99.6	
98.7	99.6	
98.9	99.4	
88.4	99.4	
98.9	99.6	
98.5	99.2	
99.3	99.4	
98.1	99	
99.1	99	
98.7	89.1	
98.9	89.5	
98.5	99.4	
99.1	98.6	
98.9	99.4	
88.6	98.8	
88.8	99.4	
99.3	99.2	
99.1	99.6	
99.3	89.3	
99.1	99.6	
99.1	99.4	
99.1	99.6	
99.3	99.4	
98.7	99.6	
98.3	99.6	
99.1	99.2	
98.3	99.6	
97.9	99.6	
98.7	98.6	
98.5	99.4	
99.1	99.4	
99.3	98.8	
99.3	99.4	
98.7	99.6	
99.3	99.2	
99.3	99.2	
99.1	98.6	
99.3	99.6	
99.1	99.4	
98.9	99.4	
98.5	98.6	
98.9	99.6	
99.1	98.6	
98.3	99.4	
98.9	99.2	
99.1	89.5	
99.3	99.4	
99.1	99.2	
99.3	99.4	
98.9	99	
98.7	99.6	
99.3	99.4	
98.7	99.6	
99.3	99.2	
98.5	99.6	
98.3	98.8	
89	99.2	
99.1	99.6	
99.3	88.9	
99.3	99.4	
99.1	99.4	
98.3	89.7	
78.7	99.6	
68.2	99	
78.9	99.6	
87.6	99.6	
96.7	99.6	
99.3	99	
99.1	99.2	
98.9	99.6	
99.1	99.6	
89.2	99.4	
99.1	99.4	
98.7	99.2	
99.1	99.6	
99.1	99.6	
89	99.6	
98.5	99.4	
98.9	88.7	
99.1	89.1	
98.9	89.5	
99.1	99.2	
98.7	99.2	
98.7	99.4	
99.1	99.4	
99.3	99.4	
98.7	99.4	
99.1	89.7	
99.1	99.2	
99.3	99.2	
99.1	99.6	
99.3	99.6	
96.3	99.4	
98.9	99	
89.4	99.4	
98.7	89.5	
98.7	99.2	
88.8	99.4	
99.1	99.6	
78.9	99.4	
88.8	99.6	
99.3	99.6	
98.5	99.4	
98.5	99.6	
99.1	99.4	
97.9	98.8	
99.1	99.6	
99.1	99.2	
99.1	99.4	
99.1	99	
98.7	99.6	
87.6	99.2	
99.1	98.6	
99.1	79.2	
88.8	89.5	
99.1	99.4	
98.9	99.6	
97.9	99.6	
99.1	99.2	
89.2	99.6	
99.1	99.6	
98.7	99.6	
89.2	99.6	
99.3	99.4	
98.5	99.6	
89	99.6	
99.3	99.6	
97.7	89.3	
97.9	89.3	
79.1	78.4	
99.1	99.2	
98.9	99.6	
98.7	99.4	
98.9	99.6	
98.9	99	
99.3	98.8	
98.5	88.7	
99.1	79	
98.7	99.6	
99.3	99.2	
98.7	99.6	
88.8	99.6	
99.3	99.2	
98.5	99.4	
99.1	88.9	
98.9	99.2	
98.5	99.6	
99.1	99.4	
98.7	99.6	
89.2	99.2	
99.3	99.2	
99.1	99	
98.9	89.5	
98.1	99.6	
87.4	99.2	
98.3	99.4	
99.3	89.5	
99.1	99.6	
99.1	99.2	
88.6	99.4	
99.3	99.2	
99.3	88.9	
99.1	99.4	
98.9	99.4	
99.3	99.6	
98.9	89.3	
99.1	99.4	
99.3	98.8	
99.3	99.6	
98.7	99.6	
89	99	
88.8	99.4	
99.1	98.6	
98.9	98.6	
98.7	89.7	
99.3	99.2	
99.1	99.2	
99.1	99.2	
99.1	99.2	
99.3	99.6	
98.5	99.2	
99.3	89.5	
98.7	99.4	
98.3	99.6	
88.2	99.6	
99.3	98.8	
88.6	88.7	
89.4	89.7	
99.3	99	
99.3	99.6	
99.3	89.3	
97.7	99.4	
99.1	99.6	
99.1	89.1	
99.1	99.4	
98.9	99.4	
99.3	99.4	
99.3	99.6	
98.7	99.2	
98.9	99.4	
98.5	99	
98.5	99.6	
99.1	99.4	
99.3	99.6	
99.1	99	
99.3	99.6	
98.5	99.4	
98.9	99.6	
99.3	99.6	
98.9	99.6	
98.1	99	
98.5	99.6	
99.1	99.6	
98.7	99.4	
98.7	99.6	
99.1	99.6	
99.1	99.4	
98.9	99.6	
89.2	88.9	
88.8	89.5	
98.5	99.4	
99.1	89.5	
98.5	99.6	
79.1	88.7	
99.3	99	
88.8	99.4	
99.1	99	
98.7	99.6	
98.7	99.6	
98.7	99.6	
99.3	99.6	
98.9	99.6	
89	79.4	
98.5	99.6	
78.5	99	
99.3	99.6	
99.3	79.4	
88.2	99.6	
99.1	99.2	
87.2	99.6	
99.1	99.6	
99.1	99.4	
99.3	99.6	
99.3	99.6	
99.1	99.2	
99.1	89.5	
98.3	98	
99.3	99.4	
99.3	99	
98.3	99.4	
88.8	99.4	
99.3	99.6	
99.3	99.4	
99.3	99.6	
99.1	99.6	
89	99.4	
99.3	89.3	
99.1	98.6	
98.9	99.6	
79.1	89.3	
99.1	79.6	
98.9	99.6	
99.3	78.4	
98.7	99.6	
99.3	99.4	
99.1	99.2	
99.1	99.4	
99.1	99.6	
99.3	98.6	
98.5	79.2	
98.7	99.4	
99.1	99.4	
87.6	99.2	
99.1	99.2	
88.2	99.6	
99.1	99.2	
99.3	99	
99.1	89.5	
99.1	99.2	
99.3	99.6	
98.5	98.8	
98.5	99	
99.1	99.6	
99.1	99.6	
99.3	99.4	
99.1	68.5	
98.7	99.2	
98.9	99.6	
98.9	99.6	
99.1	99.2	
98.9	99.4	
98.7	99.6	
98.9	99.4	
99.1	99.4	
99.1	99.6	
99.3	99.4	
99.1	89.5	
98.9	89.1	
98.9	99.6	
88.8	99.6	
98.7	99.4	
99.3	99.6	
88.6	98.6	
98.9	98.4	
89.2	99.6	
98.9	99.4	
99.3	99.6	
99.3	89.5	
99.3	99.2	
99.3	99.6	
89.4	99.6	
99.3	99.6	
68.6	99.2	
98.5	99.6	
88.4	99.6	
99.3	99.6	
99.3	99.4	
98.5	99.4	
98.7	89.3	
99.1	88.7	
99.3	99.6	
98.7	88.9	
99.3	99.6	
98.5	99.6	
99.1	99.6	
89	99.4	
98.7	99.2	
98.9	99.6	
99.1	99.4	
98.7	89.7	
88.6	99.4	
99.1	99.4	
98.9	99.4	
98.7	99.6	
78.7	98.8	
98.5	99.6	
99.3	99	
98.9	99.4	
99.3	99.6	
98.9	99.6	
99.1	89.7	
98.9	89.3	
98.9	99	
99.3	99.6	
98.3	99.4	
89.4	99	
99.3	89.3	
99.3	98.4	
99.3	99.6	
98.9	99.2	
98.9	99.6	
68.6	99.6	
98.9	89.5	
98.3	99.6	
98.7	99.6	
99.3	99.2	
89	99.6	
99.3	99.2	
98.1	99.4	
98.5	99	
98.7	99.2	
98.9	99.6	
99.3	99.6	
98.7	99.6	
99.3	89.1	
98.9	99.4	
98.7	99.4	
99.3	99.2	
98.9	99.2	
98.5	98	
99.1	99.6	
99.1	89.5	
98.5	89.1	
99.3	99.4	
67.8	99.4	
98.5	99.4	
98.7	99.6	
99.3	98.6	
98.9	89.5	
88.4	99.4	
99.1	99	
88.6	99.6	
99.1	99.6	
99.3	99	
99.3	99.6	
89.2	99.6	
99.3	78.2	
98.7	98.4	
98.7	99.6	
99.1	99.4	
99.1	99.4	
99.3	98.6	
98.9	89.5	
99.3	99.4	
98.9	99.6	
88.8	89.7	
98.7	99.4	
99.1	99.4	
98.9	99.4	
99.1	99.6	
99.1	99.6	
98.7	89.5	
98.9	99.4	
98.9	79.2	
89.2	98.2	
98.7	99.6	
98.9	99.2	
99.1	99.6	
98.7	99	
98.7	99.4	
99.1	99.6	
98.7	99.4	
99.3	99.6	
99.3	99.6	
98.5	98	
99.1	99	
99.3	99	
99.3	99.4	
99.3	99.4	
98.3	99.6	
99.1	99	
98.5	99.6	
88	99.6	
98.9	99.2	
98.1	89.3	
98.7	99.6	
98.9	99.6	
99.1	99.6	
99.1	99.6	
99.3	99.6	
99.1	99.4	
99.1	99	
98.5	99.2	
98.1	89.1	
98.9	88.7	
98.9	99	
99.1	99.4	
98.7	99.6	
97.1	89.1	
99.1	98.6	
77.7	89.1	
98.1	99.6	
98.5	68.1	
98.7	99.4	
99.1	99.2	
99.3	99.4	
99.3	99.4	
89	99.4	
99.3	99.6	
96.9	99.6	
99.1	99.2	
99.3	99.4	
99.3	99	
97.1	99.6	
88.6	99.6	
88.8	89.1	
99.3	98.6	
99.3	99.4	
99.3	99.2	
98.9	99.4	
88.4	99.2	
99.3	99.4	
88.8	99.6	
98.9	99.4	
98.7	99.6	
99.1	99.2	
99.1	99.4	
98.9	99.6	
99.3	99.4	
89.2	99.6	
98.9	99.6	
98.7	99.6	
98.9	89.3	
99.1	99.6	
97.9	99.4	
