98.3	99.2	
99.1	89.7	
98.5	79.6	
88.6	89.7	
98.7	89.5	
99.3	89.7	
99.3	89.7	
99.1	99.4	
98.5	69.3	
98.1	79.6	
99.1	79.6	
99.1	89.7	
99.1	98.8	
98.9	89.5	
98.5	99.4	
98.7	89.5	
98.7	89.7	
98.3	89.5	
99.3	89.5	
99.1	89.7	
98.9	79.6	
98.7	89.5	
99.1	99.4	
99.1	89.7	
99.1	89.7	
98.9	99.6	
98.9	89.5	
98.9	79.6	
98.5	99.6	
98.7	99.4	
89.2	99.4	
99.1	89.3	
99.3	99.6	
99.3	89.7	
98.9	89.7	
99.1	98.6	
98.7	89.7	
99.1	89.3	
98.9	99	
98.9	89.7	
99.3	99.2	
88	89.7	
98.9	99.2	
99.3	79.6	
98.5	89.7	
98.7	89.7	
88.4	89.7	
98.3	89.7	
98.9	89.7	
99.3	99.6	
99.3	89.5	
98.3	99.4	
99.1	89.7	
98.9	89.7	
98.9	79	
99.1	89.5	
99.1	99.4	
99.1	68.9	
99.1	89.7	
99.1	99.2	
98.9	98.8	
99.3	79.6	
99.1	88.1	
98.7	89.5	
99.1	89.5	
98.9	89.7	
98.9	99.4	
98.7	79.6	
99.3	99.4	
98.9	89.7	
98.7	99.4	
97.7	99.2	
99.1	79.6	
89.4	89.7	
78.5	89.7	
99.3	98.8	
99.3	98.6	
99.1	89.7	
99.1	89.3	
98.1	99.2	
98.9	89.7	
99.3	89.3	
98.7	89.1	
99.3	89.5	
98.7	99.4	
98.5	89.7	
99.1	89.7	
98.9	79.2	
98.7	78.6	
99.1	79	
68.2	89.7	
99.3	89.7	
99.1	99.6	
99.3	89.5	
98.9	98.6	
98.9	98	
99.1	88.9	
88.8	99.4	
99.1	97.6	
98.9	89.7	
98.9	99.4	
98.3	89.7	
99.1	89.7	
98.5	98.6	
98.5	89.7	
98.9	99	
98.9	88.9	
98.9	99.4	
98.9	99.6	
98.9	89.7	
88.6	79	
98.7	99	
98.9	99	
88.4	79.2	
99.3	99	
98.9	99.2	
99.1	99.4	
99.3	79.6	
98.9	79.4	
98.3	89.7	
89	98.8	
99.1	99.4	
89.2	89.7	
99.3	79.6	
98.5	89.7	
98.3	99.4	
98.9	89.3	
98.5	89.7	
97.9	99.4	
89.4	87.9	
99.1	99.4	
98.9	89.5	
98.7	89.1	
98.5	89.7	
99.3	89.7	
99.3	99	
98.3	89.7	
99.3	89.5	
98.7	98.8	
99.1	89.7	
98.9	89.7	
98.5	99.4	
99.1	89.7	
99.3	99.4	
98.9	69.1	
99.1	89.3	
99.1	99.4	
98.7	97.8	
98.5	89.5	
98.7	98	
99.1	89.7	
99.3	89.5	
89	98.6	
98.9	99.4	
99.3	89.5	
98.7	99.4	
98.9	89.7	
98.9	89.1	
98.9	99.6	
99.1	89.7	
99.3	69.1	
98.9	99.6	
99.1	99.6	
99.1	99.2	
99.3	89.7	
99.1	99.4	
98.9	99.4	
98.3	99	
99.1	89.3	
98.3	99.2	
98.9	79.6	
97.9	89.7	
99.1	99.4	
98.7	99.6	
98.7	98.6	
79.3	99.2	
79.3	89.7	
99.3	98.8	
98.5	89.7	
99.3	78.4	
99.1	99.4	
89.2	88.3	
99.3	89.7	
98.5	99.4	
98.1	89.3	
99.1	89.3	
99.1	89.5	
98.9	89.7	
99.1	88.7	
99.1	99	
99.1	99.4	
99.1	99	
99.1	89.7	
99.1	89.7	
98.5	99.6	
99.1	99	
99.1	99	
99.1	89.1	
98.7	99	
98.9	89.5	
98.7	89.7	
98.7	89.7	
99.1	89.7	
99.3	99.6	
98.9	89.5	
99.3	99	
98.7	88.7	
98.7	89.7	
98.9	99.2	
98.9	89.3	
99.1	88.3	
99.3	89.7	
89	89.5	
98.9	89.3	
98.1	79.4	
98.1	99.2	
98.7	89.7	
99.1	79.2	
98.7	78.8	
99.3	98.8	
99.3	99.6	
99.1	99.4	
97.7	89.7	
99.3	88.7	
99.1	89.1	
99.1	89.3	
98.9	89.7	
98.1	99	
99.3	98.6	
98.9	99.4	
98.3	88.9	
99.3	98.8	
99.3	99.2	
98.7	89.7	
99.1	89.1	
99.1	79.6	
89	89.3	
98.9	89.7	
99.1	79.4	
98.3	89.7	
99.3	99.2	
99.1	89.7	
98.9	99.6	
99.3	89.5	
99.3	89.5	
99.3	89.5	
98.7	88.9	
98.7	89.7	
98.9	99.4	
99.1	79	
99.3	89.1	
98.7	99.6	
99.3	99.6	
98.7	89.7	
99.3	89.7	
98.7	89.7	
99.1	89.5	
98.9	79.4	
97.1	89.5	
96.9	79.6	
98.5	89.3	
89.4	88.7	
99.3	99.4	
99.1	99.4	
98.7	89.5	
98.3	68.7	
99.3	79.2	
88	89.5	
98.9	89.7	
98.9	89.7	
99.3	99.2	
99.1	89.3	
89.4	99.4	
99.3	99.6	
98.9	89.7	
98.9	99	
98.9	99	
98.9	89.1	
99.1	89.7	
98.5	79.6	
99.3	98.8	
99.1	99	
98.7	99.2	
99.1	89.5	
89.2	99.6	
99.1	98.8	
79.1	79	
98.9	99.2	
88.6	89.7	
99.1	89.5	
99.1	99.2	
98.7	99.6	
99.3	89.7	
99.3	99.4	
99.1	99.6	
98.7	99.4	
99.3	89.5	
99.3	89.3	
98.5	89.7	
99.3	98.2	
99.1	89.7	
99.3	99.6	
79.1	69.1	
98.3	99.4	
98.5	99.2	
98.3	79.6	
88.4	98.6	
99.1	99.4	
98.3	89.7	
98.1	89.5	
99.1	79.6	
99.1	89.7	
99.3	89.7	
99.1	99.4	
98.3	89.7	
99.3	89.7	
99.1	89.7	
98.1	89.7	
98.7	89.7	
99.1	79.6	
99.1	79.6	
98.7	89.7	
98.3	88.5	
99.3	89.5	
99.3	89.5	
79.3	79.6	
98.7	69.5	
99.3	89.7	
98.7	99	
98.9	89.7	
99.1	89.7	
99.1	89.5	
99.3	99.2	
98.1	89.7	
99.3	89.7	
99.1	99	
99.1	89.7	
98.3	99.2	
97.9	99	
99.1	89.7	
98.7	98.8	
69	89.7	
98.9	99.2	
98.3	89.7	
99.3	99	
78.7	99	
98.7	89.7	
88	89.7	
99.1	89.7	
89	79	
48.6	89.7	
99.3	79.2	
98.9	89.7	
99.1	89.5	
98.9	98.6	
99.3	89.7	
99.1	89.7	
99.1	89.7	
89.2	88.7	
98.1	89.7	
99.1	89.1	
98.7	99.4	
99.3	89.5	
98.9	89.7	
97.9	89.5	
99.1	99.6	
99.1	89.5	
98.9	99.2	
99.3	89.7	
99.1	89.5	
99.1	99.2	
98.9	98.6	
99.3	89.7	
98.9	79.4	
99.1	89.7	
98.9	89.5	
99.3	98.6	
98.7	89.3	
98.7	98.6	
99.1	99.2	
98.7	89.7	
99.3	89.7	
99.1	99.2	
99.3	89.5	
98.1	99.6	
98.9	79.6	
99.3	89.5	
98.9	99.4	
97.7	99.4	
88.8	89.5	
98.7	89.5	
97.3	89.1	
99.3	89.5	
99.3	79.4	
99.3	79.4	
98.9	98.8	
99.3	89.7	
98.5	99.4	
89.2	99.4	
99.3	89.5	
98.9	89.7	
99.3	89.7	
99.3	99.4	
98.7	99	
99.3	99.2	
99.1	89.7	
98.5	99.4	
99.3	99.6	
89.4	89.5	
98.3	89.5	
98.7	79.6	
99.3	89.7	
98.7	89.7	
99.1	89.7	
89	89.7	
97.7	89.5	
88.6	99.6	
99.1	98.6	
99.1	89.7	
99.1	99	
98.7	99.2	
98.7	99.4	
98.3	79.4	
87.6	89.3	
99.1	89.7	
98.9	89.7	
98.5	89.7	
99.1	97	
98.7	99.6	
99.3	89.5	
98.9	89.3	
98.5	98.8	
98.9	98.6	
98.5	99.4	
99.3	89.5	
98.9	89.3	
98.9	99.6	
99.3	89.7	
99.1	89.7	
99.3	79.6	
98.5	89.7	
99.1	99	
98.3	78.8	
99.1	89.3	
98.7	89.7	
98.9	79.6	
88	98.8	
89.2	89.7	
98.9	98.6	
99.3	89.5	
98.3	89.7	
96.5	99.2	
99.1	89.5	
98.5	79.6	
99.1	99.4	
98.9	89.1	
98.7	89.7	
99.1	89.7	
99.3	89.7	
98.7	89.7	
99.3	99	
98.9	79	
99.1	89.7	
98.9	89.7	
99.3	99.4	
99.1	89.3	
99.1	89.7	
99.1	89.3	
98.3	99.6	
98.5	69.3	
98.5	89.7	
99.3	89.7	
98.9	98.8	
98.7	69.5	
98.7	79.6	
99.3	99.4	
99.1	98.8	
99.1	99.4	
98.9	99.4	
99.1	89.5	
99.3	89.7	
98.9	89.3	
98.9	99.4	
98.5	99.4	
99.1	89.7	
99.3	89.5	
79.1	99.4	
69.2	99.2	
99.3	89.7	
99.1	79.6	
99.3	89.7	
97.7	89.1	
99.1	99.4	
99.3	89.3	
99.3	99.6	
98.9	79	
98.9	99.6	
99.3	89.7	
89.4	99.6	
98.9	79.6	
99.3	89.7	
98.9	89.5	
98.9	89.7	
99.1	89.7	
99.3	98.6	
98.7	99	
98.3	69.3	
98.5	89.1	
99.3	89.3	
98.9	89.7	
97.7	89.1	
99.1	89.5	
99.3	89.7	
99.3	89.1	
98.9	89.7	
98.5	89.5	
87.8	89.7	
98.7	89.5	
98.5	89.7	
99.1	99	
99.3	89.7	
98.5	89.7	
89.4	89.7	
98.7	99.6	
98.9	89.7	
99.3	99.2	
98.3	89.7	
99.1	99.4	
98.1	89.7	
98.3	89.5	
98.5	99.4	
99.1	89.5	
98.7	99.4	
98.7	89.7	
98.9	58.2	
99.1	89.7	
99.3	99.4	
99.3	89.1	
99.3	88.3	
98.5	99	
98.3	89.7	
99.1	89.7	
99.3	89.7	
99.3	89.7	
98.9	89.7	
99.1	89.5	
98.7	99.2	
98.9	99	
98.9	89.7	
99.1	99.4	
98.9	89.5	
99.1	89.7	
99.3	99.4	
98.5	99.6	
98.9	89.5	
99.1	89.5	
99.3	89.7	
89.4	89.7	
98.3	99	
99.3	79.6	
98.5	99.2	
99.1	98.8	
98.5	79.6	
98.9	89.1	
98.9	89.7	
98.7	89.7	
88.6	79.4	
98.7	89.7	
99.1	89.7	
98.3	89.5	
98.9	79.6	
99.3	79.4	
98.9	89.5	
98.5	79.6	
98.3	89.3	
89.4	98.4	
88	99	
97.3	99.2	
99.3	89.5	
98.5	99.4	
99.3	89.3	
99.3	89.7	
99.3	79.4	
99.3	89.7	
98.9	89.7	
88.2	99	
99.3	99.4	
99.1	89.7	
98.9	99.4	
99.1	89.7	
99.3	98.4	
98.3	98.6	
98.5	99	
98.5	99.2	
99.3	89.3	
98.3	89.3	
98.9	89.7	
99.3	89.7	
99.1	89.7	
99.3	98.6	
99.3	89.5	
99.3	79	
98.9	89.7	
98.5	99.2	
98.7	89.5	
98.9	89.5	
99.1	89.7	
98.9	99.4	
99.1	89.3	
99.1	99.2	
98.9	98.6	
88.4	89.7	
98.9	79.4	
79.1	79.2	
99.3	98.4	
99.3	89.7	
99.3	89.7	
99.3	89.7	
99.3	89.7	
98.3	89.7	
98.9	89.7	
88.6	89.7	
99.3	89.7	
99.1	89.5	
99.3	88.9	
99.3	99	
98.3	89.7	
98.9	89.3	
99.3	99.4	
99.3	89.3	
99.3	89.7	
98.9	79.6	
98.3	88.7	
99.3	89.7	
98.3	98.2	
99.3	89.5	
98.5	89.5	
98.9	99.2	
98.9	79.6	
99.1	89.3	
98.9	89.5	
98.9	99.6	
98.9	89.7	
98.7	99.4	
99.3	79.4	
69.4	79.6	
99.1	89.7	
98.3	89.5	
99.1	89.7	
99.3	89.7	
99.1	79.4	
98.5	89.7	
98.5	89.7	
98.3	99.6	
99.1	99.2	
98.3	98.6	
99.3	98.8	
99.1	89.7	
98.7	99.4	
98.7	98.8	
99.1	98.8	
98.7	99.4	
99.1	89.3	
78.9	99.2	
98.9	99.6	
98.9	89.1	
98.9	99.4	
99.1	89.5	
98.7	79.6	
98.9	89.3	
88	99.2	
99.3	89.7	
99.1	89.1	
98.9	89.7	
99.3	89.7	
99.3	98.6	
98.9	99.2	
98.5	99.2	
98.9	99	
99.1	99.2	
99.3	89.7	
89.4	89.3	
99.1	89.7	
99.1	89.5	
98.9	99.6	
97.9	79.6	
98.5	98.8	
98.5	89.7	
98.9	89.5	
98.5	89.7	
98.7	99	
99.3	89.7	
98.9	79.4	
78.7	99.6	
98.9	89.5	
98.9	79	
99.1	89.5	
98.5	89.5	
99.3	89.5	
99.1	99.4	
98.5	89.5	
89.2	89.7	
99.1	89.7	
99.1	99	
98.5	89.7	
99.1	99.2	
99.3	89.3	
98.9	89.3	
98.5	89.7	
99.3	89.1	
99.1	89.3	
99.3	99.2	
98.5	98.6	
98.9	89.7	
99.1	89.7	
99.1	69.5	
99.3	89.7	
99.3	89.7	
99.3	89.5	
99.1	89.7	
99.1	99.2	
99.3	89.7	
99.3	89.5	
98.9	99.2	
98.1	89.7	
99.3	79.2	
99.3	89.5	
99.1	89.5	
98.1	89.3	
98.3	99.4	
98.7	99.4	
98.9	89.5	
98.7	89.7	
99.1	79.4	
98.7	89.3	
98.5	89.1	
99.1	89.7	
98.5	99.2	
99.3	89.5	
99.3	89.3	
99.1	98.6	
98.1	89.3	
99.3	89.7	
98.5	89.7	
99.1	79.2	
99.1	98.2	
98.1	99.4	
98.3	99.4	
98.9	99	
99.1	89.5	
98.5	79.6	
89	89.7	
99.3	89.5	
89.2	99.4	
98.7	89.7	
99.3	89.5	
99.1	89.7	
99.1	99	
99.1	89.7	
99.1	99.6	
99.1	99.2	
99.3	99.6	
98.5	89.5	
98.7	89.5	
99.1	99.2	
98.7	99.6	
88.8	78.4	
99.3	89.7	
98.5	89.5	
99.3	89.7	
98.7	99	
98.7	89.5	
98.9	99.2	
98.9	98.8	
89.2	89.1	
89.2	89.7	
98.5	99	
99.3	99.6	
99.1	89.7	
98.1	98.8	
99.1	99.2	
98.1	89.7	
98.1	99.4	
99.3	99.4	
99.1	89.7	
98.7	99.2	
98.5	98.6	
98.3	99.2	
98.3	89.7	
99.3	89.3	
99.1	89.7	
98.7	78.6	
98.9	89.3	
98.9	89.7	
99.3	98.8	
99.3	99.4	
99.3	99	
99.1	99.2	
98.9	89.7	
99.1	89.5	
98.5	89.3	
98.9	89.7	
98.7	99.2	
99.1	69.1	
79.1	79	
98.9	99	
98.9	99.4	
99.3	89.7	
99.1	89.7	
99.1	89.5	
99.1	89.5	
98.1	79.6	
98.9	89.5	
98.7	89.1	
88.8	89.1	
99.3	99.4	
98.9	89.1	
98.9	89.7	
88.6	88.9	
99.3	89.7	
99.1	89.7	
99.3	89.5	
98.9	89.7	
98.9	89.5	
98.9	89.5	
98.7	89.5	
98.7	79.6	
98.7	89.7	
98.7	99.2	
88.6	89.7	
99.1	89.1	
99.3	99.2	
99.1	89.7	
99.3	89.7	
68.8	89.5	
99.3	89.5	
88.2	89.7	
98.9	89.7	
99.1	89.1	
99.1	99.6	
98.9	89.7	
99.1	79	
99.3	89.7	
99.3	99.6	
99.1	99.6	
98.9	89.7	
98.9	98.4	
99.1	89.3	
99.3	89.1	
99.3	99.2	
98.9	99.4	
99.1	89.7	
98.9	99	
98.7	89.5	
98.5	99	
99.3	89.3	
99.3	79.6	
99.1	89.7	
99.1	98.8	
98.1	89.7	
99.1	99.4	
58.7	89.7	
98.9	99.4	
98.9	99.2	
78.9	79.4	
98.5	89.5	
98.7	79.4	
98.9	99.6	
99.1	89.7	
99.3	89.1	
99.3	99.6	
99.3	79.4	
97.3	88.7	
98.5	97.6	
98.7	89.7	
99.1	89.3	
98.7	99.6	
98.9	89.7	
98.7	99.6	
89.4	89.5	
99.1	89.3	
99.1	89.7	
98.7	99.6	
97.7	89.7	
58.7	99.2	
98.5	89.1	
98.7	98.8	
98.5	89.7	
98.9	99.4	
98.9	79.6	
99.1	99.2	
99.3	99.2	
99.1	89.7	
99.1	89.7	
98.7	88.9	
99.3	99.6	
97.9	99	
99.1	89.7	
99.3	99.2	
98.9	89.7	
98.5	89.7	
89	89.7	
98.9	89.5	
99.1	89.7	
99.1	89.5	
98.7	89.5	
97.5	89.7	
99.3	89.7	
99.1	99	
98.9	89.7	
89	99.4	
99.3	98.8	
89	99.4	
99.3	89.7	
98.9	89.7	
89	99.2	
98.7	79.6	
99.3	99	
99.1	79.6	
98.7	99.2	
99.1	99.2	
99.1	99.2	
98.7	99.4	
99.1	89.7	
99.1	89.7	
99.3	89.5	
89.4	99.6	
69.4	89.7	
79.3	89.5	
98.7	99.4	
98.9	89.7	
98.5	89.7	
98.9	99.4	
98.7	99	
89.4	79.6	
99.3	89.7	
98.9	99.4	
98.9	88.5	
99.1	89.3	
99.3	89.3	
99.1	89.7	
99.3	98.8	
98.9	89.5	
98.5	89.5	
99.3	98.6	
77.5	89.7	
99.3	89.7	
98.9	89.7	
99.1	89.5	
98.7	99	
99.3	89.5	
99.1	98.6	
98.5	99	
99.3	99.4	
98.7	89.5	
99.3	99.2	
97.7	99.4	
99.3	99.4	
99.1	89.3	
98.5	79.4	
99.1	89.3	
98.5	89.7	
97.5	89.7	
78.3	79.6	
98.3	89.5	
98.5	99.2	
98.7	48.9	
99.3	89.7	
98.3	98.4	
98.5	89.5	
99.1	89.7	
98.9	99.4	
99.1	89.5	
99.1	89.7	
99.3	98.8	
99.1	99.4	
98.9	99	
98.3	89.7	
98.9	99	
87.8	89.7	
89	99.2	
99.3	89.7	
89.2	99.6	
97.9	99.2	
99.3	89.5	
99.1	99.4	
98.9	89.7	
98.5	89.7	
99.3	89.3	
99.1	89.3	
99.3	99.2	
99.1	89.7	
89.4	98.8	
98.9	99	
98.7	89.5	
89.2	99.4	
97.1	99.2	
99.1	89.5	
99.3	78.8	
89.4	99	
