99.3	89.5	
99.3	99.6	
99.3	99.6	
99.3	89.5	
99.1	99.6	
88.8	89.7	
78.5	89.7	
79.3	89.5	
99.3	79.6	
99.1	89.7	
99.1	79.6	
98.7	99.2	
99.1	99.6	
98.9	99	
68.4	99.4	
99.3	89.5	
99.1	89.3	
98.9	89.7	
98.7	89.5	
99.3	99.4	
79.3	99.4	
99.1	99.6	
99.3	99.2	
99.1	99.6	
98.9	99.6	
99.3	89.3	
79.3	89.7	
98.9	89.5	
98.9	59.4	
98.5	78.8	
98.5	99.6	
99.3	99.2	
98.7	79.4	
98.5	89.5	
99.3	79	
99.3	99.6	
99.3	89.7	
99.1	99.6	
99.3	99.4	
79.3	99.4	
99.1	79.4	
89	99.6	
47.6	99.6	
69	69.3	
88.4	99.6	
89.2	89.7	
98.9	89.5	
58.9	89.7	
88.6	99.4	
99.1	99.6	
58.9	99.4	
99.3	89.5	
98.9	89.3	
99.1	99.2	
99.1	89.7	
99.1	99.4	
68.8	99.4	
79.1	89.7	
98.5	79.6	
99.1	79.6	
99.3	89.5	
99.3	99.4	
79.5	89.3	
78.9	99.6	
98.9	89.5	
99.1	99.6	
89.2	99.6	
99.1	89.5	
99.3	99.6	
98.9	99.6	
89	99.4	
79.1	79.2	
88.8	99.4	
99.3	89.7	
99.3	99.2	
97.5	99.6	
99.1	89.5	
89.2	89.7	
99.1	89.7	
99.1	99.4	
88	79.2	
99.3	89.5	
99.1	99.6	
78.9	89.7	
99.1	89.7	
98.7	89.3	
98.5	89.7	
98.9	89.7	
98.5	89.7	
79.1	99.6	
99.1	99.6	
98.5	98.2	
99.1	89.7	
99.3	99.4	
68.2	99.4	
99.3	99.6	
99.1	89.1	
98.1	99.2	
99.3	98.6	
99.1	89.5	
98.3	99.4	
99.3	99.4	
99.1	89.7	
99.3	99.2	
99.3	99	
99.3	89.7	
99.3	99.6	
99.1	89.5	
98.5	99.2	
99.1	99	
99.3	99.6	
99.1	99.6	
99.3	89.1	
99.1	79.6	
99.3	99.6	
99.3	89.7	
98.7	99.4	
99.3	89.5	
98.9	89.3	
99.3	89.3	
99.1	99.6	
98.9	79.6	
89.2	99	
99.3	89.5	
99.3	79.2	
99.3	99.6	
99.3	79.6	
99.1	99.6	
99.1	89.7	
99.3	99.6	
99.1	89.3	
99.1	99.6	
99.3	89.5	
99.1	89.5	
99.3	79.6	
99.1	89.5	
99.1	89.7	
98.7	89.5	
99.3	89.3	
98.9	99.6	
99.1	89.5	
99.3	99.4	
99.1	99.4	
98.9	99.4	
87.8	99.6	
98.9	99.6	
99.1	99.6	
98.7	99.6	
99.3	79.2	
99.3	99.6	
88.8	99.2	
98.5	89.7	
99.3	99.4	
99.3	89.7	
99.1	99.6	
98.7	89.5	
59.3	89.5	
89	89.5	
98.7	89.3	
98.3	99.4	
67.6	99	
98.9	99.6	
98.5	99	
99.1	89.5	
99.3	99.6	
98.5	99.6	
78.9	99.6	
99.3	99.4	
98.5	99.4	
99.1	89.3	
99.3	89.1	
78.5	99.6	
98.7	89.1	
78.7	89.7	
99.3	99.4	
99.1	99.6	
98.7	89.5	
99.1	99.6	
99.1	89.7	
99.3	79.4	
99.1	99.4	
98.7	99.6	
99.3	99.6	
99.3	99.6	
99.1	89.7	
98.9	89.5	
78.9	89.5	
99.3	99.4	
99.1	99.6	
99.3	89.7	
98.3	99.6	
98.9	98.6	
69.4	99.6	
98.9	89.7	
99.3	99.6	
99.1	99	
99.1	99.4	
58.9	89.5	
99.3	99.4	
99.3	99.6	
78.9	99.6	
99.1	99.2	
99.1	99.6	
78.9	99.6	
69	89.5	
98.7	99.4	
99.1	99.4	
99.1	89.7	
99.1	99.4	
98.9	99.4	
78.9	99.4	
99.3	99.4	
98.9	99.2	
79.1	99.4	
99.1	88.7	
99.3	89.7	
99.3	99.6	
99.3	99.6	
98.5	89.7	
99.3	98.8	
98.1	99.2	
98.9	99.6	
99.3	99.6	
99.1	99.6	
98.9	99.4	
98.9	99.6	
38.9	99.6	
79.3	99.6	
99.3	89.5	
89.2	99.6	
99.1	99.6	
99.3	89.5	
89.2	99.6	
99.3	99.6	
98.9	89.7	
98.7	99.6	
98.7	89.7	
78.9	99.2	
99.3	99.4	
79.1	99.4	
98.9	99.4	
69.2	89.7	
99.1	99.4	
98.7	99.6	
89.2	99.6	
88.8	99.4	
98.9	99.4	
98.9	99.4	
99.3	99.6	
58.9	99.6	
89.2	99.6	
98.7	89.3	
69	89.7	
99.3	89.7	
89	99.6	
99.1	99.4	
89.2	89.7	
89.2	99.6	
99.1	99.6	
99.3	99.2	
79.5	89.3	
99.1	99.6	
99.3	99.2	
88.6	99.6	
99.1	99.6	
99.3	89.5	
99.3	89.5	
99.1	99.4	
99.1	99.2	
59.1	89.7	
89.2	99.6	
99.3	89.7	
89	89.7	
99.3	99.4	
99.1	89.7	
99.1	89.7	
99.3	99.6	
69	99.6	
77.5	79.6	
98.7	98.8	
99.1	89.1	
68.8	99.4	
99.1	89.5	
99.1	89.5	
59.1	89.7	
88.8	89.3	
99.3	89.7	
98.9	99.6	
99.1	89.3	
99.3	89.5	
98.7	99.6	
99.3	99.2	
99.1	99.6	
99.3	88.9	
98.3	99.2	
99.3	89.7	
98.7	89.3	
99.1	89.7	
99.3	99.6	
99.3	99.6	
98.5	99.6	
99.3	89.7	
99.1	89.5	
98.3	99.4	
98.9	99.6	
99.1	89.5	
78.3	99.2	
98.7	89.5	
78.7	99.6	
98.5	99.4	
99.1	89.7	
99.1	99.4	
99.1	89.7	
99.3	99.4	
99.1	99.4	
97.7	99.6	
99.3	99.6	
89.2	89.5	
98.9	99.6	
99.3	99.4	
99.3	89.5	
99.3	99.2	
98.9	79	
98.7	99.2	
98.7	99.6	
99.1	99.6	
58.9	99.6	
99.1	89.3	
99.3	99.6	
99.1	89.7	
99.3	89.5	
98.9	89.7	
99.3	79.6	
99.1	99.6	
98.3	89.7	
99.3	69.1	
98.9	99.6	
99.3	89.7	
98.9	99.6	
98.7	99.6	
98.9	99.2	
99.3	99.6	
99.1	99.6	
99.3	89.7	
99.3	89.7	
89.2	88.9	
58.7	99.6	
98.9	89.3	
98.7	99.4	
98.3	89.7	
98.9	99.6	
78.9	99.6	
99.1	99.6	
99.3	89.3	
98.9	89.3	
99.3	89.3	
89	99.4	
99.1	99.2	
99.3	89.7	
98.3	99.6	
98.9	99.6	
98.7	99.6	
98.7	88.9	
99.1	99.6	
99.1	99.6	
99.1	99.6	
98.9	99.4	
98.9	99.4	
99.1	89.7	
89.2	99.2	
98.7	99.6	
99.1	79.6	
98.9	89.7	
89	79.4	
98.9	89.7	
99.1	99.6	
99.3	89.7	
99.3	99.2	
98.9	99.6	
99.3	89.1	
99.1	99.2	
89	99.6	
99.1	99.4	
99.1	98.6	
98.9	89.7	
99.3	99	
99.3	99.6	
78.9	99.2	
99.1	79.6	
99.1	99.6	
99.1	89.5	
99.1	89.7	
99.1	89.3	
98.9	99.6	
98.9	89.7	
97.7	99.6	
98.7	99.4	
99.1	99.6	
89	98.6	
98.9	89.5	
58.9	79.6	
79.3	99.6	
89	89.1	
79.5	99.6	
98.3	99.4	
99.3	99.4	
89	99.6	
99.3	99.6	
99.3	99.4	
69	99.6	
98.9	89.7	
89	89.5	
98.9	89.5	
79.3	99.6	
99.3	89.3	
98.7	99.4	
99.3	99.6	
99.1	89.5	
98.5	99.6	
99.1	99.6	
98.7	99.2	
78.5	99.4	
99.3	99.2	
68.2	89.3	
99.3	99.4	
98.9	99.6	
99.1	99.2	
98.5	89.1	
98.9	99.6	
98.9	89.5	
88.2	99.6	
99.1	98.8	
98.9	99.4	
98.7	99.6	
98.7	99.4	
99.3	99.4	
99.3	79.6	
89	99.6	
99.3	99.4	
99.3	99.6	
98.5	99	
89.2	99	
99.1	89.7	
98.7	89.3	
98.1	99.4	
99.3	89.7	
98.9	99.6	
99.1	99.6	
98.9	99.2	
69.4	99.4	
99.3	99.6	
99.3	99	
78.9	99.4	
98.7	99.6	
99.1	99.6	
98.7	89.7	
89	99.4	
98.7	99.4	
99.3	99.2	
78.9	99.6	
97.9	99.4	
99.3	89.5	
99.1	89.5	
98.9	99.2	
79.3	99.6	
99.1	99.6	
98.5	89.7	
69.2	89.7	
98.7	99.4	
98.7	99.6	
68.4	89.7	
99.3	69.1	
99.1	89.7	
99.1	79.4	
88.8	89.3	
98.7	99.6	
99.3	89.7	
98.9	99.6	
99.3	99.6	
99.1	98.8	
99.1	99.4	
99.3	69.3	
88.4	99.4	
88.8	99.6	
99.3	89.5	
98.9	89.1	
98.3	99.6	
89.2	89.3	
98.9	99.4	
99.1	99.4	
69.2	89.7	
98.9	99.4	
99.3	89.7	
89.2	99.6	
99.3	89.5	
67.8	99	
98.1	89.5	
99.3	79.6	
99.1	89.5	
99.3	89.3	
99.1	89.7	
98.9	99.6	
89.2	89.5	
99.1	98.8	
99.3	89.7	
99.3	89.7	
78.7	99.6	
99.1	99.4	
99.3	99.6	
99.1	89.3	
99.3	89.5	
98.9	99.4	
99.1	99.6	
89	89.5	
69	89.7	
99.3	99.6	
98.7	99.6	
98.7	89.7	
99.1	99.4	
99.1	99.4	
89.2	99.6	
99.1	99.6	
89	99.6	
78.9	89.5	
99.1	89.5	
99.1	99.6	
88.4	99.6	
98.5	99.4	
98.7	89.7	
99.1	99.6	
98.7	99.4	
99.1	99.4	
99.1	89.5	
98.7	89.7	
99.3	99.6	
99.1	99.6	
49.2	89.7	
89	99.2	
98.9	69.5	
99.3	99.6	
99.1	89.1	
99.1	89.7	
99.1	89.7	
99.3	89.3	
99.1	99	
99.1	89.7	
98.1	89.7	
98.9	99.6	
79.1	99.4	
79.1	89.7	
78.9	99.6	
99.3	79.2	
99.3	79.6	
99.3	99.4	
99.3	99.6	
99.3	89.7	
79.3	99.6	
99.3	99.6	
99.3	89.7	
99.3	99.6	
98.9	68.9	
97.7	99.4	
89	89.3	
88.8	99.6	
99.3	99.6	
99.1	99.6	
98.9	99.4	
99.1	89.5	
99.1	99.6	
99.1	99	
99.3	98.6	
98.9	98.4	
99.1	99.4	
99.3	89.7	
99.1	99.6	
99.3	99.4	
99.3	99.2	
99.1	99.6	
58.5	99.6	
98.7	99.6	
98.5	99.4	
99.3	99.2	
98.9	89.7	
99.1	99.4	
98.9	89.7	
99.1	99.6	
79.1	99.2	
98.7	89.1	
98.7	99	
99.3	99.6	
69	99.6	
99.3	99.4	
99.3	89.5	
78.5	89.5	
98.7	99.2	
99.1	99.6	
99.3	79	
98.9	89.7	
98.3	89.5	
99.1	89.7	
98.9	98.8	
99.3	99.6	
99.3	99.4	
98.5	99.2	
79.5	79.4	
98.7	79.4	
98.9	99.6	
99.3	99.6	
99.1	99.6	
99.3	99.4	
99.3	99.6	
98.5	99.6	
99.3	89.7	
99.3	89.5	
98.9	89.5	
97.5	89.1	
99.1	89.7	
98.7	89.7	
99.1	99.6	
99.3	99.4	
78.3	89.7	
59.1	99.6	
99.3	99.4	
99.1	89.7	
89	99.6	
99.1	89.7	
99.3	79.6	
89.2	99.6	
98.5	99.6	
98.9	99.6	
79.3	79.2	
99.1	99.6	
99.1	89.7	
99.1	89.7	
97.5	99.4	
99.3	99.6	
99.3	99.6	
99.1	99.2	
99.3	89.7	
98.7	79.6	
99.1	99.6	
78.7	99.4	
99.1	99.6	
99.1	99.6	
99.3	99.6	
98.5	99.6	
88.8	99.6	
99.3	99.4	
98.9	89.7	
88.6	89.3	
98.7	89.5	
99.3	89.5	
99.3	89.5	
99.1	89.7	
98.3	89.5	
99.1	89.3	
98.9	89.7	
99.3	79.2	
88.8	99.4	
99.3	99.2	
99.3	99.4	
99.1	99.6	
99.1	89.7	
98.7	99.6	
99.3	89.7	
99.1	99.6	
99.3	79.4	
99.3	99.2	
99.3	99.6	
99.1	89.7	
99.1	89.3	
98.9	79.4	
98.1	89.5	
99.3	88.9	
99.1	99.4	
99.3	89.1	
99.1	89.7	
99.3	99.4	
99.1	99.6	
99.1	99.6	
88.6	99.6	
98.7	99	
99.3	99.6	
99.1	99.6	
99.3	88.7	
79.3	89.5	
99.1	89.3	
98.7	88.9	
99.3	78.8	
99.3	99.4	
99.3	99.2	
99.1	99.6	
99.3	89.5	
79.3	99.6	
98.9	99.6	
99.3	99.6	
99.3	89.7	
99.3	79.4	
98.9	99.6	
98.9	59.2	
98.9	99.2	
99.1	89.3	
89.2	79.4	
99.1	99.4	
99.1	89.7	
99.3	89.3	
98.9	99.4	
69.4	89.7	
98.9	99.6	
99.3	89.3	
98.9	99	
98.7	99.6	
89.2	99.2	
99.1	89.7	
98.9	89.7	
99.3	89.3	
88	89.5	
98.9	89.7	
99.1	99.6	
98.9	89.5	
78.7	89.7	
99.3	99.4	
99.1	99.4	
79.1	89.5	
98.9	99.6	
78.3	99.6	
99.1	89.7	
99.3	89.7	
98.5	99.6	
98.7	99.6	
99.1	99.4	
99.1	99.6	
99.1	99	
99.1	99.6	
99.1	99	
99.3	99.6	
79.5	99.4	
99.3	99.6	
99.1	99.4	
99.3	99.6	
99.3	89.7	
98.9	79.6	
99.3	89.7	
99.1	99.6	
99.3	99.6	
99.1	99.2	
89	99.4	
98.9	99.2	
98.5	99.6	
98.1	79.2	
99.1	99.6	
99.3	99.6	
99.1	99.4	
79.1	88.7	
98.9	89.3	
79.3	89.1	
98.5	89.3	
99.3	79.2	
98.9	99.6	
98.9	79.4	
98.7	99.4	
98.9	99.2	
99.1	99.6	
98.9	99.6	
99.3	79.2	
99.1	79	
99.1	99.4	
99.1	99.6	
89.2	89.5	
99.3	99.6	
99.1	99.2	
89.2	79.6	
98.7	99.6	
99.1	99.6	
79.1	99.6	
99.1	99.6	
88.6	99.2	
98.9	89.7	
99.3	89.7	
98.7	89.7	
99.3	88.7	
78.9	89.7	
88.6	99.2	
89.2	99.6	
89	89.3	
98.1	89.5	
89.2	89.7	
78.3	99.6	
98.7	99.2	
99.1	99.6	
89.2	99.4	
99.3	79.4	
99.3	89.7	
99.1	89.7	
68.8	89.7	
68.8	89.5	
98.9	99.6	
89.2	99.2	
98.5	89.7	
99.3	89.3	
99.1	89.1	
98.5	99	
99.1	99	
99.3	99.6	
99.3	89.1	
89.2	89.3	
98.9	99.6	
99.3	99.6	
99.3	99	
99.3	99.6	
99.1	99.6	
99.3	99.2	
99.3	99.4	
79.5	89.5	
99.3	99.2	
98.9	89.7	
99.1	99.2	
99.1	99.2	
99.3	99.6	
98.7	79.6	
99.3	99.2	
98.7	99.6	
98.7	99.6	
98.5	89.3	
78.7	99.4	
99.3	89.7	
99.3	99.6	
98.9	99.6	
98.9	89.3	
89	89.7	
98.9	99.4	
99.3	89.5	
98.7	99.4	
99.3	89.5	
99.3	99.2	
99.3	89.3	
98.9	89.5	
79.1	89.5	
99.3	89.5	
79.3	99.4	
97.7	99.6	
78.1	99.6	
98.1	99.6	
69.2	99.4	
99.3	89.5	
98.9	99.4	
99.3	99.2	
99.1	68.5	
99.1	99.2	
68.6	89.1	
89	99.4	
69	99.4	
99.1	89.7	
89.2	99.2	
99.1	89.7	
88.6	99.6	
99.1	99.6	
98.9	99.6	
99.3	99.4	
98.3	99.6	
98.9	99.6	
99.3	89.7	
99.1	99.4	
99.3	99.6	
99.3	89.7	
98.9	99.6	
99.3	89.3	
99.1	99.6	
99.1	99.4	
99.1	99.6	
88.8	99.6	
99.3	99.6	
98.7	89.5	
99.3	99.6	
98.9	89.5	
99.1	99.6	
89	88.7	
98.7	99.6	
99.3	89.7	
99.1	99.4	
99.3	99.6	
98.9	89.5	
99.3	99.6	
99.1	89.7	
59.1	79.6	
88.4	99.2	
98.9	99.6	
98.7	79.6	
98.7	99.4	
99.3	89.7	
99.1	99.6	
99.3	89.7	
89.4	89.5	
99.3	99	
99.3	99.6	
99.1	89.7	
99.1	99.2	
88	89.5	
99.1	89.5	
98.9	99	
99.1	89.5	
99.1	89.7	
99.3	99.2	
99.1	99.6	
78.7	99.6	
99.3	89.7	
98.9	89.5	
99.3	89.7	
99.1	99.2	
89	89.7	
98.9	99.6	
58.3	89.7	
98.1	79.4	
99.1	99.4	
98.5	89.5	
98.9	99.6	
88.8	89.7	
99.3	99.6	
99.1	89.7	
98.5	99.6	
98.7	99.6	
98.9	89.7	
98.9	99.4	
99.3	99.6	
98.9	99.6	
98.9	99.6	
99.1	89.7	
99.1	99.6	
98.9	99.6	
98.9	99.4	
79.1	89.3	
99.3	89.7	
99.3	99.6	
99.3	99	
99.1	89.5	
98.5	89.7	
99.1	89.7	
99.1	79.4	
98.9	99.6	
98.9	79.4	
88.4	99.4	
99.1	89.5	
99.3	99.6	
98.7	89.5	
99.3	89.7	
99.1	99.6	
98.9	99	
99.1	89.7	
99.3	79	
98.7	99.6	
99.1	99.6	
79.1	88.9	
98.7	99.6	
78.3	89.5	
99.1	99.6	
99.1	89.7	
98.9	99.6	
98.9	89.5	
99.3	89.7	
89.2	99.4	
99.3	89.7	
99.1	89.5	
99.1	89.5	
99.1	99.6	
99.1	89.7	
79.3	58.6	
99.1	99.6	
99.1	89.5	
98.7	99.6	
98.9	99.2	
98.9	89.5	
88.2	99.4	
99.1	79.4	
89	89.5	
98.9	99	
99.1	89.7	
49.2	99.6	
99.1	89.7	
68.6	99.6	
99.1	89.7	
99.3	99.2	
98.9	99.6	
69.2	89.7	
98.1	89.3	
98.9	99.6	
78.9	98.8	
78.9	99.6	
99.1	99.6	
78.9	99.6	
98.9	99.2	
99.3	89.5	
99.1	89.7	
98.7	89.7	
8.2	89.7	
78.9	99.6	
98.5	79.4	
68	99.4	
99.1	99.6	
99.3	99.6	
99.3	99.6	
