98.9	89.3	
99.3	89.5	
99.1	89.5	
99.1	99.2	
99.3	79.2	
99.3	89.5	
99.3	89.5	
99.3	89.3	
89.4	89.5	
99.3	89.5	
98.7	89.5	
98.9	79	
99.3	89.5	
99.3	89.5	
99.3	79.4	
99.3	89.5	
99.3	89.5	
89	89.5	
99.1	79.4	
99.1	99.6	
99.3	89.3	
89.4	89.5	
99.1	89.5	
99.1	89.5	
99.1	89.5	
98.9	89.3	
99.1	79.4	
99.3	59	
99.3	99.4	
89.2	89.5	
89.2	59.4	
99.1	99	
98.7	89.1	
99.1	89.3	
99.3	99.6	
99.3	69.7	
99.3	79.2	
99.3	69.7	
99.3	89.5	
99.3	89.5	
99.3	89.5	
99.3	89.5	
99.3	89.5	
99.3	89.5	
99.3	89.5	
99.1	89.5	
98.9	89.1	
99.3	99.6	
99.3	89.5	
98.7	89.5	
99.3	89.5	
99.3	89.5	
99.1	99.6	
99.3	89.5	
99.3	89.5	
99.3	89.3	
99.3	98.8	
99.3	89.5	
99.3	89.3	
99.1	89.5	
99.1	69.3	
98.7	69.3	
99.3	99.2	
99.3	69.3	
99.3	79.6	
99.1	89.5	
99.3	89.5	
98.3	89.5	
99.3	89.5	
99.1	89.5	
99.3	79.4	
99.1	89.5	
99.3	89.3	
99.3	79.4	
99.1	89.5	
99.1	89.1	
99.3	89.3	
98.9	89.5	
99.3	89.5	
88.8	99.2	
99.3	89.5	
99.3	89.3	
99.3	89.3	
99.3	89.3	
99.3	89.5	
99.3	79.4	
99.1	89.5	
99.1	99.2	
99.3	89.3	
99.3	89.5	
99.3	79.4	
99.3	89.3	
98.7	79.4	
88.6	89.1	
99.3	89.5	
99.3	89.5	
99.3	89.5	
99.3	59	
99.3	89.5	
99.3	89.5	
99.1	89.5	
99.1	89.5	
99.1	89.5	
89	99	
98.9	89.5	
99.3	89.3	
99.3	69.3	
99.3	49.1	
99.1	89.3	
98.9	89.5	
98.9	89.5	
99.3	89.5	
89.4	89.3	
99.1	89.3	
99.1	89.5	
99.1	89.3	
99.1	79.4	
89.4	89.5	
98.9	89.3	
99.3	79.4	
99.3	99.6	
99.3	89.1	
88.8	98.8	
99.3	89.5	
99.3	89.5	
99.3	89.5	
98.9	89.5	
99.3	79.4	
99.3	89.5	
89.2	79.4	
99.3	89.3	
99.3	69.3	
99.3	89.3	
99.3	89.5	
99.3	89.1	
98.9	99.6	
99.3	89.5	
99.3	89.5	
89.4	89.3	
78.7	89.5	
99.3	78.6	
89	79.2	
99.1	89.5	
99.1	89.5	
99.3	99.6	
89.4	79.4	
89.4	89.3	
99.1	89.3	
98.9	89.5	
99.1	79.4	
89	89.5	
99.3	89.3	
99.3	99.4	
99.3	99.6	
99.3	69.1	
99.1	89.5	
99.1	89.5	
99.3	89.3	
99.3	89.3	
99.3	89.5	
89.2	89.5	
99.1	89.5	
99.3	89.5	
98.7	89.5	
89.4	89.5	
98.7	79.4	
99.1	89.5	
99.3	89.5	
99.1	59.4	
99.1	89.5	
99.1	89.5	
99.3	69.1	
99.1	89.5	
99.1	89.5	
99.3	89.5	
89	89.5	
99.3	89.3	
99.3	79.4	
99.3	89.5	
99.3	89.5	
99.1	89.5	
99.1	79.2	
99.1	89.1	
88.6	89.5	
99.3	89.5	
99.3	89.5	
99.3	89.5	
98.1	89.3	
99.3	89.5	
99.1	89.5	
98.9	89.5	
79.1	89.5	
99.1	89.5	
99.1	89.5	
99.3	89.5	
98.9	89.5	
99.1	99.4	
89	79.2	
99.3	89.5	
99.3	89.5	
99.3	89.5	
88.4	89.5	
99.3	99	
99.3	79.2	
99.3	89.3	
98.7	88.7	
99.3	89.3	
99.3	79.2	
99.3	89.5	
99.3	89.5	
99.3	79.2	
99.3	89.3	
99.3	89.1	
99.3	89.3	
99.3	89.5	
99.1	89.5	
99.1	89.5	
99.1	89.5	
99.1	89.5	
99.3	79.4	
89.2	89.5	
99.3	89.5	
99.3	89.7	
98.9	89.5	
99.3	89.5	
99.3	89.5	
99.3	89.3	
99.3	79.4	
99.3	89.3	
99.1	89.5	
99.3	89.3	
89.2	89.3	
99.3	59.2	
99.3	89.5	
99.3	89.5	
99.3	69.3	
99.3	89.5	
99.3	89.5	
99.3	89.3	
99.3	89.3	
99.3	89.5	
99.1	89.5	
99.1	59.2	
99.3	89.5	
99.1	89.5	
99.3	89.5	
98.9	89.5	
99.3	89.5	
99.3	79.4	
89.2	89.5	
99.3	89.3	
99.3	89.5	
99.3	79.4	
89.4	89.1	
98.9	89.5	
99.3	99.6	
99.3	89.5	
88.6	89.5	
99.1	79.4	
98.9	88.9	
99.3	89.5	
99.3	89.5	
99.3	89.5	
99.3	89.5	
99.1	89.1	
89.4	89.3	
99.3	79.4	
79.1	69.3	
99.3	99.6	
89	79.4	
99.3	89.5	
99.3	89.5	
99.3	89.5	
89	89.5	
99.3	79.2	
99.1	89.1	
99.1	89.5	
99.3	89.5	
89.2	89.5	
99.1	89.5	
89	89.5	
99.1	89.3	
99.3	79.2	
99.1	89.5	
89	89.5	
98.9	89.5	
99.3	89.3	
88.8	89.3	
99.1	89.5	
98.7	89.3	
99.3	79.4	
98.7	89.3	
89.2	89.5	
99.1	89.5	
99.3	99	
99.3	89.5	
99.3	89.5	
89	89.1	
99.3	89.5	
99.1	89.5	
99.3	69.3	
99.3	79.4	
99.1	89.5	
88.8	89.1	
99.3	89.3	
99.3	79.4	
98.9	89.5	
98.9	79.4	
99.3	69.3	
98.9	89.5	
99.3	99.6	
99.3	89.5	
99.1	89.5	
99.3	89.5	
99.1	89.5	
99.3	59.2	
99.1	89.5	
99.1	89.5	
99.3	89.5	
98.9	89.5	
99.1	89.5	
99.3	89.5	
99.3	89.5	
99.1	89.3	
89.2	89.3	
99.3	89.3	
99.3	89.3	
99.3	89.5	
99.3	89.5	
99.3	69.3	
99.3	89.3	
89.2	89.5	
99.3	59.2	
99.3	89.5	
99.1	89.5	
99.1	89.5	
99.3	89.5	
99.3	89.5	
99.1	89.5	
89.4	89.5	
99.1	89.3	
88.4	89.5	
99.3	89.5	
98.9	59.2	
99.3	89.5	
99.3	89.5	
99.3	99.4	
99.3	99.2	
99.1	78.6	
98.9	89.5	
99.3	89.5	
98.9	89.5	
99.3	69.3	
99.3	89.3	
99.3	69.3	
99.3	89.5	
99.3	89.5	
99.3	69.1	
98.9	89.5	
99.3	89.5	
99.3	79.4	
99.3	99.6	
99.3	89.5	
78.9	69.3	
99.1	89.3	
99.1	89.5	
98.9	99	
99.3	89.5	
99.1	69.3	
99.3	89.5	
99.3	69.1	
98.5	69.3	
99.3	89.5	
98.5	79.2	
99.3	89.3	
99.1	99.4	
99.3	89.5	
99.3	89.3	
98.9	89.5	
98.7	99.4	
99.3	89.3	
89.4	89.5	
99.3	89.5	
99.3	99.4	
98.9	79.4	
99.3	89.5	
88.8	89.1	
99.1	89.3	
99.3	79.4	
99.3	89.5	
99.1	89.5	
99.3	89.5	
89.2	79.4	
99.3	89.5	
89.2	89.5	
99.3	79.4	
79.1	79.2	
99.3	89.5	
99.1	99.4	
99.3	88.5	
99.3	79.2	
99.3	39	
88.4	89.5	
99.1	89.5	
99.3	99.2	
99.3	79.4	
99.1	89.5	
99.1	89.5	
89	79.2	
99.1	89.5	
99.3	89.5	
99.3	89.5	
99.3	99	
98.9	79.2	
99.1	89.3	
99.1	89.5	
99.1	89.3	
88.6	89.3	
99.3	89.5	
98.9	89.5	
99.1	89.5	
89	89.3	
99.1	79.4	
99.3	89.5	
99.3	89.5	
88.4	89.5	
99.3	89.5	
88.8	89.5	
99.3	79.4	
98.9	89.5	
98.9	79.4	
98.7	89.5	
99.3	89.5	
99.1	89.5	
99.3	79.6	
99.1	89.5	
99.3	99.4	
99.3	89.5	
99.1	89.5	
99.3	89.5	
99.3	89.5	
99.3	89.3	
99.3	89.5	
99.3	79.4	
89.2	89.3	
99.3	89.5	
99.1	89.3	
99.1	89.1	
99.1	89.5	
89	59.2	
99.3	89.5	
99.3	89.5	
99.3	89.3	
99.1	89.5	
98.9	99.6	
99.1	89.5	
98.9	89.3	
99.3	89.3	
99.3	89.3	
99.3	89.5	
99.3	79.4	
99.1	79.4	
89	89.5	
99.3	89.5	
99.3	89.5	
99.1	79.4	
99.3	89.5	
99.1	89.5	
99.1	89.3	
99.1	69.5	
89.4	79.4	
99.3	99.4	
98.9	89.5	
99.3	89.5	
99.3	59.2	
89	99.2	
99.1	89.5	
99.1	89.5	
99.3	89.3	
99.3	89.3	
99.3	89.5	
99.3	89.5	
98.5	99	
99.1	89.3	
98.9	99.2	
99.3	89.5	
98.9	89.5	
89.2	89.1	
99.3	89.5	
99.3	89.5	
98.9	89.5	
89	89.5	
99.1	89.5	
99.1	89.5	
99.3	89.5	
79.1	89.5	
99.1	59.2	
99.3	89.3	
99.1	99.6	
99.3	89.5	
99.3	89.5	
89.2	98.8	
99.3	89.5	
99.3	89.5	
99.3	69.5	
99.1	89.5	
99.1	89.5	
99.3	89.5	
89.2	89.5	
99.3	89.5	
99.3	89.5	
99.3	79.4	
99.3	79.4	
99.3	99.4	
89.2	89.5	
98.7	89.5	
98.9	89.5	
99.3	79.4	
99.1	79.2	
99.3	99.6	
99.3	89.5	
99.3	89.5	
89.2	89.1	
99.1	79.2	
99.3	89.5	
99.1	89.5	
99.3	79.2	
99.3	89.5	
88.8	89.5	
89	89.1	
99.3	89.3	
99.1	69.3	
99.3	79.4	
98.7	89.3	
99.3	99.6	
99.3	89.5	
99.3	89.5	
99.3	79.4	
99.3	89.5	
99.3	99.6	
99.3	89.3	
99.3	89.5	
99.3	89.5	
99.3	89.3	
89.2	89.5	
99.3	89.5	
99.3	89.5	
68.6	89.3	
99.3	89.5	
99.3	89.5	
98.9	89.5	
99.3	89.5	
99.3	89.5	
99.3	89.5	
99.3	89.5	
99.3	89.5	
99.3	89.3	
99.1	99.6	
99.1	89.5	
99.3	89.5	
98.9	89.5	
99.1	89.3	
99.3	89.5	
99.3	89.3	
99.3	89.5	
99.3	89.5	
88.8	99.6	
99.3	89.5	
99.3	89.5	
99.1	89.5	
99.3	89.5	
99.3	89.5	
89	89.5	
99.3	89.3	
99.3	89.3	
99.3	89.5	
99.3	89.5	
99.3	89.5	
99.1	89.5	
99.1	79.2	
99.3	89.5	
99.3	89.5	
99.3	89.5	
99.3	89.5	
89	79.4	
98.7	89.5	
99.1	89.1	
99.3	79.2	
99.3	89.5	
99.3	89.5	
99.3	89.5	
99.3	79.4	
89	89.5	
99.3	89.5	
99.3	89.5	
99.3	89.5	
99.3	79.4	
99.1	89.3	
98.7	89.5	
89	79.4	
99.3	89.3	
99.3	99.6	
99.1	89.1	
99.3	89.3	
89.2	89.5	
99.1	79.2	
99.3	89.3	
98.9	89.5	
99.1	79.4	
99.3	89.1	
98.9	79	
99.1	89.3	
99.3	69.5	
99.1	89.5	
98.7	89.5	
99.1	89.5	
99.1	89.3	
88.8	89.5	
99.3	88.9	
99.3	89.5	
99.1	89.5	
98.7	79.4	
98.9	89.5	
99.3	49.1	
99.3	89.5	
89.2	89.5	
99.1	89.5	
99.3	69.3	
99.3	89.5	
99.1	89.5	
98.9	89.5	
89.2	89.5	
99.3	89.3	
98.9	89.5	
99.3	89.5	
99.1	89.5	
99.1	89.5	
99.3	89.5	
99.3	89.5	
99.1	89.5	
89.4	89.5	
99.3	89.5	
98.9	89.5	
99.3	79.4	
68.6	79.2	
98.7	89.5	
99.3	89.5	
89	89.5	
98.9	89.5	
99.1	89.3	
99.3	89.3	
99.3	89.3	
99.3	89.5	
98.9	79.2	
98.9	89.5	
99.3	89.5	
99.3	89.5	
99.3	89.5	
99.1	89.5	
99.1	79.4	
99.1	89.5	
89	89.5	
99.1	89.5	
99.3	89.5	
99.1	88.7	
99.3	89.5	
99.3	99.4	
99.3	39.2	
98.9	89.5	
98.9	89.1	
99.3	89.5	
99.1	89.5	
99.3	89.5	
89.4	89.5	
99.3	89.5	
98.9	79.2	
99.1	89.5	
99.1	89.1	
99.3	79.4	
98.5	89.5	
99.1	89.5	
99.3	89.5	
99.3	78.8	
99.3	89.5	
99.1	89.5	
89	89.5	
99.3	89.1	
99.3	89.3	
99.3	89.5	
99.3	69.3	
99.3	89.5	
99.3	79.4	
89.4	99	
99.3	89.5	
99.3	89.5	
99.3	79.4	
99.3	89.5	
99.1	59	
99.1	89.3	
99.3	89.5	
99.3	89.5	
99.3	79.4	
99.3	89.5	
98.3	89.5	
89.2	89.5	
99.3	79.4	
99.3	88.7	
89.4	89.5	
99.1	89.5	
99.3	89.5	
99.3	99	
99.1	89.5	
98.9	89.5	
99.3	79.4	
99.3	69.3	
99.3	89.5	
99.1	89.5	
98.9	89.5	
89.2	89.5	
99.3	89.5	
99.1	89.5	
99.3	79.4	
99.3	89.5	
98.9	89.5	
89	79.4	
98.9	99.6	
99.1	89.5	
99.1	89.5	
99.3	89.3	
99.3	89.5	
99.1	79.2	
99.3	89.5	
99.3	89.5	
99.3	89.5	
99.3	69.3	
89.2	88.7	
99.3	89.5	
99.1	89.5	
99.3	89.1	
99.1	99.6	
99.3	48.7	
99.1	89.5	
99.3	69.3	
99.3	89.5	
89.2	89.3	
99.3	79.4	
99.1	89.1	
89	89.5	
78.9	89.5	
99.3	89.3	
99.3	89.5	
99.3	89.3	
99.3	89.1	
99.3	89.5	
99.3	89.5	
99.1	99.6	
99.1	69.5	
99.1	89.5	
99.3	89.3	
99.3	79.4	
99.1	79	
99.3	89.5	
99.3	89.5	
88.8	89.5	
99.1	79.4	
98.9	89.5	
99.3	89.5	
99.3	79	
99.3	89.5	
99.3	69.3	
89.2	89.5	
99.3	88.9	
99.1	89.3	
98.9	89.5	
99.3	89.5	
99.3	89.5	
99.3	89.5	
89	89.3	
99.3	89.5	
99.1	79.4	
99.3	69.3	
99.3	89.5	
98.9	79.4	
99.3	89.5	
99.3	89.3	
88.6	99.6	
89	89.5	
99.3	89.3	
99.3	89.3	
98.9	79.6	
99.3	99	
99.3	79.4	
99.3	79.4	
99.3	59.4	
89	89.5	
99.3	69.3	
99.3	89.3	
99.1	89.5	
99.3	89.5	
99.3	89.5	
88.8	89.5	
99.3	89.5	
99.3	89.3	
99.3	89.3	
88.6	89.3	
89.2	89.5	
99.1	79.4	
98.9	89.3	
99.3	99.6	
99.1	79.4	
99.1	99.6	
99.1	49.5	
99.3	79.4	
98.7	89.5	
98.9	89.5	
99.1	99.2	
89.2	89.5	
99.3	89.5	
99.3	89.5	
89.4	89.5	
99.3	89.1	
99.3	89.3	
99.3	89.3	
99.3	89.5	
99.1	89.1	
98.7	79.4	
99.1	89.3	
99.1	79.4	
99.1	89.1	
99.3	79.4	
99.1	89.5	
99.3	89.1	
99.1	69.5	
99.3	89.5	
99.3	89.5	
99.3	89.5	
99.3	89.5	
99.3	89.5	
99.3	89.5	
98.9	89.3	
99.1	79.4	
99.3	89.5	
99.3	89.5	
99.3	79.2	
99.1	89.5	
99.3	89.3	
99.3	89.5	
99.3	89.3	
99.1	79.4	
99.3	89.3	
99.3	89.5	
99.1	99.4	
99.1	69.3	
88.8	89.5	
98.9	79.4	
99.1	89.5	
99.3	89.5	
89	89.5	
89	89.5	
98.7	69.7	
98.7	89.5	
99.3	89.5	
99.1	89.3	
99.3	99.2	
89	79.2	
99.1	89.3	
99.1	79.4	
99.3	89.3	
99.3	89.5	
99.3	89.5	
98.9	89.5	
88.8	89.5	
99.3	88.7	
99.3	79.4	
99.3	89.5	
99.3	89.5	
99.3	79.4	
89	89.3	
89	89.5	
99.3	79.2	
99.3	69.7	
98.9	89.5	
99.3	89.5	
99.3	89.5	
99.3	89.5	
99.1	89.5	
99.3	89.3	
99.3	89.5	
99.3	89.5	
99.3	89.5	
89	89.5	
99.1	89.5	
99.3	89.5	
99.1	89.5	
99.3	89.5	
99.3	98.8	
99.3	89.5	
99.3	89.5	
99.1	88.7	
99.1	89.3	
99.3	89.5	
99.3	69.3	
99.3	89.5	
99.3	89.5	
98.9	89.1	
99.3	69.3	
99.3	89.5	
89.4	89.5	
99.3	79.6	
98.9	89.3	
99.3	89.5	
99.3	89.3	
99.3	89.5	
99.1	79.4	
99.3	89.5	
78.5	89.3	
99.3	79.4	
99.1	89.5	
99.3	89.5	
99.1	89.5	
99.3	88.9	
99.3	89.5	
99.3	79.4	
99.1	89.3	
99.3	79.4	
99.3	89.5	
99.1	89.3	
99.3	89.5	
99.1	49.1	
99.3	89.5	
99.3	89.5	
99.3	79.4	
98.9	79.2	
99.3	89.5	
99.3	79.4	
99.1	89.5	
99.3	88.9	
79.1	89.5	
89	89.5	
99.1	89.5	
99.3	89.5	
99.3	89.5	
99.3	89.3	
99.3	88.9	
99.1	89.3	
99.3	89.5	
99.3	89.5	
98.9	89.1	
89	89.5	
99.1	89.3	
99.3	89.3	
99.1	89.3	
99.1	79.4	
99.1	89.5	
99.1	99.6	
98.9	89.3	
99.3	89.3	
99.3	79.2	
98.9	89.3	
99.3	89.3	
99.3	79.4	
99.1	89.3	
78.7	89.5	
99.1	89.5	
99.1	89.5	
99.1	99.6	
99.3	79.4	
99.3	89.5	
99.3	89.5	
99.3	89.5	
89	89.3	
99.1	48.9	
99.3	89.5	
99.3	89.5	
99.1	99	
99.3	89.5	
99.3	89.5	
99.1	89.5	
99.3	89.5	
99.1	89.5	
99.3	89.5	
89	89.5	
99.3	79.4	
99.1	79.4	
88.6	89.5	
99.3	89.1	
99.3	89.5	
99.3	89.5	
99.3	79.4	
99.1	79.4	
99.1	89.5	
99.1	79.4	
99.1	89.3	
99.3	99.6	
99.3	89.5	
99.3	99.6	
99.3	99.6	
99.3	79.4	
99.1	89.5	
99.3	89.3	
