56.5	99.4	
98.3	89.3	
78.5	99.6	
57.3	99.4	
68.2	68.7	
79.3	99.6	
98.5	99.4	
98.1	78.8	
78.9	99.6	
98.7	89.5	
99.3	99.6	
76.3	99.2	
88.8	49.3	
99.3	99.6	
99.1	89.7	
97.9	-41.6	
-14.8	79.4	
79.1	89.7	
55.7	99.4	
99.3	48.9	
98.1	59.2	
48.2	88.7	
98.7	89.7	
77.3	89.5	
98.9	99.4	
99.1	89.7	
98.5	98.2	
97.9	79	
68	89.1	
88.6	89.3	
4	89.1	
88.8	89.3	
57.9	99.4	
78.5	99.6	
88.2	99.4	
89.2	99.6	
79.5	99.6	
98.9	79.4	
88.8	99.4	
88.4	99.6	
77.3	89.1	
89.2	69.5	
98.1	99.4	
98.9	89.3	
47.2	99.4	
98.7	88.7	
57.7	68.9	
88.4	89.5	
77.9	99.4	
57.5	99.2	
77.9	89.3	
67.4	89.5	
68.2	19.4	
79.1	89.3	
89	99.4	
98.7	89.3	
88.2	99.6	
78.5	99.4	
98.3	99.4	
78.5	99.6	
88.6	89.3	
88.6	29.3	
78.7	99.6	
77.7	99.6	
78.9	89.7	
68.2	99.4	
78.9	99.4	
77.5	99.6	
98.5	89.7	
78.7	79	
88.8	99.6	
78.7	48.9	
58.1	79.6	
57.9	99.2	
98.5	59.2	
27.2	99.4	
87.8	89.1	
56.5	99	
38.5	79.4	
98.1	99.6	
87.8	89.3	
79.3	89.3	
88.6	99.6	
98.7	89.3	
87.8	99.6	
88	99.6	
88.8	59.2	
89.4	99.2	
97.7	89.3	
67.8	89.3	
88.2	99	
68.2	99.6	
98.3	98.8	
69.2	58.2	
98.5	99.6	
98.5	98.6	
96.9	99.6	
78.7	99.2	
88	38.2	
98.1	69.3	
89	99.6	
89	98.8	
98.7	99.6	
89.2	79.4	
88.6	88.5	
68	89.3	
99.1	99	
88	79.4	
88.6	99.6	
47.8	99.6	
88.8	79	
98.7	7.7	
97.9	99.6	
98.5	79.4	
98.5	99.6	
98.3	79.2	
65.6	78.8	
98.7	99.6	
98.5	59.2	
87.2	89.5	
98.5	99.2	
98.3	69.3	
98.5	69.1	
57.9	99.6	
98.1	89.7	
58.3	99.6	
98.1	99.4	
37.1	99.6	
69	89.1	
68.4	99.2	
97.9	79.8	
77.9	99.6	
76.3	99.2	
89.2	39.2	
77.9	99.6	
78.5	9.1	
67.6	69.3	
87.4	99.6	
55.3	79.2	
99.3	78.8	
87.8	99.6	
28	99.4	
15.1	49.1	
97.7	27.5	
88.8	98.8	
5.6	29.5	
66.8	89.7	
77.3	-113.5	
89	99.6	
98.7	99.4	
88.6	79	
98.9	88.7	
98.1	99.6	
77.1	99.6	
75.3	99.6	
67.8	89.3	
96.9	89.5	
89.2	79.6	
66.6	69.1	
99.1	89.7	
78.3	99	
55.5	99.6	
98.3	99.4	
99.3	99.4	
98.7	89.5	
14.5	58.2	
88	78	
87.8	79.4	
65.8	-0.8	
37.3	89.7	
36.5	99.4	
99.1	79.2	
78.7	99.2	
76.9	-11.3	
56.1	89.3	
79.3	79.2	
77.7	99.6	
56.1	99.4	
45	99.4	
89	99.2	
69	99.4	
24.4	89.5	
68.6	89.5	
77.7	99.6	
88.8	79.4	
98.3	88.9	
78.9	98.8	
79.5	99.4	
68.4	99.6	
67.8	88.7	
98.1	29.5	
88.6	89.5	
98.9	89.5	
27.8	69.3	
89	88.9	
97.9	99.6	
86.2	99.4	
86.4	89.5	
88.4	99.6	
36.5	99.2	
58.1	99.6	
99.1	99.6	
36.7	99.4	
98.7	99.6	
87.4	89.1	
69	99.4	
97.7	99.6	
79.3	58.6	
78.3	99.6	
99.1	99.2	
89	88.9	
78.5	99.6	
87.8	99.4	
89.2	89.5	
98.7	89.3	
88	99.6	
76.1	99.6	
98.1	99.6	
98.1	65.9	
88	89.5	
87.8	99.6	
58.7	99.4	
99.1	79.8	
76.9	99.4	
22.8	99.4	
98.7	99.6	
98.3	99.6	
98.3	89.5	
68.8	99.6	
89	39.6	
75.7	99.6	
98.5	88.5	
97.5	99.4	
97.7	99.6	
69	89.1	
89	58.4	
68.2	89.5	
48.8	99.4	
67.2	99.6	
88.8	99.2	
78.5	99.4	
98.9	99.6	
97.9	88.9	
88.8	79.6	
57.7	89.3	
87	49.1	
88.8	68.7	
99.3	99.6	
99.1	99.4	
78.5	99.2	
98.1	99.4	
88.2	99.6	
78.5	89.7	
96.9	39	
99.3	99.2	
77.5	99.4	
78.3	89.5	
88.6	98.8	
87.2	99.2	
97.9	89.1	
99.1	99.6	
47.4	99.6	
97.9	99.6	
78.1	99.2	
99.1	79.6	
87.6	99.6	
68.2	99.6	
68.8	99	
67.2	88.7	
77.7	99.6	
98.3	69.7	
98.7	99.6	
77.3	98.8	
58.7	79.4	
79.1	99.2	
68.4	88.9	
88.4	99.6	
88.2	88.5	
78.5	69.5	
75.9	89.5	
88	99.6	
78.3	89.3	
98.3	99.6	
88.2	89.3	
77.7	78.2	
97.9	99.2	
68.4	99.6	
98.5	89.5	
88.8	89.5	
78.1	59.2	
89	99.2	
67.6	89.3	
99.1	89.5	
68.2	99.6	
78.9	99.2	
67.2	89.7	
98.5	89.5	
98.5	89.5	
98.5	99.4	
99.1	68.7	
98.3	99.6	
76.9	87.7	
68.6	78.8	
98.9	89.3	
97.3	79	
13.9	99.6	
88	99.2	
98.9	99.6	
54.7	89.5	
67.4	99.6	
45.8	99.4	
97.7	89.1	
99.3	89.7	
68.4	89.5	
78.5	99.6	
98.1	79.4	
88.2	89.1	
78.1	58.8	
57.3	98.8	
57.7	99.4	
98.5	88.7	
67.4	99.4	
78.5	99.6	
69	99.6	
98.9	49.3	
78.9	58.4	
17.3	88.7	
77.1	89.1	
68.6	99.4	
98.7	99.6	
78.9	89.5	
98.5	99	
98.7	99.6	
88.8	99.6	
98.1	89.7	
98.5	69.1	
99.1	99.6	
87.8	98.8	
98.5	38.8	
98.7	99	
87.8	79.2	
88.8	89.5	
57.1	89.1	
98.9	99	
78.3	99.2	
58.7	99.6	
99.1	89.1	
37.7	89.3	
89.2	99.4	
79.5	78.4	
98.7	99.4	
89.4	79	
99.1	99.6	
79.1	59.4	
89.4	99.6	
77.5	99.4	
98.1	98.6	
88	99.6	
67.2	99.4	
88.2	89.7	
68.6	89.7	
68.2	99.4	
87.6	99.2	
99.3	99.6	
87.8	88.3	
89	99.4	
77.3	89.5	
99.3	79.2	
89.2	89.7	
98.9	88.7	
87.8	99.6	
99.3	99.6	
98.7	99.6	
35.9	79.4	
66.4	99.2	
98.9	89.5	
89.2	99.4	
98.5	99.4	
89	99.6	
98.3	89.1	
68.4	99.4	
78.1	99.2	
98.5	99.2	
98.1	99.4	
99.1	59	
66.4	79.2	
99.1	99.4	
97.5	79.6	
68	89.3	
99.1	89.7	
99.1	48.9	
44.6	89.7	
25.6	89.7	
98.5	99.4	
58.7	99.6	
68.8	79.4	
87.2	48.9	
79.3	69.1	
98.7	99.2	
69	28.5	
67.4	99	
89	89.3	
88.8	88.7	
58.5	99.6	
78.3	99.6	
86.4	98.8	
99.3	98.8	
45.8	99.6	
88	69.7	
78.7	98.6	
89	88.9	
98.5	88.9	
88.8	68.9	
54.9	99.2	
98.3	98.4	
88.8	98.8	
89.2	89.1	
98.3	58.4	
96.7	99.6	
44.4	89.5	
98.1	99.4	
77.7	99.2	
56.1	99.6	
98.5	99.4	
69	89.7	
55.1	99.6	
78.9	99.4	
-5.3	89.1	
68.4	99.6	
77.5	98.6	
87.8	99.6	
98.9	58.8	
56.1	99.4	
88.6	69.3	
76.5	79.2	
89.2	99.4	
86.8	17.8	
98.9	79	
67.6	9.1	
97.5	99.6	
98.7	89.1	
77.9	99.2	
87.4	99.4	
88.6	68.7	
98.5	99.2	
98.3	59	
69.2	99.4	
58.9	99	
98.1	78.8	
37.7	79.6	
68.8	69.1	
77.7	99.4	
87.2	99.6	
57.5	29.3	
38.5	89.1	
66.8	29.3	
99.1	89.3	
97.7	89.7	
15.9	88.9	
98.9	69.1	
88.6	88.7	
98.9	99	
88.8	89.3	
56.5	99.6	
77.7	89.3	
47.6	88.7	
68	79.6	
57.9	89.1	
88.2	79.2	
66.8	98.8	
68.2	59	
77.3	69.5	
98.1	89.5	
88.6	89.7	
97.9	99.4	
89.4	89.1	
97.9	99.4	
98.9	99.4	
67.6	99.2	
57.3	89.5	
66.8	89.3	
98.7	99.4	
98.5	49.1	
78.5	99.6	
66	79.4	
98.7	99.6	
98.7	99.6	
67.6	88.7	
58.5	99.4	
97.1	57.8	
77.5	79.4	
89	99.6	
98.7	79	
88.2	99.4	
88.4	78.8	
35.3	69.7	
98.7	99.6	
97.1	49.7	
78.1	79.6	
89.4	68.5	
