64.4	99.4	
68.6	78.4	
88.2	98.6	
74.7	79.6	
55.1	68.9	
88.6	89.5	
48.5	49.5	
78.3	89.7	
76.9	99.6	
99.1	87.5	
52.1	68.7	
98.1	79.6	
98.7	79	
98.3	99.4	
66.2	88.7	
88.2	99	
44.6	79	
43.6	99.2	
86	99.4	
87.6	99.4	
61.4	89.7	
78.9	79.2	
99.1	88.7	
25.8	58.6	
77.9	89.7	
97.1	99.4	
68	87.7	
88.8	79.6	
65.6	89.1	
38.6	88.9	
86.2	68.7	
89.2	99.2	
97.9	89.7	
20.4	89.3	
74.1	99.4	
75.3	89.7	
97.5	49.5	
95.1	99.4	
88	78.8	
-17	19	
87	79.4	
97.7	99.2	
74.5	99.6	
77.5	89.3	
65	89.5	
36.7	99.4	
32.7	25.3	
59.8	99.6	
25.4	89.1	
65.4	99.4	
78.5	7.5	
73.5	38	
76.1	99.6	
3	88.7	
99.1	99.6	
76.3	48.7	
89	99.4	
65.6	99.6	
89.2	68.7	
74.9	99	
78.9	98.6	
84.2	98.2	
86.4	57.4	
77.1	99.6	
68.6	89.5	
76.7	99.4	
77.7	99.6	
98.9	99.2	
88	68.3	
97.5	87.5	
85.6	89.7	
88.8	99.6	
98.9	99.4	
74.7	69.3	
98.5	68.7	
3.4	99.6	
86.8	59.4	
98.3	99.6	
78.5	99.6	
99.1	99.4	
99.1	99.4	
77.9	38	
67	59	
67.2	-11.7	
96.1	89.1	
57.9	-93.7	
70.5	99.4	
64.8	89.3	
64	99.2	
78.9	99.4	
65	99.6	
77.7	78.8	
84.6	89.1	
98.3	99.4	
78.1	69.1	
75.9	89.5	
86.8	99.2	
98.7	89.3	
55.3	99.2	
66	99	
86.8	49.3	
97.3	99.4	
77.5	99.2	
86	18.4	
33.7	78.8	
88.4	99	
39.8	88.9	
85.6	8.7	
77.1	88.9	
96.5	99	
99.1	99.2	
57.5	68.3	
87.2	57.6	
88.6	99	
46.2	89.3	
86.6	69.1	
79.3	89.1	
78.9	79.2	
76.9	99	
88.2	88.7	
89.2	89.3	
95.9	88.5	
-5.1	89.5	
76.1	89.3	
87.4	99.6	
98.5	69.5	
88.6	88.9	
66.6	78.8	
84.6	78.6	
45.6	88.9	
99.3	68.1	
77.3	89.3	
65.2	99.2	
85.2	77.8	
96.3	98.8	
78.1	48.7	
98.3	79	
98.3	88.9	
55.9	47.1	
98.1	99.6	
82.4	99	
65.6	99.4	
85.8	99.4	
98.1	79.4	
86	38.4	
98.7	99.6	
96.9	99	
97.5	99.6	
98.1	99.6	
98.9	99.4	
88	88.9	
56.5	99.4	
96.5	79.4	
86	69.5	
78.9	89.3	
98.9	98.8	
89.2	16.4	
77.9	78.6	
67	99.4	
84.6	58.4	
80.4	99.4	
65.6	68.1	
87.2	98.6	
98.3	98.4	
34.3	98.8	
53.7	99.6	
50.5	99.4	
87.8	98.8	
55.7	78.4	
88.6	99	
98.9	89.7	
64.6	89.3	
85.8	99.6	
19.4	59.4	
86	69.7	
97.5	99.4	
96.5	99.6	
86.8	99.2	
98.7	99.6	
68.2	89.5	
98.1	99	
78.5	39.4	
98.9	99.2	
85.8	99.4	
88.2	99.4	
88.2	69.1	
97.9	89.1	
53.9	69.3	
52.7	69.5	
54.5	99.6	
67	89.5	
64	99.6	
46.8	99.4	
87.4	99.4	
97.5	99.2	
98.9	98.8	
88	89.1	
77.7	99.4	
44.4	89.1	
89	18.2	
-19.6	89.3	
89	99.6	
56.1	99	
64.8	68.9	
78.1	89.3	
86.4	89.7	
98.9	99.4	
72.1	99.6	
96.7	79.6	
88.8	99.2	
77.7	99.6	
97.9	89.5	
85.8	99.6	
56.5	99.6	
44.8	98.8	
65.6	48.9	
77.7	99.6	
76.1	98.8	
65	99.4	
98.1	99.4	
98.9	89.3	
89.2	99.2	
68.6	88.7	
98.3	79.2	
77.9	99.2	
98.9	88.5	
84.6	99.6	
88	89.1	
77.3	99.4	
83	38.8	
57.5	99.6	
94.9	89.7	
88.2	69.5	
44.8	89.3	
85.2	89.3	
98.7	79.4	
98.9	79	
85.8	89.5	
86.2	78.8	
50.3	99.4	
64.8	99.4	
97.9	79.8	
86.8	89.3	
58.7	97.8	
84.8	88.9	
91.7	48.7	
33.5	88.9	
45.2	98.8	
87.8	99.2	
76.9	98.2	
75.9	88.9	
36.3	69.3	
87.4	89.1	
88.6	99.6	
77.7	99	
33.3	98	
75.7	99	
14.3	99.4	
97.3	-10.9	
45.8	98.8	
77.7	98.6	
86.8	99	
77.7	99.2	
76.1	99.2	
98.7	99.6	
76.3	68.7	
96.1	68.3	
88.2	89.5	
98.7	58.8	
44.8	89.3	
93.3	89.3	
78.3	89.5	
68.8	88.1	
97.1	89.5	
98.9	99.6	
98.1	89.1	
22	89.5	
86.8	99	
76.5	99.4	
99.1	78.8	
97.7	99.6	
98.9	49.1	
85.8	58.8	
88	99.6	
65.8	99.6	
75.3	48.3	
87.2	99.6	
86.8	18.6	
76.7	99.2	
87.6	88.9	
68.4	99.6	
66.6	99.4	
87	99.6	
97.3	89.3	
40.6	89.5	
65.8	69.5	
78.1	99.6	
77.9	88.5	
56.5	89.5	
66.6	98.4	
97.5	99.6	
86.6	89.5	
85.6	98.8	
97.7	99.2	
75.5	79.2	
88.2	98.8	
89.2	58.4	
77.3	89.3	
97.7	69.7	
98.5	99.6	
98.7	88.5	
98.1	99.4	
87.6	99.4	
66.4	89.3	
45.2	99.4	
78.9	98.6	
55.7	99.4	
76.1	99.6	
88.6	29.1	
96.9	88.7	
60.6	79.8	
57.3	59	
99.3	89.1	
74.1	99.6	
71.1	28.1	
86.2	89.5	
88.4	88.9	
89	89.5	
56.5	79	
86.2	99.4	
88.2	58.6	
88.2	99.4	
88.4	48.9	
95.7	78.6	
67.6	69.7	
43.2	99.6	
98.1	89.5	
41.8	99.6	
99.3	99.4	
76.1	89.3	
65.6	99.2	
99.1	79	
87.8	99.6	
72.7	78.6	
65.2	69.1	
85.4	89.1	
98.7	99.2	
98.1	78.8	
76.9	69.1	
97.1	89.1	
97.5	99.4	
35.1	98.4	
88.8	89.5	
88.2	99.4	
89.4	79.2	
97.5	99.6	
97.1	99.6	
87.2	69.1	
74.5	48.7	
98.1	89.5	
54.5	99.6	
57.3	99.4	
-74.3	89.3	
92.5	69.5	
88.6	99.6	
24.8	99.6	
98.5	68.3	
68.2	99.4	
98.5	99.6	
77.3	99.4	
88.6	78.8	
87.6	79.6	
63.8	-43.4	
99.1	89.3	
88.2	57.8	
97.7	88.7	
58.5	79.4	
87.6	59	
43.2	79	
98.7	99.6	
53.7	99.4	
76.3	99.2	
88.6	48.9	
57.9	88.5	
86.2	-13.1	
88	78	
80.6	89.3	
86.6	99.4	
97.1	99.4	
98.3	99.6	
98.1	99.2	
96.9	99.6	
63.8	99.6	
68	-10.9	
55.1	68.9	
52.7	99.6	
75.7	49.1	
76.1	99.4	
30.9	99.4	
89	98.8	
62.8	99.6	
76.7	99	
64.4	47.3	
86.6	98.8	
53.3	89.1	
72.5	98.6	
46.6	89.5	
98.3	79.2	
98.9	99.4	
98.3	89.1	
36.3	68.9	
96.9	78.8	
65.2	59	
43.4	89.5	
76.5	99.2	
88.8	48.9	
-24.2	88.5	
98.1	99.2	
57.5	27.3	
96.5	48.5	
88.4	89.3	
96.9	88.7	
65	99.6	
71.9	89.3	
97.7	99.4	
89	88.7	
87.8	88.7	
57.7	78	
87	99.2	
98.7	59.2	
97.1	79.4	
88.2	99.6	
93.9	79.4	
66	99.6	
97.9	98.4	
56.1	99.4	
74.9	99.4	
13.5	89.1	
86.8	79	
86.8	99.4	
96.5	99.6	
96.3	79.2	
97.5	99.6	
86.8	28.9	
57.7	89.3	
41.6	88.9	
75.5	68.9	
97.1	99.2	
98.9	89.5	
98.9	99.4	
87.6	99.6	
73.5	98.8	
75.3	99.2	
77.1	99.4	
97.5	99.4	
86	79	
98.5	79.6	
98.7	79	
65.2	59.2	
3.2	89.3	
78.3	99.6	
46.6	89.7	
87.6	99.2	
86.6	89.3	
85	99.6	
67.4	39	
88.4	99.4	
77.5	99.4	
97.9	37.8	
97.3	89.5	
66.8	87.3	
77.5	98.4	
75.3	99.2	
88	-22.4	
87.8	28.9	
97.1	99.4	
77.5	89.5	
88.6	89.3	
92.7	29.1	
73.5	99.2	
36.1	89.3	
58.3	69.1	
97.5	99.6	
44.2	99.6	
85	79.2	
97.9	99.2	
97.7	89.7	
34.1	89.3	
45.8	78.8	
67.4	99.4	
75.5	99.6	
99.1	89.3	
76.1	89.3	
62.6	89.7	
98.9	88.7	
96.9	29.3	
68.4	89.7	
98.3	89.3	
76.7	99.6	
99.1	99.2	
