98.9	99.6	
97.9	99.2	
99.1	99.4	
98.5	99.6	
87.8	99.2	
79.1	99.6	
88.6	99.4	
99.1	99.6	
98.9	99.2	
98.5	99.6	
99.3	99.4	
98.7	99	
87.8	79.2	
88.4	99.6	
88.8	89.1	
78.7	99.2	
98.7	99.2	
98.7	99.2	
95.3	89.7	
98.5	99.6	
98.1	99	
98.7	99.6	
68.8	99	
97.3	99.4	
97.9	89.1	
98.3	99.6	
98.9	99.6	
78.1	79	
98.7	99.6	
85.6	99.4	
98.1	99.6	
89	99.4	
98.7	99.2	
98.5	79.4	
98.5	68.7	
99.3	99.2	
98.1	49.3	
97.5	89.5	
98.1	89.7	
99.1	99.4	
98.7	89.3	
89	99.6	
88.8	99.6	
97.5	99.4	
88.6	99.2	
98.9	98.8	
89.2	99.4	
98.3	99.2	
88.8	99.4	
78.7	99.6	
99.3	99.6	
87.4	99.6	
98.9	99.6	
88.4	99.6	
88.2	89.5	
88.4	89.7	
98.7	99.6	
98.3	99.6	
89	99.6	
99.3	99.6	
96.5	99.6	
98.9	89.3	
99.3	99.4	
58.9	99.6	
96.3	99.6	
98.9	89.5	
98.5	99.6	
98.5	99.6	
88	99.2	
89.2	99.4	
88.8	89.5	
98.5	79.2	
89.4	99.6	
98.1	98.6	
97.9	99.6	
99.3	99.6	
98.9	89.1	
97.9	99.6	
99.1	99.6	
76.7	99	
98.9	89.1	
89.2	99.2	
99.1	99.4	
89.4	89.7	
89.2	99.4	
95.3	99.6	
99.1	88.9	
98.7	99.4	
97.7	79.4	
89	99.4	
89.2	88.9	
99.1	99.2	
98.9	99.6	
95.7	89.3	
98.7	99.4	
98.5	99.6	
98.7	89.5	
99.1	49.1	
88.4	99.4	
97.3	79	
99.3	59.6	
98.7	89.5	
97.9	89.3	
88.8	99.4	
99.1	59.4	
98.7	99.2	
99.3	99.6	
79.1	99.6	
99.3	99.6	
98.7	79.8	
98.5	98.8	
98.9	99.6	
99.3	78.6	
89	99.6	
98.3	99.2	
98.5	89.5	
99.1	99.4	
98.1	99.6	
89	79.4	
98.9	39.2	
97.7	89.1	
99.1	89.1	
88.8	99.4	
97.7	99.6	
98.1	99.6	
88.6	99.4	
88.8	99.6	
99.3	99.6	
98.7	99.2	
97.7	99.6	
98.3	99.6	
98.1	79	
99.3	99.2	
98.5	99.6	
87.4	59.6	
87.6	99.6	
98.5	99.2	
89	99.6	
89	99	
98.5	99.6	
88.6	98.6	
99.1	99.6	
89.2	79	
98.5	99.4	
99.3	99.6	
99.1	99.6	
97.9	88.9	
98.3	99.2	
88.2	98.8	
98.7	99.4	
99.3	99.6	
98.9	99.6	
99.3	89.5	
77.5	99.2	
99.1	99.6	
98.9	99.6	
86.4	99.4	
98.3	79	
89.2	99.6	
98.5	99.6	
98.7	99.4	
97.7	99.6	
98.9	99.6	
88.6	99.4	
98.9	99.4	
96.7	98.8	
78.7	88.9	
88.8	98.8	
88	99.2	
89.2	89.3	
95.3	99.4	
98.5	79.2	
99.3	68.5	
99.1	99.6	
98.9	79.6	
89.4	68.7	
97.9	99.6	
89	99.4	
98.5	99.4	
98.7	99.4	
99.1	89.3	
98.3	99.4	
89	79.2	
98.1	99.4	
88	99	
89.2	59.2	
97.7	99.4	
89.4	99.4	
98.9	89.7	
97.9	99	
97.1	88.9	
99.1	99.6	
88.8	89.3	
98.5	98.8	
98.7	99.6	
99.1	99.2	
88	99.6	
88.6	99.6	
78.7	99.6	
87.2	99.4	
98.3	99.4	
98.5	98.8	
99.1	99.2	
88.4	99.2	
87.8	99.6	
99.1	99	
99.1	99.6	
98.1	89.5	
98.7	99.6	
99.3	99.6	
67.8	69.5	
98.9	98.6	
98.7	99.4	
89.2	99.6	
89	99.2	
98.9	28.9	
98.7	99.6	
78.7	99.6	
99.3	99.4	
97.7	89.1	
98.7	99.6	
88.8	99.4	
99.3	89.5	
98.5	99.6	
98.5	89.7	
98.1	99.6	
88.2	88.9	
78.9	98.6	
89.4	99.2	
98.1	89.3	
68.4	99.4	
98.9	99.4	
99.1	99.6	
89	99.6	
86.6	99.4	
98.9	89.3	
99.3	89.1	
98.9	99.4	
97.1	89.5	
98.1	79.2	
87	99.2	
99.3	98.8	
99.1	98.8	
98.9	99.6	
98.9	89.7	
99.1	99.6	
98.9	99.4	
77.9	99.6	
99.3	99.6	
99.1	99.2	
78.7	99.4	
97.9	99.6	
88	99.6	
98.9	89.5	
98.3	98.8	
88.8	99.6	
99.3	99.6	
98.1	78.8	
87.4	99.4	
98.5	99.4	
98.1	99.6	
98.1	99.2	
99.3	99.6	
99.1	99.2	
98.9	99.6	
98.7	99.6	
98.9	78.6	
98.3	99.4	
99.3	99.6	
88.6	99.2	
97.5	99.4	
89.2	99.4	
68.8	79.2	
88.4	89.3	
88.8	99.4	
98.9	99.6	
89.2	99.4	
98.9	98.8	
98.7	99.4	
98.7	99.2	
99.3	89.5	
99.3	99.2	
98.7	77.8	
88.8	98.2	
98.3	99.2	
98.9	99.6	
88.2	99.6	
98.7	99.6	
99.3	99.4	
97.5	99.4	
78.7	89.3	
98.3	89.3	
97.1	99.4	
89.2	99.6	
98.3	98.8	
99.3	99.2	
98.5	99	
99.1	88.7	
97.9	97.8	
99.1	99.2	
88	69.3	
99.1	99	
98.5	99.4	
99.1	99.6	
99.1	98.8	
87	99.4	
87.4	68.7	
88.8	49.5	
98.1	99	
98.9	88.9	
88.6	89.1	
97.1	79.6	
98.7	99.4	
98.9	99.6	
88.8	99.6	
98.9	99.6	
99.1	99.6	
98.5	99.6	
98.9	89.3	
89.2	99.6	
89.2	99.6	
89	99.4	
88.4	99	
98.9	99.4	
98.1	89.3	
88.4	79.6	
88.2	99.6	
98.1	89.7	
99.1	99.6	
98.9	99.6	
99.1	89.3	
89	88.7	
97.1	99.2	
98.3	99.6	
88.8	99.6	
99.1	99.2	
89.4	99	
99.1	99.4	
98.9	99.4	
98.5	99.2	
88.6	99.6	
98.9	99.4	
97.5	99.4	
98.1	99.4	
87.6	89.7	
98.3	99.2	
97.9	89.5	
88.6	99.6	
98.5	99.4	
98.5	99.6	
98.5	99.6	
87.6	99.6	
89.2	98.8	
98.9	99.6	
88.8	99.2	
98.9	89.3	
98.9	89.3	
88	99.4	
88.8	99.2	
78.9	89.7	
98.9	99.6	
98.1	99.6	
89.2	99.2	
99.1	99.2	
98.9	88.5	
98.7	99.4	
99.1	99.4	
88.2	99.6	
98.7	39	
86.4	99.6	
98.9	89.1	
89	99	
98.1	99.6	
89	98.8	
98.3	99.6	
98.5	39.2	
99.3	89.5	
98.7	99.4	
78.7	99.6	
99.1	99.6	
87.2	79.2	
98.7	99.6	
97.9	99.2	
86.8	99.6	
88.4	99.4	
98.3	99.6	
97.7	99.4	
97.7	99.6	
89	99	
98.3	99.2	
99.1	99.4	
89.4	99.6	
98.3	89.1	
98.1	99.6	
98.7	99.6	
99.3	99.4	
98.9	69.5	
98.3	99.6	
98.9	99.4	
97.9	99.6	
98.7	99.4	
98.7	99.6	
99.3	99.4	
98.5	99.4	
89.2	89.5	
98.7	99.2	
98.7	99.4	
78.9	99.4	
87	99.6	
98.9	89.5	
97.5	99.6	
99.3	99.6	
89.2	89.7	
98.1	89.5	
77.9	99.6	
89	99.4	
99.1	99.4	
99.3	99.4	
98.7	59	
77.3	99.6	
97.7	99.6	
99.3	99.4	
99.1	88.5	
78.9	99.4	
98.3	78	
98.9	99.6	
87.6	78.6	
98.9	99.6	
98.1	99.6	
97.7	69.1	
89.4	69.7	
99.1	69.7	
98.5	89.5	
99.1	99.6	
98.1	89.5	
96.7	99.6	
98.9	99.6	
98.7	99.6	
88	98.8	
99.3	99.4	
98.9	88.9	
98.9	89.5	
88.8	99.6	
98.5	99.6	
98.7	78.8	
88.6	99.6	
98.9	99.6	
98.9	99.6	
98.5	99.6	
97.7	99.2	
89.2	99.2	
88.8	99.6	
98.9	99.6	
98.9	78.2	
97.5	99.2	
98.5	99.6	
97.5	99.6	
78.3	89.3	
97.3	99.2	
98.1	99.4	
97.9	99.6	
99.3	98.6	
88.2	88.9	
98.5	99.6	
88.4	89.3	
98.7	79	
98.7	99.4	
98.5	99.6	
79.3	89.1	
96.9	88.7	
87.6	69.1	
97.9	99.4	
95.5	99.2	
99.3	99.6	
98.1	99.4	
99.1	99.6	
99.1	99	
97.5	99.4	
98.9	99.6	
98.3	99.6	
88.2	99.2	
98.9	99.2	
98.9	99.2	
97.1	99.4	
98.9	99.4	
98.3	99.6	
86.8	99.4	
88.6	89.1	
97.1	99.2	
98.9	88.1	
98.9	89.3	
97.9	99.4	
98.9	99.6	
76.9	99.6	
98.7	99.6	
98.5	99.6	
99.1	99.6	
98.5	99.6	
98.5	99.6	
98.9	99.4	
