98.1	89.5	
87.8	98.8	
99.3	98.8	
87.8	89.3	
98.3	58.4	
98.3	99.2	
98.9	89.5	
87.2	99	
99.1	79.4	
68	68.7	
87.8	49.7	
88.8	47.7	
56.5	77.4	
58.3	36.8	
89.2	99.2	
99.1	-51.1	
98.9	68.7	
88.6	99.4	
77.9	-51.1	
78.5	99.6	
78.5	17.8	
99.3	29.1	
98.9	58.8	
99.1	99.6	
87.8	99.6	
98.1	89.7	
46	99.4	
98.9	99.6	
98.3	79.2	
89	88.9	
58.9	99.4	
78.7	89.7	
79.1	98.8	
98.3	89.3	
89	68.9	
68.8	99.6	
97.5	89.3	
98.9	99	
99.3	89.7	
98.9	88.9	
88.2	99.6	
98.9	99.6	
98.5	49.5	
89	89.7	
98.3	89.5	
79.1	99.4	
78.7	39	
68	99.6	
78.9	98.8	
48.8	79	
78.5	79.8	
88.6	99	
98.7	99	
89	79	
78.7	99	
89.2	99.6	
98.5	99	
77.7	79.2	
77.3	-83	
88.2	-22.4	
99.1	79.6	
98.9	89.7	
98.9	99	
98.3	78	
99.1	99.6	
98.7	99.2	
78.7	99	
99.3	99.4	
89.4	99.4	
89	99.4	
98.9	98.6	
58.5	79.6	
98.5	79	
88.8	99.6	
99.1	18.2	
97.9	89.5	
89.2	98.8	
66.6	99.4	
98.9	99.2	
99.1	99.6	
89.2	99.6	
88.6	99.6	
88.4	99.4	
98.1	99.6	
98.3	99.2	
78.1	68.3	
99.3	99.6	
57.1	99.2	
88.8	28.3	
99.3	99.4	
99.3	99.6	
98.1	99.6	
78.3	59.2	
98.5	-12.3	
89.4	89.7	
78.5	89.3	
89.4	98.8	
98.5	98.6	
88.4	89.5	
98.7	99.2	
99.1	99.4	
99.1	79.6	
99.1	98.6	
87.8	78.6	
89.2	97.4	
99.3	79.2	
99.3	79.2	
79.1	99.2	
88.8	99.6	
68	99.4	
68	89.1	
88.6	99.6	
98.9	59.2	
98.3	-22.4	
88.6	89.3	
98.9	89.5	
99.1	99.2	
88.8	89.1	
67.4	99	
98.9	99.4	
97.5	99.6	
57.9	99.6	
88.4	99.6	
99.1	99.4	
99.3	69.3	
99.3	78.6	
78.5	88.5	
78.3	47.3	
89	99.4	
98.7	99.2	
67.8	99.4	
98.5	99.2	
69.2	49.5	
89	98.6	
98.9	89.3	
98.9	99.6	
89.4	99	
76.7	89.7	
98.7	88.9	
87.6	78.8	
88.6	7.7	
98.7	37.8	
98.1	89.1	
98.1	99.6	
78.7	99.2	
99.3	99.6	
98.9	89.5	
89.4	89.7	
88.6	99.6	
98.7	99.4	
88	88.9	
99.3	89.1	
98.9	99	
96.9	79.6	
77.7	99.4	
88.8	99.2	
98.9	99.2	
98.9	89.7	
88	99.6	
98.3	99.4	
88.6	79.4	
89	99.6	
76.7	98.8	
89.4	99.6	
98.1	99.2	
78.1	98.6	
98.7	99.2	
98.7	97.8	
88	99.6	
99.3	99.6	
98.9	79	
98.9	99.6	
98.5	68.9	
68.4	78.8	
88.2	99.6	
89.2	99.2	
99.1	99.2	
77.1	68.9	
98.7	98.2	
98.9	89.7	
69	99.4	
88	98.4	
98.9	99.6	
98.5	89.3	
99.1	99.6	
99.1	88.7	
78.1	99	
89	99.4	
78.7	79.4	
78.1	89.1	
98.5	98.8	
98.9	79.6	
98.5	99	
89.2	88.5	
99.3	99	
99.3	98.8	
78.3	89.7	
99.3	99	
98.9	99.2	
89	99	
88.8	99.2	
99.3	88.9	
98.7	98.6	
36.7	99.6	
98.9	78.2	
99.1	99.6	
98.9	99.4	
88.6	99.6	
78.1	-83.4	
87.2	99.6	
89.4	88.9	
98.5	99.4	
88.4	99.4	
78.7	99.4	
98.7	99.2	
89	99.4	
87.6	98.8	
88	39.6	
99.1	99.6	
99.3	59.4	
89.2	99.4	
97.9	99.6	
98.7	38.2	
98.1	99	
98.9	88.9	
88	98.4	
88.8	99.6	
98.9	99.6	
99.1	99.2	
87.4	98.4	
88.8	99.4	
89	98.8	
98.9	99.6	
98.3	97.6	
98.7	89.1	
98.7	99.4	
98.5	99.6	
99.3	99.6	
99.1	99.2	
98.5	19	
57.7	89.3	
89.2	79.8	
98.1	99.4	
99.3	99	
88.4	89.5	
78.7	99.4	
67	99.6	
79.1	99	
98.9	98.4	
89.4	98.2	
98.5	69.1	
99.1	99.6	
89.4	58.6	
98.3	98.6	
98.9	99.6	
98.3	98.4	
99.3	99.6	
99.3	99.6	
87.6	99.6	
89.2	68.9	
79.3	99	
56.9	89.1	
88.8	99.4	
98.9	99.4	
88	98.8	
99.3	99.4	
89.2	89.5	
89.2	99.6	
88.8	99.6	
97.9	98.4	
89	99.4	
88.2	99.6	
68	-42	
98.9	99.2	
88.2	89.3	
88.6	99.4	
99.3	99	
88.2	99.6	
97.7	99.2	
88.4	18	
89.4	99.6	
99.3	99.6	
99.3	79.6	
88.8	79.6	
99.3	97.4	
87.6	89.5	
99.1	89.5	
99.1	99.6	
98.9	99	
87.8	99.2	
98.9	29.1	
89	79.4	
89.2	-41.8	
99.3	98.8	
98.9	78.8	
99.1	99.6	
89	79.4	
88.8	99.4	
78.9	99.6	
87.8	98.6	
88.6	99.4	
96.9	99.6	
88.6	88.9	
88.8	99.4	
96.9	-11.5	
98.7	99.6	
97.5	39.6	
98.5	99.6	
98.9	89.3	
97.5	98.2	
88.8	79.4	
88.8	99	
78.3	98.8	
99.1	59.4	
98.9	99.2	
78.9	99	
89.2	59.2	
98.7	99.4	
98.7	89.7	
88.8	-31.5	
98.7	98.8	
99.1	99.4	
99.3	99.4	
87.6	-1.6	
99.3	57.8	
98.9	99.6	
98.5	78.8	
98.9	99.6	
98.1	98.8	
99.1	88.5	
88.8	79.8	
98.7	99.2	
76.7	69.3	
87.4	99.6	
89.2	99.6	
98.9	98	
88.4	48.5	
78.5	88.7	
77.7	77.4	
88.4	99.4	
99.1	99.2	
88.2	79.6	
99.3	99.2	
88.2	99.6	
88	99.2	
89.4	8.1	
98.3	88.5	
98.9	99.4	
98.7	99.4	
89	99.6	
98.1	89.7	
98.5	79.4	
99.1	89.3	
99.3	99.6	
99.1	99.2	
78.3	99.6	
88.8	79.8	
77.3	89.5	
88.4	99.6	
89	78.8	
89.4	88.9	
98.7	99.6	
99.3	99.6	
99.3	89.5	
98.9	19	
89	99	
99.3	48.7	
99.1	99.4	
98.7	99.6	
88.4	89.1	
98.3	79	
88.6	99.4	
97.1	89.5	
79.1	79.2	
99.1	88.9	
68	99	
99.3	99.4	
87.8	99.4	
89	68.1	
87.2	99.4	
89	88.9	
78.7	88.9	
88.4	29.5	
98.3	99.2	
98.7	89.1	
59.1	99.4	
99.1	99.6	
78.5	79.8	
98.9	99.6	
88.4	79.4	
78.5	99.2	
78.3	88.1	
96.9	88.3	
98.7	99.4	
99.3	89.3	
88	99.4	
87.8	69.7	
99.1	86.7	
89.4	89.7	
98.3	99.2	
89	99.6	
99.3	98.2	
99.1	99.4	
56.9	98.4	
78.1	88.7	
99.1	99.4	
88.4	98.2	
98.7	88.9	
88.2	59.4	
99.3	99.6	
87.2	89.7	
99.1	99	
98.9	79.8	
98.5	99.6	
87.8	99.2	
88.6	58.8	
88	89.5	
99.1	79.4	
89	88.7	
98.5	99.4	
97.9	89.5	
99.1	98.6	
99.3	99.6	
88	99.4	
89	89.7	
67.4	99.6	
99.3	99.6	
78.1	89.3	
88.6	99.2	
89.4	99.2	
99.3	89.3	
99.1	99.6	
89.4	99.6	
87.6	98.8	
88.6	79.4	
98.7	89.1	
78.1	99	
78.1	99.4	
88.4	97.6	
79.3	99.4	
99.3	99.6	
99.1	99.4	
88.4	99.6	
68	99.4	
88.8	89.7	
87.8	99.4	
99.3	99	
77.3	89.3	
88.8	99.4	
98.7	-11.1	
99.3	98.8	
97.5	88.9	
66.4	99	
98.7	89.5	
98.7	79.8	
98.5	99.6	
78.9	99.6	
78.1	99.6	
88.6	99.4	
78.3	77.8	
78.3	58.6	
87.6	-1.8	
99.3	89.3	
88.4	89.7	
88.6	8.7	
99.1	99.6	
89.4	98.8	
88.2	88.9	
99.3	99.6	
98.7	99.6	
98.3	99.6	
89	88.5	
98.5	99.6	
98.3	88.1	
99.1	99.6	
89	99.4	
97.7	77.8	
76.9	98	
89	99.6	
98.9	58.4	
78.5	89.5	
99.3	99.6	
77.9	99.6	
99.1	19.2	
99.1	88.7	
78.9	88.5	
88.8	89.5	
89.2	88.9	
88	89.7	
99.1	99.4	
98.7	88.7	
88.2	99.2	
98.1	99.6	
99.1	99.4	
98.1	88.1	
99.3	99.6	
98.3	99.2	
88.6	99	
88.6	18	
87.4	99.6	
