98.7	99.6	
99.3	99.6	
89.4	89.5	
99.1	99.6	
98.7	79.4	
99.3	99.6	
99.3	99.4	
99.3	99.6	
98.7	89.5	
99.1	99.4	
99.3	99.6	
99.1	99.4	
99.3	99.6	
78.5	99.6	
78.5	99.4	
99.3	99.6	
99.3	99.6	
99.3	89.3	
99.3	99.6	
99.1	89.5	
99.3	99.2	
89.2	99.6	
99.3	99.4	
89.4	99.4	
98.9	99.2	
99.3	99.6	
98.7	99.6	
98.7	88.9	
88.6	99.6	
89.2	99.4	
99.3	99.2	
99.1	99.4	
98.1	89.5	
99.3	99.4	
99.1	99.6	
99.3	99.4	
99.3	99.6	
99.3	99.4	
99.3	99.2	
99.3	89.5	
99.3	99.6	
98.9	99.2	
98.9	99.6	
89.2	99.6	
99.3	69.3	
99.3	99.4	
99.1	99.6	
99.1	79.4	
99.1	89.5	
99.3	99.6	
88.6	99.4	
98.9	99.4	
89.2	99.4	
99.3	99.6	
99.3	99.4	
98.7	99.6	
89	99.4	
88.4	99.6	
89.4	99.4	
99.3	99.6	
98.9	99.6	
88.8	79.2	
99.1	99.6	
99.3	88.9	
89	99.6	
99.3	99.6	
98.9	99.6	
98.7	89.3	
98.7	99.6	
99.1	99.6	
89.2	99.6	
99.3	99.6	
99.3	99.6	
89.4	99.6	
99.1	99.6	
99.3	99.6	
99.3	99.6	
98.9	99.4	
99.1	99.6	
98.7	99.2	
89.4	99.6	
98.9	99.6	
98.9	99.4	
99.3	99.6	
99.3	99.6	
99.1	99.6	
99.3	99.6	
99.3	99.6	
99.1	99.4	
99.3	99.6	
99.3	99.6	
99.3	99.6	
99.3	99.6	
99.3	99.4	
99.3	99.6	
99.1	99.6	
89.2	99.6	
99.3	99.6	
99.1	99.6	
98.9	99.6	
98.9	99.6	
99.3	99.4	
98.7	99.6	
98.9	99.4	
99.3	99.4	
89.4	99.4	
99.3	99	
99.3	99.6	
99.1	68.7	
99.1	99.4	
98.7	99.6	
89.4	99.6	
99.1	99.6	
99.3	99.6	
98.7	69.1	
99.3	99.6	
99.3	99.4	
89	99.6	
99.1	99.6	
99.1	99.4	
89	99.6	
98.5	99.6	
99.1	99.6	
99.3	99.6	
99.1	99.6	
99.1	89.5	
99.3	99.4	
99.1	89.5	
99.3	99.6	
99.1	99.2	
99.3	99.6	
98.9	99.6	
98.9	99.6	
99.1	99.4	
99.3	99.6	
99.3	99.4	
98.7	99.6	
99.3	99.6	
99.3	99	
98.5	89.5	
99.3	99.6	
69	99.2	
99.3	99.6	
99.3	99.2	
98.7	79.2	
99.3	89.5	
99.3	99.6	
99.3	99.6	
99.3	99.4	
99.3	99.4	
98.7	99.6	
99.3	99.6	
99.3	99.6	
99.1	99.4	
99.3	99.6	
99.3	99.2	
99.3	99.6	
99.3	99.4	
99.3	99.6	
99.3	99.4	
99.3	99.6	
99.1	99.4	
99.1	99.6	
98.9	99.4	
98.5	99.6	
89	99.4	
99.1	99.6	
99.1	99.4	
99.1	99.4	
99.3	99.6	
99.3	79.4	
99.1	99.6	
99.1	99.6	
98.9	99.6	
99.1	99.2	
99.1	99.6	
99.1	99.6	
99.1	99.6	
99.1	99.4	
98.9	99.6	
99.1	99.6	
99.1	89.3	
99.1	99	
99.3	99.6	
89.4	99.4	
99.1	99.6	
98.7	99.4	
89.4	99.6	
99.1	99.6	
99.3	99.6	
99.3	99.6	
99.3	99.6	
99.1	79.4	
99.3	99.6	
88.6	99.6	
99.1	99.6	
89	79.4	
98.3	99.6	
99.1	99.4	
99.3	99.6	
99.1	99.4	
89.2	99.4	
99.3	99.6	
99.3	99	
99.3	99.6	
99.3	99.4	
99.1	69.1	
99.3	99.2	
99.3	99.6	
99.1	99.6	
99.3	99.6	
99.1	69.1	
99.3	99.6	
99.1	79.2	
99.1	99.4	
99.3	79.4	
99.1	78.8	
99.3	89.3	
99.3	99.6	
99.3	79.2	
98.9	99.4	
98.9	99.6	
99.3	99.6	
99.3	89.5	
99.3	79.2	
99.3	99.4	
99.3	99.6	
98.9	99.6	
99.3	99.6	
99.3	99.4	
98.9	99.6	
99.3	99.4	
99.1	99.6	
99.3	99.6	
98.9	99.4	
99.3	99.6	
89.2	99.6	
99.3	99.6	
99.1	99.4	
98.9	99.6	
99.3	99.4	
99.3	99.4	
99.1	99.6	
99.3	99.6	
99.1	99.6	
99.1	89.5	
89.2	89.5	
99.1	99.2	
99.3	89.3	
98.7	99.6	
89	99.6	
98.3	99.6	
98.9	99.6	
99.1	79	
99.3	89.5	
98.9	99.6	
98.9	99.6	
98.5	99.6	
99.3	99.6	
98.9	99.4	
99.1	99.6	
99.1	99.6	
99.3	99.6	
99.3	89.3	
88.6	79.2	
89.2	99.6	
98.9	99.4	
99.1	89.5	
99.3	99.6	
99.1	99.4	
99.1	99.4	
99.3	99.2	
99.3	99.4	
99.3	89.5	
99.3	99.4	
99.1	99.6	
99.3	99.6	
99.3	99.4	
89.4	99.6	
99.3	89.1	
99.1	99.6	
98.9	99.6	
98.7	99.4	
99.3	99.4	
99.3	99.6	
89.2	99.6	
99.3	99.4	
98.9	99.6	
98.9	89.5	
99.3	79.2	
99.3	99.6	
99.3	99.6	
98.9	89.3	
98.9	89.5	
99.3	99.6	
98.9	99.6	
99.3	99.6	
99.1	99.2	
99.3	99.6	
99.3	99.6	
98.5	99.4	
99.3	99.4	
99.3	89.3	
99.3	99.6	
99.3	79.4	
98.9	99.6	
99.3	99.6	
99.3	99.2	
99.1	99.2	
99.3	99.4	
99.3	68.9	
89.2	89.3	
99.1	89.3	
68.8	99.6	
99.3	99.4	
99.3	99	
99.3	99.6	
99.3	99.2	
99.3	99.4	
99.1	99.6	
89	8.5	
99.3	99.6	
89.2	99.6	
99.3	99.6	
99.1	99.6	
89.2	99.4	
99.1	99.4	
99.3	99.6	
99.3	99.6	
99.1	99.6	
98.7	99.6	
99.3	88.9	
98.9	99.6	
98.7	89.7	
99.1	99.6	
98.7	99.6	
89.2	99.2	
99.1	99.4	
99.3	99.6	
99.1	99.6	
99.1	99.6	
89.2	99.6	
99.1	89.5	
99.3	99.6	
99.3	99.6	
99.1	79.4	
99.3	99.6	
99.3	89.5	
98.9	99.6	
99.3	89.3	
99.1	99.2	
99.3	89.5	
98.7	99.6	
99.3	99.6	
99.1	99.4	
99.3	99.6	
99.3	79.4	
98.7	99.6	
99.1	99.6	
99.1	89.5	
99.3	98.8	
98.9	79.4	
99.1	99.6	
99.3	99.6	
89	79.2	
88.8	98.8	
99.3	99.4	
98.7	59	
99.3	99.6	
88.2	99.4	
99.3	99.6	
99.3	99.6	
98.9	89.5	
89.4	99.6	
99.3	99.6	
98.9	99.4	
99.1	99.4	
99.3	99.6	
99.3	99.6	
99.3	99.6	
99.1	79.4	
99.1	99.6	
99.1	89.3	
88.2	99.4	
99.3	99.4	
99.1	99.2	
98.9	99.6	
89	99.6	
99.3	99.4	
99.3	99.6	
99.3	99.6	
98.7	99.6	
99.3	99.4	
99.1	99.6	
89	99.6	
98.5	99.6	
98.9	99.6	
89	99.4	
98.9	99.6	
98.9	99.6	
99.1	99.6	
99.3	89.1	
99.3	99.6	
99.3	99.6	
98.7	79.2	
99.3	99.6	
99.3	99.2	
99.3	99.6	
89.2	99.6	
99.3	99.6	
99.3	99.4	
99.3	58.2	
99.3	99.4	
99.3	99.6	
98.7	99.2	
89	89.3	
99.1	79.4	
99.1	99.6	
99.3	99.6	
99.3	99.2	
98.9	99.4	
99.1	99.6	
99.3	99.6	
99.1	99.2	
99.3	99.4	
98.5	99.6	
99.1	99.6	
89	99.6	
98.9	99.4	
89.2	99.6	
98.3	99.6	
99.3	29.1	
99.1	99.6	
98.5	89.3	
98.9	99.4	
99.3	99.6	
99.1	99.4	
89.2	99.6	
98.9	99.4	
99.3	99.4	
99.3	99.6	
99.3	99.6	
99.3	99.4	
89.2	99.2	
98.5	89.5	
98.7	89.5	
98.5	99.6	
98.5	99.6	
99.3	99.2	
89.4	99.6	
98.7	99.4	
98.9	99.6	
79.1	99.6	
99.1	99.2	
88.6	99.6	
99.3	99.4	
99.1	99.4	
99.1	99.6	
99.3	99.6	
99.3	99.6	
99.3	99	
89.4	99.4	
99.1	79.4	
98.9	89.1	
99.3	89.5	
98.9	99.6	
99.3	99.4	
99.3	98.8	
99.3	99.6	
99.1	99.6	
99.1	79.4	
89.2	99.6	
99.3	99.6	
98.7	99.6	
89.2	99.6	
98.5	99.4	
99.1	99.4	
99.3	99.4	
99.3	99.4	
89.4	99.6	
99.3	99.6	
97.9	99.4	
99.1	89.3	
99.3	89.3	
99.1	59.2	
99.3	99.4	
98.9	89.5	
89.2	99.6	
99.3	99.6	
98.5	99.6	
89.4	79.4	
99.1	99.6	
99.3	89.5	
99.3	99.6	
88	89.5	
99.3	99.6	
89	99.4	
99.1	59.2	
98.3	48.5	
99.3	99.6	
99.1	99.6	
99.3	99.6	
99.1	99.6	
99.1	99.4	
99.3	99.6	
99.1	99.6	
99.1	99.6	
99.3	99.4	
88.6	99.6	
99.1	99.4	
98.9	79.4	
98.9	99.6	
98.7	99.2	
99.3	99.6	
99.3	99.6	
99.1	99.6	
99.3	99.4	
89.2	99.6	
99.3	99.6	
99.3	99.6	
99.1	99.4	
89	99.4	
99.3	99.6	
98.7	99.6	
99.3	99.6	
98.5	69.1	
99.3	99.6	
89.2	99.6	
99.3	99.6	
99.1	99.6	
99.3	99.6	
99.1	89.5	
99.3	99.4	
98.9	99.6	
87.6	99.6	
99.3	99.6	
98.5	99.6	
98.9	79.4	
98.9	79.2	
98.9	99.6	
99.1	99.2	
99.3	99.2	
99.3	99.6	
99.1	99.6	
99.3	99.6	
99.1	99.6	
99.3	99.6	
99.3	99.4	
99.3	99.6	
98.9	99.6	
99.1	99.6	
78.3	99.6	
98.9	99.6	
99.3	99.6	
99.3	99.6	
79.3	99.6	
99.3	99.6	
99.3	99.2	
89	99.6	
89.4	79.4	
99.3	99	
98.9	99.2	
99.3	99.6	
98.9	99.6	
99.1	99.4	
99.1	99.4	
99.1	99.6	
99.3	99.4	
99.1	99.6	
99.1	99.6	
99.3	99.4	
99.3	99.6	
99.3	99.6	
98.5	99.2	
99.3	99.4	
99.3	99.4	
98.9	89.3	
99.3	99.6	
99.3	99.6	
99.1	99.6	
99.1	99.6	
79.3	99.6	
99.1	99.4	
99.1	99.6	
99.3	99.6	
99.3	99.6	
99.3	99.6	
98.9	99.6	
99.3	99.6	
99.1	99.6	
98.9	98.8	
99.1	99.4	
99.3	99.6	
99.1	99.6	
99.3	99.6	
99.3	99.6	
99.3	99.6	
98.9	89.3	
99.3	99.6	
99.1	99.6	
99.3	99.6	
99.1	99.6	
99.3	99.6	
99.3	99	
99.3	99.6	
99.1	89.3	
89	99.6	
99.3	99.6	
99.1	99	
89	99.6	
99.3	89.5	
98.7	89.3	
99.1	99.2	
99.1	99.6	
98.5	99.6	
98.7	99.4	
99.3	99.2	
99.3	89.3	
99.3	99.6	
99.1	99.6	
99.3	79.2	
99.1	99.6	
99.3	99.6	
99.3	99.2	
99.1	99.6	
98.7	99.2	
99.3	99.4	
99.3	99.4	
99.3	99.6	
99.1	79.2	
99.3	99.6	
99.3	99.6	
98.9	99.6	
98.9	99.4	
99.1	99.6	
99.1	99.4	
99.3	99.6	
98.9	99.4	
99.3	89.1	
98.9	99.2	
99.1	99.6	
99.3	99.6	
98.7	89.3	
99.1	99.6	
89	99.6	
99.3	78.6	
89.2	99.6	
99.3	89.5	
99.3	99.6	
99.3	99.6	
98.9	89.3	
98.7	99.4	
99.1	99.6	
99.1	99.6	
99.1	99.6	
99.3	69.3	
99.1	99.4	
99.3	99.4	
98.5	99.4	
99.3	99.6	
98.9	89.3	
99.3	99.6	
99.1	99.4	
99.3	99.6	
99.3	99.4	
99.1	99.4	
99.1	89.5	
89.2	99.6	
99.3	99.6	
99.1	99.6	
99.3	99.6	
99.3	99.6	
99.1	99.6	
99.1	99.6	
98.9	99.6	
99.3	89.5	
99.3	99.4	
99.1	89.5	
89.2	99.6	
98.9	99.4	
98.5	99.6	
99.3	99.6	
98.9	99.6	
98.9	99.6	
99.3	99.4	
99.3	89.5	
98.7	99.6	
89.4	99.4	
99.3	79.4	
89	89.5	
99.1	99.4	
98.7	99.6	
98.9	99.6	
89	99.6	
99.1	99	
99.3	99.6	
99.1	99.6	
99.3	99.4	
99.1	99.6	
99.3	99.6	
99.3	99.4	
99.3	99.6	
99.3	99.6	
99.1	69.3	
99.3	99.6	
99.3	99.4	
99.3	99.6	
99.3	99.4	
99.3	89.5	
88.4	99.6	
98.9	99.6	
89	99.6	
89.2	89.3	
99.3	99.6	
99.3	99.6	
98.7	99.4	
89	99.4	
89	99.6	
99.1	99.6	
99.1	99.6	
99.1	99.6	
98.9	99.4	
99.3	99.6	
99.1	99.6	
99.3	99.6	
98.7	99.4	
89.2	99.6	
99.3	99.6	
99.1	99.6	
99.3	99.6	
99.3	99.6	
98.9	99.4	
99.3	99.6	
99.3	99.4	
99.3	99.6	
99.3	89.3	
99.1	99.6	
99.3	99.6	
99.3	89.5	
98.9	79.4	
99.1	89.5	
99.3	99.6	
98.9	99.4	
99.1	99.6	
98.5	99.6	
99.3	99.4	
89.2	99.4	
99.3	89.5	
99.3	99.4	
89.2	99.6	
99.1	79.4	
99.1	99.6	
99.3	99.6	
99.1	99.6	
99.3	99.6	
99.3	99.6	
99.1	99.6	
99.3	99.6	
99.3	99.6	
99.3	79.4	
89	99.2	
99.3	99.4	
99.3	99.6	
99.3	99.4	
99.1	99.6	
99.3	99.4	
99.1	99.6	
99.3	99.6	
99.1	89.3	
99.3	99.6	
99.3	99.6	
98.9	99.6	
99.1	99.6	
99.1	99.6	
99.3	99.6	
99.3	79.2	
98.7	99.6	
99.3	99.2	
98.9	99.4	
99.3	89.5	
99.1	99.4	
98.9	99.6	
99.3	99.4	
99.3	99.6	
99.1	99.6	
98.9	99.4	
99.3	99.4	
99.3	99.6	
99.3	99.6	
99.3	99.6	
99.3	99.6	
99.1	89.5	
98.9	99.6	
99.3	89.5	
99.3	99.4	
99.1	79.4	
99.1	99.6	
98.9	99.6	
99.3	99.6	
99.1	99.6	
99.1	99.6	
98.5	99.4	
88.6	99.6	
89.4	99.6	
99.3	89.5	
99.3	89.5	
99.3	99.6	
98.9	99.6	
99.1	99.6	
99.3	99.4	
99.1	99.2	
89.4	99.6	
99.3	99.6	
99.1	99.6	
99.3	99.6	
99.3	99.6	
99.3	99.6	
99.3	99.6	
99.3	99.6	
99.3	99.6	
99.3	99.4	
99.1	99.6	
99.3	99.4	
88.4	89.3	
99.1	79.4	
99.3	99.4	
99.3	99.2	
98.9	99.6	
88.8	99.2	
88.8	99.6	
89	99.6	
98.5	99.2	
98.9	99.6	
99.1	99.6	
99.3	99.6	
98.9	99.4	
89.2	99.6	
89.4	99.4	
99.1	89.5	
89	99.2	
98.9	99.4	
99.3	99.4	
99.3	99.4	
99.1	99.6	
98.7	99.6	
99.3	99.6	
99.3	99.4	
89	99.6	
99.3	99.6	
98.9	99.4	
88.8	99.6	
89	99.6	
89.4	99.6	
99.1	99.6	
99.3	99.2	
99.3	79.4	
99.1	99.2	
99.1	79.2	
99.1	99.6	
99.1	99.6	
98.9	99.2	
99.1	99.6	
99.1	99.6	
99.3	99.2	
79.1	89.5	
99.3	99.6	
99.1	99.6	
99.3	99.6	
99.3	99.6	
89.4	99.6	
99.3	99.6	
99.3	99.6	
98.7	99.6	
98.7	99.6	
99.3	99.6	
78.7	99.4	
89.4	99.4	
79.1	79.4	
99.1	99.2	
99.3	99.4	
89.4	69.1	
99.3	99.2	
99.1	99.6	
98.9	99.4	
89.4	99.6	
99.3	99.6	
98.9	99.6	
89.2	69.1	
98.5	99.4	
98.9	99.4	
98.7	99.4	
98.9	99.6	
99.3	99.6	
98.9	79.2	
99.3	89.5	
98.5	99.4	
99.3	89.5	
99.3	99.6	
88.6	99.6	
99.1	99.6	
99.1	99.6	
99.3	99.6	
99.1	99.6	
98.9	99.6	
99.1	99.6	
99.3	99.4	
99.3	79.6	
99.3	99.6	
98.9	99.4	
99.3	99.6	
89.4	99.6	
99.3	99.6	
98.3	89.5	
98.3	99.6	
99.1	99.6	
99.1	99.6	
99.3	79.4	
98.9	99.6	
99.3	99.6	
98.9	99.6	
99.1	99.6	
99.3	89.3	
98.9	99.6	
99.1	79.4	
99.1	99.2	
99.3	99.6	
99.3	99.2	
88.4	89.5	
99.3	99.4	
99.3	99.6	
99.3	99.4	
89.4	79.4	
99.3	99.6	
99.1	99.6	
99.1	99.6	
99.3	99.6	
99.1	99.6	
99.3	99.6	
88.8	79.4	
99.3	99.6	
98.7	99.6	
99.1	99.4	
99.3	99.6	
98.9	69.5	
77.7	99.6	
99.3	99.4	
99.3	89.3	
98.9	89.1	
99.3	99.6	
99.1	99.6	
99.3	99.2	
99.1	99.6	
99.1	99.6	
99.1	99.6	
99.3	99.6	
99.3	99.6	
99.3	99.6	
99.3	99.4	
99.3	99.6	
99.3	99.6	
99.3	99.6	
99.3	99.6	
99.3	99.2	
98.7	99.6	
99.1	79.2	
99.3	99.4	
98.7	99.2	
99.1	99.6	
89.4	79.4	
98.9	89.5	
99.3	79.4	
98.9	99.6	
98.9	99.6	
99.3	99.6	
98.7	99.4	
88.8	99.4	
99.1	99.6	
99.1	79.2	
99.3	99.6	
99.1	89.5	
99.1	99.6	
99.1	99.4	
99.1	58.8	
99.1	99.6	
98.9	99.6	
99.1	99.6	
98.9	99.4	
98.7	99.4	
98.9	99.6	
99.3	99.6	
98.9	99.4	
99.3	99.6	
99.3	99.6	
99.1	99.6	
98.9	99.2	
89.2	99.6	
89.2	99.4	
98.7	99.6	
99.3	99.6	
99.3	99.4	
