89.2	69.5	
89.2	89.7	
89.2	89.7	
89.4	59.4	
99.1	99.6	
89	89.5	
78.9	89.7	
89.2	69.7	
89.4	89.7	
89.4	69.7	
89.2	89.7	
89.4	79.6	
89.4	89.5	
79.3	79.6	
79.3	89.5	
89.4	89.7	
89.4	89.7	
89.2	39.2	
88.6	89.7	
89	89.7	
78.7	89.7	
89.4	89.7	
89.4	79.8	
89.2	79.4	
88.6	89.7	
89.4	59.6	
89	89.7	
88.8	69.5	
89.2	89.7	
89.4	79.8	
89.2	89.7	
89.4	89.7	
89.4	89.7	
79.3	89.7	
79.1	89.5	
79.3	79.6	
78.9	89.7	
89.4	99.6	
89.4	69.5	
89.2	89.7	
89.4	89.7	
99.3	69.7	
89.4	89.7	
79.3	89.7	
89.4	79.6	
89.4	89.7	
89.4	59.6	
89.4	89.7	
89.2	69.5	
89.4	89.7	
79.3	69.7	
89.2	79.6	
89.4	89.7	
89.4	89.7	
78.7	89.7	
89.4	89.7	
89.2	89.7	
99.1	79.6	
89	89.7	
89.4	79.4	
89.4	89.7	
89.4	69.5	
89.2	69.7	
89.4	89.5	
89.2	89.5	
89	79.6	
89.4	69.7	
89.4	89.5	
89.2	89.5	
78.9	69.7	
79.3	89.7	
99.3	99.4	
89.2	89.7	
99.3	89.7	
89.4	89.7	
79.1	89.7	
99.3	79.8	
89.2	89.7	
89.4	89.7	
89.2	59.4	
89.4	69.5	
89.4	89.7	
89.4	89.5	
89	89.7	
89	89.7	
89.2	89.7	
79.3	89.5	
89.4	79.2	
89.4	89.3	
88.4	89.7	
79.3	89.7	
89.4	79.4	
88.8	69.7	
89.4	89.7	
89.4	89.1	
89.4	89.7	
89.4	79.4	
89.4	89.7	
89.4	89.5	
89	89.5	
89.4	89.7	
89	79.8	
89.4	79.6	
89.4	89.7	
89.4	69.1	
89.2	89.7	
89.2	89.7	
89.4	69.5	
89	89.7	
89.4	89.7	
89.2	89.7	
89.2	89.7	
88.6	89.5	
79.3	69.5	
89.4	89.7	
89	89.7	
89.4	89.7	
89	79.6	
89.4	89.7	
99.1	89.7	
88.8	79.4	
79.5	89.5	
89.4	79.8	
89.2	89.3	
89.4	79.8	
89.4	89.7	
89.4	89.7	
89.4	89.7	
78.9	89.7	
89.2	89.7	
89.4	89.7	
89	89.5	
89	89.7	
89.4	79.8	
89.4	89.5	
89.4	89.5	
89.4	99.2	
89.4	69.7	
79.3	69.5	
89.4	89.7	
89.4	79.8	
79.3	89.5	
98.9	79.6	
89.2	89.7	
89.2	89.7	
88.8	89.7	
89	89.5	
88.8	89.7	
89.2	89.7	
89.4	89.7	
89.2	99.6	
89.2	89.7	
89.4	89.7	
89.4	89.7	
89.4	89.7	
89	79.6	
99.3	89.7	
89.4	79.8	
89.2	89.7	
89.4	89.7	
89.4	89.7	
79.3	89.7	
89.4	69.7	
89.4	89.3	
89.2	89.7	
89.4	89.7	
79.1	89.7	
99.3	89.7	
89.2	89.5	
78.9	89.5	
89.4	89.7	
89.4	69.7	
89.4	89.7	
99.1	69.3	
88.8	89.5	
89.4	89.7	
89.2	69.7	
89.4	99.6	
89.2	89.7	
89.4	79.6	
89.4	89.7	
99.3	89.7	
89	89.7	
79.3	89.7	
89.2	89.7	
79.3	89.7	
89.2	89.7	
89.4	89.5	
89.4	99.4	
89.4	79.4	
99.1	79.8	
89.2	89.3	
89	79.6	
78.7	89.7	
89.2	89.7	
89.4	79.6	
99.3	89.5	
89.2	89.7	
89.2	89.5	
79.3	89.7	
78.7	89.7	
89.2	89.7	
89.2	89.7	
89.4	79.8	
78.5	89.7	
89.4	79.6	
89.4	89.7	
89.4	89.7	
89.4	79.8	
89.4	89.7	
89	89.5	
88.6	89.7	
89.4	99.6	
89.4	79.4	
89.4	89.7	
79.1	89.5	
89.4	89.7	
89	79.6	
89.2	89.5	
89.2	89.7	
89.2	89.7	
89	49.1	
89.4	89.7	
89	89.7	
89.2	89.7	
89.4	79.6	
89.4	89.7	
89.4	69.7	
99.1	99.6	
89.4	89.7	
89.4	89.7	
89.2	89.7	
99.3	79.6	
89	89.7	
89	69.5	
88.8	89.5	
89	89.7	
88.8	69.7	
89.4	89.7	
89.4	89.5	
89.4	89.7	
89.4	89.7	
89.2	89.7	
89	89.7	
89.4	89.3	
89.4	89.7	
89.4	89.7	
89.4	79.6	
89.4	69.7	
79.1	89.7	
89.2	89.7	
89.4	79.6	
88.8	89.7	
89.2	89.7	
89	89.7	
89	79.6	
89.4	89.7	
89.4	89.7	
89.4	89.7	
89.4	89.7	
89.2	89.7	
89.4	99.6	
89.4	69.7	
89.4	89.7	
99.3	89.7	
89.2	89.7	
99.1	89.7	
89.2	79.6	
79.3	89.7	
79.3	89.7	
89.2	79.4	
89.4	89.7	
89.2	79.8	
89.2	89.7	
89.2	89.7	
89.4	89.7	
99.3	89.7	
89.4	89.7	
99.3	89.7	
99.3	79.8	
89.2	89.7	
89	89.7	
89.4	89.7	
88.8	89.7	
89.4	89.7	
89.4	89.7	
89	59.6	
89.2	89.7	
89	89.7	
89.4	89.7	
79.3	89.7	
89	89.7	
89.2	89.7	
89.4	89.5	
99.3	89.7	
88.8	89.7	
98.7	89.5	
89.4	89.7	
89.2	79.8	
89	89.7	
89.4	89.7	
89.4	89.7	
89.4	79.8	
89.4	89.7	
88.4	79.4	
79.5	89.7	
89.4	79.6	
89.4	79.8	
89.4	59.4	
99.3	89.5	
79.1	89.7	
89.4	89.3	
99.3	89.7	
89.4	69.7	
89.2	69.7	
89.2	89.7	
89.4	79.6	
89.2	89.7	
89.2	69.7	
89.4	79.6	
89.2	89.5	
99.3	79.6	
69	89.7	
79.3	89.7	
89.4	79.8	
89.2	89.7	
89.4	89.7	
89.4	89.7	
89.2	79.2	
89.4	89.7	
89	89.7	
89.4	89.7	
89.4	89.7	
89.2	89.7	
89	89.7	
89.4	89.5	
89.4	89.3	
88.8	69.5	
89.4	79.6	
99.3	89.3	
89.2	89.7	
79.5	89.7	
89.2	89.7	
89.4	89.1	
89.2	89.5	
89.2	99.6	
78.7	89.7	
89.4	69.7	
89.4	89.7	
88.2	89.5	
89.4	69.7	
89.2	69.5	
79.3	89.7	
89.2	99.6	
89.2	89.7	
89.4	99.6	
99.3	69.7	
89.2	89.7	
89.4	89.7	
79.1	69.5	
89.2	89.7	
89.2	79.4	
89.4	89.7	
89.2	89.7	
79.3	49.3	
99.3	89.7	
89.4	89.7	
88.8	89.7	
89.4	89.7	
89.4	89.7	
89.4	89.7	
99.3	89.7	
89.4	89.7	
89.4	89.7	
89.4	79.4	
89.4	89.7	
89	89.7	
89.4	89.7	
88.6	89.7	
89.2	89.7	
89.4	79.4	
89.2	89.7	
89.2	89.7	
89.4	89.7	
89.4	89.7	
89.4	69.5	
79.1	79	
89.2	79.6	
89.4	89.7	
89.4	59.4	
89.2	79.4	
89.4	89.5	
89	89.7	
89.4	79.8	
89.2	79.6	
89.4	89.7	
89.4	89.7	
89.4	79.6	
79.3	89.3	
89	89.7	
89.4	89.7	
89.4	89.7	
89.2	79.6	
89.4	89.5	
89.2	89.5	
99.3	89.5	
89.4	89.7	
88.6	79.2	
89.4	89.7	
89.4	89.7	
69	89.7	
89.4	89.5	
89.2	89.7	
89	89.3	
58.7	69.7	
78.7	89.7	
89.4	79.8	
89.2	89.7	
89.2	79.8	
89.4	89.5	
78.9	69.3	
89.4	89.7	
99.3	89.7	
89.2	79.6	
89.4	49.1	
89.2	89.3	
79.3	79.6	
89.4	89.5	
69	89.7	
89.4	69.7	
89.2	89.7	
89.4	89.7	
88.8	89.7	
89.4	89.7	
89.4	89.5	
88.8	89.7	
79.3	79.6	
89.4	89.7	
89.2	89.3	
89.4	89.5	
89.4	79.8	
79.5	89.7	
78.7	89.3	
89.4	89.7	
89.2	69.5	
89.4	89.5	
79.3	89.7	
89	89.7	
78.9	59.6	
79.3	89.7	
89.2	79.6	
79.3	89.7	
89.4	89.7	
89.4	79.6	
89.2	99.6	
89.4	89.7	
99.3	89.7	
89.4	79	
89.4	89.7	
89.4	89.7	
89	79.6	
88.8	89.7	
89.4	89.7	
99.3	89.3	
79.3	79.8	
89.4	89.7	
88.2	89.7	
89.4	89.5	
89.4	79.6	
89.4	89.7	
89.2	89.7	
89.2	79.8	
89.2	79.8	
89.4	69.7	
89.4	89.7	
89.4	69.7	
89	89.7	
88.8	89.7	
89.4	89.7	
98.9	59.4	
89.2	89.7	
89.4	79.6	
89.4	89.7	
98.5	89.7	
89.2	89.7	
99.3	89.7	
79.3	69.7	
89	89.5	
89.2	89.3	
89	89.5	
69.4	89.7	
99.3	79.4	
89.4	89.5	
99.1	89.7	
89.4	69.7	
89.4	89.7	
89.4	69.3	
88.8	89.5	
89.4	89.7	
89.4	79.6	
89	79.6	
89.4	89.7	
89.2	89.7	
89.4	89.5	
78.3	89.7	
89.2	89.7	
78.9	89.7	
89.4	89.7	
89.2	89.7	
89	89.7	
89.4	89.7	
89.2	89.7	
89.2	89.3	
99.1	89.7	
89.4	89.7	
89.2	89.7	
89.2	89.7	
79.1	89.7	
89.2	89.5	
89.4	89.7	
89.4	89.7	
88.8	79.6	
89.2	69.5	
89.4	89.5	
99.1	79.6	
89.2	89.5	
89.2	79.4	
89.4	89.7	
89.4	79.6	
79.3	89.7	
89.4	89.7	
89.2	89.7	
89.4	79.8	
89.2	89.7	
79.3	89.7	
89.4	89.7	
78.9	69.7	
89.2	89.7	
89	69.5	
99.3	89.7	
89.4	79.6	
89.4	89.7	
89.2	89.5	
88.6	89.3	
89.4	89.7	
89.4	89.5	
89.4	89.3	
89.2	89.7	
89.2	89.7	
89	89.7	
88.6	79.6	
98.9	99.6	
98.9	89.7	
88.4	89.7	
89	89.7	
89.4	89.7	
89.2	59.4	
79.3	89.3	
89.4	89.7	
89.4	69.5	
89	89.7	
88.8	89.7	
89.4	89.7	
79.3	89.7	
89.2	89.7	
89.4	89.7	
78.9	89.7	
89	89.7	
89.2	89.7	
89.4	89.7	
89.4	89.5	
89.2	89.7	
79.3	79.8	
89.4	79.6	
89.4	79.8	
89.4	79.8	
89.4	69.5	
89.4	89.7	
89.2	89.7	
89.4	89.7	
89	79.6	
89.4	89.7	
89.4	89.7	
89.2	89.5	
89.2	99.4	
78.9	89.7	
89	59.6	
99.3	89.7	
98.9	89.7	
89.4	69.7	
68.6	89.7	
89.4	79.6	
89.4	89.5	
89.4	89.7	
89	99.6	
89.2	89.7	
89.2	79.6	
89.4	89.7	
89.4	89.5	
89.2	79.6	
79.3	89.5	
78.5	69.3	
89.4	89.7	
89.4	89.7	
89.4	89.5	
89.4	89.5	
89.4	89.7	
89	89.7	
89.2	79.6	
89.4	79.4	
89.4	89.5	
89.2	89.7	
89.4	69.3	
89.4	89.7	
89	89.7	
79.3	89.7	
89.4	89.7	
89.4	89.7	
88.8	89.7	
68.8	89.7	
79.3	89.7	
89.2	89.5	
89.4	89.7	
89.4	89.7	
89.4	79.6	
89.2	89.7	
99.1	89.7	
89.2	79.6	
89.2	89.7	
89.4	89.5	
89.2	89.5	
99.1	89.7	
89.4	79.6	
89.2	49.5	
88.6	89.5	
79.3	89.7	
89.4	89.7	
79.1	79.8	
89.4	69.5	
89.2	79.6	
89	89.7	
89	99.6	
89.2	89.7	
89.4	89.7	
89.4	89.7	
88.8	79.6	
89.4	79.6	
78.7	89.5	
89.2	89.5	
89.2	89.7	
89.4	99.6	
79.1	89.7	
89.4	89.7	
89	89.7	
89	79.6	
89.2	69.7	
79.3	89.7	
99.3	79.6	
89.4	89.5	
89.2	89.7	
79.3	89.5	
89.2	79.6	
89.4	89.7	
78.9	79.6	
89.2	99.6	
89	89.7	
89.4	89.7	
79.5	89.7	
89	89.7	
89.4	89.7	
89.4	89.7	
88.8	89.7	
88.8	89.7	
89.4	89.7	
89.4	89.7	
89.2	79.4	
89.2	89.7	
79.1	89.7	
89.4	89.7	
89	89.7	
89.2	89.7	
89.4	89.7	
89.2	89.5	
79.3	99.6	
79.3	89.7	
89.4	89.5	
89.4	79.6	
89.4	89.5	
89.2	89.7	
89.2	79.4	
89	69.5	
89.4	89.7	
89.2	99.6	
88.6	89.7	
89.2	79.6	
89.2	69.7	
89.4	89.7	
89.4	89.7	
89.4	79.8	
89.2	79.6	
89.4	89.7	
89.2	89.7	
89.4	79.6	
89.2	79.6	
89.2	89.7	
99.3	89.7	
89.4	89.7	
78.5	89.7	
79.1	89.5	
99.1	89.5	
89	89.7	
89.2	89.3	
89.4	89.7	
78.9	89.7	
89.4	79.6	
89.4	89.7	
89.4	89.7	
89.2	99.6	
88	89.7	
89	79.6	
89	89.7	
89.2	89.7	
89.2	89.7	
89.2	79.8	
89.2	69.5	
89.4	89.5	
89.4	89.7	
98.7	89.7	
89.2	79.4	
99.3	89.7	
89.4	89.7	
89.4	89.5	
89.4	89.7	
79.1	59.6	
89.4	69.5	
89.4	89.7	
68.6	89.7	
79.1	79.6	
89.4	89.7	
89	89.5	
89.4	89.7	
89.4	89.7	
89	89.7	
88.8	89.5	
89.4	89.7	
89.4	69.7	
89.4	89.5	
88.8	69.7	
89.4	79.8	
89.4	79.6	
89	89.7	
89	79.4	
89.4	89.7	
89.4	79.6	
88.8	69.5	
89.4	89.7	
89.4	79.4	
79.3	89.7	
89.4	89.7	
89.2	99.4	
79.3	89.7	
89.2	89.7	
89.2	89.7	
89.4	89.5	
89	89.7	
79.3	79.6	
89.2	89.7	
89.4	59.6	
89.4	89.7	
89.4	89.7	
89.4	89.7	
79.3	69.5	
79.3	89.7	
99.3	79.6	
99.3	89.7	
89.2	39.4	
89.2	89.5	
78.9	69.5	
89.4	69.5	
89.4	89.5	
89.2	89.7	
89.2	79.4	
89.2	89.7	
99.3	89.7	
89.4	79.4	
89	79.6	
89.2	89.7	
89.4	89.7	
89.4	79.8	
68.6	89.7	
89.4	89.7	
89	89.7	
89	89.3	
89.2	69.7	
89.4	49.3	
79.1	99.6	
79.3	79.4	
89.4	79.4	
89.4	99.6	
89.4	89.5	
89.2	89.7	
89	89.7	
89.2	89.5	
89.4	89.7	
89.2	89.7	
79.1	79.8	
99.3	79.8	
89.4	89.7	
89.2	89.3	
89.4	89.5	
89.4	89.3	
89.2	89.5	
79.3	89.5	
88.8	79.6	
89	79.6	
89.4	49.5	
89.2	89.7	
89.4	89.3	
89.2	69.7	
89.4	89.5	
89.2	79.6	
79.3	89.3	
79.1	89.7	
88.6	89.7	
89.4	79.6	
89.2	89.3	
89.4	89.7	
89.4	79.6	
79.3	89.7	
89.4	89.7	
89.4	89.5	
89.4	99.4	
99.3	89.7	
79.1	99.6	
89	89.5	
88.8	89.7	
89.4	89.7	
98.9	79.6	
89	89.7	
89.4	89.7	
89	89.5	
89.4	99.2	
89.4	89.7	
88.8	79.6	
89.2	89.7	
89.2	89.7	
89.4	79.4	
89.2	89.7	
89.2	89.7	
89.4	89.7	
89.4	99.6	
89.4	89.7	
99.1	99.6	
99.3	89.7	
89	89.7	
89.4	89.7	
79.3	89.7	
99.1	89.7	
89.4	89.5	
89.4	89.7	
88.8	79.4	
79.3	99.4	
79.1	89.7	
89.4	89.7	
89.2	89.7	
89.2	69.7	
89.4	89.7	
89.4	89.7	
98.7	89.7	
88.8	89.7	
89.4	89.7	
89	79.6	
88.8	89.7	
89.4	89.5	
89	89.7	
89.4	89.7	
79.3	89.7	
89.2	89.5	
89.4	69.7	
78.7	89.7	
89.4	89.7	
89	89.7	
88.6	79.4	
88.8	89.7	
89.4	79.4	
99.1	89.7	
89.4	89.7	
99.3	69.7	
99.1	89.5	
79.5	89.7	
89.4	89.7	
89.2	89.7	
89.4	89.5	
89.2	89.7	
89.2	89.7	
88.8	99.4	
89.4	89.7	
89.4	79.6	
89.4	79.8	
89.2	89.5	
88.8	89.7	
89.4	89.7	
89.2	89.7	
89.4	99.4	
99.1	89.7	
89.4	89.7	
98.9	79.6	
89.4	79.4	
89	89.7	
89.2	89.7	
89.4	89.7	
89.4	89.7	
89.2	89.7	
89.4	79.8	
89.4	89.7	
89.4	89.5	
79.1	89.7	
89.4	89.7	
89	89.7	
99.3	89.7	
89.4	89.7	
89	89.7	
79.1	89.7	
79.3	89.7	
89.4	89.7	
89.2	89.7	
89.4	79.6	
89.4	79.6	
79.1	89.7	
79.3	89.7	
89.2	69.5	
79.1	69.3	
89.2	89.7	
69	89.7	
89	89.7	
89.4	89.5	
79.3	89.7	
89.2	89.5	
78.7	89.7	
89.4	89.7	
89.4	89.5	
99.1	89.7	
98.9	89.7	
99.1	89.7	
89.4	89.5	
89.4	89.7	
89.2	89.7	
89.4	89.5	
89.4	79.6	
89.4	89.3	
88.8	89.7	
89.4	89.7	
89.4	89.5	
89.4	79.6	
89.4	89.7	
89	89.7	
89.4	89.7	
89.2	89.7	
89	89.3	
79.3	89.7	
89	89.7	
79.3	89.7	
88.8	69.5	
79.3	89.7	
98.5	89.7	
89.2	79.6	
89	79.4	
88.8	59.4	
89	89.7	
89	89.7	
78.9	69.5	
88.8	89.7	
89.4	89.7	
88.6	79.6	
89.4	89.5	
89.4	89.7	
89.4	89.7	
89.4	89.7	
89.4	89.7	
89.4	89.5	
89.4	89.7	
89.4	89.5	
89.4	79.6	
89.2	89.7	
89.4	79.6	
89.2	89.5	
89.2	89.7	
89.2	89.5	
89	89.7	
79.3	89.7	
78.7	89.7	
89	89.7	
99.3	79.6	
78.9	89.5	
88.8	89.7	
89.4	89.7	
89.4	69.7	
89.4	89.7	
88.8	89.7	
89.2	89.7	
