87.8	99.6	
98.5	99.4	
88.8	79.2	
98.7	99	
78.1	99.4	
99.3	89.1	
99.1	89.3	
98.3	99.4	
98.7	89.3	
87.8	99.6	
98.9	99.4	
98.1	99.6	
89.2	99.6	
99.1	99.6	
98.5	99.2	
99.1	99.4	
98.7	99.6	
98.9	99.4	
98.9	69.7	
99.3	79.4	
87.2	99.4	
98.5	99.2	
98.5	99.2	
88.2	99.4	
88.8	99.6	
99.1	99.6	
99.3	89.5	
78.5	89.7	
77.9	98.8	
88.4	99.2	
88.8	99.4	
68.8	99.6	
99.1	99.6	
97.5	79.4	
89.2	89.5	
67.6	99.6	
77.9	99.6	
78.5	99.6	
97.3	99.2	
98.7	79.4	
98.1	99.2	
98.5	99.4	
98.9	99.6	
98.9	99.4	
98.5	99.2	
89.4	89.7	
99.3	39.2	
77.1	59.6	
68.2	99.6	
77.1	99.4	
98.7	59.6	
89.2	99.6	
77.1	99.4	
88.6	99.6	
99.1	99.6	
68.2	99.4	
88.6	99.4	
89.2	99.6	
99.1	99.6	
99.1	89.1	
97.1	99.6	
78.1	99.4	
98.7	89.5	
89.2	88.7	
77.1	99.4	
89.4	89.3	
89.2	59.2	
98.5	99.6	
78.5	99	
87.4	98.4	
88.8	99.6	
99.1	99.4	
88.6	89.5	
99.1	89.7	
77.7	99.4	
88.8	89.3	
86.2	89.1	
88.6	99.2	
88.8	99.4	
98.3	99.6	
89	99.4	
88	99.6	
98.3	99.4	
88.8	99.4	
99.1	79.8	
89	99.6	
99.1	89.5	
98.3	99.6	
98.7	99.6	
98.9	99.2	
98.1	28.7	
89.4	99.6	
89.2	99.6	
88.8	99.6	
48.2	99.2	
98.5	99.6	
98.7	89.1	
98.7	99.6	
88.8	99.4	
98.9	99.6	
99.3	99.6	
57.9	79.6	
99.1	98.8	
87.8	48.9	
88.6	99.6	
98.5	99.6	
77.9	99.6	
98.5	99.4	
58.1	99.6	
99.1	99.6	
89.4	79.8	
99.3	89.7	
99.1	99.4	
89	99	
98.7	99.6	
99.3	99.4	
98.9	99.6	
97.9	99.6	
88.2	99.4	
88.8	99.4	
98.9	99.6	
98.3	99.4	
88.8	99.6	
99.1	99.6	
98.9	99.2	
69.2	88.9	
98.9	98.8	
78.7	79.6	
79.1	99.6	
99.3	99.4	
99.1	99.6	
69	99.6	
88.8	98.8	
98.5	99.4	
88.6	69.7	
78.5	69.5	
98.7	79.2	
68.8	99.6	
89	99.6	
89	99.2	
88.4	99.6	
89.2	99.6	
98.7	99.4	
98.9	99.6	
98.3	99.2	
98.9	88.1	
99.3	99.6	
98.9	99.2	
89.2	99.6	
99.3	99.6	
88.4	99.6	
79.1	99.2	
99.1	89.7	
68.4	99.6	
79.1	99.4	
88.8	99.6	
98.5	79.4	
99.1	99.4	
78.1	79	
99.3	99.4	
88.4	99.2	
99.1	69.3	
99.3	99.4	
58.1	99.4	
77.7	99.6	
78.7	99.6	
68.6	99.6	
58.3	99.6	
78.9	99.4	
67.6	99.6	
98.7	89.3	
89.4	99.4	
99.3	89.1	
88.2	99.4	
99.1	99	
89	89.7	
88.2	99.2	
98.9	99	
88.4	88.7	
98.7	99.4	
78.3	89.3	
89.4	99.4	
68.8	99.6	
89.2	99.6	
99.3	59.6	
87.8	99.4	
78.5	99.4	
99.1	99.2	
89	88.9	
89	99.4	
79.1	99.6	
99.3	99.4	
78.7	89.7	
88.8	99.6	
98.1	99.4	
97.9	89.1	
68	99.2	
89	79.8	
97.7	99.4	
88.4	88.9	
98.3	99.2	
88.6	89.1	
97.3	99.6	
99.3	99.4	
97.9	99.2	
89	99.2	
66.4	99.4	
97.5	99.6	
88.2	99.6	
88.6	99.6	
98.3	89.3	
99.3	98.8	
97.9	89.3	
99.3	99.4	
99.1	99.6	
98.5	89.5	
98.9	79.6	
88.6	79.4	
98.7	99.2	
99.3	99.6	
89.2	99	
98.1	78.4	
99.1	99.6	
98.9	79.6	
88.6	99	
78.1	99.6	
98.9	89.3	
99.3	99.6	
89.4	99.4	
99.1	99.6	
97.3	99.4	
98.7	99.6	
88.8	99.6	
98.7	99.4	
89.2	99	
78.9	99.6	
99.1	99	
79.3	89.7	
98.7	99	
89	89.5	
99.3	68.9	
98.5	89.3	
99.3	99.6	
78.9	89.3	
97.3	99.4	
98.9	99.2	
99.1	99.4	
89	99.4	
87.8	88.7	
88.2	99	
98.1	99.6	
78.9	99.4	
98.7	79.4	
99.1	99.4	
98.9	89.3	
89.4	99	
89.2	99.6	
89	99.4	
98.1	99.6	
98.5	99.6	
67.4	99.6	
89.2	89.5	
89.4	88.9	
68.2	99	
78.1	99.6	
99.3	79.4	
88.4	99.2	
99.3	79	
98.9	79.2	
79.1	79.8	
76.7	99.6	
98.3	78	
89	99.6	
98.9	79.2	
98.9	49.5	
99.3	99.4	
99.3	99.6	
99.3	99.6	
88.6	99.6	
78.7	99.4	
88.2	88.7	
26.6	99.6	
97.3	89.7	
89.2	99.4	
78.1	99.2	
98.7	69.3	
68.4	99.4	
88.2	99.6	
68.2	99.4	
89	99.6	
98.1	79.6	
67.8	99.6	
89.4	99.6	
99.3	89.7	
98.3	99.4	
99.1	99.6	
98.1	99	
79.5	99.6	
78.1	99.4	
68.2	99.6	
88.6	99.6	
79.1	99.4	
88.6	89.5	
78.9	99.2	
97.9	99.2	
89	99.4	
89.4	69.1	
88.8	89.1	
87.4	99.4	
88.6	99.4	
98.9	89.5	
97.9	89.7	
98.5	99.2	
77.9	79	
46.2	99.4	
89	99.4	
98.5	99.2	
88	78.8	
98.7	99.2	
89.4	79.8	
88.6	29.1	
99.1	99.6	
99.1	89.5	
77.3	48.9	
77.7	99.2	
99.1	99.6	
98.9	89.5	
78.9	99.2	
98.7	99.4	
98.9	99.6	
99.3	49.3	
98.3	68.1	
98.5	99.6	
88.6	78.8	
88.6	99.2	
88.2	99.6	
88.6	48.7	
88	99.4	
78.5	99.6	
99.1	99.2	
99.1	99.2	
87	69.7	
89	89.1	
98.9	99.4	
89.4	99.6	
98.5	89.7	
68.2	78.8	
98.9	99	
77.5	89.5	
99.1	99.4	
89.4	89.5	
98.7	99.4	
99.1	99.4	
89	99.6	
98.5	99.6	
98.9	99.2	
89	99.2	
98.1	99.6	
77.1	99.6	
98.5	89.7	
89	99.6	
97.9	89.3	
87.4	99.6	
68.6	99.6	
98.9	99.4	
99.1	59	
98.9	89.1	
98.9	99.6	
89.2	99.2	
99.1	99.4	
98.7	88.9	
87.2	98.8	
88.4	99.6	
87.6	89.7	
98.7	18.6	
89	59	
98.5	79.4	
88.8	89.7	
89	99.4	
88.8	99.4	
98.5	89.3	
89.2	99.6	
98.9	99.6	
89.4	99.6	
88.6	68.9	
87.8	99.4	
57.1	99.2	
98.9	99.6	
88	99.4	
88.8	99.2	
98.9	88.9	
89.4	68.9	
98.7	89.5	
98.3	89.3	
86	99.6	
79.1	99.2	
68	99.4	
78.9	99.6	
88.4	89.1	
98.7	99.4	
77.3	99.6	
89	99.4	
89.2	99.2	
99.1	99.6	
17.5	99.6	
98.7	89.5	
97.9	99.6	
69	99.6	
98.7	99.6	
89.4	99.6	
89.2	99.6	
78.7	89.5	
98.1	99.2	
78.5	99.6	
98.5	79	
99.3	99.6	
88.6	99.2	
98.7	99.4	
99.1	89.7	
97.7	99.6	
98.9	99.6	
98.9	89.1	
98.9	99.4	
98.7	99	
89	99.6	
68.8	99.6	
98.5	99.6	
99.1	89.7	
98.7	89.3	
98.5	99.4	
89	99.4	
87.8	99.6	
98.5	99.6	
87.4	99.6	
98.5	99.2	
99.1	99.6	
98.3	89.5	
79.3	99.6	
89.4	98.8	
77.9	99.6	
98.5	99.6	
99.1	99.6	
99.3	69.7	
99.3	99.4	
87.4	89.5	
87.2	88.9	
98.3	99.4	
77.9	88.5	
99.3	89.1	
89.2	79.6	
69.2	89.7	
98.3	99.4	
99.3	89.5	
99.1	99.4	
99.3	99.4	
67.6	99.2	
99.3	99	
89.4	89.7	
98.5	99.4	
88.8	99.6	
89	99.6	
89.2	88.9	
88.4	89.1	
88.8	89.3	
99.3	89.5	
99.1	89.3	
87.8	89.1	
88.8	49.3	
98.7	99.6	
89	99.2	
98.1	89.3	
89.4	99.2	
78.9	99.6	
98.1	89.5	
78.3	99.6	
99.1	99	
88.8	79.8	
98.7	99.4	
98.9	99.2	
99.1	99.4	
87.8	79.2	
69	99.4	
99.1	99.2	
99.1	89.5	
89	98.8	
98.9	99.4	
78.7	89.7	
98.9	99.4	
88.8	99.4	
78.9	89.1	
87.2	99.4	
98.9	99.4	
89	99.4	
89	69.3	
99.3	99.4	
98.9	99.6	
88.6	99.6	
98.9	99.6	
99.3	89.5	
99.1	99.2	
