99.1	99.4	
99.3	99.4	
99.1	99.4	
98.3	99.4	
78.7	79.4	
98.9	99.2	
98.7	99.4	
89	78.8	
99.1	99.4	
89	79.2	
97.1	68.7	
99.1	99.4	
88.8	99.2	
99.3	99.6	
99.3	99.6	
88.4	79.6	
87.8	99.6	
88.8	98.8	
89	99.6	
87.8	79.6	
88.2	99.6	
89	99.4	
88.2	99.6	
88.6	99.6	
97.7	99.6	
78.1	89.7	
98.7	99.6	
98.9	99.6	
99.3	99.6	
98.5	98.8	
88	99.4	
98.9	99.4	
88.8	99.6	
88.2	99.4	
99.3	99	
98.9	99	
78.9	89.5	
99.3	99.4	
89.2	99.2	
88.2	98.2	
78.9	99.2	
99.1	99.4	
88.8	99.6	
98.3	99.6	
98.9	99.6	
89	99.4	
99.3	79.4	
98.7	58.8	
98.7	89.7	
77.5	89.3	
89	99.2	
88.6	99	
98.9	89.5	
98.9	99.6	
87	59	
79.1	99.6	
98.5	99.6	
88.2	89.5	
99.3	69.5	
88.6	99.6	
99.1	98.6	
98.3	79.6	
99.1	99.4	
89	79.2	
67.8	89.7	
88.2	99.6	
99.1	99.2	
98.5	99.6	
98.7	99.4	
89	99.4	
78.7	99.4	
99.3	39	
99.3	99.4	
98.9	58.6	
67.6	99.2	
88	99.6	
88.8	99.4	
58.3	79	
89	99.4	
99.3	99.4	
88.6	89.7	
98.9	99.6	
99.1	89.7	
88.6	89.7	
99.3	99	
97.5	89.7	
98.9	99.6	
98.9	79.8	
89.4	99.4	
67	69.7	
88.4	99.4	
78.3	89.7	
88.8	69.3	
99.3	99.6	
88.4	99.2	
68.4	99.4	
78.7	99.6	
89	99.6	
98.7	89.3	
98.9	89.7	
78.5	99.6	
88	99.4	
98.5	79.6	
98.9	99	
98.5	99.4	
99.1	69.5	
88.6	99.6	
99.1	99.6	
88.4	99	
97.9	99.6	
98.7	98	
98.9	89.7	
88	89.7	
99.3	99.4	
99.3	99.2	
99.1	59.4	
99.3	99.2	
98.5	99.2	
99.3	99.6	
98.9	99.6	
98.7	99.6	
99.3	79.8	
99.3	89.7	
88.8	79	
88.8	99.2	
98.7	79	
89.2	99.4	
99.3	99.2	
89	99	
88.8	99	
58.3	89.5	
99.3	99	
89.4	89.1	
99.1	99	
88.4	89.5	
99.3	89.3	
89.2	99.6	
88.4	99.6	
88.6	99.6	
98.9	89.5	
89	99.6	
98.9	99.6	
98.5	99.4	
99.3	99.4	
99.1	99.6	
99.3	99.2	
88.2	99.4	
78.3	69.3	
89.2	99.6	
98.5	99.2	
89.2	99.4	
88.4	99.6	
98.7	99.6	
88.4	99.6	
99.3	69.3	
88.8	99.6	
99.1	99.6	
97.9	89.5	
89.4	69.1	
89.2	99.2	
89	99.6	
99.3	99.4	
99.1	99.2	
99.1	88.9	
89.4	99	
98.7	99.4	
98.7	99.6	
98.5	89.7	
98.9	89.5	
98.9	99.4	
99.1	88.5	
78.7	99.6	
98.7	99.6	
97.7	99.2	
98.9	88.1	
99.1	99.6	
99.3	99	
89.2	78.6	
98.9	99.4	
89.4	99.2	
99.1	99.6	
89.4	99.4	
98.5	99.4	
88.4	99.4	
89.4	99.6	
89	99.6	
78.5	99.4	
89	99.4	
99.1	99.6	
68.6	99.2	
99.3	99.4	
89.2	88.7	
98.5	99	
89.2	99.6	
98.7	99.4	
88.8	99.4	
88.4	99.4	
99.3	89.5	
88.6	99.6	
89.2	99.6	
89.2	99.6	
99.1	89.1	
89.2	89.3	
98.1	39.4	
88.2	39.4	
98.9	99.4	
89.2	99.6	
58.3	59.2	
88.8	99.6	
89	99.6	
88.6	99.6	
98.5	99	
79.3	99.4	
98.3	88.9	
99.1	99.2	
98.3	99.4	
89	98.6	
99.3	99.6	
89	99.2	
67	79.8	
99.3	99.6	
89.2	99.6	
89.2	99.4	
88.8	99.4	
99.3	79	
98.9	99.4	
99.3	89.5	
87.8	99.2	
99.1	99.6	
99.3	98.6	
89.4	99.2	
99.1	49.5	
88.2	99.4	
98.1	99.4	
99.3	99.2	
98.9	99.6	
78.5	99	
98.5	99.6	
79.1	99.6	
97.3	99.6	
88.4	69.5	
99.1	99.6	
78.7	79.4	
98.9	99.6	
99.1	99.4	
88.4	99.4	
98.3	99.4	
89.2	89.5	
89	99.6	
89	99.4	
99.1	89.3	
99.3	99.4	
98.7	99.6	
89	99.4	
99.3	99.4	
99.1	89.5	
88.2	99.6	
89.2	99.6	
99.3	79.8	
79.3	98.8	
99.1	89.7	
99.3	98.6	
99.3	99.2	
98.7	99.6	
88.4	99.6	
88.2	68.7	
88	99.4	
78.1	99	
89	89.5	
99.1	99.4	
98.7	79.8	
88.8	29.3	
89.2	99.6	
98.3	99.4	
98.7	99.6	
88.6	99.6	
99.3	99.6	
98.9	89.3	
88.4	99.6	
98.9	99.6	
99.3	99.6	
78.7	99.6	
98.9	99.6	
99.1	99.4	
98.7	99.6	
98.1	99.4	
88	99.2	
98.5	99.2	
88.4	99.2	
98.1	89.7	
77.1	99.2	
98.7	99.6	
87.8	99	
78.7	99.4	
56.5	99.6	
99.1	99	
88.8	99.6	
89.2	99.4	
68.2	99.6	
68.6	79.6	
99.1	89.5	
88.4	79.2	
89	69.5	
88.4	89.1	
98.9	99.2	
88.2	88.9	
99.1	99.4	
98.1	68.3	
69.2	99.6	
89	98.8	
88.2	99.6	
98.7	99.6	
98.9	99.6	
78.7	89.7	
78.3	89.7	
99.3	99.6	
79.1	89.7	
99.1	99.6	
99.3	79	
99.3	99.2	
99.3	99.4	
57.1	99.6	
79.1	98.6	
98.1	28.9	
98.9	88.3	
89	49.1	
88.4	99.4	
89.2	69.5	
78.7	99.4	
89.2	99.6	
98.7	99	
78.5	99.6	
88.8	99.2	
89	89.7	
98.9	39.6	
99.1	99.6	
99.3	99.2	
99.3	99.4	
79.1	99.6	
99.1	89.5	
99.3	69.3	
89	99.6	
79.3	99.2	
99.1	99.6	
89	99.6	
89.4	19.4	
99.1	78.8	
98.5	99.6	
99.3	99.6	
98.3	99.6	
97.9	88.9	
89	99.6	
98.3	99.6	
98.5	99.2	
98.9	99.6	
98.5	89.7	
88.8	99.4	
87.6	99.6	
88.8	88.7	
97.9	49.5	
99.1	99.6	
78.5	99.6	
89	99.6	
98.9	99.6	
88.4	99.6	
88	99.4	
89.4	99.4	
67.6	59.4	
99.1	99.6	
78.9	99.6	
87.2	99.4	
98.7	79.8	
99.1	59.4	
89.2	79.6	
99.1	69.1	
99.3	99.2	
99.1	69.7	
88.6	99.6	
99.1	99.6	
99.3	69.7	
89	99.6	
98.9	99.6	
58.3	78.8	
87.2	99.6	
99.3	59.4	
89.2	99.6	
99.1	89.7	
89	89.7	
98.7	99.4	
98.9	99.2	
97.7	99.6	
99.1	59.6	
89	88.7	
99.1	69.7	
79.1	99.4	
98.9	99.6	
98.9	79.6	
89.2	89.3	
89	99.6	
99.3	99.4	
98.7	99.2	
98.3	68.9	
87.4	99.6	
98.7	58.2	
98.9	99.4	
89.2	79.6	
99.1	99.2	
89	59.2	
98.5	89.7	
98.9	99.6	
98.9	79.6	
98.9	59.6	
88.6	89.1	
99.1	99.6	
68.8	78.8	
78.9	99	
88.2	99.2	
98.9	89.3	
78.9	69.5	
78.9	99.4	
88.4	99.4	
88.8	99.6	
99.1	99.6	
99.1	98.2	
98.7	99.4	
98.9	99.6	
79.3	88.7	
78.7	79.8	
99.3	99.6	
88.4	99.6	
88.2	89.3	
98.7	99.6	
98.5	99.6	
79.3	99.6	
98.5	88.3	
99.1	99.6	
89	98.8	
99.1	99.6	
88.2	89.7	
98.9	99	
88.8	99.6	
89.2	89.3	
99.1	99.6	
98.7	58.8	
99.3	89.7	
88.6	99.6	
88.8	99.6	
98.9	69.1	
89.2	88.5	
58.7	99.4	
78.9	99.2	
89.4	99.4	
79.1	99.4	
89	99.2	
98.9	89.7	
99.1	99.6	
98.3	99.4	
99.1	99.2	
89	99.6	
99.3	99.6	
98.9	89.3	
78.3	99.6	
88.8	99.4	
88.6	99.4	
89	99.6	
99.3	68.7	
78.3	99.4	
99.1	99.4	
98.5	99.4	
88.4	79.6	
89.4	99.6	
98.7	99.4	
99.1	89.1	
98.9	99.4	
89.2	99.6	
98.9	99.2	
89.4	99.4	
98.5	99.2	
98.3	39.6	
98.3	99.6	
78.5	99.4	
88.2	99.6	
98.9	99.4	
89.4	99.6	
99.1	79.8	
98.1	99.4	
68.4	99.4	
89	89.5	
98.5	99.4	
98.7	99.2	
78.9	99.2	
89	79.8	
98.1	99	
88.4	99.6	
99.3	99.4	
89.4	79.6	
98.7	79.4	
89.4	99	
99.1	99.6	
98.9	99.4	
