89.2	29.5	
88.6	59.2	
89.2	59.4	
98.9	79.4	
99.1	99.2	
98.9	59.4	
98.5	88.9	
77.9	29.5	
89.4	68.5	
88.2	58.6	
77.1	8.5	
97.9	59	
99.1	58.4	
98.9	99.2	
99.1	49.1	
98.9	99.4	
98.5	99.6	
98.1	28.5	
88.2	79.2	
98.1	29.3	
98.3	39.4	
98.5	89.5	
89	8.7	
97.5	69.1	
66	-1.2	
98.7	99.4	
79.3	89.7	
98.1	78.6	
79.1	99.6	
77.7	87.9	
88.6	79.2	
89	99.4	
89	99.6	
88.8	89.1	
77.7	89.5	
87.8	99.6	
88.4	99.2	
88.6	59.6	
89	28.5	
97.3	89.3	
99.3	89.7	
77.5	99.2	
78.3	79.6	
98.5	79.4	
89	89.1	
99.3	79.6	
57.5	79.6	
88.6	79.4	
78.7	99.4	
97.9	58.8	
88.8	79.6	
98.7	89.7	
98.1	89.5	
67.2	68.9	
98.7	99.4	
98.9	89.5	
79.5	89.7	
99.1	89.7	
78.3	89.5	
89.2	89.7	
89	89.3	
77.7	89.1	
87.6	89.5	
98.3	79.6	
97.3	99.6	
98.9	38.4	
78.7	89.5	
79.3	79.4	
89.2	79.6	
77.3	79.6	
78.1	68.9	
76.7	99.2	
79.3	89.7	
88.2	99	
89	99.4	
99.1	89.7	
98.9	79.8	
89.2	89.5	
79.3	79.6	
88.4	99.4	
88.6	89.7	
78.7	59.4	
76.3	99.4	
78.3	99.2	
87.8	99.6	
88	99.6	
89.2	79.4	
99.1	99.6	
98.9	99	
68	27.9	
88.8	59.4	
74.9	78.8	
89	99.6	
89.2	99.6	
98.9	88.7	
98.1	99.4	
98.9	89.1	
99.3	79	
76.7	89.7	
87.4	79.6	
89.2	78.6	
88.4	69.5	
88.8	99.6	
89.4	89.7	
88.6	79.4	
88	59	
88.2	89.5	
89.4	49.5	
89.2	99.4	
98.7	69.7	
78.3	89.7	
78.7	69.7	
68.8	89.3	
78.1	89.7	
67.4	69.3	
89	78.8	
79.1	89.3	
66.8	89.7	
98.5	68.3	
97.5	99.2	
99.3	59.6	
96.7	78.8	
87	89.7	
99.3	38.8	
79.1	89.7	
99.1	68.5	
99.1	79.6	
88.8	79.2	
99.3	99.6	
96.9	79.4	
99.1	69.5	
98.3	39.4	
55.5	79.4	
68.2	98.8	
78.3	59.4	
98.5	89.5	
99.1	99.6	
88	79.8	
89.4	99.2	
89	69.1	
88.4	79.6	
99.1	89.1	
78.1	69.1	
89.2	79.6	
88.4	28.9	
89	99.6	
78.1	69.3	
98.3	89.7	
88.8	59.4	
98.7	27.7	
68.2	69.3	
99.3	69.3	
78.1	99.2	
88.8	89.1	
88.2	89.3	
69.2	79.2	
88.6	99.6	
98.9	99.6	
88.6	28.5	
78.7	89.5	
89.2	89.5	
89.2	79	
88.6	89.3	
59.3	79.4	
56.7	59.6	
77.7	99.2	
78.7	69.5	
88	89.5	
78.5	39.2	
89.2	89.7	
89.4	79.2	
78.5	79.2	
78.5	89.7	
89	99	
67.8	89.5	
68	79.2	
99.1	68.9	
58.7	79.6	
98.7	89.1	
99.3	99	
99.1	99.6	
88.6	59.4	
99.1	99.4	
89	59	
99.1	79	
98.9	59	
69.2	99.4	
89	69.1	
88.6	79.2	
99.3	89.1	
88.2	99.6	
68.8	49.3	
88	59.4	
89	88.9	
98.9	68.1	
77.1	99.6	
89.2	79.6	
89.4	68.9	
88.8	88.9	
79.1	89.5	
99.1	89.7	
89	99.2	
98.5	88.5	
89	79.4	
99.1	89.5	
34.7	89.5	
98.9	48.9	
88.6	99.4	
99.3	78.6	
66.8	69.5	
87.4	89.7	
88	88.9	
78.5	49.1	
87.6	88.3	
98.5	79.2	
77.7	49.5	
98.9	69.3	
76.1	-31.3	
68	29.3	
86.2	99.4	
89.4	99.4	
98.9	89.7	
89.2	79.8	
98.3	79.4	
98.7	99.6	
88.6	29.3	
88.8	79.6	
78.3	89.3	
89.2	49.1	
67.6	39.6	
88.8	89.5	
88.4	69.5	
78.9	79.8	
99.1	68.5	
89	49.3	
97.7	59.4	
89	47.9	
98.5	-0.8	
88.4	99.6	
87.8	68.7	
88.8	69.5	
88.8	89.7	
98.5	-71.5	
98.9	99.6	
79.3	79.2	
78.1	89.3	
99.1	88.7	
99.1	99.4	
77.9	58.6	
98.5	49.3	
98.9	89.3	
87.4	79.4	
89.4	39	
89.2	48.9	
76.7	79.4	
88.2	89.5	
97.7	89.7	
99.1	39.2	
89.4	58.6	
98.7	89.7	
98.7	68.7	
88.4	99.2	
45.8	88.5	
89.2	87.3	
78.5	18.6	
88.4	89.7	
88.4	69.3	
88.6	79.6	
66.2	79.2	
56.9	89.3	
56.7	99.4	
99.1	69.5	
98.7	88.5	
88	78.6	
98.9	59.4	
98.3	79.6	
99.3	69.3	
78.5	98.6	
69.2	89.5	
88.8	99.2	
64.6	79.6	
77.9	99.4	
99.3	79.6	
99.3	69.7	
98.9	69.1	
88.4	99	
98.7	89.5	
88.8	59.6	
99.3	79.2	
99.1	79.8	
99.1	89.7	
79.1	69.3	
99.1	99	
78.9	79	
88.2	39	
78.1	89.5	
89.4	99.6	
78.3	59.6	
89.4	89.3	
98.9	99.4	
99.1	69.5	
89.2	89.1	
84.6	18.8	
88.2	8.9	
98.5	79.6	
99.3	78	
79.5	89.5	
88.4	28.5	
99.1	18.8	
98.7	48.7	
89	79.4	
98.9	79.6	
88.6	59.4	
98.9	78.4	
98.9	59.4	
79.3	99.4	
88	69.5	
99.3	89.3	
68.6	69.5	
86.6	29.5	
99.1	59.2	
89.2	68.9	
58.3	99.6	
99.3	79	
89.4	88.7	
98.9	68.7	
77.1	89.5	
97.3	67.5	
89.2	99.6	
89	89.3	
99.1	48.9	
88	89.5	
98.1	99.2	
89	69.3	
88.6	79.6	
98.9	19.2	
46.6	69.5	
99.1	49.1	
98.7	99.6	
58.9	99.4	
98.9	59.2	
87.2	89.5	
68.6	79.4	
97.9	98.4	
48.2	99.6	
98.5	89.7	
98.3	89.5	
99.3	68.5	
57.3	39.4	
87.4	99.6	
98.7	99.4	
98.9	99.6	
89.2	89.1	
35.5	28.9	
79.1	89.7	
87.6	29.1	
98.9	99.6	
79.1	99.4	
78.5	89.1	
68.4	49.7	
88.4	69.5	
88.6	89.1	
78.5	89.7	
86.4	99.2	
78.7	99.2	
98.3	79.4	
98.3	99	
99.3	88.9	
98.5	99.4	
99.1	89.7	
88.8	68.5	
89	89.5	
78.5	89.7	
35.3	89.7	
98.7	99.4	
78.7	89.7	
89	99.2	
99.3	89.5	
98.7	69.3	
88.8	69.5	
98.5	99.6	
78.7	39.2	
88.6	79	
57.3	79.4	
89	99.2	
77.5	-41	
98.1	-81.6	
68.4	99.2	
99.1	49.3	
78.3	99.6	
79.1	69.1	
78.3	48.7	
88.6	89.7	
99.1	69.5	
99.3	89.3	
77.3	78.8	
58.7	99.2	
58.7	59	
78.9	38.8	
68.4	69.3	
98.5	79.8	
76.7	99.4	
67.2	99.6	
89.2	79.8	
98.7	18.8	
78.7	58	
97.7	69.5	
87.2	59.2	
99.1	89.5	
98.7	99.4	
89	69.3	
57.5	89.1	
87.4	69.3	
98.9	99.6	
69.4	-31.7	
77.5	79.4	
98.9	89.5	
99.1	28.3	
98.3	89.7	
78.7	58.8	
78.5	89.1	
89	89.5	
79.5	89.3	
77.9	99.6	
88.8	-50.7	
89.2	58.8	
98.3	79.6	
77.7	99.6	
78.3	89.7	
97.9	79.6	
98.5	58	
98.5	99.6	
88.6	79.2	
78.9	79.6	
78.5	89.7	
86.4	99.4	
99.1	59.4	
89.2	89.1	
88.6	89.7	
88	89.7	
88.2	79.6	
77.9	59.2	
89.2	99.2	
88.2	99.4	
68.6	89.7	
98.9	89.5	
88.8	99.6	
57.5	79.2	
68.6	99.6	
98.5	99.6	
88.8	68.5	
88.6	48.9	
88.2	68.1	
76.9	89.5	
77.9	89.5	
89.2	99.6	
98.9	89.5	
97.7	79.2	
88.6	69.1	
65.8	89.7	
99.1	-10.7	
89.4	89.7	
89	69.7	
87.8	88.9	
88.2	69.5	
89.2	69.5	
78.7	89.3	
78.3	69.3	
88.6	99.6	
98.9	89.7	
89	89.1	
78.9	89.5	
99.3	89.7	
98.9	99.6	
99.3	69.5	
47.6	69.1	
77.3	79.8	
98.5	18.4	
88.4	99.2	
99.1	99.6	
98.9	89.1	
89.2	27.9	
88.2	89.1	
89.4	99.4	
88.8	89.3	
99.1	99.6	
98.7	88.1	
99.3	89.7	
98.9	89.7	
98.9	99.2	
88	-1	
99.3	79	
78.7	68.7	
58.5	99.2	
47.4	89.7	
78.9	78.8	
79.1	99.4	
98.3	98.6	
98.3	69.5	
99.3	-3.4	
