99.1	99.2	
98.9	99.6	
79.1	79.4	
99.3	99.6	
89	99.6	
99.3	98.8	
97.7	99.6	
98.3	89.3	
89.2	99.6	
96.7	99.6	
89.2	99.6	
88.8	99.6	
79.3	89.3	
89.2	99.6	
89	99.6	
89.4	99.4	
89	89.3	
94.9	99.6	
78.5	79.4	
98.7	99.6	
99.1	99.6	
99.1	89.5	
89.4	99.4	
96.3	89.1	
89.4	99.2	
84.4	99.4	
99.1	89.5	
99.3	99.2	
85.2	99.2	
84.6	99.4	
99.1	99.6	
99.3	89.5	
89	99.6	
97.7	99.4	
85.8	99.2	
99.1	99.6	
98.9	89.5	
99.1	99.6	
96.5	99.6	
88.2	89.5	
87	79.2	
98.9	99.6	
98.7	99	
77.9	99.2	
94.3	99.6	
98.9	99.4	
85.6	99.6	
66.6	99.6	
99.1	89.7	
89.2	99.4	
78.7	99.4	
98.9	99.4	
97.1	99.6	
83	47.5	
99.1	99.4	
73.1	99.4	
89.4	99.6	
97.3	99.6	
89.4	88.7	
99.1	99.6	
89	89.7	
96.9	99.4	
89.4	99.6	
89	89.3	
89.2	89.3	
99.3	99.2	
89.2	99.6	
99.3	99.6	
97.5	99.6	
75.7	99.6	
99.1	99.6	
98.9	99.6	
99.3	99.6	
82.8	99.4	
88.6	99.6	
99.3	99.6	
89.2	99.6	
95.9	89.7	
78.9	99.4	
98.3	99.4	
97.5	99.4	
99.3	99.6	
99.3	99.6	
89.2	69.7	
88.2	99.6	
88.2	68.3	
98.5	99.6	
89	99.6	
99.1	99.4	
98.7	99.2	
88.6	99.6	
88.2	69.3	
99.1	99.6	
98.5	89.1	
97.3	99.6	
98.9	89.3	
96.7	89.1	
89.4	99.6	
86.4	99.6	
99.3	89.7	
99.3	99.4	
97.5	99.6	
99.1	89.7	
87.4	59.2	
78.5	99.6	
87.6	99.6	
99.1	99.2	
98.3	69.3	
78.5	89.7	
97.7	99.6	
97.9	99.6	
89.2	99.6	
78.7	99.4	
89.2	89.7	
98.9	88.9	
99.1	99	
89	79.2	
89.4	89.7	
99.3	99.6	
79.5	98.8	
79.1	99.6	
85.8	99.4	
98.9	99.4	
99.1	99.4	
89.4	99.6	
89.4	99.2	
98.5	88.9	
99.1	99.6	
78.3	99.2	
99.1	99.4	
98.9	89.5	
76.9	99.2	
95.1	99.2	
77.1	89.5	
99.1	99.6	
78.5	99.4	
99.3	99.4	
98.9	99.4	
87.2	89.7	
99.3	99.4	
88	78.8	
89.2	99	
88.4	89.7	
89.4	69.5	
97.9	99.6	
99.1	99.6	
98.7	99.6	
98.7	79	
89.4	99.2	
96.5	99.6	
98.9	89.7	
85.4	99.4	
88.4	99.4	
89	99.6	
99.3	99.4	
99.1	99.6	
67.2	99.4	
87.8	98	
89.2	99.4	
98.5	99.2	
88	98.8	
57.5	99.2	
99.3	69.1	
96.5	99	
98.9	89.7	
89.4	99.6	
87.8	99.6	
99.1	99.4	
99.1	89.3	
98.1	99.6	
68.8	99.2	
85	79.4	
75.5	99.4	
98.9	99.4	
91.9	79.6	
98.5	98.8	
87	99.6	
68.6	99.6	
98.7	79.6	
99.1	99.6	
78.7	99.2	
99.3	89.5	
98.5	99.4	
99.3	99.4	
99.3	89.5	
78.9	99.6	
98.5	99.4	
98.9	89.1	
95.5	99.6	
89.4	99.4	
98.3	99.6	
89.2	99.6	
99.3	99.6	
86.6	99.2	
89.2	99.6	
99.1	99.6	
98.9	99.6	
89.2	99.6	
98.7	98.6	
68.2	99.6	
98.1	99.6	
99.3	99.6	
88.6	99.6	
99.1	89.5	
89	69.3	
97.5	99.4	
89.2	99.6	
99.1	79.8	
98.9	99.6	
76.1	99.6	
88	99.4	
87.6	99.6	
87.4	99.4	
88.6	78.6	
98.7	98.6	
97.3	78.8	
66	99.6	
97.3	99.6	
79.1	99	
87.2	59	
99.3	99.6	
99.3	99.6	
98.1	99.6	
98.9	78.8	
88.8	79.4	
88	99.6	
98.5	89.3	
98.7	99.6	
89.2	89.5	
98.7	89.7	
89.2	99.6	
89.4	79.4	
89.4	99.6	
86.6	99.4	
99.1	89.5	
89.2	99.2	
88.2	99.4	
96.5	99	
98.7	99.6	
89.4	99.6	
82.8	99.4	
99.3	99.6	
84.8	99.6	
89.2	99.4	
89	99.4	
98.5	88.7	
98.9	99.6	
98.3	89.7	
96.5	89.3	
95.5	89.1	
89.2	88.9	
89.2	89.5	
85.2	99.2	
99.3	79.2	
96.7	98.6	
89.2	99.6	
88.4	99.6	
98.7	89.3	
73.7	99.6	
99.3	89.7	
88.4	99.4	
88.6	99.6	
87.4	99.6	
96.9	99.6	
68.6	99.6	
89	89.7	
98.7	99.2	
76.5	99.4	
89	99.6	
98.9	99.6	
98.9	99.2	
78.7	99.4	
84.2	89.5	
97.5	99.6	
96.3	99.6	
98.9	99.6	
89.2	99.6	
87.9	99.6	
99.1	89.5	
79.1	89.7	
88.4	89.7	
98.3	99.4	
87.6	99.6	
88.2	99.2	
84.4	99.6	
99.3	99.4	
97.9	99	
99.1	99.6	
88.4	99.6	
88.4	99.4	
76.7	99.6	
99.1	89.5	
99.3	99.6	
99.1	99.6	
98.3	79.6	
99.1	89.7	
98.7	79.4	
73.1	99.6	
95.5	48.9	
89.2	99.6	
99.3	89.5	
99.3	99.6	
99.3	99.6	
99.1	99.4	
72.5	99.6	
88	99.2	
88.8	99.6	
99.1	99.4	
99.1	89.5	
98.9	99.4	
67.8	99.6	
99.3	99.6	
86.8	99.6	
88.6	89.7	
99.1	99.6	
97.7	99.6	
99.3	88.9	
69	58.6	
89.2	99.6	
99.1	89.7	
87.4	89.7	
97.5	99.4	
89.4	99.2	
87.6	99.6	
95.9	99.4	
98.3	89.3	
69	89.5	
83	99.4	
77.9	99.2	
79.1	99.2	
99.1	99.6	
88.8	99.6	
89.4	99.6	
87.2	88.5	
79.3	99.4	
98.3	99.6	
89	99.4	
99.1	99.6	
89.2	89.5	
96.9	79	
80.8	79.6	
99.1	99.4	
98.5	99.6	
88.6	99.4	
89.2	99.2	
87.8	79.4	
88.8	79.2	
98.9	99.6	
88.8	99.2	
99.3	99.4	
87.2	99.6	
98.3	99.2	
88.6	89.5	
87.2	99.2	
89.4	99.6	
74.5	99.4	
98.9	99.6	
85.4	99.4	
99.3	99.6	
99.1	89.3	
99.1	99.6	
89.2	98.8	
98.9	99.4	
87.8	99.4	
89	98.6	
86.4	99.6	
98.9	89.3	
99.3	99.4	
99.3	89.5	
88.8	99.6	
98.9	89.7	
99.1	89.7	
89	99.4	
98.7	99.6	
87	99.4	
87	99.2	
97.7	99.6	
89.2	89.3	
89.2	99.6	
89	89.1	
95.5	99.4	
89.4	79.2	
93.5	99	
99.3	79	
98.5	79	
98.5	89.1	
85.6	99.6	
79.5	99.4	
95.7	99.6	
99.3	99.6	
99.1	99.6	
98.3	89.5	
99.1	99.6	
81.8	89.5	
97.5	88.5	
98.9	99.6	
68.4	99.6	
99.3	99.4	
88.8	99.6	
93.7	99.4	
98.9	99.4	
91.5	99.6	
98.7	69.5	
86.4	99.6	
99.3	99.6	
97.5	99.6	
79.3	99.6	
89.2	99.6	
88.8	99.6	
89.4	99.6	
99.3	99.6	
89.2	99.4	
99.3	99.2	
89.4	99.4	
98.9	79.4	
78.3	99.4	
99.3	99.6	
89.2	99.4	
77.3	89.5	
91.1	99.6	
83.6	99.6	
97.5	99.6	
98.5	99.4	
88.4	99.6	
76.3	99.6	
96.3	89.5	
88.6	99.4	
84.2	99.6	
89.2	99.6	
79.3	99.6	
77.3	99.4	
86.2	99.4	
88.8	99.4	
96.9	99.6	
79.5	99.6	
96.5	99.4	
88.8	99.6	
99.1	99.6	
98.5	99.6	
98.9	99.4	
85.6	88.7	
97.5	89.5	
98.7	99.6	
57.3	99.6	
93.9	89.1	
83.4	99.6	
89.4	99.4	
89	99.6	
78.3	99.6	
96.7	99.6	
88.2	99.6	
88.2	99.4	
97.5	99.4	
87.4	99.6	
99.3	99.6	
89.2	99.6	
89.2	99.4	
87	99.6	
99.1	89.3	
98.7	99.4	
97.5	99.4	
76.7	99.6	
85.8	79.4	
89.2	99.6	
89.2	99.4	
78.1	99.6	
88.6	99.6	
98.5	89.7	
98.9	99.4	
87	99.6	
99.1	99.6	
88	99.4	
99.1	99.4	
89.4	99.4	
89.2	99.4	
78.3	99.6	
84.4	99.6	
67.4	69.3	
87.4	99.4	
67.8	99.4	
97.9	89.5	
86.6	99.6	
98.7	99.6	
84.4	89.5	
88	99.6	
85.6	99.6	
98.7	99.6	
87.6	89.3	
89	99.6	
77.3	99.4	
89.4	99.4	
89.2	99.6	
99.1	89.5	
89.2	99.2	
98.9	79.6	
88.8	99.6	
98.5	99.4	
89.4	99.6	
87.8	99.2	
88.4	99.2	
