58.9	99.6	
99.1	99.6	
99.3	99.6	
89	89.1	
98.9	99.6	
68.8	99.2	
88.8	99.2	
99.3	99.6	
89.2	98.8	
99.1	99.6	
99.1	99.4	
99.1	89.7	
99.3	99.4	
99.3	99.2	
67.6	99.6	
68.8	79.8	
79.5	99.6	
88.4	99.4	
79.5	89.5	
89.2	99.2	
99.3	99.6	
98.7	99.6	
99.3	99.4	
98.1	99.6	
68.2	99.6	
58.1	99.4	
98.3	99.6	
99.3	89.7	
89.4	89.7	
98.5	99.6	
99.1	99.6	
98.9	99.6	
99.3	99.6	
99.3	99.6	
99.1	88.5	
98.3	89.1	
79.3	89.5	
98.9	99.6	
88.6	99	
99.1	89.5	
99.3	99.6	
99.1	89.3	
99.3	69.7	
89.2	99.6	
99.3	79.8	
99.3	99.4	
89.2	99.2	
58.5	99.6	
99.1	99.4	
99.1	99.4	
99.1	89.3	
79.3	79.8	
89.4	99.4	
89.2	79.8	
99.1	99.4	
98.9	99.6	
88.8	89.1	
88.8	49.5	
89.2	99.4	
69.2	99.4	
98.5	89.5	
98.9	99.6	
88.6	99.2	
78.9	99.6	
98.9	99.2	
99.3	89.5	
98.7	99.4	
89	79.6	
88.8	99.2	
98.5	99.4	
99.3	99.6	
99.3	89.7	
99.1	99.6	
88.6	99.2	
99.1	89.7	
98.9	99.6	
58.9	79.6	
89	99.6	
98.7	89.7	
88.8	99.6	
98.7	99.2	
89	98.8	
98.5	99.2	
99.3	99.6	
78.9	99	
99.1	99.6	
78.1	89.1	
98.7	89.5	
99.3	79.6	
78.7	89.5	
98.7	99.4	
89	99.2	
99.3	99.2	
88.8	99.6	
98.9	99.6	
89	99.4	
99.1	99.6	
98.3	99.4	
99.1	99.6	
98.9	99.6	
99.3	99.6	
98.3	99.4	
99.3	99.6	
79.1	99.6	
99.3	99.4	
98.9	69.3	
98.7	99.6	
27.8	99.6	
88.6	99.6	
79.1	99.6	
99.1	99.6	
88.4	99.2	
98.9	99.6	
89	99.6	
89.2	99	
98.9	99.6	
98.7	79.6	
98.7	99.6	
78.5	79.4	
98.9	99.4	
98.9	78.8	
99.3	99.6	
78.7	89.5	
78.9	79.8	
99.1	38.6	
99.3	99.6	
99.3	99.6	
99.3	99.6	
99.3	99.6	
98.9	79.6	
99.3	79.2	
79.1	99.4	
68	68.9	
98.5	99.2	
78.1	99.6	
79.5	99.4	
89	79.6	
98.9	99.4	
58.1	99.6	
68.6	99.6	
99.3	99.6	
67.4	99	
99.3	99.6	
98.9	99.6	
78.7	79.8	
99.1	99.4	
97.7	99.4	
99.3	99.6	
98.7	99.6	
99.3	99.6	
98.9	99.6	
98.7	99.6	
88.6	99.6	
89	99.6	
98.7	99.6	
79.5	89.5	
88.8	99.4	
99.1	99.4	
98.5	89.1	
99.1	99.6	
99.1	89.3	
88.8	-10.9	
89.2	99.6	
48.4	89.3	
98.7	49.7	
98.9	69.1	
99.1	99.6	
98.9	99.6	
99.3	99.6	
89.2	89.5	
68.4	99.6	
89.2	99.4	
79.3	89.5	
88.6	99.6	
89	99.6	
99.1	99.6	
99.3	99.6	
89.4	79.6	
99.1	99.4	
99.1	79.8	
98.5	99.6	
98.9	99.4	
99.3	99.6	
98.7	99.6	
89.4	99.6	
99.3	99.6	
78.9	99.6	
89.2	99.6	
98.9	89.3	
98.9	79.8	
99.1	89.5	
99.1	79.8	
98.7	99.6	
99.1	79.4	
98.5	99.6	
99.1	99.6	
98.7	79.2	
99.3	79.8	
99.3	99.6	
99.1	79.4	
98.7	99.4	
98.7	59.2	
88.8	89.1	
78.5	99.6	
89.4	99.4	
99.1	79.6	
98.9	99.6	
99.1	99.2	
99.3	99.6	
89	99.6	
79.3	99.6	
99.3	99.2	
99.1	99.6	
99.1	59.8	
99.1	99.6	
79.3	99.4	
99.3	89.3	
99.3	89.7	
89	88.7	
99.1	99.4	
88.4	99.4	
98.5	89.5	
77.7	99.4	
89.2	99.6	
98.7	99	
99.3	99.6	
98.9	99.4	
99.1	89.5	
78.3	99	
98.3	89.3	
89	99.6	
98.9	99.6	
99.3	89.5	
69.4	99.6	
98.7	89.7	
99.1	99.6	
98.9	99.6	
99.3	99.4	
98.7	99.4	
69.2	69.5	
89	99.6	
79.3	99.6	
98.9	99.4	
98.9	99.4	
99.3	99.6	
98.9	99.6	
88.6	89.5	
98.9	99.4	
89.2	99.6	
99.3	89.7	
99.3	99.6	
99.3	99.2	
99.1	79.6	
99.1	99.4	
89.4	99.4	
89.2	99.4	
99.3	99.6	
99.3	99.6	
99.1	79.8	
99.3	99.6	
99.1	59.6	
99.1	59.4	
98.9	98.6	
89	99.6	
99.3	89.3	
99.1	99.4	
98.9	69.3	
99.1	99.2	
98.9	79.6	
89.2	99.4	
88.6	99.4	
99.1	99.4	
88.6	99.4	
99.1	89.7	
99.3	69.3	
99.1	99.6	
79.3	99.4	
99.3	99.4	
89	89.5	
99.3	99.6	
99.1	99.2	
99.1	88.9	
99.3	99.6	
99.3	99.6	
89.4	79.8	
99.3	99.4	
78.5	99.6	
98.9	59.6	
89	99.6	
98.9	99.2	
98.7	99.4	
99.1	99.6	
98.7	99.6	
98.3	99.2	
79.3	99.6	
78.9	99.6	
89.2	99.6	
68.6	99.6	
98.7	99.4	
99.1	99.4	
99.1	99.2	
99.3	89.5	
99.1	99.6	
99.1	19.4	
88.6	99.4	
99.1	99.4	
98.5	99.6	
78.7	99.2	
99.1	99.6	
98.7	99.4	
98.7	99.2	
89.2	99.6	
99.3	99.4	
97.5	99.4	
99.3	99.6	
78.3	99.4	
99.3	79	
88.2	99.6	
89.4	99.6	
99.1	99.6	
89	99.6	
78.7	99.6	
98.7	99.4	
99.3	79.8	
99.3	99.4	
78.7	99.4	
99.3	99	
99.3	19	
98.5	99.2	
89	99.6	
99.3	79.4	
89	79.6	
88.8	99.6	
98.9	69.5	
79.5	79.4	
89.2	99.6	
99.1	79.6	
79.1	89.5	
99.1	97.6	
89.4	69.7	
79.1	99.6	
79.1	99.6	
99.3	99.6	
98.9	89.5	
99.3	99	
99.3	89.7	
98.9	99.6	
98.7	99.6	
98.9	99.6	
98.1	89.1	
98.7	99.6	
98.7	99.6	
98.5	99.6	
99.1	99.6	
99.3	99.6	
69	99.6	
99.1	99.4	
98.9	99.6	
99.3	99.2	
99.3	99.6	
99.1	99.6	
99.1	79.8	
99.3	99.4	
89.2	69.1	
99.3	89.7	
99.1	99.6	
98.7	69.7	
98.9	89.5	
89.4	89.5	
99.3	99.6	
99.3	89.3	
88.6	99.6	
99.3	89.7	
99.3	79.8	
89.4	89.5	
98.7	79.6	
98.3	89.5	
98.9	99.6	
89.2	99.6	
88	98	
79.3	99.4	
99.1	99.6	
89	99	
89.4	99.6	
78.7	99.6	
78.5	99.6	
78.3	89.7	
88.2	79.6	
98.7	89.3	
99.1	99.4	
89.2	99.6	
98.3	99.6	
98.9	59.6	
99.1	99.6	
98.9	69.7	
79.3	89.3	
89	99.6	
99.3	99.2	
98.7	99.2	
89	99.6	
79.3	99.6	
89.2	79.8	
99.3	99.6	
89.4	99.6	
89.2	99.6	
89	99.4	
69	99.6	
89	69.5	
99.1	99.4	
89	89.3	
78.7	99.6	
97.5	99.2	
98.9	69.1	
98.3	59.2	
79.3	99.6	
99.1	79.4	
68.8	99.6	
98.9	79.8	
99.3	89.5	
99.3	99.4	
98.9	98.8	
99.3	89.7	
99.3	69.1	
98.5	99.6	
99.1	99.4	
99.3	99.4	
98.5	79.6	
89.4	99.6	
98.7	99.6	
99.3	99	
99.1	99.2	
99.1	99.4	
78.9	89.3	
89	99.4	
99.3	99.6	
99.3	99.4	
99.3	99.6	
78.5	49.5	
88.6	79.8	
99.3	99.4	
99.1	99	
98.7	99.6	
98.9	89.5	
98.9	99.6	
89.2	99.4	
88.8	79.8	
99.3	99.2	
98.5	79.2	
98.9	99.4	
78.9	99.6	
99.1	89.7	
88.6	99.6	
98.5	99.6	
99.1	99.6	
99.3	99.6	
98.9	99.4	
99.1	79.8	
99.3	99.6	
89.2	99.6	
89.4	99.4	
98.9	79.2	
98.7	89.7	
99.3	99.6	
99.3	89.1	
99.3	99.6	
88.6	79.6	
99.1	89.5	
79.5	69.3	
99.1	99.6	
89.2	98.6	
99.1	99.6	
99.3	89.7	
99.3	69.7	
99.3	89.1	
98.7	99.6	
89.2	99	
99.3	59.4	
89.4	69.3	
89	99.6	
99.3	99.4	
89	99.4	
79.1	99.6	
99.1	99.6	
99.3	99.6	
98.7	99.6	
58.9	99.2	
89	99.6	
78.5	89.5	
89	99.4	
99.3	99.6	
99.3	99.4	
78.9	89.5	
98.5	89.3	
78.7	99.4	
98.9	99.6	
99.3	89.7	
89.4	89.5	
98.9	79	
69	99.6	
79.3	99.4	
