This is for config change from:
0,24,0.1,0.9,13,14 to "0", "17", "0.1", "0.9", "11"

And :
alphaMax=0.9;
alphaMin=0.05;
alphaSteps=30;

epsilonMax=0.5;
epsilonMin=0.01;
epsilonStep=30;

a) This is for second config
1)Fixed > alert
 al:al-0.15:0.005       -1.2111 -2.301776e+00 -1.204244e-01 0.0056763
al:al-0.15:0.01        -1.4219 -2.512576e+00 -3.312244e-01 0.0000527
al:al-0.15:0.02        -1.4222 -2.512876e+00 -3.315244e-01 0.0000523
al:al-0.05:0.025       -1.0663 -2.156976e+00  2.437562e-02 0.0735041
al:al-0.1:0.025        -1.6408 -2.731476e+00 -5.501244e-01 0.0000002
al:al-0.15:0.035       -1.3471 -2.437776e+00 -2.564244e-01 0.0003098
al:al-0.15:0.05        -1.5464 -2.637076e+00 -4.557244e-01 0.0000022
al:al-0.15:0.075       -1.4737 -2.564376e+00 -3.830244e-01 0.0000145
(starts beating)
al:al-0.15:0.11         2.5623  1.471624e+00  3.652976e+00 0.0000000


al:al-0.4:0.005      -1.4782  -2.514931165 -4.414688e-01 0.0000017
al:al-0.6:0.005      -1.4328  -2.469531165 -3.960688e-01 0.0000061
al:al-0.5:0.01       -1.1245  -2.161231165 -8.776884e-02 0.0097841
al:al-0.6:0.01       -1.9843  -3.021031165 -9.475688e-01 0.0000000
al:al-0.5:0.015      -1.5339  -2.570631165 -4.971688e-01 0.0000003
al:al-0.5:0.02       -1.4710  -2.507731165 -4.342688e-01 0.0000021
al:al-0.4:0.025      -1.2999  -2.336631165 -2.631688e-01 0.0001931
al:al-0.5:0.025      -1.5628  -2.599531165 -5.260688e-01 0.0000001
al:al-0.6:0.025      -1.1334  -2.170131165 -9.666884e-02 0.0081792
al:al-0.4:0.03       -1.4814  -2.518131165 -4.446688e-01 0.0000016
al:al-0.6:0.03       -1.0479  -2.084631165 -1.116884e-02 0.0412260
al:al-0.5:0.045      -1.2824  -2.319131165 -2.456688e-01 0.0002957
al:al-0.6:0.045      -1.2571  -2.293831165 -2.203688e-01 0.0005407
al:al-0.4:0.05       -1.6769  -2.713631165 -6.401688e-01 0.0000000
al:al-0.5:0.055      -1.0043  -2.041031165  3.243116e-02 0.0852399
al:al-0.4:0.06       -1.2663  -2.303031165 -2.295688e-01 0.0004349
al:al-0.6:0.065      -1.3004  -2.337131165 -2.636688e-01 0.0001908
al:al-0.4:0.07       -1.6637  -2.700431165 -6.269688e-01 0.0000000
al:al-0.6:0.075      -1.0508  -2.087531165 -1.406884e-02 0.0391824
al:al-0.4:0.08       -1.2325  -2.269231165 -1.957688e-01 0.0009579
al:al-0.5:0.08       -1.5768  -2.613531165 -5.400688e-01 0.0000001
al:al-0.4:0.085      -1.5048  -2.541531165 -4.680688e-01 0.0000008
al:al-0.4:0.09       -1.2333  -2.270031165 -1.965688e-01 0.0009405
al:al-0.6:0.09       -1.4873  -2.524031165 -4.505688e-01 0.0000013
al:al-0.4:0.105      -1.3349  -2.371631165 -2.981688e-01 0.0000806
al:al-0.3:0.005        -1.1013 -2.075973e+00 -0.1266271006 0.0037075
al:al-0.3:0.01         -1.2559 -2.230573e+00 -0.2812271006 0.0000787
al:al-0.55:0.01        -1.3687 -2.343373e+00 -0.3940271006 0.0000032
al:al-0.2:0.015        -1.3637 -2.338373e+00 -0.3890271006 0.0000037
al:al-0.55:0.015       -1.1782 -2.152873e+00 -0.2035271006 0.0005924
al:al-0.55:0.02        -1.6312 -2.605873e+00 -0.6565271006 0.0000000
al:al-0.3:0.03         -1.9645 -2.939173e+00 -0.9898271006 0.0000000
al:al-0.55:0.03        -1.3842 -2.358873e+00 -0.4095271006 0.0000020
al:al-0.55:0.035       -1.5231 -2.497773e+00 -0.5484271006 0.0000000
al:al-0.3:0.04         -1.2998 -2.274473e+00 -0.3251271006 0.0000235
al:al-0.3:0.045        -1.1993 -2.173973e+00 -0.2246271006 0.0003478
al:al-0.55:0.045       -1.3281 -2.302773e+00 -0.3534271006 0.0000105
al:al-0.2:0.05         -1.2232 -2.197873e+00 -0.2485271006 0.0001876
al:al-0.3:0.05         -1.1730 -2.147673e+00 -0.1983271006 0.0006741
al:al-0.55:0.055       -1.2074 -2.182073e+00 -0.2327271006 0.0002826
al:al-0.2:0.06         -1.1476 -2.122273e+00 -0.1729271006 0.0012544
al:al-0.3:0.065        -1.7095 -2.684173e+00 -0.7348271006 0.0000000
al:al-0.55:0.065       -1.3849 -2.359573e+00 -0.4102271006 0.0000020
al:al-0.55:0.075       -1.1358 -2.110473e+00 -0.1611271006 0.0016635
al:al-0.2:0.08         -1.5051 -2.479773e+00 -0.5304271006 0.0000000
al:al-0.55:0.08        -1.2482 -2.222873e+00 -0.2735271006 0.0000968
al:al-0.55:0.085       -0.9517 -1.926373e+00  0.0229728994 0.0750224
al:al-0.2:0.09         -0.9470 -1.921673e+00  0.0276728994 0.0812819
al:al-0.3:0.09         -0.9413 -1.915973e+00  0.0333728994 0.0894564
al:al-0.55:0.09        -1.3766 -2.351273e+00 -0.4019271006 0.0000025
al:al-0.3:0.1          -1.0977 -2.072373e+00 -0.1230271006 0.0040224
al:al-0.3:0.155        -1.0168 -1.991473e+00 -0.0421271006 0.0224482
al:al-0.35:0.005       -1.5501  -2.601425932 -4.987741e-01 0.0000004
al:al-0.45:0.005       -1.6867  -2.738025932 -6.353741e-01 0.0000000
al:al-0.35:0.015       -1.5702  -2.621525932 -5.188741e-01 0.0000002
al:al-0.35:0.02        -1.4655  -2.516825932 -4.141741e-01 0.0000043
al:al-0.45:0.025       -1.4236  -2.474925932 -3.722741e-01 0.0000133
al:al-0.25:0.03        -1.2001  -2.251425932 -1.487741e-01 0.0028629
al:al-0.25:0.035       -1.7219  -2.773225932 -6.705741e-01 0.0000000
al:al-0.35:0.035       -1.4184  -2.469725932 -3.670741e-01 0.0000153
al:al-0.25:0.04        -1.4352  -2.486525932 -3.838741e-01 0.0000098
al:al-0.45:0.045       -1.2245  -2.275825932 -1.731741e-01 0.0016865
al:al-0.35:0.05        -1.1356  -2.186925932 -8.427407e-02 0.0107372
al:al-0.45:0.055       -1.7004  -2.751725932 -6.490741e-01 0.0000000
al:al-0.25:0.06        -1.2512  -2.302525932 -1.998741e-01 0.0009291
al:al-0.25:0.065       -1.6289  -2.680225932 -5.775741e-01 0.0000000
al:al-0.25:0.07        -1.6546  -2.705925932 -6.032741e-01 0.0000000
al:al-0.25:0.085       -1.1302  -2.181525932 -7.887407e-02 0.0119296
al:al-0.25:0.1         -1.1555  -2.206825932 -1.041741e-01 0.0072303


b) This is for first config
1) Fixed > Alert
 
