95.3	99.4	
87.6	67.5	
98.1	97	
53.3	99.4	
75.7	99.2	
97.9	98.6	
74.7	99.6	
96.9	99.4	
98.5	99.2	
98.9	89.5	
99.3	99.6	
97.9	99.4	
99.1	99.6	
98.7	78.6	
98.7	79.4	
99.1	79.6	
99.1	99.2	
99.1	88.9	
99.3	99.2	
99.3	89.7	
99.1	99.4	
98.7	89.1	
98.9	99	
99.3	89.7	
98.9	89.3	
98.9	99.4	
98.7	89.1	
98.7	89.5	
97.7	89.3	
98.7	99.6	
98.3	99.4	
97.5	99	
98.1	68.7	
99.3	99.4	
98.9	99.2	
98.9	99.4	
99.1	99.4	
99.3	99.4	
99.3	99.4	
98.9	89.7	
98.9	99.4	
99.1	99.6	
99.1	99.6	
98.9	98.8	
98.9	99.4	
98.9	89.1	
79.1	88.9	
99.3	99.4	
98.9	98.6	
98.7	89.5	
99.3	89.1	
98.5	99.6	
77.5	99	
99.3	99.4	
98.9	99.4	
99.3	99.6	
97.7	89.3	
96.7	99.2	
89	68.7	
97.7	99.4	
99.3	99	
98.3	89.5	
88.6	99.4	
99.3	98.8	
99.1	99.2	
98.3	99.6	
98.9	88.7	
99.3	79.4	
98.1	89.7	
98.9	98.8	
98.7	99.6	
89.4	99.6	
98.5	99.6	
99.1	89.7	
89	99.4	
99.1	99.6	
99.1	99.2	
78.5	89.5	
98.3	99.6	
99.1	99.2	
99.3	99.2	
99.3	99.6	
98.7	99.4	
98.5	99.6	
98.3	99.4	
78.7	89.3	
98.7	98.8	
99.3	99.6	
99.3	99.6	
99.1	89.1	
78.9	89.7	
98.7	99.6	
98.7	98.8	
75.9	99.6	
99.3	99.4	
99.1	99.6	
88.8	99.6	
98.5	99.2	
98.7	99.6	
99.3	98.8	
99.3	99.6	
98.5	89.3	
99.1	99.6	
99.1	99.4	
98.9	99.4	
98.9	89.3	
99.3	99.6	
78.7	89.5	
98.9	98	
89.2	99.4	
99.3	99.6	
99.1	99.4	
98.5	99.2	
98.9	99.6	
99.1	99.6	
98.7	99.6	
98.9	99.6	
99.1	89.3	
98.5	99.2	
99.3	88.7	
78.3	99.4	
99.3	89.7	
99.1	99.2	
98.9	99.4	
98.5	99.6	
98.7	99.4	
99.3	99.6	
98.3	99.6	
89	98.8	
98.5	99.6	
99.1	99.4	
99.3	99.4	
98.1	89.3	
68.6	89.7	
99.3	89.3	
89	88.9	
98.5	99.2	
78.7	99.6	
99.1	88.9	
99.1	99.4	
88.2	89.7	
99.3	89.5	
98.7	89.7	
98.9	89.5	
99.1	89.7	
99.1	99.4	
99.1	89.7	
88.6	89.5	
98.5	99.4	
98.7	79	
98.5	99.6	
99.3	99.6	
97.7	99	
98.7	89.7	
98.9	99.6	
99.3	99	
99.1	99.6	
99.3	99.6	
87.8	98.6	
99.3	98.8	
98.7	78.8	
98.3	89.7	
99.1	99.6	
99.3	99.4	
96.5	99.4	
89	99.6	
78.9	99.6	
79.1	99.4	
89.4	99.4	
99.3	99	
89.4	99.6	
89	99.6	
89	89.5	
99.1	89.5	
98.9	99.6	
99.3	99.2	
98.9	99	
98.9	99.6	
98.7	99.4	
98.9	99.6	
98.3	99.6	
99.3	99.6	
88.8	99.6	
98.7	99	
99.3	89.5	
96.1	99.2	
98.9	98.8	
98.5	99.4	
98.9	99.4	
98.5	99.4	
79.3	99.6	
69	99.2	
98.7	99.4	
98.9	99.2	
98.3	99.4	
99.1	99.6	
97.9	99.6	
99.1	89.3	
98.5	99.4	
98.9	99.6	
99.1	99.4	
99.1	99.6	
98.9	99.6	
99.1	79.2	
98.7	88.1	
98.9	89.7	
98.1	99.6	
88.8	79.2	
98.7	99.2	
98.7	99.6	
98.7	99.4	
98.9	99.4	
98.5	89.7	
98.7	99.2	
98.5	89.7	
99.3	99.4	
99.3	99.6	
98.3	89.5	
98.9	99.6	
98.1	97.8	
99.1	99.6	
99.3	99.6	
78.9	99.6	
98.1	99.6	
98.5	99.6	
99.3	89.5	
89	98.8	
99.1	99.2	
98.5	89.7	
88.6	99.4	
99.1	89.3	
99.1	88.3	
99.3	99.6	
98.3	89.3	
76.5	69.5	
97.1	89.1	
99.1	89.7	
98.7	99.2	
99.3	89.5	
98.9	99.6	
99.1	99.2	
99.3	79.6	
98.1	89.7	
97.9	89.5	
98.7	89.7	
99.3	89.7	
99.1	99.6	
99.3	99.6	
99.3	89.7	
68.8	89.7	
97.1	89.5	
99.3	89.3	
98.9	99.2	
98.3	99.4	
98.7	99	
79.1	98.8	
89.2	99	
99.1	99.6	
98.9	99.6	
99.1	99.2	
77.7	99.4	
98.9	99.4	
98.7	99.4	
98.7	99	
98.5	99.6	
99.3	99.6	
99.3	99.4	
99.3	89.7	
99.3	99.4	
99.1	98.6	
99.3	99.4	
98.3	99.6	
98.9	98.4	
99.1	99.2	
98.3	98.8	
88.6	89.7	
98.9	99.4	
78.7	89.7	
98.1	89.3	
89	99.6	
98.5	99.4	
99.3	99.6	
99.3	89.3	
98.7	89.7	
99.1	99.6	
99.3	99.6	
98.1	89.1	
98.5	69.3	
98.9	89.7	
89	89.7	
99.1	89.7	
98.9	99.2	
67.4	89.5	
99.3	99.2	
99.1	89.5	
98.9	99.4	
99.3	89.1	
89.2	99.6	
98.7	99.2	
98.9	99.6	
98.9	99	
99.1	89.7	
86.8	89.3	
88.4	79.6	
78.5	89.7	
99.1	99.2	
98.5	99.6	
98.3	99.6	
99.1	99.2	
99.1	89.3	
98.9	88.7	
99.1	79.4	
98.7	89.7	
68.2	99.4	
98.5	89.3	
98.3	89.7	
99.1	89.3	
99.3	89.3	
99.1	88.5	
98.5	79.4	
98.7	99.6	
97.9	89.7	
99.1	89.7	
98.9	89.3	
99.3	88.9	
98.7	99.6	
98.9	98.6	
98.3	89.5	
99.3	99.6	
98.3	99.4	
99.1	99.4	
98.5	99.4	
99.3	88.9	
88	99.4	
99.1	99.6	
99.1	99.4	
99.1	89.5	
98.9	89.5	
78.7	89.1	
97.3	98.6	
98.7	99.6	
98.7	99.6	
98.9	99	
98.9	89.3	
99.1	89.5	
99.1	99.2	
99.1	99.2	
99.1	99.6	
99.1	99	
98.3	89.7	
98.5	88.9	
99.3	99.4	
99.1	99.2	
79.1	99.6	
99.1	99.4	
99.1	89.7	
99.1	99.6	
99.1	99.4	
97.7	99.4	
99.3	99.4	
99.1	99.4	
98.3	99.4	
97.9	99.2	
79.1	89.5	
99.1	99.2	
99.3	89.1	
98.5	99.2	
69.4	89.3	
78.3	99.6	
99.1	99.4	
99.3	99.4	
98.7	99.6	
98.3	99	
88.6	88.7	
98.1	99.2	
98.9	99.6	
89	89.1	
99.1	98	
99.3	89.5	
98.9	99.6	
99.3	89.3	
99.3	89.3	
77.7	99	
99.1	99.4	
98.5	89.1	
99.3	79.6	
98.7	79.4	
99.3	69.3	
98.7	89.1	
98.5	99.4	
98.9	89.3	
99.1	99	
99.3	99.6	
99.3	89.3	
89	89.7	
99.1	89.7	
99.3	89.7	
99.1	89.7	
98.9	89.5	
98.7	89.7	
79.3	99.6	
98.5	99.6	
99.1	89.7	
98.9	89.7	
88.4	99.6	
99.3	99.6	
98.7	99	
99.1	89.3	
99.1	99.6	
99.3	99.6	
79.3	99.6	
99.1	99.4	
99.3	99.6	
99.3	99.4	
98.9	89.7	
99.3	89.7	
88.4	89.7	
99.1	99.4	
87.6	99.4	
99.3	99.2	
98.9	97.6	
88.4	89.3	
98.9	99.4	
98.7	98.4	
98.5	99.6	
98.3	99.6	
98.1	89.1	
98.9	99.2	
98.9	99.2	
98.9	99.4	
99.3	99.6	
99.1	99.6	
98.9	99.6	
98.9	99.4	
98.9	99.6	
98.9	99.4	
98.9	99	
98.9	99.6	
99.3	99.6	
98.7	99.6	
79.1	89.1	
97.3	99.6	
98.9	99.6	
99.1	99.2	
98.9	99.4	
98.9	88.9	
98.1	89.7	
98.3	99.4	
99.1	99.4	
98.9	89.7	
98.3	99.6	
98.7	99.6	
98.9	99.2	
98.9	88.7	
98.9	99	
98.7	99.2	
98.3	98.8	
89.2	98.8	
99.1	99.4	
99.1	89.7	
99.3	99.6	
89	99.4	
99.3	78.6	
99.1	99.6	
98.7	99.4	
99.1	89.7	
99.3	99.6	
99.1	89.3	
98.9	89.1	
99.1	99.6	
98.7	99	
98.9	99.6	
99.1	99.6	
37.9	99.2	
88.8	99.6	
98.9	99.6	
98.5	99.6	
99.3	99.6	
99.3	99.4	
99.1	99.4	
98.7	99.4	
47.8	99.6	
98.1	99	
98.5	99.2	
99.3	99.6	
98.5	99.2	
98.7	99.6	
97.3	79.6	
98.7	88.1	
78.7	99.2	
98.7	88.9	
99.3	89.1	
98.3	99	
99.1	99.6	
99.1	89.5	
99.3	99	
98.7	98.8	
99.1	99.4	
99.1	98.6	
97.5	99.4	
