-99.3	99.2	
76.7	89.3	
98.1	89.5	
97.5	98.8	
98.5	99.6	
78.1	99.4	
86.6	88.3	
99.3	99.4	
89	99.4	
98.5	88.5	
97.3	99.2	
87.8	99.4	
98.9	99.4	
95.1	99.4	
98.3	99.6	
97.5	99	
67.6	99.2	
97.7	99.6	
97.7	96.6	
98.7	99	
98.1	99.4	
88	99	
99.1	99.2	
97.7	99	
97.9	99	
98.5	99.6	
96.9	89.7	
98.7	88.9	
79.1	89.3	
98.3	99.2	
98.3	88.5	
98.7	98.8	
98.7	89.5	
78.3	99.6	
98.9	99.4	
98.9	99.4	
99.1	98.8	
98.7	97.6	
99.1	89.7	
87.4	99.6	
96.9	99.4	
99.1	99	
98.7	99.2	
88.4	99.4	
98.5	99.6	
98.5	99.6	
98.9	99.2	
98.5	99.4	
98.7	99	
99.1	89.7	
97.7	89.5	
98.9	89.5	
99.1	87.9	
95.1	89.1	
97.5	89.7	
98.7	89.5	
99.1	79.4	
89	99.6	
98.1	89.1	
99.1	98.2	
97.1	99.6	
98.9	88.9	
99.1	98.8	
98.3	79	
98.9	99.4	
98.9	99.4	
97.7	88.1	
75.9	88.5	
43.8	89.5	
86.2	99.6	
98.1	99	
98.3	99.6	
98.5	99	
99.3	99.4	
98.7	99.6	
98.1	99.2	
98.5	89.3	
98.7	89.3	
98.5	78.6	
98.7	79	
99.3	99	
87.4	99.4	
99.3	89.5	
98.1	99.2	
87.6	99.4	
98.9	99.6	
99.1	99.2	
97.1	89.7	
66.2	89.3	
99.1	88.7	
98.3	89.1	
98.5	79.6	
98.7	89.1	
99.1	79.2	
99.1	89.5	
98.7	79.2	
98.7	79.4	
98.5	99.4	
98.7	98.8	
99.1	89.5	
38.5	88.9	
98.1	99.6	
79.1	78.6	
95.1	88.7	
88.4	47.9	
89.2	88.3	
97.9	89.3	
99.3	98.2	
99.1	88.1	
98.9	89.5	
95.9	99.6	
99.1	88.7	
96.5	99.6	
98.9	89.5	
98.5	99	
97.5	99.6	
98.3	89.7	
86.6	98.4	
98.1	79.4	
98.5	98.4	
98.5	99.4	
99.3	88.9	
98.5	79.6	
99.1	99.6	
99.1	89.5	
99.1	79.4	
99.1	89.7	
88.8	99	
97.7	89.5	
98.7	99.6	
98.5	88.1	
98.5	97.8	
98.1	78.4	
98.5	78.6	
98.9	88.7	
98.5	89.5	
98.5	99.6	
97.5	98.6	
67.4	99.6	
98.3	99.4	
96.5	98.8	
98.3	99.2	
99.1	79.4	
86.4	99.4	
76.3	98.8	
98.7	99.2	
97.3	89.5	
98.1	89.7	
98.7	99.6	
98.7	89.7	
98.3	97.2	
98.1	99	
98.7	88.9	
98.3	99.6	
98.1	57.8	
98.9	98.6	
98.3	89.7	
99.3	89.3	
98.7	48.7	
99.1	89.7	
98.5	89.3	
98.7	79	
99.1	88.9	
98.9	89.5	
98.5	98.8	
98.9	99.6	
99.3	99.6	
88	69.3	
99.3	89.7	
98.7	99.4	
98.7	89.1	
99.1	99	
98.3	89.5	
99.3	89.3	
99.1	89.7	
98.3	89.7	
98.9	89.5	
49	79.4	
97.3	99	
98.1	99.6	
99.1	97.8	
98.3	88.9	
98.7	99.6	
99.1	89.7	
98.9	99.4	
99.3	79.4	
99.3	99.6	
98.5	89.7	
98.7	89.1	
97.5	99.6	
67.6	88.9	
99.3	99	
97.5	79.6	
98.9	99.6	
98.1	99	
98.7	89.7	
99.1	89.5	
98.5	99	
97.9	87.7	
99.1	98.8	
98.7	89.1	
99.1	89.7	
99.1	99.6	
96.9	89.5	
98.5	99.4	
98.5	99.2	
97.5	99	
97.9	89.1	
99.3	79.2	
79.1	88.9	
38.7	88.5	
98.3	78.6	
99.1	89.3	
57.1	99.4	
78.5	79.4	
98.5	89.7	
97.7	89.1	
96.5	89.3	
89	99.4	
98.7	89.5	
99.3	58.8	
89	89.3	
98.9	89.7	
95.9	89.7	
98.7	79.4	
99.3	88.9	
77.9	98.6	
99.3	79.4	
97.1	89.5	
99.3	99.4	
99.3	79.6	
98.9	99.6	
98.9	99.6	
99.3	98.8	
97.9	99.6	
98.3	98	
97.9	99.4	
98.9	99.6	
75.9	89.1	
98.9	99.6	
98.1	79.2	
98.7	89.3	
98.9	99.6	
88.6	99.6	
99.1	98.8	
99.3	98.6	
89.2	89.5	
99.1	99.6	
99.1	99.6	
99.3	89.1	
98.7	79.6	
98.9	89.5	
88.4	99.4	
99.1	99.4	
89	99.2	
98.7	89.1	
99.3	58.4	
78.7	59	
99.1	99.2	
99.1	97.8	
98.9	99	
99.3	99.6	
98.3	88.7	
99.1	99.4	
98.1	98.8	
89.4	88.7	
98.5	99.6	
98.9	98.6	
98.5	99.6	
98.7	79.6	
99.3	99.6	
98.9	99.4	
97.9	99.4	
98.7	99.6	
98.7	99.6	
98.7	99.4	
97.5	98.6	
78.9	89.1	
97.7	99.2	
89.2	99	
79.1	99.2	
98.9	89.7	
98.7	89.5	
98.5	78.6	
99.1	89.5	
88	89.7	
98.1	99.6	
89	98.6	
99.1	99	
98.9	88.9	
98.9	99.6	
99.1	99.2	
99.3	98	
98.9	88.9	
98.1	87.3	
98.7	69.3	
68.8	89.7	
99.1	79.6	
98.3	79.4	
99.1	89.7	
99.1	89.7	
98.3	89.5	
99.3	99	
99.3	89.3	
98.7	98.8	
98.5	78.8	
77.7	99.6	
98.9	99.6	
99.3	99.4	
79.3	99.6	
98.7	98.8	
98.1	89.7	
99.3	99	
98.7	99.4	
99.3	98.4	
98.5	99.6	
98.3	89.7	
98.7	99.6	
98.1	99.4	
99.3	99.2	
98.7	99.4	
98.3	98.4	
58.9	99.6	
76.3	88.9	
98.1	89.7	
78.7	97.8	
38.5	89.7	
97.7	78.6	
99.3	99	
99.1	89.7	
99.3	99.4	
98.5	78.4	
99.3	88.7	
98.1	99.6	
99.1	99.2	
88.4	79	
97.3	99.2	
98.3	99	
96.7	99	
99.1	98.8	
89.2	89.5	
98.3	99.2	
98.5	89.3	
98.1	99.2	
88.8	99.2	
99.1	98	
98.1	99.2	
99.1	98.4	
99.1	89.3	
88.4	99.2	
78.1	99.4	
68.4	89.1	
98.5	98.8	
98.9	99.4	
98.7	98.6	
69	89.5	
98.5	99.6	
98.9	99	
98.9	89.5	
98.1	98.8	
99.1	99.4	
99.3	99.6	
98.7	59.2	
99.1	99.4	
99.1	99.4	
99.3	99.6	
97.5	99.4	
88.8	89.5	
98.7	99.6	
99.3	99	
97.9	99.2	
98.7	99.4	
98.5	98.6	
99.1	99	
98.9	98	
99.1	99.6	
78.7	98.8	
98.5	99.6	
85.6	99.6	
98.7	99.6	
89.2	98.8	
98.1	79.2	
68.4	99.2	
97.9	89.3	
98.7	89.3	
98.5	78.8	
98.9	99	
99.3	99.4	
98.9	89.5	
98.5	88.9	
48	89.7	
97.9	98.4	
98.7	89.7	
98.5	89.7	
99.1	99.4	
99.1	89.7	
98.3	79.4	
98.9	89.5	
89.2	99.6	
98.7	99.4	
99.3	89.7	
98.3	79	
98.5	78.4	
99.3	89.3	
98.7	89.3	
98.3	78.8	
99.1	78.8	
68.8	98.4	
98.7	99.6	
98.7	99	
76.7	99.2	
99.3	79.4	
86.4	99.2	
98.1	89.7	
78.1	89.5	
98.7	97.8	
98.9	99.6	
98.7	89.7	
96.5	99.4	
98.7	99.4	
98.5	88.1	
15.1	88.9	
98.5	99.6	
98.9	99.4	
98.7	89.3	
98.9	78.6	
98.9	99.6	
99.1	99.6	
97.5	89.5	
99.1	89.5	
98.5	99.6	
99.1	88.5	
89.4	88.1	
98.1	99.6	
98.1	99.6	
77.5	98.4	
98.9	99.6	
97.7	99.2	
97.9	98.4	
98.7	99.4	
99.3	99.4	
99.1	99.6	
98.9	99.6	
48	99.4	
98.9	99.4	
99.1	89.7	
98.5	99.2	
99.1	99.2	
98.7	98.8	
98.9	98.8	
87.2	99.4	
99.3	68.7	
88	89.3	
98.9	89.7	
97.9	88.9	
98.9	99	
98.3	89.7	
98.9	89.1	
79.3	99.6	
89	99.4	
87.8	99.2	
98.7	98.8	
98.9	89.5	
98.9	99.6	
89	99.6	
88	99.4	
98.9	99.6	
99.1	99.4	
89.2	98.6	
89	99.6	
98.9	89.7	
99.1	88.5	
98.5	89.1	
98.9	99.2	
97.7	89.1	
97.3	88.5	
69.2	98	
98.3	99.6	
99.3	98.8	
99.3	99.2	
69	89.1	
97.5	99.2	
98.9	99.4	
97.9	99.2	
98.1	99.6	
97.7	98.8	
99.3	98.8	
88.4	89.7	
89.4	88.3	
47.4	98.8	
98.9	79	
98.1	89.3	
98.9	89.7	
78.1	89.5	
67.8	99.4	
98.7	89.5	
98.5	79.4	
99.3	89.7	
98.9	88.9	
98.1	88.7	
