23.6	84.3	
71.5	99.6	
97.1	99	
87.6	98.8	
99.1	98.8	
98.3	99.6	
96.7	98.8	
99.3	99.6	
96.7	99.6	
95.9	99.6	
87.4	98.8	
98.7	98.2	
96.1	99.2	
97.3	99.4	
89.4	99.2	
98.7	89.3	
88.6	98.4	
99.3	88.3	
99.3	99.2	
98.3	88.9	
98.5	99	
98.5	97	
98.1	99.4	
98.5	99.6	
97.7	99.2	
98.9	89.3	
99.1	89.1	
98.3	99.2	
88.4	99.6	
98.5	78.6	
98.5	89.5	
98.7	99.2	
99.1	99.6	
99.3	99.6	
99.1	99.6	
98.7	99.2	
97.7	99.2	
98.9	99.6	
99.1	99.4	
88.6	99.6	
99.3	99.2	
98.9	99.6	
98.7	99.6	
99.1	98.6	
99.1	99.2	
98.5	99.4	
98.5	98.6	
99.3	99.4	
98.1	99.6	
89	99.6	
99.3	99.2	
99.1	89.3	
98.5	87.9	
58.5	89.7	
99.3	96.6	
98.3	98.8	
99.3	89.1	
89	99.2	
98.9	99.4	
99.1	89.3	
98.5	89.3	
99.1	99.6	
98.9	99.4	
98.9	99.6	
98.9	99	
98.9	99.2	
99.3	99.6	
97.9	99.6	
99.3	99.6	
79.1	99.6	
98.7	98.2	
98.3	98.6	
98.5	99.2	
98.5	99.4	
99.3	89.5	
98.9	99.6	
99.3	89.3	
98.9	89.7	
78.9	99.6	
88.4	89.7	
98.5	89.5	
98.7	99.4	
78.9	89.7	
79.5	99.6	
99.3	89.1	
98.1	99.6	
96.1	99.6	
88.8	88.5	
99.3	89.7	
98.1	79.4	
98.5	87.1	
89.4	89.7	
98.9	89.7	
79.3	89.5	
88	59	
98.9	89.7	
99.3	99.2	
98.7	79.4	
98.9	99	
98.9	99.4	
98.7	89.7	
98.5	99.6	
98.3	99.4	
99.1	89.7	
98.5	89.5	
97.7	89.5	
99.1	89.7	
98.9	99	
98.7	79.6	
89.4	99.4	
99.1	89.7	
99.1	98.4	
98.7	98.6	
98.9	89.7	
99.3	99.6	
98.9	99.4	
99.1	89.5	
99.1	99.4	
98.3	89.5	
98.9	89.7	
79.1	97.4	
89	99.6	
98.9	99.2	
69	99	
98.5	99.6	
99.1	99.4	
98.5	89.1	
98.7	98.6	
99.3	99	
87.8	99.6	
99.3	89.5	
77.1	79.6	
99.1	99.6	
97.9	89.5	
89	99.6	
88.4	88.9	
89.4	78.6	
99.1	89.1	
37.1	99.4	
97.7	99	
88.6	99.6	
99.1	98.8	
78.9	89.5	
99.3	89.1	
88.4	99.2	
99.1	89.3	
99.3	99.6	
99.3	99.4	
98.5	89.3	
99.1	99.2	
98.9	99	
78.9	79.4	
98.9	89.3	
98.5	89.5	
99.1	98.8	
98.9	99	
99.1	99.6	
98.7	99.4	
98.5	99.6	
99.1	99	
98.7	99	
98.7	98.8	
69	99.4	
99.1	49.1	
98.9	88.7	
98.9	99.6	
98.7	98.6	
88	99.6	
99.1	89.5	
98.7	99.4	
98.5	89.5	
88.8	99.2	
88.4	99.6	
99.3	79	
98.5	99.2	
98.7	89.3	
98.9	89.7	
98.9	99.2	
98.7	99.6	
99.1	89.7	
98.3	89.7	
99.1	89.7	
98.3	89.3	
97.7	99.4	
98.5	98.6	
98.7	49.1	
99.1	89.7	
99.1	88.9	
98.7	99.6	
98.3	79.4	
89	99	
98.5	99.2	
98.9	89.5	
89	99.2	
98.5	99.6	
98.9	89.5	
98.9	99.4	
68	98.2	
98.9	99.4	
98.5	99.6	
99.3	99.4	
99.1	99.6	
99.3	89.5	
98.7	89.7	
98.9	89.7	
58.9	79.2	
98.5	79.2	
98.7	99.6	
97.7	79	
98.1	99.6	
97.7	98.6	
99.1	99.4	
98.3	99.4	
98.9	99.6	
99.1	89.7	
99.1	89.1	
99.1	89.7	
99.1	99.4	
99.1	89.3	
98.7	99.6	
98.9	99.2	
99.1	89.5	
88.4	99.2	
98.7	99.6	
98.3	99.6	
98.1	99.4	
99.1	99.2	
98.3	99.2	
98.9	99.6	
98.9	99	
98.7	99	
89	99.6	
99.3	97.2	
98.3	99.6	
99.3	99	
99.3	89.5	
98.9	99.4	
98.7	99.4	
99.1	99.6	
99.1	79.6	
98.7	89.7	
98.9	99.6	
89.4	89.5	
89	89.3	
99.3	99.6	
88.8	99.4	
99.1	89.3	
98.5	88.5	
89.2	79.4	
95.7	89.5	
98.7	99	
98.7	99.4	
87.8	99.6	
96.5	88.9	
98.1	89.1	
77.3	99.6	
98.5	99.6	
98.7	99.6	
98.9	99.2	
99.3	99.6	
99.3	99.2	
98.9	88.9	
98.9	99.6	
99.3	99.4	
89.4	99.4	
98.7	99.6	
78.3	99.6	
98.7	99	
99.1	99.6	
99.3	89.7	
98.5	99.2	
97.1	89.5	
87.2	99.6	
99.3	99.2	
99.1	99	
97.3	99.4	
98.9	99.4	
98.3	79.4	
98.9	99.2	
98.7	99.6	
88.8	99.6	
98.9	99.6	
99.3	99.6	
98.7	88.7	
77.3	89.5	
99.1	89.5	
98.7	99.4	
98.3	89.7	
98.1	99	
99.3	79.6	
98.9	98.8	
98.3	99.6	
99.3	99.6	
78.7	79.4	
99.3	99.4	
98.5	99.4	
98.7	98.6	
99.3	89.5	
98.9	89.3	
99.1	89.7	
99.3	79.4	
99.1	97.8	
97.5	89.1	
98.1	99.2	
98.9	99	
99.3	79.4	
98.5	78.8	
98.9	99.4	
99.1	99.4	
99.3	99.4	
96.3	89.5	
99.1	89.5	
98.9	99.6	
98.3	99.2	
97.5	99.4	
98.9	99.6	
99.1	79.4	
98.5	99.2	
98.7	99.2	
98.3	58.8	
98.9	79.4	
97.7	89.5	
95.7	89.3	
98.7	87.9	
89.2	79.4	
97.9	89.7	
98.3	98.8	
99.1	99.6	
89	98.6	
88.2	89.7	
99.3	99.4	
98.9	89.5	
97.9	99.4	
98.9	79.6	
98.3	87.7	
88.6	98.2	
98.5	89.7	
68.6	99.2	
98.5	99.6	
99.3	98.8	
89.4	99.6	
98.5	98.4	
98.5	99.6	
97.1	89.1	
99.1	89.7	
89	89.5	
88.2	89.3	
98.1	99.6	
99.3	99.6	
98.9	99.6	
98.5	99.2	
98.7	99.4	
99.1	99.6	
98.7	99.4	
89	99.4	
98.9	98.8	
98.7	99.6	
98.3	99.6	
98.9	88.7	
99.3	99	
99.3	98.4	
89.2	88.7	
98.7	89.1	
98.9	88.1	
79.3	68.3	
79.3	99.2	
89.4	89.5	
79.1	98.2	
88	79.4	
99.3	89.3	
97.9	98.8	
89.2	99.6	
99.1	99.6	
68	79.2	
79.1	89.5	
89	79.4	
99.3	79.6	
88.6	99	
98.5	99.6	
98.7	89.7	
98.5	89.7	
98.7	99.4	
99.1	99.4	
98.9	89.7	
99.1	99	
98.1	89.7	
99.3	99.6	
98.9	99.6	
98.9	79.4	
98.5	89.3	
88.8	79	
98.3	98.8	
98.7	99.4	
99.1	99.6	
98.9	69.3	
98.1	99.6	
98.9	99.6	
98.7	99.6	
89.2	99.6	
88.2	89.5	
98.7	99.6	
98.5	89.7	
99.1	89.7	
88.8	89.1	
98.9	79.2	
98.9	99.4	
99.1	99.4	
98.3	99.6	
99.1	99.6	
99.3	89.7	
99.3	99.4	
98.3	79.2	
88.2	99.2	
69	89.7	
98.7	89.3	
77.9	79.4	
99.3	99.6	
99.1	99.6	
98.7	99.6	
98.7	99.6	
98.9	88.9	
99.1	99.6	
99.1	79.4	
97.1	98.2	
99.3	99.4	
88.8	89.5	
99.1	89.3	
98.1	99	
98.1	99.6	
77.9	89.5	
99.1	98.8	
98.9	98.6	
96.1	98.8	
98.7	99.6	
98.7	99.6	
88.6	99.4	
78.3	99.2	
89.2	99.6	
88.6	79.6	
98.7	99.6	
98.3	99.2	
98.9	89.3	
98.1	89.5	
99.1	79.6	
99.1	99.2	
99.1	99.4	
98.3	99.4	
98.5	89.3	
96.9	99.6	
78.1	89.7	
99.3	89.5	
98.9	89.5	
99.1	99.6	
79.1	99.4	
89.2	99	
99.3	99.6	
98.9	99.4	
98.9	89.5	
97.9	98.6	
69.2	99.4	
98.3	87.9	
99.1	99.6	
99.1	99.2	
98.7	99.6	
98.7	99.4	
99.3	78.8	
89.2	99.6	
88.4	89.1	
99.1	99.4	
99.1	99.6	
88.6	99.2	
98.9	89.3	
88.8	99.4	
89	89.7	
98.9	89.7	
69	89.5	
88.8	99.4	
98.9	98.4	
99.1	99.6	
28.8	99	
99.3	99.6	
99.1	99.2	
98.7	99.4	
98.9	99.2	
98.9	89.1	
98.5	99.2	
99.1	89.5	
98.5	79.6	
97.5	98.2	
99.3	99.6	
99.3	99.2	
97.7	89.7	
98.9	89.7	
98.9	89.7	
88	89.5	
89	89.7	
98.3	98.8	
68.4	99.6	
99.3	89.5	
79.1	99.6	
