47	88.9	
57.9	99.6	
83.8	89.3	
75.9	99.6	
96.5	99	
94.9	99.6	
87.6	99.6	
97.9	99.4	
97.5	99.6	
65.4	93.6	
69.2	99.4	
88	88.9	
99.3	89.7	
76.5	99.4	
68.2	89.5	
76.9	99	
99.3	99.6	
67.6	99.6	
77.5	88.7	
97.5	99.4	
97.9	99.2	
99.3	89.1	
98.9	98.4	
99.3	99.2	
98.3	99.4	
98.9	79.4	
34.1	89.3	
98.1	89.7	
96.7	99.6	
78.3	89.3	
98.5	89.3	
98.7	99.6	
88.6	99.6	
46.6	98.8	
98.5	98.2	
44.4	99	
96.9	99.2	
99.3	97.6	
99.1	99.2	
99.1	99.6	
87.4	88.7	
98.9	99.6	
78.7	99.4	
98.5	97	
97.7	98	
88.8	89.3	
98.5	96.8	
87.6	99.4	
98.1	99.2	
99.3	98.4	
98.9	89.5	
99.3	99	
99.1	99.4	
77.3	98.8	
97.9	99.4	
99.1	99.2	
98.7	99	
98.9	99.6	
98.7	99.4	
75.1	99.6	
78.1	99.4	
88.4	99.2	
98.5	98.8	
99.3	89.7	
98.7	99.6	
99.3	98.6	
89.2	89.5	
99.3	99.4	
88.6	99	
99.3	99.6	
86.8	99.6	
99.3	99.6	
88.2	89.3	
98.9	79.6	
75.3	89.5	
98.9	89.3	
99.1	99.6	
98.1	89.1	
85	88.9	
99.1	99.2	
98.1	79	
98.5	89.7	
99.1	88.9	
97.1	69.5	
99.1	99	
98.7	89.7	
97.5	98.4	
89.2	99.4	
88	69.1	
98.5	99.4	
98.3	99.2	
97.9	98.2	
98.5	99.4	
98.7	58.6	
98.7	99	
97.5	99.6	
97.7	99.4	
99.1	99.4	
99.1	99.6	
98.1	89.7	
99.1	99	
67.8	99	
98.7	99.2	
98.7	89.7	
98.7	99.6	
98.7	99.6	
98.7	99.2	
98.1	99	
98.5	99.4	
97.1	99	
99.1	89.3	
99.3	99.4	
98.3	79	
99.1	79.6	
88.4	89.7	
99.3	99.2	
99.1	89.7	
97.5	88.9	
99.1	98.8	
46.8	89.5	
97.9	99.4	
88.8	69.5	
89.2	37.8	
99.1	99.4	
69.4	89.5	
97.9	99	
66.4	88.3	
96.9	88.9	
67.8	99.4	
98.7	99.2	
97.7	99.4	
98.7	99.2	
99.1	99.6	
98.9	88.5	
97.5	99.2	
98.7	79	
99.1	99.6	
98.5	99.6	
98.9	99.6	
98.9	99.6	
99.1	99.6	
99.1	99.6	
97.3	89.1	
98.3	87.5	
98.7	79.4	
98.3	88.9	
98.3	98.4	
99.1	99.4	
97.7	89.1	
99.1	99	
89.2	99.4	
98.3	88.7	
77.5	99.4	
98.5	99.4	
88.2	99.6	
98.9	99.2	
89.4	99.4	
98.7	99	
98.1	89.1	
99.3	98.8	
98.9	98.2	
99.1	98.6	
88	78.4	
88	99.2	
98.9	98.8	
99.1	99.2	
78.3	98.8	
95.1	88.9	
97.9	99	
78.3	99.2	
98.5	98.6	
99.1	89.3	
78.5	88.9	
99.3	99.6	
89.4	98.2	
79.1	98.8	
98.7	99.4	
89	89.1	
99.1	98.2	
98.7	99.6	
99.1	99.2	
98.7	99.4	
69	99.2	
98.3	99.2	
99.1	99.2	
98.5	99	
97.9	99.4	
88.8	89.7	
98.5	99.2	
98.7	87.7	
98.9	98.8	
99.1	99.6	
99.1	99.4	
98.9	99.6	
68	89.5	
89.2	89.5	
99.3	89.5	
49	89.7	
78.5	89.1	
64.4	99.4	
98.3	99.4	
99.3	99.4	
88.4	99.2	
89.4	98.8	
98.7	99.4	
65.2	99.2	
79.1	78.8	
98.1	89.3	
98.9	88.3	
97.9	99.4	
98.9	88.9	
88	99	
99.1	99.4	
97.7	99.6	
98.7	89.5	
97.5	89.5	
89.2	99.6	
99.3	99	
98.5	89.3	
98.7	89.5	
77.7	89.5	
99.1	79.2	
99.3	99.4	
88.8	99.4	
77.5	99.4	
98.9	99.6	
88.4	99	
78.9	99.6	
98.5	89.7	
99.3	89.7	
96.7	88.7	
56.5	99.6	
98.9	99.6	
98.7	99.6	
87.6	78.6	
98.5	99.6	
88	99	
78.5	89.5	
98.9	99.4	
89.2	89.5	
78.9	99.4	
89.2	99.4	
89	98.6	
78.7	99.6	
79.3	99.4	
88.6	79.6	
87.8	88.5	
78.5	69.3	
89.2	99.6	
97.5	99.4	
89	99.2	
98.1	89.7	
58.5	89.3	
98.7	99.4	
96.1	99.4	
58.7	89.5	
98.3	99.6	
78.9	99.6	
89	99.6	
99.1	89.1	
99.1	99.6	
98.9	89.7	
98.7	89.7	
78.3	78.6	
98.3	99	
98.7	89.7	
98.3	99	
98.9	88.9	
99.1	89.3	
99.1	99.6	
98.7	99.4	
97.5	99.2	
87.6	99.4	
98.7	99.2	
97.9	99.6	
98.7	99.4	
98.9	99.6	
88.6	99.4	
98.9	98.6	
98.5	99.4	
97.9	99.4	
98.3	79.2	
89.2	89.3	
99.1	89.7	
99.1	89.5	
78.9	99.4	
99.1	99.6	
78.7	98.6	
97.7	88.1	
7.8	99.6	
78.5	99.6	
98.7	67.1	
89	99.4	
97.7	88.7	
98.5	99.4	
99.1	89.7	
99.3	99.6	
98.9	89.7	
98.7	89.3	
98.7	99.6	
97.7	89.5	
98.7	99	
96.3	99	
59.1	99.6	
99.1	98.4	
98.9	89.3	
98.7	89.5	
94.7	99.2	
97.9	98.8	
96.9	98.6	
87.6	69.1	
88.8	88.5	
98.5	99.6	
98.9	99.2	
67.2	99.4	
58.1	99.4	
97.3	99.6	
98.9	98.8	
99.3	99	
99.3	97.4	
98.1	88.7	
98.5	99.2	
99.1	99.6	
97.7	98.6	
98.9	98.4	
98.9	99.2	
98.9	88.3	
98.7	99.2	
78.3	99.4	
98.7	99.2	
96.7	99	
98.5	99.2	
98.5	99.6	
99.1	88.9	
98.1	89.7	
97.3	99.6	
97.9	99.4	
98.3	99.6	
58.7	99.4	
98.1	99.6	
98.5	99	
99.1	99.4	
98.1	99.2	
99.3	89.3	
99.1	99.6	
98.1	98.6	
67.2	99.4	
84.2	79	
98.7	88.1	
87	99.6	
88	89.1	
98.9	99.6	
68	99.4	
98.1	99.4	
94.9	99.4	
99.1	99.6	
98.9	99	
97.9	99.6	
37.3	99.6	
99.1	99.4	
99.1	99.4	
99.3	98.6	
99.3	97.4	
97.9	99.6	
99.3	88.9	
98.5	99.4	
98.9	99.6	
98.7	99	
96.9	88.7	
98.3	99.4	
98.1	89.5	
86.6	89.7	
98.1	99.6	
99.1	99	
99.3	78.6	
98.3	99.2	
99.3	68.3	
87.2	99.4	
98.9	79.4	
98.9	97.8	
99.1	88.9	
98.3	89.5	
89.2	89.3	
98.5	97.6	
98.1	79.4	
88.8	98.8	
99.1	99.4	
98.3	89.7	
88.6	99.4	
98.3	89.5	
98.3	89.5	
98.9	99.2	
98.7	79.2	
97.9	99.4	
68	99	
98.9	99.2	
99.1	99.6	
88	99.6	
77.9	89.7	
97.1	89.1	
78.9	89.7	
97.5	99.4	
97.9	89.1	
98.5	89.7	
67.6	98.8	
96.9	89.7	
98.9	97.6	
92.7	99.4	
99.3	99.4	
98.9	88.9	
98.5	99.4	
88.2	99.4	
98.9	99.2	
97.9	79.2	
98.9	89.7	
98.5	98.8	
96.5	89.3	
78.7	99.2	
98.3	99.6	
98.9	99.4	
98.7	98.8	
98.9	99.4	
99.3	99.2	
94.5	98.8	
99.1	99	
98.9	99.6	
98.9	98.4	
98.9	89.1	
98.9	99.2	
98.9	99.6	
98.9	99	
79.3	69.3	
78.3	99.4	
99.3	99.4	
99.3	88.7	
98.5	77.4	
87.6	87.5	
88.6	89.1	
98.9	99.4	
99.1	97.8	
99.1	89.5	
97.9	89.5	
98.7	89.7	
65	79.6	
89.2	99	
88.4	89.5	
77.5	99.2	
97.9	99	
98.3	79.6	
98.5	99.6	
88.4	99	
88.8	99.4	
98.3	99.4	
99.3	98.4	
98.9	39	
98.1	99.4	
98.7	99.6	
89	99.2	
98.7	99	
98.5	99.4	
98.9	89.3	
98.9	99.4	
98.5	99.6	
98.9	89.3	
98.7	99.2	
98.5	89.7	
99.1	98.4	
78.9	97.8	
98.7	58.8	
98.5	89.7	
97.9	89.1	
98.5	89.7	
98.9	68.7	
98.7	99.6	
88.6	89.7	
99.3	89.5	
88.8	58.8	
86.6	89.5	
99.3	98.4	
89	89.7	
97.9	98.6	
88.8	99.2	
88.4	79.2	
57.9	99.6	
98.7	89.7	
98.5	99.6	
98.1	78.4	
89.2	99.2	
99.1	79.4	
88.8	89.5	
99.3	88.9	
98.1	68.9	
99.1	89.1	
99.3	99.2	
87.2	79.2	
98.7	89.5	
98.9	89.7	
49.2	89.7	
97.7	89.5	
88.2	89.7	
