72.3	89.7	
64	88.9	
95.7	78.2	
44.2	98.8	
98.3	86.9	
98.1	89.3	
95.3	97.4	
88.8	98.4	
66.8	99	
44.4	79.2	
99.3	99.4	
98.1	99.6	
99.1	99.2	
88	99.4	
84	99	
98.3	89.7	
99.1	99	
99.3	99.6	
79.1	79.2	
95.7	99.2	
96.9	97.4	
96.5	99.4	
98.7	99.4	
99.1	98.8	
99.3	89.5	
88.8	99	
98.7	88.7	
98.9	88.7	
87.8	99.2	
78.9	99.2	
99.1	98.8	
98.9	98	
98.3	99.6	
98.9	89.7	
98.5	99.4	
98.3	99.2	
98.7	99.4	
87.2	98.8	
98.7	89.5	
98.5	89.3	
88.4	99.6	
98.7	99.4	
88.4	99.2	
99.1	97.6	
98.7	89.5	
98.5	98.6	
98.9	98.8	
98.9	99.4	
77.7	99	
97.3	99.2	
89	89.3	
99.3	99.4	
98.5	99	
98.9	68.3	
97.7	89.7	
99.3	98.6	
98.1	99.4	
98.7	99.6	
98.9	78.4	
96.9	89.7	
97.3	87.1	
99.3	89.5	
97.3	99.2	
76.5	89.7	
98.1	99.4	
98.9	89.5	
99.1	89.3	
98.7	98.4	
99.3	99.6	
98.7	88.9	
98.3	78.2	
89	99	
68.2	97.6	
99.1	79.6	
99.3	89.7	
87.8	99.6	
97.1	89.3	
99.3	89.7	
99.1	89.7	
98.5	89.7	
98.5	89.5	
99.1	79.6	
97.5	99.4	
98.7	98.4	
98.5	69.3	
98.3	89.5	
98.3	98.8	
98.7	89.7	
98.7	99.6	
88.4	88.9	
99.3	79	
98.7	88.9	
98.7	89.7	
98.7	79.4	
98.9	99	
76.9	99.6	
98.9	96.8	
77.5	89.5	
98.7	68.5	
88.4	98.8	
98.7	87.9	
98.7	89.7	
99.1	78.6	
98.9	98.2	
98.9	58.4	
97.7	99.6	
98.9	89.3	
98.9	99.4	
98.5	99.2	
88	99.4	
98.9	89.5	
88.2	89.7	
87.8	89.5	
98.9	99.2	
98.3	79.4	
88.8	89.3	
95.7	88.7	
98.5	99.6	
98.7	99	
98.3	89.7	
99.1	89.5	
56.5	89.5	
98.5	79.6	
88.6	99.2	
98.9	89.5	
55.7	89.5	
97.3	88.1	
98.7	88.5	
98.1	88.9	
98.3	99.6	
99.3	89.5	
98.3	99.4	
98.7	99.6	
87	98	
97.3	99.6	
89	89.5	
98.9	88.9	
98.7	99.4	
98.7	79.6	
98.3	89.3	
99.1	99.2	
98.5	89.5	
98.5	99.2	
99.3	99.2	
98.9	89.7	
88.8	88.7	
99.1	99	
88.2	89.3	
98.7	79.2	
99.1	68.9	
98.5	68.7	
98.7	79.4	
88.4	79.2	
97.1	99.2	
97.5	98.8	
97.1	99.6	
98.7	89.5	
99.1	99.6	
98.9	98.4	
99.1	99.6	
99.3	99.4	
87.8	99.4	
99.1	99.4	
97.7	98.8	
98.1	99.6	
98.3	99.6	
98.9	98.8	
77.5	99.2	
98.7	68.3	
96.9	99.6	
98.9	99.4	
58.7	99.6	
76.7	99	
98.5	89.3	
98.9	99.4	
87.4	89.5	
79.3	89.1	
98.9	99.6	
99.1	99.4	
97.5	99	
88.8	98.4	
98.1	99.4	
98.3	97	
75.5	89.3	
99.1	99.4	
89	89.7	
99.3	99.4	
98.9	88.7	
98.3	68.7	
98.9	99.2	
98.9	89.3	
98.1	89.3	
98.7	99.2	
98.7	79.2	
98.7	99.4	
88.8	69.1	
97.9	99.4	
98.5	99.6	
99.3	89.7	
98.9	99.2	
98.7	99.6	
87.6	89.1	
98.5	99.4	
98.5	89.5	
99.1	89.7	
98.3	78.4	
88.6	86.1	
98.1	68.3	
97.5	89.5	
88.8	89.3	
89	99.4	
88.4	99.4	
98.7	99.6	
99.1	99	
98.9	99	
98.3	98.8	
97.5	99.2	
98.9	99.6	
99.1	98.2	
97.1	89.7	
99.1	99.4	
89.2	89.3	
68.8	99.6	
88.2	99.6	
98.7	97.6	
98.7	98.8	
88.2	99.4	
88.2	86.5	
97.7	76.6	
98.9	89.3	
89	88.5	
98.3	89.7	
99.3	99.6	
99.3	99.6	
97.9	88.9	
98.9	89.3	
98.3	99.2	
99.3	89.7	
99.1	99.4	
88	89.7	
98.7	89.7	
88	99.6	
98.3	89.7	
97.7	99.4	
98.5	89.7	
97.9	99.6	
78.9	89.7	
69	99	
98.9	99	
98.9	89.7	
79.1	99.4	
98.7	99.4	
89.2	88.7	
98.7	99.6	
99.1	79.4	
88.8	99.2	
96.3	89.5	
98.5	89.5	
98.7	89.5	
98.9	79.6	
88.6	79	
89.2	99.6	
98.9	99.2	
69.2	99.4	
89.2	99.6	
99.3	99.4	
98.1	89.1	
98.7	98.4	
97.5	89.5	
79.1	79.2	
98.7	79	
99.3	89.5	
78.7	99	
99.1	99.6	
88.4	99	
96.9	99.4	
98.1	98.2	
97.9	99.6	
98.7	89.7	
99.1	79.4	
99.1	99.4	
98.9	99.4	
98.3	97.8	
98.3	99.4	
97.3	99.2	
99.1	89.7	
98.7	89.7	
99.3	89.5	
99.3	89.7	
98.5	58.6	
99.3	99.4	
98.5	98.8	
98.7	77.6	
99.1	98.8	
98.7	99	
97.3	99	
98.5	98.4	
88.2	79	
68.4	99	
88.8	89.7	
98.3	99.4	
98.3	99.2	
98.7	89.7	
99.1	99.4	
98.7	89.3	
89	99.4	
97.5	99.6	
99.1	89.5	
78.7	88.9	
98.3	89.7	
98.1	98.8	
98.5	98.8	
98.7	99.2	
69	98.8	
98.3	99.6	
89.4	89.5	
56.1	98.8	
97.7	98.4	
97.7	88.9	
97.5	99	
99.1	89.3	
97.9	99.6	
98.9	89.5	
69	88.9	
57.7	99.4	
99.3	88.7	
99.3	98.6	
99.3	99.2	
99.3	79	
59.3	89.5	
88.6	99.2	
98.5	99.2	
99.1	99.6	
99.1	99	
98.9	89.5	
95.9	99	
98.9	99.6	
98.7	99.6	
87.6	78.4	
98.7	99.6	
98.5	97.2	
98.1	89.5	
87.2	98.4	
98.3	99.2	
98.1	98.8	
98.3	98.8	
98.7	99.4	
88	89.7	
98.9	99.6	
98.3	99.6	
98.7	89.3	
97.5	99.6	
98.1	99.6	
98.1	99.4	
98.7	88.1	
89	99.4	
97.9	78	
98.9	89.3	
99.3	98.4	
88.2	88.5	
88.8	99.4	
98.5	98.8	
89	97.6	
99.3	69.3	
98.5	99.4	
98.3	99.4	
69	99.6	
86.2	99	
97.9	89.7	
78.7	99.4	
98.7	99.6	
97.9	89.5	
57.7	98.6	
98.7	88.9	
88	99.4	
74.9	89.1	
89.2	99.6	
79.1	99	
99.1	99.6	
89	99.6	
98.9	98.4	
38.1	99.2	
98.7	99.6	
98.3	99.4	
77.1	99.2	
98.7	98.2	
96.9	99.4	
98.7	99.4	
98.7	89.3	
89.4	79.4	
68.2	98.4	
98.9	99.4	
98.7	99.4	
98.7	99.4	
78.1	99.4	
98.9	79.4	
97.7	88.5	
99.1	99.6	
98.5	98.8	
97.9	99.6	
99.3	88.5	
78.3	98.4	
98.7	89.5	
98.1	99	
78.7	99.6	
69	99.4	
79.3	99	
95.7	98.8	
97.5	99.6	
98.3	99.6	
77.7	89.5	
78.1	99.4	
97.9	99.2	
98.9	87.9	
98.7	89.7	
98.5	89.5	
98.7	99.6	
98.5	99.4	
98.3	99.6	
99.3	99.6	
98.9	89.1	
98.7	89.5	
98.5	89.5	
87.2	99.2	
98.3	98.4	
78.5	99.6	
96.3	99.6	
97.9	88.7	
77.1	99.6	
78.9	89.1	
98.1	98.4	
77.9	89.5	
97.7	89.5	
98.5	99.6	
98.1	89.3	
98.9	98.4	
98.9	99	
98.3	89.3	
97.9	89.7	
98.9	99.6	
99.1	98.8	
98.1	98.6	
99.3	99.6	
87.8	89.1	
98.7	98.6	
97.1	99.6	
98.7	99.6	
98.7	89.5	
99.3	89.7	
97.9	89.7	
98.9	99.6	
99.1	99	
99.3	98.8	
75.9	99	
98.9	78.6	
98.7	99.4	
98.7	99.6	
98.1	99.4	
79.1	69.3	
99.1	99	
79.1	89.7	
99.3	89.7	
98.9	89.5	
46.2	89.5	
98.7	89.5	
99.3	89.7	
97.9	99.4	
99.1	89.7	
99.1	79.4	
98.7	89.7	
98.7	79.4	
97.1	99.4	
98.3	98.8	
98.9	99.4	
98.5	99.6	
97.9	79.2	
97.9	99.4	
85.8	78.4	
99.3	99.6	
99.3	87.9	
87	89.3	
98.1	89.3	
78.5	89.3	
98.9	99.6	
98.7	89.3	
67.6	79.6	
98.9	98.8	
97.5	99.6	
98.5	99.4	
98.9	99.6	
98.5	99.2	
88.2	68.5	
98.5	98.8	
97.9	98.8	
98.5	99.2	
88.4	99.4	
78.9	99.6	
78.9	99.6	
98.9	99.6	
79.3	98.6	
