74.1	89.7	
-89.4	89.7	
92.5	98.8	
87.4	99.4	
98.1	89.7	
98.5	89.7	
83.2	89.7	
99.1	83.7	
98.1	89.5	
98.7	89.7	
99.1	99.4	
96.3	79.6	
98.5	89.5	
78.9	79	
85	89.5	
99.3	89.7	
99.3	89.7	
98.9	69.5	
99.1	89.7	
98.9	89.3	
99.3	89.7	
99.1	89.5	
99.1	77.8	
99.1	87.7	
99.3	89.7	
99.3	89.7	
98.3	89.7	
98.9	89.1	
98.5	89.7	
99.3	89.7	
99.3	68.9	
87	89.7	
99.3	79.6	
98.9	89.5	
99.3	89.5	
99.1	79.4	
99.3	89.3	
98.1	89.7	
99.3	89.7	
98.9	89.5	
88.2	69.3	
98.9	89.7	
79.1	89.5	
99.3	89.7	
99.3	89.5	
99.1	88.9	
99.3	79.6	
99.1	99.6	
99.1	79.6	
99.1	89.5	
98.9	89.3	
99.1	89.7	
99.3	89.1	
98.9	89.7	
99.1	89.7	
98.9	89.5	
98.7	89.7	
98.7	79.6	
99.1	87.5	
99.1	79.6	
99.3	89.7	
79.1	89.7	
99.3	89.7	
99.3	89.3	
99.1	79	
98.1	89.5	
99.1	79.4	
98.9	89.7	
98.9	89.7	
99.1	76.6	
98.5	89.5	
98.3	89.1	
99.3	79.2	
99.3	79.4	
99.1	89.5	
98.7	79	
99.3	89.7	
98.9	89.5	
97.5	99	
98.9	89.5	
99.1	88.7	
98.9	89.5	
99.3	89.7	
98.9	89.7	
77.1	89.7	
99.1	89.7	
98.9	79.6	
99.1	89.7	
99.3	89.7	
99.3	89.7	
99.3	79.6	
99.3	89.3	
99.3	89.7	
98.7	79.6	
98.7	99.4	
99.1	89.7	
98.7	89.7	
99.1	89.3	
98.5	89.5	
99.3	89.7	
98.3	89.7	
98.9	89.7	
99.1	89.7	
99.3	89.7	
98.7	89.7	
98.9	89.7	
99.3	89.7	
98.9	89.7	
98.7	89.5	
99.3	89.7	
99.3	89.7	
99.3	99.6	
97.9	89.3	
99.1	99.2	
99.3	89.5	
99.3	89.7	
98.1	99.4	
98.9	89.5	
99.1	89.5	
98.9	89.7	
99.3	89.5	
98.7	89.7	
99.1	89.7	
98.7	88.9	
99.1	89.5	
98.5	89.7	
98.1	69.5	
98.7	89.7	
99.3	78.6	
99.1	89.7	
98.9	89.7	
98.7	89.7	
98.7	89.5	
99.3	89.7	
99.3	89.5	
98.5	89.5	
99.3	89.7	
98.9	89.7	
97.7	89.5	
99.1	89.3	
99.1	89.3	
98.9	89.3	
98.5	89.7	
98.3	89.7	
99.1	89.7	
99.3	89.3	
98.1	89.7	
98.1	89.7	
98.5	89.7	
76.7	79.6	
97.7	89.7	
99.3	89.7	
87.6	99.6	
99.1	89.7	
98.9	89.7	
62.6	89.3	
99.1	89.5	
99.1	89.7	
98.9	89.7	
98.5	89.7	
98.5	89.7	
98.9	89.7	
98.9	89.7	
99.1	79.2	
99.1	89.7	
99.3	89.7	
98.7	88.3	
99.1	89.3	
99.1	89.7	
98.9	79.6	
98.5	69.1	
98.9	89.1	
98.9	98.8	
96.9	99.6	
98.9	99.4	
98.3	89.7	
99.3	99.6	
98.9	99.6	
97.5	99.6	
99.3	99.6	
99.1	99.4	
97.9	99.6	
99.3	99.6	
98.3	99.4	
98.9	99.4	
98.9	89.7	
99.1	99.6	
98.7	99.2	
98.5	99.4	
99.3	99.2	
99.3	98.4	
99.3	78.8	
99.3	99.4	
99.1	99.6	
99.1	89.1	
98.7	99.6	
99.3	99.6	
99.3	99.6	
99.3	99.6	
98.5	99.6	
98.3	99.6	
98.7	98.8	
99.1	99.2	
99.3	89.5	
99.1	99.6	
98.7	99.6	
98.7	99.6	
99.3	89.5	
99.3	99.4	
99.3	99.4	
99.1	99.6	
99.3	99	
99.3	99.6	
98.7	99.6	
99.1	99.6	
99.1	99	
98.9	99.6	
99.1	99.6	
97.9	89.7	
99.1	99.4	
99.3	99	
99.3	99.4	
98.9	99.4	
98.9	99.6	
98.9	99	
98.9	99.6	
98.1	89.5	
97.7	99.6	
99.1	99.4	
98.9	99.4	
98.9	89.7	
99.3	89.7	
99.1	99	
99.1	89.7	
99.1	89.5	
99.3	89.7	
99.3	89.7	
99.1	99.4	
99.3	99.4	
99.3	99.6	
99.1	99.6	
98.7	88.9	
99.3	89.5	
99.1	89.5	
87.2	89.7	
88.4	78.6	
98.9	89.7	
99.3	89.7	
99.1	89.7	
99.3	89.5	
98.5	69.5	
99.1	69.5	
98.7	89.7	
99.1	99.2	
99.3	99.6	
98.5	99.6	
99.3	99.6	
98.9	99.4	
99.1	99.6	
87.6	89.7	
98.7	99.6	
88.6	89.7	
98.7	99.6	
98.7	99.4	
98.5	99.4	
99.3	99.6	
98.9	79.6	
99.1	89.3	
98.1	99.6	
99.3	99.6	
89.4	99.6	
98.3	99.4	
99.3	89.1	
88.2	99.6	
98.9	99.4	
89.2	89.3	
98.5	99.4	
98.9	89.5	
98.1	99.6	
99.3	99.6	
99.1	98.8	
99.3	68.5	
99.3	99	
98.5	99.4	
99.1	99.2	
99.3	89.3	
99.1	99.2	
99.1	99.2	
99.3	99.6	
99.1	99.6	
66.4	99.6	
99.1	89.3	
99.3	99.6	
99.1	99.6	
98.9	99.2	
98.9	99.6	
98.9	88.9	
98.9	99.2	
98.9	99.6	
99.1	99	
97.7	99.6	
98.5	89.1	
99.1	79.4	
99.1	99.6	
99.1	99.4	
98.7	89.5	
99.3	99.6	
99.1	99.2	
99.3	98.2	
98.7	99.2	
99.3	99.6	
99.1	99.2	
99.3	99.6	
99.1	99.6	
99.3	99.6	
98.7	99.6	
98.9	99.6	
99.3	99.6	
99.1	99.4	
99.3	99.4	
98.1	99.6	
99.1	99	
98.9	99	
98.3	99.6	
99.1	99.6	
98.3	99.6	
98.9	99.6	
99.1	99	
99.1	99.6	
99.3	99.6	
98.3	99.6	
99.1	99.6	
98.9	99.2	
98.5	99.6	
98.9	99.6	
99.1	99.6	
99.1	89.5	
98.9	89.3	
99.3	99.6	
99.3	98.2	
99.3	89.5	
98.7	99.6	
99.3	89.3	
98.9	99.4	
98.9	98.4	
99.3	99.4	
99.3	99.6	
99.3	99.4	
98.7	99.4	
99.1	99.6	
98.7	99.4	
98.7	99.6	
98.5	89.5	
99.1	99.4	
98.9	99.2	
99.1	99.6	
98.7	99.4	
98.9	99.6	
98.7	99.4	
98.7	99.6	
99.1	89.5	
98.7	99.4	
99.3	89.7	
98.1	98.4	
99.3	89.1	
98.1	99.4	
98.5	79.6	
98.7	89.5	
98.7	89.7	
99.1	69.5	
98.5	99.6	
99.3	99.6	
98.9	89.3	
99.1	89.5	
99.1	99.4	
99.1	99	
98.9	99.6	
98.3	99.6	
99.3	99.6	
99.3	69.5	
98.5	99.6	
98.5	98.8	
99.3	89.7	
99.1	99.6	
99.1	99.4	
99.1	99.6	
98.7	99	
98.9	99.6	
98.9	99.4	
98.9	99.2	
99.1	89.7	
99.1	89.5	
98.7	99.4	
98.3	99.4	
98.9	99.4	
99.3	89.3	
99.1	98.8	
99.1	89.7	
99.3	99.6	
98.3	99.6	
99.1	99.2	
98.9	89.3	
99.1	89.5	
99.3	99.4	
99.1	89.7	
98.9	99.6	
99.3	99.6	
99.3	99.6	
98.9	99.6	
99.1	99	
99.1	99.6	
99.1	99.6	
99.3	89.5	
98.7	99.4	
98.9	99.6	
98.3	99.4	
99.3	99.6	
99.3	99.4	
99.3	99.6	
98.9	99.4	
98.1	99.2	
98.9	99.6	
98.9	99.4	
89.2	99.6	
99.1	79.6	
99.3	89.3	
99.3	99	
98.9	99.4	
99.3	98.8	
99.1	89.5	
99.3	99	
99.3	99.6	
98.5	99.4	
98.5	99.4	
99.3	99.4	
98.9	99.4	
99.3	99.2	
99.1	89.3	
99.3	99.6	
98.7	99.4	
99.3	99.6	
99.1	99.6	
98.9	99.4	
99.1	88.9	
99.3	99.6	
97.7	99.4	
99.1	99.6	
98.7	99.6	
98.9	99	
97.1	99.4	
99.1	99.6	
98.7	99.4	
98.9	99.4	
99.3	99.6	
98.3	99.4	
99.1	99.2	
98.9	99.6	
98.7	99.4	
98.7	99	
99.3	99.6	
98.9	99.6	
99.3	99.6	
99.3	99.6	
99.1	89.7	
99.3	89.7	
99.1	88.7	
98.1	79.2	
99.1	89.7	
99.3	79.6	
99.3	89.5	
99.1	89.3	
99.3	89.7	
98.9	89.7	
99.1	89.7	
98.9	89.7	
98.7	79.6	
99.3	89.7	
99.1	89.1	
98.9	88.9	
98.9	89.5	
99.1	79.6	
99.3	89.7	
99.1	99.2	
99.3	99.4	
98.9	98.8	
99.3	99.4	
99.1	89.3	
98.9	89.5	
99.3	89.7	
99.1	79.2	
99.3	89.7	
98.1	89.7	
98.5	89.5	
98.9	89.5	
98.5	99.2	
99.1	89.5	
98.7	88.9	
98.7	89.7	
99.1	89.7	
98.5	99.6	
