72.1	99.4	
55.1	89.7	
94.9	89.5	
91.7	89.7	
93.1	89.5	
93.3	99.6	
92.7	99.6	
73.3	99.6	
95.1	99.6	
98.7	99.6	
97.5	99.6	
97.9	99.6	
99.3	99.6	
98.9	99.6	
98.9	89.7	
99.3	99.6	
96.9	99.4	
98.7	99.6	
99.1	99.6	
89	99.6	
97.5	99.6	
98.5	99.6	
99.1	99.4	
88.8	89.3	
99.1	85	
99.1	99.2	
99.1	99.4	
98.9	89.1	
98.7	99.6	
99.3	89.7	
99.1	99.4	
98.5	99.4	
99.3	89.5	
88.8	89.7	
99.1	98.2	
99.1	99.4	
99.1	99.6	
99.3	99.6	
99.3	99.4	
99.3	99.6	
98.7	99.4	
99.3	99.6	
69.2	99.2	
99.1	99.6	
99.3	99.4	
99.3	98.6	
99.1	99.2	
99.3	99.4	
99.1	99.6	
98.7	89.1	
97.7	88.3	
98.9	89.3	
99.3	99.6	
99.3	89.5	
99.1	89.5	
99.1	99	
98.7	99.4	
99.3	99.6	
98.9	89.7	
99.1	99.6	
98.9	99.6	
99.1	99.6	
99.3	99.6	
98.7	99.6	
99.1	99.2	
99.1	99.6	
99.1	99.6	
98.5	98.8	
99.1	88.9	
89.2	99.6	
99.1	99.2	
99.1	88.9	
98.7	99.2	
98.5	99.4	
98.9	99.6	
99.3	99.6	
99.1	99.4	
99.1	99.2	
98.9	99.6	
99.1	99.4	
99.3	99.6	
99.3	88.9	
99.1	99.6	
88.8	89.7	
99.3	99.6	
99.3	99.4	
98.3	99.6	
99.3	99.4	
88.4	99.6	
99.1	99.6	
98.9	99.6	
99.3	99.2	
98.3	99.4	
98.7	99.6	
89.2	99.6	
98.9	99.6	
99.3	89.1	
99.3	99.6	
89.2	99.6	
99.3	99	
98.5	99.6	
98.9	99.6	
98.9	89.5	
98.9	89.3	
99.3	99.6	
99.3	99.6	
98.7	99.6	
99.1	99.4	
99.1	89.5	
99.3	99.6	
99.1	99.2	
99.3	99.6	
97.9	99.6	
99.1	99.6	
99.3	88.9	
98.7	99.6	
99.1	99.4	
89	98.8	
98.7	99.4	
99.3	99	
99.1	99.6	
99.3	99.6	
99.3	79.4	
99.1	99.6	
99.3	99.4	
99.1	99.4	
99.3	99	
99.3	99.6	
99.1	99.6	
99.3	99	
99.3	99.6	
99.1	99.6	
99.3	99.6	
88.2	99.4	
99.1	99.6	
99.3	99.4	
89	99.4	
78.9	99.4	
98.1	99.4	
99.3	89.7	
99.1	99.6	
99.1	99.6	
99.1	99.6	
99.1	99.6	
98.3	99.4	
98.9	99.6	
98.9	99.4	
89.2	99	
99.3	99.6	
99.3	89.7	
99.3	99.6	
99.1	99.6	
98.9	99.6	
99.3	99.4	
99.1	99.4	
98.1	99.6	
99.3	99.4	
88.6	99.6	
99.3	89.5	
98.9	99.4	
99.1	99.6	
98.3	99.6	
99.3	79.2	
99.3	99.4	
99.3	89.3	
98.7	99.2	
99.1	99.6	
99.3	99.4	
99.3	88.5	
99.1	99	
99.3	99.6	
88.8	99.6	
99.1	99.6	
99.1	99.6	
99.1	99.6	
98.9	99.4	
99.1	88.9	
98.7	99.6	
98.9	98.8	
98.5	89.7	
89.2	99.2	
99.3	99	
99.3	99.2	
99.3	99.6	
98.9	99.6	
98.7	99.6	
99.3	99.6	
98.3	99.6	
99.1	99.6	
99.1	99.6	
98.7	99.4	
98.9	89.5	
98.9	99.6	
99.1	99.6	
98.9	99.6	
99.1	99.6	
99.3	99.6	
98.7	99.6	
78.3	99	
99.1	99.6	
99.1	99	
99.3	99.4	
89	99	
89.2	99.6	
98.9	99.6	
99.3	99.6	
99.1	99.6	
98.7	99.6	
98.9	99.6	
99.3	99.6	
99.1	99.6	
99.3	99.4	
99.1	99.2	
99.1	99.6	
99.1	99.6	
89.2	89.5	
99.1	99.2	
99.1	89.7	
99.3	99.2	
98.9	98.6	
99.3	99	
99.3	99.4	
99.3	99.6	
99.3	99.4	
98.9	89.5	
99.3	99.6	
99.1	89.7	
99.3	99.4	
99.3	99.4	
99.1	99.4	
98.7	99.6	
99.3	89.7	
98.3	89.3	
99.3	99.6	
99.1	99.6	
99.3	99.6	
88.4	89.7	
98.9	99.6	
98.7	89.5	
98.9	99.6	
98.9	99.4	
99.3	99.6	
99.1	99.4	
99.1	99.6	
99.1	99.2	
99.1	99.6	
98.5	99.6	
99.1	89.5	
99.1	99.6	
99.1	99.4	
98.9	99.2	
99.1	99.6	
88.2	99.2	
99.3	99.6	
99.1	99.2	
98.9	89.1	
98.9	99.6	
99.1	89.1	
99.3	99.4	
99.3	99.4	
98.5	99.6	
98.7	99.4	
99.1	99.4	
99.3	99.2	
99.3	99.2	
99.1	99.4	
98.7	99	
99.3	99.4	
98.9	99.4	
98.9	99	
99.3	99.6	
99.1	99.4	
99.3	99.2	
99.3	99.6	
99.3	99.6	
99.3	99.6	
99.3	99.6	
98.9	99.6	
99.3	99.4	
99.1	99.4	
99.1	99.6	
98.9	99.6	
99.1	99.4	
98.9	89.5	
99.1	99.6	
99.3	99.6	
99.3	99	
89.2	88.7	
99.1	99.6	
99.3	98.8	
99.3	79.2	
99.1	99.6	
99.1	99.4	
98.9	99.6	
99.3	99.4	
98.3	99.4	
99.1	99	
99.3	99.6	
99.3	98.8	
99.1	99.6	
99.3	99.2	
99.1	99.6	
98.9	99.6	
99.3	99.4	
98.5	99.6	
99.1	99.4	
99.3	99.4	
89	99.6	
99.3	99.4	
99.1	99.4	
98.9	89.5	
99.1	99.4	
88.8	98.4	
98.9	99	
99.3	99.4	
99.1	99.6	
98.5	89.7	
99.3	99.6	
99.1	99.6	
98.9	99.4	
99.3	99.4	
99.3	88.3	
99.1	99.4	
99.3	99.4	
99.1	89.5	
99.3	98.8	
98.9	99.6	
99.1	99.4	
99.1	99.4	
98.9	99.4	
99.1	99.2	
98.9	99.2	
98.7	99	
99.3	99.6	
99.1	99	
99.1	99.6	
99.3	99.6	
98.9	99.4	
99.1	99	
99.1	99.6	
99.1	99.6	
99.3	99.4	
98.9	99.2	
98.9	99.4	
99.1	99.4	
98.9	99.6	
99.1	99.6	
89.2	99.6	
99.1	99.6	
99.3	99.6	
99.3	99.6	
98.7	99.4	
98.9	99.6	
98.7	99.2	
99.3	99	
99.1	89.5	
98.9	89.7	
99.3	99.6	
99.3	99.6	
99.3	89.5	
97.5	99.6	
99.3	98.6	
99.1	99.6	
98.9	99.4	
99.1	99.6	
98.7	89.5	
98.9	99.2	
99.1	79.4	
98.7	89.7	
99.3	99.4	
98.9	89.5	
98.3	99.6	
99.1	99.6	
99.1	99.6	
99.1	99.6	
99.3	99.2	
99.3	99.6	
99.1	99.2	
99.1	99.4	
88.2	99.2	
89.2	99.6	
98.7	89.3	
99.1	99.6	
98.9	99.6	
99.3	99.6	
98.9	99.6	
99.3	99.6	
99.3	99.2	
99.1	99.2	
99.3	99.6	
99.3	99.6	
99.3	99.6	
99.1	99.4	
99.1	99.6	
98.7	99.6	
99.3	99.6	
98.9	99.4	
99.3	99.6	
99.3	99.2	
99.3	99.6	
99.1	89.5	
99.1	99.6	
99.1	99.6	
99.1	99.6	
98.7	89.5	
99.3	99.6	
99.3	99	
98.5	99.6	
98.9	99.6	
98.9	99.2	
99.1	99.4	
99.3	99.4	
98.9	99.6	
98.9	99.4	
98.9	99.6	
99.1	99.4	
99.3	99.2	
99.3	99.6	
98.3	99.6	
98.9	99.2	
99.3	99.2	
98.5	99.6	
99.1	99.4	
99.3	99.6	
88.8	99.6	
99.3	99	
99.1	99.6	
99.3	89.7	
99.3	99.2	
98.9	99.6	
99.3	99.6	
99.3	99.6	
99.3	99.4	
99.1	99.2	
99.1	99.6	
99.3	99.4	
99.3	99.4	
98.9	99.4	
99.1	99.6	
99.3	99.2	
99.1	99	
99.1	99.6	
98.9	99.6	
98.7	99.6	
98.9	89.7	
99.1	99.4	
98.9	99.6	
99.1	99.6	
98.9	89.5	
98.9	99.6	
98.9	99.4	
99.3	99.6	
99.3	99.6	
99.1	99	
99.1	99.6	
99.1	99.4	
99.3	99.6	
99.3	99.4	
98.9	89.5	
99.1	99.4	
98.9	98.6	
99.1	99.6	
98.7	99.4	
99.3	99.4	
99.1	99.4	
99.1	99.4	
99.3	99.6	
89.2	99.2	
99.1	99.6	
98.5	89.7	
99.3	89.5	
99.3	99.6	
98.7	99.4	
99.1	89.5	
99.1	99	
99.1	99.2	
88.6	89.7	
98.1	99.4	
99.3	99.2	
98.7	89.5	
99.3	99.4	
99.3	99	
99.1	99.2	
89	99.6	
99.3	99.6	
99.1	99.4	
99.1	99.6	
99.1	99.6	
99.3	99.6	
99.3	99.6	
98.9	99.2	
99.3	99.2	
99.3	99	
99.3	99.4	
99.1	99.6	
89	99.6	
98.5	99.6	
98.7	89.3	
68.4	99.6	
99.3	99.6	
