97.1	69.5	
78.1	89.7	
94.1	57.4	
34.1	89.7	
64.6	89.5	
95.7	89.3	
96.9	59	
88.4	99.6	
96.5	98.2	
88.6	99.4	
93.1	79	
99.1	87.9	
75.1	88.7	
82.4	99.2	
97.1	99	
96.3	92.4	
98.9	88.7	
97.5	99.2	
88.2	79.4	
97.7	86.7	
34.5	88.5	
55.9	99.2	
97.3	99.6	
96.1	89.3	
99.3	99.2	
99.1	79.2	
69.2	99.6	
51.1	86.3	
99.3	67.1	
97.5	99.6	
98.3	99	
98.9	84.7	
90.9	89.7	
98.7	99.6	
95.7	99.6	
98.3	89.5	
94.9	99.2	
90.5	98.6	
87.2	94.6	
98.3	88.1	
97.5	99.4	
98.1	99	
98.9	89.7	
99.3	98.4	
77.7	89.1	
99.1	99.4	
98.3	99.4	
98.7	97.2	
98.7	99.6	
67.2	78.6	
98.7	89.7	
98.1	99	
88.2	89.3	
98.1	99.2	
98.1	98.8	
99.3	99.2	
98.9	99.6	
97.9	98.2	
99.1	99.2	
98.1	99.4	
98.7	99.2	
99.3	99.2	
98.7	89.5	
98.5	99.2	
54.9	89.7	
98.1	99.4	
76.1	99.6	
97.7	99.6	
97.9	99.6	
97.3	88.7	
98.5	89.7	
98.1	98.8	
98.1	88.1	
98.7	89.5	
85.4	99.4	
98.5	99.6	
78.9	89.7	
99.3	89.5	
99.3	79	
98.1	79.6	
99.1	98.6	
99.1	89.3	
99.1	78.2	
97.9	79.4	
99.1	88.5	
98.7	99.4	
99.3	69.1	
98.7	89.7	
98.7	79.4	
99.3	89.3	
98.9	89.1	
98.5	99.6	
97.5	79.6	
78.5	89.7	
88.4	99.6	
99.1	99.4	
98.9	99.6	
88.4	79	
98.7	99.6	
96.9	99.2	
88	99.6	
98.1	99.6	
97.9	79	
98.7	89.1	
97.5	89.5	
98.1	89.7	
97.1	89.7	
98.9	99.4	
98.9	99.6	
98.1	99.6	
98.3	99.6	
98.7	79	
98.3	87.7	
97.7	88.9	
98.5	99.6	
97.9	89.7	
99.1	89.7	
98.7	89.1	
88.2	79	
97.3	89.1	
99.3	89.5	
99.1	88.9	
98.7	89.5	
98.7	97.6	
88.8	67.9	
98.5	88.9	
98.9	99	
97.7	88.5	
98.5	88.7	
78.9	98.6	
97.7	98.6	
98.9	68.5	
98.7	89.5	
99.3	89.3	
98.3	89.7	
99.1	89.5	
98.1	99	
98.5	99.6	
97.9	89.7	
98.9	99.4	
98.9	99.2	
98.7	88.9	
98.3	89.1	
98.3	89.7	
98.7	89.7	
98.9	99.2	
98.5	98.8	
78.5	89.3	
99.1	69.1	
98.1	79	
99.3	88.7	
98.9	89.5	
98.9	99	
98.5	98.8	
96.1	89.7	
97.9	89.3	
98.9	89.3	
98.1	88.7	
88.2	99	
99.3	89.5	
97.3	89.5	
98.5	89.7	
99.3	89.7	
68.6	89.5	
88.4	69.3	
98.7	89.7	
58.3	89.7	
98.9	88.5	
37.5	48.5	
97.5	99.6	
98.1	89.7	
89.2	89.1	
98.5	99.6	
99.3	89.3	
97.1	89.7	
77.3	99	
98.9	99.6	
98.7	98.8	
98.3	79.4	
98.5	89.5	
98.1	99.4	
98.7	99.4	
97.3	99.4	
99.3	89.1	
97.5	89.3	
98.7	89.7	
99.1	98.2	
98.3	69.3	
98.3	98.6	
97.1	78.4	
99.1	67.9	
99.3	89.7	
98.9	99.2	
98.9	99.4	
99.1	89.3	
67	69.5	
98.9	89.5	
98.7	99.6	
98.9	89.3	
98.1	99.4	
98.5	86.7	
96.7	89.5	
99.1	99.6	
88.2	99.4	
98.5	89.7	
97.7	99.2	
98.5	88.9	
98.7	99.4	
88.2	99.4	
98.7	98.8	
98.7	89.7	
77.5	88.7	
99.1	99.4	
98.1	99.6	
99.3	89.3	
98.3	89.3	
99.1	99.2	
98.9	79	
98.5	79.4	
99.3	58.8	
98.7	89.7	
99.1	99.6	
98.5	89.7	
98.3	88.9	
99.1	99.4	
89	79.2	
97.9	99.6	
98.3	98.6	
98.9	89.7	
98.9	98.6	
97.5	99.6	
98.7	98.8	
99.3	88.5	
95.7	88.5	
89.4	89.5	
98.7	79.4	
88.4	89.1	
98.9	89.5	
98.7	99.6	
98.9	89.7	
98.7	99.2	
98.7	88.9	
99.3	79.4	
98.9	99.2	
53.3	89.7	
99.3	89.7	
98.9	99.6	
98.1	99.4	
88.8	88.5	
97.5	99	
99.1	87.5	
98.3	88.9	
99.1	89.3	
98.7	99.2	
48.4	79.6	
98.9	88.9	
66.8	99.4	
89.4	99.4	
68.2	57.6	
95.5	99.6	
99.3	79.2	
99.3	89.7	
98.5	89.1	
99.1	88.1	
77.7	99.2	
98.1	89.1	
98.5	99.2	
98.9	89.1	
99.1	89.5	
98.5	68.7	
97.7	79.2	
97.1	89.7	
98.9	89.7	
99.1	88.9	
97.1	99.6	
98.7	99.6	
98.5	99	
98.9	88.3	
98.7	99.2	
98.7	89.3	
98.5	89.7	
78.5	88.7	
99.1	97.8	
99.1	98.6	
68.2	68.5	
98.9	99.2	
97.9	87.9	
87.8	89.3	
99.3	99.4	
99.3	89.1	
97.1	88.5	
86	89.1	
97.9	79	
98.7	78.4	
99.3	99.6	
98.3	89.7	
88	99.4	
97.9	89.5	
97.5	89.1	
99.1	89.7	
98.5	89.7	
37.3	89.1	
78.7	89.5	
89.4	99.2	
98.1	89.7	
98.1	99	
98.3	99.4	
88.8	79.4	
97.5	89.7	
79.3	99.2	
98.3	97.2	
98.9	89.7	
98.7	89.7	
97.9	88.7	
89.2	99.2	
98.7	89.7	
98.9	58.2	
98.3	99.4	
98.5	99.6	
58.3	79	
97.9	89.5	
99.3	98.4	
98.9	89.3	
98.7	78.2	
98.5	69.5	
98.5	89.7	
99.1	79.2	
98.1	99.6	
77.5	78	
99.3	98.6	
98.9	89.7	
99.1	99.6	
87.8	89.1	
97.9	98.6	
98.5	99.6	
98.9	99.6	
98.7	89.7	
97.3	89.3	
99.3	89.5	
88.2	99.4	
98.5	79.4	
98.7	89.5	
99.1	99	
99.3	89.7	
98.3	98	
66.6	99.6	
98.9	85.7	
99.1	89.3	
98.3	99.4	
99.3	88.5	
77.5	99.4	
99.1	79.4	
97.7	98.8	
98.7	79.6	
89	79.4	
99.3	99	
98.9	99.4	
97.7	79.6	
98.9	99.2	
98.1	89.7	
98.7	89.7	
97.9	88.1	
97.7	79.6	
98.5	99.4	
98.3	89.3	
53.9	88.9	
98.7	47.5	
99.1	89.1	
97.9	98.8	
98.7	79.6	
98.5	99.4	
98.7	99.4	
99.3	89.7	
67	99.6	
99.1	99	
97.9	89.3	
99.1	99.4	
98.5	69.3	
98.9	99.6	
99.1	68.9	
97.5	99.6	
98.5	79	
98.9	89.3	
97.9	89.7	
98.3	56	
98.1	99	
87.6	99.6	
99.1	77.2	
98.7	98.8	
98.9	99	
99.1	68.5	
99.1	89.5	
98.5	99.2	
98.5	89.7	
88.8	89.1	
99.1	99.2	
98.3	99	
97.9	99.2	
97.7	99	
99.3	88.5	
98.7	98.8	
96.5	89.5	
89.2	99.2	
99.3	97.6	
98.5	89.5	
97.9	89.5	
97.9	88.9	
99.3	78	
99.1	99.6	
98.3	89.7	
97.5	99.6	
89	89.7	
98.5	79.6	
97.9	89.1	
99.1	89.7	
98.3	89.1	
99.1	99.4	
98.5	99	
99.1	68.5	
98.5	78.8	
75.7	99.2	
98.9	79.4	
97.9	89.7	
88.6	89.7	
98.9	79	
98.9	79.6	
98.9	89.5	
98.3	99.6	
97.9	89.5	
99.3	89.5	
98.9	99.6	
88.6	89.3	
98.9	79.4	
97.3	89.3	
98.5	99.6	
88.4	89.7	
97.3	89.3	
87	99.4	
66.2	79.4	
98.9	99.6	
99.1	78.8	
98.5	99.6	
98.5	89.7	
97.9	89.7	
78.7	99.4	
88.6	99.4	
98.5	58.2	
98.1	78	
98.3	89.7	
43.6	89.5	
97.3	99.6	
98.7	99	
98.7	89.7	
97.9	89.7	
76.5	89.3	
98.7	89.5	
98.1	99.4	
99.1	99.2	
98.9	99.4	
89.2	89.5	
98.9	68.9	
98.9	99.6	
98.7	78.6	
97.5	78.4	
85	98.4	
98.7	88.3	
77.9	99.6	
98.9	99.2	
97.9	89.1	
98.9	89.7	
99.1	89.5	
98.9	99.6	
98.9	79	
99.1	89.3	
98.5	88.7	
97.3	99.2	
98.9	89.5	
98.7	79.6	
99.3	99.6	
89	99.6	
98.9	89.7	
97.9	99	
98.7	58.4	
86.4	99.2	
98.7	89.3	
99.3	89.1	
99.1	89.5	
98.1	99.6	
98.9	88.3	
98.7	79.6	
98.1	89.3	
98.5	79.6	
99.1	79.2	
99.3	99.4	
87.6	89.7	
78.1	78.8	
98.3	99.4	
99.1	99	
99.1	99.4	
78.3	89.5	
