78.9	80.2	
81.4	98.2	
35.5	88.9	
-44.7	99.2	
-4.9	99.2	
97.5	99.6	
97.7	68.4	
78.3	86.3	
97.5	99	
95.9	98.8	
98.7	99	
97.9	99	
97.3	99.2	
87.4	89.3	
98.9	99.2	
78.9	99	
98.9	99.6	
98.7	89.7	
99.3	99.6	
98.9	99.6	
97.5	89.7	
98.5	99.6	
98.3	99.6	
98.5	99.6	
95.9	99.6	
99.1	99.6	
98.9	99.4	
99.1	99.6	
99.3	99.6	
99.3	99.6	
99.1	89.7	
99.1	99.6	
99.3	99.4	
98.9	99.4	
99.1	99.6	
99.1	99.6	
98.9	99.6	
99.3	99.6	
99.1	99.6	
98.9	99.2	
98.9	99.4	
99.1	99.2	
99.3	99.6	
98.5	99.4	
99.3	99.6	
99.1	99.6	
99.3	99.6	
99.1	89.7	
98.9	99.6	
99.3	99.6	
99.3	99.6	
99.3	99.6	
99.3	99.6	
99.3	99.6	
99.3	99.6	
99.3	89.3	
99.1	99.6	
99.1	89.7	
98.9	99.2	
99.3	99.6	
99.3	99.4	
99.3	99.4	
98.9	99.4	
99.1	99.6	
99.3	99.6	
99.1	99.2	
99.1	99.2	
98.9	89.7	
99.1	99.6	
99.3	99.6	
99.1	99.6	
99.1	99.4	
98.9	99.2	
99.1	99.6	
99.3	99.6	
99.1	89.5	
99.3	99.6	
99.3	99.6	
98.5	99.2	
99.1	99.4	
99.1	99.4	
99.3	99.6	
99.3	99.6	
98.7	99.6	
99.1	89.7	
98.9	89.7	
99.1	98.8	
99.3	99.6	
99.3	99.6	
99.3	89.3	
99.3	99.6	
99.3	99.6	
99.3	99.6	
99.3	89.7	
98.9	99.6	
98.9	99.6	
99.3	99.6	
99.3	99.4	
99.3	99.6	
99.1	99.2	
99.1	99.6	
99.3	89.7	
99.3	99.4	
99.3	99	
99.3	99	
99.3	99.6	
98.9	99.6	
99.1	99.6	
99.1	99.6	
99.1	99.6	
99.1	99.6	
99.3	99.4	
99.1	99.4	
99.3	99.6	
98.9	99	
99.1	99.4	
99.3	99.4	
99.3	99.4	
99.3	99.6	
99.3	99.6	
98.9	98.6	
98.7	99.6	
99.3	89.3	
99.1	99.4	
99.3	99.6	
99.1	99.2	
99.3	99.4	
99.1	99.6	
99.3	99.2	
99.3	99.4	
98.9	99.6	
99.3	99.6	
99.1	99.6	
99.3	99.6	
99.3	99.6	
98.9	99.6	
99.3	89.7	
98.5	99.6	
98.7	99.6	
98.3	79.2	
99.3	99.4	
99.3	99.6	
99.3	99.4	
99.3	99.6	
98.7	99.6	
98.5	99.4	
99.3	99.6	
99.3	99.6	
99.1	99.4	
99.1	99.4	
98.9	99.6	
99.3	99.4	
98.7	99.6	
99.3	99.2	
99.1	99.2	
98.7	99.4	
99.3	99.6	
98.7	99.4	
99.1	99.6	
99.3	99.6	
99.3	99.6	
99.1	99.6	
99.1	99.2	
99.1	99.6	
99.3	99.4	
99.3	99.6	
99.3	89.5	
99.3	89.7	
99.3	99.4	
99.3	99.2	
99.3	99.4	
99.3	99.6	
99.3	99.6	
99.1	89.7	
99.3	88.1	
99.3	79.4	
99.1	99.6	
98.9	99.4	
99.3	99.6	
99.3	99.6	
99.1	99.4	
98.9	99.6	
99.3	99.4	
99.1	99.6	
99.3	99.2	
98.3	99.6	
99.1	99.4	
99.1	99.6	
98.7	99.4	
99.1	99.4	
99.1	89.7	
99.3	89.7	
99.3	89.5	
99.3	99.4	
99.3	99.6	
99.3	89.5	
99.1	79.4	
99.3	99.6	
99.3	99.6	
99.3	99.6	
98.9	99.6	
99.3	79.4	
98.9	99	
98.3	99.6	
99.1	99.6	
98.7	99.4	
99.3	99.2	
98.7	99.4	
99.3	98.8	
99.3	99.6	
98.9	99.6	
98.9	89.7	
98.9	99.6	
99.1	99.6	
99.3	99.6	
99.3	99.6	
97.9	99	
99.1	99.6	
99.3	89.7	
99.1	89.3	
99.3	89.7	
98.9	89.5	
98.9	99.6	
99.3	99.6	
99.1	99.6	
99.3	99.6	
99.1	99	
98.9	99.6	
99.3	99.6	
99.1	99.6	
99.3	99.6	
99.3	99.4	
99.1	99.6	
99.3	99.6	
98.9	99.6	
98.9	99.6	
99.3	99.6	
99.1	99.6	
98.9	99.4	
99.3	99.6	
98.5	99.4	
99.3	99.4	
99.3	99.6	
98.9	89.5	
99.1	99.2	
98.7	99	
99.3	99.6	
99.3	99.6	
99.1	99.4	
99.3	99.6	
99.1	99.4	
99.1	99.6	
99.3	99.6	
99.3	99.6	
99.3	99.4	
99.3	89.5	
99.1	99.6	
98.3	99.2	
99.3	99.6	
99.3	99.6	
99.3	99.4	
99.3	99.6	
99.3	99.6	
98.7	99.4	
78.9	99.6	
99.1	99.6	
98.7	99.6	
99.1	99.4	
99.3	99.6	
99.1	99.6	
99.3	99.4	
98.9	99.6	
99.3	89.7	
98.3	99.6	
99.3	99.4	
99.1	99.6	
99.3	99.6	
99.1	99.4	
99.1	99.4	
99.3	99.6	
99.1	99.6	
99.3	99	
99.1	99.4	
99.3	99.6	
98.5	99.6	
99.3	98.6	
98.9	89.7	
99.3	99.6	
98.9	99.6	
99.1	99.6	
99.1	99.6	
98.9	99.6	
98.9	99.4	
99.1	99.6	
98.9	99.6	
99.3	99.6	
99.3	99.6	
99.3	99.2	
99.1	99.2	
98.9	99.4	
99.3	99.6	
99.1	99.6	
99.1	99.6	
99.1	99.6	
99.3	99.6	
99.3	99.6	
99.3	98.8	
99.3	99.6	
99.1	99.6	
99.3	99.4	
99.3	88.5	
98.7	99.6	
98.9	99.6	
99.3	99.6	
99.3	99.2	
98.7	99.6	
98.9	99.4	
98.1	99.6	
99.3	99.6	
99.1	89.7	
99.1	99.6	
98.7	99.6	
98.7	99.6	
99.3	98.8	
99.3	99.6	
99.3	99.6	
99.1	89.7	
99.3	99.6	
99.3	99.6	
99.1	99.6	
98.9	99.6	
98.9	99.6	
99.3	99.6	
98.7	99.2	
99.3	99.6	
99.3	89.7	
99.3	99.6	
99.1	99.6	
99.1	89.7	
98.7	99.6	
99.1	99.6	
99.3	99.6	
99.3	99.6	
99.3	99.6	
99.3	99.2	
98.9	89.7	
99.1	99.6	
99.1	99.6	
99.3	89.5	
99.1	89.7	
99.3	99.6	
99.3	99.4	
99.3	99.4	
98.9	99.6	
99.3	99.6	
98.3	99.4	
99.1	99.6	
99.1	99.6	
98.9	99.6	
99.1	99.4	
99.3	89.7	
99.3	99.6	
99.3	99.6	
98.7	99.6	
99.3	99.6	
99.1	99.6	
99.3	99	
99.3	99.6	
99.3	89.7	
99.3	99.4	
99.3	99.6	
98.9	89.5	
99.1	99.6	
99.1	99.6	
98.5	99.2	
99.3	99.6	
98.1	99.6	
99.3	99.6	
99.3	99.4	
99.3	99.6	
99.1	99.4	
99.3	99.6	
98.7	99.6	
99.1	99.6	
99.3	99.2	
98.9	99.6	
99.3	99.6	
99.3	99.6	
99.3	99.6	
99.3	99.6	
99.3	99.4	
99.3	89.5	
99.3	99.6	
99.1	79.4	
99.3	99.6	
99.1	99.6	
99.3	99.6	
99.3	89.3	
98.7	99.4	
99.1	99.6	
99.3	99.2	
99.1	98.8	
99.1	99.6	
98.9	99.6	
99.3	99.6	
99.3	99.6	
99.3	99.4	
99.3	89.3	
99.3	99.6	
99.1	99.6	
99.3	99.6	
99.3	99.4	
99.3	99.6	
99.3	99.2	
99.3	89.7	
99.3	99.4	
99.3	99.6	
99.3	99.4	
99.3	99.6	
99.3	99.6	
99.3	78.8	
99.3	99.4	
99.3	99.6	
99.3	99.6	
99.3	89.3	
99.3	99.6	
99.3	99.6	
99.1	99.4	
99.3	99.6	
99.1	99.2	
99.3	99.2	
99.3	99.6	
99.3	99.6	
99.1	98.6	
99.3	99.2	
99.1	99.4	
99.1	99.6	
99.3	99.6	
99.1	99.4	
99.3	99.4	
98.9	89.5	
98.5	99.6	
98.9	89.7	
99.1	99.6	
99.3	99.6	
99.1	99.6	
99.1	99.6	
99.3	99.2	
98.9	99.2	
99.3	99.4	
99.3	99.6	
99.3	99.4	
99.3	99.4	
99.3	99.4	
99.3	99.4	
99.1	99.6	
98.5	99.6	
99.3	99.4	
99.3	99.6	
99.1	89.5	
99.3	99.6	
98.5	99.6	
99.1	99.6	
99.3	99.4	
98.9	89.7	
99.3	99.6	
99.1	89.3	
99.1	99.6	
99.1	99.4	
99.3	99.6	
99.1	99.2	
99.3	89.5	
99.1	99.2	
98.9	99.6	
99.3	99.6	
98.9	99.6	
99.3	99.6	
98.9	99.6	
98.9	89.5	
99.3	99.6	
98.5	99.4	
99.1	99.2	
99.3	99.2	
99.3	99.6	
99.3	99.6	
99.3	99.6	
99.1	99.6	
98.9	99.6	
98.5	99.6	
98.9	99.6	
99.3	99.6	
99.1	99.4	
99.3	99.4	
98.7	99.6	
99.3	89.5	
99.3	99.2	
99.1	99.6	
99.1	99.6	
98.9	99.2	
99.1	68.9	
