-14.5	79	
2.3	99.6	
97.9	89.7	
95.7	99.4	
77.3	99.4	
96.9	99.6	
94.3	98.8	
34.9	89.7	
96.9	99	
97.7	89.5	
99.3	89.5	
88.6	99.6	
98.5	89.5	
84	97.6	
97.1	98.8	
84	99.6	
98.9	99.4	
98.3	89.7	
97.3	99.4	
98.7	89.7	
98.9	99.6	
99.3	89.3	
99.3	99.6	
98.7	99.6	
96.9	68.3	
97.9	99.2	
99.3	98	
97.3	99.4	
97.9	89.1	
99.3	99	
98.3	89.5	
97.7	99.4	
98.5	98.2	
98.9	99.4	
97.7	99.4	
89.2	99.2	
99.1	99.6	
98.9	99.4	
98.7	98.8	
97.7	99.4	
77.5	89.5	
99.1	99.4	
99.1	98.8	
99.1	98.4	
99.1	98.4	
85.4	88.7	
98.1	99.4	
98.9	96.8	
97.7	99.4	
99.1	88.7	
98.9	89.5	
97.9	99.2	
97.1	89.3	
99.1	99.4	
99.3	99.4	
98.5	99.6	
99.3	99.4	
98.9	99.2	
99.3	89.5	
98.5	89.5	
97.9	99.4	
99.1	99.2	
98.7	99	
98.5	99.2	
99.3	99.6	
98.9	79.6	
96.7	88.9	
98.5	99.4	
88.4	99.2	
98.9	99	
98.9	99.4	
98.7	99	
98.1	98.8	
99.3	99	
86	99.4	
16.7	99.6	
98.5	98.6	
99.3	89.3	
88	99.4	
97.7	99.6	
99.1	99.6	
98.9	99	
65.4	99.2	
87.6	89.3	
54.3	78.4	
99.1	99.6	
99.1	89.5	
98.7	99.6	
87.2	99.4	
98.1	89.5	
88.4	99.2	
87.8	98.8	
99.1	99.6	
88.8	88.7	
96.9	89.5	
98.1	99.6	
98.1	99.6	
98.1	89.7	
95.7	89.7	
99.3	99.6	
99.1	99.6	
98.9	99.4	
98.9	99.4	
98.9	98.4	
98.5	89.5	
98.5	89.7	
98.3	99.4	
99.1	99.2	
99.1	98.8	
99.3	79.2	
98.9	89.3	
96.5	99	
98.5	99.4	
97.9	89.5	
97.9	97.8	
98.7	98.8	
98.9	99	
99.1	99.6	
88.8	89.3	
98.9	98.8	
88.8	89.1	
98.9	99.4	
98.3	98.8	
99.1	99.4	
99.1	99.4	
96.7	89.5	
97.7	99.4	
97.1	99	
99.3	99.6	
98.7	99.4	
98.3	99.4	
98.7	98.8	
65.8	89.7	
99.3	99.4	
98.9	99.6	
75.1	99.6	
98.7	99.4	
99.1	99	
99.1	89.3	
98.7	99.4	
78.1	99.6	
98.9	89.3	
99.1	99.4	
98.3	99	
98.7	99.6	
98.7	99	
98.1	99.6	
99.1	99.6	
99.1	99.6	
98.7	89.1	
98.5	88.9	
99.3	99.4	
98.9	87.3	
99.3	79.4	
99.1	89.5	
99.1	89.7	
98.7	98.6	
87.2	99.2	
98.5	99.4	
98.9	98.6	
98.1	99.6	
99.1	89.3	
75.1	89.5	
99.3	88.3	
67.8	99.6	
98.5	99.2	
83.8	89.7	
98.7	99.2	
97.7	99.6	
98.5	98.6	
98.7	79.4	
98.5	99.2	
98.5	99.6	
98.7	79	
99.3	79.4	
98.5	79	
97.7	99.4	
99.1	99.2	
98.9	89.7	
98.5	99.6	
98.9	99.4	
89.4	99.6	
98.9	99.4	
87.4	89.5	
99.1	98.8	
97.9	98.4	
98.9	89.1	
98.9	99.6	
99.3	89.7	
99.3	99.2	
97.3	99.6	
98.3	99.4	
99.3	99.6	
98.7	98.8	
98.5	99.4	
89	89.7	
99.1	99.6	
97.7	78.4	
99.3	99.6	
57.1	99.6	
98.9	87.9	
68	87.7	
89	89.7	
99.1	89.5	
96.9	89.7	
99.3	98.8	
98.9	99.6	
98.9	89.1	
98.1	89.5	
98.7	99.6	
99.1	89.1	
98.7	98.4	
98.9	69.5	
97.5	89.7	
99.1	89.3	
98.9	79.4	
98.7	89.5	
98.5	99	
99.1	99.6	
99.3	99.6	
96.9	99.2	
99.1	99.6	
78.7	99.6	
98.9	99	
99.1	98	
98.5	78.4	
98.5	99.6	
98.5	99.6	
98.3	79.4	
97.5	99.2	
98.5	99.2	
98.7	99.4	
98.3	98.8	
97.7	99.6	
98.5	99.2	
99.3	89.5	
98.9	99.2	
99.1	97.4	
98.5	98.6	
99.1	99.2	
99.3	99.4	
99.1	99.6	
99.3	89.3	
98.3	99.2	
99.3	99.6	
99.3	99.2	
99.1	99.4	
98.7	99.4	
98.7	99.2	
98.5	88.9	
98.3	98.4	
89	99.4	
98.9	98.2	
77.5	89.3	
89	99.4	
98.9	99.2	
98.9	98.6	
99.3	89.5	
97.5	98.6	
98.9	99	
89	89.7	
87.8	99	
98.9	99	
89	99.2	
98.9	98.8	
98.5	99	
98.9	99.4	
98.7	99.4	
98.9	99.2	
88.8	88.9	
88.2	99	
98.5	99.2	
99.3	99.6	
98.9	98.8	
99.1	99.6	
98.9	99.2	
99.3	88.9	
97.9	99.4	
98.5	99.2	
96.7	99.6	
98.7	99.4	
98.5	99.2	
99.1	99.4	
99.3	99.6	
67.6	99.6	
79.3	98.2	
98.5	98.6	
98.9	99.6	
99.3	98.6	
98.7	89.7	
98.1	99.6	
99.1	99	
87.4	99.6	
98.9	99.4	
98.5	99.4	
76.1	89.5	
97.7	89.5	
98.3	89.1	
77.1	99.6	
99.1	99.4	
99.1	99.4	
99.3	98.2	
97.3	68.3	
99.1	99.4	
68.2	89.1	
87.6	99.4	
77.5	99.6	
99.3	99.6	
97.7	99.4	
77.7	89.7	
99.3	88.7	
44.4	89.7	
99.3	99.4	
97.9	99.6	
78.9	89.5	
76.7	98.8	
99.3	89.3	
98.7	88.9	
99.1	99.6	
99.1	97	
89.4	99	
98.9	99.4	
98.5	99.4	
98.7	99.2	
98.7	89.5	
99.1	88.9	
89.2	99.4	
98.7	89.3	
99.3	98.2	
99.1	99.2	
99.1	99.4	
99.1	99.6	
99.1	89.5	
99.1	89.5	
98.7	99.6	
99.1	99.2	
88.6	89.3	
98.1	99.6	
99.1	89.3	
98.5	99	
98.1	88.9	
98.3	99.2	
98.9	99.2	
98.7	89.3	
98.9	79.6	
88.6	89.7	
98.3	99.6	
98.5	78.6	
77.1	89.7	
98.5	99.4	
98.5	99.6	
98.5	88.9	
98.9	89.5	
98.7	99	
98.7	89.7	
98.9	99.6	
99.3	89.7	
98.5	98.6	
98.5	89.7	
89.2	89.3	
78.5	99.6	
98.9	98.6	
98.1	89.3	
98.9	89.5	
88.8	99.6	
98.7	98.2	
98.9	99.4	
97.7	89.3	
99.1	99.2	
98.7	99.4	
99.1	88.7	
76.3	99.4	
98.1	99.6	
89	99.4	
97.1	99.6	
99.1	99.2	
99.1	89.7	
99.1	89.7	
98.3	89.5	
99.3	99.2	
97.3	79	
99.1	89.7	
98.5	89.7	
98.1	89.3	
98.3	99.6	
88.4	89.5	
97.9	99.4	
96.7	99.4	
98.3	89.3	
88.4	99.6	
88.6	89.7	
98.1	89.7	
88.8	49.1	
86.8	89.7	
99.1	98.8	
99.1	79	
98.7	88.5	
98.7	99.2	
78.7	89.5	
87.4	89.7	
55.5	99.6	
86.8	98.2	
99.1	99.4	
99.1	99.6	
98.7	99.2	
87.4	99.2	
98.7	98.4	
78.5	99.2	
98.7	99.2	
98.9	89.5	
98.1	99	
99.3	89.7	
88.4	88.9	
98.7	89.7	
99.1	99.2	
97.7	99.2	
98.7	79	
98.9	89.3	
88.6	99	
99.1	99.4	
98.1	99.2	
99.1	99.6	
98.7	89.7	
88.8	89.3	
88.8	89.5	
99.1	99.4	
65.6	98.4	
98.9	89.1	
99.1	99.2	
98.5	79.4	
98.7	98.6	
98.7	89.3	
98.9	99.2	
99.3	89.7	
99.3	99	
99.3	98.2	
99.3	99.6	
99.3	99.4	
98.9	99.6	
99.1	99.2	
98.7	99.2	
98.3	99.6	
98.9	99.6	
99.1	98	
98.9	89.5	
96.9	89.3	
99.1	99.6	
98.9	99.4	
98.3	99	
98.7	99.2	
98.5	99.6	
87.4	99	
97.3	68.9	
99.3	89.3	
98.7	99.4	
97.7	99.4	
99.1	89.5	
99.1	89.5	
98.5	99.4	
98.9	99.6	
98.9	99	
88.6	99.4	
99.3	88.3	
97.7	89.5	
98.7	99.6	
98.9	99.4	
99.1	99.6	
98.9	89.7	
88.2	98.8	
99.1	89.3	
78.5	99.6	
99.1	99.6	
97.9	99.2	
98.9	89.7	
99.1	89.1	
98.3	99.4	
98.9	99.6	
89	99.6	
99.1	99	
88.8	99.4	
98.9	99.2	
99.3	89.1	
99.3	89.3	
98.7	99.6	
99.3	89.7	
99.3	89.1	
98.9	99	
98.9	78.2	
99.1	99.6	
98.7	99.6	
98.5	99.4	
78.9	99.2	
99.3	99.4	
96.3	99.6	
98.1	99.2	
98.9	99.6	
88	99.4	
98.9	88.9	
99.1	89.5	
99.1	98.8	
