81	89.5	
99.3	99.2	
57.3	89.5	
58.5	88.3	
93.1	89.1	
66	96.4	
98.7	99.6	
95.3	76.6	
94.5	99.2	
99.3	99.6	
98.9	99.6	
98.5	98.6	
98.3	99.6	
95.1	99.4	
98.1	98.2	
96.1	99	
62	98.4	
98.5	99	
97.7	98	
97.9	99.2	
97.5	98.2	
98.5	99	
97.7	99.4	
97.1	99.2	
99.1	98.8	
99.1	99.4	
87.8	98.8	
98.1	99.4	
98.9	88.9	
88.4	99.4	
98.3	98.6	
94.7	88.3	
98.9	89.3	
98.3	99.4	
99.1	87.3	
98.9	98.8	
98.3	99.4	
99.3	99.4	
98.7	68.3	
98.1	99.4	
87	99.2	
98.3	88.5	
98.5	89.5	
98.9	99.2	
98.5	99.6	
99.1	98.2	
99.1	99.6	
99.1	98.8	
78.9	99.6	
98.5	89.7	
97.5	97.8	
98.1	98	
99.3	79.4	
98.3	99.6	
97.5	79.2	
98.5	89.3	
36.5	99.4	
96.7	98.8	
98.7	99.4	
67.4	89.3	
98.1	99	
97.7	88.3	
98.5	99.6	
98.7	57.4	
96.7	98.8	
97.9	99.4	
98.3	88.1	
99.1	98	
98.5	89.3	
98.1	98	
99.3	77.6	
97.7	99	
78.1	89.3	
97.7	99	
88	99.4	
87	88.9	
98.1	99.6	
99.3	88.3	
88.4	99.6	
88.4	89.3	
65.4	98.4	
98.5	99.6	
98.9	99.2	
99.3	76	
99.1	89.5	
65.8	98	
85.8	98.2	
98.3	89.7	
99.1	99.6	
45.6	98.8	
89.2	99.6	
89	97.4	
98.5	97.8	
99.1	99.4	
96.9	99.6	
98.9	98.6	
98.7	99.2	
98.9	98.8	
98.7	88.9	
98.5	89.1	
96.7	89.5	
58.7	58.6	
99.3	88.5	
88	79	
97.7	99.4	
96.5	87.9	
97.9	99.6	
98.9	99.6	
68.4	89.5	
97.7	99	
98.3	98.8	
99.1	88.9	
97.1	99	
97.7	88.9	
99.1	67.5	
97.7	99.6	
98.3	98.8	
97.3	88.3	
99.1	99.6	
95.3	99.4	
97.7	99.6	
97.5	99.6	
99.3	99	
98.3	88.9	
48.6	89.7	
98.3	99.4	
89	99	
77.7	88.9	
99.1	89.3	
89.2	99.6	
98.7	89.3	
88.4	99.6	
78.5	88.7	
98.5	99.6	
97.1	99.4	
98.7	99.4	
97.3	99.6	
98.5	99.2	
76.5	99.6	
88.8	98.4	
98.5	99.6	
99.1	89.5	
97.5	99.2	
88.6	99.6	
98.9	99.2	
95.9	97.6	
99.3	99	
99.1	99.2	
98.9	79.4	
48.4	88.9	
58.9	88.9	
88.2	98	
88.8	88.3	
99.3	99.2	
68.4	99.6	
67.8	88.9	
98.7	68.3	
62.6	99	
88.6	78.6	
97.3	99.2	
98.3	89.7	
88.6	89.3	
67.4	97.8	
97.7	88.9	
97.7	89.7	
97.3	89.3	
87.6	89.7	
98.9	88.7	
99.3	99.6	
98.5	78.4	
86.6	98.8	
78.1	89.5	
98.3	99.6	
97.7	89.7	
99.1	89.7	
77.9	89.7	
97.7	78.4	
96.7	98.6	
87.6	99	
98.3	89.7	
98.5	77.6	
58.9	89.7	
98.9	98	
98.5	79.6	
98.7	98.6	
98.5	89.5	
98.1	99.4	
99.3	99	
98.1	99.2	
88.6	79.4	
97.1	89.3	
98.7	69.3	
76.5	98.4	
98.9	89.7	
98.7	99.4	
86.4	88.3	
98.7	88.5	
99.3	89.5	
87.6	99.6	
98.1	99	
98.7	87.5	
77.9	97.2	
58.1	99.2	
96.3	78.4	
98.7	89.5	
34.3	89.3	
98.9	89.1	
98.7	89.1	
99.1	89.7	
65.6	99	
98.9	98.6	
98.3	88.9	
96.9	89.3	
98.3	99.6	
87.6	88.7	
98.3	99	
97.5	99.4	
99.3	89.5	
98.5	78.2	
97.1	89.5	
97.5	98.4	
98.3	68.1	
88.6	89.3	
97.3	98.8	
99.1	99.6	
98.1	79.4	
85.8	99	
98.5	98.4	
98.1	89.3	
78.5	98	
98.5	99.4	
78.5	99	
86	79	
97.1	77.8	
78.3	88.5	
98.9	79.4	
88.4	99.6	
87.2	89.1	
98.9	99	
96.3	89.7	
98.1	79	
99.1	89.7	
98.5	89.5	
98.7	89.1	
98.1	89.5	
98.3	79.2	
98.5	98.8	
89.2	99.6	
98.7	89.5	
88.8	89.5	
96.5	89.1	
98.3	77.2	
98.5	99.4	
98.3	79.4	
98.9	97.4	
79.1	68.9	
97.5	89.3	
97.1	99.6	
98.1	89.5	
99.1	68.7	
99.1	89.5	
98.9	89.1	
98.9	79.6	
98.9	88.5	
89.4	89.3	
98.7	99	
89	77.6	
88.6	68.7	
95.1	99.6	
97.3	79.2	
98.5	69.1	
86.6	99.4	
98.5	89.7	
97.9	89.3	
76.5	99.6	
97.3	98.8	
98.7	88.9	
97.7	88.9	
97.5	99.4	
58.5	87.9	
98.1	88.5	
78.9	88.1	
99.1	47.5	
77.9	89.3	
99.3	99	
96.7	98.4	
89	79.6	
88.2	99.2	
-44.3	77.4	
95.9	89.7	
85.6	77.2	
87.6	99	
98.9	89.5	
98.5	99	
88.8	99	
97.7	98.6	
98.9	88.7	
98.1	99.4	
96.7	58.6	
57.1	89.7	
98.5	99.6	
88.6	99.6	
98.3	88.7	
98.3	99.6	
98.7	99.6	
88.6	58	
87.2	89.3	
99.3	99.6	
96.3	88.9	
98.9	89.3	
98.5	89.5	
98.9	76.4	
99.3	99.4	
89.4	99.2	
98.5	98	
88.4	98.2	
98.3	99.2	
98.3	98.8	
98.5	99.6	
75.9	89.3	
98.7	99.4	
98.9	99.2	
97.3	99.6	
89	99.4	
88.6	68.3	
98.3	79.4	
98.3	89.5	
98.9	88.5	
97.9	89.5	
77.7	89.7	
78.9	89.5	
78.3	89.5	
98.9	68.3	
78.7	99.6	
68.2	97	
78.5	99	
67.6	89.3	
98.9	98.4	
97.5	79.2	
98.1	89.5	
98.3	99.6	
98.5	97.8	
97.9	88.5	
89.2	99.2	
94.3	89.5	
99.3	89.5	
88.4	99.4	
89	88.9	
66.8	89.3	
98.7	69.1	
98.3	88.9	
97.5	78.2	
87.8	99.6	
99.1	99.4	
89.2	99.4	
98.7	99	
89.2	89.7	
98.5	99	
98.1	79.4	
98.9	98.6	
99.1	99	
88.6	99.2	
75.1	97.6	
88.2	89.3	
98.1	98.4	
34.3	89.5	
99.1	89.1	
89.4	99.6	
98.7	88.1	
98.3	89.3	
67.8	99.2	
98.1	98.8	
95.7	99	
99.3	99.6	
87.8	99.4	
69.2	99.4	
-5.1	89.7	
89	97.2	
76.7	98.8	
79.3	99.2	
68	85.9	
77.3	99.2	
64.4	78.4	
97.7	69.1	
99.3	99.6	
66.8	99.6	
97.9	57.4	
98.9	99.4	
77.7	99.2	
98.9	78.6	
98.7	89.1	
88.8	88.3	
94.3	67.1	
88.2	99.2	
97.5	89.7	
88.2	87.3	
68.6	99.2	
98.7	98.6	
33.7	98.4	
89.2	98.2	
98.3	89.1	
98.5	99	
99.3	99.6	
97.9	89.5	
86	99.6	
99.3	99.2	
98.7	99.4	
97.9	98.8	
78.7	89.3	
74.9	99.2	
22.6	99.2	
79.1	99.2	
87.6	99.4	
98.7	99.2	
98.1	98.8	
98.3	98.8	
97.3	79	
99.1	89.5	
99.1	99.6	
98.3	99.4	
96.9	99.6	
78.9	98.8	
78.5	89.7	
97.9	89.7	
98.5	98.8	
97.1	99.6	
68	99	
98.7	99.6	
98.5	99	
98.7	99.4	
97.7	99.2	
99.3	89.1	
95.3	89.3	
98.9	99.4	
26.4	89.7	
98.3	89.7	
96.1	88.7	
94.7	99	
79.1	98.8	
98.9	99.2	
98.3	69.5	
97.9	89.7	
37.9	79.4	
88.6	97.8	
83.2	99.4	
88.8	99.2	
97.1	99.2	
97.7	89.7	
95.9	89.3	
97.5	99.2	
67	89.7	
98.7	98.2	
87.4	89.5	
97.9	99	
84.4	88.7	
98.9	99.6	
78.9	99.2	
98.3	88.9	
98.7	88.5	
47.6	98.6	
99.1	89.3	
99.1	98.8	
89.2	98.8	
96.3	99	
99.3	89.5	
98.7	98.6	
88.2	87.7	
98.9	89.3	
87.8	89.3	
98.9	89.5	
99.1	99.4	
88.2	89.1	
97.9	99.4	
98.7	89.7	
98.1	99	
97.7	89.7	
98.9	88.1	
97.9	79.2	
98.7	79.4	
75.3	78.8	
98.5	99	
99.3	99.2	
99.1	89.7	
98.9	89.5	
88	99.4	
79.3	99	
37.3	89.7	
98.7	99.4	
99.1	67.1	
68.2	89.1	
98.9	89.3	
85.2	79.6	
85.8	89.5	
87.4	89.7	
97.3	89.7	
79.1	99.2	
89	99.6	
97.5	89.1	
98.5	89.5	
98.5	68.7	
