43.4	99.6	
98.7	98.8	
65.4	86.1	
76.7	99.4	
96.5	89.3	
68.8	99.2	
97.9	99.6	
97.3	99.4	
99.3	99.4	
89	99.2	
96.5	99.4	
98.9	88.7	
89.2	89.3	
98.3	99.4	
99.1	88.3	
97.9	99.2	
99.3	99.2	
77.1	98.4	
98.5	99.4	
99.1	99	
66.6	89.5	
86.2	99	
98.9	99.4	
98.9	99.6	
99.1	89.5	
99.1	89.3	
98.7	89.3	
99.1	99.6	
86.8	98.8	
99.3	89.7	
99.1	99.6	
98.3	99.6	
96.7	99.6	
98.1	98.8	
97.1	99.2	
89.2	99.2	
98.7	98.8	
99.3	99.4	
89.2	98.4	
98.5	99.2	
99.1	98.6	
98.7	99.6	
99.3	99	
89	99.6	
99.1	89.5	
89	89.5	
89.4	88.9	
99.1	99.6	
89	99.6	
88.6	89.7	
89.4	99.4	
89	99.6	
98.7	79.6	
96.7	68.3	
88.8	99.6	
99.1	98.8	
99.1	89.7	
98.1	99.6	
97.3	99.4	
89.4	78.8	
97.7	89.7	
89	89.7	
98.3	99.4	
99.3	89.3	
98.7	79.6	
98.5	99	
99.1	79.6	
98.3	89.7	
99.1	89.3	
98.9	98.8	
78.7	79.4	
99.3	88.9	
97.3	89.7	
98.9	89.7	
98.5	89.3	
98.7	99.6	
98.1	89.5	
99.3	89.5	
98.1	99.2	
89	99.2	
87.8	99.6	
98.5	79	
98.5	99.4	
98.9	98.2	
98.1	99.6	
98.3	79.2	
98.5	69.3	
98.9	98.6	
99.1	99.2	
98.5	89.5	
98.9	89.5	
99.1	99.6	
99.1	98.8	
98.9	99.6	
99.3	99.4	
98.1	99	
98.3	88.9	
98.1	89.7	
98.5	47.7	
98.3	89.3	
99.1	89.5	
97.9	99.2	
87.8	79.4	
99.3	88.3	
99.1	99.2	
98.3	89.3	
97.9	89.5	
96.7	98.4	
97.7	99.6	
98.5	99.4	
98.7	99.4	
99.3	99.6	
98.7	88.9	
99.3	77.4	
99.1	99.4	
99.1	99	
99.3	99.6	
98.9	98.8	
98.7	99.6	
79.1	99.6	
96.7	79.4	
99.1	88.5	
98.5	79.6	
98.9	99.2	
97.3	89.7	
79.3	99.2	
98.1	98.6	
77.5	99.4	
98.5	79.4	
98.9	69.1	
98.9	99.6	
99.1	99	
98.5	89.5	
99.1	89.5	
98.1	98.2	
99.1	98.4	
99.3	98.8	
99.1	89.5	
88.4	99.4	
98.9	89.5	
85.4	69.3	
97.5	88.9	
99.3	79.2	
99.3	99.6	
98.9	89.7	
98.9	99.6	
97.9	79.4	
99.3	89.7	
99.1	89.3	
99.3	89.7	
69	78.6	
99.1	99.6	
97.9	98.6	
97.9	78.8	
98.9	79.2	
98.7	89.1	
97.9	76.8	
99.3	89.7	
68.8	89.7	
98.9	78.4	
98.9	99	
88.8	89.3	
98.5	98.8	
98.9	89.7	
98.9	99.2	
97.9	89.5	
98.5	88.7	
98.9	99.4	
87.8	79.6	
98.1	79.4	
88.2	99.6	
99.3	99.4	
98.3	89.7	
99.1	89.7	
89.2	78.2	
99.1	99.6	
98.9	88.7	
88	99.2	
98.3	99.4	
98.3	99.4	
98.1	99.2	
88.8	89.7	
88.8	99.6	
99.1	99.4	
99.3	99.4	
98.7	99.4	
97.9	99.2	
88.8	99.6	
98.9	99.6	
99.3	99.2	
97.3	99.6	
98.1	99.2	
98.5	99.6	
98.9	98.8	
99.1	99.6	
87.6	89.3	
97.9	99.6	
99.3	89.5	
98.9	99.2	
99.1	88.9	
99.3	99.2	
98.3	99.4	
99.3	99.2	
99.1	98.8	
99.1	89.1	
99.3	99.2	
79.1	99.6	
98.1	99.2	
88.8	99.4	
99.3	99	
89.2	49.1	
89.2	99.6	
99.3	99.4	
98.5	99.4	
98.7	89.7	
98.9	89.5	
99.1	89.7	
57.9	89.5	
57.9	89.7	
98.5	69.3	
98.9	89.7	
78.3	79.2	
88.4	89.7	
67.6	79.6	
99.3	89.7	
98.7	89.7	
98.1	99.2	
98.5	99.6	
99.1	99	
98.9	99.6	
87.6	89.3	
98.7	99.6	
98.7	99	
97.5	79.2	
99.3	99.6	
99.1	99.6	
98.9	99.4	
97.3	99.2	
99.1	98.2	
99.3	99.4	
87.8	99.2	
97.7	89.3	
99.1	89.3	
98.1	98.8	
88.8	99	
98.3	88.1	
98.5	89.5	
98.7	89.7	
97.9	68.5	
98.5	89.1	
98.5	99.6	
69.2	89.5	
99.3	89.5	
96.7	98	
98.1	89.7	
98.9	96.8	
98.5	89.5	
98.1	98.4	
98.1	89.3	
98.5	89.7	
97.5	89.7	
98.5	48.9	
98.9	99	
97.7	99.6	
99.3	89.3	
98.7	89.5	
98.3	79.4	
98.9	99.6	
98.7	99.6	
98.7	79	
99.1	89.7	
98.7	99.2	
99.3	89.7	
88	88.7	
99.1	89.7	
99.1	99.2	
96.7	99	
98.7	99.6	
96.5	89.7	
97.5	98.8	
98.9	99	
99.3	99.6	
98.9	99.4	
99.1	99.4	
98.9	98.6	
98.5	89.5	
89	88.9	
98.9	99.2	
98.9	99.6	
97.1	99.2	
98.7	99	
98.3	99.4	
98.9	97	
97.1	99	
88.2	99.6	
65	99.6	
98.1	98.4	
97.1	98.8	
98.7	88.9	
98.9	89.5	
88.6	98.6	
98.9	99.4	
89.2	99.4	
96.9	99.6	
99.1	99	
98.5	99.4	
88.2	99.6	
98.7	98.8	
75.7	89.5	
98.9	89.7	
98.3	99.2	
97.5	99.6	
88.8	99.6	
98.1	99.2	
96.1	99.4	
98.7	89.1	
98.9	99.2	
98.5	89.7	
98.7	99.4	
98.7	79.2	
99.1	99.6	
98.9	99	
78.5	99.6	
98.9	98.8	
98.7	89.5	
89	99.2	
98.9	89.3	
87.6	89.3	
98.1	99.6	
78.9	89.3	
88.6	99	
98.5	89.7	
78.5	89.7	
98.9	89.7	
96.5	99.4	
99.3	88.9	
98.7	99.4	
98.7	99.6	
89	99.4	
97.9	89.7	
96.9	89.5	
96.5	79.4	
99.3	99.4	
98.3	99.4	
98.1	89.5	
98.7	99.6	
99.1	99.6	
99.3	78.6	
98.7	99.2	
98.3	89.5	
98.9	99.2	
98.7	99.6	
98.9	99.4	
88	99	
98.9	99.4	
98.7	79.2	
79.1	99.6	
98.7	99	
98.3	98.4	
98.1	99.4	
98.9	89.3	
97.7	89.1	
97.9	98.6	
99.1	88.5	
77.3	99.6	
96.7	99.4	
97.5	99.6	
98.3	99.6	
99.1	99.4	
98.9	98	
98.5	99.2	
98.5	99.4	
99.3	89.5	
69.2	98.8	
99.1	88.9	
98.9	99.6	
88.8	99	
88.4	79.6	
97.9	89.5	
77.5	89.5	
88.8	78.4	
98.7	98.4	
99.3	99.2	
58.1	89.1	
99.1	99.4	
99.1	89.3	
98.7	99.6	
98.9	89.5	
98.7	99.6	
99.1	88.1	
96.5	99.4	
98.3	99.6	
98.9	99.6	
97.7	79.4	
99.1	99	
98.9	99.4	
98.7	99.2	
99.1	99.6	
98.9	99.6	
98.9	88.9	
99.1	99.2	
99.3	99.6	
98.7	89.7	
98.7	99.2	
89	98.8	
99.3	99.4	
98.7	99.2	
88.6	89.5	
98.5	99.6	
98.3	99.2	
89	99.6	
88.6	99.2	
88.2	79.2	
99.3	99	
98.3	99.6	
98.3	99.4	
99.1	99.4	
98.1	89.3	
98.5	99.4	
99.1	99.6	
99.3	88.5	
78.3	89.3	
98.1	99.6	
98.9	79.4	
97.9	79	
89.2	89.5	
98.7	99	
66.4	99.6	
99.3	79.4	
98.7	99.2	
99.3	99.6	
98.9	98.8	
98.3	99	
98.5	99.6	
98.5	99.4	
98.7	89.5	
89.4	99.2	
99.3	99.4	
99.1	99	
88.6	89.7	
78.3	99.4	
99.1	99	
98.7	99	
97.7	99.6	
99.3	99.4	
98.9	99.2	
97.9	79.2	
98.7	98.4	
98.3	89.3	
99.1	99.6	
98.9	99.4	
99.1	99.4	
99.1	99.6	
98.7	89.7	
99.1	79.2	
99.3	89.7	
99.1	98.4	
98.5	89.3	
88.8	79	
98.5	99.4	
98.7	98	
99.1	98.6	
78.5	89.3	
88.6	99.2	
99.1	79.6	
98.7	98.8	
88.6	79	
98.1	89.1	
88.8	89.7	
89.4	89.5	
98.3	99.2	
99.1	68.9	
99.3	79.4	
89.2	89.7	
89.2	88.5	
98.9	89.7	
98.7	79.2	
99.1	99.2	
77.5	89.5	
98.7	99	
88.4	79.6	
89.2	89.5	
97.9	89.7	
97.9	89.7	
98.5	89.5	
98.9	99.4	
99.3	99.2	
85.6	88.1	
99.1	88.9	
88.8	99.4	
78.5	89.7	
78.5	89.5	
98.9	89.3	
99.1	89.7	
88.6	89.7	
99.1	99.6	
98.7	89.5	
99.1	99.4	
99.3	89.1	
99.1	89.5	
