64.4	79.4	
77.9	-30	
49.7	80.9	
75	89.3	
96.1	89.7	
98.1	89.7	
96.3	89.7	
93.5	89.7	
90.7	89.7	
83.2	89.7	
96.9	99	
98.3	89.7	
98.7	79.2	
96.9	89.7	
99.3	89.7	
98.7	79.6	
92.1	89.7	
99.1	89.7	
97.1	89.7	
98.1	89.7	
98.7	89.7	
98.7	89.7	
98.1	89.7	
99.3	79.6	
98.7	89.7	
98.9	89.7	
98.9	79.6	
97.5	84.9	
97.1	89.7	
99.1	89.7	
88.4	72.2	
99.1	89.7	
99.1	89.5	
99.3	79.6	
98.7	89.7	
99.1	79.6	
99.1	88.7	
87.8	89.7	
98.7	89.7	
99.3	89.3	
98.9	89.5	
99.3	89.7	
98.7	89.7	
99.3	89.5	
99.1	89.5	
98.7	89.5	
98.9	89.7	
99.3	89.7	
98.7	89.7	
99.1	89.7	
99.3	89.5	
99.1	89.5	
99.1	89.5	
99.1	89.7	
99.3	89.5	
99.3	99	
98.9	99.4	
99.1	79.6	
99.1	89.7	
69	69.5	
99.3	89.3	
98.7	89.7	
99.3	89.7	
99.3	89.7	
99.3	89.7	
99.1	89.7	
99.1	89.7	
99.1	99.6	
89.4	69.5	
99.3	89.5	
98.5	89.7	
99.3	89.7	
89.4	89.7	
99.3	89.5	
98.9	89.7	
99.3	89.7	
99.1	89.7	
99.1	89.7	
99.3	89.7	
98.9	89.7	
89.2	89.7	
98.9	89.7	
98.5	89.7	
99.3	88.7	
99.1	79.6	
99.3	99.2	
98.9	89.7	
99.3	89.3	
99.1	89.7	
99.3	89.5	
99.3	89.7	
98.9	89.3	
99.3	79.6	
98.5	89.7	
99.3	89.7	
99.3	89.1	
99.3	89.7	
98.7	79.4	
99.3	59.4	
99.1	89.7	
99.1	99.6	
99.3	89.7	
99.1	89.7	
99.3	89.7	
99.1	89.7	
99.3	89.5	
99.3	89.7	
98.9	89.7	
99.3	89.3	
98.9	89.7	
99.3	89.7	
98.5	89.7	
99.3	89.7	
99.1	89.7	
99.3	89.7	
99.1	89.7	
99.3	89.1	
99.1	88.9	
99.3	89.1	
89.4	89.5	
98.5	89.7	
89.2	89.5	
99.3	89.7	
99.1	89.5	
99.1	89.5	
98.7	89.5	
99.3	89.7	
99.3	89.5	
99.3	89.7	
99.1	89.7	
99.3	89.7	
99.3	79.6	
97.7	68.9	
99.3	89.7	
99.3	89.7	
99.3	89.7	
98.9	89.7	
99.3	89.7	
99.1	89.5	
99.3	89.3	
89.2	79.6	
99.1	89.5	
99.1	89.7	
89.4	89.7	
99.1	89.7	
99.3	79.4	
99.1	89.7	
99.3	89.7	
99.3	89.7	
99.1	89.7	
99.3	79.2	
99.1	89.7	
98.9	89.3	
99.3	89.3	
89	89.7	
99.3	99.6	
99.1	89.7	
99.1	99.6	
98.7	79.6	
99.3	89.7	
99.3	89.7	
98.9	89.7	
99.1	89.7	
99.3	79.6	
99.3	89.7	
98.9	89.5	
99.3	79.6	
98.9	89.1	
99.1	89.7	
89.4	89.5	
99.1	89.5	
98.9	89.7	
99.1	89.7	
99.1	89.7	
99.3	89.7	
98.9	99.4	
98.9	99.6	
99.3	89.7	
99.3	89.7	
99.1	89.7	
99.1	99.4	
99.1	79.4	
98.9	89.7	
99.1	89.7	
98.9	89.7	
98.9	88.7	
99.1	89.7	
99.3	89.7	
98.9	89.5	
99.3	89.3	
99.3	89.7	
99.1	89.5	
99.3	89.7	
99.1	99.4	
98.7	89.7	
99.3	89.7	
99.3	89.7	
99.3	88.9	
99.3	89.7	
99.3	89.7	
99.1	89.7	
99.1	89.7	
99.3	89.7	
98.9	89.7	
99.1	89.7	
98.9	89.7	
99.3	89.7	
99.3	99.6	
99.1	89.7	
99.1	79.4	
99.3	89.3	
99.1	89.7	
99.3	99.4	
98.9	89.5	
99.1	89.7	
89.4	89.7	
99.1	89.7	
99.1	89.7	
99.1	89.7	
99.3	89.5	
98.9	79.6	
89.4	79.6	
98.9	99.6	
99.3	89.7	
99.3	89.7	
99.3	89.7	
99.3	89.7	
99.3	89.7	
99.1	89.7	
99.1	89.7	
99.3	89.7	
99.3	89.7	
98.9	89.5	
99.3	89.5	
99.1	79.6	
89.4	89.7	
99.3	89.7	
99.1	89.7	
99.1	89.5	
98.9	89.7	
99.1	89.7	
79.3	89.7	
99.3	89.7	
99.3	89.7	
98.9	79.6	
99.3	89.5	
99.3	99.6	
99.3	89.7	
99.1	89.7	
99.3	89.7	
99.1	79.6	
99.3	89.7	
99.3	89.7	
99.1	89.1	
99.3	89.7	
99.3	89.7	
99.3	79.6	
99.1	89.7	
98.9	89.7	
99.3	89.7	
98.9	89.7	
98.3	89.5	
98.9	88.1	
99.3	99.2	
99.1	89.7	
99.3	89.7	
98.5	89.7	
98.9	89.7	
99.1	89.7	
98.9	89.7	
99.1	79.4	
99.1	89.7	
99.3	89.5	
99.1	89.7	
99.1	89.5	
89.2	89.7	
98.9	89.7	
98.9	89.5	
99.1	89.3	
99.1	89.7	
89.4	89.7	
98.7	89.7	
99.1	77.2	
99.3	89.3	
98.9	89.7	
99.3	89.5	
98.9	89.3	
99.3	89.7	
98.9	89.7	
99.1	89.7	
99.3	89.7	
99.1	88.5	
99.1	99.6	
98.7	79.6	
89.2	89.5	
99.1	79.6	
99.3	99.6	
98.9	89.7	
99.3	89.7	
99.3	79.6	
98.7	89.7	
99.1	89.7	
99.1	89.3	
99.3	99.6	
99.1	89.7	
99.1	89.7	
98.9	89.7	
99.1	89.7	
99.3	89.7	
98.9	89.7	
79.1	89.7	
99.3	89.1	
99.3	89.5	
99.3	89.5	
99.3	89.7	
99.3	89.3	
98.9	89.7	
99.1	89.7	
89.4	89.7	
99.3	89.7	
89.2	79.6	
98.9	89.7	
99.3	89.7	
99.1	89.5	
99.3	89.5	
98.9	89.7	
99.3	89.5	
99.3	89.7	
99.3	89.1	
89.4	89.7	
99.3	89.7	
99.3	89.7	
99.1	89.7	
99.1	89.5	
99.1	89.7	
99.1	89.7	
99.1	89.5	
99.3	89.7	
79.3	89.7	
99.1	89.3	
89	89.5	
99.3	89.1	
99.3	89.7	
99.3	89.5	
99.1	89.7	
99.1	89.7	
99.1	89.7	
99.1	89.5	
99.3	89.5	
98.9	89.7	
99.1	88.7	
99.3	89.7	
99.3	89.7	
99.3	89.7	
99.3	99.4	
98.7	89.5	
98.3	79.6	
99.3	79.4	
99.1	79.6	
99.3	89.7	
98.9	89.7	
99.1	89.1	
99.1	89.7	
99.3	89.7	
99.3	89.7	
99.3	89.3	
99.3	89.3	
99.3	79.6	
99.1	89.5	
99.3	89.3	
99.1	89.7	
99.1	89.5	
98.5	99.6	
99.3	89.7	
79.3	89.7	
99.3	89.7	
98.9	89.7	
99.3	99.4	
99.3	89.7	
99.3	89.7	
99.3	89.7	
89.4	89.7	
98.9	89.7	
98.9	89.7	
99.3	89.7	
99.1	89.7	
99.3	79.6	
99.1	89.5	
99.1	89.7	
98.9	89.5	
98.9	89.7	
99.1	89.7	
87.8	89.7	
99.3	79.6	
99.3	89.7	
99.1	89.7	
99.1	89.5	
99.3	89.7	
99.1	89.7	
98.9	99	
98.9	99.4	
99.3	89.5	
99.1	89.7	
99.3	89.5	
98.5	89.7	
99.3	69.5	
88.4	89.7	
99.3	89.7	
99.3	89.7	
99.3	89.1	
99.3	89.7	
99.1	79.6	
99.3	89.7	
99.1	89.7	
99.1	89.7	
99.3	89.7	
99.1	89.7	
99.3	89.7	
99.3	89.7	
99.3	89.7	
89.2	89.7	
98.7	89.7	
99.1	89.3	
99.1	89.7	
99.1	89.7	
98.7	99.6	
89.4	89.5	
99.1	89.7	
98.9	99.4	
98.7	89.7	
99.3	89.7	
99.3	89.7	
99.3	89.5	
99.3	89.7	
99.1	89.7	
99.1	89.5	
99.1	89.7	
99.1	89.3	
99.1	89.7	
99.1	89.7	
98.9	89.5	
98.9	99.2	
98.7	89.7	
99.1	89.7	
89.2	79.6	
99.3	89.7	
99.1	89.5	
99.1	89.7	
98.9	89.7	
99.1	89.7	
99.3	79.6	
99.1	89.7	
99.1	89.7	
98.7	89.5	
99.3	89.7	
99.3	89.7	
99.1	88.7	
98.9	79.6	
99.3	99.4	
99.1	89.5	
99.1	89.7	
99.1	89.7	
99.3	89.5	
89.4	89.7	
98.7	89.7	
99.3	88.3	
98.7	89.7	
98.5	89.7	
99.3	89.5	
99.3	89.5	
99.1	89.7	
99.1	89.7	
99.1	89.3	
99.1	89.7	
99.1	69.5	
99.1	89.7	
98.9	89.5	
99.1	89.7	
99.1	89.5	
99.1	88.9	
99.3	89.7	
99.3	89.7	
89.2	89.5	
99.3	79.6	
99.3	89.7	
98.9	79.2	
99.1	99.6	
99.1	89.7	
98.9	89.7	
99.3	89.7	
99.3	89.7	
99.3	89.7	
99.3	79.6	
89.2	89.7	
99.3	89.7	
98.9	89.7	
99.1	89.7	
99.3	99.6	
98.9	99.6	
99.1	99.6	
