39.4	79	
96.5	97.2	
89	97.8	
88	97	
57.5	98.8	
97.9	98.4	
87.6	77.4	
98.9	97.4	
15.5	98.8	
60	87.7	
98.3	65.5	
77.9	98.4	
99.3	96.8	
78.9	86.3	
87.2	98.2	
86.8	59	
86.8	99.2	
88.6	98.6	
89	98.2	
76.9	99.2	
86	98.4	
68.8	98.2	
83.4	99	
75.9	98.8	
76.5	98.8	
99.1	99.4	
57.7	89.3	
98.3	99.6	
99.3	79.2	
88.2	98.4	
97.9	99.4	
99.3	99.4	
98.1	98.8	
97.9	99.2	
98.3	99.4	
88.2	56.8	
97.1	97	
97.9	89.3	
98.7	99.4	
99.3	99.6	
78.9	99.4	
87.8	89.1	
97.7	89.7	
98.7	99.4	
78.1	89.7	
98.5	89.3	
45.6	89.7	
98.3	79.4	
86.4	89.7	
78.3	99.2	
98.1	99.2	
98.1	99.2	
97.9	99.2	
98.9	98.8	
88.2	99.2	
98.5	99.6	
99.1	99.2	
97.7	88.5	
97.1	99.2	
97.9	75.6	
98.5	78.6	
58.1	99.6	
99.1	99.6	
89.2	67.5	
98.5	99	
89	88.7	
87.6	98.6	
46	98.8	
98.7	99.6	
98.9	99	
95.7	88.7	
88.8	96.6	
79.1	97.4	
98.5	99.4	
88	99.4	
98.9	99.6	
87.4	99.4	
98.3	99.4	
69.4	89.1	
77.3	88.3	
95.7	89.1	
97.5	98.8	
75.3	99.2	
76.9	98.4	
98.1	99	
98.9	99.4	
96.3	98.6	
99.3	99.2	
37.5	98.8	
98.3	98.6	
98.3	98.8	
99.1	99.4	
87	99.2	
97.9	99	
98.5	99.6	
98.5	99.4	
98.7	99.4	
69.2	99.2	
97.9	89.1	
99.3	99	
95.7	88.3	
65.6	98.6	
98.3	99	
98.7	99.6	
97.9	98	
98.7	89.1	
97.9	88.7	
86.2	99.6	
95.5	88.7	
77.9	99	
96.9	99.2	
68.6	89.3	
98.9	99.2	
98.5	99.6	
98.1	98.8	
98.5	99.4	
99.3	89.3	
98.9	89.3	
98.5	98.4	
97.7	98.4	
98.5	98.8	
97.9	98	
97.7	98.6	
75.1	78.2	
78.7	99.4	
98.3	99.4	
97.9	89.7	
89	78.4	
97.9	89.7	
88	38.6	
98.9	78.2	
99.1	79.4	
98.1	99.6	
99.1	99.4	
99.3	87.9	
75.7	89.3	
98.9	99.2	
98.7	99.4	
98.7	99.6	
96.1	98.4	
55.9	96.6	
99.1	69.3	
97.5	88.5	
78.5	89.3	
87.2	89.5	
78.9	89.1	
53.5	79.4	
98.1	89.5	
99.1	89.3	
98.5	89.5	
65.6	89.7	
97.9	89.5	
97.5	98	
88.4	89.3	
98.7	89.5	
98.9	99.6	
27.2	99	
98.7	69.3	
98.3	89.7	
97.9	89.3	
97.7	89.3	
99.1	79.6	
78.3	99.2	
89.2	89.7	
77.9	99.4	
99.1	99.4	
98.5	88.9	
88	89.1	
-14.6	78.8	
98.5	89.3	
99.1	89.5	
98.9	68.7	
98.9	79.4	
88.4	98.6	
99.1	78.8	
98.1	98	
98.5	99	
86.6	89.5	
52.7	68.5	
98.9	79.4	
99.3	89.5	
81.8	98.6	
97.1	98.4	
96.7	77.4	
98.3	98.2	
99.3	98.4	
97.1	99	
98.3	89.3	
35.9	79.6	
89.4	99.2	
97.7	89.7	
97.7	99.2	
97.1	88.9	
88.6	89.7	
86.6	88.9	
78.1	88.7	
49.2	99	
97.9	99.2	
98.7	49.1	
98.7	99.2	
97.1	99.2	
97.5	77	
88	98	
98.9	99.6	
88.8	88.7	
97.7	98.4	
98.5	89.5	
88.2	88.9	
98.9	99.4	
97.9	98.8	
97.9	89.5	
98.9	88.5	
98.7	89.3	
98.9	78.8	
78.7	89.7	
89.2	89.1	
98.9	79.6	
88.6	89.7	
97.7	99	
78.7	78.6	
99.3	99	
98.9	79.2	
88.8	56	
89	88.9	
98.3	88.7	
98.7	87.9	
98.9	89.1	
78.5	78.8	
87.6	96.8	
99.1	99.4	
98.3	99.6	
78.5	98.8	
99.1	98.8	
98.7	99.4	
98.9	89.5	
77.7	98.8	
66.2	96.6	
88.4	99.4	
88.6	99.6	
98.5	99.6	
98.3	76.4	
97.9	99.2	
98.1	88.3	
67.6	99.4	
99.3	78.6	
57.1	98.4	
98.1	89.7	
61.8	99.6	
76.1	98.8	
98.1	89.7	
98.9	78.8	
77.9	99.6	
79.1	88.5	
98.7	99.6	
98.9	99.4	
97.1	99.4	
98.7	99.4	
76.5	98.4	
98.9	78.4	
98.5	99.6	
98.7	99	
98.7	99.6	
87	78.4	
88.2	98.8	
97.9	99.6	
78.7	88.7	
97.9	89.5	
97.9	87.7	
95.3	89.5	
98.3	99.6	
78.7	98.6	
77.7	99.2	
97.7	99.4	
99.3	89.7	
83.8	99.4	
85.8	99.2	
86	99.4	
98.7	98.2	
96.9	98	
88.8	98.6	
97.5	99.4	
77.9	79.6	
78.7	79.4	
97.9	89.3	
97.3	78	
98.3	79.4	
87.4	79	
98.7	88.7	
99.1	75.8	
28.2	79.6	
88.2	68.1	
88.2	69.3	
87.8	89.7	
67	69.1	
88.4	87.9	
88.6	99.4	
97.9	99.4	
96.1	89.5	
97.9	89.1	
98.1	89.3	
97.5	88.5	
97.3	99	
68	89.3	
87.6	88.9	
88	99.6	
89	99	
3.4	98.8	
98.5	98.6	
96.5	69.3	
77.7	98.6	
98.7	89.3	
96.5	99.6	
84.4	88.5	
98.3	89.3	
98.3	99.4	
97.9	78.6	
98.3	99.6	
57.5	99.6	
98.3	89.5	
89.2	95.4	
98.3	98.6	
97.9	79	
97.3	89.5	
98.3	78	
98.9	99.4	
88.2	98.8	
86.4	88.9	
89.4	98.2	
97.5	97.2	
99.1	98.6	
97.9	88.7	
76.9	96.2	
87.6	78.8	
88.6	77.6	
98.3	89.3	
97.5	79.6	
98.9	79.4	
98.5	89.5	
99.3	89.5	
98.5	98.6	
89.2	69.1	
97.5	99	
99.1	88.5	
4	78.2	
98.3	97.6	
98.9	99.4	
98.9	99	
98.3	88.9	
98.9	99.6	
98.9	89.7	
98.1	89.7	
96.1	89.7	
77.9	99.6	
98.9	79.4	
96.1	89.5	
78.3	88.5	
99.1	69.5	
98.1	89.5	
77.9	89.1	
98.5	98.4	
88.8	99.4	
88.4	89.7	
97.7	98.2	
98.9	77.8	
68.8	89.7	
89.4	89.1	
78.7	89.5	
98.1	98	
97.5	79.4	
96.5	79.4	
96.9	89.7	
98.7	89.7	
99.3	78.2	
98.5	99.4	
69.2	96.2	
98.5	89.5	
99.3	98.6	
98.3	89.7	
98.1	89.7	
99.3	99.6	
98.1	89.3	
97.5	99	
98.5	79.4	
89	89.1	
98.9	99.6	
87.6	99.2	
98.7	99.4	
78.5	88.5	
98.9	89.7	
96.7	99	
98.7	98.4	
98.9	88.5	
98.5	99.2	
98.9	89.5	
58.7	99	
97.9	98.6	
98.5	98.8	
98.9	88.7	
58.1	89.1	
78.3	89.3	
99.1	88.9	
98.7	99.4	
68.8	89.5	
98.7	99	
98.5	89.1	
99.3	99.6	
98.9	78.8	
77.1	99.2	
88	89.7	
88.8	98.2	
98.7	98	
98.3	79.6	
98.3	89.3	
97.7	99.4	
98.7	89.7	
97.5	89.3	
98.5	88.9	
98.3	87.9	
98.5	89.7	
93.1	89.7	
99.1	68.5	
97.5	99.6	
99.3	89.7	
98.9	89.5	
88.8	98.8	
79.1	99.4	
99.1	99.2	
98.9	99.2	
98.1	68.3	
98.5	99	
98.9	99.6	
68.2	77.6	
87.6	89.3	
97.5	88.7	
87.6	99.4	
99.3	88.9	
75.7	89.1	
78.5	99.2	
96.1	99.2	
98.9	89.7	
98.9	99.6	
97.7	89.7	
98.3	99.4	
88	97.4	
88.6	79.2	
98.1	89.5	
97.5	99.2	
98.5	89.7	
88	68.7	
97.7	89.7	
48.2	99.2	
77.3	89.7	
98.9	88.9	
37.5	87.5	
98.1	89.3	
96.7	98.8	
88	89.7	
98.3	79.6	
97.5	89.7	
98.1	89.7	
96.1	99.6	
68.2	89.5	
97.7	89.1	
67.4	98.4	
98.7	99.6	
97.7	99.4	
94.1	68.3	
77.3	99.6	
89.2	99.6	
95.9	99.2	
96.1	89.5	
88.8	87.9	
98.7	78.6	
97.9	89.1	
75.1	99.4	
99.1	89.3	
99.1	99.2	
98.1	99.2	
84.8	69.3	
87.4	78.6	
98.5	98.8	
28.2	99.4	
99.1	89.3	
88.8	89.3	
99.1	99.2	
97.7	99.4	
98.3	99.2	
96.1	97.6	
99.1	97	
87.8	89.7	
98.5	99	
78.3	99.2	
98.5	88.9	
98.3	99	
46.8	67.7	
77.9	78.8	
87.2	99.2	
88.8	98.4	
98.7	99.6	
89	78.8	
