34.3	89.5	
65.8	89.7	
73.7	45.1	
87.6	89.1	
84	99.2	
97.7	89.3	
88.2	89.7	
-6.7	88.9	
72.1	89.1	
98.9	98.2	
98.3	86.1	
98.9	99.4	
95.5	97.6	
98.7	99	
88	97.6	
98.3	89.1	
98.3	98.6	
87	78.2	
86	86.9	
99.1	88.5	
87	89.1	
98.5	98.6	
97.9	89.1	
98.9	99	
98.1	97.6	
76.7	69.1	
86.8	98.8	
97.7	88.9	
97.3	88.7	
98.3	89.7	
64.2	78.8	
97.5	89.5	
96.3	79.6	
97.7	79	
78.9	89.7	
97.1	98.8	
97.5	59.4	
99.3	89.1	
98.7	98.4	
98.9	77.2	
97.5	89.5	
84.8	67.3	
65.2	87.9	
98.7	99.6	
98.5	79.2	
98.5	97.8	
98.1	99.6	
97.1	99.6	
88.6	89.3	
98.9	78.2	
97.9	99	
98.9	99	
65.2	98.4	
98.1	58.4	
97.7	98.2	
89	89.7	
77.5	89.7	
98.5	78.8	
98.1	89.5	
77.3	89.7	
88.8	89.5	
97.1	89.7	
74.7	99.6	
98.5	78.6	
84.6	99.2	
98.7	89.1	
98.1	99.4	
97.3	99	
98.1	99	
87.4	78.6	
98.5	99.6	
98.7	99.6	
86	89.5	
93.1	79.6	
78.3	89.7	
20.8	99.6	
96.7	99.6	
95.1	99.2	
99.1	99.6	
84.8	69.1	
99.1	99.6	
89	89.5	
77.9	99.2	
98.1	78	
78.9	99	
27.2	89.7	
55.1	99.2	
96.1	89.7	
98.5	89.7	
98.5	99.4	
98.3	89.3	
99.1	78.8	
97.1	89.3	
98.1	99.4	
98.9	99.6	
77.3	89.5	
98.9	99.6	
98.7	99.6	
99.3	99	
43	99.2	
98.5	99.4	
97.7	99	
97.3	99.2	
98.7	99.6	
97.5	99.6	
98.3	86.1	
98.7	99.2	
99.3	89.7	
89	87.9	
98.7	98.6	
78.7	99.2	
98.5	99.6	
94.3	88.9	
96.5	88.3	
99.1	89.5	
88.8	99	
99.3	99.4	
97.5	99.4	
67.4	99.4	
78.5	99	
98.9	99.6	
89.2	99.6	
84	94.4	
98.3	89.3	
17.3	99.2	
98.1	99	
98.9	98.8	
58.9	89.5	
66.8	97.4	
77.1	99.4	
98.9	88.7	
98.7	79	
89.4	79	
98.3	99.6	
99.1	98.8	
89	89.3	
68.6	99.2	
88.4	99.4	
88	89.7	
99.1	99.6	
77.7	99.6	
98.1	99.2	
87.4	99	
87.4	99.6	
98.3	88.5	
98.1	99.4	
87.2	99.2	
87.2	88.9	
98.9	99.2	
98.7	99.2	
98.9	99	
87.6	69.5	
97.1	89.3	
97.9	89.7	
98.9	98.4	
98.7	96.8	
78.9	78	
77.5	99.2	
97.9	69.3	
98.1	99	
98.9	98.2	
77.5	98.4	
79.1	99.4	
98.1	88.3	
97.5	99.4	
99.1	98.8	
98.1	99.6	
98.7	99.4	
96.9	99	
78.3	99.6	
98.9	89.3	
89.2	99	
86.6	99.2	
98.5	97.6	
97.5	89.3	
97.3	99.6	
98.7	88.9	
86	88.9	
99.1	89.1	
98.9	89.7	
97.9	89.1	
98.7	99	
98.7	88.7	
98.7	99.4	
76.5	99.2	
98.1	99.4	
97.3	89.7	
97.3	99.6	
98.5	98	
96.1	98.2	
98.3	89.5	
97.3	88.7	
98.3	89.3	
86.4	89.5	
98.3	99	
89	79.2	
98.5	99.6	
97.1	99.4	
98.5	89.5	
98.5	99.4	
44.2	99.2	
98.7	99.6	
99.3	99.4	
78.9	99.2	
67	69.5	
98.3	99.4	
98.5	99.4	
99.1	89.7	
98.5	79.2	
68.6	99.2	
98.7	99.2	
86.6	88.7	
57.5	99.6	
99.3	99.2	
75.7	78.4	
99.1	99.4	
99.3	99.2	
86.2	99.2	
98.5	99	
96.5	98.6	
99.1	89.5	
89	89.3	
99.1	89.3	
98.9	79.2	
99.1	88.5	
74.7	99.6	
89	99.4	
75.7	99	
69.2	89.3	
89.2	99.4	
87.8	99	
98.9	98.4	
99.1	89.5	
87.8	89.1	
89	88.9	
98.1	98.8	
67.6	99.6	
99.3	98.6	
78.3	89.7	
97.9	99.2	
98.7	98.2	
97.7	79	
96.9	98.8	
86.6	87.7	
96.5	99.4	
98.9	79.6	
86.4	99.6	
99.1	99.6	
99.3	89.3	
69.2	89.7	
88.2	98.6	
97.9	98.6	
99.3	89.7	
88.8	99.6	
99.1	88.7	
78.3	87.5	
96.7	98.6	
96.7	79.4	
98.9	98.8	
99.1	89.1	
98.5	99.4	
97.3	89.5	
69.4	79.2	
98.1	89.3	
96.9	88.9	
99.3	89.1	
97.5	77.8	
97.7	99	
98.7	99.2	
99.1	99.4	
98.5	89.3	
97.3	69.5	
98.5	98.6	
99.1	99.2	
68.6	99	
87.6	89.7	
87.4	98.8	
97.7	89.5	
89.2	99	
98.3	99	
99.1	89.1	
98.5	99.2	
98.5	99.4	
99.1	89.1	
99.1	99	
35.3	99.6	
98.7	99.6	
99.3	88.7	
99.3	99.6	
98.7	99.6	
98.9	99.4	
97.3	98.6	
98.5	88.9	
99.1	79.4	
98.9	89.7	
96.5	89.7	
95.7	89.7	
97.7	79.6	
98.3	89.7	
98.1	89.1	
98.7	89.5	
98.7	99.6	
67.4	78	
96.7	78.4	
97.3	89.5	
97.7	99.4	
86.8	89.1	
98.3	89.3	
99.1	89.3	
97.1	99.2	
98.1	99.4	
89.2	89.7	
85.8	99.6	
98.3	99.6	
98.5	99.6	
78.3	99.2	
75.9	99.6	
78.7	98	
97.7	88.5	
97.7	89.7	
97.5	88.3	
98.3	99.6	
96.9	88.3	
78.9	88.5	
65.6	99.4	
99.1	99.4	
77.3	98.4	
99.1	99.6	
98.3	89.1	
97.3	98.4	
98.1	99	
98.7	98.6	
99.1	88.5	
99.3	98.6	
98.1	47.9	
97.1	99.6	
99.3	98.4	
98.3	99.4	
87.6	99.6	
95.9	88.1	
97.7	86.9	
98.9	98.4	
98.3	99.6	
95.1	68.3	
98.7	99.6	
88.8	88.9	
98.5	89.7	
68.7	78.4	
66.6	99.2	
98.9	99.6	
97.9	89.3	
98.3	99	
98.7	99.4	
88.8	89.5	
98.3	99.4	
89.4	98.6	
98.7	89.1	
97.7	99.4	
85.2	99.4	
49.2	99.2	
76.1	99.6	
69.2	98.8	
98.9	88.7	
99.1	99.4	
93.9	98.2	
98.1	99.6	
74.3	98.8	
98.9	99.6	
98.3	58.2	
67.6	89.5	
99.1	98.8	
86.2	89.5	
75.7	98.4	
88	88.1	
98.1	89.3	
98.9	99.2	
87.8	99.4	
78.3	88.5	
58.1	99.4	
98.9	89.5	
98.1	96.2	
99.3	99.2	
89	99.6	
99.1	89.7	
98.3	98.2	
98.7	98.8	
98.3	89.3	
97.3	79.2	
96.9	99	
98.9	99.6	
65	99.6	
88	99.6	
88.6	89.7	
88.4	89.7	
98.9	99.4	
98.3	89.5	
79.3	88.9	
58.9	89.3	
98.5	89.5	
98.9	78.8	
97.5	89.5	
84.8	99.4	
99.1	99.6	
98.9	89.5	
98.7	89.1	
99.1	88.3	
76.3	98.8	
97.5	99.4	
98.5	88.3	
99.1	78	
98.5	99.6	
97.7	98.6	
98.9	69.5	
96.3	98.8	
88.2	67.7	
75.3	98.2	
98.9	89.1	
99.1	99.4	
86.6	99.6	
78.1	89.5	
78.1	89.7	
97.5	97.8	
98.9	68.7	
98.5	79.4	
97.9	97.6	
98.9	89.5	
98.5	88.7	
58.1	89.1	
89	88.5	
99.1	89.5	
98.5	69.3	
95.5	98.4	
98.7	99	
75.3	99	
98.5	88.9	
86	89.5	
77.9	89.5	
78.7	79.6	
98.1	89.7	
98.3	99.4	
98.7	58.2	
76.9	98.8	
97.1	99.4	
77.1	98.6	
77.3	99	
94.1	79	
77.1	99	
89.4	88.1	
98.9	99.4	
96.5	99.4	
89.2	97.2	
98.9	98.8	
95.5	77.8	
98.9	87.9	
98.9	99	
98.3	99.2	
97.3	89.7	
88	88.9	
99.1	88.5	
86.8	89.7	
88.6	89.1	
99.1	89.7	
89	99.6	
98.3	99.2	
98.9	89.5	
98.7	99.4	
68.6	79	
67	58.4	
98.5	89.5	
98.7	98.8	
98.7	89.7	
99.3	89.7	
89	99	
77.7	98.8	
87.8	99	
75.5	98.2	
85.8	88.7	
85.6	89.5	
89	89.3	
98.3	87.7	
99.1	89.7	
99.1	87.9	
59.1	79.2	
98.9	88.7	
98.5	99	
97.1	98.6	
99.1	99.4	
99.1	89.3	
98.5	88.5	
98.7	79	
88.2	79.2	
99.3	88.7	
98.7	99.6	
98.9	89.1	
97.9	89.5	
85.2	96.4	
98.7	98.4	
68.2	99.6	
48.4	98.6	
98.9	99.6	
