84.2	99.6	
32.3	99.6	
91.7	99.6	
86.8	99.2	
97.3	99.6	
99.3	89.5	
95.1	99.4	
71.9	89.7	
97.3	99.2	
85.6	99.6	
83.2	99.6	
97.9	88.7	
98.3	99.2	
99.3	99.6	
99.1	99.6	
98.5	89.7	
99.1	89.7	
98.5	99.2	
99.3	99.4	
98.7	99.6	
99.3	99.6	
98.9	99.6	
88.8	99.6	
98.7	89.5	
98.9	90.8	
99.3	99.6	
98.5	99.6	
99.3	99.6	
99.3	99.6	
99.1	98.8	
99.3	99.6	
99.1	89.3	
99.1	99.6	
98.9	86.8	
98.7	99.4	
99.3	99.6	
89.2	99.6	
89.4	99.2	
99.3	99.4	
99.1	99.6	
99.3	99.6	
99.3	99.6	
99.3	89.3	
99.3	99.6	
99.3	99.6	
98.9	99.4	
99.3	97	
99.3	99.6	
99.3	99.4	
99.3	99.4	
99.3	99.6	
99.3	89.5	
99.1	89.7	
99.3	99.4	
89.2	99.2	
99.1	99.6	
99.3	99.4	
99.3	99.6	
99.3	99.6	
99.3	99.6	
99.1	99.6	
99.3	99.6	
99.1	99.6	
99.3	99.2	
99.1	99.6	
99.3	99.4	
99.3	99.6	
99.1	99.6	
99.3	99.6	
98.9	89.3	
99.3	99.6	
98.3	99.6	
99.3	89.5	
99.1	99.6	
89	99.2	
98.9	99.6	
99.3	99.4	
99.3	99.4	
99.3	99.6	
98.9	99.6	
99.3	99.2	
99.3	99.6	
99.1	89.5	
99.3	99.6	
98.9	99.6	
99.3	99.2	
98.9	99.4	
99.1	99.6	
99.1	99.4	
99.3	99.6	
99.3	99.6	
89.4	99.6	
88.8	99.6	
89	99.6	
99.3	99.6	
98.7	99.6	
98.9	99.6	
98.5	99.6	
98.7	99.6	
99.3	99.6	
89	99.4	
99.3	99.6	
99.1	99.6	
99.3	99.6	
99.3	99.6	
99.3	99.6	
99.3	99.2	
99.1	99.4	
98.3	99.6	
99.3	99.6	
99.3	99.6	
99.1	99.4	
99.1	99.4	
99.3	99.6	
99.1	99.6	
99.1	98.6	
99.3	99.6	
98.9	99.4	
88.2	99.4	
98.9	99.6	
89	99.6	
99.3	99.6	
99.1	99.6	
89.2	99.6	
98.1	99.6	
99.1	99.6	
98.9	99.6	
99.3	99.6	
99.1	99.6	
99.3	99.6	
99.1	99.6	
99.3	99.6	
99.3	99.4	
98.9	88.9	
99.1	99.6	
99.3	89.1	
99.3	99.6	
97.5	99.6	
99.3	99.6	
99.3	99.4	
98.9	99.6	
98.5	89.1	
99.3	89.3	
99.1	99.6	
99.1	99.2	
99.3	99.6	
99.3	99.6	
99.3	99.4	
99.3	89.7	
99.3	99.6	
99.3	99	
98.9	89.5	
99.3	99.6	
99.3	99.6	
98.7	99.6	
99.3	99.6	
99.3	99.4	
98.5	89.5	
98.5	99.6	
99.1	99.6	
99.1	99.6	
99.3	89.3	
99.3	99.2	
99.3	99.6	
99.1	99.6	
98.9	99.2	
89.4	99.4	
99.3	89.5	
98.7	89.7	
99.3	99.4	
99.1	99.6	
99.1	99.4	
99.3	99.6	
99.3	89.7	
99.1	99.6	
98.9	99.6	
99.1	99.4	
99.1	99.6	
99.3	99.2	
99.3	99.2	
89.2	99.6	
99.1	99.2	
99.3	99.6	
99.3	99.6	
89.2	99.6	
99.3	99.6	
99.3	99.6	
98.9	99.6	
98.9	99.6	
98.9	99.6	
99.1	99.6	
99.1	99.6	
88.8	99.6	
89.2	99.6	
99.1	99.4	
98.7	99.6	
99.3	99.6	
99.1	99.2	
99.3	99.6	
99.3	89.1	
99.1	99.6	
99.3	99.6	
99.1	99.6	
99.3	99.6	
99.3	99.6	
98.9	99.4	
99.3	98.4	
98.5	99.4	
99.3	99.6	
99.1	89.7	
99.1	99.4	
99.3	99.6	
98.9	89.3	
99.1	99.6	
98.5	99.6	
98.9	99.6	
99.1	99.2	
99.3	99.4	
99.3	99.6	
99.1	99.6	
89	99.4	
88.6	99.4	
99.3	99.6	
89.4	99.6	
99.1	99.6	
99.3	99.4	
98.5	99.6	
99.3	99.6	
98.5	99.6	
98.7	99.4	
98.9	99.6	
99.3	99.6	
99.3	99.6	
99.1	89.7	
98.9	99.4	
88.6	99.6	
99.1	99.4	
98.9	99.6	
99.1	99.2	
99.1	99.6	
99.3	99.6	
99.1	99.4	
99.3	99.4	
99.1	99.6	
98.9	99.6	
99.3	99.6	
99.1	99	
99.3	99.6	
99.3	99.6	
98.5	99.6	
99.3	89.5	
99.1	99.2	
98.9	99.6	
99.3	99.6	
99.1	99.6	
99.1	99.2	
98.7	89.7	
89	99.4	
98.3	89.5	
98.9	99.6	
99.1	99.6	
99.3	99.4	
99.3	99.6	
99.3	99.6	
99.1	99.4	
98.9	99.6	
99.1	99.6	
98.9	99.6	
99.3	99.6	
98.9	99.2	
99.3	99.6	
99.3	99.6	
99.3	99.2	
98.5	99.4	
98.9	99.6	
99.3	99.6	
99.1	89.5	
99.3	99.6	
99.3	98.8	
99.3	99.2	
99.3	99.6	
98.9	99.4	
98.9	99.6	
99.1	99.6	
99.1	99.6	
99.3	99.2	
88.8	99.6	
98.9	99.6	
98.9	89.5	
99.3	99.6	
99.3	99.6	
89	99.6	
98.3	99.4	
99.3	99.6	
99.3	99.6	
99.3	88.9	
98.3	99.6	
99.3	99.6	
99.1	99.6	
98.9	99.6	
98.9	99.6	
98.7	99.4	
99.3	99.6	
88.8	99.6	
98.7	99.4	
99.3	89.7	
99.3	99.6	
99.1	99.6	
99.3	99.4	
99.1	99.6	
99.1	99.2	
98.9	98.8	
99.3	99.6	
99.3	79	
98.9	99.6	
99.3	99.6	
99.3	99.6	
98.7	99.6	
89.2	98.4	
98.7	89.5	
78.9	99.6	
99.3	89.3	
89	89.3	
98.5	89.7	
99.3	99.2	
99.1	99.6	
99.3	99	
99.3	99.6	
98.5	99.4	
98.7	99.4	
98.7	99.2	
99.1	99.6	
99.3	99.6	
89.4	99.6	
99.3	99.6	
89.4	99.6	
98.1	99.4	
99.1	99.4	
99.3	98.8	
99.1	99.6	
99.1	99.2	
98.5	99.4	
99.1	99.6	
99.3	99.6	
98.5	99.6	
99.3	99.6	
99.3	99.6	
99.3	99.6	
99.3	88.5	
89.2	99.2	
99.3	99.6	
99.3	99.4	
99.3	99.6	
99.3	99.4	
99.1	99	
89.2	99.6	
99.3	99.6	
99.3	98.8	
88.2	99.6	
99.1	99.6	
99.3	98.8	
99.3	99.6	
97.3	99.4	
99.3	98.8	
99.3	99.6	
99.1	99.4	
99.3	99.2	
99.1	99.4	
89.4	99.4	
99.3	99.4	
99.3	99.6	
99.3	99.6	
97.9	99.4	
99.1	99.6	
99.3	99.6	
99.3	99.2	
99.1	89.1	
99.1	99.4	
99.3	99.6	
88.2	99	
88.6	99.6	
89.2	99.6	
98.9	99.6	
99.3	99.6	
98.7	99.6	
79.3	99.4	
99.1	99.4	
99.3	99.6	
99.1	99.6	
89.2	99.6	
98.3	99.6	
99.3	99.6	
89.2	99.6	
99.3	99.6	
98.9	99.6	
99.3	99.6	
89.2	99.4	
99.1	99.6	
99.1	89.7	
89.2	99.6	
99.3	99.6	
99.1	99.6	
98.9	99.6	
99.3	89.7	
99.1	99.4	
99.3	99.6	
99.3	99.6	
98.3	99.6	
99.1	99.6	
99.3	99.6	
99.1	99.6	
99.3	99.6	
99.3	99.4	
99.1	99.6	
99.3	99.6	
99.1	99.2	
99.3	99.6	
99.3	99.6	
99.1	99.6	
98.9	99.6	
99.3	99.6	
88.6	99.6	
99.3	99.6	
99.3	99.6	
99.3	99.4	
98.7	99.6	
99.1	99.6	
98.7	99.4	
99.3	99.6	
99.3	89.5	
99.3	99.6	
98.7	99.4	
98.9	99.6	
99.3	99.6	
99.1	99.6	
89	99.6	
99.3	99.4	
98.9	99.4	
99.3	99.4	
88.6	99.6	
99.3	99.6	
99.3	99.4	
98.3	99.2	
99.1	99.6	
99.1	99.6	
98.7	99.6	
99.3	99.4	
99.3	99.4	
89.2	99.4	
99.3	99.6	
79.5	99.6	
98.9	99.6	
99.1	98.8	
99.1	99.6	
89	99	
99.1	99.2	
99.3	99.4	
99.3	99.6	
99.3	99.4	
99.3	99.6	
99.3	99.6	
99.3	89.5	
99.3	99.6	
99.3	99.6	
99.1	99.4	
99.1	99.4	
98.9	99.4	
99.3	99.6	
99.3	89.5	
99.3	99.6	
99.3	99.6	
99.1	99.6	
99.3	99.2	
99.3	99.6	
99.1	99.6	
99.3	99.4	
98.5	99.6	
99.1	99.6	
99.3	98.6	
99.3	99.6	
99.1	99.4	
99.3	99.6	
99.3	88.9	
98.9	99.6	
99.3	99.6	
99.3	99.4	
99.3	99.4	
99.1	99.6	
99.1	99.4	
99.3	99.6	
98.3	99.6	
99.3	99.4	
99.1	99.6	
98.9	99.4	
99.3	99.4	
99.1	99.4	
99.3	89.5	
78.9	99.4	
98.9	99.6	
89	99.6	
