78.1	89.7	
86.6	89.1	
77.5	89.5	
60.8	98.2	
94.7	99.6	
90.9	99.6	
98.7	99.4	
98.7	89.5	
97.9	99.6	
99.1	89.5	
89.2	79.6	
99.3	99.6	
87.8	99.4	
88.4	89.7	
88.8	99.6	
98.7	99.4	
99.3	89.5	
98.7	99.6	
88.6	99.6	
98.5	89.7	
98.9	99.6	
99.1	99	
99.3	89.5	
99.3	89.7	
89.4	96.8	
99.1	89.3	
98.9	99.6	
99.3	99.6	
99.1	99.6	
99.1	99.6	
98.3	99.2	
99.3	99.6	
99.1	98.8	
99.1	99.6	
99.1	99.4	
99.1	99.6	
99.3	99.6	
88.4	99.2	
98.7	98.8	
98.7	99.6	
89	99.2	
99.3	99.6	
99.3	99.6	
98.5	89.3	
98.9	99.6	
89	99.2	
99.1	87.5	
89.4	89.7	
99.3	89.5	
98.5	89.5	
99.3	99.6	
99.1	99.4	
99.1	99.6	
99.3	79	
88.2	99.6	
99.3	99.6	
99.1	99.6	
98.7	99.6	
98.9	99.2	
88	99.2	
99.1	99.6	
89.2	99.6	
99.3	69.3	
99.1	99.6	
99.3	69.1	
99.3	99.6	
99.3	99.6	
98.9	99.6	
99.1	99.6	
99.1	99.6	
89	89.7	
89.2	99.6	
99.1	89.3	
98.9	99.4	
89.2	99.2	
89.2	89.7	
89.2	99.4	
99.3	89.5	
89	99.4	
99.3	99.6	
99.1	99.2	
98.9	89.7	
99.3	99	
99.1	99.6	
99.3	89.3	
99.3	89.1	
98.9	99.6	
99.1	99.6	
99.3	89.1	
99.3	89.3	
99.1	99.6	
99.1	99.6	
98.9	99.6	
99.1	99.6	
88.6	89.1	
99.1	99.4	
98.9	89.7	
99.3	99.4	
99.1	99.6	
99.1	99.6	
99.1	99.4	
99.3	99.6	
98.3	89.5	
78.9	89.7	
98.9	89.5	
89.2	99.6	
99.1	99.4	
98.9	99.6	
99.3	89.7	
99.3	99.4	
99.3	99	
99.1	98.8	
99.3	99.6	
99.1	99.2	
89	99.2	
98.9	99.6	
99.1	89.7	
99.3	89.5	
99.1	68.9	
99.3	99.6	
99.1	99.6	
98.9	89.3	
99.3	99.4	
99.3	99.4	
99.3	99.2	
99.1	99.2	
98.9	89.5	
98.5	99.4	
99.3	78.4	
99.3	98.6	
98.5	99.6	
99.3	89.7	
99.1	99.4	
98.9	99.6	
88.8	99.6	
98.9	79.4	
89.2	99.2	
98.9	99.6	
99.3	89.3	
99.3	79.4	
99.1	89.7	
99.1	99.6	
99.1	99.6	
99.3	89.5	
99.3	99.6	
99.1	89.5	
99.1	99.6	
98.5	79.4	
98.7	99.6	
99.1	99.4	
89.2	89.5	
98.9	89.1	
98.1	89.7	
88.2	99.6	
99.1	89.3	
98.9	99.2	
98.7	89.7	
98.9	99.4	
99.3	89.5	
99.1	89.7	
99.3	99.6	
89.2	99.4	
99.1	99.4	
99.3	99.2	
98.5	99	
69	99.6	
98.9	89.5	
99.3	99.6	
99.1	99.4	
89	99.6	
99.3	99.6	
99.1	89.5	
99.1	89.7	
98.9	89.7	
99.1	99.6	
99.1	99.6	
99.3	99.2	
98.3	99.6	
99.1	99.4	
99.1	99.6	
89.4	99.4	
78.9	99.6	
98.9	89.7	
69	99.4	
98.9	89.7	
99.3	99.6	
99.3	99.4	
98.7	99.6	
98.3	89.3	
98.9	89.7	
99.3	99.6	
99.3	79.4	
99.3	99.2	
99.3	99.6	
99.1	99.4	
89	79.6	
99.3	99.6	
88.6	99.6	
98.3	99.6	
78.9	99.2	
99.3	99.6	
98.9	99.6	
69	89.5	
98.7	99.6	
99.1	89.3	
99.1	89.7	
98.9	99.6	
99.3	99.4	
99.3	99.6	
99.3	98.8	
89.4	89.5	
98.5	99	
98.9	89.5	
99.1	89.5	
99.1	99.6	
98.9	99.6	
99.3	89.7	
99.3	89.7	
99.1	89.7	
99.3	89.5	
98.9	99.2	
99.1	89.3	
58.7	99.4	
99.3	99.4	
68.6	99.4	
98.1	99.2	
99.3	99.4	
98.5	89.7	
99.1	79.2	
98.9	89.5	
89.2	89.7	
99.3	99.6	
88.2	89.7	
99.3	99.6	
99.3	99.6	
99.1	99	
98.9	99.6	
98.5	99.6	
98.5	89.5	
98.9	89.7	
98.7	99.2	
88.8	99.2	
89	69.3	
88.2	89.7	
99.3	99.2	
99.1	89.7	
99.3	79.4	
98.9	99.6	
98.7	99.6	
99.3	99.6	
98.9	99.6	
99.1	89.5	
99.3	99.2	
99.3	99.6	
98.5	89.5	
99.3	89.7	
89.2	89.5	
76.9	89.5	
98.9	89.7	
99.1	99.6	
99.3	88.5	
99.1	99.6	
99.3	99.6	
99.3	99.6	
89.2	89.5	
99.3	99.6	
99.3	99.4	
98.9	99.6	
99.3	79.4	
89.2	99.6	
99.3	99.6	
99.3	99.6	
98.9	99.6	
99.1	99.6	
99.3	99.4	
99.3	89.1	
88.6	98.8	
99.3	99.2	
98.3	99.2	
99.1	99.6	
99.1	99.6	
68.6	99.4	
99.1	99.6	
99.1	89.7	
98.7	99.6	
99.1	99.6	
99.3	99.6	
99.3	99.6	
99.3	99	
87.4	99.6	
99.1	99.6	
99.1	99.6	
98.9	99.6	
99.1	99.6	
69	99.6	
99.3	99.4	
89.2	99.2	
99.1	99.4	
99.1	99.6	
78.9	99.2	
98.9	99.6	
99.1	99.4	
99.3	99.6	
99.3	89.7	
98.9	99.2	
99.1	99.6	
98.7	99	
98.5	99.6	
99.3	99.6	
99.3	99.2	
98.9	99.4	
99.3	99.6	
98.9	99	
99.3	99.6	
99.1	99.4	
99.1	99.6	
99.3	99.6	
89	99.6	
99.3	99.6	
99.3	99.6	
99.1	99.6	
88.4	99.2	
88.6	99	
99.3	99.4	
99.1	99.6	
88.8	99.6	
99.3	89.3	
88.8	99.4	
88.8	99.6	
99.3	99.6	
99.1	99.2	
99.1	79.2	
99.3	99.6	
99.1	99.6	
99.3	99.6	
98.5	99.4	
99.3	98.8	
99.1	89.5	
89	99.2	
88.4	99	
88.6	99.6	
89.4	99	
99.3	99	
98.9	99.6	
99.3	99.4	
88.6	99.6	
89.2	99.6	
99.3	99.6	
98.9	99.4	
99.3	99.4	
89.4	99.4	
98.9	99.4	
89.2	99.4	
99.1	99.2	
99.1	89.3	
99.1	99.6	
99.3	89.7	
99.1	99.4	
99.1	99.6	
99.1	99.6	
98.9	99.4	
98.1	99.6	
99.1	89.7	
99.3	99.4	
99.3	99.6	
78.9	99.4	
89.2	99.6	
98.3	99.2	
89	99.4	
98.7	99.6	
99.3	99.4	
99.1	99.6	
99.3	99.6	
98.9	99.4	
99.3	99.6	
99.3	99	
99.1	99.6	
99.3	99.2	
99.3	99.4	
99.3	99.4	
99.3	99.6	
99.1	99	
99.3	99.6	
99.1	99.6	
78.7	99.6	
89	99.4	
99.1	99.4	
98.9	99.6	
79.5	99.4	
99.3	99.6	
99.3	99.4	
88.8	99.4	
99.3	89.3	
98.9	89.5	
98.9	99.6	
99.1	99.4	
99.3	99.6	
98.3	99.6	
99.3	99.6	
98.9	99.6	
99.1	99.6	
98.9	99.6	
89.2	99.2	
98.1	99.4	
99.1	99.4	
98.9	98.8	
99.3	99.6	
99.1	99.6	
99.1	98.8	
99.1	99.6	
99.3	99.4	
99.3	99.6	
99.1	99.6	
98.5	99.4	
98.7	99.6	
98.9	99.2	
88.8	99.6	
98.5	99.4	
98.7	99.4	
89.4	99.2	
99.3	99	
99.3	99.6	
77.1	99.4	
99.1	99.4	
99.3	99.6	
98.9	99.2	
98.7	99.6	
98.9	99.6	
98.5	88.3	
98.9	99	
99.3	99.4	
99.3	99.6	
99.3	99.6	
99.3	99.6	
98.9	99.2	
98.3	99	
98.7	99.6	
99.3	99.6	
89.2	99.2	
79.3	99.6	
89	99.6	
88.8	99.6	
99.3	99.4	
98.9	99.4	
98.7	99.4	
99.1	99.4	
97.7	99.6	
99.3	99.2	
98.9	99.6	
99.3	99.6	
99.3	99.6	
88.8	99.6	
89	99.2	
99.1	99.4	
98.9	99.4	
88.8	99.6	
99.3	99.6	
89	99.6	
88.6	99.6	
98.7	99.6	
99.1	99.4	
99.3	89.1	
98.7	99.4	
89	99.4	
89.4	99	
98.9	99.6	
99.3	99.6	
99.1	99.4	
98.9	99.6	
89.2	99.6	
99.1	99.6	
98.5	99.4	
98.3	99.6	
99.1	89.5	
98.9	99.4	
99.1	97.8	
99.1	99.6	
98.5	99.6	
98.7	99.6	
99.1	99.6	
98.9	89.5	
79.1	89.3	
99.3	99.6	
99.1	99.4	
98.7	99.6	
99.3	99.2	
99.1	99.6	
99.1	99.4	
99.1	98.6	
99.1	78.2	
99.1	99.4	
99.3	99.6	
98.3	99.6	
99.1	99.6	
89	98.8	
99.1	89.5	
88.8	99.4	
99.1	99.6	
98.7	89.7	
77.7	99.6	
