97.1	99.6	
45.6	99.6	
31.3	94.8	
98.3	99.6	
98.7	99.6	
96.1	99.4	
98.3	99.4	
98.7	89.7	
89.9	98.6	
97.9	99.6	
95.9	99.4	
99.3	99.4	
99.3	99.6	
99.3	99.6	
98.9	99.6	
99.1	89.7	
99.3	99.6	
98.9	89.7	
99.3	99.4	
99.3	99.6	
99.1	89.7	
99.3	98.8	
99.3	99.4	
99.3	99.6	
98.9	99.6	
99.1	99.4	
99.1	99.4	
99.3	89.7	
99.3	99.4	
99.3	89.7	
99.3	99.6	
98.9	99.6	
99.3	99.6	
98.9	99.6	
99.1	99.6	
99.3	99.6	
99.1	99.2	
98.5	89.7	
99.3	89.7	
99.3	99.4	
99.3	99.6	
99.3	99.6	
99.1	99.6	
99.3	99.4	
99.3	99.6	
99.1	99.6	
99.3	99.6	
99.3	99.6	
99.1	99.6	
98.9	89.5	
99.1	89.7	
99.1	99.6	
99.3	99.4	
99.3	99.6	
99.1	79.4	
99.1	99.6	
99.3	99.6	
99.3	99.6	
99.1	99.2	
99.1	99.6	
98.7	99.4	
99.3	99.6	
99.1	99.4	
99.3	99.6	
99.3	99	
99.3	99.6	
99.3	89.7	
99.3	99.2	
99.3	99.6	
99.3	89.7	
98.9	99.6	
99.3	99.4	
99.3	99.4	
99.3	99.6	
99.1	99.4	
99.1	99.4	
99.1	99.6	
99.3	89.7	
99.3	89.7	
99.3	99.6	
99.3	99.6	
99.3	89.7	
99.3	79.4	
99.3	89.5	
99.3	99.4	
99.3	99.6	
99.3	89.7	
99.1	99.4	
99.3	99.2	
99.1	99.6	
98.9	99.6	
98.5	99.6	
99.3	99.4	
99.3	89.5	
99.3	99.6	
98.9	99.6	
99.3	99.6	
98.9	99.6	
99.3	99.4	
99.3	99.6	
99.3	89.5	
99.3	99.2	
98.9	99.6	
99.3	89.7	
99.1	99.6	
99.3	99.6	
99.1	99.6	
99.3	99.6	
99.1	99.6	
99.3	89.7	
98.7	99.6	
99.3	99.6	
99.3	89.7	
99.3	99.4	
99.1	99.6	
99.3	89.7	
99.3	99.6	
98.9	99.6	
98.7	99.6	
99.3	99.6	
99.3	99.6	
99.3	99.4	
99.1	99.6	
99.3	99.4	
98.7	99.6	
98.9	99.6	
99.3	99.6	
99.3	99.4	
98.9	99.6	
99.1	99.6	
98.7	99.6	
99.3	99.6	
99.1	99.6	
99.1	99.6	
99.3	89.7	
99.1	99.6	
99.3	99.6	
99.3	99.2	
99.3	89.7	
99.3	89.3	
98.9	99.6	
98.7	79.6	
99.3	99.2	
99.1	99.6	
99.3	99.6	
99.3	99.6	
99.3	89.5	
99.3	89.7	
99.3	99.6	
98.9	99.6	
99.3	89.5	
99.3	99.6	
98.9	99.6	
98.9	99.6	
99.3	89.5	
99.3	99.6	
99.3	99.6	
99.3	99.6	
98.9	89.7	
99.1	89.7	
89.4	99.4	
99.3	89.7	
99.3	99.6	
99.3	99.6	
99.1	89.7	
98.9	99.6	
99.3	99.6	
99.3	99.2	
99.3	99.6	
99.3	89.5	
99.3	99.6	
99.3	99.6	
99.3	88.7	
98.9	89.7	
98.9	89.7	
99.1	89.7	
99.3	99.6	
99.3	89.7	
99.3	89.7	
98.9	89.7	
99.1	89.7	
99.3	99.6	
99.1	98.6	
99.1	89.7	
99.1	89.7	
99.3	99.6	
99.3	89.7	
98.7	89.7	
99.1	89.7	
99.1	89.5	
99.3	89.7	
99.3	89.7	
98.9	89.7	
99.3	89.7	
99.1	89.7	
99.3	89.5	
99.1	89.7	
99.3	89.7	
99.1	89.7	
98.9	89.7	
98.7	89.7	
98.9	89.7	
99.1	89.7	
99.3	89.7	
99.1	89.7	
99.3	89.5	
99.3	89.7	
99.1	89.7	
99.1	79.4	
99.3	89.7	
99.3	79.4	
99.1	89.7	
99.1	99.6	
89.2	89.5	
99.1	89.7	
98.7	89.7	
99.3	79.6	
99.3	89.7	
99.3	89.7	
99.1	89.7	
98.9	89.7	
99.3	89.7	
99.1	89.7	
99.3	69.5	
99.1	89.5	
99.3	89.7	
99.3	89.7	
98.7	89.7	
99.3	89.7	
99.1	89.7	
99.3	89.7	
99.3	89.7	
99.3	89.7	
99.3	89.7	
98.9	89.5	
99.1	89.7	
99.3	89.7	
99.3	89.7	
99.3	89.7	
98.1	89.5	
99.3	89.7	
99.3	89.5	
99.3	89.7	
99.3	99.2	
99.3	79.6	
99.3	89.7	
99.3	89.5	
99.1	89.7	
99.3	89.3	
99.3	89.1	
99.3	89.7	
99.1	98.6	
99.1	99.6	
99.1	89.7	
99.3	89.7	
99.3	89.7	
99.1	89.7	
99.1	89.5	
99.3	89.7	
99.3	89.7	
99.3	89.5	
99.3	79.2	
99.3	89.7	
98.9	89.7	
99.3	89.3	
99.3	89.3	
99.1	89.7	
98.5	89.7	
99.3	89.3	
89.2	89.5	
99.3	99.6	
99.3	89.5	
99.1	89.7	
99.3	89.7	
98.9	89.7	
99.3	89.7	
99.3	89.7	
99.3	89.3	
99.3	89.7	
99.3	89.7	
89.2	89.7	
99.3	89.7	
99.3	89.7	
99.1	89.3	
98.9	89.7	
99.3	89.7	
99.1	89.7	
99.3	89.7	
99.3	89.5	
99.1	89.7	
99.3	89.7	
99.3	89.7	
99.3	89.7	
99.3	89.7	
99.1	89.7	
99.1	89.5	
99.3	89.3	
98.9	79.6	
99.3	89.7	
98.9	89.7	
99.3	89.7	
99.3	89.7	
99.3	89.7	
99.1	89.5	
99.3	89.7	
99.3	89.7	
99.3	89.3	
98.9	89.5	
99.3	89.1	
98.9	89.7	
99.1	89.7	
99.3	99.2	
99.3	89.7	
99.3	89.7	
99.3	89.5	
99.1	89.3	
99.1	89.7	
98.7	89.7	
99.3	89.7	
99.3	89.7	
99.1	89.3	
99.3	99.6	
99.1	99.6	
98.9	99.6	
99.1	99.6	
99.1	99.6	
99.1	89.5	
99.3	99.6	
99.3	89.7	
99.3	99.6	
99.1	99.6	
99.3	99.6	
99.1	99.6	
98.9	99.6	
98.7	99.6	
99.3	89.7	
98.9	99.6	
99.3	99.6	
99.1	99.6	
99.1	99.4	
99.3	89.3	
99.3	99.4	
98.3	99.6	
99.1	99.6	
99.3	99.6	
99.3	99.6	
99.3	89.7	
89	99.6	
99.3	89.7	
99.3	99.2	
89	89.7	
99.1	99.6	
99.1	99.6	
98.3	99.4	
99.3	99.2	
98.9	89.5	
88.2	99.6	
98.9	99.6	
99.3	99.6	
99.1	99.6	
99.3	99.2	
99.3	99.6	
99.1	99.4	
99.3	99.6	
98.9	99.6	
99.3	99.6	
98.9	99.6	
98.5	99.6	
99.1	89.3	
99.3	99.6	
99.3	99.6	
99.3	89.7	
99.3	99.4	
99.3	99.4	
99.3	99.6	
99.1	99.6	
99.3	99.6	
99.1	89.7	
99.1	99.6	
99.3	89.7	
99.3	99.6	
99.3	99.6	
99.1	89.5	
99.1	99.6	
99.3	99.6	
99.3	99.6	
99.1	99.6	
99.3	99.6	
98.9	99.6	
89.2	99.4	
99.3	99.6	
99.1	99.6	
89.2	99.4	
99.1	99.6	
99.3	99.6	
99.1	99.2	
99.3	99.6	
99.3	99.6	
98.9	99.6	
99.3	99.6	
99.1	99.6	
98.9	99.6	
89.2	99.6	
99.1	99.6	
99.3	89.7	
99.3	99.6	
98.9	99.6	
99.3	99.6	
99.3	88.9	
99.1	99.6	
99.3	89.7	
99.3	89.7	
99.3	89.7	
99.3	89.7	
99.3	99.6	
99.3	79.6	
89.2	99.6	
99.1	89.7	
99.1	89.5	
99.1	99.4	
99.3	99.6	
98.7	99.2	
99.1	99	
99.1	99.6	
98.7	89.7	
98.9	99.6	
99.1	99.6	
98.9	99.4	
98.7	99.4	
99.3	89.7	
99.3	89.7	
99.3	89.7	
99.3	89.7	
99.1	89.7	
99.1	89.7	
99.3	88.7	
99.3	89.7	
99.1	89.7	
89	89.7	
99.3	89.7	
99.3	89.7	
99.3	89.7	
99.1	89.7	
99.1	89.7	
99.1	89.7	
99.3	89.5	
99.1	79.6	
98.9	89.7	
99.3	89.7	
98.9	79.6	
99.3	89.7	
99.3	89.7	
99.3	79.6	
99.3	79.6	
99.3	89.7	
99.3	89.7	
98.9	89.7	
99.1	89.7	
98.5	99.6	
99.3	99.6	
98.9	89.7	
99.1	89.7	
88.6	89.7	
99.3	89.7	
89.2	99.6	
99.3	89.5	
99.3	89.5	
99.1	89.7	
99.1	89.7	
99.3	89.7	
99.3	89.7	
99.3	89.7	
99.1	89.7	
99.3	99.6	
99.1	89.7	
99.3	89.7	
98.9	79.6	
99.3	89.7	
98.9	89.7	
99.1	89.7	
88.8	89.5	
99.3	89.7	
99.3	89.7	
99.3	89.7	
99.1	89.7	
99.1	89.7	
99.3	89.7	
99.3	89.7	
99.3	89.7	
89	89.7	
99.3	89.5	
99.3	89.7	
99.3	89.7	
99.1	89.7	
99.3	99.6	
99.3	89.7	
99.3	59.4	
99.3	89.7	
98.9	89.7	
99.1	89.7	
