47.1	65.1	
48.9	89.5	
93.9	98.6	
96.9	87.3	
75.9	75.2	
77.7	89.3	
95.9	99.2	
79.1	98.6	
97.1	99.6	
91.1	99.6	
97.5	89.5	
99.1	99.6	
97.9	89.3	
99.1	99	
97.9	88.1	
98.9	99.4	
98.9	99.6	
98.3	98.6	
99.1	99.6	
98.9	99.6	
98.9	99.4	
98.7	99	
98.9	99.4	
98.7	99.6	
98.7	99.4	
95.7	89.3	
98.9	99.6	
99.3	99.4	
96.9	99.6	
98.9	88.5	
98.9	99.2	
99.3	99.4	
99.3	98.8	
98.7	89.7	
98.9	99.6	
98.7	98.6	
99.1	89.7	
98.5	89.5	
97.3	99.2	
98.3	99.2	
98.7	99.4	
98.3	89.7	
97.9	79	
99.3	99.6	
99.1	99.2	
98.7	89.5	
36.3	89.1	
99.3	89.5	
98.3	89.7	
99.1	99.6	
97.3	89.5	
99.1	89.3	
99.1	99.6	
98.7	99.6	
97.7	78.8	
98.5	99.4	
97.9	87.9	
98.9	99.6	
98.5	89.7	
98.9	99.6	
76.5	99.6	
98.9	99.6	
99.1	99.2	
87	78.8	
98.7	89.3	
99.1	99	
99.1	89.5	
99.1	98.8	
97.9	99.4	
99.1	99.2	
98.7	99.4	
99.3	98.8	
96.7	99.6	
99.3	99.6	
98.7	99.6	
99.1	99.6	
99.1	89.1	
99.3	89.5	
98.1	99.6	
98.9	98.4	
98.7	99	
97.3	89.7	
99.1	99	
98.9	99.6	
99.1	88.7	
98.5	99.4	
99.1	99.6	
99.3	99.2	
97.9	89.7	
98.1	99.4	
98.9	69.5	
99.3	99.2	
99.3	78.8	
98.9	99.4	
89	97.8	
98.9	99.2	
97.5	99.6	
98.5	99.6	
47.4	99.4	
98.5	99.4	
98.5	99.6	
99.1	89.7	
87.6	99.6	
99.1	99.4	
98.9	99.4	
98.9	99.4	
98.5	99.6	
88.4	99	
98.7	99.6	
98.7	99	
99.1	99.6	
98.5	99.4	
98.5	99.4	
98.5	99.6	
87.2	99.6	
98.1	99.4	
99.3	99.4	
99.1	99.2	
98.3	89.1	
99.1	99.2	
98.5	99.6	
99.1	99.2	
98.7	99.2	
98.9	99.4	
98.3	89.5	
98.9	88.5	
88	98.4	
99.1	99.6	
98.7	99.4	
98.5	99.4	
98.7	99.2	
98.7	99.6	
98.9	88.9	
98.3	99.4	
98.7	79.4	
79.3	99.2	
99.1	99.4	
98.7	89.7	
97.7	98.6	
99.1	99.4	
98.3	99	
98.5	99	
99.3	99.6	
86.8	99.2	
99.1	88.5	
98.5	89.7	
99.1	89.7	
99.1	89.5	
99.1	99.6	
99.3	89.5	
99.3	78.6	
99.1	99.2	
98.9	89.3	
98.7	89.3	
98.9	79.6	
98.9	89.3	
99.1	89.1	
99.3	89.7	
98.5	79.4	
89.4	89.7	
98.9	99.6	
99.3	89.1	
99.1	89.5	
97.7	89.7	
99.1	89.7	
87.4	89.7	
98.3	89.5	
98.3	89.5	
98.5	89.7	
89.4	99.6	
98.3	99.6	
98.7	89.7	
87.2	79.2	
99.1	89.3	
99.3	89.7	
98.5	78.8	
98.5	88.9	
98.1	88.9	
98.9	99.4	
98.9	79	
98.7	99.2	
88	99.6	
98.5	99.4	
99.3	89.5	
89	99.6	
99.1	78	
98.1	99.2	
98.9	99.2	
98.9	89.5	
98.9	98.4	
97.3	99	
99.1	89.7	
98.7	89.7	
98.7	88.9	
77.7	88.5	
98.9	78.8	
98.9	99.2	
98.5	99.4	
99.3	99.6	
98.1	99.4	
98.9	99.6	
98.9	99.6	
98.7	98.2	
98.9	79.2	
99.1	99.6	
88.6	89.5	
98.9	99.6	
98.5	99.4	
99.3	89.7	
98.3	99.6	
99.1	99.2	
99.3	99.4	
98.1	88.9	
99.1	89.7	
98.7	89.5	
98.5	99	
98.9	99.4	
98.7	89.7	
98.5	89.7	
98.7	89.5	
98.9	89.5	
99.3	99.6	
98.7	89.1	
98.9	89.5	
98.5	89.5	
99.1	99.6	
99.1	99.2	
98.5	89.5	
98.7	99.4	
98.5	99.6	
98.9	99.6	
98.5	89.7	
98.9	89.5	
99.1	99.6	
98.3	98.6	
98.1	99.6	
98.9	98.6	
87	78.6	
99.3	89.7	
89	88.9	
98.7	89.3	
99.1	67.9	
99.3	99.2	
98.7	89.7	
98.1	89.5	
98.1	99.6	
99.1	99.4	
98.7	99.6	
99.1	99.2	
89.2	89.3	
98.5	89.7	
99.1	99.2	
98.9	89.5	
99.1	89.7	
99.3	99.6	
98.9	89.5	
98.5	78.2	
99.3	99.6	
99.1	99.2	
98.9	99.6	
97.9	99.6	
88.4	99.6	
98.9	99.4	
98.5	99.6	
98.7	99.4	
98.9	98.8	
99.3	99.4	
98.9	99.6	
98.5	99.6	
97.1	99.2	
88.4	99.4	
85.2	99.6	
98.7	99.4	
98.5	98.4	
99.1	99	
98.1	99.6	
98.1	99.6	
99.1	89.5	
98.9	99.6	
88.8	98.6	
98.7	99.2	
98.9	99.6	
98.9	99.4	
98.7	99.4	
98.9	98.6	
89	99.6	
96.7	99.4	
99.1	99.2	
88.8	99	
98.5	99.2	
99.1	99	
87.6	99.6	
98.5	99.2	
99.3	98.8	
99.1	89.5	
98.9	99.6	
99.3	99.6	
78.9	99.6	
98.1	98.8	
78.1	99	
98.9	99.6	
98.9	99.4	
99.3	99.4	
99.3	98.8	
98.1	89.3	
69	99.4	
79.1	99	
99.1	99	
97.9	97.8	
97.7	99	
99.1	99.4	
98.3	98.8	
96.9	89.5	
37.7	99.4	
99.3	89.3	
98.9	99.6	
99.1	99.4	
99.3	79.4	
99.3	78	
98.5	99.4	
88.4	99.2	
98.9	99.4	
98.9	99.6	
98.7	99.6	
99.3	98.6	
99.3	99	
98.7	99.2	
98.9	99	
98.5	89.3	
96.9	99.6	
99.3	99.6	
99.1	89.3	
79.1	88.7	
79.1	99.4	
98.9	99.6	
99.1	99.4	
88.8	99.4	
89.2	99.4	
99.3	99.6	
99.3	89.5	
99.3	99.6	
98.9	99.6	
98.7	79.2	
99.3	98.8	
88.8	99.4	
99.3	89.3	
99.3	99.6	
98.1	99.6	
98.5	99.4	
87.4	99.4	
98.5	99.6	
96.9	89.7	
98.9	89.3	
97.7	99.4	
99.3	98.6	
79.5	98	
99.3	98.8	
98.5	99.6	
98.5	98.6	
98.7	99.6	
98.3	99.4	
99.1	87.9	
98.7	99.4	
98.9	99.6	
98.7	99	
98.9	99.4	
98.9	98.8	
89	99.2	
99.1	99.6	
98.7	99.4	
98.9	97.4	
99.3	99.6	
99.3	99.2	
98.3	99.2	
88.4	99.6	
99.3	89.5	
99.1	89.1	
98.3	99.6	
99.3	99.2	
99.3	89.5	
99.1	99.6	
99.1	99.6	
99.3	89.3	
98.5	89.5	
99.1	98.6	
98.3	99.4	
99.1	89.5	
99.3	97.4	
99.1	99.6	
98.3	99.6	
99.1	99.4	
98.3	89.7	
79.1	99.6	
77.3	99	
98.5	99.6	
98.3	99.6	
98.7	99.6	
98.7	89.5	
99.3	98.8	
97.9	99.2	
88	97.8	
97.7	99.6	
98.7	88.7	
99.1	79.6	
99.3	98.6	
88.4	99.4	
98.9	89.7	
98.9	89.5	
99.1	99.6	
97.7	79.6	
99.3	99.2	
99.1	99.4	
89.2	99.4	
99.3	89.5	
98.3	99.6	
99.1	99.4	
98.7	99.4	
98.9	99.4	
98.7	99.6	
87.6	99.2	
98.9	99.4	
99.1	98.8	
88.6	79.4	
99.1	88.5	
98.9	99.2	
79.1	99.4	
88.8	99.4	
98.5	99.6	
99.1	79.4	
99.3	99.2	
88	99.6	
98.5	99.4	
98.5	99.2	
99.1	89.5	
98.7	99.4	
99.1	98.6	
98.9	89.3	
58.9	99.6	
99.3	99.4	
99.1	89.7	
98.3	89.3	
78.7	99.2	
98.5	89.7	
99.3	99	
88.8	89.5	
99.1	98.8	
98.7	99.6	
99.1	99.4	
99.1	99.6	
99.1	99.4	
98.5	99.6	
98.9	79	
99.1	99.4	
98.9	99.6	
78.3	89.7	
98.7	99.2	
78.7	98.6	
99.3	99.6	
98.9	79.2	
99.1	99.2	
98.9	98.8	
99.3	99.6	
98.9	99.4	
98.9	99	
99.1	99.6	
99.1	99.2	
77.9	99.2	
99.3	99.4	
89.2	99.6	
97.9	89.3	
99.1	99.6	
98.9	88.7	
98.7	78.6	
98.9	89.5	
69	98.8	
99.1	98.6	
89.2	99.4	
99.3	89.5	
98.9	89.5	
99.1	99.4	
99.3	99.6	
98.9	99.6	
98.3	99.6	
57.9	99	
99.3	88.9	
99.3	89.7	
99.3	99.6	
99.1	99.4	
99.3	99.4	
48.6	99.6	
98.9	99.4	
89.2	99.4	
99.1	99	
98.7	99.4	
99.3	99.6	
99.1	98.2	
99.1	99.2	
88.4	99.4	
98.7	99.2	
99.3	88.9	
