59.8	70	
97.9	98.6	
68.2	88.3	
88.4	99.4	
95.9	88.9	
86.4	99.4	
97.1	99.4	
98.5	98.4	
88	98.2	
96.1	99.2	
97.5	99.2	
98.9	98.8	
98.7	98.8	
98.7	88.9	
97.7	88.9	
77.9	99.2	
98.7	98.8	
98.9	98.8	
88	99.4	
97.1	89.1	
88.6	99	
98.7	99.4	
98.9	99	
99.3	99.2	
99.1	99.4	
98.7	89.5	
98.9	98.8	
99.1	99	
99.1	98.8	
99.1	89.3	
99.3	98.8	
98.7	99.4	
99.3	98.8	
99.3	99.2	
98.5	89.1	
98.7	99	
98.7	99.4	
98.7	98.8	
97.3	99	
98.9	89.7	
98.1	99.6	
99.1	99.2	
99.1	99.6	
99.1	99.6	
99.3	89.5	
98.9	99	
98.9	99.4	
99.3	99.6	
98.9	99.6	
98.5	99.4	
89.4	89.7	
98.3	99.6	
98.5	89.5	
99.1	99	
98.3	89.3	
99.3	97.8	
99.1	99.6	
98.3	89.7	
98.9	99.4	
97.9	99.2	
99.3	99.6	
98.7	98.8	
98.9	99.4	
99.1	99.4	
99.1	99.4	
99.1	99.4	
98.3	99.4	
98.1	99.4	
98.1	99.6	
97.3	78	
99.3	99.4	
98.5	99.2	
99.1	99.2	
97.1	99.6	
98.5	99	
98.5	99.4	
98.5	89.5	
98.3	99.6	
98.9	99.6	
98.9	99.4	
99.1	89.7	
99.1	98.2	
98.5	99.4	
98.5	99	
99.3	99.4	
99.1	99	
98.7	99.2	
98.9	99.6	
98.9	99.2	
99.3	99.6	
99.3	99.4	
87.6	99.2	
99.1	89.7	
99.3	99.6	
99.3	89.1	
98.5	98.8	
98.9	89.3	
98.1	99	
98.5	99.6	
98.3	99.4	
98.9	79	
98.9	99	
98.7	89.5	
98.7	99.6	
87	98.4	
98.7	98.4	
98.5	99.6	
99.1	99.4	
99.1	79.4	
99.3	99.4	
98.7	99.6	
97.7	99	
98.9	99.4	
98.7	99.4	
79.1	99.2	
97.3	99.6	
99.1	98.8	
99.1	89.3	
98.7	99.4	
99.3	99.4	
98.9	99.4	
97.7	99.4	
98.9	99.4	
86.8	89.7	
98.5	99	
98.7	99.6	
99.1	89.5	
98.5	99.2	
99.3	99	
98.7	99.4	
99.1	99.6	
98.9	88.7	
99.3	99.6	
98.3	99.2	
99.3	99.2	
98.9	99.2	
98.9	99.6	
99.1	99.4	
98.5	99.2	
98.3	99.6	
87.6	99.6	
99.1	99.6	
98.9	99.6	
99.1	99.4	
99.1	99.6	
99.1	99.6	
98.7	99.2	
97.5	99.6	
98.7	99.2	
98.9	99	
99.3	89.5	
98.5	98.8	
98.9	99.4	
97.9	98.8	
98.7	89.1	
97.7	79	
99.3	99.4	
98.3	99.6	
99.1	99.6	
98.7	99.6	
98.9	98.8	
86.8	99.4	
99.1	99.6	
99.1	99.6	
97.3	99.2	
98.9	99.2	
98.9	99.6	
98.9	99.2	
99.3	99.6	
99.3	99.2	
97.9	99	
88.2	99.2	
98.9	99.4	
88.4	99	
98.3	99.6	
88.2	89.1	
99.1	99.4	
98.9	99.6	
98.9	89.3	
99.3	97.6	
87.4	89.3	
98.7	99.6	
98.9	89.7	
98.3	99	
99.1	99.4	
98.9	89.5	
99.1	99.6	
98.9	89.5	
97.3	99.2	
99.1	89.7	
99.1	99	
98.9	99.2	
98.5	99.6	
98.7	99.4	
96.9	89.7	
98.9	99.2	
98.5	99.4	
99.1	98.8	
86.6	99.4	
98.5	89.5	
99.3	99.4	
98.3	89.7	
99.1	99	
98.9	99.6	
99.1	89.7	
98.5	99.6	
98.5	99.6	
99.3	89.5	
88.2	98	
98.7	78.6	
98.5	99.2	
98.7	99.6	
98.1	89.3	
98.7	89.3	
99.1	99.2	
99.3	99.6	
99.1	89.3	
97.9	89.1	
99.3	89.5	
99.1	99	
98.7	99.4	
99.1	88.3	
99.3	89.7	
99.1	89.5	
99.3	89.3	
98.9	99.2	
98.5	99.6	
89.2	99.4	
99.3	78.8	
98.9	89.1	
88.2	99.6	
98.9	99.4	
98.5	99.4	
99.1	99.2	
99.1	89.7	
99.1	89.1	
99.1	89.1	
99.3	98.8	
99.1	89.5	
99.1	99.6	
99.1	89.5	
99.1	89.3	
98.7	89.3	
99.1	89.5	
98.9	89.7	
99.1	79.2	
99.3	89.3	
99.3	88.9	
98.7	89.5	
99.3	68.3	
98.7	89.5	
98.9	99	
98.3	98.6	
99.3	89.3	
98.5	79.6	
98.5	89.5	
98.1	79.6	
98.5	79	
99.3	89.7	
98.5	89.7	
99.3	99.6	
97.7	69.3	
99.3	89.7	
98.7	79.4	
99.3	79.4	
99.1	89.7	
98.7	79.4	
98.5	89.7	
98.9	79.6	
98.9	89.7	
99.1	88.9	
98.9	89.3	
98.9	99.6	
99.3	99	
98.5	89.7	
98.7	99.6	
99.1	79.4	
98.3	89.5	
97.5	99.6	
99.3	69.5	
98.9	99.6	
99.1	99.6	
99.3	79.4	
98.7	99	
98.9	78.6	
99.3	99.4	
99.3	89.7	
98.9	99.4	
99.1	79.6	
99.3	89.5	
98.7	99.6	
99.1	99.6	
99.1	89.1	
98.7	99.2	
98.1	89.3	
98.3	89.7	
98.9	99.6	
99.3	89.3	
98.5	89.5	
89	89.5	
98.1	99.4	
98.9	99.6	
99.1	89.7	
99.3	89.3	
99.3	89.7	
99.1	99.4	
98.9	99.6	
98.5	89.3	
98.7	99.2	
99.3	99.2	
99.3	99.4	
98.9	99	
99.3	99.2	
99.1	99.4	
99.3	89.7	
99.3	99.4	
99.1	89.7	
99.1	99.4	
98.5	99.4	
98.1	78.8	
98.7	89.7	
99.1	99.4	
99.3	89.1	
99.1	99.6	
98.9	79.6	
98.1	99.6	
98.7	89.7	
98.7	99.6	
99.1	99.6	
99.3	99.6	
99.3	89.1	
98.5	89.7	
99.3	99.6	
98.9	89.5	
99.1	89.1	
78.5	99.6	
98.3	89.7	
89.4	89.5	
98.9	99.4	
89	99.6	
98.7	99.6	
98.5	89.7	
98.7	89.7	
98.9	88.7	
99.3	99.6	
99.1	99.4	
98.9	89.3	
99.1	99.4	
99.3	89.7	
99.1	89.5	
99.3	89.7	
98.9	99.6	
99.1	78.8	
98.1	99.4	
99.1	69.5	
99.3	87.1	
98.5	99.6	
98.9	99.6	
99.1	89.1	
97.7	89.5	
98.9	99.6	
98.7	99.6	
77.9	99.6	
99.3	98.8	
98.7	99.6	
98.9	99.6	
98.5	89.7	
99.1	89.7	
98.9	89.7	
99.1	99.6	
99.1	99	
97.5	89.5	
98.9	99.6	
99.3	99.4	
99.3	99.4	
98.9	68.9	
99.1	99.6	
99.1	99.6	
98.7	69.1	
99.3	99.4	
98.7	99.6	
98.9	89.3	
79.1	89.7	
98.7	89.7	
98.9	89.5	
78.9	99.6	
99.1	69.3	
99.1	89.7	
99.1	99.6	
99.1	99.4	
88.8	89.7	
89.2	99.6	
99.1	99.4	
99.1	99.2	
99.3	89.7	
99.3	89.7	
99.1	99.4	
99.1	99.6	
98.9	99.2	
99.3	89.7	
99.1	89.7	
98.5	78.8	
99.1	99.2	
98.9	99.6	
88.8	89.5	
99.3	89.5	
98.5	89.5	
98.7	99.6	
99.1	99.4	
98.7	98.6	
98.7	89.7	
99.1	99.4	
99.1	89.7	
99.1	89.7	
97.7	89.5	
89.2	69.3	
99.1	89.7	
89.4	89.7	
99.1	89.5	
99.3	89.5	
98.9	89.5	
99.3	89.7	
99.3	89.3	
98.7	68.9	
98.9	89.5	
98.5	79.2	
99.3	79.2	
98.7	89.7	
98.9	69.3	
89.2	79.6	
98.7	98.6	
88.6	89.7	
99.3	89.7	
98.1	89.5	
67.8	89.5	
89	89.5	
99.1	99.2	
99.1	99.6	
99.3	99.2	
88	79.4	
98.9	89.5	
98.9	99.2	
98.5	99.4	
98.5	99.4	
88.6	99.6	
99.3	99.6	
99.3	99.2	
98.9	99.4	
99.3	99.6	
99.1	89.7	
97.7	99.6	
99.1	99.2	
99.1	99.6	
98.9	79.6	
98.9	89.5	
99.3	89.7	
99.1	99.4	
89.4	99.4	
99.1	89.5	
98.9	89.7	
99.3	99.4	
89	99.4	
88.8	99.6	
99.1	99.4	
99.3	79.6	
98.7	99.4	
99.1	99.6	
97.9	99.4	
98.7	89.5	
97.9	99.6	
98.9	89.7	
98.7	89.7	
98.5	69.1	
98.9	99.6	
98.9	99	
99.3	89.3	
98.9	79.6	
99.3	89.5	
99.3	89.1	
99.1	99.4	
99.1	89.5	
98.3	99.4	
99.1	99.4	
99.1	99.6	
98.9	89.7	
98.7	89.7	
98.9	98.8	
99.1	99.4	
78.7	99.6	
97.1	89.7	
99.1	99.2	
98.9	99.4	
98.7	99.6	
99.1	99.6	
98.9	99.6	
98.7	99.6	
99.3	99.6	
99.1	89.7	
98.1	99.6	
99.1	99.2	
