67.4	97.2	
76.1	79.4	
97.3	89.7	
63.2	89.3	
97.9	89.1	
84.6	99.6	
96.3	99.6	
88.8	97.4	
77.5	99.6	
74.7	99.4	
96.7	89.7	
78.9	97.2	
98.5	99.2	
99.3	99.4	
98.7	99.4	
98.7	99.6	
66.6	99.2	
97.1	89.7	
68.6	99.6	
98.5	99.4	
98.7	99.6	
78.5	76.4	
79.3	89.7	
98.7	99.2	
69.2	99.6	
79.3	99.6	
89	89.3	
48.4	99.6	
89	99.2	
98.7	99.6	
88.8	99.6	
58.9	89.5	
99.3	99	
99.1	99.4	
98.9	99.2	
89.2	99.6	
99.1	99.4	
79.5	99.6	
99.3	98.4	
68.8	99.6	
99.1	99.4	
78.7	99.6	
99.3	99.2	
79.3	99.4	
79.5	99.6	
99.1	89.3	
98.9	99.6	
79.5	99.6	
98.9	99.6	
98.9	99.6	
98.3	89.1	
99.3	99.6	
79.3	99.4	
99.3	99.4	
98.1	97.4	
98.9	89.5	
98.5	98.4	
98.7	99.2	
99.3	99.6	
98.9	89.5	
98.7	99.6	
99.1	99.4	
99.1	99.4	
99.3	99.4	
99.3	99	
98.5	99.6	
99.3	99.4	
99.1	99.4	
98.1	99	
99.3	99.6	
99.1	99.4	
98.9	99.6	
98.7	99.2	
77.5	99.4	
98.9	99.6	
79.5	99.4	
88	98.8	
98.7	89.1	
99.1	97.4	
99.1	89.3	
99.3	99.4	
98.9	89.3	
89	99.6	
99.1	99.6	
88.4	99.4	
59.1	99.2	
99.1	99.2	
78.9	99.6	
89	79.4	
89	99.6	
69.2	99.2	
99.1	99.4	
98.3	89.3	
99.1	99.6	
99.1	99.6	
98.3	99	
99.1	89.5	
78.9	99.4	
98.3	99.6	
98.5	99.6	
99.3	99.6	
98.9	99.6	
79.1	99	
98.1	99.6	
79.5	99.6	
99.1	99.4	
99.1	99.2	
98.7	99.4	
99.3	89.5	
98.9	79	
98.7	98.8	
99.1	98.4	
99.1	98.6	
98.3	99.4	
99.1	89.5	
89.2	99	
88.6	89.7	
99.3	89.3	
99.3	99.2	
98.7	79.6	
99.3	89.5	
99.1	89.7	
89	69.3	
77.7	99.4	
98.7	89.7	
99.1	99.4	
99.3	99.2	
98.7	89.5	
98.5	99.4	
98.9	89.3	
99.1	99.6	
98.7	89.7	
89.2	99.6	
98.9	99.4	
98.9	99.4	
99.1	89.7	
99.3	89.7	
98.5	89.7	
79.3	89.7	
99.3	79.2	
59.3	89.7	
79.3	99.6	
79.3	79.4	
99.3	79.2	
98.9	99.6	
99.1	89.7	
99.3	99.6	
99.3	89.7	
99.1	98.2	
98.5	88.7	
99.3	99.6	
99.1	98.8	
98.9	99	
99.3	99.4	
98.7	99.6	
99.1	99.6	
98.7	99.6	
99.3	99.6	
98.3	99.2	
98.9	99	
99.1	99.6	
98.7	99.2	
98.3	99.6	
98.9	89.5	
99.1	89.3	
98.9	99.6	
98.9	99.6	
99.1	99.6	
98.7	99.6	
96.3	89.5	
98.3	99.6	
95.3	99.2	
99.3	99.4	
99.1	99.4	
48	98.6	
39.3	89.5	
89	99.4	
69	99.4	
89.4	89.3	
79.1	99.4	
89.4	99.6	
79.1	99.4	
99.1	99	
88.8	99.6	
88.6	99.6	
78.5	99.6	
98.7	99.6	
77.7	99.6	
77.9	99	
88.8	99.4	
99.1	99.6	
99.3	99.4	
98.7	99.2	
88.8	89.7	
99.1	99.2	
89.4	89.7	
89.2	89.5	
99.3	89.7	
98.1	79.6	
98.9	89.7	
98.9	89.7	
98.5	89.7	
99.1	79.4	
98.5	99.6	
99.3	99.4	
99.3	99.4	
99.3	78.8	
99.3	99.4	
89.2	99.6	
97.5	99.2	
98.7	99	
99.1	99.4	
88	99.6	
98.9	99.4	
98.7	78.6	
99.3	99.6	
99.3	99.6	
89.4	98.8	
89	99.6	
99.3	99.6	
98.5	99.4	
98.9	99.2	
99.1	99.6	
88.6	99.6	
99.1	99.2	
87.6	99.6	
99.1	99.4	
98.5	99.2	
78.7	99.2	
99.3	99	
99.1	99	
99.3	99.6	
88.6	99.6	
98.9	89.5	
99.1	99.4	
98.9	99.2	
99.1	99.4	
98.7	99.6	
98.9	99.6	
96.7	99.4	
99.1	88.9	
89.2	98.2	
98.7	99.4	
99.1	99	
99.3	99.6	
89.4	99.4	
89.4	99.2	
78.7	99.4	
98.9	78.4	
89.2	99	
98.9	98.8	
99.1	99.6	
99.3	88.7	
98.5	99.4	
99.1	99.4	
99.3	99.6	
89.4	98.8	
99.3	99.4	
99.1	99.4	
67.8	89.3	
87.6	99.6	
99.3	89.3	
98.9	99.4	
88.4	99.4	
99.3	99.2	
98.9	99.6	
99.1	99.4	
89.4	99.6	
99.1	98.8	
99.3	99.4	
99.3	99.4	
99.1	99.6	
99.1	98.8	
99.1	99.6	
98.9	99.6	
99.1	99.6	
98.5	99.2	
98.9	99.6	
98.3	99	
78.1	99.4	
98.5	89.5	
98.1	99.4	
89	99.6	
99.3	99.2	
67	99.4	
99.1	99.6	
89.4	99.2	
88.6	99.6	
99.3	99.6	
87.8	89.7	
89.2	99.6	
99.3	99.4	
98.7	99	
89.2	99.4	
89.2	99.4	
99.3	89.3	
88.8	99	
99.3	99.4	
99.1	99.6	
78.9	99.6	
99.1	99.6	
99.3	98.6	
98.9	99.6	
98.9	99.4	
99.1	99.6	
88.2	99.4	
97.9	99.4	
89.2	89.5	
88.4	99.2	
99.1	99.4	
98.9	99.2	
98.5	99.6	
89.2	99.6	
99.1	99.2	
89.2	99.4	
98.5	79.6	
99.1	99.6	
99.3	89.5	
89.2	99.6	
99.1	99.6	
88.8	89.5	
89	99.2	
89	98.2	
99.1	99.6	
89	99.4	
98.7	99.4	
99.3	89.5	
89	99.4	
98.9	99.2	
98.5	89.7	
98.7	78.8	
98.1	89.5	
98.9	99.4	
99.3	89.3	
89.2	99.2	
99.1	99.6	
99.1	89.3	
69	99.6	
98.1	98.6	
99.3	99.6	
79.3	79.4	
99.1	99.4	
99.3	89.7	
98.9	99.2	
97.5	99.6	
99.1	99.4	
97.5	99.2	
99.1	88.9	
99.1	99.4	
99.1	99.4	
98.3	99.6	
98.5	99.6	
98.9	99.2	
98.5	99.4	
98.3	79.4	
99.3	99.6	
89	99.2	
79.3	99.2	
98.9	89.5	
99.1	89.5	
78.7	89.7	
98.9	89.7	
98.7	89.7	
98.9	88.7	
99.3	89.5	
88.8	99.4	
98.5	89.5	
99.3	89.7	
98.7	79.2	
88.4	89.7	
99.1	89.7	
89	89.7	
99.1	89.7	
98.9	89.5	
99.3	89.5	
99.3	89.7	
98.5	89.7	
99.3	89.5	
99.3	89.7	
99.1	89.7	
89.2	99.4	
98.9	89.7	
78.9	89.5	
98.9	99.4	
99.1	89.5	
89	99	
99.3	89.5	
98.7	89.5	
89.4	99.4	
98.7	99.6	
79.5	99.4	
89.4	79.4	
89.4	99.4	
89.4	99.6	
99.1	99.4	
99.3	99.6	
98.5	99.2	
99.3	99.2	
98.7	89.3	
97.9	99.6	
99.1	99.6	
99.1	89.1	
59.5	99.4	
98.9	89.7	
79.5	99.6	
98.5	99.4	
99.3	99.6	
99.3	99.2	
99.3	98.8	
99.3	99.6	
98.9	99.4	
79.3	89.5	
99.1	89.3	
98.7	99.4	
99.3	98.6	
58.3	99.2	
99.3	99.2	
99.1	99.4	
89.2	99.4	
99.1	99.2	
98.9	98.8	
98.9	99.6	
99.1	99.6	
99.3	99.4	
98.7	99.4	
99.1	99.4	
99.3	89.3	
99.1	89.5	
98.9	99.4	
98.5	99.6	
99.1	99.2	
98.7	99.6	
98.9	89.3	
99.3	99.4	
98.1	89.7	
98.9	89.7	
99.3	99.6	
99.3	89.7	
89.2	79	
87.4	99.6	
99.3	88.9	
99.3	99.6	
99.3	99.6	
98.7	99.6	
99.1	99.6	
99.1	99.2	
88	99.6	
99.1	99	
99.3	99.4	
98.7	99.4	
98.9	99.6	
99.3	99.4	
99.1	99.4	
99.1	98.2	
98.9	89.3	
98.5	89.7	
98.9	99.6	
98.7	99.6	
98.9	99.4	
99.3	88.5	
99.3	89.1	
99.1	99.6	
99.3	79.6	
97.7	99.6	
79.5	99.6	
99.1	99.4	
79.3	88.9	
98.7	99.6	
88.6	99.6	
99.3	99.6	
98.3	89.7	
97.9	69.1	
98.7	89.7	
89.4	99	
99.1	99.4	
98.9	99.6	
98.5	99.2	
99.3	99.2	
99.3	89.1	
87.6	99.6	
88.8	99.4	
79.3	79.6	
89.4	99.4	
79.1	89.5	
98.5	99.4	
98.9	99.4	
96.9	99.2	
79.3	89.7	
79.1	88.9	
99.3	89.5	
97.9	79.6	
98.5	89.5	
99.3	89.5	
99.1	79.6	
98.7	89.7	
98.7	69.5	
99.3	89.5	
88.2	99.4	
98.7	89.3	
98.5	89.7	
