74.7	89.7	
82.2	88.3	
99.1	99	
97.5	88.7	
96.9	78.4	
46	89.5	
75.9	99.6	
88.8	99.2	
88.4	89.1	
99.3	99	
87.6	99.6	
99.3	99.4	
98.9	99.4	
98.5	99.2	
98.7	89.3	
98.5	99.4	
99.3	99.6	
97.9	99.4	
99.3	78.4	
99.1	99.2	
99.1	89.5	
89.2	98.8	
99.1	97.2	
98.1	99	
68.2	99.2	
98.9	79.2	
88.6	99.2	
98.9	99.6	
59.1	66.5	
98.9	89.1	
98.3	99.2	
98.7	99.4	
86.6	99.4	
98.7	99.4	
97.1	68.9	
99.3	98.6	
98.9	98.8	
99.1	89.5	
97.5	79	
78.7	99.4	
45.2	99.4	
98.9	89.7	
98.9	99.6	
78.9	89.5	
99.1	89.3	
67.8	79.4	
98.7	99	
98.7	89.7	
98.3	99.4	
89	99.6	
98.5	89.7	
99.1	89.7	
99.3	89.7	
97.1	89.7	
99.3	89.5	
87.6	99	
79.3	89.7	
78.9	98.4	
88.4	99.2	
6.2	99.6	
98.3	89.7	
97.9	89.3	
86.6	88.1	
97.7	89.5	
98.9	89.7	
99.1	99.4	
78.3	89.7	
98.9	89.3	
98.3	79.6	
97.7	79.4	
98.7	89.5	
98.3	88.7	
98.1	79.4	
85.6	89.7	
98.7	99.4	
88.2	78.6	
99.3	99.4	
98.7	89.7	
98.7	88.9	
98.7	79.6	
98.7	89.7	
87.2	89.5	
98.9	89.7	
98.5	89.5	
77.9	99.4	
98.1	99.4	
57.9	89.3	
99.1	99.4	
98.5	58.8	
99.1	89.7	
99.1	88.9	
97.9	79.6	
99.1	89.3	
99.1	88.3	
98.1	79.2	
98.7	89.5	
99.1	57	
98.7	89.5	
78.5	89.7	
98.5	89.7	
99.1	79	
99.3	99.6	
67	89.5	
98.5	89.7	
98.5	89.3	
99.3	79	
98.7	99.4	
98.3	99.2	
97.7	89.7	
99.3	98.4	
98.5	89.7	
98.1	99.2	
69.4	78.2	
87.6	99.4	
98.9	99.4	
98.7	99.4	
98.9	89.7	
98.3	99.2	
97.9	99	
78.3	98.8	
97.7	79	
98.9	89.7	
98.7	99.6	
99.3	89.7	
98.5	99.4	
99.1	99.4	
88.6	89.7	
89	89.7	
77.9	89.7	
67.8	88.9	
78.3	99.4	
88.6	99.4	
99.3	89.1	
98.1	89.7	
98.1	98.8	
98.5	99.2	
88.6	89.5	
98.9	89.7	
99.1	99.6	
98.7	99	
98.7	99	
88.2	99	
88.6	99.6	
97.7	89.3	
89.2	99.6	
98.9	98.6	
99.1	79.4	
98.9	77.8	
87.4	88.9	
98.7	88.9	
98.7	89.5	
69	89.1	
78.9	99.6	
98.5	78.6	
98.7	99.2	
98.5	89.5	
98.7	88.9	
89.2	99.2	
68.2	89.3	
99.1	99	
98.1	99	
99.3	99.4	
98.9	89.7	
99.3	99.2	
99.1	98	
98.9	99.6	
89	99.6	
99.1	98.4	
98.9	99.4	
98.9	99.4	
99.1	99.4	
98.9	89.1	
98.7	99.4	
79.1	99.6	
88.6	99.6	
98.1	99.6	
98.7	99.4	
96.9	99.6	
99.3	99.6	
98.5	99.4	
98.1	99.2	
99.3	98.8	
99.3	89.1	
79.3	99.4	
99.3	99.4	
98.7	99	
69	99.4	
99.3	99.4	
98.9	99	
57.9	89.5	
98.7	79.6	
17.7	89.5	
98.5	89.7	
98.7	89.1	
98.5	89.3	
98.9	98.2	
98.9	79	
99.3	99.4	
98.3	79.6	
98.7	58.8	
99.1	99.6	
99.1	99.2	
99.3	99.6	
98.9	99.4	
77.5	99.6	
87.8	99.2	
78.9	79	
96.7	99.6	
89.2	79.4	
97.9	99.4	
89.4	99	
89	89.5	
98.9	98.8	
99.3	99.2	
88.2	99.4	
98.9	89.7	
98.9	99.4	
78.1	99.6	
77.7	98.8	
98.5	99.6	
99.1	99	
98.9	89.5	
87	99	
99.1	89.5	
97.9	99.4	
99.1	99.6	
68.8	89.3	
89	99.2	
88.6	99.4	
79.1	99.4	
88.4	89.7	
89.4	98.4	
68.8	99.6	
98.5	87.9	
98.3	99.2	
98.9	89.5	
76.9	99.4	
98.9	99.6	
99.3	99.4	
99.3	89.5	
89.4	89.7	
98.9	99.6	
99.3	89.7	
98.3	99.4	
89	99.6	
88	79.4	
98.5	89.5	
99.1	98.4	
98.9	99	
99.3	99	
99.3	89.7	
99.1	79.2	
98.7	89.7	
99.1	89.3	
98.3	97.6	
98.1	89.5	
99.1	99.6	
98.9	99.2	
99.1	99.4	
97.5	89.3	
88.6	79.2	
79.1	89.7	
89.2	89.3	
99.1	89.5	
97.3	57.8	
97.9	89.3	
99.1	78.8	
99.3	99.6	
97.5	88.3	
89.2	99	
86.8	89.7	
98.5	88.9	
98.5	99.4	
99.1	99.2	
99.3	99.6	
99.3	99.6	
98.1	99.4	
99.1	99.2	
99.3	99.4	
98.3	99.6	
98.9	98.8	
98.9	98.6	
77.7	78.2	
79.3	99.6	
58.5	99.2	
59.1	99.6	
98.3	99.6	
88.6	89.7	
96.9	99.6	
77.7	99.6	
89.2	89.3	
98.5	99.4	
79.1	99	
99.1	99.4	
89.4	99.2	
89.2	99	
99.3	99.4	
99.3	99.6	
89	99	
99.3	99.2	
99.1	89.5	
98.9	68.1	
89	89.7	
99.3	89.5	
88.6	99.6	
98.7	99.6	
99.3	99.6	
99.3	99.6	
98.9	99.2	
98.7	89.7	
99.3	89.7	
96.9	89.1	
99.3	89.7	
99.1	99.6	
77.7	99.2	
68.4	89.7	
99.1	99.4	
98.1	78.6	
97.9	99.4	
98.9	98.6	
99.3	99.4	
98.3	99.4	
98.1	89.5	
88.6	89.7	
98.9	89.3	
99.1	99	
98.7	99	
98.7	98.4	
98.7	89.5	
97.9	99.2	
98.3	99.6	
87.8	99.4	
47.2	89.3	
98.9	79.2	
98.9	89.7	
99.1	78	
99.1	98.8	
98.9	79.2	
99.1	99.4	
98.7	99.4	
89.4	79.6	
98.7	99.6	
98.7	99.2	
97.5	99.6	
98.9	99.4	
79.3	99.2	
98.9	88.9	
88.8	99.6	
99.1	99.6	
89.2	88.9	
89	99.6	
99.3	98.8	
99.3	99.6	
99.1	89.5	
98.9	88.7	
98.3	89.7	
77.1	99.4	
98.7	89.5	
98.3	79.4	
99.1	99.6	
98.9	79.2	
98.9	89.7	
99.3	99.2	
97.9	99.6	
98.3	99.6	
98.3	99.6	
89	89.5	
88.8	99.4	
79.3	89.7	
99.1	89.7	
99.1	89.1	
88.6	89.5	
88.6	79	
89.2	89.1	
89.2	99.4	
88.8	99.2	
98.9	99.4	
98.5	99.6	
98.7	89.5	
89.2	99.4	
99.1	99.2	
99.3	89.5	
87.2	99	
86.8	99.6	
98.5	98.8	
88	99.4	
88.4	89.7	
68.4	89.3	
78.7	89.7	
98.9	99.2	
98.5	98	
98.1	88.9	
98.5	88.5	
99.3	98.8	
98.9	99.2	
88.8	99.4	
89	99.4	
89.2	99.6	
98.9	99.6	
98.7	99.2	
98.9	99.6	
98.7	98.2	
98.9	89.5	
98.9	99.4	
99.3	89.5	
97.1	99.4	
98.5	99.6	
98.9	89.3	
99.3	99.6	
89	89.5	
99.1	89.1	
99.3	99.6	
98.9	99.2	
99.3	99.4	
99.3	99.6	
98.5	99.6	
98.7	79.4	
78.9	89.7	
97.9	99.2	
99.3	99	
99.3	99.2	
69.2	99	
98.9	89.7	
98.7	89.5	
99.3	99	
97.7	89.1	
89.4	99.4	
58.7	89.5	
97.9	88.7	
88.6	99.6	
98.5	99.2	
98.9	99.6	
99.1	99.4	
98.9	89.5	
99.1	89.5	
49	99	
88.8	98.6	
98.1	99	
98.7	99.4	
88.4	99.2	
17.5	99.4	
98.7	98.6	
98.7	99.4	
98.7	89.5	
99.3	99.6	
99.1	98.6	
98.7	79	
98.3	89.3	
98.5	77.4	
87.8	99.2	
98.7	89.5	
97.7	89.5	
99.3	89.7	
99.3	89.3	
97.9	88.9	
99.1	89.7	
98.9	89.7	
98.9	79.4	
98.5	89.7	
99.1	89.7	
99.3	68.5	
88.4	89.5	
99.1	79.4	
98.7	89.7	
98.7	79.2	
98.9	89.7	
98.5	88.9	
98.9	89.1	
98.3	99.6	
88.8	98.4	
89.4	89.5	
98.7	99.2	
99.1	99.4	
99.1	98.6	
98.7	98.8	
86.6	99.6	
99.1	99.4	
98.9	99.4	
97.9	99.4	
99.1	99	
98.9	99.6	
98.9	99.4	
99.1	99.6	
98.9	89.7	
97.5	99.6	
89	99.6	
98.9	99.2	
99.3	99.6	
98.9	68.9	
98.9	88.9	
98.3	99.6	
99.3	99.4	
99.3	99.4	
98.3	99.4	
99.1	89.3	
78.7	79.2	
48	88.1	
99.1	99.4	
97.9	98	
99.1	99.6	
