97.1	89.7	
47.6	87.7	
42.4	97.8	
75.3	99.6	
88.2	99	
98.9	68.5	
83.4	99.2	
35	66.5	
96.7	88.9	
75.5	99.2	
97.3	99.6	
97.7	89.3	
88.8	99.2	
97.3	97.8	
97.1	88.7	
99.1	98	
99.1	89.7	
98.5	99.4	
97.3	89.5	
98.7	99.4	
93.3	79.4	
98.5	99.6	
68.8	89.3	
98.5	88.5	
95.3	99.2	
97.9	89.1	
98.1	89.5	
96.7	99.4	
86.8	89.3	
68.2	79.4	
99.1	98	
98.3	99.4	
96.7	99.6	
96.9	99.2	
76.7	89.5	
89.4	89.1	
97.5	76.8	
98.3	89.5	
87	99.4	
97.3	77.8	
92.1	99	
98.3	89.3	
98.5	99	
88	98.2	
99.1	99.2	
88.2	79.6	
97.7	88.9	
86.6	99	
98.7	99.4	
89	95.8	
98.9	98.4	
99.1	88.9	
77.1	79.2	
99.1	99.2	
97.7	88.3	
99.1	98.8	
97.9	78.6	
98.3	99.6	
58.9	99.2	
53.7	99.2	
97.9	97.8	
99.1	99.2	
98.5	98.4	
98.5	78.4	
99.1	99.2	
68.6	98.8	
86	99.6	
96.9	99.2	
69.2	99.2	
98.5	98.4	
97.7	88.7	
97.9	89.5	
98.9	89.5	
88	89.5	
98.9	99	
99.1	99	
77.3	77.6	
98.7	78.8	
86.4	89.3	
98.1	88.1	
78.3	97.2	
97.9	98.8	
6.8	98.2	
98.7	99	
77.5	89.1	
98.7	79.2	
98.9	68.3	
99.3	99.2	
99.1	99.4	
89	98.8	
66	99	
97.3	89.5	
98.7	99.4	
96.1	99.4	
98.3	99.2	
98.7	99	
88.2	99.2	
79.1	89.5	
98.3	89.1	
98.7	89.5	
95.9	89.5	
88.2	99.6	
97.5	89.1	
98.5	79.4	
98.9	98.6	
88.8	77.8	
88	58.6	
78.9	88.7	
98.1	89.3	
99.1	78.8	
76.7	98.8	
87	89.7	
77.1	99.6	
88	89.7	
98.7	99.4	
58.3	89.1	
97.7	88.7	
87.8	99.4	
88.8	89.5	
98.1	99.6	
77.3	99.6	
87.2	95.4	
98.7	99	
89.2	98.4	
98.9	89.7	
96.3	99.4	
98.9	99.2	
98.7	98.4	
99.1	99.6	
98.1	89.5	
57.5	98.4	
78.7	99.2	
89.4	98.8	
99.3	89.7	
98.5	79.2	
98.5	89.5	
78.9	99.6	
89.2	89.7	
97.9	79.4	
98.5	59.4	
97.5	89.5	
89.4	99.4	
88.6	89.3	
87.8	97.8	
99.3	57.2	
87.8	89.5	
78.1	89.5	
99.3	89.7	
75.1	99.4	
98.1	78.4	
79.1	88.5	
98.5	89.3	
98.9	98.6	
68	99.6	
98.7	89.3	
78.9	89.7	
89.4	79.6	
97.1	78.8	
78.5	99.2	
98.9	79.4	
99.3	99.6	
46.4	69.3	
98.3	99.6	
86.8	99.6	
98.1	89.5	
58.3	78.4	
95.5	99.2	
79.3	99.6	
98.5	98.6	
99.1	78.4	
98.9	98.6	
98.7	79.2	
97.5	99.6	
96.1	79.6	
59.3	99.4	
58.5	79.6	
98.3	99.2	
98.7	99.2	
87	98.4	
68.8	89.3	
79.1	99.4	
47.8	99.4	
98.3	88.5	
99.1	89.3	
79.1	97.8	
98.5	78.8	
79.1	98.2	
98.7	96.8	
99.1	99.6	
98.9	99.4	
99.1	89.3	
97.9	89.3	
77.7	98.6	
87.6	99.4	
97.3	89.7	
98.7	98.4	
78.7	99.2	
77.7	89.7	
88	89.5	
98.7	89.3	
16.1	98.8	
99.1	99	
98.9	98.4	
98.3	89.5	
77.5	48.5	
98.7	89.7	
98.5	89.5	
97.7	99	
77.7	98.6	
84.8	99.6	
98.1	98	
89.4	98.2	
88.6	78.8	
89	98	
97.3	98.4	
86.4	88.9	
68.4	89.7	
88	99.4	
98.9	99.4	
97.9	99.6	
98.9	89.3	
96.5	99.6	
99.1	99.2	
97.7	98.4	
89.2	89.1	
68.6	99.6	
99.1	89.7	
68.2	69.5	
98.9	99	
67.2	99	
98.7	99.6	
97.3	98.6	
97.7	88.9	
97.7	79.4	
86.8	99.6	
89	99.6	
98.7	99.4	
98.9	98.6	
99.1	89.7	
77.3	68.7	
88.2	99.4	
97.9	89.5	
96.9	99.4	
98.9	99.6	
98.5	89.5	
98.9	86.7	
97.9	89.7	
76.9	78.6	
88.6	98.6	
99.1	89.5	
98.1	89.1	
78.7	99.4	
98.5	89.5	
98.1	99.2	
98.3	99.4	
98.5	89.7	
76.1	98.6	
79.3	89.5	
86.4	99.2	
97.9	99.4	
99.3	88.3	
98.5	88.5	
78.7	89.1	
85.2	79.4	
97.7	69.1	
98.3	89.3	
88.8	89.7	
88.4	89.5	
98.5	99.6	
99.1	78.2	
99.3	99.4	
77.9	99.4	
98.7	69.1	
88.2	88.5	
98.7	99.4	
99.3	67.7	
98.9	99.4	
96.3	89.7	
99.1	98.6	
99.3	88.9	
98.7	99	
97.5	99.2	
97.1	88.3	
98.9	99.2	
98.3	79.2	
96.5	89.3	
97.5	97.8	
84	89.5	
97.5	99.4	
98.7	99.4	
98.7	99.4	
88.2	99.4	
98.7	99.4	
87.2	78.4	
98.3	88.5	
98.7	79.2	
35.5	99	
98.7	97.8	
98.3	98.6	
88.2	99.4	
76.7	89.1	
98.1	99.2	
97.1	89.5	
93.7	99.2	
98.9	68.3	
98.7	88.7	
88.4	99.4	
98.5	89.1	
65.6	99.4	
97.5	99.6	
89	99.4	
78.1	88.9	
47.6	98.8	
96.5	88.7	
98.5	98.8	
97.9	78.6	
97.7	79.4	
86.6	79	
97.7	98	
98.3	98.4	
98.3	99.4	
98.1	89.1	
98.9	98.4	
89	97.4	
66.6	99.2	
88	97.8	
78.9	99.6	
88.8	89.5	
78.5	99.6	
88.2	89.7	
97.9	78.4	
48.4	99.6	
98.5	99.2	
98.1	97.2	
68.2	99.2	
98.7	88.9	
98.9	79.4	
58.1	89.5	
97.7	99.4	
99.1	99.2	
98.5	98.4	
98.3	89.7	
96.7	89.1	
87.2	99.2	
77.9	89.3	
98.1	99.4	
97.9	89.5	
99.1	99.2	
86.2	79	
67.8	98.8	
53.7	99.6	
98.7	99	
77.9	99.4	
98.7	89.1	
98.3	89.5	
98.9	86.9	
88.4	99.4	
98.5	99.4	
98.7	99.2	
98.3	89.3	
98.5	99.4	
98.1	99.4	
99.1	98.2	
87.8	99.2	
97.7	97	
87.4	99.4	
98.5	79.4	
97.7	88.9	
65.8	99.6	
98.9	89.7	
98.9	99.2	
98.9	89.1	
96.9	89.7	
87.4	99.2	
69	98.8	
75.9	88.3	
98.9	99	
98.7	88.3	
98.9	99.6	
75.7	89.7	
98.1	98	
98.9	99.6	
89	89.3	
58.1	89.5	
97.5	99.2	
99.1	88.3	
98.7	89.5	
99.3	89.7	
98.7	88.5	
97.7	99	
87.4	79.6	
88.8	99.2	
98.9	99	
98.1	99.6	
99.1	58.6	
97.5	89.7	
99.1	89.3	
98.5	99.6	
89.2	89.7	
78.7	89.3	
98.7	69.3	
85.8	69.3	
98.3	89.7	
89	99	
66.6	88.7	
98.7	89.3	
98.7	99.4	
99.1	99.4	
99.1	89.1	
69.2	99	
87.4	99	
99.1	88.9	
87.6	99.4	
86.8	99.6	
97.9	68.9	
85.2	99.4	
86.8	99.2	
98.5	99.4	
88.2	88.7	
98.3	68.9	
67.6	98.8	
99.1	98.4	
98.3	98.2	
98.1	79.4	
98.5	89.3	
67.2	98.8	
98.3	99.6	
88.2	96.6	
98.9	89.7	
88	79.2	
88.8	68.5	
87.2	98.6	
99.1	99.4	
98.3	88.1	
98.9	79	
97.5	99.2	
47.2	98.4	
98.9	99	
98.5	98.8	
96.7	97.4	
98.9	99.4	
99.1	99.2	
98.3	98.8	
99.3	89.7	
46.4	89.5	
96.9	79	
88.8	88.9	
86	88.9	
48.6	89.1	
98.9	86.3	
97.3	98.4	
4.8	88.9	
85.6	99.6	
99.1	98.6	
97.7	99.2	
98.9	88.5	
89	99.4	
98.3	99.6	
99.3	88.3	
98.3	99.4	
97.9	78.6	
36.7	88.5	
98.9	89.1	
98.7	78.4	
99.1	88.7	
99.3	98.8	
99.3	89.3	
99.3	99	
98.7	97.2	
98.7	89.7	
87.8	88.9	
98.7	99.4	
87.4	99.2	
99.1	99.4	
88.4	89.3	
98.3	99.6	
68.6	89.1	
98.1	88.5	
98.7	99	
98.5	99	
58.7	98.8	
98.9	78.8	
99.1	89.1	
89.2	98.4	
95.7	98.6	
78.1	99.6	
98.3	89.7	
99.1	99.2	
89	78.4	
99.1	89.1	
82.6	97.2	
98.5	99.4	
97.3	99.6	
99.1	98.4	
99.1	99.4	
97.3	99.2	
57.9	98.6	
88.8	98.6	
97.9	98.8	
88	99.4	
