59.8	94.6	
85.6	99.4	
13.9	98.6	
97.9	99.2	
86.2	99.2	
81.6	99.4	
95.3	89.7	
98.5	99.4	
98.9	98.2	
95.9	99.4	
85.6	99.4	
98.1	99.2	
98.3	99.6	
97.7	98.8	
97.9	99.6	
98.3	87.3	
98.5	99.6	
88.6	99.2	
97.5	98.8	
97.5	68.5	
99.3	89.5	
97.3	99.2	
95.1	89.3	
97.5	98.8	
98.5	98.6	
98.1	98.8	
98.1	98.6	
78.5	89.5	
98.1	99.2	
98.3	99	
98.9	87.7	
87.6	98.2	
99.1	99.4	
97.9	99.2	
97.9	89.1	
98.1	99.6	
88.2	89.5	
98.9	99.4	
98.9	89.5	
99.3	99.6	
99.1	99.6	
98.7	99.4	
97.9	99.6	
99.1	99.2	
96.1	99.4	
97.9	99.4	
97.7	89.5	
98.1	79.4	
99.3	69.5	
98.9	99.2	
97.7	99.6	
97.9	99.4	
98.7	99.4	
98.5	99.6	
98.3	89.7	
98.9	99.2	
95.9	99.6	
99.1	79	
98.5	98	
98.7	98.2	
98.9	99.4	
99.1	99.6	
98.1	99.2	
98.1	88.9	
97.7	99.2	
98.5	99.2	
78.3	98.2	
98.7	99.6	
97.7	99	
98.9	89.3	
97.1	99.2	
99.1	89.1	
99.3	99.4	
96.3	98.2	
98.9	99.4	
98.3	99.6	
99.3	99.2	
97.9	99.4	
86.6	99.6	
99.1	99	
97.9	99.6	
99.3	99.6	
99.1	89.3	
99.3	99.4	
87.6	99.6	
99.3	99.4	
99.1	99.6	
98.7	99.4	
98.7	99.6	
97.7	99.6	
99.1	99.2	
97.3	99.6	
98.5	99.6	
88.6	99.4	
98.1	98.8	
98.9	99.6	
99.1	89.3	
98.5	98.4	
88.2	99.4	
98.9	89.3	
89	99.4	
99.1	99.6	
98.1	99.4	
88.8	79.2	
98.7	99.2	
98.9	98.8	
98.9	99.6	
99.3	99.4	
99.1	99.2	
99.3	99.2	
98.7	98	
98.9	99.4	
99.1	99.6	
98.1	89.7	
98.9	89.1	
99.1	89.1	
97.7	89.7	
98.5	99.6	
98.5	89.5	
98.7	99.6	
98.5	98.4	
98.7	99	
99.3	98.4	
98.5	69.1	
98.7	99.2	
97.9	88.9	
99.1	99.6	
98.3	98.8	
98.1	99.4	
99.1	88.9	
98.5	98.8	
68.2	99	
98.5	99.6	
98.9	99.6	
99.1	99.6	
98.9	68.7	
97.7	99.6	
99.1	89.5	
98.9	99.4	
99.1	99.6	
98.3	99.4	
97.7	89.1	
99.1	79.4	
98.7	69.1	
98.9	99.2	
99.1	99.6	
86.8	99.4	
99.3	89.1	
98.5	99.6	
88.2	99.2	
89	79.6	
99.3	89.3	
98.7	99.4	
97.9	99.4	
98.5	99.2	
98.9	99.2	
98.9	89.5	
98.1	99.6	
99.3	79	
97.3	99.6	
98.3	98.8	
98.9	99.4	
99.3	99.6	
97.5	99.4	
86.4	99.6	
99.3	99.6	
98.9	89.1	
98.5	99.6	
98.7	79.2	
88.8	99.4	
99.3	99.4	
88	89.5	
98.9	99.4	
98.3	99.6	
99.3	99.6	
98.3	98.8	
98.3	99.6	
98.9	99.4	
78.9	99.6	
98.9	99.6	
97.5	99	
98.5	99	
88.2	99.4	
99.3	99.2	
98.5	99.4	
98.3	99.4	
99.1	89.1	
98.5	99.4	
98.3	99.4	
97.5	99.4	
99.1	98.8	
99.1	99.6	
99.1	99.2	
98.5	88.9	
98.3	99.6	
99.1	99.6	
98.7	99	
99.1	99.2	
99.1	97.8	
98.3	89.3	
99.3	89.1	
89	99	
99.1	67.3	
78.1	99.2	
99.1	79.4	
98.5	99.4	
99.1	98.8	
97.5	99.6	
99.3	89.5	
98.9	79.4	
99.1	99.6	
99.3	99.6	
99.3	99.6	
98.5	99.6	
98.9	99.4	
98.7	99	
98.9	99.4	
97.3	79.6	
98.3	99.6	
98.7	97.6	
98.9	99.4	
55.7	99.2	
98.1	99.4	
99.1	89.5	
98.7	89.1	
99.1	78.4	
98.9	99.2	
98.9	99.6	
99.1	99.4	
98.9	99.6	
98.7	99.2	
98.9	99	
98.9	99.2	
98.5	99.2	
99.1	99	
98.9	89.5	
89.4	99.6	
88.4	99.6	
78.7	99.6	
98.7	59.2	
99.3	99.4	
98.9	89.7	
98.9	79	
98.5	89.1	
99.1	99.2	
99.3	99.2	
99.3	99.6	
98.9	99.4	
98.5	99.2	
97.5	89.3	
98.5	99.4	
99.3	89.7	
98.9	98.8	
98.3	88.9	
98.7	89.5	
99.1	89.5	
98.1	99.4	
99.3	99.6	
99.1	99.6	
99.1	98.8	
99.3	99.6	
98.7	98.4	
98.3	99.2	
89	89.7	
98.7	99.6	
99.1	89.5	
99.3	99.6	
99.3	89.3	
89.4	99.4	
99.1	99.4	
99.1	99.4	
98.9	89.3	
98.9	99.4	
98.5	99	
99.1	99.4	
99.1	99.4	
98.7	98.8	
99.3	99.6	
98.7	99.4	
99.1	99.4	
98.9	99.2	
98.7	99.6	
98.1	99.6	
78.9	89.1	
98.9	99.4	
99.1	89.5	
99.3	99	
88.8	99.4	
98.5	99.4	
97.1	99.4	
89.2	99.6	
99.1	99	
99.3	88.3	
99.1	99.6	
98.7	99.4	
78.7	88.7	
98.7	89.5	
99.3	99.6	
98.7	89.7	
98.9	89.5	
98.9	99.6	
99.1	89.7	
98.5	79.6	
98.5	99.4	
98.7	99.4	
98.1	99.6	
99.1	99.4	
88.6	99.4	
97.7	89.1	
98.7	68.9	
98.1	99	
99.3	89.1	
98.7	99.6	
98.9	99.4	
99.1	99.4	
78.1	79.6	
98.1	99.2	
98.7	99.6	
98.5	99.2	
99.3	99.4	
98.1	99.6	
87.8	69.5	
98.3	99.6	
99.1	89.3	
98.3	98.4	
97.5	68.7	
88.8	89.5	
98.7	99.4	
87	89.5	
98.5	99.2	
98.7	99.4	
99.1	89.5	
98.9	78.8	
98.7	99.6	
99.3	99	
99.3	89.5	
99.3	99.2	
98.9	99.6	
98.9	89.1	
99.1	99.4	
99.3	89.5	
99.1	89.1	
99.1	99.4	
98.9	99.6	
97.9	99.6	
98.7	79.4	
99.1	99.6	
99.1	89.5	
99.3	89.3	
99.3	79.4	
98.9	98.8	
98.7	99.2	
98.9	99.4	
99.1	99.4	
99.1	89.5	
68	99.6	
98.5	99.6	
99.1	89.5	
99.1	99	
98.9	89.3	
98.9	99.2	
99.3	99.6	
78.3	99	
98.5	89.3	
89.2	99.6	
99.1	98.8	
99.3	99.2	
88.2	99.2	
99.1	79.4	
98.9	89.7	
86.8	99.4	
97.9	99	
98.9	99.6	
98.7	99.4	
98.9	99.6	
98.9	89.5	
98.9	99.6	
98.7	99.6	
97.7	78.4	
99.3	89.5	
78.7	99.6	
99.1	99.6	
99.1	79.2	
98.9	99.6	
88.8	89.5	
99.1	99.2	
97.5	89.5	
97.7	99.6	
98.3	99.2	
99.1	89.7	
97.7	99.2	
89.2	99.2	
99.1	89.3	
99.1	99.4	
98.5	89.7	
97.9	99.4	
99.1	99.6	
98.7	99.2	
99.1	89.5	
89.4	89.7	
88.8	99.6	
98.5	99	
98.3	79.4	
98.7	89.5	
88.6	98.2	
98.3	79.6	
77.5	89.7	
98.7	89.7	
88.2	89.5	
99.1	79.6	
98.9	99.6	
98.5	97	
86.6	99.6	
97.7	99.6	
99.3	89.3	
89.4	99.4	
99.1	99.6	
99.1	99	
98.9	99.4	
98.5	99.6	
98.7	99.4	
98.9	99.6	
99.3	99.2	
99.3	99.6	
98.7	99.2	
98.7	99.4	
99.1	99.4	
89.2	99.6	
96.7	99.6	
87.6	99.2	
98.3	99	
98.5	99.4	
98.1	99.6	
99.1	99.6	
98.9	99.6	
59.1	99.6	
98.9	89.7	
98.5	79.6	
99.1	89.5	
98.7	88.1	
98.1	88.7	
99.3	99.4	
48.8	98.6	
99.1	89.3	
98.7	89.5	
98.9	99.6	
99.3	89.3	
98.9	99.2	
89	68.9	
98.7	99.4	
98.1	99.6	
99.1	99	
98.7	89.7	
99.3	79.2	
98.5	99.4	
98.7	98.4	
77.3	88.5	
98.9	99.4	
99.1	99.2	
58.7	99.4	
89.4	88.9	
99.1	99.4	
89	99.4	
98.1	89.3	
98.3	89.3	
89	99	
98.9	99.4	
89.4	99.6	
97.5	98.8	
98.3	99.6	
88.8	89.7	
99.3	99.6	
98.1	99.6	
98.5	89.7	
89.2	98.4	
98.7	79	
98.7	98.6	
86.6	99	
99.1	89.7	
98.7	89.7	
98.5	99.4	
98.3	99.6	
97.3	99.2	
99.3	99.6	
98.9	99.6	
98.9	99.6	
98.5	89.3	
99.3	99	
99.3	89.5	
88.6	89.1	
99.1	78.4	
89	98.8	
98.7	89.3	
99.3	99.2	
99.3	99.2	
79.3	88.9	
68.8	89.5	
98.5	99.6	
98.3	79.4	
98.5	99.4	
