67.4	59	
74.2	98.6	
49	99.6	
71.1	78.6	
97.9	79.2	
87.8	89.3	
98.7	99.4	
99.1	99	
97.1	99.4	
98.9	99.2	
73.9	88.5	
98.9	99.4	
65.4	99.4	
98.9	89.1	
87.4	98.4	
97.3	85.7	
88.4	88.5	
98.3	87.9	
98.1	98.8	
88.6	99	
96.7	89.7	
77.1	89.3	
98.7	88.9	
99.1	88.5	
98.9	99.2	
67	99.6	
97.9	99.2	
89.2	89.3	
88.8	99.4	
98.7	89.3	
66.4	89.3	
88.2	99.4	
98.1	97.6	
86.2	78.6	
97.3	99.4	
58.7	89.7	
78.3	99.2	
97.9	99.2	
87.8	89.5	
76.7	88.7	
98.9	99.2	
88.2	99.2	
78.1	99.6	
88.4	88.9	
94.3	89.7	
87.6	99.6	
98.7	99.4	
98.9	99.4	
78.3	99.6	
97.1	98.8	
98.7	99	
99.3	99.6	
98.1	98.8	
78.9	98.2	
99.3	99	
76.3	98.8	
96.7	97.6	
98.1	86.7	
97.9	99.6	
97.7	89.5	
99.3	89.5	
98.5	99	
97.7	99.6	
98.5	99.4	
97.7	79	
88.4	99.6	
98.9	99.2	
99.1	89.5	
98.5	99	
78.5	79.4	
68.4	98.6	
95.7	89.5	
98.1	99.2	
99.1	99	
98.9	89.7	
98.7	89.3	
67.2	79.4	
98.9	99.6	
76.7	69.1	
97.9	89.5	
98.5	99.4	
88.4	89.7	
98.9	99	
99.3	89.5	
98.9	99	
97.9	78.6	
97.3	79.6	
89	78.4	
96.7	99	
98.3	69.5	
99.3	98.8	
98.5	67.5	
98.9	88.7	
89.2	88.7	
88.8	99.2	
79.5	99.4	
97.7	98.8	
79.3	99.6	
69.2	99	
33.9	79	
88.2	99	
98.9	89.3	
98.1	99	
98.7	98	
98.9	99.6	
96.3	98.6	
88.8	99.2	
88.6	88.7	
88.6	88.9	
98.7	88.7	
98.3	98.6	
99.1	69.5	
97.1	89.7	
58.9	99.2	
93.1	88.3	
98.3	99	
98.1	99.6	
97.9	89.7	
98.7	99.4	
98.9	99.6	
98.5	99.6	
99.3	99.4	
99.1	99	
98.7	98.4	
99.1	99.6	
79.3	89.3	
87.8	99.6	
99.1	79.2	
97.7	89.1	
99.3	99.2	
77.7	99.6	
88.4	99.2	
98.5	89.5	
68.4	99.2	
47.4	99.4	
88.2	99.4	
99.3	98.8	
98.5	99.6	
86.2	99.4	
97.9	98.8	
88.6	88.9	
98.3	99.6	
98.7	99.6	
88.6	99.4	
99.1	99	
98.9	99.6	
99.3	99.2	
98.5	99.6	
98.3	99.4	
66.6	89.3	
98.3	99	
99.3	89.5	
99.1	89.1	
99.1	99.6	
99.3	88.5	
96.3	98.4	
98.3	98.4	
98.3	99.2	
98.7	89.3	
98.1	99.4	
96.5	89.5	
97.3	89.3	
99.1	99.6	
96.3	98.8	
98.1	99.6	
89.4	98.8	
68.8	89.1	
98.3	89.5	
99.3	99.4	
88.4	99.6	
98.9	79	
69.2	99.6	
68.4	89.5	
99.1	86.5	
99.3	89.3	
98.9	79.4	
98.9	89.3	
87.4	98	
98.5	99.4	
98.7	99	
78.9	98.6	
88.8	86.1	
78.9	89.1	
68	99.6	
97.5	99.6	
99.3	99.6	
98.5	99.6	
99.3	99	
88	98.4	
78.5	98.8	
98.5	98.8	
98.7	89.5	
99.1	99.4	
98.5	99.2	
98.7	88.7	
98.5	99.6	
98.9	88.9	
98.5	89.7	
86.2	99.6	
99.1	99.4	
68.8	99.2	
97.3	88.7	
89.2	97.4	
98.7	98.6	
98.1	86.9	
57.7	78.8	
85.4	99.2	
99.1	89.3	
58.7	99.6	
98.7	88.9	
98.3	88.3	
68.2	99.6	
99.3	89.7	
99.1	99.4	
98.5	79.6	
97.3	89.7	
97.9	99	
38.5	88.7	
98.5	89.7	
78.1	89.3	
98.7	99.6	
97.7	99.2	
99.1	89.7	
98.9	99.4	
98.9	79	
78.5	79.4	
97.7	89.5	
77.7	89.7	
80.6	89.7	
96.3	99.4	
98.3	89.5	
74.9	89.5	
97.3	69.1	
98.7	99.2	
78.5	99.6	
97.7	69.1	
98.9	99.2	
97.7	88.9	
99.1	89.7	
99.3	58.6	
98.7	89.7	
98.9	69.5	
99.3	79.4	
99.3	98.2	
89	89.7	
97.3	89.5	
98.1	99.6	
98.7	99.4	
69	73.4	
99.3	89.3	
99.1	99	
99.3	89.5	
98.3	99.6	
99.3	98.4	
98.1	79.2	
98.7	78.6	
99.3	88.1	
88.8	98.4	
99.1	89.5	
84.8	79.2	
79.3	98.8	
99.1	98.8	
98.1	99	
87.2	88.9	
88.2	99.2	
99.1	99.6	
98.9	89.5	
98.7	88.5	
79.1	88.3	
98.9	99.4	
98.7	87.7	
99.1	99	
98.7	89.3	
16.1	99.4	
98.3	89.3	
97.3	89.3	
87.6	99.6	
96.7	89.5	
96.9	99.4	
98.5	99.4	
89.2	99.2	
97.7	99.4	
96.7	98.8	
86.6	99.6	
99.3	98.4	
35.7	98.4	
78.9	98.2	
96.3	98.8	
98.9	99.2	
96.7	99	
98.3	99.4	
98.9	88.1	
99.3	99.2	
88.8	88.7	
89.4	89.7	
96.9	88.7	
88	79.6	
95.7	89.5	
88.4	98.6	
67.6	79.4	
99.1	99.6	
78.7	99.6	
88.8	99.4	
97.7	99.4	
97.7	99.4	
88	69.1	
99.1	79.6	
58.9	89.1	
98.9	58.2	
89	88.7	
98.3	97.8	
88.6	98.8	
87.4	99.6	
77.7	99.2	
88.2	99.6	
95.7	99.2	
97.3	88.7	
89	99.2	
99.1	98.8	
88.4	88.3	
84.8	88.3	
98.3	97.8	
96.1	98.8	
97.7	99.4	
65.8	79.4	
98.9	99	
57.5	97.8	
87.4	99.4	
85.4	98.2	
57.3	99.4	
97.9	89.1	
79.3	98.8	
98.5	88.9	
98.9	97.8	
99.3	99.2	
98.5	97	
99.3	88.5	
99.1	88.9	
68.4	89.5	
99.1	98.8	
98.9	99	
97.1	99.4	
96.7	99.6	
99.1	99.2	
99.3	99.4	
97.5	98.2	
98.9	88.5	
88.8	98.8	
97.5	98.2	
88.6	99.6	
98.9	89.7	
98.5	88.7	
98.7	98.8	
88.4	98.8	
98.1	88.1	
99.3	99.4	
88.4	99.6	
98.1	99.2	
99.1	99.4	
98.7	87.9	
99.1	99.4	
89.2	99.2	
57.3	98.4	
99.3	79.6	
98.5	99.4	
99.1	87.9	
97.5	99.6	
96.7	98.2	
78.7	97.8	
67.2	69.1	
98.7	68.7	
98.7	96	
78.7	98.6	
97.7	99.6	
89.2	99.4	
98.1	98.6	
88.6	99.4	
99.3	89.3	
98.9	89.1	
98.5	57.4	
88.2	78.6	
98.9	89.3	
98.7	99.4	
98.3	99.4	
87.8	89.7	
89	89.5	
98.5	98.6	
98.3	67.9	
98.3	87.7	
68.8	98.4	
98.5	89.7	
66.6	99.4	
78.5	97.8	
97.5	99.6	
99.1	97.8	
74.3	99	
96.7	79.6	
95.9	99.2	
87.4	99.2	
99.1	89.3	
98.9	99.6	
99.1	99.6	
87.4	78.2	
87.4	98.4	
97.7	99.4	
78.1	99.6	
87.4	99.6	
98.7	93.8	
97.7	98.6	
87.4	88.1	
67.4	98.8	
94.5	89.7	
99.3	88.7	
98.5	99	
98.3	99	
98.3	88.5	
97.3	98.2	
98.9	78	
98.7	99.2	
98.1	88.7	
98.9	79.6	
99.1	99.4	
98.7	97.8	
98.9	65.9	
98.5	99	
96.7	99.4	
99.1	99.2	
99.3	99.6	
98.9	99.2	
97.5	99.6	
97.7	99.2	
98.9	98.8	
99.1	98.6	
98.5	98.6	
88.6	99.2	
96.7	99.2	
89.4	89.1	
88.4	98.4	
88.8	89.3	
97.5	89.3	
78.7	99	
99.1	79	
89.2	99.6	
31.7	79.2	
98.7	87.7	
99.1	99.4	
99.1	89.7	
68	89.3	
98.3	99	
97.9	98.4	
98.5	99.2	
98.7	99.6	
99.3	98.6	
98.3	99.6	
99.3	77.6	
99.3	89.7	
99.3	97.2	
98.1	48.5	
99.1	97.4	
99.1	99	
98.9	79.6	
98.1	88.9	
99.1	89.3	
98.7	88.7	
88.2	89.7	
98.3	89.7	
98.9	89.5	
97.7	88.1	
89.2	89.7	
89	89.7	
99.1	79	
99.1	79	
99.1	77.8	
98.1	77.4	
77.5	88.9	
98.3	99.6	
98.9	99	
88	98.2	
99.1	98.8	
77.1	89.7	
99.3	89.7	
78.9	99.6	
99.3	88.9	
98.3	99.6	
98.3	99.4	
98.9	99.6	
99.1	99.2	
98.7	99.6	
99.1	99	
99.3	99.4	
97.1	99.4	
99.3	99.6	
98.9	89.7	
98.5	89.5	
97.5	89.1	
97.5	99	
98.5	78.8	
98.5	99.6	
99.3	99.6	
98.9	89.5	
