83.8	99.6	
78.9	99.4	
96.7	99.6	
99.1	89.5	
79.3	89.3	
98.9	96.8	
95.1	79.6	
98.3	78.6	
98.7	89.7	
97.9	89.7	
78.7	79.4	
88.4	89.7	
89.4	89.7	
99.3	98.2	
89.2	88.5	
99.3	99.6	
79.3	87.7	
89.2	99.2	
99.1	89.7	
89.4	89.5	
89.4	89.5	
79.1	89.7	
89.2	78.6	
89	89.7	
88.6	79.4	
89	89.7	
89.2	89.7	
89.2	79.6	
89.4	79.6	
89.2	89.3	
99.3	89.7	
89.2	89.7	
99.1	89.7	
98.1	79.2	
99.1	77.6	
99.1	89.7	
98.1	89.7	
89.2	89.5	
98.9	89.7	
98.1	89.7	
98.5	89.5	
98.7	89.7	
97.5	89.3	
98.3	89.7	
98.3	89.5	
99.3	89.7	
98.9	79.6	
98.9	99.6	
99.1	89.7	
99.1	99.4	
79.3	99.4	
89.4	89.1	
89.4	89.7	
68.8	99.6	
89.4	99.6	
88.4	89.5	
97.5	99.6	
89.4	99.6	
88.4	79.4	
88.4	89.7	
89.4	99.4	
99.1	99.6	
99.1	99.6	
99.3	99.2	
79.3	79.6	
98.9	89.5	
79.1	89.7	
89.2	99.6	
89.4	89.5	
98.9	89.7	
98.9	89.7	
99.3	89.7	
78.1	89.7	
89	88.7	
89.2	99.6	
99.3	99.6	
99.3	89.7	
99.1	99.6	
99.1	99.6	
99.1	99.4	
99.3	99.6	
88.8	98.8	
98.7	99.4	
89	99.6	
88.8	89.5	
88.8	99.4	
86.4	99.6	
89.2	99.6	
98.5	99.4	
89	89.7	
99.3	89.7	
98.5	89.7	
99.1	89.7	
79.3	89.7	
78.3	99.4	
89.2	89.7	
89	99.2	
89.2	89.3	
99.3	89.7	
89.2	89.7	
88.8	89.7	
98.7	99.4	
99.1	99.2	
98.1	89.3	
98.9	89.7	
98.7	99.4	
99.1	89.5	
99.3	99.6	
84.6	89.7	
99.1	89.7	
97.3	89.7	
99.3	79.6	
98.9	99.6	
99.1	89.5	
98.9	99.6	
99.3	99	
98.9	99.6	
99.3	99.4	
99.1	99.4	
99.3	99.6	
99.3	98.8	
99.3	99.4	
98.3	99.2	
99.1	99.6	
99.1	79.4	
99.3	99.6	
99.3	99.6	
99.1	99.6	
98.9	99.4	
58.5	99.4	
78.5	99.6	
99.1	99.6	
78.9	89.3	
88.6	89.7	
88.8	89.7	
97.7	89.7	
77.5	89.5	
57.9	89.7	
77.1	89.3	
77.3	89.7	
72.5	89.7	
96.9	89.1	
97.9	69.3	
96.7	99.6	
98.9	79.4	
98.7	99.6	
98.3	99.4	
98.3	99.6	
98.5	89.5	
98.9	99.2	
98.7	99.6	
87.6	99.6	
98.3	99.6	
98.9	89.7	
99.3	99.4	
99.3	99.6	
68	99.6	
98.7	79.4	
99.1	89.7	
99.3	89.7	
99.1	88.1	
97.3	89.7	
98.3	89.5	
99.3	89.5	
99.1	79.6	
98.7	79.6	
98.9	99.6	
99.3	89.7	
98.7	69.3	
99.3	89.7	
98.5	89.5	
88.2	99.2	
99.1	89.7	
89.4	89.7	
99.1	99.6	
99.1	99.6	
99.3	99.6	
99.3	99.6	
98.9	99.4	
99.1	89.5	
99.1	99.4	
99.1	99.6	
99.3	89.7	
99.3	99.4	
89.2	99.6	
99.3	99	
99.1	99.6	
99.3	99.6	
98.7	99.4	
89.2	89.5	
97.1	88.9	
98.5	99.4	
99.3	99.4	
99.3	99	
99.3	89.7	
99.1	89.5	
99.1	99.6	
99.1	89.7	
99.3	99.6	
98.9	89.7	
98.7	89.7	
99.3	99.6	
97.9	88.9	
99.1	89.7	
89	99.4	
99.1	89.5	
98.7	99.6	
98.9	89.5	
88.4	89.7	
68.6	89.7	
99.1	89.7	
98.9	89.7	
98.3	99.6	
99.3	99.6	
98.7	89.7	
89.2	89.7	
99.3	89.7	
99.3	99.6	
98.1	99.6	
99.3	89.5	
99.3	99.6	
89.2	89.5	
98.9	99.4	
98.7	89.5	
99.3	89.5	
99.3	89.7	
99.1	99.6	
99.1	89.7	
99.3	89.7	
99.1	89.7	
99.3	99.4	
99.1	99.6	
99.1	99	
98.7	99.6	
98.9	99.4	
99.1	89.7	
99.3	99.6	
99.1	89.5	
99.1	99.6	
98.9	89.5	
99.1	89.5	
99.1	79.6	
98.9	79.4	
99.3	89.7	
98.9	79.6	
99.3	89.7	
99.1	89.7	
99.1	89.7	
99.3	99.6	
89.4	89.5	
99.1	89.7	
98.9	89.7	
98.1	89.7	
99.1	89.7	
98.3	89.7	
99.3	89.7	
89.4	99.6	
89	89.3	
98.7	89.7	
88.6	89.7	
99.1	89.7	
98.5	99.6	
99.3	89.3	
99.1	89.7	
88.8	88.9	
99.1	99	
98.9	99.6	
99.1	99.2	
98.9	89.7	
98.3	89.5	
88.8	99.6	
98.9	99.4	
99.3	99.6	
89.4	99.6	
99.1	99.6	
98.9	99.6	
98.9	99.6	
99.3	99	
99.3	99.6	
98.9	99.2	
99.1	99.6	
99.1	99.6	
99.3	89.3	
89	99.6	
99.3	99.6	
99.3	99.6	
98.9	99.6	
99.1	99.4	
98.3	89.5	
98.9	99.6	
89.4	99.6	
99.1	99.2	
98.9	99.6	
99.3	89.3	
99.3	99.6	
99.3	89.5	
99.3	99.4	
99.1	89.5	
99.3	99.4	
99.1	99.4	
99.3	99.4	
98.9	99.6	
99.1	99.6	
99.1	99.4	
99.1	99.6	
99.3	99.6	
99.1	99.6	
88.8	99.6	
98.9	99.6	
99.1	99.6	
99.1	99.6	
89	99	
98.7	99.6	
99.3	99.6	
98.9	99.2	
99.3	99.6	
99.3	99.6	
98.7	99.6	
99.1	99.6	
98.9	89.7	
99.1	89.7	
99.1	99	
98.9	99.6	
89.2	99.6	
99.1	99.2	
98.7	89.5	
88.6	89.7	
99.1	99.6	
99.3	88.1	
98.5	89.7	
99.3	89.7	
99.3	99.6	
99.1	89.5	
99.3	89.7	
97.9	89.7	
99.3	89.5	
99.3	89.5	
99.3	89.7	
98.5	89.7	
99.1	98.6	
98.7	99.4	
98.7	99.6	
98.5	99.2	
99.3	99.6	
99.1	98.8	
99.1	99.6	
98.7	99.6	
98.3	99.6	
99.3	99.6	
78.7	99.4	
97.9	99.6	
97.1	98.8	
88.4	99.2	
99.3	99.6	
98.3	89.7	
99.3	89.7	
98.3	89.1	
99.1	99.4	
98.5	99.6	
99.1	99.6	
99.3	99.4	
99.3	99.4	
99.1	99.4	
89.2	99.4	
98.5	99.6	
89.2	99.6	
99.1	89.7	
99.3	89.7	
99.3	89.7	
99.1	89.7	
99.3	89.7	
89	89.5	
99.3	89.3	
99.1	89.5	
99.3	99.4	
99.1	99.6	
99.1	99.2	
99.3	99.4	
99.3	99.4	
99.3	99	
99.3	99.6	
99.1	99.4	
98.7	99.4	
98.7	78.6	
99.1	57.8	
98.9	99.6	
99.3	99.4	
99.1	99.6	
99.1	99.6	
98.9	99.4	
88.6	99.6	
99.3	99.4	
99.3	99.6	
98.9	89.3	
99.1	99.6	
99.3	99.6	
99.3	89.5	
99.1	99.6	
99.3	99.2	
99.3	99.6	
98.7	99.4	
77.9	98	
99.3	99.6	
99.1	99.2	
99.3	99.4	
99.3	99.6	
99.3	99.6	
99.3	99.6	
98.3	99.6	
99.1	99.6	
99.1	89.7	
99.3	99.6	
98.9	99.6	
99.1	89.5	
98.3	99.2	
98.9	89.3	
99.3	99.4	
99.3	99.6	
98.5	99.6	
99.3	89.5	
88.8	99.6	
99.1	89.5	
99.3	99.4	
99.1	99.4	
99.1	99.4	
98.9	98.8	
98.3	99.6	
99.3	99.6	
99.3	99.6	
98.9	99.6	
98.5	99.2	
98.9	99.6	
99.1	89.3	
98.3	89.5	
89.2	89.3	
99.1	99.6	
99.3	99.6	
98.9	89.5	
99.1	99.6	
99.3	99.4	
99.3	99.2	
99.3	99.4	
98.9	99.4	
99.3	99.4	
99.1	99.2	
98.9	99.6	
99.3	99.2	
98.5	99.6	
98.3	99.4	
68.4	99.6	
99.1	99.2	
99.1	89.3	
99.1	89.1	
99.1	89.7	
99.1	89.7	
99.3	89.7	
98.9	89.7	
98.9	89.7	
99.3	89.1	
99.1	89.7	
98.9	89.3	
99.3	99.4	
99.3	89.5	
99.3	89.5	
99.1	99.6	
99.3	89.7	
89.2	89.3	
98.5	99.4	
99.3	89.7	
99.3	89.7	
98.9	89.7	
99.1	89.3	
99.1	89.7	
98.7	89.3	
99.3	79.6	
99.1	89.5	
99.3	89.7	
88	89.7	
99.3	89.5	
98.5	89.5	
99.3	99.4	
56.3	99.6	
98.7	89.5	
98.9	99.6	
98.9	99.6	
98.7	99	
99.1	99.6	
99.1	89.7	
99.1	99.4	
99.3	89.7	
99.1	99.6	
99.1	89.7	
99.1	99.6	
98.9	89.7	
98.9	88.9	
99.3	89.7	
99.1	89.7	
99.1	89.3	
98.9	89.5	
99.3	89.5	
