95.1	89.1	
57.7	87.5	
32.1	94.8	
99.3	89.3	
88.4	89.5	
28.3	89.5	
81.1	79.4	
95.3	89.1	
96.3	98.4	
87.2	99.4	
92.3	99.6	
98.9	99.4	
94.7	99	
96.7	79.2	
97.9	99	
97.1	99.6	
98.9	89.7	
96.9	89.1	
95.1	89.5	
98.9	79.2	
88	98.4	
98.5	99.2	
99.1	99.2	
97.5	99.2	
97.7	88.3	
99.3	99.4	
97.5	89.1	
99.1	68.7	
98.3	99.6	
98.1	99.2	
98.9	98.2	
76.5	99.2	
87.8	88.9	
96.9	89.5	
97.3	99.6	
98.7	99.4	
98.9	99.2	
97.7	99.2	
98.7	99.4	
98.3	98.8	
98.9	99	
97.9	99.6	
99.3	99.6	
97.1	88.5	
98.3	99.2	
99.1	99	
97.5	99.4	
96.9	99.2	
98.3	88.9	
98.9	89.5	
98.1	98.6	
97.7	89.5	
99.3	96.4	
98.5	99	
99.1	89.3	
88.4	88.5	
99.1	89.3	
78.5	99.6	
98.5	99.6	
98.1	99.6	
77.5	99.6	
99.1	99.4	
97.5	99	
98.3	77.2	
98.5	99.6	
98.1	99.2	
97.5	68.9	
98.7	58.4	
86.8	99.4	
98.1	89.1	
79.1	99.2	
98.5	99.2	
97.9	99.6	
89.4	89.5	
98.3	98.6	
99.1	88.7	
98.7	99.2	
98.7	99	
99.1	99	
89.2	99.6	
99.1	99.2	
98.7	87.3	
98.7	99	
98.3	99.2	
79.1	98.4	
78.1	99.6	
98.9	89.3	
98.7	99.4	
98.3	99.2	
87.8	79.4	
98.3	99.4	
99.1	89.7	
98.5	99.2	
88	89.5	
98.3	88.7	
96.3	99	
77.9	98.2	
97.7	98.6	
98.5	99.4	
98.1	98.8	
85.8	89.7	
98.5	98.8	
96.5	79.6	
97.3	89.7	
98.5	89.5	
99.1	99.6	
88.4	98.6	
88	99.4	
99.1	99	
98.7	99.4	
98.9	88.5	
98.9	98.2	
98.1	99	
99.1	98.8	
98.3	99.4	
96.3	99.2	
98.7	78.2	
98.7	89.7	
96.5	98.8	
98.1	99.4	
97.3	89.7	
98.7	99.6	
99.3	57.4	
99.3	89.3	
98.1	99.4	
97.7	98.2	
87.4	89.7	
98.7	89.7	
99.1	68.1	
97.5	99.4	
98.7	88.5	
98.5	99	
98.5	99.4	
98.7	98.8	
98.7	89.5	
98.3	98.6	
98.3	98.6	
98.5	98.8	
97.9	99	
97.1	79.2	
98.7	99.6	
93.3	99.2	
98.3	99.4	
56.1	99.6	
98.9	99	
97.5	99.6	
98.9	99	
97.3	98.6	
98.7	99.6	
85	99.4	
98.5	99.2	
97.9	89.5	
97.3	88.5	
98.9	89.5	
98.1	99	
99.1	89.1	
99.1	99.6	
58.7	99.6	
99.1	98.8	
99.1	99.2	
98.7	87.9	
98.7	79	
79.1	99.2	
97.3	88.7	
98.9	89.3	
88	99.4	
98.9	99.6	
99.1	89.5	
99.1	99.6	
98.5	99.6	
98.9	99.4	
88	99	
96.9	99.6	
98.9	99.4	
98.3	99.2	
96.3	99.6	
98.3	99.4	
98.7	78	
99.1	99	
99.1	88.3	
98.5	99.4	
88.6	99.6	
99.3	99.4	
97.9	88.3	
88.8	99	
89	89.5	
99.1	89.1	
98.5	99	
99.3	89.7	
98.7	99	
98.9	98.6	
98.9	89.5	
97.5	99.2	
99.3	98.6	
99.1	99	
98.3	96.8	
87	79	
98.5	99.6	
67.2	99.4	
98.1	89.3	
99.3	99.4	
97.7	99.6	
89.4	99.2	
98.9	77.8	
86.6	97.6	
89	99.6	
98.3	98.8	
88	99.2	
98.9	89.1	
98.7	98.8	
37.3	99.4	
98.5	99.6	
98.9	99.6	
98.9	98.8	
88.8	98.4	
98.5	99.6	
99.1	99	
78.1	88.9	
88.4	89.5	
88.6	99.6	
87.8	99.2	
98.3	99	
99.1	99.4	
86.8	89.5	
15.9	88.5	
99.1	99.4	
86.8	99.4	
97.9	79.4	
99.1	89.7	
97.5	99.6	
97.3	99.4	
98.5	98.4	
98.9	99.2	
96.7	99.6	
97.1	88.7	
99.1	99.4	
98.9	99.6	
98.9	99.2	
99.1	99.4	
99.3	89.3	
89	99.6	
98.7	78.8	
98.9	99.4	
97.5	89.7	
98.5	99.2	
99.1	99.2	
98.9	79.2	
88.8	79	
99.3	88.9	
99.3	98.8	
78.7	99.6	
77.7	99	
98.3	98.4	
97.1	89.3	
98.7	89.7	
98.3	79.2	
88.6	79.4	
88.8	98.8	
98.7	78.6	
99.1	89.3	
46	58.8	
88.8	99.4	
98.7	99.2	
98.3	98.8	
99.3	89.5	
85.6	78.6	
68	99.2	
99.1	99	
77.7	99.6	
98.7	89.7	
98.7	99.2	
89.4	99.4	
99.3	89.7	
87.6	89.5	
98.3	99.6	
98.5	99.4	
98.7	78.4	
98.3	89.5	
98.3	89.1	
98.3	99	
59.1	89.7	
88.8	89.7	
57.7	89.3	
99.3	98.6	
98.9	98.8	
98.9	99.6	
88.8	89.7	
98.9	78.4	
97.9	99	
98.3	99.6	
89	89.5	
99.1	89.1	
98.5	99	
99.1	97.8	
98.7	79.4	
89	99.2	
98.9	89.1	
97.1	88.7	
88.8	89.7	
77.5	99.4	
89.2	99	
97.1	99.6	
98.7	99.6	
98.9	99.4	
98.9	98.4	
99.1	89.5	
96.3	89.5	
98.7	99.2	
97.7	99.2	
98.5	89.7	
98.3	89.7	
79.1	78.6	
98.9	89.5	
87.4	99	
98.9	98	
99.1	99.4	
88	89.7	
98.9	99	
97.7	89.3	
88.8	89.3	
99.3	89.1	
97.5	99.2	
98.9	98.8	
98.3	79.6	
76.9	89.7	
97.9	99	
96.9	79	
97.5	99.6	
98.5	99.4	
98.7	88.9	
98.7	89.5	
99.1	79	
99.1	89.1	
98.5	79.4	
77.7	78.8	
87	99.4	
78.5	89.3	
98.9	99.6	
98.1	99.4	
98.7	79	
98.5	89.5	
78.9	79.4	
98.1	98.8	
98.9	79.4	
48.6	99.6	
97.3	99.6	
98.5	89.3	
78.5	99.4	
98.9	99.6	
77.7	98.6	
98.1	98.4	
98.7	99.2	
99.1	99.4	
78.7	88.9	
96.1	99.4	
98.3	99.4	
68.4	99	
98.7	99.2	
57.5	69.3	
99.3	99.4	
88.6	88.9	
76.1	99.2	
79.3	89.3	
97.3	88.7	
47.8	68.9	
97.7	88.7	
98.3	89.1	
99.1	98.8	
89.2	99.2	
87.2	99.4	
77.3	99.2	
88.4	89.1	
97.7	89.7	
98.5	97.8	
88.4	98.6	
98.5	99	
99.3	99	
69.2	89.1	
79.5	89.5	
88.6	99.6	
66.8	98.6	
77.9	99.4	
85.4	89.1	
98.7	88.5	
98.7	88.9	
98.3	99.6	
97.5	98	
97.1	99.6	
99.1	99.4	
89	89.1	
99.3	89.1	
97.7	89.5	
88.4	76.6	
98.5	98.6	
98.3	88.1	
97.9	99.2	
78.5	99.2	
98.5	99.2	
98.3	88.7	
93.1	99.4	
88.8	98.6	
79.1	98.2	
99.1	89.1	
98.9	99.6	
98.5	99.4	
58.1	99.4	
98.5	46.1	
36.9	99.4	
97.9	99.4	
98.3	99.6	
98.7	89.5	
58.7	89.7	
98.9	89.5	
99.3	88.1	
97.9	87.7	
87.8	89.3	
97.5	68.7	
96.7	89.3	
98.9	98.6	
99.3	99.2	
97.1	89.7	
98.7	99.2	
98.1	89.5	
98.9	99.6	
98.7	89.7	
99.3	98.6	
99.1	99.2	
88.6	99.2	
99.3	99.6	
99.1	89.5	
98.9	99.6	
99.1	89.7	
99.1	99.4	
98.1	79.4	
58.7	89.5	
98.3	87.1	
96.9	99	
96.7	47.9	
98.1	89.7	
48.8	89.5	
99.3	98.2	
99.3	89.5	
68	99.6	
97.7	88.7	
98.7	99.6	
78.3	89.1	
97.9	89.7	
97.5	88.9	
67.8	99	
88.6	89.7	
98.7	89.5	
97.5	99.2	
97.9	99.6	
97.5	27.7	
95.7	89.5	
98.7	99.6	
99.1	99.4	
98.9	79	
99.1	99	
98.9	89.7	
89.2	89.7	
85.6	89.3	
99.1	99	
98.7	79	
98.3	89.1	
98.7	79.6	
98.7	89.7	
89.2	89.3	
98.9	89.3	
98.7	89.5	
95.7	89.7	
99.3	79.4	
88	79.6	
98.9	99.6	
98.1	89.7	
99.1	79.6	
98.7	98.8	
98.5	89.5	
96.7	99.4	
97.5	89.3	
98.5	89.1	
98.5	99.4	
78.5	78.2	
56.7	89.5	
98.3	88.5	
97.9	89.5	
98.3	99	
99.3	99.6	
98.9	78.8	
97.9	99.6	
98.3	99.2	
88	99.6	
98.3	89.7	
57.3	99.2	
98.1	98.6	
99.1	98.8	
78.5	99.4	
98.9	99.4	
99.3	88.5	
98.9	99.4	
