63.6	89.1	
97.3	99.6	
51.9	99.4	
88.1	87.9	
88.2	89.7	
94.3	89.1	
95.7	99.2	
97.1	98.8	
69.2	68.1	
97.7	99.4	
98.1	79.6	
98.1	98.8	
79.1	89.5	
98.3	89.3	
99.1	89.1	
96.5	99.6	
98.7	98.8	
98.5	89.7	
99.1	99	
88.4	99.4	
97.1	99.4	
73.7	99.4	
98.5	89.3	
97.9	98.2	
99.1	98.8	
99.1	99.6	
99.1	99.6	
56.7	89.5	
99.1	79.6	
98.9	98.6	
98.9	99.6	
98.9	99.2	
98.5	98	
97.1	99.4	
97.3	89.3	
98.9	98.8	
98.1	98.8	
98.1	89.5	
98.7	78.6	
68	78.4	
99.1	99.6	
86.8	99.6	
76.7	99.6	
97.9	99.6	
87.6	78.6	
98.7	99	
96.1	79.4	
98.9	89.5	
99.3	88.5	
98.9	79.4	
99.1	99.6	
98.5	89.5	
98.5	99	
99.1	98.6	
98.3	98.8	
98.3	99.4	
98.7	99.2	
89.2	98	
10.7	99.2	
98.9	89.3	
98.7	99.4	
98.1	98.6	
98.7	98.6	
48.2	99	
99.1	98	
98.5	98.8	
97.7	98.4	
78.5	99.2	
99.3	78.2	
66.6	99.6	
98.7	99.2	
97.5	89.5	
96.9	99.4	
95.9	99.4	
98.7	99.2	
97.5	88.5	
97.9	88.9	
98.5	98.6	
97.1	97.2	
67.4	88.7	
84	98.4	
97.5	99.2	
98.5	99	
97.7	99.6	
97.9	99.2	
98.9	99.2	
88.4	98.6	
97.9	99.6	
98.9	88.5	
98.7	88.3	
98.9	89.5	
99.1	88.7	
76.7	99.2	
98.7	78.8	
99.1	89.5	
76.5	98.8	
98.7	99	
98.9	89.1	
99.1	88.9	
98.9	89.7	
97.9	89.3	
96.3	77.4	
98.1	98.8	
58.5	98.4	
97.3	99.6	
98.7	99	
98.3	99.2	
98.7	98.4	
99.3	99.6	
98.1	99.6	
97.7	97.8	
66.8	88.9	
98.7	99.4	
98.7	98.6	
98.5	99.2	
88.4	99	
98.5	79.4	
97.7	99.2	
97.7	98.8	
97.9	88.7	
99.1	89.3	
99.1	79.2	
58.9	99.4	
99.1	99.6	
97.3	89.1	
99.1	98	
88.8	98.8	
98.9	97.4	
98.1	97.4	
99.3	89.5	
98.5	89.7	
88.4	99.4	
98.3	99.6	
86.4	99.4	
26.2	99.6	
95.5	99.2	
99.3	99.6	
98.3	89.5	
97.9	98.8	
86.8	79.2	
99.1	89.7	
88.2	89.1	
99.1	99.6	
87	88.9	
98.1	99.6	
98.1	98.8	
97.5	99.2	
58.9	99.4	
99.1	68.9	
98.5	89.7	
96.7	89.5	
86.6	58	
98.3	89.1	
98.7	89.5	
97.7	78.6	
98.5	89.3	
98.7	89.5	
98.9	89.5	
78.7	79.4	
98.3	58.2	
88.8	78.8	
77.5	78.2	
98.9	89.5	
98.9	98.2	
77.7	99.6	
99.1	88.5	
99.1	99.4	
99.1	98	
98.7	89.1	
98.9	99.6	
97.9	99.4	
98.3	99.2	
99.1	99	
35.5	89.7	
97.5	99.2	
77.1	98.6	
97.5	99.6	
99.3	89.3	
98.3	99.6	
97.9	99.6	
99.1	99.2	
98.1	79.6	
77.9	99.6	
88.8	99.6	
98.7	99.4	
98.9	98.8	
89.4	99.6	
98.5	99.6	
18.7	98.8	
98.1	88.3	
78.5	98.8	
97.7	99.2	
88.8	98.2	
98.9	99	
89.2	99.4	
98.5	88.9	
78.5	89.1	
75.7	69.3	
67.6	99.6	
67.6	89.3	
99.1	89.7	
98.3	89.7	
98.3	99.4	
98.9	99.2	
99.1	89.7	
86.8	99.4	
98.3	89.3	
96.3	88.5	
97.7	89.5	
88	89.7	
15.9	99	
99.1	89.5	
67.2	99.6	
98.5	98.8	
98.7	99	
98.5	89.7	
97.1	97.4	
97.7	99.2	
98.5	89.5	
97.1	89.1	
99.1	99.4	
97.3	89.7	
98.7	89.3	
98.1	89.5	
99.1	89.3	
98.7	89.5	
89	79.6	
98.9	89.1	
97.5	89.7	
98.5	89.7	
98.9	99.6	
98.5	79	
68.6	79.6	
89	98.4	
67	87.9	
99.3	99.2	
97.7	75.8	
98.9	89.1	
98.3	89.7	
98.5	68.7	
89	89.3	
98.7	99.6	
98.7	89.1	
99.1	99.6	
98.9	68.5	
97.1	88.3	
97.5	88.3	
67	89.5	
78.9	89.5	
98.5	99.6	
98.7	89.5	
97.3	79.4	
88.4	88.9	
99.3	79.6	
89.4	99.4	
78.7	99.4	
97.7	69.1	
78.1	88.9	
68	98.4	
89.2	97	
99.1	99	
98.5	89.7	
68.4	86.5	
99.3	89.3	
97.9	86.9	
78.9	89.5	
48.2	78.6	
79.3	99.4	
98.9	89.7	
78.7	89.7	
78.9	79.4	
98.5	99.4	
98.7	99.2	
89	87.9	
99.1	99.2	
98.9	78.8	
99.3	99.4	
98.5	79.6	
95.5	89.5	
86.2	89.1	
89	68.3	
98.7	78.6	
89.2	99	
99.1	88.1	
98.5	89.5	
98.9	99.6	
99.3	99.2	
78.9	79.4	
97.7	98.8	
98.1	98.4	
98.9	89.7	
98.1	98.6	
98.9	99.2	
86.8	99.2	
68.2	99.2	
99.3	89.7	
99.3	79.6	
76.7	79.2	
98.3	69.1	
99.1	89.3	
98.5	88.9	
98.1	88.5	
99.1	79	
77.5	89.3	
98.5	68.1	
89.4	89.1	
87.8	89.7	
99.3	69.3	
98.9	99.6	
99.1	99.4	
98.7	99.2	
97.7	98.4	
98.3	89.3	
88	78.4	
98.7	97	
98.5	99.6	
98.3	99.4	
98.7	98	
98.3	99.4	
99.1	99.2	
99.1	99.4	
98.1	99.6	
99.1	79.2	
96.5	99.6	
97.3	89.1	
98.9	99.6	
98.9	99.2	
97.7	99.2	
88.8	79.6	
98.1	99.6	
97.3	78.6	
99.1	99	
86.6	99.4	
77.7	78.8	
98.5	98.8	
78.1	88.9	
98.1	99.2	
99.3	99	
98.9	99	
98.1	99.4	
99.1	89.7	
98.5	99.2	
99.3	99.6	
96.7	99.4	
88	98.8	
98.7	99.4	
86.8	99.6	
97.7	99	
88.8	99	
98.9	89.5	
98.5	99.6	
96.9	99.4	
88.6	89.3	
98.9	89.5	
96.7	99.6	
98.5	99.2	
99.1	99.2	
99.3	99.6	
88.6	99.6	
86.8	89.7	
85.6	89.3	
58.3	77	
98.1	98.8	
99.3	89.7	
67.2	89.5	
78.7	88.3	
98.9	87.5	
98.7	89.7	
96.1	98.8	
96.5	78.8	
98.9	99.6	
89	98.8	
87.2	78.2	
98.1	98.4	
97.5	98.2	
88.6	99.2	
98.9	98.4	
94.9	89.5	
96.1	96.6	
99.1	99.6	
89.4	99.2	
48.4	98.2	
99.3	99	
98.5	99.6	
68.2	78.8	
98.7	79	
98.3	89.7	
98.5	99	
88	99.4	
99.1	98.8	
79.3	99	
78.3	99.6	
99.1	89.5	
98.5	89.1	
98.5	99.6	
68.6	89.3	
98.7	98.6	
78.7	99.4	
98.7	89.7	
77.9	99.6	
49	99	
58.7	79.6	
97.7	89.7	
97.7	79.2	
97.7	98.8	
79.3	79.4	
48.2	99.6	
99.1	99.2	
97.5	68.7	
86.6	88.9	
66.8	98.8	
88.2	79.2	
68.4	99.6	
98.9	88.5	
99.1	98.6	
97.7	99.4	
99.3	99.4	
99.1	89.5	
98.9	99.2	
98.9	88.9	
98.5	78	
98.1	89.5	
98.9	79.4	
99.3	99.4	
98.7	99.4	
68.4	99.6	
98.7	69.3	
99.1	98.4	
87.8	88.9	
98.9	79.6	
77.9	89.5	
86.8	99	
98.5	98.4	
98.1	99.4	
99.1	99.2	
98.9	89.1	
99.1	99	
98.9	98.4	
88.6	99.6	
97.1	89.3	
78.7	79	
98.1	98.8	
88.8	99	
98.5	99.2	
98.7	69.1	
99.1	88.9	
99.1	99.2	
99.1	89.5	
99.1	98.4	
98.3	89.1	
98.3	99.6	
88.6	89.7	
57.7	89.5	
97.9	99.6	
97.7	89.5	
98.7	87.7	
97.9	89.7	
89.2	78.8	
96.5	99.4	
96.5	98.6	
89.2	99	
88.8	89.3	
68.2	99.2	
97.7	88.9	
86.8	99.2	
88.2	99.4	
87.8	99.6	
88.8	99.6	
99.1	99.4	
99.3	89.7	
99.1	99.6	
88.2	99	
98.9	99.6	
98.3	99.4	
88.4	99.6	
79.3	99.2	
99.3	98.8	
69.4	99	
46.4	99.6	
98.1	99.6	
98.7	89.5	
98.1	99.6	
96.3	89.7	
98.3	89.1	
77.9	99.4	
97.3	99.4	
89	88.5	
88.8	98.8	
98.5	98.8	
99.3	99	
98.9	99.4	
98.9	67.5	
99.3	99.4	
98.5	89.3	
95.5	88.9	
98.9	89.7	
99.3	98	
78.3	89.3	
89	88.5	
58.1	98.6	
