27.2	98.2	
61	79.4	
88.6	99.4	
98.7	99.6	
79.2	89.7	
78.1	99.4	
76.5	89.3	
95.9	99	
98.3	78.6	
46	99.6	
38.8	93.8	
98.7	99.6	
88	99.4	
78.5	99.6	
98.7	99.6	
98.9	89.3	
68.4	99.4	
78.5	99.6	
97.7	99.2	
98.7	98.8	
87.6	98	
88	68.1	
98.1	89.5	
97.5	88.9	
95.9	99.4	
98.9	99.6	
99.1	99.6	
98.3	99.6	
76.7	99.6	
99.1	69.5	
89	99.4	
78.3	99.6	
98.9	99.6	
98.1	88.5	
98.5	79.6	
78.7	88.1	
96.9	88.5	
99.1	89.5	
99.1	99.2	
98.7	99.4	
87.4	99.2	
97.9	89.3	
99.1	99.6	
99.1	89.5	
98.9	99.4	
88.6	89.5	
97.9	99.6	
97.3	99.2	
82.4	99	
99.3	87.7	
88.8	89.1	
77.5	89.3	
99.1	99.4	
87.2	99.6	
98.5	88.7	
88.2	98.8	
89	99.6	
98.9	99	
99.3	99.4	
99.1	99.6	
99.1	88.5	
99.1	99.4	
99.3	99.4	
98.9	99.4	
98.5	89.3	
99.1	99.6	
98.3	89.5	
99.3	99.4	
99.3	99.6	
89	99	
98.5	98.4	
98.3	77.8	
99.3	79	
88.6	99.4	
99.1	98.6	
99.1	89.1	
99.1	99.6	
89.2	89.7	
88.8	99.6	
97.3	99.2	
88.8	99.6	
98.1	99.6	
99.1	87.3	
97.5	99.2	
98.7	99.6	
78.9	79.2	
97.3	89.5	
98.7	99.6	
98.5	99.6	
98.5	99.4	
99.3	88.9	
97.9	99.6	
68.2	99.6	
99.3	99.4	
98.3	88.9	
88	98	
98.5	99.6	
99.3	99.4	
99.1	99	
78.1	99.6	
78.9	99	
98.3	88.9	
98.9	99.6	
98.9	89.7	
99.1	99.6	
99.1	99.2	
99.3	98.8	
99.3	98.6	
98.7	98.4	
89	99.2	
98.7	99.6	
97.9	99.4	
99.1	99.4	
88.4	99.4	
99.3	99.6	
88.8	89.7	
97.9	99	
88.4	99	
98.9	99.4	
98.7	89.7	
98.9	99.2	
98.9	99	
98.9	99.6	
99.1	99.4	
98.9	99.2	
99.1	99.4	
98.9	99.4	
98.9	99.4	
88.4	89.3	
99.1	78.6	
89	99.4	
98.9	89.5	
99.3	99.4	
98.7	99	
98.7	99.6	
99.3	99.4	
89	99.4	
99.1	99.4	
99.1	99.2	
79.1	99.6	
97.3	99.4	
99.3	99.4	
99.3	79.2	
99.3	99	
98.5	89.3	
99.1	88.7	
58.1	99	
99.1	97.6	
99.3	99.6	
99.3	98.6	
87.4	88.7	
99.3	99.6	
98.7	99.6	
99.1	99.6	
98.7	89.7	
98.9	99.2	
99.1	99.4	
99.1	99.6	
98.5	99.2	
98.5	89.3	
99.3	99	
99.3	99.4	
88.2	99.6	
99.3	89.1	
98.9	98.4	
98.9	99.4	
88.6	99.4	
99.3	99.2	
98.9	98.8	
88.2	99.4	
98.9	89.5	
89.4	99.6	
99.1	99.2	
59.3	89.5	
98.3	99.6	
78.7	99.2	
99.3	99.4	
98.3	97.4	
99.3	99.6	
88.8	99	
99.1	89.7	
99.3	99.2	
89.4	99.4	
98.7	99.6	
99.3	89.1	
98.9	99	
89.4	78.2	
78.5	98.4	
56.5	99.6	
98.7	89.5	
98.7	99	
98.9	89.7	
99.3	99.6	
88	79	
98.9	98.6	
98.5	89.7	
98.9	89.5	
99.3	99.6	
98.7	99	
98.9	99.6	
97.9	99.6	
89	99.6	
98.7	99.4	
98.7	89.3	
99.1	99.4	
98.3	99.6	
66.6	88.5	
99.1	98.8	
89	99.6	
89	89.3	
98.9	99.6	
99.3	89.7	
69.4	99.6	
88.6	99.4	
99.1	79.6	
98.9	99.6	
98.5	99.4	
98.9	99.6	
99.3	99.4	
98.7	99.6	
99.1	88.5	
98.9	99.6	
99.1	99.6	
88.8	99.2	
97.7	89.5	
99.3	98.8	
89.2	99.6	
99.1	99.2	
88.4	99.6	
88.8	89.3	
89.2	89.7	
99.3	99.6	
79.1	98.6	
99.1	99.4	
88.8	99.4	
99.1	99.4	
98.7	89.7	
98.9	99.6	
78.5	99.2	
98.9	99.4	
97.9	99.6	
77.9	99.4	
99.3	99.4	
98.9	99.2	
67.8	99.6	
98.5	99.6	
99.1	99.4	
98.9	99.6	
99.3	99.4	
98.7	99.6	
99.3	99.6	
99.1	99.2	
99.3	99.6	
98.7	99.6	
99.3	89.3	
88	99.6	
88.4	98.6	
89.2	88.9	
98.9	89.3	
99.1	99.6	
99.1	99.6	
99.3	99.2	
99.3	99.6	
99.3	99.6	
99.1	99.2	
98.9	99	
99.1	79.2	
98.9	99.4	
98.9	99.4	
89.2	98.8	
98.3	99	
99.3	79.2	
98.9	89.7	
99.1	99.6	
88.8	99.4	
98.9	79.2	
99.3	89.5	
88.4	99.6	
89	99.4	
99.1	99.6	
88.8	99.6	
98.5	99.6	
99.3	99.6	
98.5	99.4	
89.4	99.6	
88.6	99.6	
99.1	98.8	
88.4	98.6	
98.9	99.4	
99.1	99.4	
98.9	98.8	
99.3	89.5	
98.1	89.1	
98.9	99	
99.3	98.6	
99.3	99.4	
88.8	99.4	
96.9	99.6	
98.7	89.3	
98.9	99.6	
98.7	98.2	
88.8	99.2	
89.2	99.2	
88.4	79.6	
89	99.6	
98.9	99.2	
98.9	99.2	
89.2	98.8	
98.9	89.5	
89.4	98.6	
98.7	99.6	
98.3	99.6	
99.1	68.1	
98.7	99.2	
99.3	99.2	
99.1	99.6	
99.3	99.6	
98.9	99.4	
98.9	99.6	
99.1	98.8	
98.3	89.5	
98.9	99.4	
99.1	99	
98.7	99.6	
99.1	89.1	
98.7	99.2	
88.8	89.7	
98.9	99.4	
99.1	99.6	
98.9	89.5	
99.3	79.2	
99.3	99.6	
99.3	99.2	
99.1	99.4	
99.1	89.1	
98.7	99.6	
67.8	89.5	
88.4	89.5	
99.3	99.2	
97.9	98.8	
99.3	89.7	
99.1	99.2	
98.3	89.5	
98.7	89.1	
99.1	99.4	
99.1	99.6	
98.7	99.4	
99.1	79.4	
99.1	99.6	
78.9	79.4	
99.1	99.6	
98.5	89.7	
99.3	99	
78.5	99.4	
98.9	99.2	
99.3	79.2	
99.3	99.6	
99.1	99.6	
98.7	79.6	
98.5	99.4	
98.9	89.1	
98.5	89.5	
99.1	89.5	
99.3	88.1	
99.1	99.2	
98.9	99.4	
99.3	89.1	
99.3	89.5	
99.3	89.3	
98.3	79.2	
99.3	99.4	
99.1	89.3	
99.1	89.5	
99.1	87.7	
98.5	89.7	
77.5	98.6	
88.8	99.6	
68.6	89.7	
99.1	99.4	
98.9	99.2	
98.9	89.7	
89.2	99.2	
99.1	99.6	
98.5	99.4	
99.3	89.3	
67.8	99.6	
99.1	99.2	
98.9	99.4	
99.1	99.4	
98.5	99	
88.6	99.2	
98.7	99.6	
98.9	99.6	
98.9	99.6	
97.3	99.4	
99.3	99	
99.1	89.3	
98.3	99.6	
98.1	89.3	
99.3	99.6	
98.3	99.4	
98.7	89.7	
99.1	99.6	
98.9	98.6	
87.4	89.5	
98.9	99.6	
98.9	88.1	
89.4	99	
99.3	99	
98.9	99.6	
99.1	99.6	
99.1	89.5	
99.3	99.6	
98.7	99.4	
99.1	99.4	
99.1	99.6	
99.3	99.4	
99.1	99.6	
97.3	99.6	
99.1	99.6	
79.1	89.7	
78.3	99.6	
98.9	99.6	
88.6	99.2	
89.4	99.4	
98.1	99	
98.9	99	
98.9	99.6	
98.9	99.6	
98.5	99.2	
99.1	89.1	
89	99.6	
98.7	99.6	
98.7	99	
99.1	98	
99.1	89.7	
97.9	98.8	
89	89.3	
89.4	99.4	
98.3	99.6	
99.3	99.4	
88.2	99.6	
98.9	99.4	
98.5	99	
97.1	98.8	
97.9	99.6	
98.1	99.4	
99.3	99.6	
98.9	99.6	
89.4	99.6	
88.2	98.6	
87.8	99	
89.2	89.7	
99.3	89.5	
98.9	99.4	
99.3	88.5	
99.1	99.6	
97.5	99.4	
98.9	99.2	
98.7	99.6	
89.2	89.5	
98.9	98.8	
97.1	89.5	
98.5	99.4	
99.3	99	
88	99.6	
98.5	89.3	
98.9	89.7	
78.7	99.2	
99.1	99.6	
99.3	99.4	
89	99.4	
99.1	98.6	
89.2	99.6	
98.9	99.6	
99.3	99.4	
89	99.6	
99.3	99.6	
99.1	89.7	
98.1	99.2	
88.6	89.7	
98.3	99.6	
99.1	99.2	
99.3	89.3	
98.9	99.6	
98.5	99.6	
99.3	99.4	
77.9	99.6	
88.6	99.4	
99.3	98.8	
89	99.4	
99.3	99.6	
98.7	89.5	
98.9	89.5	
98.9	99.6	
98.7	99.2	
98.3	99.2	
98.7	99.6	
87.2	99.6	
99.3	98.8	
