58.5	89.7	
71.1	89.7	
97.3	89.7	
75.3	89.7	
88.6	89.7	
89.4	89.7	
97.3	79.4	
89	89.5	
89.9	89.7	
95.7	89.7	
98.9	89.7	
98.7	99.6	
98.1	99.6	
87.2	99.6	
96.5	89.7	
87	89.7	
98.7	89.7	
88.2	79.6	
97.3	89.7	
85.2	89.7	
96.7	89.7	
97.1	79.6	
78.7	89.5	
99.3	89.7	
98.9	79.6	
96.7	88.5	
99.3	89.7	
87.8	89.7	
92.9	89.7	
98.1	89.7	
98.7	89.7	
84.2	76.9	
99.1	88.7	
98.3	99.4	
99.1	89.7	
99.3	87.1	
88.2	89.5	
98.9	89.7	
99.3	79.6	
98.9	88.3	
89	99.4	
99.1	89.7	
98.9	89.7	
89	99.6	
98.9	99.4	
89	89.7	
99.1	89.7	
98.9	89.3	
89.2	89.5	
99.1	79.6	
89	89.7	
99.3	99.6	
98.7	89.7	
98.3	89.7	
78.9	89.1	
98.7	89.7	
97.5	89.5	
99.1	89.5	
98.7	89.5	
99.1	89.3	
99.1	89.7	
99.1	99.4	
98.3	89.7	
98.9	89.7	
98.9	89.7	
98.9	89.7	
98.9	89.7	
99.1	88.9	
88.4	79.6	
99.1	89.5	
98.9	89.7	
88.8	89.7	
99.3	99.6	
89.2	89.5	
98.3	89.5	
99.3	89.7	
99.3	89.5	
99.1	89.3	
88.8	89.5	
98.9	79.6	
88.8	99	
99.3	89.5	
99.1	89.5	
99.3	89.7	
99.1	89.7	
99.3	89.7	
99.3	89.7	
98.9	79.6	
68.4	89.7	
98.5	79.4	
99.3	89.7	
99.1	89.7	
98.9	79.4	
99.3	89.7	
99.1	89.7	
99.3	89.7	
99.3	89.7	
99.3	89.5	
98.3	79.4	
99.1	89.5	
89	89.7	
99.1	89.7	
98.7	89.7	
99.3	89.7	
78.1	89.3	
99.1	99.6	
98.1	89.5	
69	89.7	
98.3	89.5	
99.1	99.6	
98.9	79.6	
99.1	89.5	
99.3	89.5	
89.2	71.2	
99.3	89.7	
99.1	89.7	
99.3	89.7	
98.9	89.7	
99.1	99.6	
99.1	99.6	
97.7	89.5	
69.2	89.5	
99.3	89.7	
99.1	89.7	
78.9	89.7	
98.9	89.5	
99.3	99.6	
99.3	89.7	
98.9	89.7	
98.5	89.5	
99.1	99.4	
99.3	89.3	
99.1	89.7	
99.3	89.5	
89.2	89.7	
99.1	89.7	
99.1	89.5	
87.6	89.5	
78.1	89.7	
88.6	79.2	
89.2	89.7	
99.3	89.7	
99.3	89.7	
99.3	89.7	
99.1	89.7	
99.1	89.7	
89.4	89.7	
88.8	89.7	
98.3	89.7	
99.3	89.7	
99.1	69.5	
99.3	89.7	
98.7	99.6	
99.1	89.7	
99.3	89.7	
99.3	89.3	
99.1	89.5	
98.7	69.3	
99.3	89.7	
89.4	89.5	
99.1	89.7	
99.1	89.5	
98.9	69.1	
99.1	78.8	
99.1	89.7	
99.1	89.5	
99.3	79.6	
98.9	89.7	
99.3	89.7	
99.3	87.1	
99.3	69.5	
99.3	89.7	
98.9	89.7	
99.3	89.7	
99.3	79.4	
99.3	99.6	
88.2	89.3	
99.1	89.1	
99.3	89.7	
99.3	89.5	
99.1	79.2	
99.1	89.7	
99.3	89.7	
99.3	89.5	
87.8	99.6	
89.2	89.7	
88.6	69.3	
99.1	89.7	
88.8	99.6	
99.1	79.6	
99.1	89.7	
89.2	89.7	
78.7	79.6	
99.1	79.4	
99.3	89.7	
98.9	79.6	
99.1	89.7	
89	89.5	
98.9	99.6	
99.1	89.7	
89.2	89.7	
89.2	79.4	
99.1	89.7	
99.1	89.7	
99.3	99.6	
98.9	89.5	
98.7	89.7	
99.3	89.7	
98.3	79.4	
58.3	89.7	
99.1	49.3	
99.3	89.7	
99.3	89.5	
99.1	89.7	
99.3	89.7	
98.5	89.7	
99.1	99.6	
99.1	89.7	
99.3	79.2	
99.1	89.7	
99.3	89.7	
99.1	89.1	
99.1	78.6	
98.5	79.6	
57.7	89.7	
99.3	79.6	
99.1	89.5	
99.1	99.6	
99.3	79.6	
99.3	89.1	
99.1	79.6	
98.9	79.6	
99.3	89.7	
98.9	89.7	
98.9	89.5	
79.1	89.7	
99.1	79.2	
99.1	89.7	
79.1	89.7	
98.9	79.6	
99.3	89.7	
99.3	98.8	
99.3	89.7	
98.9	89.7	
89.4	99.4	
99.1	89.5	
86.2	89.7	
99.1	89.7	
99.3	89.7	
99.1	89.5	
98.9	79.6	
99.1	89.7	
78.3	89.7	
98.9	89.7	
98.7	89.7	
89.4	89.7	
98.9	89.7	
98.9	99.6	
89.2	89.7	
98.9	89.7	
78.7	89.5	
67.2	99.6	
99.3	79.4	
99.1	99.4	
99.3	79.4	
99.1	89.7	
99.3	89.7	
78.7	89.7	
98.5	89.7	
98.9	89.7	
99.3	89.5	
99.3	89.7	
99.1	89.7	
99.3	89.7	
99.1	99.2	
99.3	89.7	
99.1	79.4	
99.3	89.7	
89.2	89.5	
99.3	89.7	
99.3	89.5	
99.1	89.7	
98.9	89.7	
98.9	59.2	
99.3	89.5	
89.2	79.2	
99.1	89.7	
99.3	89.7	
98.5	89.7	
99.3	89.7	
89	89.7	
67.4	89.5	
99.3	99.6	
99.3	89.7	
99.3	89.7	
99.3	89.7	
99.1	59	
99.3	89.7	
78.3	89.7	
98.7	79.4	
68.6	89.5	
99.3	89.5	
98.3	79	
98.9	99.6	
88.2	69.5	
98.9	79.6	
98.9	89.7	
99.3	89.5	
89	99	
99.1	89.7	
88.8	89.5	
98.7	89.7	
99.1	79.6	
99.3	89.7	
98.9	89.7	
98.7	89.7	
99.3	89.7	
99.3	89.5	
99.1	89.7	
99.3	89.3	
89	89.7	
99.1	88.9	
98.9	89.7	
99.3	89.5	
89	79.6	
99.3	89.7	
99.3	89.5	
99.1	88.9	
98.9	89.7	
99.1	78.8	
99.3	89.7	
98.9	89.7	
99.1	89.5	
99.3	59.2	
89.2	99.4	
89	89.5	
98.7	38.6	
98.9	89.5	
99.3	79	
99.3	99.6	
98.9	79	
99.3	89.5	
99.1	89.3	
99.1	89.7	
99.3	79.6	
98.9	99.6	
89.2	89.7	
99.1	79.6	
99.3	89.7	
99.3	79.6	
88.6	89.3	
98.9	79.4	
77.7	79.6	
99.3	79.6	
87	79.4	
98.9	89.7	
98.9	89.7	
98.5	79.6	
98.9	89.7	
78.5	89.7	
99.3	89.7	
89.2	58.6	
89.2	89.7	
99.1	79.4	
99.1	79.4	
89	89.7	
99.1	79.6	
98.9	89.7	
99.3	69.5	
99.1	89.5	
98.9	89.7	
98.7	79.6	
89.4	89.7	
98.7	39.2	
98.1	89.5	
98.9	89.3	
99.1	89.7	
87.2	89.7	
99.3	79.6	
99.1	87.5	
79.3	79.4	
99.3	69.3	
78.5	79.2	
99.3	89.5	
98.9	88.9	
99.1	89.7	
99.1	79.4	
99.3	89.5	
99.1	89.7	
98.7	89.7	
99.3	99.6	
99.1	79.6	
89.2	89.7	
99.1	99.2	
99.1	79.4	
79.3	89.7	
99.1	89.1	
98.9	99.6	
98.9	89.7	
87.8	89.7	
99.1	99	
99.3	89.7	
99.3	89.7	
99.3	99.6	
78.5	79.6	
99.1	89.1	
89.2	89.7	
99.3	89.5	
99.1	89.7	
99.1	89.5	
99.3	89.7	
99.1	89.7	
99.1	89.7	
98.9	89.7	
98.5	89.7	
76.5	89.7	
99.1	89.7	
99.1	89.7	
99.3	99.6	
99.1	89.7	
78.9	79	
89.2	89.7	
89	89.5	
98.7	89.7	
99.1	89.7	
99.1	89.5	
99.3	99.4	
79.5	89.7	
89.2	79.4	
98.7	89.5	
99.3	79.6	
99.1	89.7	
99.1	89.7	
99.3	99.2	
99.3	98.4	
98.5	89.7	
99.1	79.6	
99.3	89.7	
89	89.7	
99.1	89.7	
98.9	89.5	
89	89.5	
98.9	89.7	
88.8	89.7	
89.2	89.7	
99.3	89.5	
99.3	89.7	
89	89.7	
89	89.7	
98.7	89.5	
98.1	89.7	
98.9	89.5	
98.9	89.3	
99.3	89.7	
99.3	79.2	
99.1	89.3	
98.9	89.7	
98.7	89.7	
89.2	89.7	
98.5	89.7	
99.1	69.5	
99.3	69.5	
99.3	89.7	
89.2	89.7	
99.1	89.7	
99.3	89.7	
89.2	89.7	
75.9	89.7	
99.1	89.7	
99.3	79.6	
99.3	79.4	
89.4	89.7	
99.1	89.7	
98.9	89.7	
99.3	89.7	
98.9	89.7	
99.3	89.7	
99.3	99.6	
88.6	89.7	
89.4	89.7	
99.1	89.7	
98.7	89.7	
99.1	88.9	
99.3	89.7	
89	89.5	
98.9	89.7	
99.3	89.7	
87.8	89.7	
99.3	89.7	
99.3	89.5	
98.9	89.7	
98.9	79.4	
89	89.7	
99.1	89.7	
99.3	89.5	
99.3	99.6	
98.3	78.8	
98.9	89.7	
99.1	79.6	
99.1	89.7	
