14.1	95.6	
88.8	88.9	
92.7	98.6	
95.1	97.6	
97.1	89.7	
97.3	88.9	
75.7	99.4	
98.7	89.7	
99.1	79.2	
99.1	99.2	
96.7	89.7	
89.4	89.7	
84	77.8	
78.1	99.6	
97.7	99.2	
88.6	98.2	
98.7	98.8	
98.1	89.7	
98.3	89.5	
99.1	89.7	
86.6	99.2	
99.1	99.4	
79.1	98.6	
77.3	79.4	
87.6	88.5	
98.7	89.1	
98.5	79.4	
98.3	98.6	
88.6	99.2	
99.1	78.8	
85.8	99	
85.6	99.6	
87.2	99.4	
87.8	88.7	
88.4	79.4	
88.4	68.9	
98.9	99.2	
98.3	99	
98.9	99.4	
77.5	89.5	
88	99.4	
98.3	79.4	
88.4	89.3	
87.8	79.4	
69.4	99.2	
48.6	98.6	
87.4	99.2	
88.2	99	
98.1	99.6	
77.1	99.2	
88	99.2	
86.4	97.6	
98.9	99.6	
98.9	99.2	
99.1	99.2	
99.1	99.4	
88	79.6	
78.5	99	
99.1	99.4	
98.5	99	
97.3	88.7	
98.3	98.6	
85.8	99.2	
98.5	89.5	
99.3	69.1	
46	99.4	
58.3	98.8	
99.1	99.4	
99.1	98.2	
98.3	99.6	
98.5	89.5	
99.1	99.4	
98.5	98.6	
99.3	99.2	
98.1	99.4	
89.2	89.1	
96.3	99	
97.5	88.9	
99.3	89.1	
99.1	98.2	
98.3	98.2	
98.5	98.6	
68.8	98.8	
99.3	97.4	
98.7	98	
99.3	99.4	
98.9	98.2	
98.3	89.3	
97.5	99.4	
97.5	99.4	
97.9	99.4	
99.1	99.4	
65.6	99.2	
97.7	88.7	
98.9	89.3	
99.3	89.3	
89	99.2	
98.1	99.4	
89.2	99.6	
98.5	98	
97.7	99.4	
95.7	98.8	
98.1	89.3	
97.7	99.2	
98.9	99.2	
97.1	98.8	
97.9	89.7	
98.7	99	
88.2	99.6	
75.5	99.4	
89	99.4	
69.4	99.4	
97.5	66.3	
98.9	99.2	
96.1	99.2	
98.1	99	
89	89.5	
66.6	99.6	
98.3	88.7	
88.4	98.8	
98.7	98.6	
88.4	97.8	
98.1	99.6	
98.7	99.6	
98.3	98.6	
98.7	99.6	
88.4	89.3	
98.7	99.2	
98.3	67.3	
98.1	78.6	
97.5	89.7	
99.3	89.1	
98.5	99.4	
98.7	89.1	
97.5	98.8	
98.9	99.2	
99.3	58.4	
98.9	99.4	
98.9	99	
98.1	78.8	
78.7	99.2	
86	78.8	
98.5	79.2	
99.1	99	
98.1	88.5	
85.4	99.2	
87	89.5	
97.7	98.6	
78.7	99.4	
98.3	98.8	
87.4	99.4	
98.7	88.5	
87.8	98.8	
98.1	89.1	
98.9	99	
99.1	78.6	
77.3	99	
99.1	98.8	
98.9	89.1	
99.3	89.5	
99.1	99.2	
68.4	99.4	
99.1	89.3	
98.7	89.7	
39.1	99.4	
98.5	79.2	
88.2	99.4	
98.7	99.4	
98.9	99.2	
98.7	89.3	
98.3	99.6	
68.8	99.6	
77.9	99.6	
97.9	89.1	
98.3	99	
99.1	89.1	
98.9	99.6	
98.5	99.6	
98.3	99.6	
89.2	99.4	
78.5	99.4	
99.1	99.6	
88.4	99.4	
86.8	99.6	
98.9	99.4	
89.4	99.6	
99.1	96.8	
97.5	99.6	
98.9	89.5	
99.1	99	
78.3	79.2	
98.9	89.1	
96.5	99.4	
99.1	89.5	
88.8	98.4	
88.8	98.6	
98.9	99	
98.7	99.6	
99.1	99.2	
98.5	99.4	
98.9	99.2	
99.1	99	
99.1	89.3	
98.7	89.3	
99.1	99.6	
98.5	99	
98.9	99.6	
98.9	99.6	
97.7	88.7	
78.5	99.6	
78.3	99.2	
87.8	88.9	
98.9	98.4	
89.2	99.6	
98.7	89.1	
98.9	99.4	
98.9	99.2	
88.8	98.6	
98.7	99.4	
98.7	99.6	
97.9	99.6	
96.9	99.6	
98.7	99.6	
97.1	99	
97.7	99.2	
99.1	99.6	
56.9	89.1	
99.1	99.4	
98.9	78.4	
99.3	98.8	
98.9	89.5	
99.1	99	
98.9	88.9	
98.7	79.4	
98.5	98.4	
99.3	77.4	
98.9	78.2	
89.2	99.6	
88.8	88.1	
98.3	98.8	
98.5	89.5	
97.5	99.6	
89	98.4	
97.9	69.5	
97.9	99.6	
98.9	99.4	
98.3	98.6	
98.5	99.4	
89	98.8	
99.3	99.4	
98.1	48.9	
99.3	89.1	
98.7	79.6	
88.8	89.7	
88.8	99	
89.4	89.3	
57.1	79.2	
98.1	99.2	
67.6	77.6	
97.3	98.8	
98.1	99.6	
98.1	99	
99.1	99.6	
98.5	78.8	
98.5	89.3	
67.2	99.4	
97.7	79	
67.8	89.1	
99.3	79	
78.7	99.6	
99.1	99.2	
89	99.4	
98.7	98.6	
98.7	99.4	
98.7	88.5	
97.3	99	
87.6	99.4	
97.9	98.8	
89.2	99.6	
78.3	79	
98.5	99	
89.4	99.6	
98.9	98.4	
99.1	99.4	
99.1	98.4	
99.3	88.9	
76.3	99	
97.9	99.4	
96.1	89.1	
99.1	99.2	
98.7	99.4	
88.8	99.6	
78.3	99.6	
98.7	89.1	
88.4	78.6	
77.7	89.3	
98.5	98.8	
99.1	98.8	
67.6	88.5	
99.3	99.2	
99.1	89.5	
98.1	99.4	
97.9	99	
78.9	89.5	
96.7	89.1	
98.3	99.6	
99.3	88.9	
99.1	98	
89	99.2	
99.3	99.2	
79.1	99.6	
88.8	99.6	
98.9	99.6	
57.5	99.6	
99.3	99	
98.9	99.4	
98.9	99.4	
88	99.6	
99.1	99.2	
99.1	99.4	
97.9	89.1	
98.3	99	
98.1	98.2	
88.8	99.4	
97.1	99.2	
99.1	89.5	
88.8	99.2	
99.1	99.6	
98.5	99.4	
88	89.7	
89.2	89.5	
98.7	89.5	
99.3	99.6	
68.6	89.5	
77.7	89.3	
68.8	98.8	
78.9	89.7	
87.2	89.3	
59.1	99.4	
99.1	89.3	
98.7	58.8	
98.5	89.5	
77.9	89.7	
97.1	99.6	
88.4	69.1	
99.1	88.9	
99.1	88.9	
47	99.6	
99.1	99.6	
78.3	89.7	
99.3	99.6	
98.5	49.1	
69.4	99.6	
99.3	88.9	
99.1	89.3	
88.4	89.7	
97.5	89.7	
69.2	99.2	
98.9	98.8	
89.2	88.7	
89.2	89.5	
99.1	79.4	
97.3	69.1	
76.9	68.9	
28.2	89.7	
68	99.2	
98.9	89.7	
98.9	69.1	
98.9	88.9	
98.7	89.5	
98.9	88.1	
98.9	99.6	
98.9	99.6	
99.1	79.2	
98.7	99.4	
99.1	98.8	
77.7	99.2	
77.1	99.6	
98.1	89.3	
99.3	99.6	
98.9	99.4	
98.5	98.8	
89	99.6	
98.1	98.4	
98.3	78.6	
83.2	36.2	
94.5	99	
96.7	97.8	
97.9	99.4	
98.9	99.6	
82.4	99.4	
99.3	88.9	
96.7	88.9	
97.9	89.3	
99.3	98.6	
76.7	89.7	
99.3	89.3	
99.3	98.6	
79.1	99.4	
78.3	48.3	
98.1	88.7	
98.9	98.8	
98.5	99.2	
98.3	99.2	
99.1	99.6	
79.5	99.6	
98.7	89.5	
99.3	99.6	
98.9	99.2	
98.9	98.6	
99.1	99.4	
96.9	99.2	
98.1	88.5	
99.3	99.6	
89.2	88.9	
87.8	98.2	
78.5	89.1	
77.7	99.6	
47.6	98.4	
98.7	99.2	
98.1	98.8	
99.3	99.4	
27.8	99.6	
79.1	99.6	
98.9	99	
98.5	99.6	
99.3	99	
87	89.7	
99.3	99.4	
87.8	89.1	
98.9	59	
96.5	99.4	
99.1	99.4	
94.5	99.2	
66.6	99.6	
99.1	99	
99.1	79.6	
88.8	58.8	
97.9	99.2	
98.3	99.2	
98.5	99.4	
98.3	88.5	
98.3	99.2	
48.8	99.4	
36.9	99.2	
88.4	89.7	
98.3	99.6	
99.3	98.8	
98.9	99.2	
99.1	89.7	
99.1	99.6	
89.2	97.8	
88.8	98.4	
97.5	99.6	
98.9	89.7	
99.3	99.4	
46.6	99.6	
97.9	98.8	
98.9	99	
98.9	99.2	
98.7	89.7	
98.7	89.5	
98.7	89.7	
97.1	99.6	
98.3	98.8	
98.3	98.8	
98.1	89.7	
47.8	99.4	
88.6	99	
88.8	99.4	
97.9	99	
98.3	99	
98.7	89.5	
96.5	79	
59.1	99.2	
98.7	89.1	
99.3	98.2	
97.7	98.8	
99.3	99.2	
98.7	98.4	
88.8	97.6	
98.7	98.8	
99.3	99.4	
87.2	99.4	
99.3	99.2	
98.5	87.5	
47.4	99.2	
98.9	89.1	
98.9	99.6	
99.1	87.7	
99.3	94.8	
99.1	99.6	
97.5	79.4	
98.7	88.9	
98.5	99.2	
85.6	89.1	
73.5	99.6	
55.1	99.4	
98.3	99	
96.7	99.2	
