94.1	77.2	
31.5	99.2	
96.7	99.2	
71.3	99.4	
97.7	99.6	
98.3	99.6	
98.7	99.6	
98.1	89.3	
99.1	89.7	
98.7	99.4	
99.1	89.7	
99.1	99.6	
99.1	99.2	
99.3	99.6	
98.9	99.6	
99.1	89.7	
78.9	99.6	
88.2	99.6	
99.3	99.6	
89	99.4	
89	99.4	
98.9	99.4	
98.5	99.6	
79.1	99.2	
99.1	99.4	
89	99.6	
99.3	98.8	
99.3	98.8	
99.3	99.6	
98.5	99.4	
98.9	99.6	
58.9	99.6	
98.7	99.6	
88.8	99.6	
88.6	99.6	
88.2	89.5	
99.3	99.6	
99.3	99.4	
99.3	99	
89.4	98.2	
99.3	99.6	
98.9	99.6	
99.3	99.6	
99.1	99.4	
98.7	99.4	
89	99.6	
99.3	99.4	
99.3	99.6	
98.9	99.6	
99.3	99.6	
99.3	99.6	
99.3	99.6	
89.2	99.6	
99.3	89.7	
99.1	99.2	
99.1	99.2	
99.1	89.7	
99.1	99.6	
99.3	89.5	
88.6	89.5	
88.6	89.7	
98.9	99.6	
99.3	99.6	
99.3	99.6	
89	89.7	
99.1	89.7	
99.1	99.6	
99.3	99.4	
99.1	99.6	
98.7	99.2	
99.3	99.6	
98.7	99.6	
98.9	89.7	
99.3	89.1	
98.5	99.4	
99.1	89.7	
99.1	99.6	
99.1	99.4	
98.9	99.6	
99.1	99.6	
98.1	99.6	
98.9	99.6	
99.3	99.2	
89	99.4	
99.1	99.4	
99.3	99.6	
99.1	99.6	
99.1	99.4	
99.1	99.4	
99.3	99.4	
89.4	88.9	
98.1	89.5	
99.3	99.6	
99.3	89.5	
99.1	99.4	
99.3	79.6	
99.3	89.7	
98.7	99.6	
99.1	89.7	
88.8	89.7	
98.9	99.6	
89.4	89.7	
99.3	99.2	
99.1	89.7	
89.2	99.6	
99.1	99.4	
98.9	99.6	
99.1	89.7	
79.3	99.4	
99.3	99.6	
99.1	99.2	
99.3	99.4	
99.3	99.4	
98.7	99.4	
99.1	99.6	
99.1	99.6	
99.3	99.6	
99.1	99.6	
89.2	99.4	
79.3	99.4	
98.9	99.2	
98.9	99.6	
89.4	89.7	
89.4	79.6	
79.3	89.7	
89.4	79.6	
89	99.2	
89.4	89.7	
89.2	89.7	
89.2	89.7	
99.1	99.4	
79.5	99.6	
98.7	99	
99.3	99.6	
99.3	99.2	
99.3	89.7	
99.3	89.7	
99.1	89.5	
98.7	89.7	
99.3	89.7	
99.3	89.7	
88.8	79.6	
89	79.6	
99.3	99.6	
99.1	99.6	
99.3	89.7	
99.3	89.1	
99.1	99.6	
99.1	99.4	
98.9	99.4	
88.6	89.5	
99.3	99.6	
99.3	99.6	
99.3	99.2	
99.1	99.2	
98.5	99.6	
98.5	99.4	
99.3	99.4	
98.7	89.5	
99.3	99.6	
88.8	99.6	
99.3	99.6	
99.1	99.4	
99.1	99.2	
89.2	99.6	
89	99.6	
99.1	99.4	
98.3	99.6	
99.1	99.4	
99.1	99.4	
97.7	99.6	
98.9	89.5	
99.1	79.6	
99.3	99.6	
89.2	99.6	
98.9	89.7	
98.5	99.6	
98.9	89.5	
99.1	99.4	
98.9	89.5	
99.3	89.7	
99.1	99.6	
99.3	89.3	
99.3	99.6	
99.3	99.4	
99.1	99.6	
98.9	99.6	
99.3	99	
99.1	99.4	
99.3	99.6	
99.3	99.6	
99.3	99.6	
88.6	99.6	
99.3	99.6	
99.1	99.2	
99.1	89.5	
89	89.7	
99.3	89.5	
99.3	89.7	
98.9	89.7	
99.3	89.7	
99.1	89.7	
99.3	89.3	
99.3	89.5	
99.3	89.7	
99.1	89.7	
99.1	99.6	
99.3	89.5	
99.3	99.6	
99.3	99.4	
99.1	89.7	
99.3	99.2	
99.3	99.6	
99.3	99.6	
99.3	99.6	
98.7	99.6	
99.1	99.6	
89.2	99.4	
99.3	99.4	
99.3	89.5	
89	99.2	
99.3	99.4	
98.9	99.4	
88.2	99.6	
89.2	99.6	
99.1	99.4	
99.3	99.6	
99.3	99.2	
98.7	99.6	
89.2	99.6	
99.3	89.7	
99.1	99.4	
98.7	89.7	
99.3	89.3	
98.3	99.6	
99.1	99.6	
98.9	99.6	
98.9	99.6	
99.3	99.6	
99.1	99.2	
99.3	99.6	
99.1	99.2	
99.1	99.6	
99.1	99.4	
98.7	99.4	
99.3	89.7	
89.4	89.5	
98.9	98.8	
98.9	99.6	
99.3	99.6	
99.3	99.4	
98.9	99.6	
99.3	99.4	
99.3	99.6	
99.1	99.6	
99.1	99.6	
98.9	99.6	
99.1	99.6	
98.7	99.6	
99.3	99.6	
98.7	99.6	
99.1	99.4	
99.1	99.6	
98.7	89.5	
99.1	89.7	
99.3	89.7	
98.9	99.6	
99.3	99.4	
99.3	99.6	
89.2	99.6	
98.9	99.6	
99.1	99.6	
99.3	99.6	
99.3	99.2	
99.1	99.6	
98.9	99.6	
99.1	99.2	
99.3	99.6	
99.3	99.6	
99.3	99.6	
99.3	99.2	
99.3	98.8	
99.3	99.6	
98.9	99.4	
99.1	89.5	
99.3	89.5	
99.1	89.7	
98.9	99.6	
99.3	99.6	
99.1	99.4	
99.3	99.6	
99.3	99.6	
99.1	89.5	
89.2	99.4	
89.2	99.6	
99.3	99.4	
88.4	89.5	
99.1	89.7	
99.3	89.7	
99.1	89.7	
99.3	89.7	
98.7	89.7	
99.3	79.6	
98.7	99.6	
68.4	89.5	
98.9	99.6	
99.1	99.6	
98.3	99.6	
99.3	99.6	
99.1	99.6	
98.9	99.6	
99.3	99.6	
99.3	89.7	
98.9	99.4	
98.7	99.6	
89.2	99.6	
99.3	89.7	
99.1	99.2	
99.1	99.6	
99.1	99.6	
99.3	99.2	
99.1	99.6	
99.1	89.5	
99.1	89.7	
98.7	99.4	
99.3	89.7	
99.1	89.7	
99.1	89.7	
99.3	89.7	
99.3	89.7	
99.3	89.7	
99.3	89.7	
98.9	79.6	
98.9	79.6	
98.9	89.5	
99.3	99.6	
99.1	89.7	
99.3	99.6	
88.8	99.6	
98.9	98.8	
99.3	99.6	
98.9	99.4	
99.3	99.6	
99.3	99.2	
99.3	99.6	
99.3	99.6	
99.1	99.4	
99.1	89.1	
98.9	89.7	
98.9	99.4	
98.7	89.5	
98.9	99.6	
98.7	99.2	
98.9	89.7	
99.3	89.7	
99.3	89.5	
99.3	79.6	
99.3	89.7	
99.1	89.7	
99.1	79.6	
98.7	89.5	
99.1	89.7	
99.1	89.5	
99.3	89.5	
99.1	99.6	
99.1	89.7	
88.8	89.5	
99.3	89.7	
99.3	89.5	
99.1	89.7	
99.3	89.5	
99.1	99.6	
99.1	99.6	
88	99.6	
99.3	99.6	
98.9	99.6	
98.5	99.4	
99.3	99.6	
99.3	99.6	
99.3	99.6	
99.3	99.6	
98.9	99.4	
98.7	99.6	
99.3	89.5	
99.3	99.6	
99.1	79.4	
99.3	99.6	
79.3	99.6	
98.3	99.6	
99.3	99.6	
99.3	89.3	
98.9	99.6	
98.3	99.6	
99.3	99.6	
99.3	89.3	
99.3	99.4	
99.1	99.6	
98.9	99.4	
99.3	89.7	
99.3	99.4	
99.1	99.4	
99.3	99.6	
99.1	99	
89	99.6	
99.3	99.6	
88.4	99.6	
99.1	99.4	
99.3	99.2	
88.4	99.6	
99.1	99.2	
99.3	89.5	
99.3	99.6	
98.5	99.6	
99.3	99.6	
98.9	99.6	
99.3	99.6	
99.3	99.2	
89.2	99.4	
99.3	99.6	
99.3	89.5	
98.9	89.5	
99.1	99.4	
99.1	99.4	
99.3	99.6	
99.3	99.6	
98.9	89.3	
99.1	89.7	
99.3	89.5	
99.1	89.7	
89.2	89.5	
99.1	79.6	
99.3	89.5	
99.3	89.7	
99.1	89.5	
99.3	89.7	
98.9	69.3	
99.1	89.7	
98.3	99.4	
99.3	99.6	
99.1	99.6	
77.9	99.6	
99.3	89.1	
99.1	99.6	
98.9	99.6	
99.1	99.2	
89.2	89.7	
99.3	99.6	
99.3	99.4	
99.1	99.6	
98.9	99.2	
98.7	99.6	
99.3	99.4	
99.1	99	
98.9	99.6	
88.6	99.4	
97.9	99.6	
99.3	99	
99.3	99.6	
98.3	99.6	
88.4	99.2	
98.9	89.7	
97.3	89.1	
88.2	99.6	
89.2	99.4	
89.2	99.6	
99.3	88.7	
99.1	89.1	
99.1	99.4	
98.9	99.6	
99.1	99.6	
99.1	99.6	
99.3	99.6	
99.3	99.2	
99.1	99.6	
99.1	99.6	
99.3	99	
99.3	99.4	
99.3	99.6	
88.8	99.4	
89	99.4	
99.3	99.2	
98.3	99.6	
98.9	99.6	
99.1	99.6	
99.1	99.4	
99.1	99.4	
99.1	99.2	
89.4	99.4	
99.1	99.4	
98.9	99.6	
88.8	99.2	
89.2	89.5	
98.7	99.6	
98.9	99.6	
98.3	99.6	
89.4	99.6	
98.7	99.2	
99.1	99.4	
99.3	99.6	
98.5	99.6	
