95.3	98.4	
63.6	89.7	
68.2	89.5	
64.8	79	
51.9	89.7	
99.1	88.3	
99.3	92.2	
98.9	89.7	
98.9	89.7	
98.7	99.6	
88.4	89.5	
98.9	99.2	
98.7	99.6	
57.1	89.7	
86.6	89.7	
98.5	89.7	
99.1	89.3	
98.7	79.4	
98.5	88.9	
98.5	89.5	
98.9	89.7	
99.3	79.4	
98.9	99.6	
99.1	89.7	
99.1	89.7	
88.2	78.8	
99.3	89.1	
98.9	99.4	
99.1	89.3	
98.9	89.7	
99.3	99.4	
98.9	89.7	
88.8	89.7	
98.7	89.7	
98.3	89.7	
87.6	89.7	
99.1	79.6	
99.1	99.6	
99.3	79.4	
99.1	89.7	
99.3	89.7	
99.3	79.4	
97.7	99.6	
98.7	99.4	
99.3	99	
98.9	89.1	
98.9	99.6	
99.3	99.6	
99.1	98.2	
97.7	89.5	
99.1	99.4	
99.1	99.6	
98.9	99.2	
98.9	99.4	
97.9	99.6	
67.6	98.2	
98.9	89.5	
98.7	99.4	
98.5	99.4	
99.1	89.7	
99.3	89.3	
98.9	98.8	
99.3	99.6	
99.3	99	
98.9	89.3	
98.1	98.2	
98.7	99.6	
98.9	89.7	
99.1	89.7	
99.3	89.5	
98.7	99.6	
99.1	89.3	
97.7	99.6	
99.1	99.6	
98.7	99.4	
98.3	99	
58.5	99.2	
99.1	99.4	
99.1	99	
98.5	99.6	
99.3	89.7	
99.3	99.4	
99.1	68.9	
98.7	99.2	
54.5	99.4	
98.7	89.5	
86.2	99.6	
99.1	99.4	
99.1	99.2	
98.1	88.9	
98.7	89.7	
98.3	89.7	
98.7	89.7	
98.5	79.6	
97.5	79	
99.1	89.3	
98.9	89.7	
98.7	89.1	
99.3	99.6	
79.3	99.2	
98.1	99.4	
98.5	89.5	
98.9	99.4	
99.1	99.6	
97.9	99.2	
96.9	99.6	
99.1	99.6	
98.5	99.4	
98.9	99.4	
98.9	99.4	
98.1	99.4	
99.3	99.6	
99.3	99.2	
98.7	99.4	
98.9	79.4	
98.9	99.6	
98.5	89.5	
98.9	99.2	
99.3	99.6	
98.9	99.4	
97.3	99.4	
99.3	99.4	
99.1	99	
98.5	89.3	
98.3	99.6	
99.1	99.4	
97.3	99.2	
98.7	89.7	
87.8	99.6	
99.1	88.7	
88.2	99.6	
89	99.2	
99.1	99.6	
99.3	98.6	
99.1	98.8	
89	99.6	
89.4	99.6	
99.3	99.2	
98.5	89.3	
78.3	89.5	
89.2	89.7	
99.1	99.4	
99.1	89.7	
98.5	89.3	
99.1	99.2	
98.3	99.2	
98.9	99.6	
99.3	99.6	
99.3	99.6	
98.9	99.6	
98.5	89.7	
87.8	99.2	
97.7	99.4	
99.1	99.6	
99.1	99.6	
99.1	99	
97.9	89.7	
97.3	98.8	
98.7	99.2	
98.9	99	
99.3	98.8	
99.3	99.6	
99.1	99.6	
99.3	99	
99.1	89.1	
98.9	98.8	
98.3	99.6	
98.9	99.6	
98.5	89.3	
99.3	99.2	
99.1	89.7	
99.3	89.5	
99.1	99.6	
98.9	89.7	
99.3	99.2	
99.1	99.2	
98.9	99.4	
98.9	99.4	
98.9	99.4	
99.1	99.6	
98.9	99.2	
98.7	69.1	
98.9	89.7	
99.1	89.7	
98.9	99.6	
98.3	99.6	
95.7	89.7	
99.3	99.6	
99.3	99.6	
98.7	89.7	
99.1	99.4	
97.7	89.7	
98.5	99.4	
98.9	89.5	
99.3	89.5	
98.9	89.5	
98.9	99.6	
99.1	89.7	
99.3	89.7	
99.1	89.5	
98.1	89.7	
98.7	89.7	
67.4	99.6	
88.8	99.6	
99.3	99.6	
96.5	98.4	
98.7	99.4	
99.3	89.1	
98.9	99.4	
99.3	99.2	
99.1	89.1	
98.7	99.6	
99.3	99	
98.9	99.6	
98.7	99.4	
97.7	79.6	
98.1	99.6	
98.9	98.6	
99.3	99.6	
99.3	99.6	
99.1	99.4	
98.7	99.4	
98.3	99.2	
98.1	98.8	
98.7	89.5	
98.9	99.6	
98.9	89.7	
98.9	99.2	
99.3	89.5	
97.7	99.4	
99.3	89.5	
99.3	99.4	
99.1	99.6	
98.9	89.1	
88.2	79.6	
99.3	99.6	
98.7	89.3	
98.1	99.6	
99.3	99.6	
88.4	99.4	
99.1	99.6	
78.1	99.6	
98.1	89.7	
98.7	99.6	
98.7	89.7	
99.3	99.6	
98.7	99.6	
98.7	98.4	
98.9	88.5	
98.5	69.1	
98.1	88.3	
99.3	89.7	
98.7	99	
98.7	89.7	
88.6	79.2	
79.1	89.5	
99.3	89.7	
99.1	99.4	
88.6	89.3	
89	89.7	
99.3	89.7	
99.1	99	
99.1	89.7	
89.4	79.4	
98.9	59.2	
98.7	89.3	
98.9	99.4	
98.9	88.9	
99.3	99.6	
98.7	98.6	
97.1	99.4	
98.7	99.4	
78.3	99.6	
99.3	98.8	
98.9	99.4	
98.9	99.6	
98.9	99.6	
98.7	99.4	
98.7	99.4	
98.9	89.3	
87.6	98	
99.3	99.2	
98.5	99.6	
98.7	99.4	
97.5	99.2	
99.1	99.2	
98.7	89.7	
98.7	99.6	
98.9	99.2	
98.7	99.6	
98.7	99.2	
96.5	99	
98.9	99.4	
98.9	99.4	
88.2	99.6	
99.3	89.3	
98.1	89.7	
98.7	89.5	
99.1	99.4	
99.1	89.7	
98.1	99.2	
88.2	99.6	
98.1	99.2	
98.9	99.6	
99.1	99	
98.5	99.6	
98.7	98.6	
99.3	99.4	
98.7	99.6	
98.7	99.2	
99.1	99.6	
98.3	99.2	
98.5	99	
98.9	99.4	
98.7	99.2	
99.3	89.5	
98.7	99.4	
98.3	99.6	
98.5	99.6	
88.6	99.4	
99.1	99.4	
99.1	99	
99.1	98.8	
98.9	99.4	
98.9	89.5	
98.9	99.6	
78.1	99.2	
99.1	69.3	
99.3	89.1	
99.1	99.6	
99.1	98.6	
99.3	99.6	
98.5	89.3	
89.2	79.6	
99.3	89.7	
99.3	99.6	
99.3	99.6	
99.1	89.1	
99.1	98.8	
99.3	99.6	
99.3	99.2	
98.5	87.5	
98.9	99.6	
88.8	99.6	
78.5	89.5	
99.3	99.6	
99.3	89.5	
98.5	99.4	
99.1	99.4	
99.3	99.2	
98.7	99.4	
98.5	99.4	
67.4	89.5	
99.1	97.4	
98.7	99.4	
99.3	99.2	
99.1	99	
77.9	98.6	
97.7	89.5	
89	89.3	
99.3	99.4	
98.9	89.3	
99.3	97.8	
98.5	79.6	
89.2	99.6	
98.9	99.2	
89.2	99	
89	89.7	
98.9	98.8	
98.9	99.4	
98.1	99.6	
89.2	99.4	
99.1	98.8	
99.3	99.4	
98.9	99.4	
87.6	98.8	
78.5	99	
98.9	99.4	
99.1	99.4	
99.3	99.4	
98.7	99	
99.1	99.4	
99.1	88.9	
98.9	89.5	
99.1	98.8	
98.9	99.4	
99.3	89.3	
98.3	89.7	
99.1	79.4	
98.7	79	
98.9	99	
99.3	88.9	
99.1	99.6	
99.3	99.6	
98.7	99.6	
98.7	99.4	
98.7	99.6	
98.5	89.5	
88.4	89.3	
99.3	99.4	
99.1	79.6	
98.9	89.7	
98.3	99.6	
98.7	99.6	
87.8	79	
98.9	89.7	
98.9	89.3	
99.1	99.6	
99.1	99.6	
98.9	99.2	
99.3	89.7	
99.1	89.7	
99.3	89.7	
98.9	99.6	
99.1	89.5	
99.3	89.7	
88.6	99.6	
98.3	98.4	
88.6	99.6	
79.1	99.6	
99.1	99.4	
99.3	99.6	
98.9	99	
99.1	89.1	
98.9	89.1	
99.3	89.5	
98.9	89.7	
99.1	98.6	
98.7	99.6	
98.9	99.2	
99.3	99.6	
99.1	89.7	
99.1	89.5	
99.3	98.8	
78.1	78.4	
98.9	99.6	
98.9	89.3	
99.1	99	
99.1	89.7	
89.4	99.6	
99.3	89.3	
99.1	89.7	
98.5	99.6	
78.7	89.3	
78.9	99.4	
98.7	89.3	
88.6	89.7	
98.9	89.3	
98.7	89.7	
98.9	69.3	
98.9	89.7	
99.3	89.1	
98.7	99.6	
98.7	89.1	
98.7	89.7	
98.9	99.6	
98.1	89.7	
99.1	89.7	
99.3	79.2	
99.1	98.8	
98.1	98.6	
98.5	89.5	
98.5	79	
98.9	89.7	
88.8	89.3	
98.9	79.2	
98.9	99.4	
98.9	98.8	
98.7	99.2	
98.5	99.6	
99.3	88.9	
99.1	99.6	
88.6	78.8	
99.1	99.4	
99.1	99.2	
98.3	89.7	
99.1	99.4	
99.1	99.6	
99.1	99	
99.1	89.3	
98.5	88.1	
98.7	99.6	
99.3	99.2	
99.3	99.4	
98.9	99.6	
98.9	99.6	
98.9	99.6	
99.3	88.9	
98.1	99.6	
99.1	99	
98.3	99.6	
99.3	99.4	
99.3	87.9	
99.1	89.3	
88.6	99	
99.3	99.6	
99.1	89.5	
89.2	99.6	
99.3	99.4	
99.1	99.4	
