85.8	89.7	
5.9	79.5	
94.3	89.7	
98.3	89.7	
77.9	89.7	
96.5	89.1	
98.9	89.7	
98.9	79.6	
99.3	79.6	
95.3	89.7	
98.3	89.7	
99.1	89.7	
98.5	89.7	
99.1	89.7	
99.1	89.7	
99.3	89.7	
99.3	89.7	
99.1	89.3	
99.3	89.7	
99.3	89.7	
99.3	89.7	
98.5	89.7	
99.3	89.7	
99.1	89.7	
98.9	99.6	
99.3	89.7	
99.3	79.6	
98.9	79.6	
99.1	89.7	
99.3	89.7	
87.4	79.6	
99.3	89.5	
99.3	89.7	
99.3	99.6	
99.3	99.4	
99.1	89.5	
99.3	89.7	
99.3	88.9	
99.3	89.7	
99.1	89.7	
89.2	89.7	
89.2	89.5	
88.6	89.7	
99.1	89.7	
99.1	89.7	
99.3	99.6	
99.3	89.7	
99.1	89.5	
99.3	79.4	
99.3	89.7	
99.3	89.7	
98.9	89.7	
99.1	89.7	
99.1	89.7	
99.3	79.6	
99.3	89.5	
99.3	89.7	
99.3	89.7	
99.3	89.5	
99.3	89.7	
99.1	89.5	
98.3	89.5	
89	89.5	
99.1	89.7	
99.1	89.7	
99.3	89.7	
99.1	89.7	
99.1	89.7	
99.1	89.7	
99.3	89.7	
99.1	89.3	
98.9	89.7	
97.7	79.6	
88.8	89.7	
99.3	88.9	
88.8	99.6	
99.1	89.7	
99.3	89.7	
99.3	89.5	
99.3	89.7	
98.9	89.7	
89.2	89.7	
98.1	89.5	
99.1	89.5	
98.5	89.7	
99.3	99.6	
99.1	89.7	
98.7	89.7	
99.3	89.5	
99.1	89.7	
99.3	89.7	
99.3	99.4	
99.1	99.4	
99.1	99.6	
98.9	89.7	
99.1	89.7	
99.3	89.7	
89.2	89.7	
99.3	89.7	
99.3	89.7	
98.7	89.7	
98.9	89.7	
99.1	89.7	
98.7	89.7	
99.3	89.7	
99.1	89.7	
98.9	89.7	
99.1	89.7	
99.3	89.7	
99.3	89.5	
99.3	89.7	
98.9	89.7	
99.1	89.7	
99.1	89.7	
99.1	89.5	
99.3	89.7	
99.1	89.7	
89.2	89.7	
98.9	89.7	
99.3	89.7	
88.6	79.6	
99.3	89.7	
98.9	89.7	
98.7	89.7	
99.3	89.7	
99.1	89.7	
98.9	99.6	
99.1	89.7	
99.3	89.7	
99.3	89.5	
99.1	89.7	
99.1	89.7	
99.3	99.6	
99.3	89.7	
98.5	89.7	
99.3	79.2	
98.7	79.6	
98.7	89.7	
99.1	89.7	
99.3	99.6	
98.9	89.7	
99.1	89.7	
99.1	89.7	
99.3	89.7	
99.3	89.7	
99.3	89.7	
99.1	89.5	
99.3	89.7	
98.9	89.7	
98.9	89.7	
99.1	89.7	
98.9	89.7	
99.1	79.6	
98.9	89.7	
99.3	89.7	
89.2	89.5	
99.3	89.7	
99.3	89.7	
99.1	89.7	
99.3	89.7	
99.3	89.5	
99.1	89.7	
99.3	89.7	
99.3	99.6	
98.9	99.6	
99.1	89.7	
99.1	89.5	
99.3	89.5	
98.9	89.7	
99.1	89.7	
98.3	99.6	
99.3	89.7	
99.3	89.7	
98.7	89.7	
98.9	89.7	
99.1	89.5	
98.7	89.5	
99.3	89.7	
98.7	99.6	
99.3	89.7	
99.3	79.6	
99.3	89.7	
99.3	89.7	
99.1	89.7	
99.1	89.5	
99.3	89.7	
98.9	89.7	
98.9	89.5	
99.3	89.7	
99.1	89.7	
99.3	89.7	
99.1	89.7	
99.1	89.5	
99.3	89.7	
98.9	89.7	
99.3	89.3	
99.3	89.7	
99.3	89.7	
99.3	89.7	
99.1	89.7	
99.3	89.5	
99.3	99.6	
99.1	89.7	
99.1	89.7	
99.1	89.7	
98.9	89.7	
99.3	89.7	
98.1	89.7	
99.3	89.7	
99.1	89.7	
99.3	79.6	
99.3	89.7	
98.9	89.7	
98.7	89.7	
98.9	89.5	
99.1	89.7	
98.9	89.7	
99.3	89.7	
99.1	89.1	
99.3	79.6	
99.1	89.7	
98.9	89.7	
99.3	89.7	
99.3	89.7	
99.3	89.7	
99.1	89.5	
99.1	89.7	
99.1	89.7	
99.3	89.3	
89.2	89.7	
98.9	99.6	
99.3	89.5	
98.7	89.7	
98.9	89.7	
99.3	89.7	
99.1	89.7	
99.3	89.7	
99.1	89.5	
99.3	89.7	
99.3	89.7	
99.3	89.7	
99.3	89.7	
99.1	89.7	
99.1	99.6	
99.3	89.7	
99.3	99.6	
99.3	89.7	
98.9	89.7	
99.3	89.7	
99.3	89.7	
99.3	89.7	
99.1	89.7	
89.2	79.6	
99.3	89.3	
99.3	89.7	
99.3	89.7	
99.3	89.7	
79.3	89.7	
99.3	99.6	
99.3	98.2	
89.4	89.7	
99.1	89.7	
99.3	89.7	
99.1	89.5	
99.3	79.6	
99.1	79.6	
99.3	89.7	
99.3	89.7	
99.3	89.7	
99.3	89.7	
99.1	89.7	
99.3	89.7	
99.1	89.7	
99.3	89.5	
99.1	79.6	
98.7	89.7	
99.1	89.7	
99.3	89.7	
99.3	99.6	
99.3	89.5	
99.1	89.7	
99.3	79.4	
98.7	89.7	
99.1	79.2	
99.1	89.1	
99.3	99.6	
99.3	99.6	
99.3	99.6	
99.3	99.6	
99.3	98.8	
99.3	99.6	
99.3	99.4	
99.3	99.6	
99.3	99.6	
99.1	99.4	
99.1	99.4	
99.1	99.6	
99.3	99.6	
99.3	99.6	
99.1	99	
99.3	99.6	
99.1	99	
99.3	99.6	
98.3	99.6	
99.3	99.6	
99.3	99.6	
99.1	99.2	
99.3	99.4	
99.1	99.6	
99.3	99.6	
99.3	98.8	
99.3	89.7	
99.3	89.5	
99.3	99.4	
99.3	99.6	
99.3	99.4	
99.1	99.6	
99.1	99.6	
99.3	99.4	
98.5	99.6	
99.3	99.6	
99.1	99.6	
99.3	99.6	
99.1	99.6	
89.4	99.4	
99.3	99.4	
99.1	99.6	
99.3	99.6	
99.1	99.6	
98.7	89.3	
99.3	99.6	
99.1	99.6	
99.1	99.4	
99.3	99.6	
99.3	89.5	
99.3	99.6	
99.3	99.6	
99.1	99.6	
99.3	99.4	
99.1	99.6	
89.2	89.5	
99.3	89.7	
99.1	99.6	
99.3	99.4	
99.3	99.6	
98.9	99.6	
89.4	99.6	
99.1	99.4	
98.7	99.6	
99.1	99.6	
99.3	99.6	
99.3	99.4	
99.3	99.4	
99.3	99.6	
99.3	99.6	
99.3	99.4	
99.1	99.6	
99.1	99.6	
99.1	99.4	
99.3	89.7	
98.7	99.4	
99.3	99.6	
99.3	99.6	
98.5	89.5	
99.3	99.6	
99.3	99.6	
99.1	99.4	
99.3	99.6	
99.3	99.2	
99.3	89.3	
99.3	99.6	
99.3	99.6	
98.7	99.2	
99.1	99.6	
99.3	99.2	
99.3	99.6	
99.1	99.6	
98.9	99.6	
99.3	99.6	
99.3	99.6	
98.7	99.4	
99.3	99.6	
99.1	99.6	
98.9	98.8	
99.3	99.6	
99.3	99.6	
99.1	99.6	
99.1	99.4	
99.1	99.6	
99.1	99.6	
99.1	98.8	
98.9	99.6	
99.1	99.6	
99.1	99.2	
99.1	99.6	
98.9	99.6	
99.3	99	
99.1	89.3	
99.1	99.6	
99.3	99.6	
98.9	99.6	
99.1	98.8	
98.7	99.6	
99.1	99.6	
98.5	99.6	
99.3	99.4	
99.1	99.6	
98.9	99.6	
99.1	99.6	
99.3	78.6	
98.9	99.6	
99.1	99.6	
99.3	89.5	
99.3	99.4	
98.9	99.6	
99.3	89.7	
99.3	99.2	
89	99.6	
99.3	99.6	
99.3	99.6	
98.9	99.6	
99.1	99.6	
99.3	68.9	
99.3	99.2	
99.3	99.4	
99.1	99.6	
99.1	99.6	
99.3	99.6	
99.3	99.6	
98.7	89.7	
99.3	99.4	
99.3	99.4	
99.3	99.4	
99.3	99.2	
99.1	99.6	
99.3	99.4	
99.3	99.6	
99.3	99.6	
99.3	99.2	
98.7	99.6	
99.3	99.6	
99.3	99.6	
99.3	99.6	
99.3	99.6	
99.1	99.6	
99.3	99.6	
98.7	89.3	
99.3	99.6	
99.1	99.6	
99.1	99.6	
99.1	99.6	
99.3	99.6	
99.3	99.6	
99.3	99.6	
98.7	99.6	
98.9	99	
99.3	99.6	
99.1	89.5	
99.1	99.4	
99.3	99.6	
99.3	99.6	
99.3	99.4	
99.3	99.6	
99.3	99.4	
99.3	89.5	
99.1	99.6	
99.3	99.6	
98.7	99.6	
99.3	99.6	
98.9	99.4	
98.9	99.6	
99.3	99.4	
99.1	99.2	
99.3	99.4	
99.1	99.4	
98.9	99.6	
98.9	89.5	
99.1	99.6	
99.3	99.6	
99.3	99.6	
99.3	99.6	
99.3	99.6	
99.3	99.6	
98.9	99.6	
99.3	99.4	
99.3	99.6	
99.3	99.6	
99.1	99.6	
99.1	99.4	
99.3	99.6	
99.1	99.6	
99.3	99.6	
99.1	99.6	
99.3	99.2	
99.3	99.2	
99.1	79.4	
99.1	99.6	
98.9	99.6	
99.3	99.6	
99.3	99.6	
