58.5	89.5	
85	79.6	
85.8	89.3	
98.7	79.6	
97.3	89.7	
53.5	89.5	
98.9	89.7	
88	89.5	
84.4	89.5	
89	79.6	
98.7	79.6	
86.6	89.7	
99.3	89.7	
97.9	89.7	
98.5	89.7	
93.3	89.7	
99.1	89.7	
97.9	79.4	
78.9	89.5	
71.1	84.3	
87.4	89.7	
97.9	79.6	
96.3	89.5	
99.3	79.6	
65.8	89.5	
89	79.6	
89.2	89.3	
97.9	89.7	
89	89.5	
98.5	89.5	
88.8	77.6	
99.3	89.7	
86.4	89.7	
98.5	89.5	
97.5	89.7	
98.7	89.7	
98.9	89.7	
96.7	80.9	
99.3	79.6	
98.9	89.7	
98.7	89.7	
98.3	89.3	
97.7	89.7	
99.1	89.5	
66.6	89.7	
97.7	89.7	
98.9	89.3	
98.7	79.6	
98.7	88.5	
99.1	89.3	
99.3	89.7	
99.3	79.6	
99.1	68.7	
98.7	75.9	
87.2	69.5	
99.1	89.7	
98.3	88.9	
98.7	79.4	
99.3	89.5	
98.7	89.7	
99.3	79.6	
99.1	89.7	
99.3	89.5	
99.3	89.7	
99.3	89.5	
98.7	81.9	
98.9	79.2	
98.9	89.7	
98.7	89.7	
98.9	89.7	
99.1	89.7	
98.5	89.7	
99.1	89.7	
99.3	89.7	
99.1	89.7	
98.7	89.3	
89.2	87.1	
99.3	89.3	
98.7	79.6	
98.9	89.3	
98.9	79.4	
98.9	89.5	
98.9	89.5	
98.5	69.5	
98.9	89.5	
99.3	89.7	
98.7	87.3	
98.9	89.5	
88	89.7	
98.9	67.1	
87	85.9	
88.6	87.9	
98.7	89.7	
99.3	89.7	
99.3	89.7	
99.3	89.5	
99.1	59.4	
98.7	89.5	
98.9	88.7	
89.2	89.7	
27.4	89.5	
98.5	89.7	
98.9	79.2	
69	89.7	
99.3	89.7	
97.9	88.1	
88.8	76	
99.3	87.3	
89	89.7	
98.9	89.5	
99.1	77	
99.1	89.7	
98.9	89.7	
99.3	79.6	
99.3	89.5	
99.1	89.5	
98.7	59.2	
99.3	79.6	
97.9	89.7	
99.3	89.5	
98.5	89.5	
98.7	89.7	
98.5	89.3	
99.3	89.5	
99.3	89.7	
98.7	89.7	
98.7	89.5	
99.1	89.7	
99.3	89.7	
99.3	88.9	
99.1	89.7	
89	89.7	
99.3	89.7	
99.1	89.7	
99.3	79.6	
68.6	59	
99.1	79.2	
78.9	89.7	
88	89.3	
99.1	89.7	
68.2	89.5	
99.3	89.7	
98.9	89.7	
99.3	79.6	
98.7	89.5	
87.8	79.6	
98.5	79.4	
99.3	89.7	
99.3	89.3	
98.7	79.4	
99.3	59.4	
99.3	89.5	
99.1	89.5	
98.9	89.7	
98.9	89.7	
97.9	89.7	
98.7	79.2	
98.3	79.6	
99.1	89.7	
98.9	89.5	
98.9	89.7	
99.3	89.5	
99.3	89.5	
99.3	79.6	
99.3	89.5	
89.2	89.3	
99.1	49.3	
99.3	89.5	
99.1	89.5	
99.1	89.7	
98.5	89.7	
88.8	89.7	
99.1	89.5	
89.2	48.9	
99.1	89.5	
99.3	69.5	
99.3	58.4	
98.7	79.4	
98.9	89.7	
98.9	79.2	
99.3	89.5	
99.3	79.6	
99.1	89.7	
99.1	89.5	
98.3	89.5	
88.4	89.7	
99.3	79.4	
89	89.7	
88.8	89.5	
98.9	89.7	
99.1	79.6	
88.8	89.7	
99.1	89.3	
98.9	79.4	
89.2	78.6	
99.1	79.6	
99.3	69.5	
99.3	89.7	
98.7	89.7	
98.7	89.7	
99.3	89.7	
98.5	89.5	
98.7	79.6	
77.1	89.5	
99.3	89.7	
99.3	89.5	
99.3	89.7	
99.3	89.7	
99.1	79.6	
98.9	79.4	
99.1	89.7	
99.3	89.3	
89.2	89.5	
99.1	79	
99.3	79.6	
99.1	89.5	
98.5	89.5	
98.1	79.4	
99.1	89.3	
98.9	89.7	
99.3	89.7	
99.3	69.5	
99.3	79.4	
99.3	89.7	
99.1	89.7	
89	89.7	
99.1	89.5	
98.9	89.7	
86.8	89.5	
98.7	89.7	
88.8	89.7	
98.7	69.5	
99.3	89.7	
99.3	89.3	
98.9	59.4	
99.1	89.7	
99.1	69.3	
99.1	89.7	
98.7	89.7	
99.1	89.7	
99.3	89.7	
99.3	89.5	
99.3	89.3	
99.1	89.7	
99.1	89.3	
99.1	89.7	
99.1	89.7	
68.6	89.7	
98.9	89.5	
98.9	89.5	
98.7	89.7	
99.1	89.7	
98.7	79.2	
98.9	89.7	
99.3	89.7	
99.3	89.7	
98.3	89.7	
99.1	89.7	
98.5	89.5	
99.3	79.6	
99.1	89.5	
98.9	89.7	
99.3	89.7	
99.3	89.7	
98.7	89.7	
98.7	89.5	
98.5	89.7	
98.7	89.7	
99.3	89.1	
99.3	89.5	
99.1	89.5	
99.3	59	
99.1	89.7	
99.3	89.7	
98.7	89.5	
99.3	89.5	
99.3	89.7	
88.8	89.5	
99.3	88.9	
99.1	79.6	
98.9	89.7	
99.3	69.3	
99.1	89.7	
99.3	89.7	
98.7	89.7	
89	89.3	
89.2	89.1	
69	89.5	
98.7	89.7	
99.3	68.9	
99.3	89.7	
99.1	89.7	
99.3	89.7	
99.1	89.3	
99.1	89.5	
77.3	89.5	
99.3	89.5	
88.6	59	
99.3	89.5	
98.5	89.7	
98.7	79.4	
89	79.6	
99.1	89.5	
99.1	79.4	
98.7	69.3	
99.3	79.4	
99.3	79.6	
99.1	79.6	
99.3	89.5	
98.7	89.7	
99.1	79.6	
99.3	79.6	
99.3	89.7	
99.3	89.7	
98.7	89.7	
99.3	79.6	
98.9	79	
99.1	69.5	
89	89.7	
99.1	79.4	
89	89.7	
89	79.6	
99.3	89.7	
99.1	77.6	
99.3	69.5	
99.1	89.1	
99.1	89.5	
98.7	88.9	
99.1	89.7	
99.1	89.5	
98.9	89.5	
98.7	79.6	
99.3	79.6	
99.1	89.7	
99.3	88.5	
99.1	78.2	
99.3	89.7	
98.7	89.7	
99.1	89.7	
79.3	89.5	
99.1	89.7	
99.3	89.3	
99.3	89.7	
97.3	89.7	
99.1	89.5	
99.3	89.5	
98.7	89.5	
99.3	89.3	
99.1	89.3	
68.8	89.5	
98.9	89.7	
99.3	89.1	
99.3	89.3	
98.7	48.9	
99.3	89.7	
99.3	89.7	
99.3	59.2	
98.9	89.7	
98.9	89.7	
98.5	89.5	
98.9	89.7	
89	89.5	
99.3	89.7	
99.1	89.7	
99.1	89.5	
99.3	89.7	
99.3	79.6	
89.4	79.4	
98.7	89.7	
99.1	89.7	
98.9	89.5	
99.3	89.1	
99.3	69.5	
98.7	89.7	
98.9	89.7	
89	79.6	
98.7	68.7	
97.5	89.7	
99.1	89.7	
99.3	79.6	
98.9	79.6	
99.1	89.7	
99.1	89.7	
99.3	88.7	
99.3	79.4	
89	79.6	
99.1	89.7	
78.9	69.5	
99.1	89.7	
99.1	89.5	
98.9	89.7	
99.1	89.7	
89.2	89.7	
99.3	89.7	
99.3	89.7	
99.3	89.7	
98.9	89.5	
99.3	88.7	
99.1	89.5	
99.3	79.6	
99.1	79.6	
89.4	89.7	
99.1	58.8	
98.9	89.3	
99.3	89.7	
98.9	89.7	
89	89.7	
99.3	89.7	
99.3	79.4	
99.3	89.3	
99.3	89.7	
99.3	89.7	
87.4	89.7	
99.1	89.7	
99.3	89.7	
99.3	89.7	
98.9	89.7	
99.1	89.7	
99.1	89.5	
99.1	79.6	
88.8	99	
99.3	89.7	
98.9	89.7	
96.9	89.7	
98.7	79.6	
99.1	89.7	
99.3	79.6	
98.9	89.7	
98.7	79.6	
99.1	89.3	
99.1	89.7	
99.3	89.5	
99.3	79.2	
98.1	89.7	
99.1	89.3	
99.1	89.7	
98.7	79.6	
98.7	79.6	
99.1	89.5	
89.2	79.6	
99.3	89.7	
98.7	69.1	
99.1	89.7	
99.3	89.5	
99.3	89.7	
98.1	89.3	
98.9	79.6	
98.9	89.7	
88.8	89.7	
99.3	89.3	
98.9	89.5	
99.1	89.5	
99.3	89.7	
98.3	89.3	
98.9	79.6	
99.3	89.7	
89	89.5	
99.1	89.5	
98.7	89.7	
99.1	79.6	
99.3	89.5	
99.3	78.8	
98.9	88.9	
98.1	89.5	
99.1	59	
99.3	89.5	
98.7	89.5	
99.1	89.5	
99.3	89.3	
79.1	89.7	
99.3	89.7	
98.9	69.5	
99.1	79.4	
87.8	89.7	
99.1	89.7	
98.9	89.3	
99.1	79.2	
78.7	79.4	
99.3	89.5	
98.9	89.7	
98.5	89.5	
99.1	79.4	
99.3	69.3	
99.1	89.7	
97.7	89.5	
98.7	69.3	
99.1	79.6	
98.9	79.4	
99.3	69.5	
78.9	89.7	
99.1	89.5	
99.1	59.2	
98.9	89.7	
98.9	89.7	
99.1	89.7	
99.3	89.1	
99.3	89.5	
99.3	89.5	
99.3	89.7	
98.9	89.5	
