87.6	89.5	
69	99.6	
4.7	79.4	
98.3	98.2	
75.3	99.6	
97.3	99.4	
98.3	99	
99.3	99.4	
97.3	99	
77.9	88.9	
97.9	94.2	
74.7	98.2	
98.5	99.6	
96.9	99.4	
99.1	99	
98.7	99.6	
97.9	98.2	
99.1	99.6	
78.1	98	
98.5	98	
98.3	99.4	
99.1	99	
98.1	99	
97.1	98.8	
99.1	98.8	
99.3	88.1	
98.1	99	
97.3	98.6	
98.3	89.3	
99.3	99.6	
98.1	99.2	
98.9	98.8	
98.9	99	
86.6	99.2	
87.8	97.8	
99.3	89.1	
98.7	99.4	
98.9	99.6	
99.1	99	
98.9	89.5	
99.3	99.6	
97.1	78.2	
97.9	99.6	
98.5	99.4	
99.1	88.9	
67.2	89.7	
98.9	88.9	
98.7	88.7	
96.7	89.7	
97.1	79.6	
98.5	99.2	
96.9	99.6	
88.8	99.6	
99.1	99.4	
99.1	89.3	
98.3	98.4	
99.1	99.4	
98.1	99.2	
98.3	99.6	
78.1	99	
97.7	89.3	
99.1	99.4	
99.3	79	
97.5	99.6	
98.1	99.4	
99.3	89.5	
97.7	88.7	
78.7	99.4	
98.7	69.3	
98.5	79.6	
98.5	89.5	
98.9	99.6	
96.9	98.8	
98.5	99.6	
99.1	99	
98.7	88.3	
86.4	78	
98.3	99.6	
96.5	88.9	
98.5	99	
98.5	88.9	
99.1	99.4	
87.6	99.6	
98.5	89.5	
97.9	89.1	
98.5	99.6	
99.3	89.7	
98.5	89.7	
76.7	79.4	
88	99.4	
99.3	99.6	
98.5	99.6	
99.1	89.1	
99.1	99.2	
94.3	89.1	
99.1	89.1	
99.3	89.1	
98.5	99	
98.7	99.6	
99.1	98.8	
98.7	99.6	
99.3	98.6	
99.3	99	
98.9	99.2	
97.9	78.6	
98.7	99.2	
67.2	99.2	
98.7	99.2	
99.1	99.2	
99.3	99.2	
88.4	99	
98.7	89.3	
99.1	99.2	
98.5	99.6	
89.2	89.1	
98.3	99.4	
99.1	87.7	
87.8	89.3	
99.3	99.4	
99.3	99.6	
98.7	97.8	
99.1	99.6	
76.9	98.4	
87.2	89.5	
87.2	99.4	
98.7	89.5	
49	89.3	
98.9	97.8	
98.5	99.2	
88.6	99.6	
96.9	99.6	
88.4	99.6	
88.2	89.3	
88.6	98.4	
99.1	99.6	
98.5	89.7	
98.3	89.3	
99.3	99.4	
89.2	97.8	
88.6	99.6	
99.3	99.6	
78.5	99.2	
98.7	88.1	
89	99	
79.1	99	
97.7	99.4	
96.5	99.2	
99.1	99.6	
99.3	78.8	
98.9	99.6	
98.9	89.5	
97.3	99	
65	99	
97.9	99.6	
96.7	58.6	
97.7	99.4	
99.3	89.5	
99.1	99.6	
99.3	89.5	
99.1	99.4	
86.8	89.3	
98.9	99	
98.3	89.3	
98.9	99.4	
78.9	78.6	
98.9	99.6	
88.4	99.6	
68.4	99	
77.3	89.1	
87.8	89.5	
98.3	89.7	
96.9	99.6	
99.3	98.8	
98.3	89.1	
88.6	89.1	
99.1	89.3	
99.3	89.3	
98.9	99.2	
96.5	99.6	
99.1	99.6	
98.1	89.5	
98.9	99.4	
99.3	99.4	
98.9	89.7	
98.9	98.8	
88	99.2	
89	99.4	
99.1	99.4	
97.5	99.2	
98.5	89.3	
98.9	99.6	
99.3	89.7	
49	98.6	
89.2	99.6	
58.9	89.5	
99.1	99.6	
99.3	99	
98.9	98	
98.9	89.5	
98.7	89.3	
98.3	99.2	
99.1	89.5	
54.5	99.6	
89	99.6	
99.1	99.6	
99.3	89.7	
98.9	88.9	
98.9	88.5	
98.5	98.8	
98.3	99.6	
98.3	99.2	
98.9	79.2	
99.3	79	
88.4	89.1	
96.7	89.5	
99.1	99.4	
99.1	79.4	
98.5	99.4	
99.1	79.4	
99.1	99.4	
99.1	79.6	
98.9	99.4	
98.7	88.3	
98.7	99.6	
99.1	79.4	
98.7	99	
98.7	99.4	
68.8	99.6	
98.3	99	
98.5	98.4	
98.7	89.7	
78.1	99.2	
98.5	98.8	
98.9	88.9	
98.9	99.2	
99.1	99.4	
98.7	99.6	
99.1	89.7	
97.3	99.4	
98.9	99.2	
98.7	98.6	
89.2	99.4	
98.7	89.1	
99.3	89.7	
98.7	89.7	
97.9	89.3	
98.9	99.6	
98.7	87.9	
98.1	99.4	
98.9	89.5	
99.3	99.6	
99.1	89.3	
98.5	89.1	
98.9	98.8	
99.3	99	
58.1	99.4	
98.7	99.6	
98.3	89.5	
98.5	89.5	
98.9	99.6	
98.9	99.6	
98.9	89.5	
88.8	99.6	
88.8	99.4	
99.1	98.8	
98.7	99.6	
99.3	98.2	
98.9	99.4	
98.7	99.6	
98.3	99	
99.1	88.5	
89.4	99.6	
99.3	99.2	
98.5	89.1	
99.1	99.4	
99.3	89.7	
98.9	89.1	
89	88.9	
98.1	89.5	
78.9	89.5	
68.8	78	
98.9	99.6	
98.5	98.8	
98.7	89.5	
78.5	99	
98.7	88.5	
99.1	98.2	
98.5	99.2	
99.1	99.6	
98.9	79	
98.9	89.1	
99.1	99.6	
98.5	89.7	
99.1	98.4	
79.1	98.4	
99.1	99.4	
98.5	98.8	
98.9	99.6	
98.7	99.2	
88.8	99.6	
57.5	69.1	
97.9	88.3	
98.9	99.4	
59.3	99.4	
98.1	89.3	
78.7	98.8	
99.1	89.5	
88.2	99.6	
98.7	99.4	
98.9	99.6	
98.9	99.4	
99.3	99.4	
99.1	99.4	
89	88.9	
97.9	99.6	
98.7	99.2	
58.7	99	
98.5	99.6	
58.9	99.2	
99.3	89.7	
98.7	99.4	
98.7	99.2	
98.5	99.4	
98.9	89.7	
99.3	99.4	
87.2	99.2	
97.7	99.4	
97.9	99	
98.9	99.6	
98.9	89.3	
78.5	99.4	
98.9	99.4	
98.5	99.6	
98.3	99.4	
98.1	99.2	
98.5	99.4	
97.9	99.2	
98.7	89.3	
78.1	99.2	
69	99.2	
99.3	99.6	
98.9	98.2	
98.9	98	
78.5	99.4	
84.8	89.7	
97.3	99.4	
99.1	98.6	
98.9	89.7	
99.1	89.5	
99.1	99.4	
88.8	99.4	
98.7	89.3	
99.3	99.6	
98.3	68.7	
99.3	89.3	
97.1	98.8	
89.2	99.2	
98.5	87.1	
96.3	59.2	
98.3	99.6	
99.3	89.7	
98.5	99.6	
97.5	99	
98.9	99.6	
98.9	99.2	
99.3	99.6	
98.7	79.2	
98.1	99.6	
98.3	99	
98.5	99.6	
58.1	89.3	
98.3	86.5	
98.9	89.7	
99.3	79.6	
98.9	99.6	
98.1	99.4	
97.7	89.3	
96.1	89.7	
99.1	97.8	
88.8	99.6	
99.1	89.5	
98.7	98.6	
97.1	99.6	
98.7	68.7	
99.1	89.7	
99.1	98.4	
98.9	49.1	
98.9	99.4	
88.8	98	
98.3	89.7	
96.9	89.7	
99.3	89.5	
99.1	99.4	
98.9	89.1	
98.9	98.8	
98.5	79.6	
97.9	89.7	
98.5	89.7	
88.2	79	
99.3	89.3	
97.5	89.7	
97.9	89.7	
99.1	89.7	
98.7	89.5	
98.7	89.7	
99.3	89.1	
97.7	79.2	
98.3	89.5	
99.3	89.7	
98.9	79.6	
98.9	89.5	
98.9	89.3	
98.7	99	
98.5	98.6	
89	79.2	
77.5	78.4	
97.9	98.8	
87.6	89.1	
88.8	99.6	
98.7	89.5	
76.9	99.6	
98.9	99.6	
79.3	89.5	
89	89.5	
99.3	99.2	
99.1	99.2	
98.3	58.6	
98.3	89.7	
99.3	89.7	
98.3	89.7	
88.8	69.1	
99.1	99.6	
98.9	88.7	
88.6	99.2	
98.5	99	
99.3	89.5	
98.1	98.8	
98.9	98.8	
69.4	89.5	
99.1	88.7	
99.1	89.1	
89.4	89.3	
99.3	99.6	
88.6	99	
99.3	99.4	
98.3	99.4	
98.9	88.5	
99.3	98.8	
98.3	99.4	
99.1	79	
89.2	99.4	
99.1	99.4	
98.1	99.4	
98.9	99.4	
78.1	99.6	
99.3	99.2	
69	98.2	
98.7	99.4	
68.8	88.9	
88.2	99	
97.7	99.2	
99.3	99.6	
98.5	88.9	
68	99.6	
49.2	98	
88.4	89.7	
97.9	99.6	
58.9	98.4	
99.3	99.2	
98.3	99.2	
99.3	99.2	
98.3	79.2	
97.7	99.4	
88	99.4	
98.9	89.1	
99.3	89.5	
98.9	79	
58.1	99.4	
99.1	99.6	
98.7	99.6	
99.1	99.6	
99.3	99.6	
98.7	99.6	
98.9	99.4	
87.6	99.4	
99.1	89.5	
98.7	89.7	
98.9	99	
97.7	99.2	
98.3	99.6	
99.3	99.6	
98.5	99.6	
98.7	98	
98.3	99.4	
98.3	99.4	
97.5	99.4	
98.9	88.7	
99.1	99.4	
98.5	67.3	
98.3	99.2	
