58.1	86.3	
97.9	98.4	
48.9	89.5	
99.3	99.4	
84.8	88.3	
67.6	99.4	
98.7	99.2	
97.3	99.2	
99.1	99.4	
98.3	78.2	
88	96.4	
98.7	99.2	
97.1	97.6	
98.7	99.2	
98.1	99.6	
99.3	88.5	
98.7	97.2	
98.9	99.4	
98.9	79	
97.1	99.4	
97.7	86.9	
89	99.4	
99.1	97.6	
98.7	99.4	
77.5	98.2	
99.3	99	
96.9	99.6	
98.7	99.6	
98.5	99	
56.9	89.5	
78.9	89.3	
97.3	99.6	
95.3	98.4	
98.1	78.4	
69.4	88.5	
88.6	99.2	
98.3	89.3	
99.1	99.2	
99.1	99.4	
88.4	99.2	
88.4	78.6	
98.7	88.9	
97.7	98.8	
99.3	99	
99.3	89.3	
98.9	98.8	
98.9	98.6	
88.4	99.4	
99.3	99	
98.9	99.2	
98.1	99.6	
98.1	98.8	
97.1	99.4	
98.5	99.4	
99.3	88.3	
87.4	98	
77.7	98.2	
98.7	89.5	
98.7	79.4	
99.3	87.3	
98.7	99.6	
98.5	98.6	
98.3	78	
97.7	97.2	
98.3	98.2	
98.9	99.4	
98.7	98	
99.3	98.4	
98.7	99	
97.9	88.7	
98.3	99.4	
99.3	88.3	
78.5	88.1	
98.3	99.4	
97.9	98.8	
97.5	89.7	
98.3	99.6	
77.5	99.6	
87.4	98.8	
88.8	99.4	
98.9	99.2	
98.9	99	
97.1	99.4	
67.8	89.1	
99.3	99.6	
97.7	99.6	
97.7	99.4	
98.1	99.2	
98.9	98.8	
98.3	98.6	
76.5	99.6	
98.5	78.2	
98.5	98.6	
98.5	79	
97.5	99.6	
88.8	99.4	
96.9	89.1	
98.9	99.4	
99.1	88.9	
98.5	99.6	
97.7	99.6	
99.3	78.8	
88.6	99.6	
98.7	98.4	
98.7	99.2	
99.1	99.4	
57.7	99.6	
89	99.2	
98.5	99.6	
97.9	68.5	
98.7	98.8	
99.3	79	
98.5	99.2	
98.5	99.6	
57.7	78.4	
98.7	97.8	
67	99.6	
99.1	89.1	
78.5	78.8	
98.3	89.3	
99.1	99	
98.5	78.2	
97.5	99.6	
88.8	99.6	
98.7	99.6	
98.3	99	
78.5	98.8	
87.6	89.5	
98.3	99.6	
98.5	99.2	
98.9	99.4	
99.1	99.4	
99.1	99.2	
98.9	98.6	
76.5	98	
98.9	99.6	
88.6	98	
99.3	89.3	
98.1	89.7	
98.7	98.8	
98.9	89.1	
89	99	
97.5	99.6	
98.1	89.1	
98.9	78.6	
99.1	78.4	
46	99.4	
97.1	99.4	
98.7	98	
97.7	88.5	
89.2	89.1	
99.1	89.1	
98.7	99.6	
88.2	99.4	
99.1	99	
47.6	88.1	
98.7	89.5	
99.1	89.5	
98.3	99.4	
98.9	79.2	
77.1	98.2	
89	98.8	
68.8	99.6	
98.9	99	
99.1	99.4	
99.3	89.7	
99.1	99.2	
89.2	99.2	
98.5	78.2	
99.1	89.7	
98.9	99.2	
68.8	99.2	
58.7	99.6	
97.7	97.4	
98.3	99.2	
89	99.4	
98.3	89.3	
98.9	99.4	
88.4	99.4	
96.3	99.6	
98.7	99.6	
97.7	99.4	
99.1	99.2	
98.5	99.6	
99.3	98	
84.6	99.4	
98.1	99	
97.5	99.4	
87.8	99.4	
58.3	99.4	
88.4	99.6	
88	89.5	
98.9	87.7	
86.2	89.3	
97.9	99.2	
98.7	88.1	
99.1	99.4	
95.3	99.4	
99.1	99.2	
97.9	99.2	
98.3	89.7	
98.7	99.4	
98.7	99.6	
79.3	88.9	
98.9	99.4	
99.1	89.7	
99.1	98.4	
98.9	99.2	
69	98.6	
98.9	99.4	
98.3	99.2	
99.3	99.2	
98.5	99.2	
98.7	99.6	
88.6	99.6	
97.9	88.5	
7.4	99.6	
98.3	89.7	
97.9	99	
99.3	89.3	
99.1	99.4	
79.5	99.4	
98.9	99.2	
99.1	79.4	
77.5	89.7	
98.1	98.2	
98.7	89.5	
97.7	88.9	
98.5	99.6	
98.7	79.6	
99.3	99.2	
97.9	88.7	
98.9	99.6	
99.1	89.5	
98.9	99.6	
98.3	99.4	
97.3	88.1	
98.1	99	
88.6	87.7	
88.8	99.2	
98.9	99.2	
98.5	89.7	
99.1	99.4	
99.3	99.4	
99.1	89.3	
98.7	88.3	
99.3	99.4	
98.3	99	
89.2	88.7	
97.1	89.7	
98.3	98.6	
98.5	99.4	
88.8	99.2	
99.3	99.6	
98.9	89.7	
77.7	99.4	
89.2	99.2	
98.3	89.7	
98.7	99.2	
99.3	99.4	
99.1	99.6	
99.3	99.6	
99.1	99.4	
68.4	98.8	
99.3	98.6	
98.5	89.7	
98.3	99.4	
98.3	89.5	
98.5	99.6	
99.3	79.4	
98.9	89.7	
55.9	99.6	
99.3	89.7	
98.9	89.7	
89.2	89.3	
97.9	99.4	
99.1	99.6	
86.8	98.4	
98.1	89.7	
89.2	88.7	
99.3	89.7	
98.9	99.6	
98.7	89.5	
88.2	89.1	
97.5	89.3	
98.9	98.8	
58.5	99.6	
99.1	89.3	
98.9	87.1	
99.1	98.4	
98.7	99.4	
99.1	98.8	
98.3	98.6	
88.8	99.2	
99.1	79.4	
99.3	99.4	
98.7	89.3	
99.1	99.2	
88.2	99	
98.5	88.9	
96.7	99	
47	99.4	
98.9	99	
98.3	99.6	
97.1	68.9	
98.9	99.6	
98.7	98.6	
98.7	99.2	
97.7	99	
97.5	99.2	
87.4	99	
98.9	99.6	
98.7	88.7	
88.6	79.6	
98.9	89.5	
89	99.6	
99.3	88.9	
98.3	98	
98.9	78.8	
89	97.8	
67.4	89.5	
98.5	98.2	
88.6	99.4	
98.5	89.1	
88.4	99.4	
68.8	89.5	
99.1	99.2	
87.8	88.7	
98.5	98.6	
88.6	88.9	
97.7	78.4	
97.9	99.4	
98.1	99.6	
99.1	99.6	
98.9	99.4	
89.4	88.9	
98.3	99.6	
99.1	79.4	
88.6	89.3	
48.6	99.4	
98.7	99.2	
99.1	99.6	
88.8	99.6	
89.2	99.4	
98.7	89.5	
98.9	99.6	
98.7	68.7	
97.3	99.4	
98.5	87.3	
98.5	87.9	
88	89.5	
98.3	99.4	
89	87.5	
98.9	89.5	
98.3	79.4	
97.9	99.4	
98.1	79	
98.7	88.7	
89.2	99.6	
98.9	99.4	
98.9	58.8	
99.3	98.4	
89	99.4	
99.3	88.7	
98.5	89.7	
88.4	99.2	
98.5	98.8	
98.5	89.7	
98.9	99.4	
99.1	99	
99.1	99.2	
78.3	89.5	
98.9	89.5	
98.1	99.2	
98.9	79.4	
97.7	99.4	
97.5	99.6	
57.3	99.6	
98.3	89.5	
97.5	79.6	
98.1	99.2	
99.1	89.7	
98.5	99.6	
88.8	89.3	
98.5	99.6	
87.6	79.4	
76.7	99	
99.3	79.4	
78.9	99.6	
68	99.2	
98.9	99.2	
98.9	79.6	
99.1	79.2	
98.7	99.4	
99.3	69.3	
89.2	99.2	
87.6	99.6	
88.8	79.4	
98.7	99.2	
98.9	99.6	
98.5	99.4	
77.1	99.2	
96.3	99.6	
79.1	98.4	
98.7	88.9	
87.6	98.8	
99.1	99.6	
98.9	88.3	
98.1	89.5	
87.6	99.6	
99.1	99.6	
67.6	99.6	
67.6	99.2	
89	99.6	
99.3	99.4	
98.1	99.6	
99.1	99.6	
69	89.7	
88	98.8	
99.3	99	
96.9	99.4	
98.9	99	
99.1	99.4	
99.3	79	
99.1	79.2	
98.7	89.3	
88.8	88.3	
99.1	99.4	
78.9	99.4	
98.5	89.3	
88.6	99.6	
98.1	99	
98.5	99.6	
99.1	99.4	
98.7	99.6	
98.9	89.3	
78.5	87.9	
98.1	99.4	
97.3	88.9	
98.5	98.8	
98.7	99.4	
99.3	79.2	
98.9	99.2	
97.5	88.9	
98.7	78.4	
99.1	99.2	
68	99.2	
88.8	99.6	
98.5	99.6	
98.5	99.6	
99.1	99.6	
97.9	99.6	
88.2	98.4	
96.9	88.7	
88.4	99.4	
76.9	47.7	
47.8	99.2	
99.3	89.3	
98.3	89.7	
98.9	99.6	
88.2	99	
99.1	98.4	
78.3	99	
86.6	99	
99.3	99	
89.2	88.3	
98.9	89.5	
98.5	99.6	
68.4	99.6	
88.6	99.4	
78.7	89.3	
78.9	99.6	
89.4	89.5	
68.6	88.3	
89	89.1	
89	98.8	
99.3	99.2	
99.1	99.4	
98.9	99.2	
88	98.8	
98.9	99.6	
97.9	89.7	
78.7	89.5	
88.8	99.2	
96.5	89.3	
98.1	89.5	
88.4	79	
96.9	99.2	
98.7	99.6	
99.3	99.2	
88.4	99	
98.9	99.4	
99.1	98.8	
98.1	99.2	
68.4	99.6	
87.8	99	
77.7	89.7	
89	89.5	
98.9	99.6	
98.7	99	
