94.5	99.6	
44.2	99.2	
78.7	99.6	
97.7	99.6	
97.5	99.6	
98.7	92.6	
85.6	98.6	
88	99.4	
66.8	89.5	
99.1	99.6	
99.1	89.5	
88.8	99.6	
98.7	99.6	
97.5	99.4	
98.3	79.4	
99.3	89.5	
98.7	99.6	
89	99.6	
99.3	99.6	
99.3	99.6	
88.6	99.6	
99.1	98.2	
98.9	98.8	
89	88.9	
99.1	99.6	
88.8	89.7	
98.9	98.4	
99.3	99.2	
98.5	88.9	
35.1	99.6	
98.9	89.5	
98.3	88.9	
78.3	99.2	
98.5	89.7	
99.3	99.6	
99.1	99.4	
99.3	99.4	
99.3	99.6	
97.3	99.4	
98.9	89.1	
99.1	99.6	
99.3	89.7	
98.7	89.5	
99.1	99.6	
99.3	79.2	
67.2	99.2	
98.5	79.6	
99.1	89.3	
47.4	99.2	
99.3	99.6	
88.8	89.5	
99.1	99.4	
78.5	79.6	
98.5	99.6	
89.2	99.6	
89	89.5	
99.3	99.4	
78.9	99.4	
98.7	99.6	
98.5	99.4	
99.1	89.5	
99.1	99.6	
98.9	99	
98.9	99.6	
99.1	89.3	
99.1	99.4	
98.3	98.8	
99.3	99.6	
99.1	99.6	
98.9	99.6	
99.1	99.6	
98.1	99.4	
88.4	99.6	
98.9	99.6	
88.4	99.2	
99.3	99	
99.1	99.6	
99.3	99	
99.1	99.4	
88.6	99.4	
98.9	89.5	
98.1	99.6	
99.3	99.6	
99.3	99.4	
99.3	89.5	
99.3	99.4	
98.3	99.6	
99.1	99	
68.8	99.6	
98.7	99.4	
99.3	99.6	
99.1	99.6	
98.9	99.4	
99.3	99.6	
99.3	99.6	
99.1	98.2	
98.9	99.6	
99.3	99.2	
99.1	99.4	
99.1	99.6	
99.1	99.4	
99.3	99.4	
89.2	89.1	
98.7	99.4	
88.4	99.4	
99.3	99.6	
78.1	89.7	
98.5	99.4	
98.9	99.6	
99.3	99.2	
38.3	79	
98.7	89.7	
98.9	99.6	
99.3	79.6	
99.3	99.6	
99.1	97.4	
88.8	99.6	
88.8	99.6	
98.7	99.4	
99.3	99.6	
99.1	98.8	
99.1	99.6	
99.1	99.6	
98.3	99.6	
98.5	99.6	
99.1	99.6	
98.7	99.2	
99.3	99.6	
99.1	97.8	
98.9	99	
98.7	99.6	
68.4	99.6	
99.1	99	
98.7	99.4	
78.1	99	
89.2	99.6	
99.1	99.6	
99.1	99.6	
98.7	99.6	
68.6	99.6	
98.5	99.4	
98.7	89.5	
98.5	99.6	
78.5	99.6	
78.9	99.4	
99.1	99.6	
99.3	99.4	
78.5	99.6	
89.2	79	
89.4	99.6	
99.3	99.4	
98.5	99.2	
99.1	98.6	
99.3	99.6	
89.2	99.6	
99.3	99.4	
69.4	99.4	
98.9	99.4	
89	99.6	
99.1	99.6	
99.3	99.6	
98.9	89.5	
99.3	99.6	
99.1	99.6	
99.3	99.6	
77.5	99.4	
99.1	89.5	
99.3	99.6	
98.9	99.4	
98.7	99.6	
99.3	99.6	
99.3	89.3	
99.3	99	
98.7	99.6	
99.3	99.4	
99.3	99	
27.8	99.6	
78.3	99.6	
89.4	99.6	
89.2	99.4	
99.3	98.4	
99.1	99.4	
89	99.6	
99.3	99.6	
99.1	99.6	
89	99.6	
98.9	89.5	
89	88.7	
99.1	89.7	
99.1	99.6	
97.9	99.6	
98.7	98.8	
98.9	89.3	
89.2	99.2	
98.9	99.6	
99.1	99.6	
99.1	89.5	
98.9	99.4	
98.9	99.4	
89	99	
98.5	99.4	
78.7	99	
78.5	98.8	
99.1	99.4	
99.1	99.6	
78.9	89.7	
98.9	99.6	
98.9	99.6	
99.1	99.4	
99.3	99.6	
98.9	99.6	
98.9	88.9	
98.9	99.6	
99.1	99.2	
99.3	99.4	
99.3	99.6	
99.3	99	
99.1	99.4	
99.1	99	
98.9	99.6	
99.1	99.6	
79.1	99.4	
78.9	99.2	
98.5	99.4	
99.1	99.6	
99.1	99.6	
98.9	99.6	
98.9	99.4	
89.2	89.7	
98.9	99.4	
98.7	99.6	
99.1	99.4	
49	99.6	
99.1	99.6	
99.3	99.6	
98.9	99.6	
99.1	89.7	
97.9	89.3	
99.3	99.2	
69	99.4	
99.1	88.5	
69	99.4	
99.1	99.6	
99.1	99.6	
98.9	89.5	
98.9	99.6	
89	99.6	
99.1	98.8	
99.1	99.2	
78.3	99.4	
98.7	99.6	
89.4	98.6	
98.9	99.4	
88.8	99.6	
99.1	99.4	
99.3	99.6	
98.7	79.6	
89.2	79.2	
88	99.4	
99.3	99.6	
98.9	99.4	
99.3	99.6	
99.3	89.1	
98.7	99.4	
77.9	89.7	
99.3	99.6	
89.4	99.4	
98.5	99	
99.1	99	
99.3	99.6	
99.1	99.6	
98.7	89.7	
88.6	99.4	
99.3	99.6	
89.2	99.6	
99.1	99.4	
98.7	89.7	
48.2	89.7	
89.4	99.2	
99.3	99.2	
99.1	78.8	
99.1	79.2	
99.3	77.8	
68.8	99.4	
99.1	99.6	
99.3	99.4	
98.9	99.6	
99.3	89.7	
99.1	99.6	
78.9	99.4	
78.1	99.6	
98.5	99.6	
99.1	99.6	
89	99.6	
78.7	99.4	
68.6	99.4	
89	88.9	
98.5	99.6	
98.7	99.6	
98.5	99.4	
48.6	99.6	
99.1	79.2	
99.1	99.4	
98.9	89.3	
98.9	99.6	
98.9	99.2	
99.3	89.3	
99.1	99.6	
98.9	89.7	
98.5	99.4	
68.6	99.6	
99.1	99.6	
99.1	99	
99.3	99.6	
99.3	99.6	
99.1	99.4	
99.1	99.6	
99.1	89.7	
98.7	99.6	
99.3	99.2	
99.1	99.4	
99.1	99.6	
98.7	89.7	
88.6	99.6	
99.1	99.4	
68.6	99.6	
98.3	98.8	
99.3	89.3	
98.5	98.8	
98.9	99.6	
79.1	99.4	
98.7	99.6	
79.3	99.4	
98.5	89.3	
99.1	99.6	
89.4	89.5	
99.1	88.7	
99.3	99.2	
99.3	99.4	
98.9	99	
97.7	99.2	
99.3	99.6	
88.6	99.6	
99.3	99.4	
78.7	99.6	
98.5	99.2	
99.3	99.4	
99.3	99.6	
98.9	99.6	
99.3	89.7	
99.3	99.6	
98.7	99.4	
89	79.6	
88.8	99.6	
89.4	99.2	
99.3	99.4	
98.7	99.6	
99.3	99.6	
98.7	98.4	
99.1	99.6	
99.3	98.6	
99.1	89.7	
99.1	99.6	
99.3	99.4	
99.3	99.4	
99.3	99.4	
99.1	89.7	
98.9	99.6	
98.9	99.4	
99.3	99.2	
99.1	99.4	
98.9	99.6	
99.1	99.2	
99.3	99.6	
87.6	99.4	
98.5	99.4	
98.9	99.4	
98.1	99.6	
68.6	99.2	
98.1	99	
78.5	99.4	
98.3	99.2	
87.2	99.4	
99.1	99.4	
99.1	99.2	
99.3	89.5	
99.3	88.3	
98.9	89.5	
99.1	99.6	
99.3	99.4	
98.5	99.4	
98.3	89.7	
98.9	99.6	
88.8	89.5	
77.7	99.2	
99.1	99.6	
97.9	79	
98.7	99.4	
98.3	99.6	
89.2	99.6	
99.3	99.6	
98.7	99.4	
99.3	99.6	
99.3	89.5	
98.3	99.4	
98.9	99.4	
99.1	99.4	
99.3	99.4	
99.1	99.6	
88.8	99.4	
99.1	99.4	
89.2	98.6	
98.7	99.6	
99.1	99	
98.9	89.1	
98.9	99.6	
99.1	99.6	
99.1	79.4	
99.3	89.3	
99.1	99.4	
99.3	99.6	
99.3	99.4	
99.3	99.2	
98.9	89.7	
99.3	89.7	
88.4	99.6	
89.2	99.2	
99.1	99	
99.1	88.9	
98.9	99.6	
99.3	99.6	
99.1	99.6	
99.1	99.6	
89	99.6	
99.1	99.6	
99.1	99.6	
99.1	99.4	
99.3	89.7	
98.3	99.6	
99.1	99.6	
89.2	99.2	
98.9	99.6	
98.9	89.7	
98.9	99.6	
99.3	99.6	
99.1	89.1	
99.3	99.2	
98.7	99.6	
98.7	99.4	
88.6	99.6	
99.1	89.7	
99.1	99.4	
98.9	99.6	
79.3	79.6	
99.1	99.6	
78.3	89.7	
98.5	99.6	
99.1	79	
99.3	99.6	
99.3	99.4	
98.7	99	
98.9	99.4	
99.1	99.6	
99.1	99.4	
99.1	99.6	
99.1	99.4	
99.3	89.1	
98.7	99.4	
98.7	99.6	
99.1	99.6	
99.1	99.6	
99.3	98.8	
99.1	89.7	
99.3	99.4	
98.9	98.8	
99.1	99.2	
98.5	99.6	
99.3	99.6	
99.1	99.4	
99.3	99.4	
99.3	99.6	
98.9	89.7	
99.3	99.6	
98.9	99.4	
99.1	89.7	
98.5	99.4	
88.8	89.5	
98.9	79.4	
87.8	99	
99.3	69.1	
99.1	89.3	
89.2	99.2	
98.9	89.5	
98.7	99.4	
78.5	99.4	
99.1	99.6	
98.9	89.5	
89	89.3	
99.3	89.5	
98.7	89.5	
