-6.6	98	
77.9	88.9	
74.5	99.4	
92.7	99.6	
98.7	99.6	
84.2	79.6	
88.2	98.8	
76.9	93.8	
88.2	88.9	
99.1	99.2	
87.4	99.4	
81.8	99.4	
83.8	99.6	
97.7	99	
66.6	98.2	
98.3	99.4	
87.6	99.6	
86.8	99.4	
78.7	99.6	
98.3	99.6	
98.5	98.4	
98.1	89.3	
97.9	99.6	
97.5	88.9	
98.9	99.4	
86	99.6	
89.4	99.2	
98.5	79.2	
79.1	99.6	
94.9	99.4	
76.5	98.6	
98.5	89.5	
88.4	99.2	
99.1	99.4	
98.7	99.6	
98.1	99.4	
98.5	88.5	
98.9	99.4	
99.3	98.4	
97.9	99.6	
99.1	99.2	
99.1	99.4	
97.9	99	
98.9	89.5	
99.1	89.5	
98.5	99.2	
98.1	89.1	
99.3	98.2	
98.7	98.2	
98.9	98.8	
98.9	77.6	
99.3	99.4	
98.1	99.6	
98.3	99	
99.1	99.6	
98.7	99.6	
98.1	99.2	
98.9	99.4	
99.1	88.3	
99.3	98.4	
98.9	98.4	
95.7	99.6	
99.1	98.2	
99.1	99.2	
97.3	99.4	
99.3	99.6	
99.3	99	
98.5	99	
98.7	88.1	
98.1	99.2	
99.1	98	
89	88.3	
97.9	99	
97.7	99.6	
88.4	99.4	
99.1	89.5	
99.1	99.4	
98.9	89.5	
98.7	99.6	
89	88.5	
88.8	99.4	
98.9	99	
89	97.8	
98.5	98.8	
98.5	99.4	
97.9	97.8	
98.3	98.2	
98.5	99.4	
89.4	89.7	
98.1	89.5	
99.1	99.6	
98.5	99.6	
98.5	99.6	
99.1	99.4	
99.1	88.7	
98.3	89.3	
98.7	99.4	
98.9	89.3	
98.9	99.4	
99.3	79.6	
98.9	89.7	
98.3	98.6	
98.7	99	
79.1	97.6	
77.3	88.9	
98.5	78.2	
98.5	99.4	
99.1	78.2	
99.1	89.7	
98.7	89.7	
98.9	67.5	
99.1	89.5	
98.7	98.8	
99.3	89.3	
89	79.2	
98.7	79.6	
99.3	89.7	
98.9	89.7	
99.3	99.6	
98.5	99.6	
99.1	99.4	
98.9	89.3	
98.7	99.6	
99.3	79.6	
49.2	99.6	
89.4	98.4	
88.2	89.7	
98.5	98.6	
98.9	89.7	
89	99.6	
99.3	98.8	
98.9	69.1	
99.3	99	
98.7	89.5	
98.5	88.9	
99.3	99.6	
97.7	99	
68	99.4	
97.7	99.2	
88.6	88.5	
98.9	99.6	
78.9	89.7	
98.9	99.6	
98.7	88.9	
88.8	99.6	
99.1	99.4	
97.9	99.6	
79.3	99	
98.7	89.3	
96.9	99.6	
99.1	89.3	
97.3	89.3	
88.2	98.2	
98.3	79.6	
98.7	89.5	
99.1	99.2	
98.9	69.5	
99.3	99.2	
99.3	89.3	
67.8	88.5	
79.5	88.9	
98.7	78	
97.7	88.7	
98.5	79.4	
98.1	89.5	
78.9	99.6	
97.9	89.7	
98.3	89.5	
99.1	68.9	
99.1	89.7	
87	99.4	
98.7	68.5	
98.7	89.3	
78.1	99.2	
99.3	98.6	
98.9	98.2	
88.6	89.7	
98.9	99.4	
78.7	89.7	
97.3	99.6	
99.3	99.6	
88.8	89.7	
99.1	99.6	
98.9	98.8	
99.1	89.3	
98.5	99.4	
88.4	98.4	
98.9	79.4	
98.9	99.2	
98.5	89.3	
99.1	99	
99.3	89.1	
98.7	99.6	
99.1	99.4	
69	99.6	
88.8	99.6	
99.1	99.6	
58.9	99.2	
58.3	99	
98.7	99.6	
99.1	99	
99.1	99.4	
69.2	88.9	
99.1	99.4	
99.1	89.1	
98.7	99.6	
98.7	99.2	
86.8	99.6	
98.9	89.5	
99.3	99.4	
68.2	79.4	
88	89.3	
99.1	99.4	
88.6	98	
99.3	99.2	
98.7	99	
98.7	89.3	
99.3	98.8	
88.8	99.6	
96.3	99.2	
88.8	98.8	
98.3	99	
98.7	88.5	
89	88.7	
89.2	99.4	
99.1	89.3	
98.9	99.2	
99.3	89.3	
99.1	99.6	
98.9	99.2	
88.2	89.1	
98.7	89.5	
97.9	89.5	
88.4	99	
88.8	99.4	
98.7	99.2	
99.3	99.6	
98.5	99.4	
98.3	89.7	
98.9	89.1	
98.9	98.8	
98.9	99.2	
98.7	88.9	
98.1	99.6	
97.9	99.6	
98.7	88.9	
99.1	99.6	
89	99.6	
99.1	99.4	
98.1	99.2	
99.3	99.2	
98.5	98.8	
98.3	98.4	
99.3	98.6	
98.5	99	
98.5	69.3	
78.3	99.2	
98.1	98.8	
89.2	99.6	
97.7	78.2	
98.9	99.4	
97.9	89.5	
98.5	99.6	
99.1	99.6	
98.3	99.2	
98.9	99.2	
99.3	99.6	
99.1	99.6	
98.9	99.6	
98.7	99	
99.3	99.6	
89.2	99.4	
99.1	89.5	
98.9	99.6	
98.7	88.1	
98.5	99	
78.9	99.4	
98.9	89.3	
99.3	99	
98.7	99.4	
99.1	89.7	
99.3	99.6	
99.1	99.6	
98.3	79.2	
98.3	98	
89	89.1	
89.2	87.7	
88.8	86.7	
98.7	99.4	
99.1	99.6	
98.9	99.6	
98.3	99.6	
98.5	89.5	
98.5	89.5	
98.9	99.2	
98.1	89.7	
98.5	99.4	
99.3	99	
98.9	99.6	
99.1	89.7	
97.9	99.2	
98.9	99.6	
98.7	99.4	
78.1	89.3	
99.3	99.6	
88.8	99.6	
99.1	98.8	
79.3	79.4	
77.9	88.9	
77.7	98.8	
98.5	99.2	
98.7	99.2	
98.5	99.4	
88.8	89.1	
98.1	99.2	
98.7	99.2	
98.3	99	
98.7	99	
89.4	79.4	
98.7	99.2	
98.9	88.3	
99.1	89.5	
99.3	99.6	
98.5	99.2	
99.3	99.6	
99.3	88.3	
99.3	89.3	
78.9	89.7	
98.5	89.3	
99.3	89.5	
99.3	99.4	
88.8	99.6	
88.8	98.8	
98.7	98.8	
98.5	99.6	
99.3	99.6	
99.1	89.7	
88.6	99.6	
98.3	99.6	
98.7	99.6	
78.7	89.3	
99.1	88.5	
78.9	89.5	
58.7	89.1	
98.3	89.7	
88.6	89.5	
88.8	99.2	
99.1	99.4	
98.7	99.4	
98.7	98.2	
77.1	89.7	
98.7	69.5	
87.8	89.7	
98.9	77.8	
76.5	99.6	
98.3	79.4	
98.9	98.8	
99.3	89.3	
68.8	98.8	
17.5	99	
98.3	99	
88.4	89.1	
98.5	79.4	
98.9	88.9	
57.1	79.4	
98.7	99.6	
78.9	89.7	
57.5	99.6	
98.7	89.3	
87.8	99.2	
99.1	89.5	
89	99.2	
89.2	89.3	
98.7	99.4	
98.7	89.5	
78.9	99.4	
97.5	89.5	
99.3	89.1	
98.3	89.3	
99.3	79.4	
98.9	89.5	
99.3	99.2	
99.1	99	
59.1	89.7	
98.7	89.1	
58.9	89.7	
98.3	99.4	
98.9	89.3	
99.3	89.3	
98.9	99.2	
99.1	99.6	
99.3	88.7	
97.1	99.2	
68.6	69.3	
99.3	99.6	
69	89.5	
98.7	89.1	
69	99.6	
48.8	88.9	
98.9	99.4	
98.5	99.6	
98.5	99.6	
98.9	68.7	
98.7	99.4	
36.5	99.2	
98.7	99.6	
99.3	89.1	
98.9	89.1	
98.7	89.7	
98.7	89.7	
99.3	89.7	
78.5	79.6	
88.6	99.6	
98.9	79.6	
69	89.7	
99.3	87.3	
89.2	89.1	
99.1	89.3	
88.2	89.3	
99.3	88.7	
78.5	99.2	
58.5	88.7	
98.7	79	
98.1	89.1	
98.9	99.6	
98.5	99.2	
97.5	89.7	
78.9	99.6	
99.1	79.4	
98.9	77.6	
98.7	99.6	
98.3	99.6	
99.1	99.4	
99.1	99.4	
99.3	99.4	
68.8	99.6	
68.2	89.3	
98.9	99.6	
79.5	68.5	
89	99.6	
98.5	99.6	
98.1	99.6	
99.3	89.3	
98.1	89.1	
48.4	99.4	
79.1	98.2	
99.3	87.5	
98.3	98.4	
98.9	99.6	
99.3	98.6	
99.3	89.7	
98.1	99.4	
98.9	98.6	
98.7	89.3	
98.7	99.4	
88	88.9	
97.5	99.6	
98.7	89.3	
98.9	99.6	
97.7	99	
99.1	99.4	
98.9	99.6	
99.3	99.4	
98.7	99.6	
98.9	99.2	
77.3	99.2	
98.7	88.5	
97.7	99.6	
98.3	99.2	
98.9	99.6	
68.6	99.2	
97.7	99.4	
98.3	89.3	
98.1	99.6	
99.1	99.4	
98.3	99	
98.9	99.6	
98.9	88.9	
89.4	89.3	
99.3	99.2	
68.6	87.3	
99.1	87.5	
97.9	99.2	
99.3	89.3	
99.1	99.2	
97.5	99.2	
89.2	89.7	
98.9	88.9	
78.9	99	
89.2	79.4	
98.7	89.1	
99.1	69.3	
78.1	89.7	
99.3	89.5	
89.2	88.5	
88.8	99.2	
77.9	89.3	
98.7	99	
98.9	99.6	
98.9	89.5	
