97.7	89.7	
66.8	89.7	
75.7	99.2	
87.6	92.6	
92.7	85.3	
87.4	99.4	
97.3	99.6	
99.3	99.6	
97.3	99.6	
99.1	99.6	
96.9	98.6	
99.1	99.6	
99.3	99.2	
98.9	99.6	
99.3	99.6	
99.3	99	
98.9	99.6	
99.1	99.6	
99.3	99.6	
98.7	99.2	
99.1	99	
99.1	99.6	
99.3	99.6	
99.3	99.6	
98.7	99.6	
98.9	99.4	
99.1	99.2	
99.3	99.6	
99.3	99.2	
99.3	99.4	
99.3	99.2	
89.4	99.2	
99.3	99.6	
99.3	99.6	
99.3	99.4	
99.3	99.2	
99.3	99.4	
98.9	99.4	
98.7	99.6	
99.1	99.6	
99.1	99.6	
99.3	89.1	
99.3	99.2	
99.3	99.6	
99.1	99.6	
99.1	99.6	
99.3	89.3	
99.1	99.6	
98.7	98.8	
99.1	99.6	
99.3	99.6	
99.3	99.6	
99.3	88.9	
99.3	99.6	
99.1	99.4	
99.3	99.4	
99.1	87.9	
98.7	99.6	
99.3	89.3	
99.3	99.2	
99.3	99.4	
99.1	99.6	
99.3	99.6	
99.3	98.4	
99.3	99.4	
89.4	99.4	
99.3	99.6	
99.3	99.4	
98.7	99.6	
99.3	99	
99.1	99.6	
99.1	89.1	
98.7	99.4	
99.3	99.2	
99.1	99.2	
99.1	99	
99.3	99.6	
99.3	99.4	
98.9	99.2	
99.1	89.1	
98.7	99.2	
98.9	99.2	
99.3	99.4	
99.3	99.4	
98.9	99.4	
97.9	99.4	
99.3	99.4	
99.1	99.2	
99.1	99.4	
99.1	99.4	
98.9	99.4	
99.3	99.4	
98.5	99.4	
99.3	99.2	
99.1	98.6	
99.1	99.4	
98.9	99.6	
99.3	99.4	
99.3	99.4	
99.3	99.4	
99.3	99.2	
99.1	99.4	
99.3	88.7	
98.9	99.4	
99.3	98.8	
99.3	99.4	
99.3	99.4	
99.3	99.2	
98.9	99	
99.3	99.4	
99.3	99.4	
99.1	99.4	
98.9	98.8	
98.7	99.4	
99.1	99.4	
99.3	99.4	
99.1	89.3	
99.3	99	
99.3	98.8	
99.3	99.4	
99.1	99.4	
99.3	99.4	
99.3	99.4	
99.3	99.4	
98.7	99.4	
99.1	99.4	
99.1	99.4	
99.3	99.4	
99.3	99.4	
98.9	99.4	
98.9	99.6	
99.3	88.9	
99.1	99.4	
98.9	99.4	
99.3	99	
99.3	99.6	
99.3	89.1	
99.1	99.4	
98.9	99.6	
98.7	99.6	
99.3	99.2	
99.3	99.4	
99.1	89.3	
98.7	99.4	
99.1	99.4	
99.3	89.7	
99.1	99.4	
89.4	99.4	
99.1	99.4	
99.1	99.4	
99.3	99.4	
99.1	99.4	
99.3	99.4	
98.7	89.7	
98.7	98.8	
99.3	99.4	
99.1	99.4	
99.3	99.4	
99.1	99	
99.1	99	
99.1	99.2	
99.3	99.4	
99.3	99.4	
99.3	99.4	
99.3	99.2	
99.3	89.5	
99.3	99.4	
99.3	99	
99.3	99.6	
99.3	99.6	
98.7	99.6	
99.3	99.6	
99.3	95.2	
98.7	98.2	
98.7	99.6	
99.3	99.6	
99.3	99.6	
99.1	99.2	
99.3	99.6	
99.1	99.4	
99.1	99.4	
99.3	99.6	
98.9	99	
99.1	99.6	
99.3	99.2	
99.3	99.6	
98.9	99.6	
89.4	99.6	
99.1	99.4	
99.3	99.2	
99.3	99.6	
99.3	99.6	
99.1	99.6	
98.9	89.5	
99.3	99.6	
99.3	99.6	
99.3	99.4	
99.3	99.4	
99.1	99.4	
99.3	99.6	
98.9	99.6	
89.4	89.5	
99.3	99.6	
98.7	99.6	
99.1	99.4	
99.1	99.6	
99.3	99.6	
99.1	99.6	
99.3	99	
98.7	99.6	
89.4	99.6	
98.7	99.4	
99.3	99.6	
99.3	99.4	
99.1	99.6	
89.4	99.6	
99.3	99.2	
99.3	99.2	
99.3	99.4	
99.1	99.2	
99.3	99.4	
99.1	99.6	
99.3	99.6	
99.3	99.6	
99.3	99.6	
89	99	
99.3	99.2	
99.3	99.4	
99.3	99.6	
99.3	99	
99.3	99.2	
99.3	99.6	
99.3	99	
99.3	88.7	
99.1	99.6	
99.1	99.4	
98.7	99.6	
98.5	99.6	
99.1	99.6	
99.3	99.2	
98.5	99.6	
99.3	99.6	
99.1	99.6	
99.3	99.6	
99.3	99.6	
99.1	99.6	
99.3	99.6	
99.3	99.4	
99.1	99.6	
99.3	99.4	
99.1	99.6	
99.1	99.6	
99.3	99.6	
99.3	99.6	
89.2	98.8	
99.3	99.4	
99.1	99.2	
99.1	99.6	
98.7	99.6	
99.1	99.4	
99.1	99.6	
99.3	99.6	
99.1	88.9	
99.1	99.6	
99.3	99.6	
99.3	99.6	
99.3	99.6	
99.3	99.6	
99.3	99	
99.3	99.6	
99.1	99.6	
99.3	99.4	
89.2	99.6	
89.2	99.6	
99.1	98.8	
99.3	99.2	
89.2	99.4	
99.3	99.2	
98.9	99.4	
89	99	
99.1	99.4	
99.3	99.2	
99.3	99.6	
98.9	99.2	
99.3	79.2	
99.1	99.2	
89	99.6	
99.1	99.6	
99.1	99.2	
99.3	99.6	
99.3	99.6	
99.3	99.4	
89.2	99.4	
99.1	99.6	
99.3	99.6	
89.4	99.6	
99.3	89.5	
99.1	99.2	
99.3	99.6	
99.3	99.6	
98.5	99.4	
99.3	89.7	
99.3	99.6	
89.4	99.6	
98.7	99.6	
99.3	99.6	
99.3	99.6	
98.9	89.1	
98.9	89.3	
99.3	99.6	
99.3	99.6	
99.1	99.2	
99.3	99.6	
99.3	99.2	
99.3	99.6	
99.1	99.6	
98.9	99.4	
98.9	99.6	
99.3	99.2	
99.3	99.4	
99.1	99.6	
99.3	99.6	
89.4	99.6	
99.3	99.6	
98.9	99.4	
99.3	89.5	
99.3	99	
79.3	99.6	
99.1	99.4	
99.3	99.4	
99.3	99.6	
99.3	89.7	
99.1	99.6	
99.3	99	
89.4	99.6	
89.2	99.6	
89.4	99.6	
89.4	99.6	
98.9	99.6	
99.1	99.6	
98.5	99.6	
99.3	99.4	
99.3	99.6	
98.9	99.6	
99.3	89.5	
99.1	99.4	
98.9	89.5	
99.3	99.6	
99.3	89.7	
99.3	99.4	
99.3	99.6	
99.3	99.2	
98.9	99.2	
99.1	99.6	
99.3	89.7	
99.1	99.2	
98.9	99.4	
98.1	99.6	
98.9	89.7	
99.1	99.6	
98.7	89.5	
99.3	89.3	
99.3	89.7	
98.9	79.4	
99.3	89.7	
99.3	89.7	
99.3	99.6	
99.3	89.7	
99.3	89.7	
99.1	89.7	
99.3	89.7	
89.4	79.6	
99.1	89.7	
99.3	99.4	
99.3	89.7	
99.1	89.7	
99.3	99.6	
99.1	89.7	
99.3	89.7	
99.3	89.7	
99.3	89.7	
99.3	89.7	
99.3	99.4	
99.3	89.7	
99.1	89.7	
99.3	89.3	
99.3	89.7	
98.5	89.7	
99.1	99.6	
99.3	89.7	
99.3	99.6	
99.3	89.7	
99.1	89.7	
99.1	89.7	
99.1	99.6	
99.3	99.6	
99.1	99.6	
99.3	99.6	
99.1	99.6	
99.3	99.2	
99.3	99.6	
99.1	99.6	
99.3	99.6	
99.1	99.4	
68.4	89.7	
89.2	99.6	
99.3	99.6	
99.3	99.6	
99.1	99.6	
99.3	89.7	
99.3	89.1	
98.9	99.6	
99.3	99.6	
99.1	99.4	
99.1	99.4	
98.9	99.6	
99.3	89.5	
88.8	89.7	
89.4	79.6	
99.3	89.7	
89.4	89.5	
89.4	99.6	
89.4	99.6	
89	89.3	
98.9	99.6	
99.3	99.6	
99.3	99.6	
99.3	99.6	
99.3	99.6	
99.1	99.6	
99.3	99.6	
99.3	99.6	
99.3	99.2	
98.9	99.6	
99.3	99.6	
99.3	89.3	
99.3	88.9	
99.3	99.6	
99.1	99.6	
99.3	99.6	
99.3	99.6	
99.3	89.5	
99.3	99.6	
99.3	99.6	
99.1	99.6	
99.1	99	
99.3	99.4	
99.3	99.6	
99.1	99.6	
89.4	99.6	
99.3	99.6	
99.1	99.6	
99.3	99	
99.1	99.2	
99.1	99.6	
99.3	99.4	
98.9	99.4	
98.1	99.6	
99.1	99.6	
99.1	79	
99.3	99.4	
99.3	99.4	
99.1	99.6	
99.3	99.6	
99.3	99.6	
99.3	99.6	
99.3	99.6	
98.7	99.4	
99.1	99.6	
99.3	99.6	
99.3	99.6	
99.3	99.6	
99.3	99.4	
99.3	99.4	
99.1	99.6	
98.5	99.6	
99.3	99.6	
99.3	99.6	
99.1	99.4	
99.1	99.6	
99.1	99.4	
99.3	99.4	
98.9	99.2	
89.4	99.4	
89.2	99.6	
89.2	99.6	
89.4	89.3	
89.4	89.5	
89.4	99.6	
89	99.6	
89.4	99.6	
89.2	99.6	
89.2	99.6	
89.4	89.7	
89.4	89.5	
89.4	99.6	
89.4	99.6	
89.2	99.6	
89.4	89.5	
89.4	89.5	
