77.7	79.6	
80.8	69.1	
69.2	89.5	
92.9	98.8	
93.9	99.6	
97.3	97.8	
98.5	99.6	
98.7	99.4	
98.9	89.5	
54.3	99.6	
99.1	99.4	
97.9	99.6	
99.1	99.2	
99.1	89.5	
99.1	99.4	
99.1	99.6	
99.1	99.6	
98.7	99.6	
98.5	99.2	
99.3	99.6	
98.7	99.2	
98.9	95	
98.1	99.6	
99.3	99.4	
98.9	99.6	
99.1	99.6	
69.4	89.5	
98.3	96.6	
58.5	99.6	
97.7	89.3	
97.7	99.4	
99.1	99.2	
98.5	89.5	
99.1	99.6	
96.5	99.6	
99.1	99.2	
99.1	99.6	
96.9	99.4	
78.5	89.1	
98.9	99	
99.1	99.6	
98.7	98.8	
99.1	99.6	
99.1	99.6	
98.7	99.6	
99.1	99.6	
98.9	99	
98.7	99.2	
99.3	88.3	
98.9	99.4	
99.3	99.6	
98.3	89.7	
99.3	89.3	
99.3	99.4	
99.3	99.6	
97.7	99.6	
98.7	99.6	
99.1	99.6	
99.3	99.2	
99.3	99.4	
99.1	99.6	
98.5	99.4	
98.9	98.6	
99.1	89.5	
99.3	99.4	
97.7	99.4	
98.7	88.9	
97.9	98.8	
98.5	89.7	
99.3	99.4	
98.7	99.4	
99.3	99.4	
98.5	99.6	
98.7	99.6	
98.9	89.5	
97.9	99.6	
99.1	99.4	
99.3	89.7	
98.5	99.4	
99.1	99.6	
78.5	99.2	
98.5	99.4	
98.9	99.6	
99.3	89.5	
98.7	99.6	
98.9	89.5	
99.1	99	
99.1	99.4	
98.5	89.7	
98.9	99.4	
98.9	98.6	
99.3	89.7	
98.9	99.6	
97.9	99.6	
98.5	99.4	
99.3	99.4	
99.1	99.4	
99.3	99.4	
99.1	99.6	
98.5	99.4	
99.3	99.2	
99.1	99.6	
98.5	99.6	
99.3	99.4	
99.1	98.8	
99.3	99	
99.3	99.6	
98.5	99.6	
99.3	98.6	
98.9	99.6	
99.1	99.2	
98.9	99.6	
98.7	99	
99.3	99.6	
98.9	98.4	
99.1	99	
88.8	99.6	
99.3	99.4	
98.7	99.6	
88.4	99.6	
99.3	98.8	
99.1	99.2	
98.7	99.6	
99.3	89.7	
98.5	99	
99.3	98.6	
98.7	89.1	
99.1	89.5	
98.9	89.5	
98.3	89.1	
98.3	89.5	
98.9	99.6	
98.9	99.6	
99.1	89.5	
97.7	99.6	
99.1	89.7	
99.3	89.7	
98.9	89.5	
98.9	99.6	
98.9	99.2	
99.3	99.4	
98.7	99.6	
99.3	99.6	
98.7	99.4	
99.1	99.4	
98.5	99.4	
98.1	89.3	
89.4	99.6	
99.1	99.6	
99.3	99.6	
99.1	99.4	
99.1	99.4	
99.3	99.4	
88.2	99.6	
99.1	99.4	
98.5	99.2	
98.9	99.4	
99.1	99.6	
99.1	89.3	
99.1	99.2	
99.1	99	
88.4	99	
99.3	99.6	
98.7	99.4	
99.3	89.7	
98.9	89.5	
98.9	79.4	
98.7	99.6	
99.1	99.2	
99.3	99.6	
98.9	99.4	
98.9	99.6	
98.5	99.4	
98.9	99.4	
99.1	89.5	
88.6	89.7	
98.9	99.6	
98.5	99.4	
99.3	99.6	
98.9	99.4	
99.1	99.6	
97.7	99.6	
79.1	99.6	
98.5	89.7	
99.1	99.6	
99.3	79.2	
99.1	99.6	
98.5	89.5	
99.1	88.1	
99.1	99.6	
98.5	99.4	
99.1	98.8	
99.3	99.6	
98.9	99.6	
98.9	99.4	
99.3	99.6	
98.7	88.3	
99.3	99.2	
99.1	99.4	
99.3	99.4	
99.3	89.5	
99.3	99.4	
98.7	99.6	
98.3	99.6	
99.1	99.2	
99.1	89.3	
79.5	89.5	
97.7	99	
98.9	79.6	
99.1	79.4	
99.1	89.5	
99.3	99.6	
98.5	89.3	
99.3	99.2	
99.3	99.6	
98.9	89.5	
99.3	99.6	
88.4	89.5	
99.3	99.4	
99.3	89.5	
98.7	99.6	
99.3	99.2	
98.9	89.7	
99.1	89.5	
98.9	99.6	
87.8	99.4	
98.5	89.7	
99.1	99.2	
99.3	89.7	
99.3	89.1	
99.1	58.6	
99.3	99	
88.8	98.8	
89.4	99.6	
99.1	99.2	
99.1	89.5	
89.2	89.7	
99.3	89.3	
99.3	89.7	
89	89.1	
99.1	89.7	
99.1	79.2	
98.9	99.2	
98.9	89.7	
99.1	99.6	
99.3	79	
99.3	89.7	
99.3	79.6	
99.3	99.6	
87.8	89.7	
99.1	89.7	
99.1	99.6	
99.1	99.6	
99.1	99.2	
88.4	99	
99.3	99.2	
89.2	99.6	
98.7	99.6	
99.1	99.6	
98.9	99.6	
98.5	99.4	
69	89.5	
99.3	99.4	
99.3	99.6	
88.6	89.7	
98.7	89.5	
99.1	89.7	
99.3	99.6	
99.3	98.2	
98.9	89.7	
99.3	99.6	
98.3	89.7	
99.3	79.2	
98.5	99.2	
99.3	89.7	
98.9	89.7	
98.9	79.6	
99.3	89.5	
99.1	89.7	
99.3	99.2	
88	99.2	
99.3	89.5	
98.5	89.7	
99.3	89.5	
99.3	68.9	
99.1	89.3	
98.7	89.3	
98.9	89.7	
98.7	89.7	
89	79.6	
99.3	79.2	
98.5	89.7	
98.7	89.7	
99.3	89.7	
99.3	89.7	
99.3	79.6	
89.2	99.2	
98.9	89.5	
99.1	89.7	
97.9	79.2	
89.2	59	
98.5	89.7	
79.3	89.5	
98.1	99.6	
79.1	89.5	
99.3	99.4	
98.5	89.5	
99.1	99	
79.1	99.2	
98.9	89.5	
99.1	99.6	
98.5	89.3	
98.9	99.6	
98.9	89.7	
97.9	89.7	
98.9	89.7	
98.9	89.7	
99.1	79.4	
99.1	89.7	
99.1	89.1	
98.1	99	
98.9	99.6	
97.9	89.3	
96.7	88.9	
98.9	99.6	
99.3	99	
98.9	89.7	
98.9	99.4	
99.1	79.6	
98.7	89.7	
99.3	89.3	
98.9	89.3	
99.3	99.4	
99.3	89.1	
99.3	99.6	
99.3	99.6	
98.7	99.4	
98.9	99.6	
99.3	89.7	
87.4	89.7	
89.2	99.6	
99.1	99.2	
98.9	69.1	
99.1	89.1	
99.1	89.7	
98.7	89.5	
98.7	89.3	
99.1	98.8	
89	99.4	
69.2	99.2	
89.2	99.6	
99.3	88.7	
99.3	89.5	
69.2	89.7	
99.1	89.3	
99.3	89.7	
88.6	89.5	
99.1	98.8	
99.1	79.6	
98.9	89.7	
99.1	89.7	
99.1	89.7	
99.1	89.5	
98.9	79.6	
98.9	99.6	
98.9	79.4	
99.1	89.5	
98.9	89.7	
98.3	89.7	
98.9	89.7	
99.3	89.7	
99.1	89.7	
99.3	89.7	
99.1	89.5	
99.3	89.5	
99.1	79.4	
97.9	89.7	
98.9	89.5	
99.1	88.9	
99.3	79.2	
99.3	99.6	
99.3	99.6	
99.3	89.5	
99.3	99	
98.9	99.6	
98.7	99.6	
99.1	99.4	
98.3	89.7	
99.1	99	
99.1	99.6	
98.1	89.7	
89.2	99.4	
98.5	89.5	
98.7	89.3	
99.1	89.5	
99.1	99.4	
99.3	99.4	
99.3	89.1	
98.1	89.5	
99.1	99.6	
98.9	89.7	
89.4	89.7	
99.1	99.4	
98.7	89.3	
89	99	
98.5	99.4	
98.7	89.3	
99.1	99.4	
89.2	89.5	
89.2	99.2	
98.7	99	
98.5	89.1	
99.1	99.4	
58.7	99.2	
89	99.6	
98.9	99	
99.3	99.4	
98.5	99	
98.5	99.2	
99.3	99.6	
98.5	99.6	
98.9	99.4	
98.9	99.6	
79.3	99.4	
99.3	98.8	
99.1	89.3	
98.7	99.6	
98.9	99.2	
99.1	99.6	
98.9	89.5	
99.3	99.2	
99.3	99.4	
99.3	89.7	
98.1	99.6	
99.1	99.6	
99.3	99.6	
99.3	99.4	
99.1	99.2	
98.7	99.2	
99.3	99.6	
99.1	99.4	
99.1	79	
99.3	99.4	
88.6	99.6	
87.4	99.6	
99.1	99.6	
99.3	89.7	
99.1	79.6	
98.7	89.5	
98.7	89.5	
97.9	99.4	
98.3	99.4	
98.5	99.6	
99.1	99.2	
99.1	99.6	
99.3	99.4	
98.7	99.4	
89.2	99.6	
98.7	89.5	
98.7	89.7	
98.3	89.5	
98.9	99.6	
98.9	99.6	
99.1	98.8	
98.9	89.7	
99.3	99.6	
89.2	89.5	
99.1	89.1	
99.3	99.4	
99.1	89.7	
98.9	98.8	
98.9	79	
99.3	99.6	
99.3	99.2	
97.9	89.3	
98.7	99.6	
99.1	59	
99.3	99.4	
58.1	99.6	
99.3	99.6	
99.3	99	
98.5	99.2	
98.7	79.4	
99.1	89.5	
98.7	99.6	
99.1	99.4	
98.9	99	
99.1	99.6	
98.5	89.5	
98.9	99.4	
99.3	99.2	
99.1	99.6	
98.9	99.2	
89	99.6	
98.9	99.2	
99.1	99.2	
99.3	89.5	
98.9	99.4	
98.9	89.5	
98.9	99	
