85.8	89.5	
27.1	89.5	
97.9	99.6	
87	99.6	
96.7	99.6	
94.9	99.6	
93.7	99.6	
96.5	99.6	
98.1	99.6	
95.3	99.6	
99.1	99.6	
99.3	89.7	
99.3	99.6	
99.3	98.6	
78.9	99.4	
99.3	99.6	
99.1	99.6	
99.3	89.7	
89	99.4	
99.3	99.4	
99.1	99.6	
98.7	99.6	
99.3	99.4	
98.7	99.6	
98.7	99.4	
99.1	89.5	
99.3	79.4	
99.3	99.6	
99.1	99.6	
99.3	99.2	
99.3	99.6	
99.3	99.6	
99.1	99.6	
79.1	99.6	
99.3	99.4	
88.6	99.4	
98.9	99.6	
99.1	99.6	
99.3	99.4	
99.3	99.2	
98.7	99.6	
89	99.4	
99.3	99.6	
99.1	99.6	
99.3	99.6	
99.3	89.7	
99.3	99.6	
99.3	89.5	
99.1	89.7	
99.3	99.6	
99.1	99.4	
99.1	99.4	
99.3	99.4	
98.9	89.7	
98.7	89.5	
99.3	93.6	
99.1	99.6	
99.3	99.6	
99.3	99.6	
99.1	99.6	
99.1	99.6	
99.3	99.6	
88.8	99.6	
97.7	99.6	
99.1	99.6	
98.9	99.6	
99.3	99.4	
98.7	99.6	
99.1	99	
99.3	99.6	
99.3	99.4	
99.3	99.6	
98.9	99.6	
98.7	99.6	
99.3	99.6	
99.1	99.6	
99.1	88.9	
99.1	89.7	
99.3	89.3	
99.1	99.6	
99.3	99.6	
99.3	99.6	
99.3	98.8	
99.3	99.4	
99.3	99.4	
99.3	99.4	
89.2	98.4	
98.9	99.6	
98.5	99.6	
99.1	99.6	
99.3	99.4	
89	99.4	
99.3	99.6	
88.6	99.6	
99.1	99.6	
99.1	99.6	
88.6	99.4	
99.3	99.6	
98.9	99.6	
99.1	99.2	
99.1	99.6	
99.1	99.6	
99.3	99.6	
99.3	89.5	
99.3	99.6	
99.3	99.6	
99.1	99.4	
99.3	99.4	
99.1	99.6	
99.3	89.7	
99.1	99.4	
99.3	99.6	
99.3	99.6	
99.3	89.7	
99.1	99.6	
99.3	99.6	
99.3	99.6	
99.3	99.6	
99.1	98.8	
99.3	98.2	
99.1	99.4	
98.9	99.4	
98.9	99.4	
99.3	99.4	
99.3	99.4	
99.3	79.2	
88.8	89.5	
99.1	89.7	
98.5	89.7	
98.9	89.7	
99.1	89.7	
98.9	89.7	
98.9	79.4	
99.3	89.7	
99.3	99.6	
99.3	89.5	
99.3	89.7	
99.1	79.6	
99.1	89.7	
98.9	89.7	
98.7	89.7	
99.1	89.7	
99.3	89.7	
99.3	89.5	
98.9	99.6	
99.1	99.4	
99.1	99.4	
99.1	99.6	
99.3	99.6	
99.1	99.6	
99.3	99.4	
99.1	99.6	
98.7	99.6	
99.3	99.6	
98.9	99	
99.3	99.4	
99.3	99.6	
99.1	99.4	
99.1	89.7	
98.7	99.4	
99.1	99.4	
99.3	89.7	
98.9	99.6	
99.1	79.6	
99.3	99.6	
99.3	99.4	
99.3	99.6	
98.9	89.5	
99.1	89.5	
98.9	99.6	
99.3	89.5	
98.9	89.7	
99.1	89.5	
99.3	99.6	
99.3	99.4	
99.3	99.6	
99.3	99.6	
98.9	99.6	
99.3	99.6	
99.1	99.4	
99.3	99.6	
99.1	99.6	
99.3	99.6	
99.1	99.6	
99.1	99.6	
99.3	99.6	
99.3	99.4	
99.1	89.7	
99.3	99.6	
99.3	99.6	
98.9	99.6	
99.1	99.6	
99.1	89.7	
99.3	99.4	
99.3	99.6	
99.3	89.7	
98.9	99.6	
99.3	99.6	
98.9	99.6	
99.3	89.5	
99.1	89.5	
99.3	89.5	
99.1	99.6	
99.3	99.6	
99.3	99.6	
99.3	99.6	
99.1	99.6	
78.7	99.6	
99.3	99.6	
99.3	99.4	
99.1	89.5	
99.1	99.6	
98.9	89.7	
99.1	89.3	
99.1	79.6	
99.3	89.7	
99.3	89.7	
98.5	89.5	
99.3	89.7	
99.3	78.8	
99.3	89.7	
99.1	89.7	
99.1	99.4	
99.1	99.6	
98.7	89.5	
99.1	89.7	
98.7	89.3	
98.7	89.7	
99.3	99.4	
98.9	89.7	
99.1	99.6	
98.7	99.6	
99.3	89.7	
98.9	99.6	
99.1	99.4	
99.1	98.8	
99.1	99.6	
98.7	89.3	
99.3	89.7	
89.2	89.7	
99.3	99.6	
99.3	79.4	
99.1	79.6	
99.3	89.7	
78.3	99.6	
99.3	89.7	
99.3	89.7	
99.3	89.5	
99.3	79.6	
99.3	89.5	
99.1	89.7	
98.7	79.6	
99.3	89.7	
99.1	99.6	
99.1	89.7	
99.3	79.6	
99.1	89.7	
99.3	89.7	
98.9	89.7	
99.3	89.7	
99.3	89.7	
99.3	89.5	
98.9	89.7	
99.1	89.7	
99.1	89.7	
99.3	99.2	
99.3	89.5	
88.8	99.6	
99.3	99.6	
99.3	99.6	
98.9	99.4	
98.5	99.6	
99.3	89.7	
99.3	89.5	
99.1	99.6	
99.3	99.4	
99.3	79.2	
98.9	99.6	
99.3	89.3	
99.3	99.6	
99.3	99.6	
99.1	99.6	
99.3	99.6	
99.3	89.3	
99.1	89.7	
99.1	89.5	
99.3	99.4	
99.3	99.6	
98.9	99.6	
99.3	99.4	
99.1	99.6	
99.3	99.6	
99.3	99.4	
89	89.7	
99.1	99.4	
88.8	99.6	
88.6	99.6	
99.1	89.5	
99.3	99.6	
99.3	99.6	
98.7	99.4	
99.1	99.6	
98.9	99.2	
89	89.3	
99.3	99.6	
98.5	99.6	
99.3	99.4	
98.9	99.6	
99.3	99.6	
98.9	99.6	
98.7	99.6	
99.3	99.6	
99.3	99.4	
98.9	99.6	
99.1	89.3	
98.7	99.6	
99.3	99.6	
89.2	89.1	
98.9	89.7	
99.1	99.6	
99.3	99.4	
98.9	99.6	
99.3	99.6	
87.6	99.6	
99.3	99.6	
98.7	99.2	
88.6	99.6	
99.3	99.6	
98.7	99.4	
98.9	89.5	
98.9	99.6	
99.3	89.3	
89.2	99.6	
98.9	99	
99.3	89.5	
99.3	89.5	
98.9	99.6	
99.3	89.7	
98.9	89.7	
99.1	89.7	
99.3	89.7	
89.2	89.7	
99.3	89.7	
98.9	89.7	
99.3	89.5	
99.1	79.2	
88.8	89.7	
99.3	89.7	
99.3	89.7	
99.3	89.7	
98.9	89.7	
99.1	89.7	
99.1	89.7	
99.3	99.6	
99.3	89.7	
88.8	89.7	
99.3	99.6	
99.1	89.7	
99.3	89.7	
99.1	89.7	
89.2	79.6	
99.1	89.5	
99.3	99.6	
99.3	79.4	
89.2	89.7	
99.3	89.7	
99.3	89.7	
99.3	89.7	
99.1	99.6	
99.3	79.4	
99.3	89.7	
98.9	89.7	
99.1	89.3	
99.1	99.6	
98.1	79.6	
99.3	89.7	
98.9	79.6	
99.1	79.4	
99.3	99.6	
99.3	89.7	
98.9	89.7	
99.1	89.7	
89.2	89.7	
99.1	99.4	
99.1	99.6	
88.4	99.4	
79.3	99.6	
98.9	99.6	
99.3	89.3	
99.1	99.6	
99.1	89.5	
78.1	99.4	
98.3	99.2	
99.1	99.6	
98.9	99.6	
99.3	99.6	
99.3	99.6	
99.3	99.4	
98.1	99.2	
99.1	99.6	
99.3	99.4	
99.3	89.5	
99.3	99.6	
99.1	99.6	
99.3	99.6	
99.1	99.6	
99.3	99.4	
99.3	99.6	
99.3	99.4	
99.3	99.4	
88.8	99	
99.3	99.6	
79.3	99.6	
99.3	99.4	
98.9	99.6	
98.7	99.6	
98.9	99.6	
98.7	99.6	
98.9	99.6	
98.7	99.6	
98.9	99.6	
98.9	99.4	
78.9	99.6	
98.9	99.6	
99.3	99	
99.3	99.6	
99.3	99.6	
99.3	99.6	
99.1	99.6	
99.1	99.2	
99.1	99.2	
99.3	79.4	
99.1	99.6	
99.1	99.6	
99.3	99.6	
99.3	99.6	
99.1	99.6	
79.1	99.6	
99.3	99.6	
99.3	99.6	
99.3	99.4	
98.9	99.4	
98.9	99.6	
99.3	99.6	
98.7	99.4	
79.1	99.4	
99.3	99.6	
99.3	99	
79.3	99.4	
98.9	89.5	
99.1	99.6	
98.7	99.4	
99.3	99.6	
99.3	99.6	
98.9	99.6	
99.3	99.6	
99.3	99.6	
99.3	99.4	
79.1	99.6	
99.1	99.4	
79.5	99.4	
99.3	99.2	
99.3	99.6	
98.9	89.5	
98.9	89.7	
99.1	99.6	
99.3	99.6	
99.3	99.4	
99.3	99.6	
99.3	99.6	
99.3	99.4	
98.7	99.4	
99.1	99.6	
99.1	99.4	
99.3	99.4	
99.1	89.7	
99.3	99.6	
99.3	99.6	
98.9	89.5	
99.3	99.4	
98.9	89.5	
99.1	99.6	
99.3	99.6	
99.3	99.6	
99.3	99.6	
99.3	99.6	
99.1	99.4	
99.1	99.6	
99.3	99.6	
99.3	99.6	
98.7	99.6	
99.3	99.4	
98.1	99.4	
98.7	98.8	
98.9	99.6	
99.1	99.4	
98.7	99.6	
98.7	99.6	
98.9	89.5	
99.1	89.7	
