47.8	89.5	
88.3	78.8	
76.5	76.6	
99.1	97.4	
84.4	89.3	
75.9	99.6	
85.4	98.8	
98.7	89.5	
88.8	89.7	
58.3	79	
97.7	89.3	
98.7	79.6	
98.3	99.6	
98.9	99.2	
98.5	98.4	
98.5	88.9	
98.9	89.5	
78.3	89.3	
86.6	79.4	
99.3	89.7	
99.1	79.6	
89.2	89.5	
97.5	99.4	
37.1	89.7	
98.7	88.1	
99.1	69.1	
98.9	68.3	
99.1	69.5	
58.7	99.6	
78.3	79	
96.9	89.3	
88.6	89.1	
88.6	69.1	
78.9	99.4	
88.2	99	
88.2	96.6	
98.5	99.2	
98.9	99.6	
68.2	89.7	
78.9	99.6	
89	99.2	
99.1	89.5	
98.1	99.4	
98.5	99.4	
99.3	99.2	
98.7	89.7	
88.4	99.2	
77.1	79.6	
88.4	99.4	
88.2	78.8	
89.4	89.7	
89.2	89.3	
96.9	99.6	
76.5	89.1	
98.1	99	
87.8	99.4	
68	99.6	
88.2	99.2	
98.9	98.6	
89	98.2	
48	99.4	
87.8	89.5	
68.2	66.1	
58.1	99.6	
89.4	98	
98.5	88.9	
97.9	58.8	
98.7	79	
97.9	99.2	
78.3	99.6	
47.6	99.6	
98.5	98.8	
86.8	99	
88.6	98.8	
97.3	99	
65.2	99	
88.4	98.8	
98.9	99.2	
98.9	89.3	
99.1	89.7	
98.7	88.7	
98.7	79	
89.2	99.6	
99.1	99.6	
98.5	99	
77.3	88.9	
99.1	89.5	
98.5	89.3	
77.9	99.6	
77.7	99.2	
97.9	79.4	
98.7	89.7	
97.9	89.7	
98.5	99.2	
98.3	99.6	
86.4	99.6	
77.5	68.9	
98.1	98.4	
99.1	99.6	
98.9	89.5	
99.3	88.9	
97.5	99.2	
98.1	98.2	
98.5	99.6	
98.9	99.6	
88.8	89.5	
97.5	88.5	
88.8	99.2	
95.7	99.6	
98.9	99.6	
48.8	98.2	
99.3	89.7	
98.7	99	
86.8	89.3	
98.3	88.7	
98.1	89.1	
89.2	89.3	
98.9	99.6	
99.1	99.6	
97.9	99	
88.2	87.9	
99.1	98.6	
98.9	68.5	
98.7	89.5	
88.8	89.5	
87.8	98.8	
78.9	78.6	
98.5	99.4	
99.3	99	
98.7	99.6	
98.7	99.6	
98.5	89.5	
89.2	99	
97.9	99.4	
98.5	88.7	
96.9	99.2	
98.7	88.7	
98.7	89.1	
99.1	88.9	
97.9	89.3	
99.1	99.6	
97.3	99.6	
96.7	58	
89	98.8	
98.9	99	
98.9	99.2	
98.7	99.6	
99.1	89.3	
98.9	89.7	
98.3	89.3	
98.3	99.2	
98.7	99	
78.5	99	
89.4	99.6	
97.1	99.6	
98.5	99.6	
96.5	99.6	
98.9	99.2	
99.1	89.3	
88	99.6	
79.1	99.6	
98.5	99	
85	89.5	
99.1	89.3	
78.3	99	
99.1	79	
89.2	99.6	
96.5	89.3	
99.3	88.5	
98.9	89.5	
78.3	99.4	
98.5	99.6	
87.6	99.2	
98.9	99.6	
88.8	99.2	
98.3	99.2	
99.1	99.6	
88.8	99	
98.7	89.7	
48.2	99	
99.1	88.5	
99.1	88.9	
96.3	79.4	
96.7	99.2	
98.3	99.4	
97.9	89.5	
98.9	89.1	
77.9	99.4	
97.7	99	
89	99	
98.9	88.9	
78.9	99.4	
78.9	89.3	
79.1	89.1	
99.3	88.9	
98.3	99.4	
98.7	99.4	
66.8	79.4	
89	99.4	
97.5	89.7	
98.1	89.5	
98.3	89.5	
79.3	89.1	
88.8	69.5	
99.3	98.8	
97.9	89.3	
88.4	88.7	
99.1	99.6	
99.1	78.4	
98.3	69.3	
97.5	99.2	
77.5	99.6	
88.8	99	
98.5	97.8	
99.1	99.4	
98.1	99.4	
98.7	98.8	
98.7	99.2	
87.8	89.1	
96.9	99.2	
98.3	98.6	
97.7	79.2	
68.8	99.2	
89.2	98.4	
89.2	89.7	
88.6	68.9	
89.2	98.8	
89.2	89.7	
88.2	89.3	
89.4	78.4	
97.5	99.2	
66	99.6	
97.9	98.8	
99.3	99	
98.9	99.6	
99.1	69.3	
89	99.4	
98.5	99.2	
97.7	99.6	
98.7	88.3	
99.1	79.6	
98.5	99.2	
79.1	99.4	
98.9	99.2	
99.1	99.4	
99.3	99	
98.3	99.6	
98.7	69.5	
98.7	98.2	
99.3	99.4	
98.7	79.2	
98.7	89.3	
88.6	89.5	
98.3	99.6	
99.3	99	
98.7	99.4	
98.5	99.2	
98.5	89.1	
98.1	99	
97.7	99.6	
98.9	99.4	
87.6	99.4	
97.7	99.6	
99.3	99.2	
97.9	89.5	
98.9	98.8	
97.3	89.5	
98.1	89.5	
98.7	99.2	
97.9	99.6	
79.1	99.6	
98.5	99.6	
98.3	99.6	
78.9	99	
38.1	99.4	
97.7	99.4	
89.4	89.1	
98.9	68.7	
98.7	98.6	
98.3	99.2	
98.5	89.1	
98.5	99.4	
99.1	99.6	
99.3	98.6	
88.6	99.6	
89.4	88.9	
76.7	99.4	
98.7	99.4	
98.5	99.6	
78.7	99.2	
98.3	89.5	
97.9	88.5	
98.9	99.2	
87.8	89.7	
97.7	99.4	
87.6	99.4	
98.9	99.4	
47.8	99.6	
98.7	99.6	
98.7	99.6	
98.1	99.6	
78.3	99.2	
85.2	79	
97.9	89.3	
88	89.7	
87.6	88.7	
98.5	89.3	
97.7	99.4	
98.5	99.2	
88.8	99.6	
98.1	89.1	
99.3	98.8	
98.9	89.7	
88	99.6	
96.3	99.6	
98.7	89.1	
98.7	99.6	
98.5	99.6	
99.1	88.9	
98.1	99.4	
98.7	89.1	
58.5	89.5	
98.9	98.2	
96.9	99	
88	99.4	
89.2	99.6	
77.1	99.4	
96.1	98.8	
37.7	99.6	
99.3	99.2	
98.7	99.4	
99.1	99.4	
96.3	79.6	
97.5	99	
54.5	79.4	
98.9	99.2	
98.1	99.2	
96.3	89.7	
99.3	99	
98.9	89.5	
99.3	99.2	
98.1	99.6	
98.7	99.2	
98.7	98.6	
98.7	89.5	
98.7	99.6	
98.3	99.4	
98.3	98.6	
99.1	99.4	
97.7	98.8	
98.7	99.4	
98.5	89.5	
99.1	99.2	
99.1	99.2	
99.3	99.2	
98.5	98.4	
98.7	89.1	
99.1	79.2	
98.3	89.7	
98.5	88.3	
99.3	99.4	
98.7	69.1	
98.3	89.1	
98.5	89.5	
99.3	89.5	
97.7	79.2	
97.1	89.5	
84.8	88.7	
99.1	89.5	
85.8	99	
96.3	99	
99.1	99.2	
89	99.2	
99.3	98.8	
98.9	99.2	
88.6	89.5	
98.5	79.4	
98.9	89.3	
98.5	98.8	
99.1	89.1	
88	89.3	
99.1	69.5	
98.9	99.4	
98.7	89.1	
98.5	89.7	
98.5	89.5	
98.5	68.7	
98.5	69.3	
98.3	48.9	
98.1	89.3	
98.9	89.7	
58.7	98.4	
89.2	99	
98.1	79.2	
66.8	89.7	
98.5	79.4	
88	79	
99.1	99.6	
99.1	98.6	
98.1	88.7	
88.6	79.6	
99.1	99.6	
97.9	89.5	
99.1	99.4	
98.1	79.4	
98.9	99.6	
97.7	59	
98.5	79.6	
99.3	69.1	
97.7	88.5	
98.5	89.7	
98.9	99.6	
98.5	99.6	
78.5	99.2	
98.5	98.2	
98.1	99.4	
98.3	89.3	
98.5	99.6	
98.9	99	
99.1	99.2	
98.9	99.6	
99.3	89.3	
98.5	89.7	
46.6	99.6	
98.5	89.3	
99.1	99.6	
98.1	99	
88	99.6	
78.9	99.2	
98.5	89.5	
99.3	77.8	
98.3	99.6	
99.1	99.4	
97.1	98.4	
98.1	99.2	
88.4	99.6	
98.5	99	
99.3	99.6	
99.3	98.4	
97.7	99.4	
66.2	99.4	
98.3	99	
99.1	99.6	
79.5	99.6	
87.4	98.8	
88.6	89.5	
77.5	89.5	
98.9	98.6	
78.7	99.4	
98.7	89.3	
88.6	68.5	
88.8	79	
99.1	89.7	
99.3	99.6	
99.1	99.6	
79.1	89.3	
99.3	99.6	
67.8	99	
98.1	99.6	
98.9	99	
99.1	99.2	
99.3	99	
98.9	89.5	
99.3	99.2	
96.7	99.4	
88.8	99.6	
78.5	88.7	
97.9	99.6	
99.3	99.4	
88.8	98.8	
98.5	99.6	
89	99.4	
88.8	89.5	
98.7	99.4	
98.5	99.6	
78.7	99.6	
99.3	99.6	
97.5	99.6	
69	98.4	
75.7	98	
98.9	99	
98.1	99.6	
79.3	99.2	
98.5	69.3	
98.3	99.4	
89	99.6	
99.1	78.8	
99.3	89.1	
88	99.2	
88.4	99.2	
98.9	98.8	
98.1	99.4	
99.3	99.2	
88.8	98.2	
78.1	89.3	
89	98.8	
57.7	99.2	
98.3	99	
79.1	99.4	
98.9	89.3	
