32.5	67.3	
52.9	78.8	
96.5	99.6	
85.6	99	
15.2	97	
62	88.3	
94.7	99.2	
96.9	86.9	
47.9	99.6	
98.5	99.4	
96.9	89.3	
97.3	89.5	
85.6	99.4	
81.4	98.8	
96.7	97.6	
51.5	98.8	
74.1	99.6	
98.7	99.2	
98.3	89.3	
98.7	89.7	
92.5	89.1	
98.9	99.6	
99.3	99.2	
98.9	88.1	
96.5	98.8	
96.9	89.7	
98.7	99.4	
97.1	98.8	
98.5	99.4	
98.1	89.5	
98.9	89.1	
95.3	96	
98.1	98.4	
98.3	99	
96.1	78	
86.6	99.6	
98.3	98.4	
96.5	98.8	
85.8	88.9	
98.1	99.4	
96.3	99.4	
98.9	98.8	
76.5	98.6	
98.7	89.1	
98.7	97.2	
99.1	99.6	
98.3	76.6	
99.1	89.5	
98.5	99	
98.1	99.6	
84.6	99.2	
89.2	99.4	
99.1	97.8	
98.9	89.7	
97.7	98.2	
63	99	
97.9	99.4	
98.9	88.9	
99.1	98.8	
61.2	88.5	
77.9	99.4	
98.1	88.9	
98.9	98.6	
86.6	89.7	
98.9	98.4	
96.7	98.8	
99.3	98.6	
97.9	78.6	
88	79.6	
96.9	78.8	
75.9	99.2	
68.8	99	
98.5	97.8	
96.3	79.4	
67.6	99.4	
95.7	88.9	
66.6	99.2	
98.9	99	
96.7	99.6	
99.1	98	
66.6	99.4	
68.4	89.3	
97.3	97.4	
98.9	99.6	
99.3	97	
98.9	88.1	
96.9	98.8	
97.3	98.2	
97.3	99.4	
98.9	99.6	
88.8	99	
97.3	99.4	
98.3	99.6	
98.3	89.1	
98.9	88.9	
97.9	98.4	
96.5	99	
98.7	99.4	
97.3	89.5	
98.1	98.2	
98.7	99.2	
99.1	99	
96.7	99.4	
97.9	88.7	
96.9	99.4	
97.3	98.8	
96.5	89.3	
97.9	98.6	
98.5	99.6	
98.7	98.2	
86.6	99.2	
97.1	89.5	
75.5	98	
87.4	99.4	
98.7	59.2	
98.9	99	
98.9	98.6	
98.7	99.2	
98.9	98.8	
97.3	89.5	
77.9	99	
99.1	98.8	
99.1	98.8	
97.7	99	
98.5	99.6	
98.5	99.4	
97.5	98.8	
87	98.8	
99.1	99.6	
87.8	99	
99.3	89.7	
97.5	99.6	
97.3	99	
78.5	88.7	
86.6	69.3	
86.4	57.6	
88.4	98.8	
75.3	98.8	
95.5	99.2	
96.9	99.4	
99.3	99	
98.7	68.7	
97.3	97.4	
86.6	97.6	
98.9	89.5	
98.7	89.7	
97.9	99.6	
98.9	98.6	
96.5	89.1	
98.7	98.8	
96.9	89.1	
98.3	99.6	
98.5	89.3	
98.9	68.9	
77.1	78.4	
86.2	99.4	
64.2	99.6	
98.5	89.5	
88.6	99.2	
79.1	99.6	
77.7	98.8	
97.3	89.1	
97.5	97.8	
98.1	99.6	
98.7	98.6	
98.7	89.3	
88.8	97.8	
97.3	79	
89	88.3	
84.6	99.4	
98.7	89.3	
99.3	99.2	
98.5	89.1	
98.9	99.6	
98.9	99.2	
87.2	98.6	
99.1	98.6	
98.1	99.4	
74.5	99.2	
89.2	89.3	
98.9	99.2	
99.1	89.5	
99.3	99.4	
98.7	99	
98.7	79	
87.2	89.1	
98.9	97.8	
87.2	77.2	
98.1	99.2	
99.3	89.5	
97.7	99.4	
98.1	99.4	
98.3	68.7	
98.3	99.4	
98.9	89.3	
98.7	77	
98.7	88.1	
75.5	99.2	
97.9	78.8	
98.7	89.7	
62.8	99	
98.5	98.2	
54.3	99.2	
98.3	99	
98.9	99.2	
99.3	79.4	
89	99.4	
88.2	98.8	
98.9	89.5	
98.9	89.3	
88.4	99.4	
99.1	99.6	
57.5	99.2	
97.9	99.6	
88.4	99	
86	98.6	
65.4	99.4	
98.9	79.4	
98.1	89.3	
99.1	98.8	
77.9	99.2	
79.1	97.8	
88	79	
97.3	79.2	
98.5	99.4	
98.1	99.4	
97.9	89.1	
98.9	99.4	
89.2	99.4	
57.3	88.5	
96.9	99.2	
98.5	89.7	
99.1	98.4	
98.5	89.5	
56.9	79.4	
99.3	99.6	
98.7	99	
97.9	89.3	
57.1	99.4	
97.9	89.1	
98.7	99.4	
99.3	88.7	
96.5	69.1	
97.3	79	
98.9	98.6	
99.3	99.6	
97.3	99.2	
96.7	99	
97.7	79.4	
97.5	89.7	
99.3	99.2	
98.1	89.7	
98.5	89.1	
97.7	88.1	
97.9	99.4	
87.6	98.6	
97.1	98.8	
98.7	97.8	
98.1	88.9	
98.5	99.4	
97.9	88.5	
98.7	98.4	
98.1	79.6	
97.7	89.7	
97.7	98.6	
77.3	89.1	
98.9	89.3	
98.5	89.7	
89.2	89.7	
75.7	89.7	
98.7	99	
88.4	89.7	
98.3	89.5	
98.9	99.2	
77.3	89.1	
97.3	99.6	
78.5	89.5	
98.9	88.7	
98.7	79.2	
98.1	88.7	
58.5	99	
97.5	89.5	
98.5	99	
98.7	69.1	
98.7	99.4	
98.9	99.4	
69.2	99.4	
99.3	89.1	
97.7	89.1	
88	68.9	
98.5	99	
99.1	99.4	
98.7	89.7	
88.6	88.7	
98.7	89.1	
98.5	88.7	
99.1	89.3	
98.9	99.4	
99.3	99.2	
99.3	79.4	
55.5	89.7	
99.1	89.5	
97.3	89.5	
89.2	68.3	
97.7	99.6	
97.9	88.7	
85.6	99.4	
98.3	89.7	
97.1	69.5	
99.3	89.3	
97.7	89.1	
94.3	58.8	
98.9	79.4	
98.7	79.6	
99.1	88.9	
98.1	89.5	
78.1	78.6	
67.6	78.4	
77.3	89.3	
86	89.7	
88.8	97.6	
99.3	79	
98.5	89.7	
86.6	89.1	
88.2	79	
87	88.7	
98.1	89.7	
98.1	98	
58.1	87.3	
98.9	99	
98.9	79.2	
86.6	77.8	
98.7	89.7	
97.9	99	
87.4	89.5	
98.3	99.6	
98.5	99.2	
98.1	78.2	
98.5	79	
95.9	99.4	
98.5	89.7	
98.3	88.3	
97.3	99.2	
98.1	79.6	
98.3	89.3	
54.3	99.6	
97.9	79.2	
97.9	98.8	
87.4	89.7	
84.6	89.5	
77.5	99.2	
74.3	99.2	
98.7	98.2	
98.3	98.8	
98.5	99.4	
98.9	79.6	
97.9	97.8	
98.1	88.5	
87.6	99.6	
98.3	99.4	
99.3	99.6	
96.3	98.6	
98.3	99.2	
99.1	99.6	
98.5	98.8	
99.1	98.8	
56.9	78.8	
85.6	99	
96.7	99.6	
57.9	89.3	
98.9	88.9	
68	98.6	
95.5	88.9	
86.4	87.9	
56.3	99.2	
97.1	99.6	
98.1	99	
96.5	99.6	
98.5	75.6	
68.2	99.2	
98.3	89.5	
98.5	99.6	
98.5	98.6	
59.2	99.2	
99.3	99.2	
98.3	99	
64.6	68.7	
99.3	98.4	
98.3	88.9	
78.5	79.6	
98.3	89.7	
98.9	89.5	
97.9	78.4	
98.9	99	
78.3	99.4	
97.5	99.4	
99.1	99.6	
98.7	89.3	
99.3	99.2	
85.8	88.9	
97.5	99.2	
87.2	99.6	
96.7	99.2	
97.5	88.7	
96.5	98.6	
86.6	99	
96.7	98.8	
77.3	99.2	
98.7	99.6	
79.3	99	
99.3	88.9	
98.3	88.3	
78.3	89.1	
97.5	98.8	
98.9	99.2	
98.7	87.9	
99.1	99.2	
99.3	89.7	
98.7	68.3	
99.1	89.3	
99.3	99	
98.1	99.6	
95.9	98.2	
77.7	78.8	
98.5	78.6	
98.5	99.6	
88.6	99.4	
99.3	79.6	
98.7	78.4	
96.5	88.9	
66.6	99.4	
87.6	98.6	
97.1	67.3	
89	89.3	
99.3	89.5	
97.9	99	
69	99	
15.3	98.6	
86	99.4	
99.3	89.5	
98.5	99.6	
98.5	99.2	
98.7	47.1	
98.3	98.6	
99.3	78.8	
98.3	99.6	
97.1	99.6	
98.1	89.3	
98.5	99.4	
88.6	98.8	
98.9	99.2	
98.5	79.4	
68.2	98.8	
97.7	94.8	
99.3	89.5	
99.3	99.2	
98.5	99.4	
98.3	99	
97.7	99.2	
98.9	99.4	
98.9	57	
98.3	99	
98.5	98.8	
98.7	99.6	
99.3	89.5	
99.1	99.6	
78.7	98.8	
98.3	78.8	
87.6	67.3	
97.1	78.4	
87.4	97.8	
98.9	98	
98.9	98.4	
98.9	98	
98.5	99.4	
88.8	98.6	
97.9	99.6	
97.5	98.8	
85.8	87.7	
99.1	99.6	
87.2	89.5	
98.5	95.6	
99.1	99	
98.7	89.5	
99.1	98.6	
99.3	97.8	
98.3	99	
97.9	98.2	
98.7	88.9	
88	89.5	
78.9	99.4	
98.3	99.4	
56.7	98.8	
98.7	99.6	
98.1	99.2	
98.9	89.7	
99.1	79	
98.9	98.6	
97.5	98.4	
97.3	98.6	
