74.3	75.2	
76.1	85.1	
40.6	99.6	
76.4	99.4	
89.2	65.9	
96.1	99	
84.1	98.8	
87.6	98	
88.6	99.4	
97.1	96	
68.6	99.6	
79.1	99.6	
97.9	99.6	
94.5	88.7	
66.6	99.6	
98.1	98.8	
98.3	99.4	
98.3	97.6	
96.9	78.6	
96.7	99	
57.9	98.2	
98.7	89.1	
98.7	89.7	
98.7	89.7	
98.5	89.3	
99.1	99.6	
99.1	99.2	
98.7	79.4	
99.1	89.3	
62.4	99.4	
76.5	89.1	
98.9	89.3	
98.3	99.6	
99.3	99.4	
99.1	98.8	
56.5	96.8	
98.1	99.2	
88	99.4	
89	89.7	
98.3	99.2	
98.5	99.4	
98.9	99.6	
99.1	99	
98.7	99.2	
97.5	99	
98.3	99.2	
98.9	89.7	
98.9	99.4	
98.9	99.6	
94.7	99.6	
98.9	99	
98.9	89.7	
98.5	89.3	
99.3	89.5	
98.5	89.5	
98.9	99.6	
98.7	69.5	
98.1	89.7	
98.7	97.6	
98.7	99.6	
87.8	97.8	
86.4	99.4	
97.9	99.4	
88.2	99	
77.3	98.8	
76.7	98.8	
98.3	99	
97.9	99.4	
98.7	88.7	
43.6	99.6	
97.5	99.6	
97.9	88.3	
78.7	99.2	
98.5	99.6	
98.9	99.6	
99.3	59.2	
98.7	89.5	
98.5	89.1	
98.7	89.1	
98.3	79.2	
98.1	89.5	
88.6	98.2	
97.7	99.4	
98.3	98.4	
99.1	99.4	
98.9	89.1	
98.5	78.2	
98.3	69.1	
98.5	99.4	
97.5	79.6	
85.2	88.1	
97.9	89.5	
97.9	99.4	
87.6	99.2	
96.9	99	
68.8	99.2	
98.5	89.5	
99.1	88.9	
98.7	99.6	
98.9	89.3	
77.9	99.6	
99.3	89.5	
99.1	79	
98.3	99	
88.8	89.3	
99.3	98	
98.9	98.4	
98.1	89.1	
97.9	99.6	
98.7	89.7	
98.9	99	
88	99.4	
88.2	89.5	
87.4	99.6	
99.3	97.8	
99.1	99	
98.9	89.5	
97.3	88.7	
98.3	78.8	
99.1	89.1	
99.3	99.4	
98.9	99	
99.3	99.6	
58.9	79.4	
89.4	97.8	
78.7	99	
98.7	97.6	
99.1	88.3	
77.5	98.8	
98.7	79.4	
98.7	98.8	
98.7	99.6	
79.3	89.3	
88.6	69.1	
87.6	98.2	
99.1	99	
99.3	99.2	
87	99.2	
48.2	88.7	
98.5	99.6	
98.9	99.2	
87.8	99	
98.7	89.3	
98.3	98.8	
99.3	99.4	
98.7	89.1	
98.9	89.1	
99.3	99.2	
98.3	87.9	
78.3	98	
98.9	89.1	
98.1	89.1	
98.5	99.2	
97.1	89.7	
98.7	98.8	
88.4	89.7	
97.7	99	
97.1	79.6	
97.1	98.2	
98.7	98.6	
88.6	88.9	
98.3	99.6	
98.5	68.7	
99.3	78.6	
69	99.4	
99.1	99	
88.8	89.1	
97.5	89.1	
88.6	99.6	
97.9	97.6	
99.1	79.2	
98.7	89.3	
99.3	89.7	
99.1	87.7	
99.3	99.4	
98.9	99.6	
97.9	87.9	
78.3	99.4	
99.3	89.5	
98.7	99.2	
99.3	98.8	
68.8	99.6	
98.9	88.9	
98.5	89.7	
98.9	88.5	
78.1	99.4	
95.1	99.6	
98.9	99.6	
99.1	88.9	
99.1	88.9	
79.3	99.2	
84.2	87.5	
73.1	99.6	
98.5	88.7	
98.9	79	
98.9	99	
98.5	99	
98.7	88.9	
98.5	98.8	
68.6	99.6	
99.1	99	
78.9	89.7	
98.9	69.5	
58.5	99.2	
98.5	99.4	
74.9	69.5	
99.1	89.7	
97.1	89.1	
98.9	99.6	
97.1	99.4	
87.4	99.6	
99.3	99.4	
99.1	89.3	
56.5	89.7	
98.9	98.6	
98.1	89.5	
98.7	89.7	
98.9	99.4	
98.5	89.3	
79.3	99.2	
98.9	88.9	
88.8	89.7	
96.3	89.5	
78.9	66.9	
97.7	79.4	
98.9	89.5	
88	89.7	
89.2	89.5	
88.4	89.1	
98.3	89.7	
98.5	79.4	
98.5	79.4	
98.7	79.2	
38.5	99.4	
97.9	99.4	
78.7	89.5	
66.4	98.4	
98.3	89.5	
77.1	89.5	
98.7	89.5	
97.1	79.6	
98.5	68.7	
89	99.6	
98.9	99.6	
98.1	89.3	
98.7	99.6	
87.2	99.4	
87.6	99.2	
88.4	78.2	
98.5	89.1	
99.1	78.8	
88.8	79	
97.7	99.4	
98.5	87.7	
89.2	99.2	
98.9	99.2	
98.7	99.6	
88.8	88.9	
99.3	99.4	
88.8	99.4	
99.1	98	
99.3	77.8	
98.1	99.6	
98.3	99.6	
89.2	99.6	
98.9	89.3	
98.9	89.7	
56.3	99.6	
98.7	89.5	
86.4	89.5	
88	99.6	
99.3	78	
98.9	89.3	
99.1	79.4	
99.3	79.4	
98.3	89.5	
98.9	79.4	
99.1	88.9	
97.7	79.2	
99.1	79.4	
98.9	88.5	
78.9	99.4	
98.7	89.7	
97.1	89.5	
98.9	99.4	
88	99	
97.7	77.8	
98.1	99.4	
98.9	99.4	
98.1	98.4	
98.3	88.3	
88.8	89.1	
99.3	99.6	
88.4	89.3	
74.7	78.6	
88.8	89.5	
88.4	89.7	
98.5	89.5	
88.8	89.7	
98.3	79.2	
99.1	99.6	
88.2	99.6	
98.9	99.2	
88.8	99.4	
99.3	99.6	
99.3	99.6	
97.9	89.1	
98.9	89.1	
98.7	99.6	
77.9	89.7	
98.7	99	
48.2	77.8	
87.6	89.5	
99.3	89.5	
78.7	99.2	
98.9	89.7	
78.1	99	
69	79.4	
98.9	89.5	
97.9	99.4	
98.5	99.2	
97.1	99.2	
99.1	99.2	
98.1	99.6	
69.4	99.2	
77.9	99.4	
99.3	77.8	
89.2	99.6	
76.7	89.5	
98.9	28.5	
79.1	99.4	
99.3	89.1	
88	89.5	
98.7	89.1	
98.9	98.8	
98.3	99.2	
77.5	99.4	
99.1	88.9	
96.7	99.4	
98.7	99.2	
99.3	99.6	
98.9	89.5	
88.8	89.7	
98.7	98.8	
36.3	97.2	
99.1	88.9	
99.3	99.4	
98.7	98.8	
98.1	99	
99.1	99.6	
89.2	89.5	
98.7	99	
99.1	99.2	
98.5	89.7	
98.1	89.7	
98.5	99.2	
98.7	99.2	
97.7	99.4	
99.1	98.6	
93.7	99.4	
78.1	99.4	
89	87.9	
88.8	98.6	
98.7	89.5	
98.7	99.2	
98.9	88.5	
89	98.8	
98.3	99.2	
99.3	87.1	
99.3	99.6	
77.9	99.2	
97.7	99	
78.5	99.2	
67.6	89.1	
98.5	88.5	
99.1	99.4	
99.1	98.8	
98.1	99.6	
98.5	99.4	
95.7	89.5	
97.7	98.2	
88.4	99.4	
99.3	88.1	
98.7	98.2	
98.9	99.2	
85.4	99.4	
98.9	98.6	
78.9	99.6	
77.3	88.7	
98.9	79.2	
99.1	99.6	
78.9	99	
99.1	89.3	
98.1	89.3	
98.3	99	
97.9	99	
99.3	89.7	
98.7	99.2	
98.7	99.6	
99.1	88.9	
95.3	98	
97.7	99.6	
98.7	88.5	
97.5	68.3	
88.4	99.6	
87.8	79.6	
97.3	99.6	
99.1	89.1	
98.5	99.4	
97.7	89.7	
97.7	99.4	
99.1	98.8	
89.2	99.2	
68.6	88.9	
76.7	99.6	
98.9	99.6	
98.1	78.6	
98.7	89.5	
99.3	89.5	
98.7	99	
87.6	99.4	
99.1	98.2	
78.1	99.2	
99.1	98	
98.7	99.2	
97.9	99.2	
98.7	99.6	
98.9	99.2	
99.1	99.4	
99.1	99	
88.8	98.2	
97.7	99.2	
79.5	99.4	
98.7	99.6	
97.7	98.8	
99.1	89.5	
75.9	89.1	
98.7	98.8	
88.8	99.4	
76.9	89.5	
98.1	99	
98.5	99.2	
98.9	69.3	
89	99.2	
98.5	99.4	
98.3	88.7	
96.7	88.5	
99.3	99.6	
97.9	99.6	
94.9	99.4	
98.7	99.2	
99.1	99.4	
98.1	99.4	
98.7	98.4	
99.1	99	
89	99.4	
98.9	87.1	
97.5	88.7	
98.9	99.4	
98.9	89.3	
97.7	89.1	
99.1	78	
99.1	96.6	
98.9	79.4	
97.5	99.4	
98.5	98.4	
98.3	69.3	
97.3	99.4	
98.1	97.8	
98.5	99	
98.7	88.7	
98.7	99.4	
98.7	89.5	
98.9	88.5	
97.9	98	
99.3	89.7	
89.2	99.6	
99.3	99.6	
98.9	78.6	
98.9	99.4	
98.7	99.4	
88.6	99	
98.9	99.2	
98.7	99.2	
77.5	98.4	
98.5	99.6	
89.2	99.6	
97.9	99.6	
99.3	99.2	
98.9	99.2	
99.3	99.4	
98.7	88.5	
98.5	88.7	
98.7	88.7	
97.9	78.8	
98.7	99.6	
89.4	99.6	
98.7	88.5	
78.3	99.4	
98.7	98.6	
