94.3	99.6	
66.4	47.2	
95.3	89.7	
75.1	79.6	
87.8	89.7	
98.5	99.6	
84.4	99.2	
98.3	89.7	
97.5	99.4	
98.9	88.9	
99.1	98.8	
98.1	99.2	
98.3	89.3	
99.1	99.2	
57.1	98.4	
98.3	87.1	
88	99.2	
89.4	79	
99.1	99	
98.9	79.6	
96.7	99.4	
99.3	99.4	
98.1	99.6	
99.1	99	
97.1	99.4	
98.5	99.6	
97.7	99.4	
98.7	99.6	
98.7	99.4	
98.9	99.6	
98.7	99.4	
98.9	98.4	
98.9	99.2	
89	89.7	
58.1	99.6	
78.7	89.5	
54.9	88.9	
98.3	89.5	
98.1	99.6	
98.9	99.4	
98.9	89.3	
99.3	79	
98.9	99.6	
99.3	98	
99.1	98	
88.2	89.5	
98.9	99.4	
98.3	99.2	
97.9	99.6	
97.9	99.4	
87	99.6	
68	99.6	
87.2	88.1	
88.2	89.1	
98.1	99.4	
88.6	99.2	
98.1	89.1	
98.3	99.6	
99.1	89.7	
99.1	99.6	
88.8	99.6	
99.1	99.6	
98.3	99.2	
98.5	89.7	
87.4	98.4	
99.1	99	
99.1	89.5	
88.6	98.8	
76.7	98.4	
98.3	99.6	
99.1	98.8	
98.9	99.2	
98.5	99.4	
99.1	98	
99.1	98.4	
99.1	89.7	
99.1	89.7	
98.3	89.7	
99.3	79.2	
98.7	79.6	
99.3	79.2	
98.9	99	
87.2	99.4	
99.3	99.4	
98.9	99	
98.9	99	
88.6	79.4	
98.5	79.4	
98.7	98.8	
98.5	99.6	
99.3	88.5	
98.1	89.3	
99.1	99.6	
99.1	99.6	
89.2	99.4	
99.3	89.7	
87.8	89.5	
97.9	99.2	
88.6	69.3	
99.3	98.8	
78.7	89.7	
88.4	99.4	
88.8	89.7	
98.7	88.9	
78.1	89.7	
98.7	89.5	
99.3	79.6	
99.1	89.7	
89.2	89.7	
99.3	89.5	
97.9	89.5	
99.1	99	
99.1	89.3	
98.5	88.9	
99.1	89.1	
98.9	88.9	
78.7	98.8	
99.3	79.6	
98.3	88.5	
97.1	89.7	
98.9	89.3	
98.3	99.6	
88.6	99.2	
97.7	99.4	
98.5	98.2	
98.1	89.1	
99.3	99.4	
98.7	88.9	
98.9	99	
99.1	89.1	
98.5	99.6	
99.1	99.4	
98.3	99	
99.1	99.2	
98.1	88.9	
88.4	89.7	
99.1	99.6	
99.1	99.6	
98.9	99.6	
98.9	89.5	
86.8	99	
98.5	99	
98.1	99.6	
97.9	99.4	
97.5	89.5	
98.7	99.2	
98.3	99.4	
98.3	99.4	
99.1	98.8	
98.3	99.6	
99.1	79.4	
98.9	98	
98.3	88.9	
98.3	99.6	
98.9	99.6	
98.9	99.6	
99.1	99.6	
98.5	99.6	
99.1	89.3	
98.9	99.4	
87	69.3	
98.9	79.6	
89.4	99.4	
98.9	99.4	
99.3	89.1	
98.5	89.7	
97.7	99.6	
99.3	99	
98.9	99.6	
98.5	89.7	
88.6	89.5	
98.5	89.1	
97.9	99.2	
99.1	99.6	
98.3	98.8	
97.7	87.5	
99.3	99.4	
99.3	98.8	
98.7	99.6	
99.3	99.6	
98.5	99.2	
98.7	98.4	
99.3	99.2	
98.9	99	
98.9	88.9	
98.9	99	
98.9	99	
78.3	89.3	
99.1	99.6	
88	89.3	
98.9	99.6	
89	89.1	
88.8	89.7	
98.7	99.6	
89.2	89.7	
99.3	99.6	
99.3	89.5	
98.5	89.7	
99.1	99.4	
88	78.6	
99.1	99.6	
98.9	68.5	
99.1	99.4	
98.9	99.4	
98.9	89.7	
99.1	89.1	
99.1	79.4	
98.7	89.5	
98.7	99.2	
99.3	99.6	
99.3	99.6	
88.4	89.1	
99.3	99.4	
98.5	89.5	
88.2	99.6	
99.3	89.3	
87	99.4	
99.1	99.4	
88.6	99.2	
88.8	99.4	
98.3	99.2	
99.3	98.6	
98.9	98	
98.7	58.6	
99.1	98.8	
78.7	99.6	
99.1	98.2	
98.9	99.4	
79.3	98.8	
78.7	99.4	
98.7	99.6	
78.3	79.6	
99.3	99.4	
99.3	88.9	
99.1	99.6	
89.4	99.6	
89	78.8	
97.7	89.5	
99.3	99.4	
99.3	99.2	
88.8	89.5	
99.1	89.3	
99.1	99.4	
98.3	98.8	
99.1	99.6	
99.1	88.7	
85.6	89.7	
99.3	99.6	
97.9	88.9	
98.9	99.2	
99.1	99	
98.7	99.6	
88.6	99.6	
98.5	99.6	
99.1	98.6	
79.1	89.1	
99.1	89.7	
99.1	99.6	
98.5	99.4	
98.7	99.6	
99.1	89.5	
99.3	79.2	
99.3	98.6	
99.1	99.6	
98.9	99.4	
98.3	99.4	
99.1	99.2	
98.7	99.2	
98.5	99.2	
99.1	99.2	
99.1	89.5	
99.1	99.6	
99.3	99.6	
89.4	98.4	
78.3	89.7	
98.9	89.5	
99.1	89.7	
98.7	89.1	
88.8	89.5	
98.9	89.7	
77.9	99.6	
88.8	99.2	
98.7	99.2	
86.4	89.7	
98.7	89.7	
98.7	89.7	
77.7	89.7	
99.3	89.5	
78.1	99.6	
98.9	79.6	
89	69.3	
78.5	99.2	
97.3	99.6	
99.3	89.5	
89.2	89.7	
88.8	99.6	
98.3	99	
89.4	89.3	
99.1	99.2	
99.1	99.4	
97.3	99.4	
99.1	89.5	
87.6	99.6	
99.1	99.4	
98.9	99.6	
99.1	79.2	
99.1	79	
98.7	99.6	
98.9	99.4	
88.6	89.1	
98.9	89.5	
98.5	99.6	
98.3	99.2	
99.1	99.4	
99.3	99.6	
98.3	99.6	
97.5	88.7	
99.1	99	
88.4	99.2	
97.5	79.2	
78.9	99.6	
78.7	99.2	
78.7	99.6	
89.2	89.5	
98.5	89.1	
98.3	99.4	
99.1	99.6	
98.7	99.4	
99.3	99.6	
99.1	99.4	
99.1	99.4	
98.5	88.9	
99.1	99.6	
98.9	98.6	
89	99.4	
98.9	88.9	
58.1	99.4	
99.1	99.6	
89.2	99.2	
88.8	99	
99.1	89.7	
78.5	89.3	
99.3	99.2	
97.5	89.5	
87.8	89.5	
98.9	88.9	
98.1	99.6	
99.3	79.4	
89	98.4	
98.1	99.6	
99.1	99.4	
88.6	99.2	
99.3	58.4	
98.7	99.4	
99.3	68.5	
98.7	99.4	
89.4	99.6	
78.3	99.2	
97.9	99.4	
89	99.2	
98.3	99.4	
99.1	99.6	
97.9	89.3	
97.9	99.2	
98.9	99	
99.1	99.6	
98.9	99.4	
98.9	99.4	
57.7	99.6	
98.9	89.5	
99.3	89.3	
99.1	99.6	
98.7	99.2	
98.9	89.1	
98.7	99.6	
89.2	98.8	
98.7	99.6	
99.1	99.4	
99.3	98.8	
99.1	99.4	
98.7	89.1	
97.3	99.4	
98.9	69.5	
99.3	99.4	
98.7	89.3	
98.3	99.4	
98.5	89.7	
98.5	89.5	
99.1	99.2	
99.3	99.4	
98.7	79.4	
99.3	88.1	
99.1	97.8	
98.9	68.5	
98.7	89.5	
98.7	99.4	
99.3	88.9	
97.9	99.4	
98.9	99.4	
98.7	99.6	
87.4	99	
98.5	99.4	
99.3	99.4	
99.1	99.4	
98.9	89.7	
98.5	99.6	
99.3	79.6	
99.3	99.4	
78.7	89.3	
98.5	99.2	
99.3	99.2	
97.7	89.1	
99.3	89.3	
98.7	89.3	
99.3	69.1	
99.1	99.6	
98.3	99.4	
87.8	99.4	
99.3	99.6	
98.9	79.4	
99.1	99.2	
99.3	89.1	
98.3	99.2	
77.9	88.9	
88.4	99.6	
99.3	88.9	
99.1	89.5	
68.6	99.6	
98.7	99	
88.8	88.9	
99.3	99.2	
99.1	99.2	
99.1	89.5	
78.5	99.2	
99.1	99.2	
98.9	98.8	
98.7	99.4	
98.9	89.7	
98.5	79.2	
99.3	89.5	
98.9	99.2	
89	99.6	
98.7	99.2	
97.9	89.1	
78.9	99.6	
98.7	99.4	
99.1	88.9	
99.3	99.6	
98.7	99.6	
89.4	89.5	
99.3	99.2	
98.5	99.6	
98.3	99.4	
98.9	99	
88.2	98.6	
98.9	99.4	
99.1	99.2	
98.5	57.8	
98.9	99	
98.7	98.6	
99.1	89.7	
88.8	99	
99.1	99.4	
97.9	99.4	
99.1	99.4	
98.9	99.2	
99.1	89.7	
99.3	89.7	
88.8	68.7	
88.8	99.4	
98.3	89.7	
98.9	88.9	
98.3	89.7	
98.3	99.4	
98.7	89.1	
99.1	99.6	
98.7	89.7	
99.3	99	
98.9	99.2	
98.5	99.2	
99.1	89.1	
98.9	99.6	
98.9	99.6	
99.1	99.4	
99.1	99	
98.7	99.6	
98.9	89.7	
97.7	89.7	
99.1	99.6	
99.3	98.8	
99.1	89.5	
99.3	98.6	
98.9	99.4	
98.7	99.6	
79.3	99.6	
98.5	99.6	
99.3	88.9	
99.3	99.4	
99.1	98.4	
99.1	89.1	
