73.7	89.5	
98.9	95.8	
41.8	89.5	
82.6	99	
88.2	74.2	
97.9	96.6	
99.1	79	
91.7	88.9	
72.5	89.5	
90.9	99.4	
97.7	69.5	
99.3	78.4	
97.7	98.4	
97.5	79	
97.9	99.6	
84.6	99.2	
78.5	89.1	
32.9	89.3	
77.9	98.6	
98.3	99.6	
54.5	98.4	
68.6	98.4	
99.3	98.4	
99.3	88.7	
99.3	99	
57.3	99	
99.3	98.6	
96.9	89.5	
97.1	88.9	
86.4	89.5	
97.9	98.4	
99.1	89.5	
98.9	89.5	
95.1	88.9	
98.9	99	
98.5	88.5	
97.9	79.2	
98.3	98.6	
98.9	99.6	
94.7	99	
98.7	88.9	
98.5	98.2	
98.3	57.4	
68	99.2	
98.7	99.4	
88.2	99.6	
87.4	98.6	
88.6	89.5	
94.9	89.1	
89.2	98.6	
88	78.2	
78.5	77.4	
88.6	99.6	
87.6	99.4	
87.8	59	
75.5	99.2	
98.7	99.4	
25.2	88.9	
47.4	98.2	
77.7	97.4	
76.9	88.9	
87.6	98.4	
98.7	98.8	
96.9	99.6	
99.3	99	
98.1	99.6	
98.3	99.6	
96.7	89.3	
97.9	97.2	
98.7	99.6	
98.3	99.4	
98.7	78.8	
87.4	89.5	
89.2	87.1	
98.9	99	
98.9	99.4	
85.8	89.5	
87.4	99.2	
88.4	99	
66	99	
97.3	99	
48	99.4	
67.2	99	
97.3	99.6	
47.6	89.7	
57.7	87.9	
99.3	97.4	
99.3	99	
98.7	88.3	
25.8	99.2	
86.4	88.1	
67.2	99.4	
98.3	99.6	
98.9	97.6	
83	99.4	
86.6	98.8	
37.1	99.4	
98.9	99.6	
99.1	97.2	
98.9	88.5	
86.6	99.4	
98.9	88.7	
66.8	89.3	
74.5	77.4	
77.5	96.4	
88.4	89.7	
99.3	78.6	
99.1	99.4	
85	98.8	
97.3	89.1	
98.7	98.8	
88.6	97.6	
97.9	79.4	
66.2	89.1	
99.1	89.7	
98.3	99.2	
98.1	98.8	
98.9	89.5	
78.3	99.6	
99.1	79	
98.1	99	
97.9	97.4	
98.3	68.9	
97.3	89.7	
98.5	98.4	
98.7	68.3	
96.5	98.4	
98.3	88.7	
98.1	79.4	
98.1	99.2	
44.8	99.2	
99.1	89.7	
89.4	98.6	
97.9	89.7	
78.7	88.7	
98.7	88.5	
98.3	67.7	
98.9	89.1	
79.3	88.7	
68.8	89.3	
98.9	99.6	
98.7	89.3	
79.1	99.4	
89	99.2	
85.8	98.6	
89	99.2	
98.5	58.6	
98.7	99	
98.5	99.6	
97.9	89.7	
85.2	89.7	
97.9	89.3	
99.1	79.4	
86.2	78.4	
98.9	69.5	
99.1	84.5	
88	99.6	
97.7	99	
98.1	99.4	
98.5	99.2	
98.1	98.8	
98.3	79.4	
96.7	98.6	
98.3	88.5	
88.8	89.5	
58.1	89.5	
97.7	88.9	
97.7	89.1	
98.3	78.2	
89	99.4	
67.6	99.2	
98.3	89.1	
99.1	99.4	
88.6	89.7	
99.3	99.2	
98.9	79.2	
88.8	89.7	
86.6	87.9	
97.7	89.3	
88.8	88.9	
97.7	99	
78.9	88.9	
87	98	
67.8	88.3	
98.9	99	
98.1	78.8	
87.2	99.4	
98.5	99	
97.9	99.4	
98.5	99.4	
83.6	99.2	
66.8	99	
77.3	99.2	
98.7	89.7	
99.1	89.3	
87.8	99.2	
99.1	99.4	
87.8	89.5	
78.9	89.5	
65.6	59.2	
87.6	89.7	
75.7	88.5	
98.1	99.4	
97.3	69.1	
77.7	87.9	
88.8	99.6	
99.3	88.9	
99.3	87.5	
98.5	99.4	
99.1	99.6	
88	99.4	
98.5	99	
98.9	98.4	
99.3	99.4	
79.3	99.4	
87.4	98.6	
96.9	77.2	
69	89.5	
99.1	99.4	
16.3	88.7	
98.9	89.5	
47.2	99.4	
99.3	78.6	
98.5	89.5	
38.5	67.5	
98.9	79.6	
35.7	89.3	
48.4	99	
99.1	88.9	
55.3	99.2	
98.1	99.6	
69.2	98.8	
98.7	78.4	
97.7	98.6	
97.1	79	
78.3	89.5	
25.2	89.1	
67.2	99.4	
98.9	99.2	
98.5	68.7	
98.7	99	
97.9	99.4	
99.3	99.6	
98.5	99.2	
37.1	99.6	
99.1	99.6	
99.3	99.6	
98.9	89.7	
58.5	98.2	
98.7	89.3	
66.2	98.2	
99.3	99.6	
98.1	88.3	
98.9	98.4	
98.3	87.9	
97.3	99.4	
50.3	89.3	
99.3	99.4	
73.3	99.4	
94.9	99	
88.8	99.4	
96.9	78.8	
98.7	98.8	
98.5	88.9	
78.5	89.1	
79.5	89.7	
58.7	78	
88.4	99	
88.6	89.3	
96.7	99.4	
99.1	89.5	
95.9	89.5	
99.3	89.7	
98.3	99.6	
86.4	57.8	
98.9	89.5	
98.7	79.6	
86	89.3	
98.7	98.4	
57.7	99	
95.3	89.3	
99.1	99	
97.5	98.8	
98.3	88.9	
68.4	99.4	
49.2	88.9	
66.6	98.2	
88.6	99.6	
99.3	88.7	
97.5	89.7	
47.2	89.7	
89	79.4	
88	99.4	
78.5	78	
98.9	99.6	
99.3	89.3	
96.3	98.6	
99.3	88.5	
64.8	89.3	
45.6	89.7	
99.3	99.4	
99.3	99.2	
88.6	88.7	
98.7	99.6	
98.3	78.8	
97.5	99	
99.1	89.1	
98.7	99.4	
77.3	89.3	
87.6	99.6	
88.2	98.8	
96.7	89.7	
98.7	99.4	
78.7	88.1	
85.4	89.7	
97.9	89.3	
98.9	98.2	
98.9	87.9	
87.2	99	
66.4	88.5	
97.9	89.5	
95.3	99.4	
98.3	99.6	
67.8	98.6	
99.1	97.8	
98.5	79.4	
97.5	88.7	
98.9	89.7	
47.4	79.2	
97.7	99.4	
47.4	89.7	
97.9	89.7	
97.5	98.6	
84.6	99.6	
98.9	98.8	
97.9	78.8	
98.3	89.1	
98.1	78.8	
98.1	89.5	
98.9	89.7	
98.9	99	
98.5	99	
99.1	99.4	
75.7	89.5	
98.1	79.2	
47.2	88.3	
98.9	98.4	
98.1	99.6	
78.3	99.4	
88.2	99.4	
98.9	99.4	
67.4	79	
98.5	78.4	
99.1	89.5	
97.9	99.6	
98.7	65.5	
97.7	98.4	
88.2	98.6	
96.3	69.1	
98.5	99.4	
98.1	78.4	
77.3	89.1	
95.9	78.4	
64	97.6	
94.1	99.2	
99.3	89.5	
97.3	66.9	
99.3	89.1	
88.4	79.2	
87.8	67.1	
94.1	77.8	
98.5	99	
98.9	89.5	
97.9	89.5	
98.9	99	
98.9	99	
99.3	88.9	
89	99.2	
88.4	77.4	
97.7	99.2	
77.1	88.5	
85.8	99.2	
86.2	98.8	
98.9	99	
62.6	88.7	
97.1	68.7	
96.9	89.7	
99.1	99	
88.8	88.7	
98.3	89.3	
98.7	99.2	
98.9	89.5	
99.1	99.4	
87.8	89.7	
75.7	98.6	
83.2	99.4	
96.9	89.7	
46.6	89.5	
99.1	79.2	
87.6	99.2	
47.2	87.9	
89.2	89.3	
89	99.2	
68.4	88.3	
99.1	89.7	
98.7	89.5	
98.1	99.6	
46	98.6	
88.4	68.5	
95.1	89.1	
98.7	78.4	
87	99.2	
57.5	77.4	
58.5	99	
99.1	89.5	
88.8	99	
98.7	89.1	
99.3	99.4	
87	89.1	
98.7	98.6	
97.5	89.5	
98.5	79.6	
75.1	89.3	
99.3	87.3	
98.7	99.4	
95.7	99	
98.3	98.8	
84.4	89.5	
85.2	99.6	
78.1	89.1	
99.1	78.4	
98.3	99.4	
96.7	89.7	
87.2	89.5	
77.1	88.5	
89	89.5	
97.9	96.2	
98.7	98.8	
78.3	99.2	
98.1	89.1	
99.1	68.9	
68.2	98.2	
98.7	99.6	
98.7	99.6	
49.5	68.7	
-24.1	88.7	
99.1	89.7	
14.5	99.4	
98.1	88.9	
89.2	98.8	
96.1	89.5	
97.1	88.7	
87.6	99.2	
99.1	89.1	
98.1	99.6	
98.1	89.1	
98.3	89.3	
77.5	99	
98.9	98.2	
98.1	57	
38.5	97.4	
97.9	99	
98.5	89.7	
98.7	89.5	
98.7	76.8	
97.9	99.6	
98.3	99.6	
98.5	99	
98.3	89.5	
15.1	78.8	
87.8	99.4	
97.5	89.1	
99.3	99	
88.4	79.4	
59.1	38.2	
97.3	99	
98.9	99.6	
87.8	98.8	
87.4	99.6	
99.3	89.5	
98.7	99.6	
97.1	88.9	
88.6	99.4	
98.5	99.2	
69	89.5	
98.5	89.3	
66.8	88.7	
98.7	78.6	
77.5	99.2	
99.1	98.8	
99.3	89.3	
98.9	99.2	
76.7	99.2	
78.1	99	
98.1	99	
98.3	99.2	
98.5	98.8	
78.7	99.6	
98.9	89.1	
97.7	99.2	
