46.5	99.6	
58	99.6	
83.4	86.9	
96.5	99.4	
88.8	99.6	
82.8	89.3	
85.8	99.6	
95.9	99	
96.3	99.6	
88.2	97.2	
86.6	99.2	
98.7	99.6	
97.9	99	
98.5	99.6	
98.5	99.2	
98.7	99.4	
88.8	99.6	
98.7	99.4	
98.7	99.2	
98.7	99.2	
98.5	88.5	
98.3	99.2	
98.9	99.4	
98.3	99.6	
98.3	99.6	
98.3	99.6	
98.7	89.3	
98.9	99.6	
98.7	99.6	
98.9	99.6	
98.5	98.2	
99.1	99.6	
98.7	99	
99.1	98.4	
98.1	99.6	
99.1	99.2	
99.3	89.3	
98.7	99.6	
98.9	99.2	
97.9	89.3	
97.3	99.6	
98.7	99.6	
98.9	99.6	
99.1	99.4	
98.9	99.6	
98.9	99.2	
98.7	99.6	
99.3	99.2	
98.7	89.3	
97.7	78.4	
98.9	99.2	
88	99.4	
97.7	99.6	
97.7	89.5	
97.9	99.2	
86.8	99.6	
98.9	99.6	
98.9	99.6	
98.5	99.6	
99.3	88.7	
99.1	99.4	
99.1	89.3	
99.1	88.5	
98.1	99	
98.9	99.2	
98.3	99.4	
98.9	99.6	
97.9	99.4	
99.1	99.6	
98.3	99.2	
99.3	89.5	
98.3	99.6	
98.5	99.6	
98.9	79.4	
99.3	99.6	
99.3	99.4	
87.2	89.3	
98.7	99.4	
99.1	99.6	
99.1	99.4	
97.5	99.6	
98.7	79	
98.3	99.6	
99.3	99.6	
99.1	79.2	
97.9	99.6	
98.9	87.9	
99.1	99.2	
98.1	98.6	
98.9	89.3	
97.5	88.7	
99.1	98.2	
99.3	89.1	
99.3	99.2	
99.1	98.8	
98.5	89.1	
98.7	89.7	
97.7	99.4	
97.3	89.1	
97.7	89.5	
98.5	99.4	
98.9	89.5	
99.3	99	
98.1	99.4	
99.3	79.6	
99.1	99.4	
99.3	79.2	
98.9	89.5	
58.5	89.7	
99.1	89.7	
98.1	99.6	
97.1	89.7	
99.1	99.6	
98.5	88.5	
98.7	89.5	
98.7	99.4	
87.2	78	
78.1	89.7	
99.3	68.5	
99.3	99.6	
98.9	89.5	
99.3	99	
98.5	89.7	
99.1	79.4	
98.7	89.7	
99.1	89.3	
97.3	99.2	
87.4	88.9	
98.9	89.1	
98.1	99.4	
98.7	68.7	
98.9	89.3	
98.7	88.7	
77.3	89.5	
88.8	89.7	
98.3	79	
89	89.7	
98.9	89.5	
99.3	99.6	
99.3	89.7	
97.9	89.5	
98.7	89.3	
78.3	99.2	
98.9	89.5	
99.1	89.7	
99.1	89.7	
88.4	99.4	
99.1	79.6	
98.7	99.4	
99.3	89.5	
99.3	89.7	
98.9	89.7	
98.9	99.4	
98.3	99.6	
97.9	99.6	
98.5	99.2	
98.7	89.7	
79.3	78.4	
98.9	89.7	
98.7	89.3	
88.6	67.9	
68	79	
99.1	99.6	
99.1	99.4	
99.3	99.6	
98.5	98	
97.1	99.6	
98.9	99.6	
99.1	99.2	
97.9	99.2	
99.3	88.7	
98.9	99.6	
99.1	79.4	
98.5	89.7	
97.5	99.4	
97.9	99.6	
98.9	89.1	
98.5	99.6	
99.3	99.6	
98.1	79.2	
98.3	89.7	
86.8	99.2	
89.4	98.8	
99.3	98.6	
89	89.7	
88.8	98.8	
97.9	98.8	
99.1	99.6	
99.1	99.6	
88	99.6	
98.5	99.4	
97.9	99.6	
78.3	99.6	
79.3	99.6	
98.7	99.6	
99.3	89.7	
99.3	99.6	
98.9	99.4	
98.3	99	
99.3	99.4	
89	99.6	
79.3	99.4	
99.1	99.4	
78.7	89.7	
98.5	99.4	
98.7	89.3	
99.1	99.6	
87.8	99.4	
99.3	98.6	
88.6	99.2	
99.1	89.7	
99.1	99.6	
99.1	99.6	
99.1	89.5	
99.1	89.3	
97.5	89.5	
99.1	99.4	
99.3	99.4	
58.5	99.4	
99.3	89.7	
98.5	99.6	
99.3	88.7	
98.9	99.6	
98.9	99.2	
97.7	89.3	
98.5	99	
97.5	98	
98.3	89.7	
99.1	99.4	
99.1	99.6	
99.3	89.3	
98.9	79	
98.7	88.5	
98.9	89.5	
68.8	99	
69	79	
99.1	99.6	
98.7	88.7	
98.9	99.6	
98.5	99.6	
99.3	89.5	
97.9	99.6	
99.1	89.7	
68.6	99.2	
98.9	99.4	
99.3	98.8	
99.3	99.6	
98.9	99	
98.7	99.6	
79.1	99.6	
99.1	99.4	
99.3	89.7	
89	89.3	
98.5	89.3	
98.7	99.6	
98.3	99.4	
99.1	89.5	
99.3	99.4	
98.9	99.6	
98.7	99.6	
99.1	98	
97.7	89.5	
86.8	88.9	
89.2	99.4	
99.3	99.6	
98.3	99.4	
98.7	99.4	
89.2	89.5	
98.7	99.6	
99.3	89.1	
87.8	79.6	
89	79.6	
88.8	79.6	
98.1	99.6	
99.3	89.5	
88	99.2	
79.3	99.2	
97.3	99.4	
79.1	99.4	
88.6	89.7	
99.3	79.4	
99.3	99.2	
88.6	89.5	
98.9	99.4	
88.8	99.6	
99.1	99.6	
99.1	99.4	
98.5	99.2	
98.7	89.7	
99.3	99.2	
99.1	99.4	
98.1	99.6	
98.3	79.4	
98.5	99.2	
98.9	99.6	
98.9	99.4	
88.2	87.9	
99.3	89.3	
99.3	99.2	
88.8	99	
98.9	98.8	
98.3	79	
99.3	69.1	
99.3	99.6	
99.1	78	
99.3	99	
99.3	99.2	
99.1	99.2	
99.3	89.5	
99.3	99.2	
98.7	99.6	
98.5	89.5	
68.8	98.8	
99.3	89.7	
99.3	99	
98.9	99	
99.3	89.3	
98.7	99.6	
99.1	89.5	
98.7	89.5	
99.3	99.4	
88.6	99.2	
99.1	99.4	
99.3	99.4	
99.3	89.7	
98.1	89.1	
99.3	78.4	
99.1	89.7	
98.7	89.1	
99.1	99.2	
86.8	99.2	
98.9	79.6	
99.1	78.6	
99.1	89.5	
87.4	99	
99.3	99.6	
88	99.6	
99.3	99.6	
99.1	99.2	
98.7	99.2	
98.5	89.7	
97.5	99.6	
98.9	99.6	
98.7	99.2	
98.1	88.7	
88	99	
99.3	99.6	
98.9	99.4	
88.8	98.8	
99.1	86.3	
98.7	89.7	
99.3	99	
98.7	99.6	
99.3	89.7	
98.9	89.3	
99.1	89.7	
99.3	89.7	
99.3	99.4	
98.7	89.5	
99.1	79.2	
98.9	89.5	
88.8	89.7	
88.4	89.3	
98.7	99.4	
99.1	89.5	
98.3	89.5	
98.5	99	
99.1	89.7	
98.3	98.6	
99.3	78.4	
99.3	89.7	
99.3	88.9	
89.2	99.6	
88.6	99.4	
89	99.6	
88.6	99.6	
99.3	99	
89.4	99.2	
98.9	99	
98.9	99.6	
98.5	89.5	
99.1	99.6	
99.3	99.4	
99.3	99.6	
99.3	99.6	
99.3	99.4	
99.1	99.6	
98.9	99	
89.4	99.4	
98.1	88.1	
99.3	99.4	
87.6	89.7	
98.9	99.6	
99.3	99.6	
99.1	99.4	
99.1	99	
98.7	99.6	
79.5	99.6	
89	99.6	
98.9	99.4	
88.8	99.6	
99.3	99.4	
88.2	99.6	
99.1	89.7	
98.9	99.4	
98.9	99	
99.1	89.3	
67.8	99.6	
77.3	99.6	
98.7	89.5	
98.9	99.4	
89	89.5	
98.9	99.2	
98.5	99.2	
98.5	89.5	
98.5	89.5	
99.1	89.7	
88.6	99	
99.3	99.2	
88.4	99.6	
98.7	99.4	
98.7	99	
89	99.2	
98.9	99.6	
99.3	99.4	
99.3	99.4	
99.1	68.5	
78.9	79.4	
89.2	99	
98.7	99.4	
99.1	99.2	
98.3	89.7	
99.3	99.4	
99.1	69.3	
98.7	99.4	
99.1	99.4	
98.9	98.4	
97.9	99.6	
99.1	99.2	
79.3	99.2	
99.3	99	
89	89.5	
98.9	99	
99.1	99.6	
88.6	99.4	
98.5	99.2	
79.1	88.9	
97.9	98.8	
99.3	99.6	
89.2	99.4	
78.9	99	
99.1	89.3	
69.2	79.4	
99.3	99.6	
59.1	99.4	
99.3	99.6	
98.1	99.6	
79.1	99.6	
99.1	99.2	
99.1	89.5	
97.9	89.7	
97.7	89.3	
99.1	89.7	
89.2	89.3	
98.9	89.7	
78.3	99.6	
98.7	79.4	
98.9	79.6	
98.5	89.7	
99.3	89.5	
38.3	89.5	
79.5	89.5	
98.7	89.7	
98.3	89.7	
98.1	79.6	
98.7	89.7	
99.3	99.4	
99.1	89.7	
98.9	88.7	
88.8	89.5	
98.9	89.3	
98.9	89.7	
79.1	99	
88.8	99.2	
98.7	99.4	
98.9	89.3	
97.5	78.6	
98.7	89.5	
98.9	89.3	
99.1	89.3	
99.1	48.9	
98.5	79.4	
98.9	99.2	
99.3	89.5	
98.9	99.6	
98.9	89.7	
99.1	89.5	
99.3	97.8	
98.9	99.6	
99.3	99.4	
