86.4	89.7	
87	79.6	
33.1	99.2	
96.7	79.4	
28.7	88.9	
96.5	99.2	
86.2	88.9	
96.5	99.4	
76.5	97.8	
72.9	79.4	
88.2	69.3	
97.5	99.6	
87.6	98.8	
98.9	99.4	
64.4	99.2	
98.7	99.2	
84.2	88.3	
88	87.9	
63.2	98.2	
86.4	98	
96.1	99.6	
98.9	98	
97.7	99	
83.8	89.3	
78.7	99.6	
89.2	99	
69.7	89.5	
65.4	79.6	
99.1	99.2	
68	99.6	
98.7	99	
98.1	94.8	
99.1	89.7	
89.4	93.8	
98.3	98.8	
86.2	78.6	
98.3	99.4	
98.7	78.8	
98.3	87.9	
78.5	98.6	
97.7	99	
97.5	79.4	
89.2	99.4	
79.3	98.8	
98.9	99.4	
87.8	85.9	
78.5	99.4	
89	88.9	
98.7	89.3	
99.1	98.8	
95.9	88.5	
98.9	99.4	
74.9	99	
98.7	99.2	
98.9	98.8	
99.1	99.6	
97.1	97.8	
76.9	89.5	
98.5	77	
98.5	99.4	
56.5	99.4	
98.5	98.8	
99.1	89.1	
87.2	99	
86.8	99.6	
98.3	99.4	
77.3	89.5	
97.5	99.6	
98.7	88.5	
98.5	99.4	
99.1	99.6	
98.3	98.6	
98.3	88.5	
97.9	99.4	
99.1	99.2	
98.7	99.2	
73.9	99.6	
98.1	89.7	
77.9	99	
98.9	88.7	
98.9	89.3	
87.2	99.6	
98.5	78.6	
99.1	89.7	
99.3	88.9	
98.5	99.6	
98.9	89.1	
96.9	99.6	
98.9	99.4	
78.7	99.2	
87.8	89.1	
78.3	89.7	
99.1	99.2	
98.1	99.4	
98.5	89.5	
78.3	99.6	
79.3	98.8	
98.9	88.3	
76.7	98.8	
97.5	99.6	
98.5	99.4	
98.1	99.4	
98.7	99.2	
97.9	99	
98.7	79	
88.2	99	
78.3	99.6	
98.7	88.9	
99.3	97.6	
98.1	89.1	
76.9	99	
98.5	99.6	
99.1	78.6	
98.9	99.6	
86.6	99.2	
76.9	99.6	
98.9	99.4	
98.5	89.1	
97.5	99.6	
98.3	97.4	
96.5	89.5	
98.1	97.6	
98.1	98.8	
99.1	99.6	
78.5	89.3	
98.3	99.2	
99.1	88.5	
98.5	89.1	
88.8	98.4	
98.5	99.4	
87.2	99.2	
88.6	98.4	
97.5	89.7	
87.8	99.4	
97.3	99.2	
97.9	99.4	
98.5	98.6	
77.9	99.6	
67.4	99.6	
97.7	89.3	
99.1	99	
98.9	98.6	
97.1	99.2	
77.3	99.6	
97.9	99.6	
97.7	99.6	
99.1	89.1	
88.6	99.6	
97.5	98.8	
96.7	97	
78.3	88.1	
67.6	99.6	
88.6	66.5	
98.7	98.8	
97.5	96.8	
86.4	99.4	
97.5	99.6	
75.7	79.4	
87.6	89.7	
86.6	99.6	
89	99	
89.2	98.2	
98.1	99.2	
98.5	86.5	
98.3	79	
88.6	89.5	
97.5	99	
98.9	99.4	
98.3	99.2	
98.9	89.7	
98.5	98.4	
99.3	98.4	
67	99.6	
99.1	88.5	
99.1	89.1	
88.8	99.4	
98.5	99.6	
97.9	89.7	
97.9	89.5	
88.6	99.6	
87.4	98.2	
65	99.6	
98.9	99.4	
99.3	99.6	
98.9	87.7	
98.3	77.8	
97.7	98.4	
66	89.7	
96.3	79.6	
99.3	98.2	
76.9	78.6	
99.1	89.5	
98.9	99.2	
97.9	79	
98.5	98.8	
98.7	78.8	
67.2	98.2	
97.9	79.4	
87.8	89.5	
88	88.9	
98.1	99.4	
99.1	98.8	
99.1	89.7	
98.7	89.7	
88.6	89.5	
98.9	89.7	
98.3	89.5	
88.8	69.5	
98.7	89.3	
98.3	99.2	
98.7	89.7	
89	98.2	
89.2	89.5	
99.3	89.7	
88.6	89.7	
99.1	99.6	
99.3	89.7	
98.1	89.5	
98.9	79.6	
89	89.1	
96.9	99.4	
98.7	99.6	
98.7	98.6	
98.7	99.6	
77.3	99.4	
88.4	89.3	
97.1	99.2	
99.3	88.3	
99.1	89.1	
98.7	79.2	
97.5	79.4	
97.1	89.7	
99.1	79.6	
99.1	89.5	
89	79.6	
98.7	89.3	
87.6	89.5	
99.1	99.6	
98.1	89.7	
88.8	98.6	
87.2	79	
96.9	89.7	
98.7	99.2	
98.9	88.7	
89.2	89.5	
98.3	99.2	
97.9	99.6	
99.1	99.6	
89.2	98	
98.3	99.6	
98.5	89.5	
77.1	98.6	
76.9	99	
79.1	89.1	
77.5	89.7	
97.5	89.7	
97.3	89.7	
98.1	78.8	
98.3	89.1	
98.5	99.6	
98.9	89.3	
99.1	99.4	
99.3	99	
98.3	99.6	
64	99.4	
98.9	97.8	
99.3	98.8	
89	97.8	
89.2	99.6	
99.1	99.6	
98.7	89.7	
87.8	99.6	
98.5	78.6	
96.5	87.3	
86.8	99.4	
99.3	98.8	
69.4	89.1	
96.9	99.6	
98.9	98.6	
97.7	99.6	
98.9	89.5	
96.9	89.7	
97.9	98.8	
63.4	89.7	
87.4	98.8	
98.1	88.7	
98.7	89.7	
98.1	79.2	
98.3	88.5	
97.7	99	
98.9	78.8	
99.3	88.9	
98.5	79.6	
97.9	99.6	
97.3	89.1	
98.9	78.8	
99.3	68.7	
88.2	98.8	
98.9	88.9	
98.9	99	
79.1	99.6	
88.2	89.5	
97.9	89.3	
98.7	99.4	
98.3	99.2	
64.2	88.9	
98.7	88.9	
98.1	99.2	
98.7	98.4	
98.7	78.2	
98.9	99.6	
88.6	99.6	
99.3	99	
96.9	88.9	
99.1	98.8	
86.2	99.6	
97.3	99.4	
99.3	99.2	
69	88.7	
99.1	99.2	
98.7	99.4	
98.1	88.3	
98.9	98.6	
99.3	99.6	
98.9	98.4	
88.8	98.2	
98.9	89.7	
88.2	99.6	
88.6	99.6	
99.1	99	
68	99.6	
98.3	98.8	
95.9	99.2	
98.5	98.8	
48	89.1	
99.3	89.3	
98.3	99.6	
99.1	88.5	
97.7	99.2	
98.3	99.6	
97.5	89.5	
97.9	99.6	
98.9	99.4	
96.3	89.3	
99.1	99.6	
87.8	88.9	
99.3	99.6	
99.3	89.7	
99.3	99.2	
98.1	89.5	
98.7	89.3	
99.3	89.5	
97.3	89.3	
98.3	88.5	
98.3	89.5	
88.6	99.6	
97.5	88.9	
87.8	88.7	
97.3	99.6	
98.7	99.4	
99.1	89.5	
67.8	99	
96.1	99.2	
78.3	88.5	
98.1	99.2	
98.3	99.4	
98.1	89.1	
98.5	99.4	
99.1	99.4	
69.4	99.6	
89.2	89.5	
97.5	99.4	
99.3	88.1	
88.8	99.4	
78.9	89.7	
68	99.6	
98.3	99	
78.5	98.6	
98.1	99.4	
97.7	99.4	
97.7	99.4	
88.8	99.2	
84.2	99.2	
98.5	99.4	
88	98.8	
99.3	99	
97.9	99.2	
98.9	99.6	
98.1	99.2	
98.5	99.6	
89.2	99.2	
99.3	99.2	
98.5	89.3	
98.9	99.6	
98.9	89.7	
78.5	99.2	
85.6	99.6	
99.1	97.2	
97.9	99.2	
97.5	99.4	
87.6	99.6	
13.9	99.6	
99.1	88.9	
78.7	98.4	
68.6	99.6	
98.5	88.9	
57.9	67.3	
78.1	99.2	
89	98.6	
88.4	89.3	
97.9	99.6	
98.9	98.8	
98.9	88.9	
98.9	68.5	
96.5	98.8	
87.2	98	
99.3	98.8	
99.1	98.4	
99.3	99.6	
78.5	99.2	
99.3	99.6	
57.7	99.6	
88.6	89.1	
88.2	99.2	
67.8	89.5	
98.1	98	
99.3	88.9	
58.5	99.4	
99.3	99.2	
98.7	98.4	
98.1	99.4	
77.5	99.4	
75.5	99.4	
58.3	99	
88	99.6	
98.3	99	
67	98.6	
99.1	99	
89	98.6	
77.3	89.7	
88.8	89.5	
98.9	99.6	
98.7	98.6	
99.3	99.4	
97.7	99	
98.9	99	
99.3	99.6	
84.8	97.8	
98.9	98.6	
58.1	68.7	
99.3	88.9	
58.5	88.9	
88.2	88.9	
66.8	79.4	
98.5	99	
98.7	69.1	
17.5	89.7	
98.7	88.7	
98.5	98.8	
98.5	89.5	
98.9	99.2	
97.3	79.4	
88.6	88.5	
97.3	99	
99.1	79.2	
78.7	99.6	
98.3	99.6	
99.3	87.9	
88.8	99	
98.7	99	
67.4	88.7	
98.9	79.6	
98.7	88.5	
97.9	88.5	
99.1	99.4	
86.8	98.6	
78.1	89.7	
77.1	99.6	
97.3	89.7	
98.5	89.5	
99.1	89.5	
88.2	57.8	
79.3	79	
99.1	88.1	
98.9	98.6	
99.1	99	
67.8	89.7	
98.9	86.7	
88.8	88.5	
99.1	99	
77.9	99.4	
88	88.5	
98.9	98.8	
87.2	99.2	
97.9	89.3	
98.9	99.4	
76.5	89.3	
98.3	99	
97.7	99.6	
99.3	88.9	
