40.6	98.2	
72.7	88.3	
95.9	99.6	
94.7	99.6	
75.7	99.2	
97.3	89.3	
77.7	99.4	
97.7	89.3	
99.1	99.6	
98.7	99.4	
98.1	89.5	
89.2	99.4	
99.1	99.6	
98.5	99.2	
87.6	79.2	
86	89.3	
99.1	99.6	
98.5	99.2	
98.7	98.2	
87.8	99.6	
98.9	89.5	
98.7	99.4	
98.9	98.8	
99.3	99.6	
98.7	92.4	
98.7	99.6	
98.5	79.2	
99.1	97.8	
98.9	99.4	
99.3	99.6	
99.1	99.6	
98.3	89.5	
66.2	99.6	
98.5	89.5	
99.1	89.3	
68	79.4	
98.7	98.4	
89.2	99.2	
88	89.3	
99.3	99.2	
99.3	99.4	
99.1	99.2	
89	89.5	
99.1	98.8	
98.9	99	
88.4	99.4	
78.1	89.7	
98.9	99	
88.6	99.6	
98.9	99.2	
98.9	99.6	
99.3	89.5	
97.9	89.1	
98.3	99.6	
98.7	99.6	
98.9	99.4	
88	79.4	
89	99.6	
97.9	99.2	
89.2	99.6	
98.9	99.6	
99.3	89.3	
89.2	99.6	
58.7	99.4	
98.9	99.4	
98.9	98.4	
88	89.1	
98.5	99.6	
99.1	99.4	
99.3	99.4	
98.9	99.6	
98.7	99.2	
99.1	99.6	
99.1	99.6	
99.1	98.6	
99.1	99.6	
98.3	99.6	
98.3	99	
99.1	99.6	
98.9	89.7	
98.9	99	
98.7	98.2	
99.1	99.6	
99.1	89.3	
98.9	99.2	
98.9	89.7	
98.9	99	
99.3	99	
88.8	99.6	
99.1	79.2	
98.9	99	
98.1	98.6	
98.7	99.6	
87.6	99.4	
99.1	98.6	
99.3	89.1	
99.1	98.2	
99.1	99.4	
99.3	99	
98.9	98.2	
98.3	99.2	
99.3	98.4	
98.9	89.3	
88.8	99.4	
88.6	89.7	
98.9	99.6	
98.7	99.4	
98.9	89.1	
98.7	99.6	
99.3	78.4	
78.1	89.7	
99.3	99.6	
99.1	99.6	
77.3	98.6	
99.3	99.6	
98.9	99.2	
99.3	99.2	
99.3	99.4	
88	89.7	
98.9	99	
98.9	89.7	
98.3	99.4	
98.7	99.6	
99.1	99.4	
98.7	99.4	
98.7	99.4	
98.9	99.4	
98.9	89.3	
98.5	99.2	
98.9	99.6	
99.3	99.6	
98.9	78.4	
98.1	99.4	
98.9	99.6	
99.3	99.6	
99.1	99.4	
98.1	89.3	
99.1	99.4	
89.4	99.4	
99.3	99.4	
99.3	99.6	
99.1	99.4	
98.9	89.7	
98.5	99.4	
98.3	99.6	
97.7	89.3	
77.9	99.4	
99.3	99.4	
99.3	99	
98.9	99.6	
98.9	98.4	
98.7	99.2	
98.9	99	
98.9	99.6	
99.3	99	
99.1	99.4	
99.1	99.6	
78.5	99.6	
97.9	89.7	
98.1	99.2	
98.1	99.4	
99.1	99.6	
99.3	99.4	
98.5	98.8	
98.7	99.6	
88.8	99.4	
99.3	88.5	
89.2	89.5	
98.9	98.4	
99.1	99.6	
99.3	68.7	
98.1	99.6	
99.3	99	
98.1	89.5	
89	99.6	
79.1	89.5	
99.1	99.4	
78.5	99.6	
98.7	99.4	
99.1	99.6	
99.3	99	
99.1	99.6	
99.1	89.5	
88.8	99.6	
98.9	99.6	
98.7	99.4	
89	99.6	
99.1	98.8	
98.3	99.6	
99.1	99.4	
97.9	99	
99.1	89.5	
99.1	99.4	
98.9	88.9	
98.5	89.3	
98.3	99.6	
98.7	98.8	
88.2	79.4	
99.1	89.1	
98.9	99.4	
78.9	99.4	
99.1	98.8	
98.9	89.1	
99.1	89.5	
89.2	99.6	
99.1	99.4	
78.9	89.5	
98.3	99	
99.1	99.6	
87.6	88.1	
99.1	89.5	
99.1	89.1	
98.9	99.2	
99.3	99.4	
99.1	99.4	
98.9	99.4	
98.9	89.1	
98.3	99.4	
68.4	99.6	
99.1	89.5	
89.2	98.6	
87.6	99.6	
99.1	99.6	
99.1	98.6	
99.3	99.4	
98.9	88.7	
98.9	89.3	
89.2	99.6	
98.9	99.6	
78.3	99.6	
99.1	89.1	
88.2	99.2	
98.9	99.4	
98.7	99.6	
98.3	98.6	
98.9	99.4	
99.3	89.7	
89.2	99.6	
99.3	99.2	
98.9	99.6	
98.3	99.4	
98.3	98.8	
99.1	69.5	
98.9	99.4	
99.3	98.4	
98.5	99.6	
98.9	99.4	
99.1	79.2	
98.9	99.4	
99.1	99.2	
99.1	99.6	
89.4	99.6	
98.3	79.6	
98.1	98.6	
68	99.2	
98.9	99.2	
98.9	89.5	
88.4	99.2	
98.5	99.6	
98.9	99.2	
99.1	99.6	
98.7	99.6	
99.1	99.4	
99.3	99.6	
97.5	88.7	
99.1	89.3	
98.1	99.2	
58.7	99.4	
98.9	99.4	
77.5	99.4	
89.4	99.4	
99.1	87.7	
98.9	99.6	
99.3	99.6	
98.7	99.4	
99.1	99.4	
99.1	99.4	
99.1	99.6	
99.1	99.6	
98.9	89.7	
78.5	99	
67.2	99	
99.3	89.1	
98.1	89.7	
98.1	99.6	
99.1	99.2	
99.3	99.6	
99.3	89.1	
99.1	98.8	
99.1	99.2	
99.1	89.3	
99.1	99.6	
98.9	79.2	
99.3	99.4	
98.7	99.2	
99.1	99.4	
98.9	99.4	
98.7	88.9	
99.3	99.4	
99.3	99.4	
77.5	99.6	
88.6	98.6	
99.1	89.7	
99.1	89.3	
99.1	98.8	
99.1	99.6	
99.3	89.5	
99.3	99	
98.7	99.6	
99.1	99.2	
98.7	98.8	
88.4	89.5	
98.7	99.6	
89	99.6	
98.9	99.2	
98.9	99.4	
99.1	99.6	
98.9	89.7	
99.3	97.8	
87.6	89.3	
98.7	99.6	
98.9	99.2	
99.1	99.2	
99.1	99.4	
98.9	99	
98.9	89.1	
88.4	99.4	
89	99.6	
98.5	99	
98.5	99.2	
98.7	98.6	
99.1	89.7	
98.1	99.6	
98.9	99.2	
98.7	99.2	
98.9	99.4	
99.3	99.2	
98.7	99.2	
98.9	99.6	
98.9	79.4	
99.3	99.6	
99.3	99.4	
98.7	87.9	
99.1	99.4	
98.9	99.6	
98.9	99.4	
97.7	99.6	
98.5	99.6	
98.9	98.4	
79.1	78.2	
99.1	89.5	
68.6	97.8	
99.3	99.4	
89	99.2	
98.5	89.7	
78.3	99.4	
97.3	99.6	
98.7	99.6	
98.9	99.4	
88.6	98.8	
98.7	99.6	
99.3	89.3	
98.7	99.6	
99.1	98.8	
88.6	89.7	
98.5	99.6	
98.7	99.4	
98.9	99	
98.7	99.2	
88.6	99.6	
88.2	99.4	
99.1	99.6	
98.1	99.6	
99.3	99.6	
98.7	99.6	
99.1	99.6	
98.7	89.7	
98.7	99.6	
87.4	99.6	
99.1	99	
99.1	99.2	
98.5	99.6	
89	99.4	
98.9	99.6	
98.9	99.6	
99.1	99.6	
98.5	89.1	
78.3	99.6	
98.9	99.4	
98.3	99.6	
89.4	89.7	
97.1	98.8	
99.1	99.4	
99.3	99.4	
99.3	99.6	
84.4	99.4	
97.9	99.6	
99.3	99.4	
79.3	98.8	
98.7	78.8	
98.5	99.4	
98.9	89.3	
99.1	79.6	
99.1	89.5	
99.1	99.4	
89.2	89.5	
98.9	99.6	
99.1	88.9	
88	99.6	
99.1	89.7	
98.9	88.7	
89.2	99.6	
98.5	98.8	
99.1	99.4	
98.3	99	
99.1	99.2	
99.1	89.7	
99.1	99.4	
99.1	79.6	
98.7	99.4	
99.1	99.6	
99.1	99.4	
95.9	99.2	
98.9	99.6	
98.3	98.8	
98.1	89.5	
99.1	88.9	
99.1	99.2	
88.6	99.2	
98.5	99.2	
98.7	99.6	
98.5	99.4	
99.1	99.6	
98.7	99.4	
97.9	99.6	
56.3	99.4	
99.3	99.6	
88.8	88.7	
99.1	89.3	
98.5	98.8	
89.2	99.4	
99.3	99.4	
99.1	99.2	
98.5	88.9	
99.1	99.6	
99.3	99.6	
98.9	89.7	
98.5	99.6	
98.5	89.7	
98.7	99.6	
99.1	89.3	
98.3	89.5	
99.1	89.5	
98.7	99.6	
98.7	97.8	
88.2	99.2	
99.3	99.2	
89.2	79.6	
99.1	99.2	
89.2	89.3	
98.7	89.7	
99.1	99.2	
98.7	89.7	
99.1	89.5	
68.8	89.5	
97.9	99.4	
98.5	98.8	
99.1	89.7	
87.6	99.4	
99.3	99.4	
98.7	89.5	
98.9	99.4	
98.5	89.5	
98.1	89.7	
99.1	89.3	
98.1	99.2	
79.3	98.6	
99.1	99.2	
98.9	79.4	
98.9	89.7	
98.5	88.5	
98.7	78.8	
98.7	89.3	
99.3	89.5	
97.9	99.6	
98.7	89.7	
88.2	99.2	
89.2	89.7	
97.7	88.9	
88.6	89.3	
99.1	89.7	
99.1	89.3	
98.7	89.5	
99.1	89.7	
98.5	99.4	
99.3	99.4	
98.9	89.7	
99.3	99.4	
99.1	98.8	
99.1	89.7	
