84.2	72.7	
87.4	88.9	
63.6	89.3	
84.2	89.5	
94.3	89.1	
74.7	89.5	
77.2	88.9	
67	88.9	
97.5	88.7	
98.7	88.1	
99.3	57.6	
99.3	79.4	
88	83.3	
98.7	87.9	
99.3	78.6	
99.1	99.2	
98.1	89.3	
97.9	88.9	
98.9	88.9	
98.1	89.5	
98.9	79.2	
98.3	99.4	
98.9	78.4	
97.7	89.1	
88	97.8	
98.9	99	
95.7	98.8	
99.1	99.4	
98.9	99	
98.9	99.4	
96.5	89.1	
98.7	89.1	
98.9	99.2	
94.1	99.4	
99.1	99.2	
99.1	99.4	
98.7	99.2	
98.9	99.2	
99.3	99.6	
99.1	99.4	
96.3	99.2	
99.3	89.1	
98.9	99.4	
99.1	98.6	
99.3	98.8	
98.5	89.5	
98.9	89.3	
99.1	99.2	
98.7	89.1	
98.9	99.4	
99.3	98.8	
98.7	98.6	
98.1	99.4	
98.9	99.2	
99.3	98.8	
99.3	89.5	
98.5	99.4	
98.5	99.4	
99.1	89.5	
98.7	99.6	
98.7	99.6	
99.1	99.4	
99.3	99.2	
98.9	99.2	
98.9	99.4	
98.9	99	
98.5	99.6	
98.9	99.2	
99.3	99.6	
98.9	99.2	
98.9	89.5	
99.1	99.4	
99.3	89.3	
99.3	99.6	
99.1	89.3	
99.1	99.6	
99.1	99.2	
98.5	99.4	
98.1	79.2	
99.3	89.7	
98.3	99.2	
98.9	99.4	
99.3	99.6	
98.5	89.3	
98.9	99.2	
99.1	99.2	
98.5	99.4	
98.9	99.6	
99.3	99.6	
99.3	99.2	
98.7	99.6	
98.9	99.4	
98.3	99.6	
98.9	99.6	
98.9	77.6	
99.3	99.2	
99.3	99.4	
98.7	99.6	
99.1	99.6	
99.1	99.6	
98.5	99.6	
99.1	99.6	
98.5	99.4	
98.5	99.2	
99.1	99.2	
98.9	99.4	
99.1	99.4	
99.3	99.6	
98.5	89.7	
99.1	99.6	
99.3	99.4	
99.1	99.6	
98.9	99.6	
99.1	98.4	
99.3	99.6	
99.1	79.6	
99.3	99.6	
99.3	99.2	
99.1	99.4	
98.9	99.2	
99.3	99.6	
97.7	99.2	
98.5	89.7	
98.9	89.7	
99.1	99.6	
99.1	99.2	
99.1	99.6	
98.3	99.6	
99.3	99.6	
99.1	99.6	
99.1	99	
98.7	99.4	
98.5	99.4	
99.1	99.6	
98.9	99.4	
98.9	99.2	
99.1	99	
99.3	99.6	
98.9	99.6	
99.3	99.2	
98.9	99	
99.1	99.4	
99.3	99.4	
99.1	99.4	
98.9	99.6	
98.7	99.4	
99.1	99.2	
98.5	99.4	
98.9	99.6	
99.1	99.4	
99.3	99.6	
99.3	99.6	
99.3	99.6	
99.1	99.4	
99.3	89.5	
98.5	99.6	
98.9	99.4	
99.3	89.7	
99.3	88.9	
99.1	99.4	
99.1	99.2	
99.1	99.6	
98.9	99.4	
98.9	99.2	
98.9	99.6	
99.1	99.4	
98.9	99.6	
98.9	99.6	
99.1	99.4	
98.9	89.3	
98.9	99.6	
99.3	99	
99.1	99.6	
98.7	99.6	
99.1	89.1	
98.9	99.6	
98.7	89.5	
98.5	99.6	
99.3	99.4	
98.9	99.6	
99.3	99.6	
88	89.5	
99.1	89.5	
99.1	99.2	
99.1	99.4	
99.3	99.4	
89	99.6	
87.8	89.3	
99.1	79.4	
98.9	99.2	
99.3	99.6	
98.1	99.4	
98.7	99.4	
99.1	99.2	
99.1	89.1	
99.1	99.4	
98.9	99.6	
99.3	99.4	
98.7	99.6	
98.3	89.5	
99.1	99.2	
99.1	98.8	
99.1	99.6	
99.3	99.6	
99.3	99	
99.1	98.6	
98.9	99.6	
99.1	98.8	
99.1	89.5	
88.4	99.6	
99.1	99.6	
99.1	99	
99.3	99.4	
98.5	99.6	
99.3	89.3	
98.7	99.6	
98.9	99.6	
99.1	99.6	
98.7	89.5	
98.7	89.5	
99.3	99.6	
98.5	99.4	
99.1	99.6	
98.9	99.6	
98.9	99.6	
98.9	88.9	
99.3	99.4	
98.9	99.2	
99.3	99	
99.3	89.5	
98.3	99.2	
98.9	99.6	
99.3	99.4	
99.1	99.6	
98.3	99.4	
98.5	99.4	
98.9	99	
99.1	99.2	
99.3	89.7	
98.7	99.4	
98.7	99.6	
98.9	99.6	
98.7	99.6	
98.7	99.4	
98.9	99.4	
99.1	99.4	
99.1	99.2	
98.7	99.4	
88.4	99.2	
99.3	99.4	
99.3	88.3	
98.5	99.2	
99.1	99.6	
99.1	99.6	
99.1	99.4	
98.9	99.6	
99.3	98.8	
99.1	99.6	
98.7	99.4	
99.3	99.4	
99.1	99.4	
99.3	99.6	
98.9	99.6	
99.1	89.5	
98.9	99.6	
99.1	99.4	
99.3	99	
98.9	99.6	
98.5	99.4	
98.7	99.6	
99.3	98.8	
89	99.4	
98.7	99.4	
99.1	99	
98.7	99.4	
98.7	99.2	
99.3	99.6	
99.3	99.2	
98.7	99	
89.4	99.4	
98.9	99.2	
99.1	99	
98.3	99.6	
99.1	89.5	
99.3	99.4	
98.9	99.6	
99.3	99.6	
99.1	99.6	
98.7	99.6	
99.3	99.2	
98.5	99.6	
98.7	79.4	
99.1	99.2	
98.7	99.6	
99.1	99.6	
99.3	99.6	
99.1	89.5	
98.7	99.6	
99.3	99.6	
99.3	99.6	
98.5	99.6	
98.5	99.6	
98.5	98.8	
99.3	99.4	
99.3	99.4	
98.9	99.6	
99.3	99	
89	99.6	
99.3	99	
98.7	99.4	
99.1	89.3	
99.1	99.6	
99.1	89.3	
99.1	89.7	
98.7	99.4	
98.9	99.6	
99.1	99.2	
99.1	99.4	
98.9	99.6	
98.9	99.6	
98.7	99.6	
99.1	99.6	
98.3	99.4	
99.1	99.6	
99.3	99.2	
99.3	99.4	
98.7	99.6	
98.9	99.6	
98.3	99	
99.3	99.6	
98.5	99.6	
99.3	99.6	
99.3	99.2	
99.3	89.1	
98.7	99.6	
98.9	99	
99.3	99.6	
99.1	99.6	
98.9	89.3	
99.1	99.6	
98.7	99.4	
98.7	99.2	
99.1	99.6	
89	99	
98.9	79.2	
98.9	99.6	
98.5	99.4	
99.1	99.6	
98.7	99.6	
99.1	79.6	
98.9	99.6	
99.3	99.2	
99.3	99.6	
99.1	99.6	
99.3	99.6	
99.1	99.6	
99.1	99.6	
99.3	98.6	
99.3	99.6	
99.3	99	
98.9	99.4	
99.3	99.6	
98.9	99.6	
99.3	99	
99.3	99.4	
99.1	99.4	
99.3	99.4	
99.3	99.4	
99.3	79.2	
98.9	99.4	
99.1	99.4	
99.3	99.4	
98.9	99.4	
98.5	99.6	
98.9	99.4	
99.3	99.4	
98.9	99.6	
97.7	99.6	
99.3	99.2	
98.9	99.4	
99.3	99.2	
98.5	99.4	
89.2	99.4	
98.9	99.2	
99.3	99.6	
98.7	99.6	
99.1	89.3	
99.3	99.6	
98.9	88.3	
98.7	99.4	
98.9	99.6	
99.3	99.6	
99.3	99.4	
98.9	99.4	
98.9	99.4	
99.1	99.6	
99.3	99.4	
98.5	99.6	
99.3	99.6	
99.3	99.4	
98.7	99.6	
99.3	99.6	
99.1	99.2	
99.3	98.8	
99.3	89.7	
98.7	99.6	
99.3	99.6	
99.3	89.7	
99.3	99.2	
98.1	98.8	
99.1	99.2	
99.1	99.4	
99.1	89.5	
99.1	99.2	
98.5	99.2	
99.1	99.6	
98.9	99.6	
99.3	99.4	
99.1	88.3	
99.3	99.2	
99.3	99.6	
99.1	99.6	
99.3	89.5	
89	88.9	
99.1	99.2	
99.3	99.6	
99.3	99	
99.3	99.6	
98.7	99.6	
99.3	99.2	
99.1	89.3	
99.3	99.6	
98.9	89.3	
99.3	99.4	
98.5	99.4	
98.9	99.4	
99.1	99	
99.1	89.3	
99.3	99.6	
98.7	99.2	
98.9	99.6	
99.1	99.6	
99.1	89.7	
98.9	99.4	
98.3	99.4	
98.9	99.6	
98.9	99.6	
98.9	99.4	
99.1	99.6	
98.9	99.2	
99.3	99.6	
99.1	99.6	
98.1	99.6	
99.3	98.6	
99.1	99.4	
99.1	99.6	
99.1	99.6	
98.7	89.3	
99.1	99	
99.1	99.2	
99.1	99.6	
99.3	99.2	
99.1	99.6	
98.9	99.6	
98.7	89.5	
99.3	99.4	
99.1	99.2	
99.1	89.5	
98.5	99.6	
98.9	98.8	
88.8	99.2	
99.3	98.4	
98.3	99.6	
98.9	99.6	
98.9	79.6	
99.3	99.6	
99.1	99.2	
99.1	99.4	
99.3	99.6	
99.3	79.4	
99.1	98.8	
99.1	99.6	
98.9	99.6	
99.1	99.4	
99.3	99.6	
98.7	89.3	
98.9	99.4	
99.1	99.6	
98.9	99.6	
98.9	99.4	
99.3	99	
99.1	99.2	
99.3	99.4	
99.1	98.4	
98.7	89.7	
99.1	99.4	
99.3	99.4	
98.9	99.2	
98.9	99	
98.9	99.6	
