42.6	81.9	
93.1	88.1	
10.8	98.6	
83.4	99.4	
71.3	79.4	
97.7	99.4	
98.9	99.4	
97.3	99.4	
89	99.4	
89.4	99	
98.1	99.4	
76.5	89.3	
78.3	99.4	
96.7	99.2	
98.9	96.4	
98.3	99.4	
98.9	99.2	
98.9	98.4	
97.9	98	
99.3	98.6	
96.3	99.6	
98.5	99.6	
98.7	99.4	
98.5	99.6	
95.7	79.4	
98.7	99.4	
98.7	98.8	
99.1	99.6	
99.1	98.2	
98.3	98.6	
99.1	89.5	
77.9	99	
95.9	99.6	
98.9	99	
88.8	88.9	
97.7	99.6	
99.1	99.6	
98.5	99.6	
87.4	99.6	
96.5	89.5	
98.5	99.4	
76.9	89.1	
97.9	99.2	
86.4	89.7	
98.7	89.1	
99.1	99	
98.3	99.6	
99.1	89.3	
99.3	89.1	
98.7	99	
98.9	89.1	
99.3	97.8	
97.7	99.4	
98.5	98.2	
98.9	98.2	
98.9	99.4	
99.1	99.6	
98.7	99.6	
99.1	79.6	
98.7	89.5	
98.7	68.5	
98.7	99.2	
67.6	99.2	
98.1	88.7	
98.5	98.8	
98.7	88.9	
98.7	99.2	
87.8	88.7	
86.8	89.7	
98.9	89.7	
89.2	98.4	
88.4	98.6	
98.7	99.2	
99.3	89.7	
99.3	89.5	
96.9	89.7	
87.8	99.6	
99.3	99.2	
98.7	79.6	
98.5	99.2	
78.3	99.6	
98.9	89.3	
99.1	99.4	
98.3	79.4	
99.1	88.1	
98.5	98.2	
27	99.6	
96.7	99	
98.9	99.6	
87	98.6	
97.5	99	
98.7	89.7	
75.5	89.5	
99.3	99.6	
98.5	98.2	
98.9	89.5	
99.1	99.4	
99.1	99.4	
99.3	89.1	
89	89.7	
99.1	99.4	
98.1	79.6	
99.1	89.7	
87.6	89.7	
99.1	99.2	
98.9	48.9	
87.8	99.6	
98.9	69.1	
99.1	89.5	
87.4	79.4	
97.5	99.2	
99.1	99.4	
89	88.3	
99.3	98.8	
98.9	99.4	
88.6	99.6	
99.3	99.6	
97.9	97.8	
98.5	99.4	
99.1	99.6	
99.1	99.4	
99.1	89.5	
98.9	98.8	
99.3	89.3	
98.9	99.2	
88.8	98.8	
98.3	99.4	
98.5	89.1	
87.6	99.6	
99.1	98.4	
99.3	98.8	
99.1	99.2	
98.3	99.6	
98.7	99.6	
97.5	99.4	
99.1	99.6	
99.1	99.6	
97.7	99.6	
99.3	99	
98.5	99.6	
78.3	99.6	
99.1	99.4	
98.5	99.6	
99.1	99.2	
87.6	89.7	
99.1	99.6	
98.5	99.4	
88.8	99.2	
98.7	99.6	
97.7	99.6	
97.1	89.3	
98.9	98.8	
97.9	99	
98.1	89.5	
98.7	89.3	
99.3	89.7	
98.7	88.5	
78.3	98.8	
98.9	99.4	
98.5	99.2	
88.8	99.4	
98.9	99.2	
98.5	98.8	
78.5	98.6	
97.9	99.4	
98.9	99.2	
99.1	89.7	
98.1	99	
97.9	79	
97.5	89.7	
98.5	89.5	
87	99.6	
98.3	99.4	
95.3	89.7	
98.7	99.4	
99.3	99.4	
98.1	99.2	
78.5	99.4	
98.3	98.4	
98.7	99.6	
89.2	99.2	
98.3	99.6	
98.5	99.4	
98.9	99.6	
99.3	99.6	
98.7	89.7	
99.1	88.9	
97.9	99.2	
48.6	98.6	
97.5	99.4	
88.6	98.8	
89.4	88.7	
97.9	99	
88.4	89.5	
98.9	99.6	
58.5	99.4	
99.1	99.6	
98.5	89.5	
98.9	99.4	
99.3	98.8	
98.9	98.2	
87.2	99.4	
98.7	99.2	
98.1	99.6	
99.1	98.4	
87.6	99.6	
98.7	99.6	
86.8	99.6	
98.9	88.7	
98.7	89.1	
99.1	88.9	
89.4	99.2	
98.9	99	
98.5	98.8	
98.5	99.6	
97.7	99	
98.1	98.6	
99.1	99.2	
98.3	98	
97.1	97.8	
98.5	99.6	
99.3	89.7	
87.2	99.6	
99.3	99	
99.3	89.3	
98.1	99.4	
99.3	69.5	
98.7	99.4	
98.3	98.8	
98.9	99	
98.9	89.1	
99.3	98.6	
98.9	89.1	
98.7	89.7	
99.1	99.4	
99.1	89.5	
99.1	89.3	
99.3	89.7	
98.9	89.3	
98.5	88.5	
98.9	99.2	
99.1	99.4	
99.3	99.6	
97.7	99.6	
98.7	99.2	
97.5	99.6	
78.7	89.3	
98.7	88.9	
98.7	89.7	
78.7	89.7	
98.7	89.3	
97.5	99	
99.3	69.3	
98.5	78.6	
98.5	78.8	
99.3	99	
78.7	99.2	
98.5	99.4	
99.1	99.4	
98.9	99.6	
98.7	99.6	
98.5	79.6	
98.5	89.3	
98.3	99	
98.7	99.4	
78.7	98.8	
98.5	99.6	
97.1	68.5	
99.3	99.4	
99.1	99.4	
89	98.8	
96.7	88.9	
98.7	99.4	
98.3	89.5	
99.3	98.8	
99.3	99.6	
98.9	98.2	
98.7	99.6	
88.2	98.6	
98.9	98.6	
99.1	98.4	
57.9	89.5	
88.4	99.4	
98.7	99.6	
98.5	99.2	
98.9	99.6	
98.9	99.4	
98.5	98.4	
89	99.2	
88.8	98	
97.5	69.3	
98.5	99.2	
99.3	99	
99.1	99.6	
89	99	
99.1	88.7	
98.7	89.3	
98.9	99.2	
98.5	89.7	
99.1	89.1	
99.3	99.2	
79.1	99.4	
98.7	79.4	
99.3	99.6	
99.3	99.4	
99.3	99.2	
99.1	99.6	
88.4	99.6	
99.3	99	
97.1	99.6	
98.5	89.5	
98.7	99.6	
88.8	98.8	
98.7	99.2	
98.7	98.6	
88.8	89.3	
98.1	99.6	
98.5	99.6	
98.9	99.2	
98.7	99.6	
77.3	89.3	
98.3	99.2	
89	99.2	
97.9	99	
97.5	99	
98.5	99.6	
98.3	89.3	
98.7	99.4	
98.5	99.2	
98.7	99.6	
89.2	79.4	
89	99.4	
99.3	99.2	
98.7	99.6	
99.3	99.6	
78.5	99.6	
99.3	99.4	
98.7	99.2	
98.7	99.4	
99.3	99.2	
78.9	79	
78.3	99.6	
88.8	99.2	
89.2	99.6	
99.3	99.4	
98.7	99.2	
99.3	99.6	
57.1	88.9	
99.1	78.8	
98.7	99.4	
89	99.6	
88.8	99.6	
97.9	99.6	
99.3	98.4	
97.9	89.5	
88.2	98.8	
96.1	99.6	
88.8	99.4	
98.7	99.4	
99.3	89.7	
98.1	99.6	
97.5	98.8	
98.1	99.4	
88.8	99.6	
99.1	98.8	
68	99	
98.3	99	
98.7	89.7	
98.7	99	
89	89.7	
98.9	99.6	
98.5	89.3	
98.1	99.6	
98.9	79	
98.3	99.2	
99.1	98.8	
98.9	99.4	
98.9	99	
99.3	99.4	
98.9	99.6	
98.3	99.4	
98.5	99	
98.9	69.5	
86.8	99.4	
98.7	99.6	
99.3	99.4	
46.6	89.7	
98.5	98.4	
98.7	99	
98.5	89.5	
98.7	97.2	
89.2	89.7	
99.1	99.6	
89.2	89.7	
98.7	99	
97.5	99.2	
98.5	99.6	
98.7	99.6	
47.2	99.6	
98.5	88.7	
98.9	98.8	
97.9	99.6	
88.6	99.2	
99.1	99.2	
99.3	88.7	
98.7	99	
98.3	89.7	
98.5	98.8	
98.5	99.6	
98.5	99.2	
99.3	99.4	
98.3	88.3	
89	89.3	
99.1	89.7	
98.9	89.1	
89	99.4	
98.9	98.6	
98.5	99.4	
99.3	99.4	
99.1	98.2	
99.3	89.3	
77.3	98.8	
98.7	89.3	
78.5	99.2	
89.2	99.6	
98.3	99.6	
99.3	99	
47	98.8	
99.1	89.7	
98.9	98.4	
78.3	88.9	
78.3	99.4	
98.3	98.8	
98.3	99.4	
98.7	99.4	
77.3	89.5	
86.8	99.6	
98.7	99.6	
98.7	99.6	
99.3	99.6	
97.3	98.8	
98.3	79	
99.3	99	
99.1	99.2	
99.1	88.9	
99.1	98.8	
98.7	99.4	
99.1	89.5	
99.3	99.4	
48	89.1	
87.6	99.4	
98.9	99.6	
98.9	99.4	
35.5	99.4	
98.9	99	
58.5	99.4	
98.7	99	
98.3	89.7	
97.9	98.4	
77.7	99.4	
99.3	99.4	
98.9	99.6	
99.1	88.9	
99.1	99.2	
88.8	89.7	
98.5	99.6	
68.6	99.6	
98.9	88.7	
99.3	99.2	
99.1	89.1	
99.3	98.8	
98.3	99.6	
98.9	89.3	
99.1	99	
88.8	99.4	
99.3	89.7	
98.9	99.6	
99.1	99.4	
98.9	99.4	
98.3	99.4	
98.9	88.9	
76.3	99.6	
99.3	99.4	
98.9	99.4	
98.5	99	
98.7	99.2	
99.1	99.4	
97.7	99	
98.9	99.2	
99.3	99.6	
88.8	98.8	
98.1	99.6	
96.7	99.2	
79.1	99.4	
89	98.8	
99.1	99.4	
98.9	99.4	
98.7	99.2	
98.9	99.6	
97.1	79.2	
