94.7	99.6	
14.3	89.7	
97.7	99.4	
94.1	99.2	
98.5	99.4	
93.9	79.2	
97.3	99.6	
98.9	89.5	
88	99.6	
98.7	99.4	
77.5	99.4	
99.1	99.6	
99.1	99.2	
98.3	99.6	
98.7	99.4	
97.9	89.7	
89.2	88.9	
76.3	99.6	
78.7	99.4	
76.7	99.6	
78.1	99	
98.9	99.6	
98.5	89.7	
98.1	99.6	
98.7	89.1	
98.9	99.4	
97.9	99.2	
99.1	99.6	
99.1	99.6	
95.9	99.2	
99.1	99.4	
99.1	99.6	
98.7	99.2	
98.5	99.6	
98.9	98.6	
99.3	99.4	
99.3	99	
96.7	99.6	
98.7	89.5	
99.1	99.6	
98.3	99.6	
99.1	99.4	
99.3	99.4	
98.9	99.4	
99.3	99.4	
98.7	99.6	
99.3	99.6	
99.1	99.2	
99.1	99.6	
99.1	99.4	
99.1	89.5	
98.5	99.2	
99.3	99.4	
99.1	89.7	
99.1	99.2	
99.3	99	
89.2	88.7	
99.3	89.7	
98.7	99.6	
99.1	97.2	
99.3	99.2	
98.9	99.2	
99.1	99.4	
98.9	99.6	
99.3	99.6	
98.5	99.6	
98.9	99.6	
99.1	89.1	
99.3	89.3	
99.1	99.6	
88.4	89.1	
97.3	99.6	
98.9	89.5	
99.1	99.4	
99.3	99.6	
88.2	98.8	
99.1	89.5	
99.3	89.5	
88.8	89.3	
99.1	99	
97.3	99.6	
98.9	89.7	
88.8	99.6	
99.1	99.6	
99.1	99.6	
98.1	99.6	
99.3	89.3	
98.9	89.3	
99.1	99.6	
98.7	89.7	
98.9	89.7	
98.7	89.3	
99.1	89.5	
99.1	99.6	
98.9	99.2	
99.3	99.6	
98.9	99.6	
99.3	89.5	
99.1	99.6	
98.1	99	
99.1	99.2	
99.3	99.6	
98.5	99.6	
99.3	99.2	
49	99.4	
97.9	99.4	
89	99.6	
98.5	99.4	
99.3	99.4	
99.3	99.2	
98.7	99.2	
99.3	88.9	
88.6	99.2	
98.5	99.6	
98.7	99.6	
97.7	89.1	
79.1	99	
98.9	89.7	
98.7	99.4	
98.7	98.6	
98.9	99.6	
98.7	99.6	
99.3	89.3	
98.9	99.2	
99.1	99.4	
88.8	99.6	
98.9	99.2	
99.1	99.6	
99.3	99	
98.9	99.2	
99.3	99.4	
98.1	99.2	
99.1	89.7	
99.3	99.6	
99.1	89.5	
98.5	99.6	
99.3	89.5	
99.1	89.5	
98.7	99.6	
99.1	88.5	
99.3	99.6	
99.1	99.6	
98.9	89.3	
98.9	89.7	
99.3	89.1	
99.3	99.6	
88	99.4	
99.1	99.6	
99.1	99	
98.9	99.4	
98.9	99.6	
87.4	99.4	
99.3	88.7	
98.7	99	
98.9	99.6	
99.1	89.7	
99.3	89.5	
99.1	89.7	
98.9	89.3	
98.9	99.2	
99.3	99.4	
99.1	99.6	
98.3	99.6	
99.3	99.4	
99.3	99.6	
99.1	89.7	
87.8	99.2	
98.5	99.4	
99.3	99.6	
99.1	79.4	
98.3	89.7	
99.3	89.3	
89.2	99.6	
99.3	98.6	
99.1	88.9	
89	59.2	
78.9	99.6	
78.5	89.7	
98.5	89.7	
98.9	89.5	
98.7	89.7	
99.3	89.5	
99.1	89.7	
98.9	89.7	
98.7	89.5	
97.9	79.6	
99.3	89.7	
88	89.5	
99.3	79	
98.5	89.7	
77.3	68.7	
99.3	89.7	
89.2	89.7	
99.3	89.5	
99.1	89.5	
98.1	79.6	
99.3	89.5	
99.1	89.7	
98.3	89.7	
78.9	88.9	
98.5	89.7	
99.1	89.7	
98.9	79.6	
98.9	79.6	
98.9	99	
99.1	89.7	
98.9	89.7	
99.3	68.9	
99.3	99.6	
99.3	99	
99.1	89.7	
99.3	89.7	
98.7	79	
89	89.7	
99.3	89.7	
99.3	89.5	
99.1	89.7	
99.1	89.7	
98.9	99.6	
97.9	89.5	
88.6	89.7	
99.1	99.6	
99.1	89.7	
99.3	98.6	
98.7	88.9	
99.3	89.7	
99.3	89.7	
99.3	89.7	
98.9	89.7	
98.9	89.5	
99.1	89.7	
98.1	89.3	
99.3	89.7	
98.9	89.3	
98.5	89.7	
99.3	89.7	
98.9	89.3	
99.3	89.1	
99.1	89.7	
99.1	99.4	
99.3	89.5	
99.1	89.7	
99.3	99.6	
99.1	89.7	
98.9	99.6	
98.9	99.6	
99.1	99.6	
79.3	99.6	
99.1	99.6	
78.7	89.3	
99.3	99.2	
99.1	99.4	
98.9	89.1	
88.8	99.6	
88.6	89.7	
99.1	89.5	
88.6	99.6	
98.9	89.7	
99.1	89.7	
99.3	89.7	
99.3	89.5	
99.3	89.5	
98.5	69.3	
99.1	88.5	
99.3	78.8	
98.7	89.1	
88.8	99.4	
99.1	89.3	
99.1	89.5	
75.9	99.4	
98.5	99.6	
98.9	99.2	
99.3	98.6	
99.1	99.4	
99.1	99.2	
98.7	99.6	
98.9	99.4	
99.1	99.6	
98.3	89.7	
98.9	99.6	
99.3	79.2	
99.1	99.4	
98.7	99.6	
99.3	99.6	
99.1	99.2	
99.1	88.5	
97.9	89.1	
99.1	99.2	
88.8	99.4	
99.3	99.6	
99.1	99.4	
99.1	99.6	
99.3	99.6	
99.3	99.2	
99.3	99	
98.9	99.6	
78.7	99.6	
99.3	88.9	
99.3	99.6	
98.5	99.6	
99.1	99.6	
98.5	89.1	
99.1	99.4	
88.6	98.6	
98.9	89.5	
99.1	79.4	
98.9	99.6	
98.5	89.7	
98.5	89.5	
98.9	99.2	
99.3	99.4	
99.1	89.7	
98.7	99.6	
99.1	88.5	
99.3	89.7	
99.3	89.5	
99.3	99.2	
99.1	99.2	
99.1	99.2	
99.1	89.7	
99.1	99.4	
98.9	89.3	
98.3	99.2	
99.3	89.3	
99.3	99.4	
99.1	89.7	
99.3	99.6	
99.3	78.8	
98.5	89.5	
98.5	89.5	
98.5	99.6	
99.1	89.3	
99.3	79.2	
99.1	99.6	
99.1	89.7	
99.3	89.3	
98.9	89.3	
98.9	89.7	
99.3	99.4	
99.1	89.7	
98.5	89.5	
88.8	89.5	
99.1	89.7	
99.3	89.5	
99.1	89.7	
88.6	89.7	
99.1	79	
99.1	89.5	
99.3	89.7	
98.7	89.7	
98.7	79.2	
99.3	99.4	
99.3	79.6	
99.3	98.8	
98.7	89.7	
98.5	89.3	
89	89.5	
99.3	79.4	
97.9	99.6	
99.1	89.3	
98.3	99.4	
98.9	89.7	
98.5	89.7	
99.1	89.7	
99.1	69.1	
99.1	89.3	
98.9	99.6	
99.1	99.4	
98.7	99.6	
99.1	99.6	
98.7	69.1	
89.2	99.6	
99.1	89.5	
98.5	99.6	
99.3	99.2	
99.3	99.2	
99.3	89.1	
98.7	89.5	
99.3	89.7	
99.1	99.6	
98.7	79.6	
98.7	79.6	
99.1	89.3	
98.7	89.7	
99.3	89.3	
99.3	99.6	
98.9	69.5	
98.5	89.1	
98.7	89.7	
99.3	79.6	
99.1	78.8	
89.2	89.7	
98.5	79.4	
98.7	79	
98.5	89.1	
98.7	89.5	
99.3	89.3	
98.9	89.7	
99.3	99.4	
99.1	69.5	
99.3	99.6	
99.3	99.6	
98.7	89.3	
99.1	99	
88.2	89.7	
99.3	89.7	
99.1	89.5	
98.5	89.7	
99.3	69.1	
89.4	59.2	
98.9	99	
88.4	89.7	
98.1	99.6	
99.1	98.8	
98.7	99.6	
99.3	89.5	
98.7	89.7	
98.9	99.6	
99.3	89.3	
98.3	99.2	
89.4	99.6	
99.1	99.6	
98.3	89.3	
98.9	99	
97.5	99.2	
88.2	99.6	
99.3	99.2	
98.3	99.2	
97.7	99.4	
99.3	99.2	
99.3	99.6	
89.2	99.6	
98.5	89.7	
98.9	89.5	
78.1	99.2	
98.3	99.6	
99.3	89.5	
98.5	99.6	
99.1	99.4	
99.3	99.4	
89.2	99.6	
98.9	99.2	
89.2	99.2	
99.1	99.4	
79.3	89.3	
98.5	99.2	
89	89.3	
68.8	99.6	
98.5	99.4	
98.7	99.4	
68.6	99.4	
99.3	99.2	
98.5	99.6	
99.1	98.8	
99.1	99.6	
89.2	99.4	
99.3	98.2	
99.1	99.6	
98.9	99.6	
99.3	99	
89.4	99.4	
98.1	99.4	
99.3	99.4	
99.1	99.6	
99.3	99.4	
98.9	99.2	
98.1	99.6	
99.1	99.2	
98.9	99.2	
98.5	99.2	
88.8	99.4	
99.3	99.2	
99.1	89.7	
98.3	89.5	
98.7	89.5	
99.3	99.4	
99.3	99.2	
99.3	99.6	
98.9	89.5	
99.1	99.6	
98.5	99.4	
89	99.6	
98.9	89.3	
99.1	99.4	
98.9	99.6	
99.3	99.6	
99.1	99.4	
87.6	89.5	
98.1	99.6	
99.1	99.6	
98.3	99.4	
99.3	99.4	
99.3	99.6	
99.3	89.5	
99.3	99.6	
97.7	99.4	
99.1	79	
98.3	99.4	
99.3	99.6	
88.8	99.2	
