95.1	99.6	
57.7	78.8	
72.7	97	
67.8	96.2	
73.5	98.8	
68.2	78	
73.5	99.6	
86	88.7	
96.9	99.4	
89	99.2	
99.3	97.2	
98.3	89.7	
98.9	89.1	
97.9	98.6	
99.1	99.2	
89.2	99.2	
98.9	79.4	
98.9	98	
97.7	99.4	
97.5	99.2	
97.5	98.6	
87.8	99.2	
99.3	99.2	
63.6	99.4	
98.9	79.6	
97.5	88.9	
95.5	99	
98.5	99.2	
97.5	99.4	
98.7	89.5	
97.9	98.4	
98.3	98	
56.7	99.4	
98.5	99.6	
97.3	99	
98.5	99.6	
78.5	99.6	
77.7	98.6	
98.9	99.4	
89	98.8	
78.5	99.4	
99.1	89.7	
99.1	99.6	
98.5	98.2	
98.3	99	
98.3	88.7	
87.8	98.6	
95.5	99.2	
96.1	99.4	
97.5	98.6	
97.7	77	
98.5	99.6	
89.2	99.2	
98.7	88.7	
98.7	88.7	
88.2	99.4	
99.1	98.4	
97.9	99.2	
97.5	99.2	
98.7	89.5	
99.3	89.1	
67.4	99.2	
99.1	88.9	
99.1	99.6	
98.7	99	
97.1	98.4	
98.1	99.2	
99.1	89.5	
99.1	99	
88	88.3	
98.7	89.3	
78.5	98.2	
99.1	99.4	
98.7	99.6	
99.3	89.1	
98.9	89.5	
78.1	89.3	
99.3	89.5	
84	99.4	
66.6	99.2	
98.9	98.6	
58.7	99.2	
98.3	89.3	
99.1	98.4	
98.3	98.4	
86.2	89.3	
88.6	88.1	
98.1	89.5	
99.3	99.6	
98.5	99.4	
98.7	99.6	
98.3	89.3	
98.3	99.6	
98.7	99.4	
95.3	98.4	
98.3	98.8	
87.6	99.4	
67.6	79	
99.3	99.4	
98.7	99.4	
88.6	99.4	
99.1	99.2	
98.1	89.7	
79.1	99.6	
88	99	
77.9	98.8	
98.5	89.3	
88.2	89.5	
99.1	99.2	
98.5	89.5	
98.1	97.6	
89.2	89.5	
97.5	99.2	
47	99.4	
99.1	99.4	
98.1	99.2	
97.5	98.8	
68.6	99	
98.7	76	
98.7	79.6	
98.1	99	
88.8	98.4	
98.7	58.4	
98.3	99.6	
97.3	89.7	
79.3	98.6	
97.3	89.7	
98.7	99.6	
97.5	78.6	
98.7	89.5	
98.1	89.7	
68.2	79.6	
98.1	89.7	
98.9	89.1	
98.3	89.7	
89	89.1	
98.7	88.7	
99.3	89.7	
57.3	89.5	
97.9	89.3	
89.2	78.8	
88.4	89.7	
99.3	98.6	
88.6	99.6	
99.1	89.3	
97.3	99.4	
99.1	99.2	
88.6	99.4	
98.5	98.8	
27.6	87.9	
98.7	79	
98.3	98.8	
70.5	99	
66.8	99	
99.3	89.7	
97.7	79.2	
88.2	88.9	
97.1	78.6	
98.9	79	
99.1	89.7	
99.3	99.6	
87.8	98	
98.7	99.6	
77.9	99.4	
97.9	98.4	
96.5	89.1	
89.2	98.8	
67.2	87.3	
77.5	99.2	
89	99	
79.1	88.9	
88	89.3	
98.3	99.2	
87.8	89.7	
87.2	99.2	
98.7	99.6	
98.9	98.2	
98.1	99	
88.4	89.3	
66	99.6	
98.7	79	
97.3	89.7	
98.5	59.2	
98.5	89.7	
98.1	99.4	
98.9	89.3	
85	99.4	
98.1	89.7	
77.7	89.5	
98.9	99.2	
99.1	79.2	
98.7	99.4	
97.5	57.8	
98.7	98.6	
98.7	99.4	
98.1	58	
89	89.5	
86.6	99.4	
96.9	99.6	
69.4	99.6	
99.3	89.7	
66.8	88.3	
98.9	98.8	
88.8	99	
97.1	89.3	
99.1	99.2	
98.7	88.7	
99.1	99.4	
98.5	79.4	
98.1	99.6	
98.5	98.8	
57.7	79.2	
98.7	99	
97.7	99.6	
69	99.2	
98.7	99.6	
99.1	99.4	
87.4	89.7	
98.5	99.6	
97.3	99.6	
98.3	98.6	
99.1	89.3	
97.9	99.6	
98.9	89.3	
97.3	99.4	
98.9	98.6	
97.9	89.3	
88.4	89.5	
88.4	99.4	
94.3	79	
96.9	97.8	
98.1	98.6	
77.5	99.2	
98.3	99.4	
97.3	89.1	
98.7	99.6	
98.5	89.3	
99.1	89.3	
98.7	68.3	
98.5	99.6	
73.9	98.6	
98.7	99.6	
97.9	89.1	
99.1	79	
99.1	99.6	
98.5	79.4	
99.1	76.2	
98.5	99.4	
88.2	89.5	
98.5	89.3	
98.7	89.7	
97.9	68.1	
98.5	87.9	
98.1	89.3	
98.9	99.4	
68.8	67.3	
98.9	98.8	
98.1	89.7	
99.3	98.8	
97.3	89.7	
99.3	99.6	
98.7	98.6	
56.9	99.4	
78.3	99.4	
38.7	99	
97.3	89.3	
88.8	88.9	
89	97	
89.2	98.8	
96.3	89.1	
98.7	68.9	
98.3	98.8	
87.8	99.4	
26.2	99.6	
88.2	79	
98.7	99.2	
78.9	99.6	
88.8	99.4	
98.9	89.7	
88.4	89.7	
66.8	99.6	
98.7	99.4	
98.7	99	
98.9	99.6	
98.7	99.2	
88.2	89.7	
56.7	89.3	
78.5	99.4	
98.9	89.3	
98.7	57.6	
99.3	99	
99.1	98.4	
88.2	99.2	
97.5	89.3	
98.5	89.7	
99.3	99.2	
68.8	99	
98.1	68.7	
78.7	99.2	
98.1	98.8	
98.3	99	
98.1	99.6	
98.1	98.4	
98.3	89.1	
79.5	99.6	
98.7	99.4	
98.7	99.4	
98.7	89.1	
98.3	99.4	
88.6	99.6	
97.9	89.7	
99.1	89.7	
88.2	87.5	
99.1	88.7	
67.8	98.6	
98.7	99.4	
88	99.2	
78.3	89.3	
97.1	79.4	
97.5	99.6	
98.5	98.2	
98.9	99.2	
99.1	99.4	
99.1	98	
99.1	89.3	
98.5	99	
68	68.3	
54.1	88.5	
97.5	99.4	
98.3	99.4	
97.5	89.3	
97.9	88.7	
88.6	89.1	
98.7	98.8	
97.3	99.6	
98.7	99.4	
77.3	99	
79.3	99.6	
98.3	99.4	
98.9	89.3	
98.7	89.5	
98.1	89.5	
78.7	79.2	
88.6	89.3	
99.3	98.6	
97.7	99.4	
98.7	89.5	
97.7	98.8	
98.7	78.4	
97.7	98.2	
99.1	98.8	
89.4	99.2	
98.7	98.8	
98.1	98.8	
89	98	
98.9	99.6	
88.6	88.9	
67.8	99.4	
96.3	89.3	
98.1	99.4	
98.5	99.4	
97.1	99.4	
98.7	99.4	
97.7	89.7	
97.7	78.4	
98.5	89.5	
98.9	89.3	
78.3	99.6	
98.7	98.6	
99.3	79.6	
69.2	98.8	
98.9	98.4	
88.6	89.7	
95.7	77.2	
46.2	99.2	
98.5	98.8	
98.1	99.6	
99.1	89.5	
98.5	98.8	
99.1	79.2	
56.7	68.5	
78.9	88.7	
98.1	99.4	
89	99.4	
68	99.6	
98.1	99	
98.9	97.4	
99.1	89.3	
98.3	99.6	
88	78.8	
99.3	98.4	
97.5	89.3	
87	99.4	
89.2	68.7	
98.1	79	
88.2	88.9	
88.4	89.7	
98.1	78	
98.5	88.7	
88.6	89.7	
98.7	88.7	
98.3	99.6	
96.9	88.5	
98.5	99.4	
98.5	99.4	
98.7	88.9	
97.5	99	
99.3	99.6	
99.1	99	
99.1	88.3	
99.1	98	
98.5	88.9	
98.9	89.7	
98.5	99.2	
76.9	99.6	
98.9	98.6	
99.3	98.8	
99.1	99.2	
89.4	99.4	
99.3	98.8	
98.5	99	
98.1	99.2	
98.9	88.9	
28	57.8	
78.1	89.1	
99.3	89.7	
98.1	89.3	
78.5	98.4	
97.7	88.7	
97.5	89.5	
98.1	98.6	
84.8	68.7	
96.9	78.6	
99.3	99.4	
99.3	89.5	
29	99.6	
99.1	79.4	
98.5	89.7	
98.9	98.8	
88.4	99.6	
98.3	99.6	
77.7	89.5	
98.9	99.6	
98.5	99.4	
88.6	99.4	
99.1	89.3	
57.9	89.1	
87.6	99.4	
98.1	98	
47.8	99.2	
98.9	99.6	
98.3	99.6	
98.3	89.7	
88.2	89.7	
98.9	89.3	
75.5	99.6	
97.9	78.8	
77.3	99.4	
88.4	89.3	
99.1	99.2	
98.1	88.9	
87.4	99.6	
98.9	99.2	
98.7	99.4	
97.3	99.4	
98.5	99.4	
98.7	97.6	
99.1	99.4	
98.7	99.2	
98.5	88.5	
96.1	78.6	
98.9	99.4	
97.7	98.6	
98.9	79	
99.1	98	
88.2	89.3	
98.5	98	
98.1	79	
99.1	89.1	
99.3	99.6	
97.9	99.6	
68.6	99	
97.9	99.4	
98.1	88.7	
78.9	98.6	
87.4	59.4	
98.7	89.5	
98.5	98.2	
96.9	99.4	
88	88.7	
89	99.2	
89.2	99	
99.3	78.8	
99.1	89.7	
99.1	99.4	
98.5	99.4	
99.1	97.8	
98.5	98.2	
99.3	99.6	
89	99	
