56	89.7	
27.7	89.5	
28.3	98.4	
78.5	99.2	
85.8	89.7	
90.5	89.3	
74.1	99.4	
60.6	99.2	
98.7	89.1	
99.1	98.4	
98.5	99.6	
98.9	94.4	
97.5	99.4	
99.1	89.5	
76.9	79.6	
88	87.3	
99.3	89.5	
68.8	99.6	
77.7	99.4	
98.7	98	
99.3	98.8	
94.1	97.4	
98.1	99	
96.3	88.9	
66.4	89.5	
98.7	57.6	
96.7	89.7	
97.3	79.4	
99.3	89.5	
98.9	89.3	
25.4	99	
99.1	89.3	
96.1	98.4	
98.9	98.6	
97.7	99.4	
99.3	99.4	
98.7	99.6	
99.3	99.6	
77.5	98.8	
66.6	98.4	
85.6	89.1	
99.1	98.4	
98.9	99.4	
88.8	89.3	
78.7	99.4	
99.3	88.3	
99.1	99.4	
98.9	99.2	
97.9	98.8	
98.7	99.6	
98.7	99.6	
78.1	88.5	
89.2	99.4	
97.3	58.4	
99.3	99	
79.5	99.4	
85.8	98.8	
98.1	99.2	
98.7	98.8	
88.8	99.2	
86.4	79.6	
94.3	99.4	
98.9	99.6	
86.6	99.6	
75.7	99.4	
77.3	99.4	
98.9	99.4	
98.7	99.4	
99.3	99.2	
98.3	89.7	
98.9	88.7	
98.7	98.6	
98.7	99.2	
98.5	99.6	
98.3	99.4	
99.3	99.4	
99.1	89.5	
96.5	99.2	
99.1	89.7	
97.7	99	
97.9	99	
77.5	87.9	
98.5	99.4	
76.7	98.2	
98.5	99.4	
97.9	99.6	
98.7	99.6	
68	98.2	
98.3	99.6	
77.3	99.6	
87.8	99.6	
98.7	49.3	
98.3	99.6	
98.7	89.3	
99.1	89.5	
98.5	99.2	
99.1	98.8	
99.3	99.6	
98.5	89.7	
98.9	98.8	
99.1	99.4	
87	98.4	
87.8	99.4	
98.7	98.4	
98.9	89.7	
99.1	99	
98.7	89.3	
98.1	99.4	
87.4	99.4	
99.1	88.3	
98.9	99.4	
98.9	89.5	
99.3	99.4	
98.1	99.4	
98.3	98.8	
99.1	99.4	
99.1	89.7	
98.9	88.9	
99.3	79.2	
87.8	99.6	
98.7	98.6	
87.8	78.8	
75.9	99.6	
98.5	97.8	
98.7	89.7	
97.1	98.8	
99.3	99	
98.3	99.6	
86.8	99.6	
99.1	99.6	
88.8	99.6	
98.5	98.6	
99.1	99.6	
99.3	79.2	
99.1	88.9	
97.7	99	
98.3	99.6	
97.9	97.8	
98.7	89.5	
99.1	99.6	
99.1	89.3	
98.7	98.6	
87.6	89.7	
99.1	98.8	
88.8	87.9	
99.1	99	
99.3	97.6	
99.3	79.2	
99.3	99.2	
98.9	99.2	
75.1	98.4	
98.9	99	
97.9	87.7	
88.6	99	
88.8	99	
76.9	89.1	
97.5	99.2	
99.3	98.8	
99.1	99.6	
99.1	98.4	
95.1	99.6	
97.9	99.2	
98.5	99.2	
98.9	89.7	
99.1	89.5	
99.3	89.5	
98.1	99.4	
99.1	99.4	
97.7	99	
87.4	89.1	
99.1	99	
89	87.9	
98.3	89.3	
98.9	98.8	
98.7	89.3	
98.7	99.6	
99.3	99.6	
98.5	89.3	
98.9	99	
98.5	88.5	
98.9	89.5	
98.9	99.6	
97.5	98.8	
98.5	97.8	
86.8	89.1	
89.2	88.9	
98.1	99.6	
87.4	99.6	
96.1	99.2	
98.3	98.6	
86.2	99.4	
98.7	99.2	
98.7	99.6	
98.3	89.7	
99.3	99.4	
99.3	99.6	
98.5	98.4	
99.1	98.6	
98.3	89.3	
89	99	
99.3	99.4	
88.4	99.6	
98.3	99.4	
66.4	99	
98.5	89.3	
98.9	99.4	
88	99.4	
98.5	99.4	
96.9	98.8	
98.9	99.6	
98.5	98.8	
98.3	99.4	
99.1	88.7	
88	89.5	
98.9	89.7	
98.5	99.6	
98.1	98.2	
96.7	99	
98.9	89.5	
98.1	98.6	
78.9	99	
97.9	99.4	
98.7	89.1	
97.9	98.4	
66.2	88.5	
99.3	99.6	
97.5	98.4	
99.3	99.4	
48	99.4	
98.9	98.4	
97.9	98.6	
88	99.4	
77.1	89.5	
98.7	89.7	
98.5	99.4	
98.7	89.7	
98.7	99.2	
98.5	99.4	
88.8	68.7	
77.7	98.6	
88.6	99.4	
97.7	89.7	
98.5	98.8	
78.1	99.4	
98.9	99.2	
98.7	89.7	
97.9	89.5	
98.9	89.7	
98.1	99.4	
98.9	89.5	
76.9	89.1	
99.3	98.4	
98.5	89.7	
97.9	89.3	
97.5	89.7	
98.5	89.7	
98.7	89.7	
98.5	99.6	
88.2	99.4	
77.9	89.5	
98.9	79.2	
98.9	89.5	
78.1	89.1	
99.3	89.5	
97.7	98.6	
98.5	99.6	
98.9	69.3	
99.1	99.6	
79.1	89.3	
99.1	99	
99.3	88.3	
98.5	99.2	
97.7	98.8	
89.4	89.3	
98.7	69.5	
89.2	89.5	
98.5	98.8	
98.7	99.2	
98.5	79	
99.1	89.1	
88.8	98.8	
68.2	99	
88.6	79.4	
98.3	99.2	
88.8	89.5	
99.3	99.2	
99.3	99.6	
98.1	99.4	
46.8	99	
98.9	99.4	
98.7	98.8	
87	88.1	
68	98.8	
98.7	79.4	
98.9	89.7	
99.1	89.3	
97.3	89.5	
99.1	89.5	
98.9	99.6	
97.5	89.5	
98.7	99.6	
99.1	89.5	
88.4	99.6	
99.1	99.2	
99.3	99.6	
98.9	89.7	
97.9	89.5	
98.5	79.4	
98.9	99.4	
97.5	99.6	
98.5	99.2	
77.1	99.4	
98.9	98.8	
98.5	99	
98.7	99	
97.7	99.2	
99.1	98.2	
98.7	78.2	
98.1	79.4	
98.9	99.2	
98.9	99.4	
97.7	89.5	
99.1	89.1	
99.1	69.5	
99.1	99	
97.3	87.9	
98.7	98.4	
98.7	99.6	
97.1	99.4	
98.9	99.6	
97.9	89.5	
98.1	99.4	
97.5	89.5	
88.2	89.3	
69	89.5	
98.1	99.6	
78.1	99	
98.7	89.7	
98.7	99.6	
98.1	89.3	
99.1	88.5	
98.7	89.5	
98.3	99.6	
97.5	88.3	
89.4	89.7	
98.5	99	
98.1	98.2	
98.1	99.2	
98.9	99.6	
98.5	99.2	
98.9	89.5	
97.1	99.2	
98.9	89.3	
98.7	99.2	
98.3	99.4	
99.3	99.2	
67.4	99.6	
97.5	78.4	
99.3	99.6	
98.9	89.7	
99.3	99.4	
98.7	99	
98.9	98.8	
98.9	89.7	
88.8	99	
98.9	99.2	
88.4	88.1	
98.1	99.2	
99.3	99.4	
87.8	58.6	
97.9	99.6	
98.9	99	
67.2	89.1	
98.9	89.1	
98.3	99.6	
98.3	88.5	
97.9	99.6	
89.2	99.2	
87.8	79	
98.1	99	
97.9	69.3	
88.8	89.3	
98.9	99.6	
98.1	99.2	
99.1	98.8	
58.1	99.2	
97.7	99.4	
98.7	99.6	
88.2	99.4	
77.7	99.2	
87.2	79.6	
99.1	99.6	
98.3	89.5	
98.9	88.7	
98.5	97.2	
98.7	99.2	
89.2	98.6	
98.9	99.4	
97.3	99	
98.9	89.5	
98.1	89.3	
77.1	99.6	
97.5	99.2	
99.1	88.3	
89.4	88.9	
99.1	99.6	
98.3	99.2	
97.7	99	
98.5	99.4	
98.9	89.5	
96.7	89.5	
97.3	88.3	
99.1	89.3	
99.3	99	
97.9	99.6	
97.7	99.6	
78.5	99.6	
99.3	99.6	
98.9	98.6	
98.3	99.6	
99.3	99.4	
89.2	68.7	
86.4	87.9	
99.1	99.6	
78.1	79.2	
78.7	89.5	
99.3	99.6	
89.2	99.4	
98.5	99.6	
98.7	78.2	
97.7	99.4	
98.7	89.5	
98.3	89.1	
89	99.4	
98.5	99.4	
98.9	99	
98.3	87.3	
99.1	88.7	
98.5	89.3	
78.7	99.2	
98.9	99.6	
78.9	78.8	
99.3	98.8	
98.3	99.6	
98.1	99.6	
98.1	99.6	
98.1	99.2	
98.9	99.2	
98.3	99.4	
87.6	98.6	
76.5	98.8	
99.3	99.2	
98.3	88.9	
98.5	99.6	
98.7	99.4	
87.6	99.6	
98.7	88.7	
99.1	89.3	
37.1	99	
97.9	99.4	
99.1	99.2	
99.3	99.2	
98.9	99.6	
88.4	99.4	
98.5	99.6	
87.4	69.3	
88.8	99.6	
99.1	89.3	
98.3	99.2	
98.5	99.2	
99.3	79.4	
88	98.4	
98.5	99.4	
97.3	99.2	
88.8	99.4	
99.1	98.8	
98.5	99.4	
97.1	99.6	
88.4	98.4	
99.3	99.2	
99.1	98.8	
99.3	99.2	
98.9	99.6	
99.3	88.9	
88	98.8	
98.9	89.7	
98.1	99.4	
78.9	99	
99.1	98.6	
98.9	89.5	
98.7	99.6	
99.1	99.6	
99.1	99.2	
78.1	89.5	
98.5	99.4	
98.9	99.2	
99.3	99.6	
88.2	78.2	
98.3	99.4	
68	98.2	
