82.6	95.4	
29.7	97.2	
88	99.2	
84.6	98.8	
75.9	98	
88.4	98.4	
89	99.4	
98.9	99.4	
98.5	89.5	
87	99	
87.4	99.4	
97.7	99.4	
97.7	98.6	
45.6	99	
99.3	99.2	
98.5	99	
99.1	89.7	
98.7	99.2	
99.1	99.4	
98.9	99.6	
98.9	89.3	
97.9	99.6	
99.1	99.6	
88.6	99.4	
99.3	99.6	
98.3	99.4	
98.5	89.5	
99.1	99.6	
99.1	99.6	
99.1	99.6	
99.3	89.5	
98.9	99.4	
98.5	99.4	
99.1	99	
99.1	99.4	
98.9	99.4	
98.1	97.4	
99.3	99.4	
88.6	89.5	
99.3	99.6	
88.2	99.4	
88	99.6	
99.1	99.6	
99.1	99.6	
88	99.6	
98.5	99.4	
99.3	89.3	
98.9	99.2	
99.3	99.4	
98.7	98.6	
98.9	99.6	
98.9	99.2	
88.6	99.6	
97.5	99.4	
98.3	99	
98.5	99.4	
99.3	98.8	
98.7	88.7	
98.7	99.6	
88.6	99	
98.9	99.6	
89.2	99.6	
99.1	89.5	
97.9	78.2	
98.1	99.6	
98.7	99	
89.4	99.4	
97.5	99.4	
67.6	99.6	
98.9	99.4	
88.8	99	
89	99.6	
88.8	89.5	
89.4	99.2	
88.6	88.9	
68.6	89.5	
77.1	89.5	
98.5	89.5	
99.3	89.5	
99.1	99.2	
99.3	99.4	
99.3	99.6	
98.7	99.2	
98.7	99.6	
76.9	99.6	
98.5	99.6	
98.9	99	
99.1	79.2	
89	89.7	
98.9	98.6	
99.3	99.4	
98.5	99.2	
88	88.9	
99.3	89.7	
98.9	88.1	
98.9	79.4	
98.5	89.5	
98.7	89.5	
99.1	99.6	
67.6	99.6	
98.7	99.6	
78.7	99.2	
88.8	89.3	
88.8	89.5	
97.9	99.4	
99.3	99.4	
88.8	99.6	
98.5	99	
69.2	98.8	
98.5	89.3	
88.8	99.6	
99.1	89.5	
98.7	99	
89.2	99	
99.1	99.4	
99.1	89.1	
98.3	98.8	
98.7	99.2	
97.9	89.7	
98.7	89.7	
87.6	89.5	
78.5	89.3	
98.9	89.7	
99.1	99.2	
99.3	99.4	
88.6	89.3	
97.3	87.7	
98.7	99.6	
99.3	88.7	
99.1	89.5	
88.6	99.4	
98.7	89.3	
98.5	89.7	
99.3	99.6	
98.5	99	
98.3	89.7	
98.5	99.2	
99.1	78.8	
79.1	99.6	
99.1	98.6	
99.1	99.6	
98.9	99.6	
97.9	99.6	
98.9	99.4	
98.7	99.4	
99.1	98.8	
99.3	88.7	
99.3	99.6	
89.2	99.4	
98.3	89.7	
98.7	99.6	
98.3	99.2	
98.5	99.6	
98.9	99.4	
88.4	99.2	
99.1	69.5	
98.7	89.5	
99.1	99	
98.9	79.6	
98.9	89.5	
99.3	99	
99.3	99.6	
99.1	98.4	
68.8	89.7	
98.7	89.7	
78.9	78	
99.1	99.2	
98.7	99.4	
99.1	99.6	
88.8	99.6	
98.5	99	
98.9	98.8	
99.1	88.7	
99.1	98.8	
98.3	99.6	
88.4	89.1	
99.1	89.7	
98.7	88.7	
86.8	99.4	
98.5	98.6	
98.9	99.6	
97.9	99.6	
98.9	89.5	
99.3	99.6	
98.3	89.3	
78.9	89.7	
98.7	69.3	
88.8	89.7	
88.2	89.5	
98.3	89.7	
99.1	89.7	
98.3	89.5	
98.5	89.7	
98.9	89.3	
99.1	89.1	
98.7	89.5	
99.3	88.9	
98.7	99.6	
99.1	89.7	
98.7	89.5	
98.5	89.7	
87.4	99	
99.3	99.6	
99.1	99.2	
78.5	98.6	
99.1	89.7	
98.9	89.7	
98.5	79.4	
98.7	89.3	
98.9	89.3	
98.9	99.6	
98.5	89.7	
99.1	89.7	
98.3	89.3	
98.9	89.5	
99.1	79.2	
99.1	89.5	
99.1	89.5	
78.5	89.1	
89.2	89.7	
98.7	99.4	
99.1	79.6	
98.9	89.7	
97.9	99.6	
99.3	99.2	
98.7	89.7	
98.7	89.7	
98.5	89.7	
69	99.6	
88.6	89.5	
98.7	99.6	
97.7	89.7	
88.6	88.9	
88.4	89.7	
99.3	89.5	
98.7	89.5	
99.3	89.7	
99.1	89.7	
99.1	99	
99.3	89.7	
98.1	79.4	
98.7	79.4	
99.3	99.6	
99.3	89.3	
89.2	99.6	
99.3	99.4	
98.9	99.6	
98.7	99.2	
99.1	99.6	
98.3	99.2	
97.5	99.6	
89.2	89.1	
79.1	99.6	
98.9	99.2	
98.7	99.2	
98.7	69.1	
98.9	99.2	
89.2	99.6	
99.3	99.4	
98.7	99.2	
89	99.4	
99.1	89.5	
98.9	99.6	
99.3	99.2	
99.3	89.5	
98.7	99.6	
98.9	99.2	
99.1	99.6	
98.7	99.6	
99.3	99.6	
99.1	99.4	
98.5	89.7	
98.5	77.6	
99.3	88.7	
89.2	99	
78.9	79	
99.3	89.1	
99.3	99.6	
99.3	99.4	
99.3	98.8	
88.8	89.7	
98.7	99.4	
98.7	89.1	
78.3	99.2	
99.1	99.6	
99.1	99.4	
98.3	99.2	
99.1	89.5	
98.9	99	
98.5	99.2	
98.5	89.7	
99.1	99.4	
98.7	99.4	
87.2	99.4	
99.3	99.6	
98.9	98.8	
99.1	99.6	
98.7	99.4	
97.9	89.5	
99.3	99.6	
99.1	99.6	
99.3	79.2	
97.7	79	
99.3	89.7	
98.9	89.5	
98.7	89.1	
98.7	89.7	
88.8	99.6	
99.1	99	
98.5	89.3	
88.6	99.4	
88.4	99.6	
99.3	89.1	
98.9	99.6	
88	79.4	
98.9	88.5	
99.1	99.4	
98.9	89.7	
98.5	98.8	
99.3	89.5	
88.4	98.8	
98.3	89.3	
89.4	89.7	
98.9	99.2	
89.2	88.9	
98.9	99.6	
98.3	89.7	
89.4	99.4	
89.2	99.2	
77.1	99.4	
79.1	88.9	
98.7	98.6	
99.1	99.4	
99.3	97.4	
88.8	99.6	
99.1	99.2	
98.7	89.7	
99.1	99.6	
99.3	99	
98.1	99.2	
99.3	89.7	
89.2	99.6	
99.3	79.4	
99.1	99.6	
98.9	89.5	
98.5	79.4	
99.1	99.2	
99.1	99.4	
99.3	88.7	
99.3	99	
98.9	99.6	
98.9	79.6	
99.3	98.4	
98.9	89.3	
98.1	99	
99.3	99.6	
99.3	99.6	
97.7	89.1	
98.5	88.7	
98.5	99.4	
98.9	99.2	
99.3	99.4	
87.8	99	
99.1	99	
99.1	99.2	
99.3	99.6	
89	87.5	
98.9	99.6	
97.9	99.2	
99.1	99.2	
89.2	99.6	
88.4	99.6	
99.1	99.6	
98.9	99.2	
89	99.6	
99.3	98.6	
98.7	99.4	
98.7	99.4	
98.7	99.6	
98.3	89.1	
98.5	88.3	
98.5	99.4	
99.1	98.8	
79.3	99.2	
98.9	99.4	
99.3	99.4	
98.7	99.6	
97.9	99.6	
98.5	99.4	
98.7	99.6	
88.6	99.6	
99.3	99.4	
88	99.2	
98.7	99	
98.5	99.6	
98.3	89.3	
99.1	98.6	
89	99.6	
99.1	89.1	
97.9	89.1	
98.5	99	
98.5	98.8	
88.6	99.6	
58.7	89.5	
98.9	99.6	
99.1	98	
98.7	89.1	
98.7	99.6	
99.1	99.4	
69.2	99.4	
99.3	99.6	
98.5	99.4	
99.3	79.4	
98.3	89.1	
99.3	89.1	
99.3	89.3	
99.1	98.8	
98.9	99.4	
98.7	89.5	
98.7	99.2	
98.7	89.5	
99.1	79	
98.5	99.6	
98.3	99.4	
98.1	99.6	
89.4	89.5	
98.9	99	
99.3	79.4	
89	78.2	
98.3	89.5	
99.3	79	
98.9	98.8	
78.9	99.6	
88.4	89.7	
98.9	99	
98.9	99.6	
99.1	99.6	
99.1	99.4	
97.7	99.4	
98.5	99.6	
98.5	98.8	
98.9	89.5	
99.3	89.7	
89.2	99	
98.3	99	
99.3	79.4	
98.9	99.2	
98.9	89.5	
99.1	89.7	
99.3	89.7	
89.2	99.6	
98.9	59.2	
98.7	69.1	
99.1	99.6	
98.9	89.5	
98.9	98.8	
98.7	88.9	
99.3	99.2	
89.2	99.4	
99.3	99.6	
89.2	89.5	
98.9	89.5	
98.3	89.7	
98.3	99.6	
98.5	99.6	
48	89.7	
99.3	89.7	
98.7	89.7	
99.1	99.6	
67.4	89.3	
97.3	89.1	
99.3	89.1	
99.1	99.6	
98.9	99	
98.1	89.7	
98.9	99.6	
98.5	99.6	
98.3	79	
99.1	99.4	
99.1	99.2	
88	99.6	
99.1	79.2	
99.1	99.6	
78.9	99.4	
99.3	99.2	
98.7	89.7	
78.7	99.6	
98.9	99	
98.7	99.6	
98.9	99.6	
98.7	89.3	
99.1	99.4	
99.3	89.7	
99.3	89.5	
99.1	99.6	
79.1	99.6	
98.5	88.7	
99.1	68.9	
99.3	99	
59.1	89.5	
