47.2	78.6	
98.7	89.5	
63.6	89.5	
87.8	98.6	
97.9	89.1	
98.9	99.2	
99.3	98	
95.7	77.4	
89	98.8	
97.1	75.2	
95.5	89.7	
89	98.8	
77.7	96.6	
95.5	98	
90.3	99	
68	99.4	
98.3	98.8	
75.5	99.6	
98.3	99.2	
98.3	98.8	
97.3	89.3	
97.7	88.5	
78.3	78.6	
89.2	98.2	
99.1	99.4	
98.9	89.3	
78.3	97.8	
98.3	89.3	
56.9	79.4	
98.3	99.4	
98.3	98.4	
86.2	86.1	
99.3	99.4	
98.1	99.6	
98.1	99	
89.4	99.4	
88.6	89.5	
97.5	89.7	
97.1	99	
79.3	89.3	
61.8	99.4	
99.3	89.3	
98.9	98.4	
77.5	99.4	
98.3	99.4	
98.9	99.2	
38.5	99.6	
78.7	98.8	
97.5	98.6	
98.5	99	
78.5	89.5	
98.7	99.2	
87.8	88.9	
68.8	78.2	
98.5	99.6	
28	79.2	
99.1	87.5	
99.3	99	
53.1	99.4	
99.1	99.2	
99.1	99	
98.5	99.6	
98.7	88.1	
46.4	99.2	
98.9	99.2	
98.5	89.1	
98.7	98.6	
98.5	98	
97.1	98.4	
97.3	99.2	
97.7	88.3	
97.7	99.4	
99.1	99.6	
99.1	99.2	
98.9	99.6	
98.9	98.4	
98.7	99.4	
67.8	88.3	
98.9	98.4	
98.7	79.6	
98.5	99	
97.7	99.4	
98.3	98	
98.9	99.4	
98.9	87.5	
95.5	98.6	
45.4	99.6	
98.3	99.4	
87.4	98.8	
98.9	98.8	
98.1	99	
96.9	79.4	
57.3	88.9	
88.4	99.6	
98.1	98	
99.3	89.7	
99.3	89.5	
77.1	88.5	
96.5	98.8	
77.1	88.7	
77.1	99.4	
95.7	99.2	
97.1	87.5	
98.1	89.3	
99.3	99.4	
98.3	79.4	
98.1	89.5	
99.1	99.4	
89	99.4	
99.3	98.6	
88.6	99.2	
96.7	99.2	
97.7	79.2	
97.1	79	
98.7	78.6	
99.1	89.1	
99.3	89.7	
98.7	99.4	
98.7	78.4	
98.9	98.4	
98.9	99.2	
78.1	99	
99.1	99.6	
98.1	98	
97.9	89.1	
98.7	99.2	
98.5	88.7	
88.8	98.8	
99.3	98	
98.7	88.3	
98.7	89.1	
82.4	99.6	
78.9	99.4	
89.4	98.4	
78.1	99	
99.3	98.6	
98.5	99.4	
99.1	99.4	
78.5	99.4	
98.9	98.8	
98.3	98.6	
87.4	99.6	
58.5	89.3	
87.4	98.8	
98.9	99.6	
98.1	99.4	
99.1	88.7	
97.7	99.2	
98.3	99.6	
98.1	98.6	
98.5	99.6	
99.3	98.8	
76.7	89.5	
78.9	88.9	
88.8	99.6	
99.3	99.2	
63	89.7	
98.7	99.6	
98.3	99.6	
66	99.6	
98.9	89.5	
88	89.3	
88	99	
97.1	99.2	
78.7	88.3	
98.7	99.2	
86.6	99.6	
98.3	98.8	
97.5	89.5	
99.3	79.6	
98.3	99.4	
98.1	78.8	
77.5	89.1	
96.3	89.5	
99.1	78.8	
97.3	89.3	
87	89.5	
98.9	68.7	
97.9	89.5	
98.7	98.8	
98.1	89.7	
98.3	58.2	
96.9	99.4	
88.8	97.6	
98.3	79.4	
98.9	78.8	
98.3	79.4	
96.9	88.7	
79.1	99	
88.4	99.6	
99.3	99.4	
97.3	99.4	
97.1	99.4	
96.5	89.5	
97.3	89.7	
98.7	78.2	
99.3	99	
97.9	89.7	
88.8	89.5	
98.5	99.6	
97.9	99.6	
88.6	99.6	
89.4	97.2	
16.9	99.2	
99.3	89.7	
99.1	97.4	
98.3	89.3	
98.1	99.2	
89	97.4	
96.7	99.6	
94.1	99.6	
98.7	99.6	
98.9	99.4	
88.4	89.7	
99.3	89.3	
98.9	89.5	
87	89.1	
99.3	99.6	
69	99.2	
79.3	99.2	
37.5	89.1	
97.9	88.9	
98.1	79.6	
98.5	89.7	
78.1	99.2	
58.9	99.6	
97.9	99.6	
58.5	99.4	
56.7	99	
88.8	99.4	
88.2	99.6	
99.1	99.6	
88.4	89.7	
99.1	99.4	
98.7	89.5	
99.3	98.4	
78.3	99	
98.7	99.2	
98.5	98.8	
98.3	88.7	
99.3	99.4	
98.5	95.4	
97.3	69.5	
98.5	99.6	
97.9	88.1	
98.9	89.3	
88.4	58.8	
96.5	99.4	
46.8	79.6	
98.3	99	
78.7	89.7	
99.1	99.6	
97.5	79	
88.8	89.1	
79.1	88.7	
99.1	89.1	
89.4	89.7	
89.2	99.6	
78.5	99.2	
89	89.1	
89.2	88.7	
99.3	98.2	
99.1	98.8	
36.9	88.5	
68	79	
76.9	89.7	
87.4	99.2	
88.4	99.6	
98.9	68.5	
89.4	89.3	
12.7	89.7	
98.3	89.7	
98.7	99.2	
98.9	89.5	
98.5	88.9	
98.7	89.5	
98.5	98.8	
89.2	89.3	
98.5	88.5	
87.4	89.7	
98.3	88.7	
86.2	89.5	
98.3	98.6	
97.9	79.2	
88.2	89.5	
97.5	79.6	
97.5	99.4	
99.3	99.6	
48.4	99.6	
77.9	99.6	
52.7	99.2	
99.1	98.8	
98.5	69.1	
95.9	88.9	
97.5	99.4	
52.9	89.3	
77.7	99.4	
77.7	89.7	
98.3	79	
99.3	68.5	
98.9	99.6	
98.9	99	
87.6	79.6	
97.9	88.1	
96.7	89.5	
96.3	88.9	
96.1	99	
99.3	99.6	
97.9	99.6	
99.1	89.3	
87.4	79.2	
98.7	99.4	
99.3	99.2	
97.5	99.6	
98.7	89.1	
99.3	99.6	
98.9	98.4	
12.1	89.5	
98.7	99.6	
85	99.6	
88.4	98.4	
86.6	79	
98.5	89.7	
87.6	99.2	
97.3	99.2	
99.1	98.6	
98.9	88.9	
99.1	88.9	
98.5	99.2	
98.1	99.4	
98.9	99.4	
97.5	99.4	
98.5	99	
98.3	79.4	
99.3	99.4	
98.3	99.6	
86.8	99.6	
88.8	99	
77.3	99.6	
87.8	99.6	
88.8	89.3	
88	98.2	
99.3	89.7	
86.6	89.5	
99.3	99.6	
98.5	89.3	
97.7	98.8	
98.5	99.4	
89.2	97.8	
87	98.4	
98.9	89.3	
96.9	78.8	
98.9	99.4	
98.5	99.6	
76.7	98.2	
98.5	99.2	
98.3	99.6	
76.5	88.7	
97.3	89.3	
68	78.6	
99.1	99.2	
99.1	88.1	
67.6	89.1	
98.9	89.3	
99.1	99	
98.1	99.4	
98.7	98	
78.7	89.7	
78.3	89.5	
98.7	89.7	
98.9	99.2	
99.3	78.4	
98.5	99.4	
89.2	99.4	
97.1	89.1	
98.5	99.4	
99.1	99.4	
88.8	89.7	
98.9	89.7	
99.3	99.6	
87.4	89.7	
76.1	97.2	
89.2	98.8	
77.5	88.9	
97.7	89.3	
98.7	99.4	
99.1	99.2	
87	99.2	
57.7	99.4	
63.6	98.8	
96.9	89.7	
97.1	99.6	
98.3	78.2	
98.7	48.1	
99.1	98.6	
98.3	99.4	
97.5	99.4	
64.6	89.3	
99.3	89.7	
77.7	99.2	
98.7	99.6	
98.3	99	
98.9	98.8	
93.5	97.8	
79.3	89.3	
99.1	99.6	
69	78.4	
48.6	99.6	
88.8	89.1	
87.6	99.6	
98.5	99.2	
78.7	98.6	
96.5	99.4	
89.2	89.3	
47.8	99.2	
98.7	89.5	
99.1	99.6	
98.5	99.2	
98.7	98.8	
98.5	87.3	
96.5	99	
55.3	99.2	
97.7	99.4	
98.5	89.7	
98.1	99.4	
87.6	89.1	
98.9	89.1	
66	88.5	
84.6	99.6	
94.3	98.6	
75.1	99.6	
89.2	99	
93.7	89.3	
88.2	97	
88.2	98	
86.8	98.6	
98.9	99.4	
99.3	78.4	
88.8	99	
97.9	88.7	
45.8	85.5	
98.7	89.5	
99.3	89.7	
78.7	89.1	
99.1	99.4	
98.1	99.2	
99.1	99.4	
98.7	99.6	
97.7	99.6	
97.9	99	
88.8	99.6	
89	89.3	
88.4	87.5	
98.7	79	
97.5	88.9	
98.3	89.5	
87.8	79.4	
98.1	89.7	
99.3	79.4	
89.2	48.9	
97.9	97.6	
96.9	86.3	
99.1	89.3	
95.5	89.7	
67.4	99.6	
99.3	68.3	
98.9	99	
89	79.4	
79.5	89.5	
98.9	98.8	
99.1	98.4	
98.1	99.2	
99.1	98.8	
67.6	88.9	
98.9	98.6	
56.1	89.5	
96.5	99	
96.7	98.2	
98.7	99.2	
98.9	99.6	
98.9	89.3	
87.6	79.4	
98.3	88.9	
98.7	99.2	
97.7	89.1	
99.3	89.7	
97.7	99.4	
98.3	99.2	
99.3	99.6	
98.9	98.8	
98.7	89.5	
97.3	79	
99.3	99	
65	99.6	
99.1	99.6	
96.7	99.6	
96.5	89.3	
97.9	79.4	
98.1	88.9	
98.9	99.2	
