74.3	88.7	
87	99.4	
97.3	95.8	
98.3	99.4	
90.7	99.4	
88.4	99	
97.7	98	
77.3	98.8	
98.5	79.6	
94.1	78.4	
84.6	88.1	
99.1	89.1	
98.3	89.5	
48.6	89.1	
99.1	98.4	
98.9	99.2	
98.7	99.6	
24.4	99	
58.3	89.3	
98.9	99.2	
78.5	99.4	
98.9	99	
98.5	99.2	
99.1	99.4	
84.6	99.6	
78.3	99	
96.7	88.7	
46	99.6	
98.5	79.2	
99.1	99.6	
97.9	99	
98.1	99.4	
86	99.2	
97.1	86.7	
99.3	98.8	
98.1	89.3	
98.3	59.2	
87	89.7	
87	98.2	
77.7	98.2	
98.1	89.1	
18.5	79.4	
99.1	89.7	
98.7	99.6	
98.3	89.7	
78.7	77.8	
88.2	99	
99.3	89.7	
97.5	89.7	
98.1	99	
97.5	98	
77.1	89.5	
98.1	99.2	
99.1	88.9	
98.3	99.6	
98.9	99	
99.1	79.2	
97.7	99	
98.7	88.3	
99.1	99.6	
98.5	88.9	
99.1	89.7	
98.7	48.1	
98.1	98	
98.7	99.4	
98.1	98.6	
98.9	89.7	
97.3	89.1	
99.3	98.8	
99.3	88.5	
97.7	78.8	
98.3	79	
99.1	89.5	
98.5	99.2	
99.1	79.6	
98.7	89.7	
99.3	98.8	
98.3	79.6	
97.9	99.2	
87.8	89.5	
99.1	99.6	
99.1	79	
98.7	89.7	
98.3	98.8	
99.1	88.3	
88	89.7	
98.9	89.7	
99.3	99.6	
99.1	99.2	
99.3	89.5	
98.5	89.7	
99.1	99.6	
99.1	99.6	
88.4	88.5	
99.3	89.3	
99.3	99.2	
98.9	99	
97.9	99.6	
97.5	89.7	
98.3	78.2	
99.3	89.5	
75.9	67.1	
99.3	86.5	
98.5	89.7	
85.4	89.5	
99.3	89.7	
98.9	89.1	
99.1	89.3	
98.5	89.5	
99.1	88.5	
98.5	79.6	
88.4	98.4	
99.3	89.5	
98.5	99.6	
99.1	99.6	
99.1	78.8	
88.8	89.7	
99.1	88.9	
89	89.7	
98.7	89.7	
88.8	79.4	
97.7	89.7	
98.3	89.3	
98.3	88.7	
56.9	99.2	
97.9	98.8	
99.1	79	
98.3	89.7	
77.1	88.7	
99.1	99.4	
98.7	79.2	
98.7	58.2	
87.8	89.7	
98.7	99.6	
40.6	79	
98.1	89.7	
87.2	89.3	
98.9	89.5	
88	68.9	
88.2	78.4	
97.9	79	
47.4	89.3	
99.1	99.6	
99.1	99.4	
98.9	58.2	
99.3	79.2	
79.3	99.6	
99.1	89.5	
98.1	88.9	
99.1	89.1	
98.5	89.5	
98.7	97.8	
98.9	89.3	
85.6	98.6	
98.7	99.6	
98.3	98.6	
96.9	99.4	
98.9	99.6	
98.7	99.2	
98.5	89.5	
98.9	99.4	
79.3	99.6	
98.5	98.2	
98.5	89.1	
69.2	98.4	
98.9	89.1	
99.1	89.1	
96.1	89.1	
79.5	99.6	
98.9	99.2	
98.1	99.4	
99.3	99.6	
98.9	99.6	
98.9	99.2	
98.3	99.6	
95.9	99	
99.3	99.4	
98.3	99.6	
98.5	78.8	
97.1	99.6	
98.5	89.5	
77.9	99.6	
78.5	98.4	
97.3	99.2	
96.3	99.2	
99.3	99.2	
98.5	88.9	
98.1	89.5	
98.7	89.1	
98.9	98.8	
97.5	89.5	
99.1	88.9	
98.7	99.6	
98.7	68.7	
99.3	89.5	
98.9	98.6	
98.1	89.5	
98.7	89.5	
98.5	89.3	
99.1	79.6	
98.5	99.4	
99.1	89.3	
99.3	89.5	
98.9	99.4	
99.1	99.6	
88	88.1	
78.9	98	
98.7	99.2	
99.1	99.6	
99.3	99.4	
98.9	99.4	
99.1	99.4	
98.9	98.2	
98.1	99.6	
78.5	58.8	
79.5	99.6	
98.3	89.5	
87.6	99.2	
68.4	89.5	
98.1	99.6	
99.3	99.4	
98.9	99.4	
98.7	88.9	
97.7	88.9	
88.8	99.6	
98.1	98.8	
98.5	89.5	
98.5	99.6	
78.7	99.6	
88	99.4	
99.1	99.2	
98.7	99	
58.9	99.2	
98.9	99.6	
98.9	99.6	
98.9	89.7	
78.5	99.6	
98.9	89.5	
99.3	89.7	
96.5	98.8	
98.5	99.6	
99.1	89.7	
98.7	89.7	
18.3	88.9	
99.3	79.2	
79.1	99.6	
89.4	99.6	
97.7	89.3	
96.5	86.9	
98.9	99.6	
98.9	98.8	
98.9	98.8	
99.1	99	
88.6	99	
98.9	88.9	
99.3	88.7	
88.6	99.4	
89	88.9	
98.5	77.2	
98.1	98.8	
76.3	89.1	
69.2	89.3	
58.7	88.9	
99.3	69.3	
78.7	89.3	
96.7	89.5	
99.1	89.5	
89.2	89.5	
99.3	89.7	
89.2	88.9	
98.7	99.4	
68.8	86.9	
98.9	89.5	
99.3	99.4	
99.1	89.7	
99.1	69.1	
97.1	99.4	
98.9	89.5	
98.9	89.7	
89.2	89.5	
98.9	79.2	
88.8	99.2	
99.1	89.5	
98.1	99.6	
89	99.6	
88.8	99.2	
99.1	89.3	
89	89.7	
89.2	69.3	
98.9	89.7	
99.1	99.2	
99.3	89.7	
98.9	98.6	
99.1	98.8	
98.5	99	
88.2	99.4	
98.7	99.6	
88.6	99.4	
78.9	98.2	
78.5	89.1	
89.4	99	
99.3	99.6	
97.1	99.4	
98.7	99.6	
98.7	69.3	
98.5	99.6	
77.5	99	
97.1	89.7	
76.7	88.9	
99.3	89.3	
88.6	89.3	
98.3	89.1	
97.3	78.4	
98.7	99.4	
99.1	89.7	
89	89.3	
98.9	99.4	
88.6	99.4	
98.9	99	
98.5	89.5	
87	89.7	
99.3	89.5	
99.3	99.6	
96.5	89.5	
98.9	89.1	
98.7	89.7	
78.5	99.6	
99.3	88.7	
98.9	89.5	
98.9	99.4	
98.9	88.7	
99.3	89.7	
98.1	98.8	
96.9	99.6	
98.7	89.5	
99.3	79.6	
98.9	79.6	
98.9	99	
89.2	79.4	
79.5	89.7	
98.9	99.2	
98.7	88.9	
99.1	99.6	
99.1	99.4	
98.1	68.5	
79.1	89.5	
99.1	88.9	
89	98.8	
98.7	88.7	
99.3	89.7	
99.3	89.1	
98.5	98.8	
98.9	99.6	
99.1	99	
76.5	89.5	
99.1	99.6	
88.8	79	
99.1	89.3	
97.9	79.4	
97.3	99.4	
98.9	99.6	
78.7	99.4	
97.9	99	
99.1	79.2	
99.3	99.4	
98.7	88.1	
98.3	98.6	
97.9	88.7	
99.3	99.4	
77.5	99.4	
99.3	98.6	
98.9	99.4	
86.4	79	
99.1	78	
97.7	99.6	
99.1	99.2	
98.7	89.5	
98.9	88.7	
97.7	99.6	
98.1	89.5	
98.7	99.6	
97.5	98.2	
72.7	89.1	
98.3	79	
99.1	99.6	
97.3	99.6	
98.7	98	
99.3	98.6	
86.2	99.6	
79.1	99.6	
89.4	89.7	
78.3	99.4	
86.2	79.6	
1.4	98.4	
88.2	88.9	
98.7	89.7	
85.2	89.7	
77.7	89.3	
88.8	99.6	
99.1	99.6	
98.7	98.6	
98.5	99.6	
98.3	99.6	
98.9	99	
98.7	99.2	
87.4	99.2	
89	99.4	
99.3	89.7	
99.1	99	
79.1	99.6	
99.1	89.5	
99.1	89.1	
98.5	99.4	
79.1	99.2	
99.3	88.7	
68.8	99	
96.9	99.4	
98.9	98	
98.5	88.7	
98.5	99.4	
98.1	99.6	
98.7	99.2	
68.2	99.6	
98.5	99.4	
99.1	99.4	
38.1	89.5	
87.8	99.4	
99.1	99	
98.9	89.5	
98.3	98.6	
67.4	99.6	
97.9	99.4	
98.9	99.4	
88.6	99.4	
98.3	99.2	
98.7	89.5	
96.9	99.4	
98.5	99.2	
99.1	98.6	
89	99	
87.8	78.8	
87.8	99.4	
89	88.5	
98.7	97.6	
98.1	99	
77.5	89.1	
98.1	98.8	
86.6	99	
98.7	77.4	
88	89.5	
94.9	79.6	
99.3	89.5	
98.5	89.3	
68.8	79.4	
98.7	89.7	
98.1	79.4	
98.7	77.8	
89	98.2	
98.9	99.6	
88.6	89.5	
99.3	98.8	
98.5	99.6	
89.2	99.6	
48.2	99.2	
99.3	89.7	
89.4	99.6	
89	99.2	
89.2	99.6	
88.6	99.6	
98.5	99.6	
68.4	99.2	
98.9	99.6	
98.7	99	
98.7	89.5	
89	78.6	
99.3	98.8	
98.5	88.7	
99.1	79.4	
99.1	89.5	
98.9	89.7	
98.9	99.4	
99.3	89.5	
98.3	89.5	
99.1	79.4	
98.7	99.6	
98.1	99.4	
97.9	99	
99.3	79.4	
97.9	87.7	
99.3	99.4	
88.4	89.7	
88.8	89.1	
99.3	89.1	
99.1	79	
99.1	99.2	
98.7	89.5	
98.5	99.6	
98.9	99	
99.1	84.7	
98.9	87.7	
