56.9	79.6	
93.7	89.5	
79.1	89.7	
64.6	89.5	
88.4	99.6	
88	99.6	
78.5	89.1	
96.1	99.6	
68	99.6	
98.1	99.6	
88.4	89.7	
86.6	94.6	
87.8	89.3	
98.7	96.6	
98.3	99.6	
88.2	89.5	
88.2	89.7	
98.3	89.7	
98.9	99.2	
88.6	59	
98.7	99.6	
98.1	99.6	
99.3	99.6	
99.3	89.5	
95.9	89.7	
89	99.6	
98.9	89.5	
96.9	99.2	
99.1	89.5	
87.4	89.5	
98.9	89.5	
88.8	99.6	
98.7	59.2	
68.2	99.4	
98.7	98.6	
78.9	89.7	
99.3	89.5	
99.1	97.4	
68.6	98.8	
99.1	99.2	
99.1	99.6	
98.5	89.5	
98.9	99.6	
99.1	99.6	
99.3	99.6	
88.4	89.5	
89	99.6	
97.9	89.5	
99.1	99.4	
98.9	99.6	
99.1	89.7	
99.1	99.6	
99.3	99.4	
99.1	89.7	
99.3	99.6	
89.4	98	
88.8	89.3	
99.1	89.1	
98.7	89.7	
87	89.7	
99.3	99.4	
99.1	99.4	
99.3	99.2	
98.7	99.6	
77.1	89.7	
99.1	89.7	
99.3	99.6	
99.3	99.6	
98.9	89.1	
99.1	89.5	
99.1	99.4	
98.9	89.3	
99.3	89.7	
98.5	99.4	
98.3	89.3	
98.7	99.6	
99.3	89.5	
99.3	99.6	
98.3	89.5	
98.7	89.3	
99.1	99.6	
89.2	89.7	
99.1	89.7	
98.9	99.4	
99.1	99.6	
99.3	89.7	
99.3	99.6	
99.1	99.6	
99.1	89.5	
99.1	89.7	
78.7	99.6	
99.1	89.7	
99.3	99.6	
88.6	89.7	
99.1	99.2	
98.9	99.6	
89.2	79.6	
89	89.7	
99.1	89.5	
99.3	99.6	
98.9	99.4	
99.1	89.5	
99.3	99.4	
88.8	89.3	
99.3	99.2	
98.9	99.2	
98.9	99.4	
88.4	89.3	
99.3	89.7	
99.3	99.4	
99.3	89.7	
99.3	89.3	
99.3	99.6	
99.3	89.5	
99.1	89.7	
98.7	99.6	
99.1	79.4	
99.3	99.6	
98.7	99.4	
99.3	68.5	
99.1	98.4	
98.7	79.6	
99.1	79.6	
68.6	99.6	
98.7	89.7	
98.3	99.2	
99.3	89.3	
89	87.1	
99.3	89.5	
99.1	89.5	
99.3	99	
99.3	99.6	
99.3	89.7	
99.1	99.6	
99.3	89.5	
88.4	89.7	
89	99.2	
99.1	89.7	
98.7	89.5	
98.7	89.3	
98.7	99.4	
98.9	89.3	
99.3	89.7	
99.1	99.6	
87.8	68.9	
99.3	79.2	
88.6	99.6	
79.1	79.2	
98.3	89.7	
99.1	89.5	
88.8	99.6	
99.3	89.7	
98.9	99.6	
99.3	89.5	
98.7	89.7	
99.3	89.5	
88.4	99.4	
68.4	99.4	
99.3	99.6	
98.9	89.5	
98.9	99.6	
89	89.7	
99.1	99.6	
99.3	99.4	
99.3	89.5	
98.7	89.7	
99.1	89.5	
99.3	99.4	
99.1	99	
99.3	99.2	
99.3	99.6	
98.9	89.7	
99.3	99.2	
99.1	99.4	
99.3	99.4	
98.9	89.3	
99.1	99.6	
99.3	99.4	
99.1	99.6	
99.3	99.4	
99.3	89.7	
98.7	69.3	
89	99.6	
99.3	89.7	
99.3	99.4	
99.3	89.5	
68.8	99	
99.1	88.9	
98.7	89.7	
98.7	99.6	
98.7	89.7	
98.9	99.2	
98.9	99.6	
98.5	99.4	
99.3	89.5	
99.3	99.4	
99.1	79.6	
99.3	99.6	
99.3	99.6	
99.1	89.3	
99.3	99.6	
99.3	89.7	
99.1	89.7	
98.3	99.6	
98.7	99.4	
98.7	99.4	
99.3	99.4	
99.3	99.6	
99.1	99.4	
89.2	99.6	
99.3	89.7	
99.1	89.5	
99.1	89.5	
99.1	99.6	
99.1	79.6	
98.5	99.6	
99.1	99.4	
99.1	99.4	
99.3	89.5	
98.9	89.3	
98.7	89.7	
89.4	99.6	
99.3	99.6	
99.1	89.7	
98.9	99.6	
89.2	99.4	
99.3	99.6	
88.6	99.6	
99.3	99.4	
98.7	98.8	
98.9	99.6	
78.9	88.3	
98.9	87.9	
99.3	99.6	
89	79.6	
98.9	99.6	
99.3	99.4	
98.3	99.4	
99.1	89.5	
98.9	89.7	
98.9	79.4	
98.9	99.6	
99.1	89.7	
98.3	99.6	
89.2	89.7	
98.9	89.7	
68.6	99.4	
98.5	79.6	
98.5	89.5	
99.1	89.7	
97.9	89.7	
98.9	89.7	
99.3	78.6	
99.3	99	
99.3	99	
98.9	89.1	
98.5	89.7	
98.7	89.7	
98.7	99.4	
89	99.6	
99.1	99	
99.3	89.7	
99.3	89.3	
87.8	99.2	
89.2	89.7	
98.3	99.6	
88.8	89.5	
99.1	99.6	
99.1	99.4	
99.3	99.6	
89.4	99.6	
98.7	99.6	
99.1	99.2	
78.9	99.6	
99.3	79.4	
99.3	89.5	
99.3	99.6	
98.5	89.3	
99.3	99.6	
98.9	99.6	
99.1	89.1	
88.8	99.6	
99.3	99.2	
98.9	89.5	
98.5	89.5	
99.3	99.6	
99.3	99.4	
99.1	99.2	
98.7	99.6	
99.3	79.6	
88.8	99.2	
98.9	99.6	
89.4	89.7	
99.1	99.4	
99.1	89.3	
98.9	99.4	
99.1	89.7	
89.2	99.4	
99.1	99.6	
98.9	99.4	
98.9	99.6	
99.1	99.4	
99.3	89.7	
99.1	89.7	
98.7	89.7	
99.3	88.7	
99.3	79.6	
98.5	89.3	
99.3	99.2	
99.1	89.7	
68.4	98.6	
99.3	89.7	
98.7	89.3	
89.4	99.4	
99.1	89.7	
98.9	99.4	
99.3	89.5	
98.9	89.5	
88.8	99.4	
99.3	89.5	
98.5	99.4	
99.3	99.4	
99.1	98.4	
99.1	89.5	
98.9	99.6	
99.1	99.6	
99.3	79.6	
99.1	99.6	
98.9	99.4	
99.1	99.6	
98.7	99.4	
99.1	99.6	
89.2	99.6	
99.3	89.7	
99.1	89.7	
98.9	89.7	
98.7	99.4	
99.1	99.4	
98.9	89.7	
99.3	89.3	
68.6	99.2	
98.5	99.6	
88	99.4	
99.1	99.6	
89.2	99.4	
99.3	99.6	
88.6	99.6	
99.3	79.6	
98.9	89.1	
99.3	99.4	
99.1	89.7	
98.7	99.2	
99.3	99.6	
88.8	98.8	
98.3	99.6	
88.8	79.6	
99.1	99.4	
98.7	89.5	
88.6	89.5	
99.1	89.7	
88.2	99.6	
98.1	99.6	
99.1	99.4	
98.9	99.4	
99.1	99.2	
99.1	99.2	
99.1	99.4	
99.3	89.7	
98.9	99.4	
99.3	89.3	
99.3	89.7	
78.3	99.4	
98.9	89.5	
99.3	99.4	
89.2	89.7	
98.5	99.4	
99.3	89.7	
89.2	99.6	
78.7	99.6	
99.3	99.6	
98.1	89.7	
98.9	89.7	
98.9	99.2	
99.1	89.7	
99.3	99.6	
99.1	99.6	
99.1	89.5	
99.3	99.4	
99.1	99.6	
99.1	89.7	
99.3	89.7	
99.3	99.6	
98.9	89.7	
99.3	99.6	
79.1	99.4	
98.9	89.7	
98.9	98.8	
98.5	89.5	
99.1	99.6	
99.3	89.5	
99.3	89.3	
89	89.7	
98.9	99	
99.3	89.5	
99.3	99.6	
98.7	99.4	
99.1	89.7	
98.9	99.4	
79.1	99.4	
99.1	99.6	
99.1	99	
98.9	99.6	
98.7	99.6	
99.1	79.4	
98.9	89.5	
99.1	99.2	
98.9	99.4	
99.3	99.6	
99.3	99.6	
99.1	89.7	
99.3	99.6	
89.2	99.2	
98.5	89.5	
98.7	89.7	
99.3	99.6	
99.1	99.2	
98.9	99.6	
99.3	99.6	
99.3	89.7	
99.1	89.5	
98.3	99.2	
88.2	69.5	
98.9	89.5	
99.3	99.6	
99.3	99.6	
99.1	89.7	
98.9	99.6	
99.1	79.6	
98.9	99.4	
98.9	99.2	
99.3	89.5	
98.9	89.7	
88.4	89.5	
99.3	99.6	
98.9	99.6	
99.3	99.2	
47.8	99.6	
99.1	99.2	
99.3	99.2	
99.1	88.7	
98.9	99.6	
99.1	99.6	
98.9	99.6	
98.9	99.6	
98.9	99.4	
99.1	99.6	
98.9	98.8	
98.7	99.2	
99.3	99.6	
99.1	99.6	
98.9	79.2	
99.3	99.6	
99.3	99	
98.5	89.7	
98.7	89.7	
98.1	79.2	
98.7	99.6	
99.1	89.7	
98.9	89.7	
98.5	89.1	
99.3	89.7	
89.2	99.6	
99.3	89.7	
99.3	99.4	
89	99.6	
99.3	99.4	
99.1	78.4	
99.3	99.2	
98.7	99.4	
99.3	78.8	
99.1	89.3	
89	89.7	
99.3	89.7	
98.7	79.6	
99.3	89.7	
99.3	89.3	
99.1	79.6	
99.3	89.7	
99.1	79.4	
99.3	99.6	
99.3	89.7	
89.2	79.6	
99.1	79	
98.7	89.5	
88.8	99.6	
99.3	89.1	
99.3	99.6	
99.1	88.7	
99.1	89.7	
99.1	89.7	
