53.9	73.2	
97.3	88.9	
68.4	77.8	
98.9	97.4	
68.2	89.3	
72.5	86.1	
97.9	97	
97.7	99.6	
87.2	96.4	
96.5	96.4	
98.5	84.3	
98.9	98.4	
96.7	99.2	
65.8	89.5	
98.7	99.4	
87	99.4	
89.4	89.3	
98.9	98.2	
99.1	99.6	
98.7	88.9	
98.5	88.5	
99.3	89.1	
76.1	99.2	
97.9	99.6	
78.1	98.8	
99.1	99.6	
98.3	99.2	
98.7	98.6	
99.1	97.8	
28.2	78.4	
99.1	97.2	
97.1	79.4	
99.1	99.4	
99.3	98.8	
87.2	99.2	
86.4	88.5	
89	89.3	
98.9	98.6	
79.1	99.6	
58.3	99	
98.7	99.2	
97.5	95.4	
98.7	89.3	
97.9	99.6	
98.1	99.4	
87.8	99.4	
98.7	99.4	
88.2	88.1	
98.9	87.9	
88.4	99.2	
98.5	89.3	
98.7	97.6	
99.3	89.7	
98.7	98.6	
98.9	98	
94.9	98.2	
97.7	98.6	
99.1	88.7	
99.3	89.3	
98.9	79	
99.3	98.6	
99.3	99.4	
98.1	98.6	
97.7	99.6	
98.3	99.4	
99.3	99.6	
98.1	99.6	
98.9	98.2	
99.3	88.9	
99.3	98.8	
98.9	99	
89.4	98.6	
89	98.8	
97.3	78.8	
99.3	58.2	
99.1	99.4	
78.5	99	
77.5	78	
99.1	99.2	
99.1	99.4	
98.9	99.2	
78.3	89.1	
98.1	79.2	
89	89.5	
88.8	99.4	
98.5	99.2	
99.1	99.6	
98.9	99.4	
98.9	99.4	
99.3	99.2	
98.5	88.9	
97.9	99.6	
97.9	99.6	
99.1	99.4	
88.6	99.6	
85.4	99.2	
98.9	88.3	
98.9	98.8	
88.2	99.4	
98.1	99	
68.8	98.2	
89	98.2	
88.2	99	
89.2	99.4	
98.3	89.5	
85.2	66.7	
98.5	88.3	
88.2	89.1	
99.1	99.4	
98.5	98.6	
98.3	89.3	
98.9	89.1	
98.7	88.7	
97.5	79	
99.3	98.4	
77.9	99.2	
88.8	99	
98.7	89.5	
98.5	99.4	
98.3	98.6	
89.2	88.3	
98.3	98.6	
78.5	78	
87.6	77.6	
98.7	99.6	
98.9	99.6	
99.3	99.6	
98.7	98.6	
98.1	89.1	
98.9	98.8	
98.7	88.9	
98.7	99.4	
87.2	98.4	
98.1	89.3	
98.3	89.5	
97.1	79.4	
97.9	89.3	
98.9	99	
99.1	89.5	
99.1	89.1	
98.9	57.4	
97.7	79	
99.1	89.7	
98.5	89.3	
68	99	
99.3	99.6	
98.9	89.1	
96.7	99.2	
98.1	99.4	
97.7	99.2	
96.1	99.4	
98.3	98.4	
88	99.4	
78.3	88.3	
88.4	99	
99.3	99.2	
68.8	89.7	
88.4	89.7	
97.7	79	
99.1	99.6	
58.3	98.8	
88.4	78.8	
98.5	99.2	
77.7	97	
99.1	99.4	
99.3	88.5	
79.1	99.6	
99.1	99.2	
97.3	99	
99.1	98.8	
64.8	78.4	
98.9	99	
89	98.2	
78.9	98.8	
98.7	99.4	
97.3	98.6	
98.7	99.4	
99.3	97.8	
77.5	89.3	
77.5	89.5	
98.7	99.2	
98.1	88.9	
98.7	88.7	
69	89.1	
97.9	89.5	
99.1	98.2	
89.4	89.7	
99.3	89.7	
98.9	79	
77.1	89.7	
98.9	99	
77.3	99.4	
99.1	99.4	
99.1	89.3	
99.1	68.7	
99.1	89.3	
99.1	89.7	
98.7	89.3	
98.3	89.5	
99.1	79.6	
99.3	88.7	
98.9	98.8	
98.9	99.2	
98.7	98.8	
98.9	99	
98.7	98.8	
89	98.8	
78.5	98.6	
87.8	89.7	
98.3	99.6	
98.5	89.7	
98.7	99.6	
98.3	89.7	
98.5	99	
98.3	89.1	
98.3	99.6	
97.1	89.1	
99.1	99.6	
98.5	99	
98.5	99.4	
98.9	99.4	
98.9	99.2	
98.3	98.8	
98.5	98.8	
68.4	77.4	
96.9	99.4	
97.5	99.4	
99.1	89.5	
97.9	89.3	
99.3	99.4	
99.3	79.4	
87.4	99.4	
97.9	89.7	
89.2	99.4	
78.5	99.2	
99.1	99.4	
98.7	99.6	
58.9	98	
99.3	98.6	
87.4	99.4	
99.1	99.4	
99.3	99.6	
98.7	99	
89.4	99.2	
98.9	98.6	
98.7	89.5	
98.9	98.8	
98.9	86.7	
97.5	99.4	
99.1	99.2	
87.8	98.6	
99.3	99.4	
98.3	89.1	
97.7	89.3	
98.9	89.3	
98.5	99.4	
99.1	99.2	
98.7	99.6	
99.3	78.2	
99.1	98.4	
99.1	89.5	
98.3	98.6	
97.5	79	
75.5	99.4	
59.1	89.1	
99.1	99.4	
98.1	98.2	
98.7	99.2	
97.7	99	
87	89.3	
88.4	99.2	
86.8	99.6	
98.1	99.4	
98.3	99	
98.5	89.7	
99.1	97.8	
99.1	98.8	
88.8	98.8	
99.1	99.2	
98.3	99.4	
88.8	79.6	
98.9	99.6	
69.2	99.6	
98.9	89.5	
86.6	98.6	
98.9	99.6	
88.6	89.5	
89	89.5	
98.1	79.6	
98.5	89.5	
98.9	89.5	
77.7	89.5	
98.1	89.1	
98.5	99.6	
89.4	69.1	
89	99.6	
97.7	79.4	
79.1	98.6	
98.7	99.2	
98.3	89.7	
89.4	89.7	
88.8	79.4	
98.5	88.9	
98.9	98.2	
98.7	99.2	
99.1	89.7	
98.7	88.1	
88.8	89.7	
55.5	99.6	
98.7	89.7	
99.3	99.4	
78.1	99	
79.1	89.3	
99.3	89.1	
98.5	99.6	
96.9	98.4	
99.1	99.4	
97.9	99.2	
98.9	99.6	
86.8	79.4	
78.1	89.7	
98.5	79.4	
97.5	99.2	
68.6	89.1	
98.9	99.4	
98.5	87.1	
99.3	99.4	
98.9	99	
98.5	99.4	
89.4	99	
99.1	99.6	
98.9	99.4	
97.9	89.7	
98.9	98.8	
87.2	99.4	
98.3	99.4	
98.5	99.6	
99.1	99.6	
99.3	99.2	
89.4	99.6	
88.4	99.6	
99.3	88.7	
89	89.7	
98.7	99.6	
89.2	99.6	
78.7	99.2	
99.1	99.4	
99.1	89.5	
89	99	
98.7	89.7	
78.5	77.4	
68.8	89.1	
88.6	99.2	
98.9	89.3	
99.1	99	
88.6	98.2	
78.7	99	
88	89.7	
89.2	89.7	
98.5	89.5	
99.3	88.5	
98.5	79.4	
97.1	99.2	
97.5	79.6	
88.8	89.7	
99.3	99.2	
97.9	89.5	
99.3	79.4	
98.9	99	
98.9	89.5	
77.5	99.6	
78.9	78.4	
78.9	99.2	
98.7	79	
59.1	79	
98.1	99.4	
99.1	98.4	
77.1	79	
68	89.5	
88.4	98.6	
88.6	99.6	
76.9	99.6	
49	99	
97.9	98.8	
98.3	99	
79.5	88.9	
98.1	89.5	
97.7	99.2	
89.4	99.4	
68.8	99.4	
97.7	99.2	
98.7	99.4	
97.5	99.2	
99.1	88.1	
69	88.1	
98.5	99.6	
98.7	99	
98.3	98.8	
79.3	79.2	
97.1	68.9	
98.7	98	
98.7	89.5	
97.9	87.9	
69.2	89.1	
97.1	89.3	
98.9	99.4	
97.5	79.2	
98.1	89.3	
98.5	79.4	
96.3	79.6	
98.3	79.6	
98.9	89.5	
99.3	99.4	
77.1	68.3	
89	89.7	
99.3	99	
79.1	87.9	
99.1	88.9	
98.9	89.5	
98.9	79.2	
98.7	89.1	
98.3	99.6	
98.3	89.5	
89.2	68.5	
79.1	99.6	
98.3	89.7	
88	98.8	
58.9	99.2	
97.9	89.7	
98.9	89.3	
88.2	99.4	
97.7	89.5	
88.4	98.4	
98.7	99.4	
98.9	89.1	
68.6	79.2	
98.7	88.7	
89	99.6	
89.4	99.4	
88.2	98.8	
48.4	98.8	
98.3	99.6	
98.7	98.8	
67.2	89.3	
97.9	89.7	
98.3	99.2	
98.7	98.6	
98.9	99.2	
97.9	99.4	
98.9	88.3	
97.9	89.7	
98.7	79.6	
76.7	89.3	
98.9	89.3	
98.5	38.2	
89.2	99.4	
98.9	99.2	
98.5	99.6	
99.1	99.6	
98.5	99	
68.6	88.9	
88.2	89.3	
99.1	99.4	
98.5	68.7	
98.5	98.8	
99.1	89.3	
98.1	99.6	
98.3	88.5	
98.9	98.8	
67.2	99.6	
88.4	99	
97.1	86.9	
86.8	79.6	
88.4	57	
97.1	99.6	
99.1	99.6	
99.1	89.7	
98.9	98.2	
97.9	95.4	
68	99	
98.1	99.6	
98.5	89.5	
99.3	89.1	
98.5	99.4	
97.5	99.4	
88	99	
98.9	99.4	
98.7	99.6	
28.6	99.6	
98.3	98.6	
88.8	99.6	
97.9	99.4	
98.9	99.6	
98.9	98.8	
98.9	99.4	
97.7	99.6	
88.6	99.2	
98.5	99.6	
78.1	79.6	
98.5	99	
