66.4	99	
97.1	99.6	
96.9	99	
64	95.2	
82.8	89.1	
85.4	99.2	
52.9	99.6	
89	89.1	
89	79.4	
98.3	89.7	
98.5	99.2	
98.9	99.4	
58.7	99.6	
68.6	89.3	
76.7	89.3	
96.1	99.6	
99.1	99.6	
97.5	99.6	
98.7	99.6	
96.9	99	
98.5	98.4	
98.1	99.4	
97.5	99.6	
97.3	89.7	
99.1	99.6	
98.5	98.8	
97.5	99.6	
97.9	78.6	
98.7	99.4	
68.2	89.3	
98.3	88.9	
98.7	88.9	
99.3	69.1	
98.1	78.8	
98.3	99.6	
98.1	98.4	
97.3	99.6	
98.7	89.5	
97.3	99.4	
67.6	98.4	
99.3	99	
86.6	99.6	
98.3	98.8	
96.9	88.9	
98.3	99.4	
99.1	89.1	
99.3	99.2	
92.5	97.4	
97.1	99.4	
98.1	99.4	
88.2	99	
98.5	98	
98.1	99.4	
98.5	98.2	
88.8	99.6	
99.1	99.2	
96.5	98	
98.9	79	
97.7	89.7	
97.1	88.1	
97.1	99.4	
99.1	89.7	
96.9	98.8	
97.9	89.5	
99.1	99.6	
76.1	89.5	
98.3	88.9	
97.3	79	
98.9	99.4	
98.5	99.6	
99.1	98.2	
96.5	99	
98.7	99.6	
94.1	99.4	
98.5	99.4	
98.9	99.4	
97.9	99.4	
97.9	89.7	
97.5	99.2	
98.7	99.4	
98.7	79.2	
97.3	88.9	
96.7	97.8	
68.6	99.2	
77.7	78.8	
96.3	99	
99.1	69.5	
98.3	99.2	
94.7	89.7	
97.9	99.6	
97.3	99.6	
87	99	
98.1	99.6	
98.5	99	
66.8	89.3	
86.4	89.3	
97.5	89.3	
89.4	98.8	
78.9	79	
96.1	98.8	
97.7	89.1	
87.4	89.5	
98.1	99.2	
98.3	99.6	
99.1	99	
96.3	98.6	
45.4	89.5	
97.3	98.8	
78.1	89.3	
97.9	78.2	
77.7	86.5	
68.8	89.7	
98.1	89.3	
98.9	99.4	
78.1	89.3	
99.3	89.3	
98.3	79.2	
99.1	79.2	
89.2	89.1	
98.7	89.5	
99.1	89.7	
98.5	89.1	
79.5	89.5	
68.4	69.1	
86.8	89.3	
96.3	88.5	
98.5	89.7	
99.3	99.2	
98.5	99.6	
98.5	79	
98.7	89.5	
98.5	89.3	
89.2	89.5	
99.1	89.7	
88.6	89.3	
97.3	99	
98.7	89.7	
78.7	89.7	
99.1	79.2	
98.9	99.6	
89.2	87.7	
86.2	89.7	
97.9	89.7	
78.7	89.7	
98.5	89.7	
99.3	98	
98.1	69.1	
99.3	88.9	
98.9	88.9	
98.9	89.3	
89.2	89.7	
98.1	89.7	
98.5	99.6	
89	99.4	
97.9	89.3	
99.1	99	
78.5	89.7	
99.3	99.4	
99.1	89.1	
99.1	79.4	
98.7	78.8	
98.9	89.1	
98.7	89.5	
98.9	99.2	
97.7	99.6	
98.3	99.6	
98.3	98.6	
98.3	89.1	
98.9	97.4	
99.1	89.3	
98.5	89.7	
78.9	89.5	
69	89.7	
89.2	98.2	
88.8	89.7	
97.3	99.4	
98.7	89.7	
98.3	99.4	
97.9	89.7	
98.9	88.9	
98.7	89.7	
88	98.4	
99.3	97.8	
98.9	88.9	
96.7	99.6	
88.4	89.5	
98.9	99.2	
98.9	89.3	
99.1	89.5	
99.3	89.7	
68	68.5	
98.7	89.7	
98.9	89.5	
59.1	89.7	
68.2	89.5	
99.1	88.7	
58.7	99.2	
98.1	99.4	
78.9	99.6	
98.9	98.8	
98.7	78.4	
98.5	99	
88.4	78.6	
98.7	78.6	
99.3	98.2	
98.5	89.5	
98.1	89.5	
98.9	89.7	
79.5	89.7	
98.5	99.4	
98.5	79.4	
76.9	79.2	
99.1	79.6	
98.7	89.7	
99.1	89.7	
98.9	99.2	
79.5	99.4	
98.7	99.6	
98.7	99.4	
99.3	99.4	
99.3	99.4	
98.9	79.6	
98.9	89.7	
98.1	79	
96.9	99.4	
97.5	99.4	
96.9	79.6	
89	89.5	
97.7	99.6	
97.7	99.2	
99.1	69.3	
98.9	98.4	
98.7	99.6	
88.2	99.2	
77.7	99	
47	98.4	
98.9	89.1	
98.9	89.5	
99.3	99.6	
99.1	87.7	
98.7	89.3	
98.7	99.6	
98.3	99.6	
97.7	99.6	
99.1	89.7	
79.5	99.2	
97.7	78.2	
67	99.4	
89.2	99.4	
98.9	55.4	
98.1	79.2	
87.2	89.5	
67.4	99	
89.2	89.5	
99.3	89.5	
98.1	89.7	
99.1	79.4	
99.3	89.7	
99.3	79.4	
99.3	89.3	
98.9	99.6	
99.1	88.9	
95.9	89.5	
99.1	99.6	
99.1	99.2	
99.3	99.6	
99.3	98.8	
99.3	99.4	
97.3	79.4	
97.9	99.6	
98.5	99	
97.3	99.2	
97.9	89.5	
98.3	99.2	
99.1	89.3	
99.1	99	
89	98.8	
98.9	88.7	
78.9	89.5	
55.9	88.5	
98.5	99.2	
98.5	99	
98.9	99.6	
98.9	98.8	
98.7	99.6	
88.8	99.6	
99.1	99.2	
88.6	89.1	
87.6	99.2	
98.5	99.6	
77.7	88.9	
98.9	99.4	
89.2	89.3	
98.7	99.6	
99.1	99	
99.1	68.9	
98.9	99.2	
97.9	79.2	
98.1	99.2	
98.9	99.2	
99.3	99.2	
99.3	99.4	
88.2	76.6	
99.1	98.8	
98.5	79.4	
98.3	78.8	
98.1	99	
99.3	99.6	
98.7	88.7	
97.9	89.3	
88.2	99.6	
97.7	99.2	
97.7	89.7	
98.3	99.4	
97.9	98.6	
78.5	99.2	
78.9	99.2	
98.1	89.1	
97.1	89.5	
89.4	18.2	
99.1	99.4	
99.1	98.8	
67.8	88.7	
98.5	99	
89.2	89.7	
89.2	99.4	
99.1	89.5	
99.3	99.4	
98.5	88.9	
89.2	99.6	
99.3	89.1	
88.6	79	
99.1	99.6	
98.9	99.4	
99.1	98.6	
99.1	79.2	
99.1	79.6	
98.7	89.7	
78.5	78.8	
98.1	89.7	
98.3	79.2	
99.1	98.8	
99.1	98.2	
98.9	79.6	
99.1	99.6	
97.9	89.7	
98.9	99.6	
99.1	76	
98.9	89.5	
98.5	98.4	
98.7	99.4	
78.7	99	
77.9	89.1	
88.8	99.6	
58.3	99.6	
98.9	99.6	
98.1	99.6	
89.2	99.6	
56.1	89.3	
87.6	88.5	
98.9	89.1	
99.3	99.2	
97.1	98.6	
69.4	97.8	
98.9	99.2	
78.9	99.4	
88.6	99.6	
88	89.3	
88.8	99	
99.1	99	
97.3	99.6	
78.1	99.6	
88.6	87.5	
98.9	99	
97.9	99.6	
98.3	99.2	
94.9	99.4	
97.9	99.2	
99.3	87.9	
98.9	89.5	
88.6	89.3	
98.7	69.1	
88	99.4	
98.1	99.4	
69	99.4	
98.9	89.5	
57.7	99.6	
78.7	99.6	
98.1	89.5	
88.2	99.2	
98.1	89.5	
88.2	99.2	
98.5	98.6	
98.1	89.7	
98.3	86.5	
97.7	89.5	
98.5	79.4	
96.5	99.6	
99.1	98.8	
98.9	89.5	
98.3	89.3	
98.9	89.7	
79.1	89.1	
47.6	99.4	
99.1	79.6	
98.3	89.1	
68.6	68.7	
98.9	89.7	
88.4	99.6	
88.4	79.2	
99.3	99.6	
98.7	79.4	
98.5	79.6	
99.1	89.7	
98.9	79.6	
79.1	78.6	
98.5	89.3	
98.3	99	
98.9	89.5	
96.3	78.8	
66.8	89.3	
88.2	99	
99.1	99.4	
99.3	89.5	
77.9	99.6	
98.7	99	
97.3	99.6	
78.3	89.7	
76.9	89.7	
98.3	79.6	
98.3	89.3	
89.2	79	
98.9	99.2	
79.3	99.6	
96.7	89.5	
89.2	99.6	
99.3	79.4	
67.4	98.2	
88.6	99	
98.5	88.9	
47.2	89.7	
94.5	99.6	
98.9	89.5	
99.1	89.5	
99.1	69.5	
98.9	98.4	
98.1	88.1	
87	98.8	
88.8	99.6	
98.9	78.6	
88.6	89.7	
99.1	89.3	
66.2	99.4	
95.7	89.7	
97.9	89.7	
96.9	89.7	
88.8	89.7	
87.8	89.5	
47	88.7	
89.2	89.7	
98.3	79.2	
98.7	99	
98.5	79.6	
98.9	89.5	
98.7	89.1	
98.3	89.7	
98.9	89.3	
99.1	68.1	
99.3	99.4	
99.3	98.8	
98.9	99.6	
89.4	99.6	
96.9	99.2	
98.5	98	
99.3	87.5	
99.1	88.9	
98.5	98.8	
98.3	89.5	
98.7	89.7	
98.5	99.6	
99.3	89.5	
98.9	99.6	
98.5	79.2	
99.1	99.6	
77.5	99.2	
98.3	79.4	
99.1	99.4	
98.9	99.6	
98.7	99.2	
98.5	99.4	
98.7	99.2	
99.3	99.6	
99.3	99.4	
98.1	98.8	
98.7	99.4	
97.5	98.2	
88.2	89.3	
88.8	99.6	
98.5	99.6	
99.1	99.6	
