83.4	89.3	
57.3	96	
95.3	79.2	
88.4	99.4	
97.3	89.5	
99.3	99.6	
62.2	89.7	
31.9	98.8	
99.1	89.3	
78.5	99	
99.3	89.7	
68.6	79.4	
97.1	89.3	
98.9	99.6	
88	99.4	
98.9	79	
78.7	99.6	
97.9	99.2	
99.1	89.5	
99.3	89.7	
78.3	98.4	
99.1	89.5	
98.7	89.3	
98.1	78.6	
98.7	89.7	
99.1	69.5	
99.3	89.1	
98.1	79.4	
99.3	89.5	
98.7	89.7	
85.8	68.5	
98.5	89.5	
98.9	79	
97.5	89.7	
98.9	89.5	
98.1	89.5	
87.4	79.6	
98.1	99.6	
98.1	99.4	
97.9	89.5	
96.9	99.6	
99.3	78.8	
98.3	98	
99.3	69.1	
96.5	98.8	
98.7	89.3	
86.6	99.2	
99.1	89.7	
98.5	89.1	
98.7	89.7	
99.3	99	
82	99.6	
98.3	99.6	
98.3	99.6	
98.9	98.8	
99.1	99.6	
98.7	99.6	
98.7	89.5	
99.3	99.6	
98.7	79.4	
98.1	98.6	
98.9	99.6	
98.9	88.7	
89	89.7	
98.7	99.4	
99.1	89.7	
99.1	98.8	
99.3	99	
98.5	88.3	
98.9	99.6	
99.3	99.6	
99.3	99.6	
98.3	99.6	
97.9	99	
57.5	89.5	
99.3	99	
99.1	89.3	
98.3	68.3	
98.7	99.4	
76.7	89.3	
98.7	99.4	
98.5	89.5	
98.7	99.6	
98.9	99	
99.3	98.4	
99.1	99.6	
98.9	99.6	
98.5	99.4	
97.7	89.3	
99.1	88.9	
99.3	99.6	
99.3	99.4	
98.9	99.6	
99.3	89.5	
99.1	99	
98.3	99.6	
98.7	99.6	
98.3	99.4	
98.3	99.4	
87.6	99.2	
99.3	89.1	
99.1	99.4	
98.9	99.6	
68	99.6	
99.3	99.6	
98.7	99.2	
98.5	99.6	
78.9	89.7	
98.9	99.4	
98.5	99.6	
99.3	98.8	
99.1	79.2	
97.5	99.2	
99.1	99	
99.1	99.6	
99.1	88.9	
99.1	89.7	
99.1	89.1	
98.5	88.9	
98.7	99.6	
98.7	89.7	
99.3	99.6	
98.3	99.2	
99.1	88.7	
99.1	99	
99.3	99.4	
99.1	99.2	
98.9	99.6	
79.5	89.1	
99.3	99.6	
98.7	99.4	
98.9	99.2	
99.1	99.2	
98.9	99.6	
99.3	89.7	
99.1	89.7	
98.5	89.1	
99.3	99.2	
99.1	99.4	
86.4	89.7	
79.1	79.4	
98.9	79.6	
99.3	88.7	
99.1	99	
98.1	99.2	
98.9	89.3	
77.1	99.4	
99.1	99.6	
88.8	99.6	
99.3	98.4	
99.3	79.2	
88.6	89.7	
98.9	89.1	
98.7	88.9	
98.9	99.4	
98.5	79.4	
98.9	89.7	
99.1	89.5	
87.8	99.6	
99.3	89.7	
99.1	99.4	
98.9	89.7	
98.7	99.6	
99.1	99.6	
99.3	79.2	
89	99.6	
97.7	88.7	
98.3	98.6	
89	99.6	
88.4	89.7	
89.2	99.4	
97.7	99.6	
98.7	89.5	
98.9	99.6	
99.3	89.7	
89	99.2	
99.3	99.4	
99.3	88.9	
99.3	69.3	
99.1	89.1	
99.3	99.6	
98.7	78.2	
88.6	99.6	
98.9	99	
98.5	99	
98.7	79.2	
98.5	99.4	
98.5	99.6	
98.9	99	
88.8	99.4	
99.3	99.4	
99.1	89.5	
98.9	99.4	
98.9	99.2	
98.7	89.7	
98.7	99.2	
68.4	99.6	
99.1	99.6	
99.3	99.4	
98.9	79.6	
99.1	99.6	
98.1	99.6	
98.5	99.6	
95.9	99	
98.5	99.4	
99.3	99	
98.3	89.7	
99.1	99.6	
99.1	99.6	
98.5	99.2	
98.9	99.4	
98.1	99.6	
57.3	99.6	
88.2	99.2	
78.9	89.3	
99.3	89.7	
87.8	89.3	
89.4	89.7	
97.1	89.7	
98.9	79	
99.1	99.4	
98.9	99	
96.9	98.8	
98.1	88.5	
99.1	99.6	
98.9	99.2	
98.9	89.5	
88.4	88.7	
99.1	99.4	
97.9	99.2	
98.3	99.6	
98.9	98.6	
98.7	89.7	
99.1	79.2	
98.9	99.6	
98.3	89.5	
98.9	98.2	
99.1	99.6	
98.5	78.8	
89.2	99.4	
98.9	99.6	
99.3	98.6	
99.1	99	
87.6	99.6	
99.3	79.2	
99.3	99.6	
97.9	99.4	
98.9	98.8	
99.1	89.5	
99.1	89.7	
97.5	99.4	
97.7	99.6	
98.1	99.6	
88	89.5	
98.3	99	
98.9	78.8	
99.1	99.2	
98.9	99.6	
98.5	99.4	
99.1	99.4	
98.7	89.1	
99.1	98.6	
99.1	99.6	
98.9	99.6	
99.1	99.2	
99.1	99.6	
88.4	99.4	
99.1	99.4	
99.1	99.2	
99.3	99.4	
99.3	99.6	
98.7	89.1	
98.9	89.3	
98.9	89.1	
98.7	79.2	
98.9	99.4	
99.1	99.6	
98.7	88.5	
98.9	88.9	
88.8	99.6	
99.1	99.2	
98.9	99.6	
98.9	99.2	
98.9	89.5	
98.9	99.4	
78.3	89.3	
89	99.6	
99.1	99.4	
87.8	99.4	
88.8	89.5	
99.3	88.7	
98.3	98.4	
99.3	98.8	
97.9	99.4	
89.2	99.2	
89	99.6	
89.4	99.6	
99.1	89.7	
78.7	99.4	
98.1	99.6	
97.1	78.8	
98.7	99.6	
96.1	89.3	
98.9	99.4	
98.5	99.6	
99.3	99.4	
88.6	99.6	
98.5	99.4	
99.3	99.6	
99.3	89.1	
98.9	89.5	
99.1	99.4	
88.6	99.4	
69	89.1	
68.4	99.4	
98.1	99.6	
79.3	89.7	
98.1	88.7	
98.5	99.2	
98.3	89.7	
88.8	79.6	
98.9	99.6	
98.9	99.6	
98.3	89.7	
98.1	89.7	
98.3	99	
98.9	89.7	
98.5	99.6	
68	89.3	
98.7	99.4	
99.3	99.2	
98.9	99.6	
98.7	99.4	
99.3	88.9	
98.9	89.1	
98.7	98.8	
97.9	99.6	
98.9	99.2	
99.3	99.2	
98.7	99.6	
88	78.6	
97.9	99.2	
99.1	99.4	
98.9	99.6	
98.7	99.4	
89.2	99.4	
98.5	99.6	
89	98.8	
97.9	88.1	
98.3	99.6	
98.7	99	
98.5	89.7	
98.9	79.6	
98.7	99.2	
98.9	99	
98.5	99.6	
98.1	99	
98.7	98.4	
89	89.7	
99.1	99.4	
98.9	69.5	
99.1	99.6	
98.5	99.4	
99.1	89.7	
89.4	99.4	
78.1	89.7	
98.7	89.5	
99.3	89.7	
99.3	89.5	
67.4	88.9	
99.1	99.6	
99.1	99.2	
87.6	99.4	
98.7	99.6	
78.5	89.7	
98.7	99.6	
99.1	99.4	
99.1	79.6	
98.9	99.6	
99.3	99.6	
99.1	99.6	
99.1	99.6	
98.7	99.2	
98.5	99.2	
99.1	99.2	
98.9	99.6	
98.9	99.4	
89	88.9	
99.1	99.6	
99.1	98.6	
99.1	99.6	
98.5	89.3	
97.3	99.4	
98.9	78.6	
99.1	89.7	
69	89.7	
98.7	68.9	
99.1	89.7	
98.9	99.6	
98.5	89.5	
67.2	89.5	
88	89.7	
98.5	99.6	
97.3	99.6	
88.6	89.7	
98.7	89.7	
98.3	79.2	
98.7	88.9	
68.4	99.6	
68.2	99	
89	99.6	
97.7	98.8	
99.1	79.4	
98.9	98.4	
97.9	99.4	
98.3	99.6	
67.8	99.2	
79.5	89.1	
98.9	78.8	
98.7	99.6	
99.1	89.7	
97.9	88.5	
79.1	99.2	
99.1	99.2	
99.1	99.4	
97.7	98.8	
75.9	99.2	
98.7	99.6	
98.5	89.3	
98.9	99.6	
99.1	99.4	
79.3	79.6	
77.5	99.4	
97.7	89.3	
99.1	99.6	
97.9	99.2	
98.9	99.6	
99.3	99.4	
99.1	99	
78.5	99.6	
99.1	99.2	
98.3	99.4	
98.3	99.4	
99.1	99.6	
98.9	99.4	
89	89.5	
99.1	99.6	
98.7	99.2	
98.7	89.7	
98.9	99.4	
99.1	99.2	
97.9	89.7	
98.3	89.1	
98.7	99.6	
99.1	99.6	
99.3	99.4	
99.1	99.4	
98.1	99.6	
98.9	99.6	
99.3	99	
98.9	99.2	
98.9	99.2	
98.9	89.3	
99.3	99.4	
98.9	99.6	
99.3	99.2	
97.9	99.4	
98.9	88.9	
97.7	99.2	
97.9	99	
98.3	99	
98.7	99	
98.9	78.8	
99.1	99.6	
77.7	99.2	
77.5	99.6	
98.9	98.6	
88.2	99	
98.9	99	
98.9	99	
98.9	99.4	
97.5	99.4	
98.5	78.8	
89.4	99.6	
99.1	99.6	
99.3	99.6	
99.3	99.2	
89.4	99.4	
97.5	99.4	
99.1	99.2	
99.3	79.6	
98.5	99.6	
97.7	88.9	
89	99.4	
99.3	99.6	
98.3	99	
98.7	78.8	
98.7	99.6	
99.3	99.6	
99.3	99.6	
