69.3	99.4	
78.7	89.5	
98.7	89.7	
43	99.4	
97.7	89.5	
76.5	99.6	
87.8	89.7	
88.8	86.9	
97.5	89.7	
97.3	89.7	
94.9	99.4	
98.9	97.2	
89.4	99.6	
98.9	79.2	
87.4	79.4	
89	96.2	
77.7	99	
98.5	94.6	
93.5	89.7	
78.7	99.4	
84.2	99.6	
77.1	99.6	
94.9	89.7	
96.3	79.6	
97.7	99.6	
81.6	99.6	
97.5	99.4	
99.1	99	
97.3	68.7	
99.3	99.6	
99.3	89.3	
99.1	99.6	
97.5	99.6	
99.1	83.3	
95.5	98	
97.5	69.5	
98.9	99.4	
94.7	89.5	
97.7	95	
58.7	99.6	
98.5	99.6	
98.1	89.5	
77.9	88.7	
98.1	88.7	
98.5	99.4	
97.5	88.7	
87.4	99.2	
88.6	89.1	
95.5	99.4	
96.9	88.5	
98.7	92.6	
99.3	89.5	
98.1	89.7	
88.8	99.6	
99.3	99.6	
98.7	89.7	
98.7	89.5	
99.3	99.4	
96.1	98.6	
99.1	88.7	
82.8	99.6	
98.9	99	
87.6	96.8	
99.1	98.4	
98.5	99	
98.9	98.8	
97.3	89.7	
98.1	99.6	
97.7	99.4	
98.7	79.4	
77.7	99.4	
98.5	96.2	
98.7	99.6	
88.6	89.5	
98.5	78.8	
98.3	99.6	
99.3	99	
99.1	77.4	
89	98.8	
78.1	99.4	
76.7	79.4	
99.1	99.4	
97.9	99.6	
98.5	99	
88.2	68.7	
97.5	99	
98.3	87.1	
68.4	89.7	
99.1	98.6	
99.1	99.2	
98.3	98.8	
88.2	89.3	
98.5	98.2	
87.8	99.4	
87.2	99.6	
99.1	98.2	
98.5	79.2	
97.5	88.5	
99.1	99.6	
87.2	89.5	
98.9	99.4	
98.3	99	
98.5	99.6	
99.3	99.6	
98.7	88.7	
88.4	99.4	
98.1	89.5	
98.9	99.6	
99.3	99.4	
99.1	98.8	
99.3	99.2	
98.7	99.6	
99.1	98.8	
99.1	98.8	
98.7	89.5	
98.7	79.4	
98.9	89.3	
98.5	99	
98.7	99.4	
98.9	99.6	
96.3	99.6	
98.5	99.4	
98.1	99.4	
98.3	99.4	
98.5	99	
98.9	99.4	
99.3	99.4	
96.5	89.5	
98.9	99.2	
89.2	99.6	
99.1	79.2	
99.1	89.7	
68	99.6	
98.1	89.3	
87.2	99	
99.3	98.6	
78.7	99	
87.8	99.2	
99.1	99	
98.7	99.4	
98.1	86.1	
99.3	98.4	
98.3	89.3	
89	98.6	
98.5	99.6	
99.1	89.7	
98.7	99.6	
99.3	97.8	
98.5	88.1	
98.7	68.1	
97.3	99.4	
98.3	89.5	
98.1	99.6	
87.8	88.9	
98.5	79.2	
78.1	79.6	
99.1	99.6	
99.1	99.4	
97.9	89.3	
98.5	88.7	
97.3	89.1	
98.7	68.5	
97.9	99.2	
99.3	98.8	
97.9	89.5	
99.3	98.2	
98.9	89.5	
96.3	99.2	
99.1	98.8	
88.4	99.4	
99.3	89.7	
98.7	78.8	
97.7	99.4	
98.3	99.2	
98.9	99.4	
99.1	88.9	
99.1	99.6	
88.8	99.2	
99.1	99.6	
97.1	99.6	
99.3	59	
99.1	89.3	
99.3	99.4	
89	99.2	
99.3	99.4	
98.7	99.2	
98.3	99.6	
98.5	98.8	
89.4	89.7	
98.7	99.6	
78.5	87.7	
98.9	98.8	
98.7	88.7	
98.3	99.4	
99.1	99.4	
99.1	99.6	
99.3	89.3	
97.7	99.6	
98.7	99.4	
77.9	99	
98.9	99.2	
98.9	98.8	
98.7	79.6	
99.3	99.6	
99.3	99.4	
99.1	89.1	
98.3	98.4	
99.1	88.3	
98.9	98.4	
98.5	89.7	
99.1	98.4	
98.5	99	
98.1	88.7	
99.1	99.6	
78.5	99.6	
98.5	99.2	
97.5	99.4	
98.3	99.6	
76.5	99.4	
98.1	99.4	
98.9	99.6	
89.2	89.5	
78.7	99	
98.7	99.6	
98.3	99.2	
47.6	99.4	
98.7	99.2	
98.9	89.3	
99.1	99.4	
99.3	98.4	
97.7	99.6	
98.7	99	
98.9	89.5	
78.7	99	
98.9	97.8	
98.5	99.2	
96.5	89.5	
98.9	99.4	
98.5	99.6	
98.9	99.6	
98.5	99.4	
99.3	98.8	
98.5	89.5	
97.7	99.6	
98.7	89.7	
68.8	89.7	
98.9	99.4	
99.3	99.6	
95.9	98.2	
99.1	99.6	
99.1	99.6	
99.3	89.3	
98.1	59.2	
98.9	99.4	
99.1	89.1	
98.9	79.4	
77.7	99.2	
78.1	99.6	
98.1	89.1	
78.3	99.4	
98.1	99.4	
98.9	79.6	
98.9	99.4	
97.5	99.6	
98.9	79.4	
97.5	79.4	
99.3	99.6	
69.4	89.5	
88.4	99.2	
97.3	99.4	
88.8	99.6	
98.9	99.6	
98.5	98.4	
98.5	89.1	
98.9	89.7	
99.1	99.6	
99.3	89.1	
98.9	89.1	
99.1	99.2	
99.1	98.8	
98.5	87.7	
99.1	89.5	
97.9	99.6	
98.9	99.6	
88	98.8	
89	99.2	
98.9	99.4	
98.5	99.6	
98.9	79	
88.4	99.6	
98.7	99.6	
98.5	89.5	
98.3	99.6	
87	99.4	
98.9	89.3	
96.5	99.4	
99.1	99.6	
77.9	99.2	
98.5	88.5	
98.5	99.2	
98.9	99	
98.5	99.4	
95.1	99.4	
94.7	99.2	
58.7	99	
98.9	99.6	
99.3	99.2	
97.9	99.4	
98.7	89.1	
98.7	89.1	
98.1	99.4	
98.7	99.4	
98.1	99.6	
98.9	99.2	
86.6	99.4	
99.1	79.4	
98.9	89.1	
98.9	78.6	
98.7	99.6	
99.3	88.3	
98.9	98.8	
98.1	98.6	
98.9	97.6	
98.1	99	
77.5	99.4	
98.7	89.3	
98.1	99	
98.9	89.5	
99.1	99.6	
98.9	99.4	
98.9	99.6	
98.1	99	
86.6	97.8	
99.1	97.8	
99.1	99	
96.9	79.6	
99.1	99.6	
98.3	99.2	
97.9	79.4	
98.3	79.4	
99.1	99.6	
98.1	99.6	
97.9	99.2	
98.1	99.2	
98.9	99.2	
97.3	99.4	
98.7	99	
98.7	99.6	
98.7	99.2	
97.9	99	
98.3	99.6	
87.6	99.6	
98.9	88.9	
99.3	99.2	
99.3	99.6	
98.9	89.5	
97.9	79.2	
99.1	99.2	
99.1	99.6	
99.1	99.2	
99.1	99.2	
97.7	99.6	
99.3	99.4	
99.1	89.1	
99.3	99	
89.2	88.9	
99.3	88.5	
98.3	89.5	
88.4	68.7	
98.9	99.6	
98.9	99.2	
98.9	99.4	
97.5	48.3	
98.7	99.6	
98.5	99.2	
98.7	99.6	
97.9	99.2	
88.6	99.6	
88.4	89.7	
89.2	99	
98.1	99.6	
98.5	89.3	
99.3	99.2	
98.9	99.2	
99.1	99.6	
98.9	99.2	
99.3	99.4	
99.3	99.6	
89	98.6	
87.2	89.5	
98.7	98.8	
99.3	99.4	
99.1	99.4	
99.3	88.5	
98.7	89.5	
99.1	99.4	
98.5	99	
98.9	88.3	
88.6	89.3	
98.9	88.7	
98.9	88.9	
98.3	89.5	
87.4	89.7	
88.6	99.2	
98.5	99.6	
98.3	89.5	
68.4	99.4	
98.5	99.2	
96.9	79.6	
97.7	99.6	
89	99.4	
98.7	89.1	
79.1	88.9	
88	89.7	
89.2	79.2	
89	99.2	
98.5	89.7	
88.6	99.4	
99.1	89.7	
97.5	99.6	
99.1	89.5	
99.3	99.6	
98.7	99.2	
98.7	99.4	
98.7	99.4	
98.7	99.6	
98.5	99.6	
99.1	99.2	
98.9	99	
98.9	99.2	
98.9	99.6	
99.3	88.5	
98.9	88.5	
98.9	99.2	
98.3	89.7	
99.3	88.7	
99.3	89.5	
99.1	99.4	
96.7	99.6	
88.6	99.6	
98.3	98.8	
97.3	88.3	
99.1	99.6	
99.1	89.7	
97.5	99.6	
99.3	89.5	
98.7	89.1	
98.9	89.3	
98.7	99.6	
88.4	99.2	
77.3	89.5	
99.3	99.6	
87.6	99.2	
98.7	98.8	
88	99.6	
98.7	89.3	
96.7	89.7	
98.7	99.6	
99.1	89.3	
98.9	99.6	
99.3	99.4	
98.3	99.4	
98.5	79.2	
98.7	99.6	
96.9	99.6	
78.5	89.1	
97.9	99.2	
98.1	97.8	
98.5	99.6	
98.7	99.4	
98.5	99.6	
97.9	98.6	
98.5	99.4	
99.1	99.6	
99.3	99.4	
87.8	99.6	
79.1	99.6	
88.2	88.9	
98.9	97.6	
98.5	99.2	
98.7	89.1	
88.4	89.1	
89.2	89.1	
99.3	88.3	
98.9	88.1	
98.7	99	
98.1	99.4	
98.7	99.6	
99.3	89.5	
68	99.2	
99.3	79	
96.5	99	
98.7	99.4	
98.9	98.8	
99.3	99.4	
99.1	99.2	
69.2	99.2	
88.6	99.6	
97.5	99.6	
98.9	98.8	
