58.1	79.2	
46.6	98.8	
98.5	99.6	
81.8	99.2	
45.2	98.8	
98.9	99.4	
97.7	99.6	
97.9	99.2	
88.6	89.7	
99.1	89.3	
95.7	76.8	
87.8	96.8	
87	98.8	
88	99.6	
98.7	99.4	
99.3	99.4	
99.3	89.5	
99.3	99.4	
98.3	98.6	
98.1	99.6	
87.8	99.6	
99.1	99.6	
98.1	78.4	
98.7	99.2	
98.5	89.5	
99.1	89.7	
98.9	99.4	
98.7	99.6	
98.7	98.8	
98.3	99.4	
98.9	96.8	
98.1	89.3	
97.9	99.2	
98.7	79.2	
98.7	88.9	
98.7	87.9	
77.1	99.4	
98.7	89.7	
97.7	99.4	
98.9	99.2	
99.1	99.4	
88.4	99.4	
98.9	78.4	
98.5	99.6	
98.9	98.6	
98.7	98.8	
99.3	99	
96.3	99	
99.3	99.4	
99.1	98.2	
88.8	98.2	
89.2	99.2	
98.3	89.7	
98.9	99.4	
97.5	79.2	
98.3	99.6	
99.1	89.5	
98.1	99	
98.9	88.9	
99.3	89.5	
77.9	89.1	
67.2	98.4	
99.1	99	
98.7	99	
79.5	99	
98.9	99.4	
88.6	99.2	
98.7	99.2	
98.7	99.4	
98.5	78.2	
98.7	99	
98.7	99.6	
98.7	89.5	
99.3	99.6	
98.7	89.1	
97.9	99.4	
68.8	99.2	
99.3	99.4	
98.5	98.6	
98.9	99.4	
99.1	79	
99.1	89.1	
97.1	99.6	
98.1	89.5	
79.3	89.7	
98.9	99.6	
98.7	98.6	
98.1	69.3	
99.3	98.8	
99.1	88.7	
99.1	89.5	
69.2	89.5	
78.9	59.2	
78.5	99.2	
98.7	99.2	
98.7	69.5	
98.3	99.6	
99.1	89.5	
98.5	99	
99.1	99.6	
97.1	99.2	
98.3	99.6	
97.7	99.6	
97.9	99.6	
97.3	89.7	
98.5	99.2	
99.1	78.2	
67.4	98.8	
98.5	89.3	
99.3	89.5	
98.5	89.5	
99.3	89.3	
99.1	79	
98.7	89.3	
88.4	99.6	
99.1	99.4	
98.9	89.7	
98.9	89.5	
99.1	98.6	
98.9	99.2	
88.8	97.8	
97.1	69.3	
99.1	88.9	
98.7	89.5	
98.1	99.4	
98.9	89.5	
99.1	89.3	
78.9	99.6	
98.3	99.6	
87.8	89.5	
98.9	99.4	
99.1	99.6	
96.9	99.6	
97.7	89.1	
97.7	98	
78.3	99.4	
98.3	89.5	
98.3	99.6	
78.5	99.2	
98.5	89.3	
88.8	99.2	
78.3	98.6	
98.1	99	
98.9	99.2	
99.3	99.4	
98.7	99	
98.7	99	
99.3	78.2	
98.9	89.7	
98.9	99.2	
78.5	99.6	
79.1	89.7	
98.5	98	
98.3	99.6	
98.7	99	
98.9	99.4	
99.3	88.9	
98.9	79.4	
98.3	99.4	
98.3	99.6	
79.1	99.4	
98.7	98.2	
99.1	79.4	
98.9	79.4	
99.1	99.4	
86.6	89.5	
89	99.2	
97.1	89.7	
97.7	99.6	
78.5	89.3	
99.3	89.7	
99.3	89.7	
99.1	88.9	
78.7	59.2	
99.3	89.5	
49.2	79.4	
97.9	89.1	
98.9	89.5	
88.8	89.7	
99.1	79.4	
96.9	99.4	
89	89.5	
88	89.3	
98.7	99.4	
98.9	47.3	
99.3	99.6	
98.7	89.5	
87.6	59	
99.1	89.5	
98.9	99.6	
98.9	99.6	
99.3	88.9	
88.2	79.4	
98.7	99.4	
99.1	68.7	
99.1	99.4	
79.1	99.2	
98.7	98.4	
98.9	89.5	
88.2	89.7	
99.1	98	
98.1	99.2	
98.7	98.2	
78.7	98.4	
88.6	99	
98.9	89.1	
98.9	69.3	
98.9	79.2	
98.7	99.4	
89.2	67.3	
88.6	99.6	
98.7	98.4	
98.9	98.4	
98.9	99.2	
98.7	99.6	
99.1	99.6	
89	99.2	
98.3	99.4	
98.5	79.2	
98.5	99.6	
99.3	99.4	
88.2	88.7	
89.2	99.2	
86	99.6	
97.7	99.2	
88.8	79.2	
99.1	98.8	
96.7	98.4	
98.7	99.4	
99.1	89.1	
99.1	99.2	
99.1	99.4	
98.1	99.6	
99.3	99	
78.1	89.5	
98.3	99.4	
99.1	98.6	
88	99	
99.1	98.8	
99.3	99.6	
98.5	99.4	
98.9	99.6	
99.1	99.4	
98.9	98.6	
99.1	89.5	
98.7	88.5	
58.9	97.8	
87.8	99.6	
88	99.4	
98.9	99.6	
89.4	89.5	
99.1	78.2	
98.3	89.7	
99.1	99	
98.9	99	
98.7	88.9	
98.7	98.6	
98.5	79.4	
99.1	89.3	
97.5	89.1	
88.8	99.4	
97.9	98.8	
99.3	99.6	
99.3	99.4	
98.9	98.6	
97.7	79.2	
98.1	99.2	
99.3	99.4	
98.7	89.5	
98.5	99.4	
88.8	99.6	
98.7	99.6	
98.3	98.8	
97.7	98.4	
98.3	89.3	
98.5	99.4	
98.9	99.6	
98.9	99.6	
98.7	99.6	
97.5	99.6	
88.4	99.6	
99.1	99.6	
98.5	88.9	
99.1	89.5	
97.5	99.6	
98.5	99	
98.3	89.5	
97.7	99.2	
98.9	99.2	
98.1	99.6	
98.9	99.6	
98.5	99.6	
88.8	79.2	
88.6	99.4	
98.9	99.2	
99.3	99.6	
78.7	99.4	
98.1	99.6	
89.2	87.1	
98.9	99.4	
99.1	89.5	
66	99.2	
98.9	99.4	
98.3	99.6	
97.5	99.6	
98.7	98.4	
77.3	99.4	
98.9	89.1	
98.3	98.8	
99.1	99	
99.1	99.2	
98.9	88.5	
99.1	99.6	
99.3	99.4	
98.3	68.7	
97.5	99.2	
87.6	98.6	
98.3	79	
99.1	98.6	
99.1	89.5	
98.9	98.4	
99.1	89.7	
99.1	99.2	
98.9	89.1	
99.3	99	
98.1	99.6	
99.3	98.4	
98.9	89.3	
99.1	89.5	
98.3	88.9	
98.9	99	
88.4	98.8	
97.9	99.4	
77.3	99.2	
98.7	98.8	
98.7	99.2	
98.5	99	
98.5	99	
99.1	99.4	
98.5	99.4	
99.1	88.7	
87.6	58	
98.3	98.6	
97.5	99.6	
88	88.9	
96.7	98	
98.9	89.5	
99.3	89.3	
99.1	89.7	
98.9	89.7	
99.1	99.2	
99.3	98	
98.3	89.7	
97.3	89.1	
88.2	69.5	
98.9	88.9	
98.3	88.7	
98.7	89.7	
88.2	99.6	
99.1	89.1	
99.1	99.6	
97.1	89.3	
98.9	99	
99.1	99.6	
88.6	99.6	
97.7	99.6	
98.5	78.8	
98.7	89.7	
98.5	98.6	
98.9	99.6	
99.3	89.7	
98.7	99	
98.3	99.6	
78.7	99.6	
99.1	99	
99.1	89.3	
98.9	99	
97.9	99.2	
98.7	99.4	
98.9	99.6	
98.9	99.4	
98.9	77.4	
98.3	98.4	
98.7	99.4	
99.3	98.8	
98.3	99.4	
98.3	88.3	
98.5	99.6	
99.1	99.2	
98.7	99.4	
98.7	68.7	
99.3	99.6	
97.9	99.6	
98.3	89.3	
98.7	99.4	
98.5	99	
98.1	99.6	
98.9	99.6	
98.9	89.5	
99.1	79.6	
98.3	99.6	
96.7	98.8	
98.7	99.4	
98.5	99.4	
99.1	99.4	
98.5	99.6	
98.5	99.6	
98.1	99.6	
98.7	99.4	
97.9	99.6	
98.9	99.4	
97.5	88.9	
98.9	99.6	
98.1	99.4	
98.3	89.7	
97.1	99.6	
87.2	99.4	
98.9	99.6	
98.5	89.5	
87.4	99.4	
98.7	99.4	
99.3	99	
98.9	98	
97.9	99.6	
99.1	99	
99.3	89.1	
98.3	98.8	
78.7	99.2	
88.6	97.8	
99.1	99.2	
98.7	88.9	
99.3	88.9	
99.3	99.2	
98.7	99.2	
88.8	99	
98.3	99.6	
88	99.4	
98.7	99.6	
99.1	99.4	
97.5	88.9	
97.5	99.4	
98.9	99.2	
79.1	99	
99.1	99.4	
97.1	98.8	
98.9	99.2	
99.3	79.2	
98.3	99.4	
97.9	98.4	
98.9	99.2	
68.8	79.4	
97.7	99.4	
98.9	99	
99.3	97.8	
99.1	98.8	
99.3	99.6	
99.3	99.2	
88.2	99	
88.2	89.5	
97.5	99	
98.1	99.4	
98.5	89.3	
98.5	89.1	
99.3	88.9	
99.1	99.6	
88.2	99.4	
99.1	99.6	
89	98.8	
98.3	89.3	
99.1	99	
89.2	99.4	
98.9	99.6	
99.1	99.4	
97.5	99.4	
98.9	99.4	
88.2	99	
77.3	99.4	
57.3	99.6	
88.6	98.8	
98.7	99.6	
98.7	99.4	
99.1	99.4	
98.7	99.2	
76.3	99.2	
87.6	99.4	
78.3	98.2	
87	99.6	
97.5	99.4	
97.9	99.2	
97.7	99.6	
98.5	89.5	
98.3	88.9	
78.7	99.6	
98.1	89.3	
88	99	
89.4	89.3	
98.3	99.6	
87.6	79.4	
99.1	99	
98.1	98.6	
