60	89.1	
-44.8	89.7	
63.2	99.2	
95.5	59.2	
96.7	99.4	
98.3	99.2	
95.1	89.7	
88.8	79	
88.6	99.6	
98.7	89.5	
97.1	85.1	
98.1	89.5	
99.1	69.1	
99.3	79.2	
98.3	99.2	
99.3	88.5	
99.1	89.7	
97.5	89.5	
97.9	99.4	
98.3	99.2	
98.7	99.6	
98.9	99.6	
97.9	89.3	
97.1	89.7	
85.8	99.2	
98.3	97.4	
99.3	98.4	
88.8	99.2	
98.7	99	
99.1	99.4	
98.7	99.6	
97.9	89.7	
98.9	89.5	
99.1	99.6	
99.1	79.2	
98.1	99	
98.9	99.4	
77.9	99.6	
98.5	99.4	
98.3	99.6	
99.1	99.6	
96.5	99.2	
99.1	99.6	
98.9	99.6	
98.7	99.4	
98.5	98.8	
99.3	99.6	
99.1	89.3	
98.7	97.8	
77.9	89.3	
89	99.4	
99.1	99.4	
98.5	99.6	
98.3	99.6	
98.7	99.4	
98.7	89.7	
99.1	98.8	
98.7	99.6	
97.1	98.8	
98.9	78	
97.9	89.5	
98.9	99.6	
95.9	99.6	
99.1	88.9	
98.3	99.4	
97.7	89.7	
98.9	89.1	
99.1	99.2	
99.1	98	
98.3	78.8	
97.9	99.6	
86.2	99	
98.9	98.6	
97.7	68.9	
65.8	89.3	
98.1	89.7	
98.5	88.3	
99.1	98.2	
99.1	99.4	
97.7	99.4	
97.7	89.7	
95.9	89.7	
97.9	89.3	
89	79.2	
98.9	99.2	
97.9	89.7	
99.1	89.5	
99.3	89.7	
98.9	89.7	
89	79	
99.1	89.5	
87.2	99	
99.1	89.3	
98.5	79.6	
98.3	89.7	
98.9	99.6	
99.1	78.8	
98.9	79.2	
98.9	89.7	
97.5	99.4	
98.7	99	
99.3	88.3	
98.9	99.2	
97.7	79.4	
99.1	88.7	
99.3	99.6	
98.7	89.3	
99.1	89.3	
87.6	99.6	
98.7	99.4	
98.9	99.6	
98.1	89.7	
98.5	89.1	
98.9	89.7	
98.5	58.8	
99.3	99.4	
99.3	89.3	
95.9	99.6	
99.3	89.5	
99.1	89.3	
98.9	99	
98.5	88.9	
98.3	99.4	
99.1	98.6	
99.1	99.4	
98.5	99	
97.9	99.6	
98.3	99.2	
97.3	89.3	
98.3	99.4	
98.7	99.6	
99.1	98.6	
98.7	99.6	
88	99.6	
98.9	99.2	
97.7	99.2	
99.1	99.4	
98.7	89.5	
97.3	99.2	
98.7	99.6	
98.7	98.8	
98.9	78.4	
98.9	97.8	
97.5	99.6	
98.9	86.7	
98.1	99.2	
99.1	89.5	
68.2	88.9	
98.7	99.6	
99.1	99.4	
98.7	89.5	
98.7	79.2	
98.9	99.6	
98.5	99.4	
89.2	99.4	
98.9	99.6	
98.1	98.8	
99.3	68.5	
66.6	99	
98.7	99.4	
98.5	99.4	
97.3	99.6	
99.1	99.6	
87.6	99.6	
99.3	89.7	
98.3	98.6	
99.1	99.6	
98.9	89.3	
99.1	89.5	
86.8	98.8	
97.5	89.3	
99.3	69.5	
88.2	99.4	
98.9	99.4	
98.7	99.2	
98.1	99.2	
98.7	89.1	
98.5	99.2	
98.9	99.6	
98.7	99.6	
98.9	99.4	
98.9	98.6	
69	99.6	
98.3	99.2	
99.1	89.7	
98.7	99	
98.9	89.5	
99.1	99.4	
97.9	99.6	
99.1	99.4	
98.7	99.2	
98.7	98.8	
97.7	99.4	
98.7	89.7	
98.1	98.6	
98.9	89.3	
98.7	99.2	
98.9	89.7	
99.3	99.6	
99.3	99.6	
97.5	99.6	
98.1	89.7	
98.9	98.6	
98.5	99	
98.7	99.4	
99.1	99.2	
98.9	89.7	
98.3	99.6	
98.5	99.4	
99.3	99.6	
99.3	78.8	
99.1	99.4	
98.3	99.4	
97.9	89.5	
98.3	97.6	
98.7	99.4	
98.9	89.3	
99.1	99.4	
96.9	79	
97.1	99.4	
98.5	99.4	
98.1	89.7	
99.1	99.6	
98.3	89.5	
98.7	89.5	
98.7	99.2	
99.1	99.2	
98.9	98.4	
98.9	99.6	
99.3	89.7	
98.9	89.5	
98.9	89.7	
98.1	89.5	
99.1	79.6	
48.2	89.5	
98.9	88.7	
98.3	89.3	
98.1	99.6	
99.1	99.4	
98.9	99.6	
99.1	99.2	
98.5	99.4	
97.7	89.1	
99.1	99.6	
88.2	99.2	
99.1	99.6	
99.1	87.5	
96.9	98	
97.9	99	
99.3	99.6	
99.1	98.8	
99.1	99.6	
98.9	89.1	
98.7	88.3	
89.2	99.6	
49.2	89.3	
98.7	98.2	
69	99.6	
99.1	99.2	
99.1	99	
98.9	89.1	
98.9	99.2	
99.3	98.6	
97.7	69.1	
99.1	79.6	
98.7	68.9	
98.7	99.4	
99.1	99.6	
98.3	99.6	
99.3	99.2	
98.9	89.5	
98.7	89.5	
86.6	99.2	
98.9	99.4	
88.6	99.6	
99.3	99.4	
79.1	89.5	
47.4	98.8	
98.9	89.3	
89.2	89.5	
99.1	79.2	
99.1	89.3	
99.1	99	
99.1	99.4	
98.7	89.5	
98.1	98.6	
89	99.2	
98.1	99.2	
98.5	78.8	
98.5	99.6	
98.5	89.7	
88	89.7	
98.9	99.4	
99.1	89.1	
88.8	89.3	
97.3	78.4	
99.1	89.7	
98.7	99.4	
99.3	79.6	
98.9	88.1	
99.3	99.6	
68	89.7	
98.1	89.7	
96.7	89.3	
98.3	89.7	
99.3	89.7	
98.1	89.7	
38.1	88.3	
98.7	89.7	
98.7	89.7	
98.3	79.6	
97.1	88.9	
99.1	78.8	
99.3	88.9	
87.4	89.3	
98.9	89.7	
89.2	87.9	
98.9	88.7	
69.2	89.7	
98.9	99.6	
96.9	99.4	
99.3	89.5	
99.3	99.4	
98.9	88.9	
98.5	99.6	
98.7	89.3	
99.3	89.3	
98.3	89.7	
76.7	99	
98.7	89.3	
99.1	99.4	
99.3	99.6	
78.9	99.4	
89	99.6	
99.3	68.3	
98.9	88.9	
98.9	89.1	
99.1	99.6	
78.3	99	
98.3	99.4	
99.1	99.4	
78.9	68.5	
98.3	79.4	
98.9	89.5	
87.8	98	
98.1	99.6	
68.8	99.6	
98.7	99.6	
99.1	99.4	
98.1	88.7	
88.2	99.2	
98.9	99.4	
78.5	99.6	
78.9	99.2	
89	78.8	
97.9	89.1	
98.7	88.5	
99.3	99.6	
98.1	98.2	
96.5	78.8	
98.3	79.4	
98.9	89.5	
98.5	99.6	
99.1	89.1	
99.3	89.7	
97.9	89.7	
98.5	99	
98.7	99.2	
88.2	89.1	
99.3	88.3	
88.4	99.6	
98.9	99.4	
99.1	89.3	
98.9	88.9	
89	89.3	
99.3	99.4	
98.7	99.6	
78.9	99.6	
88	89.7	
67.4	99.6	
98.9	99.2	
98.3	99.6	
65.4	89.1	
99.1	99.4	
98.3	99.4	
99.1	99.6	
98.9	99.4	
98.9	99.6	
98.5	99.4	
98.7	99	
99.1	99.4	
98.3	99.6	
89	89.1	
89.2	79	
98.3	97.2	
99.1	89.5	
98.1	88.7	
98.3	89.3	
88.6	89.3	
99.1	99.6	
98.9	89.5	
98.3	78	
99.3	99.6	
98.9	99.4	
98.3	79	
98.7	99.2	
87.6	89.5	
98.5	99.6	
88.4	79.4	
88.8	99.4	
99.3	99.4	
98.3	99.6	
88	99	
88.4	99.2	
97.7	99.4	
98.7	99.4	
98.7	99.2	
98.3	79.4	
99.1	99.2	
98.7	99.2	
98.3	99.6	
98.5	98.8	
89.2	98.6	
99.1	99.4	
99.1	99.4	
98.7	99.6	
98.3	99.6	
78.7	99.6	
98.9	89.7	
97.9	99.6	
98.7	88.5	
98.9	99	
98.7	98.8	
78.7	99.6	
98.5	89.5	
98.5	99.6	
98.9	99.4	
98.7	88.9	
99.1	99.4	
98.9	89.7	
99.3	99.6	
98.5	99.6	
98.7	89.3	
87.4	99.6	
99.3	97.8	
88.2	79	
98.5	99.6	
98.7	98.8	
98.9	69.5	
99.3	89.5	
89.4	89.7	
98.7	89.7	
78.3	89.5	
98.9	79.4	
99.1	89.7	
97.9	89.1	
99.3	99.6	
99.3	89.7	
98.5	89.1	
97.3	89.5	
98.9	88.1	
98.9	98.4	
89	99.4	
98.3	99.4	
98.7	99.6	
98.3	99.2	
99.3	99.6	
88.8	89.7	
99.1	89.7	
98.7	88.5	
98.9	99.6	
98.9	99.6	
99.1	99.2	
88	99	
89.2	89.3	
98.1	99.6	
99.3	89.3	
97.3	99.6	
99.3	99	
89.2	98.6	
98.3	89.3	
97.9	99.2	
98.7	98.8	
99.1	99.4	
95.9	88.1	
99.1	48.7	
98.3	98.6	
97.3	89.5	
96.7	79.2	
98.7	79	
98.3	89.1	
98.5	89.5	
87.6	99.4	
97.5	98.4	
97.9	89.5	
98.5	98.6	
98.5	99	
98.5	99.2	
98.3	89.5	
98.7	78.4	
