1.8	75.1	
98.5	99.4	
93.3	89.5	
97.9	88.9	
97.9	99	
98.7	98.8	
96.3	89.7	
76.5	99.4	
97.5	99.2	
99.3	79.6	
97.7	98.8	
99.3	99	
98.9	89.7	
98.9	98.4	
66.4	89.5	
98.9	98.4	
97.3	99.2	
89	89.5	
87	89.7	
99.1	99.2	
99.3	98.8	
97.5	89.1	
98.1	99.2	
98.5	99.4	
99.3	99.6	
98.9	78.8	
99.1	99	
98.3	99.2	
98.9	99.4	
98.5	99.2	
99.3	99.2	
99.3	99.4	
99.1	98.6	
98.9	79	
99.3	99.2	
99.3	98.6	
99.3	99	
99.3	89.5	
98.9	99.4	
99.3	99.4	
99.3	98.8	
99.3	89.1	
98.9	98.4	
98.7	99.4	
98.7	99.4	
99.3	99	
99.1	99.2	
98.9	99.2	
99.3	99.4	
99.1	99.4	
98.1	99.4	
99.3	89.1	
97.9	79.4	
99.3	79.6	
99.1	98.8	
98.9	89.3	
98.7	99.4	
98.9	99.4	
99.3	99.4	
97.9	89.7	
98.5	89.5	
99.1	99.4	
99.3	89.3	
98.9	89.7	
98.7	89.5	
98.5	98.8	
98.3	99.4	
99.3	98.8	
99.3	99.4	
99.3	69.5	
98.9	89.7	
99.3	99.4	
98.5	88.9	
99.1	99	
98.9	99	
97.7	99	
99.3	99.4	
99.1	99.4	
98.7	99.4	
98.5	99	
99.1	99.4	
99.3	89.7	
98.5	98.8	
98.9	99	
98.9	98.8	
98.3	98.8	
99.3	99.4	
99.1	99.2	
99.3	89.7	
97.9	89.7	
98.9	99.4	
99.3	99	
99.1	89.5	
98.9	99.2	
99.1	99.4	
98.5	99.4	
98.9	98.8	
99.3	89.7	
99.3	89.1	
99.1	98.8	
99.3	99.4	
98.1	99.6	
98.7	99.2	
99.3	89.5	
99.3	99.2	
98.9	99.2	
97.9	79.6	
99.1	99.6	
98.7	89.7	
87.4	98.8	
99.1	99.6	
98.9	99.2	
99.3	99	
99.3	89.7	
99.3	99.6	
99.3	99.4	
99.1	89.7	
99.3	99.4	
88.2	99	
99.3	99.6	
99.1	99.6	
98.9	89.7	
99.1	99.6	
98.7	99.6	
98.7	99.6	
99.1	89.5	
99.1	99.4	
99.3	99.4	
99.1	89.7	
99.3	89.5	
99.1	99.6	
98.9	89.5	
98.3	89.5	
98.7	89.7	
98.7	89.1	
99.3	89.7	
98.7	99.6	
98.9	99.2	
99.3	89.5	
99.3	99.2	
98.9	89.7	
99.3	89.5	
97.7	79	
98.7	99.2	
98.5	99.6	
98.5	99.4	
99.3	98.8	
98.9	89.5	
99.1	99.6	
97.3	89.5	
99.1	89.1	
99.1	99.6	
98.9	79.4	
99.1	79.6	
99.3	99.6	
98.1	89.3	
98.7	89.7	
86.6	89.7	
98.3	89.3	
98.9	89.7	
99.3	89.7	
99.3	99.4	
87.8	99.2	
99.3	99.4	
99.3	99.6	
98.7	99.4	
98.3	89.7	
98.7	89.3	
98.3	99.6	
99.3	89.7	
99.3	99.6	
99.3	89.7	
98.9	89.5	
99.1	99.6	
98.9	99.6	
99.1	89.7	
98.7	99.6	
98.5	89.7	
98.5	78.6	
99.3	99.2	
99.3	99.4	
89.4	79.4	
98.1	99.4	
98.9	89.5	
99.3	99.6	
88.6	99.6	
99.3	99.2	
98.5	99.4	
98.7	89.1	
98.9	89.7	
99.1	89.5	
99.3	79.6	
99.3	99.2	
98.9	99.6	
98.7	99.6	
99.1	89.7	
98.9	89.7	
99.3	99.4	
98.3	89.5	
99.3	99.4	
99.3	99.6	
99.1	99.4	
99.1	89.3	
98.3	89.5	
99.3	79	
98.5	89.7	
99.1	89.7	
98.1	89.7	
98.9	99.4	
99.3	99.2	
98.7	99.6	
98.9	99.6	
99.3	99.4	
98.9	89.7	
98.7	99.6	
99.3	99.4	
99.1	89.5	
98.5	99.6	
98.9	89.3	
98.7	89.3	
98.9	99.6	
99.3	89.1	
98.9	89.1	
98.9	79.2	
99.3	89.1	
98.9	99.4	
98.1	89.7	
88.2	99.2	
99.3	99.6	
99.1	89.5	
99.1	99.6	
99.1	79.4	
98.5	89.5	
98.3	99.4	
99.3	89.7	
99.1	79.6	
98.7	78.8	
99.3	99.2	
98.7	99.4	
99.1	89.7	
98.9	89.1	
98.5	89.5	
99.3	79.6	
99.1	99.6	
98.5	99.4	
98.7	99.6	
98.1	89.3	
99.3	99.6	
98.5	99.6	
98.9	89.7	
98.1	99.6	
97.3	99.4	
98.9	69.5	
98.7	99.4	
99.3	99.6	
99.3	89.7	
78.9	89.1	
99.3	99.2	
98.9	89.7	
99.3	89.5	
99.3	99.6	
98.1	89.5	
98.7	99.6	
98.9	89.7	
99.3	99.6	
98.9	88.9	
99.1	99.6	
98.5	99.4	
98.9	99.6	
98.7	99.4	
99.3	99.4	
98.5	99.6	
98.9	89.3	
99.1	89.5	
99.3	89.7	
98.9	69.3	
98.5	99.2	
98.7	89.1	
98.7	89.5	
98.7	99.6	
99.1	99.6	
98.9	99	
98.9	89.5	
98.1	69.1	
99.3	89.5	
99.1	99.2	
88.2	89.5	
89	99.4	
95.7	89.7	
98.5	89.7	
98.9	79.6	
98.7	99.4	
98.9	89.3	
99.1	89.5	
98.9	99.6	
89.4	99.6	
99.3	98	
98.9	99.6	
99.3	89.3	
99.1	89.5	
98.9	99.6	
98.3	89.7	
99.3	89.5	
98.9	99.4	
99.3	99.6	
99.1	89.7	
99.1	99.6	
99.1	99.6	
98.9	99.2	
98.1	89.7	
99.1	99.6	
98.9	89.5	
99.1	89.7	
99.1	99.4	
98.7	89.3	
98.9	89.3	
98.9	99.2	
98.9	89.7	
99.1	89.5	
99.3	89.7	
98.5	89.3	
98.7	99.4	
98.3	99.4	
98.9	99.2	
89.4	89.5	
99.1	99.2	
98.7	99.4	
99.1	79.2	
98.7	89.7	
99.1	99.6	
99.3	99.6	
76.9	89.7	
98.3	99.4	
99.1	99.4	
98.3	99.6	
98.9	99.6	
99.3	99.6	
99.3	99.6	
99.3	89.5	
99.3	99.4	
99.1	99.6	
99.1	99.6	
98.9	89.3	
99.3	89.7	
99.1	79.4	
99.1	79.6	
98.9	99.4	
99.3	89.5	
99.3	99.4	
99.3	89.7	
98.3	89.5	
99.1	89.5	
99.3	99.4	
99.3	69.5	
98.9	99.6	
99.1	99	
98.9	89.7	
98.5	89.7	
98.3	89.7	
98.7	99.6	
99.1	99.4	
99.1	89.7	
99.3	79.2	
99.1	99.4	
97.7	79.4	
98.9	99.2	
99.3	89.5	
99.1	99.2	
98.9	79.6	
98.7	89.7	
98.9	89.7	
98.9	79.4	
99.1	99.6	
88.8	99.6	
98.9	89.7	
98.7	89.1	
98.3	79	
99.3	99.4	
98.5	99.6	
99.3	99.4	
98.1	99.4	
98.7	89.5	
97.3	99.2	
98.9	99.4	
98.9	89.7	
97.9	99.6	
98.9	99.4	
98.7	99.6	
99.1	99	
98.9	89.1	
98.1	99.4	
99.3	79.4	
99.3	89.7	
98.5	99.4	
98.5	89.7	
89	99.2	
99.3	89.7	
99.3	89.7	
99.3	99.6	
89	89.5	
98.5	89.5	
99.1	99.6	
98.5	99.4	
99.1	99.6	
98.5	99.4	
98.7	89.7	
99.1	99.6	
99.1	99.4	
99.1	99.6	
99.3	89.7	
99.3	99.6	
99.3	89.7	
99.1	69.5	
98.7	89.5	
99.1	99	
98.9	99.6	
99.3	98.8	
99.3	99.6	
99.1	89.7	
98.9	99.4	
99.1	99.4	
99.1	89.5	
99.1	99.4	
98.9	89.3	
99.3	99.4	
99.1	99.6	
98.9	89.7	
99.3	89.5	
98.3	99.6	
98.3	89.7	
98.5	99.6	
98.7	89.7	
99.1	99.6	
99.3	99.2	
98.1	99.4	
98.7	99.6	
99.3	89.5	
99.1	89.7	
98.7	99.6	
99.1	99.6	
98.9	99.2	
98.3	99.4	
99.3	89.5	
99.1	79.6	
99.1	89.7	
98.5	99.6	
98.9	89.3	
99.3	99.6	
98.9	99	
98.7	79.4	
99.1	99.6	
98.7	99.6	
98.9	99.4	
99.3	99.6	
98.9	99.6	
98.9	89.5	
99.1	89.7	
99.3	89.5	
99.3	99.6	
99.3	89.3	
99.3	79.2	
98.9	99.6	
98.7	99.4	
98.7	89.5	
98.7	99.4	
99.1	99.6	
99.3	99.4	
98.9	99.6	
99.1	99.6	
98.9	99.6	
98.7	99.6	
99.1	99.6	
99.1	89.7	
99.3	99.4	
99.1	99.6	
98.3	99.2	
99.3	99.2	
98.9	88.9	
99.3	99.4	
99.1	89.7	
99.1	99.6	
98.7	89.7	
97.9	99.4	
98.7	89.7	
99.1	99.6	
99.1	98.8	
98.9	99.6	
99.3	89.7	
98.7	99.2	
97.7	99.6	
88.4	89.3	
99.3	79.2	
98.5	89.7	
99.1	99.6	
98.7	99.4	
98.7	99.4	
98.3	99.6	
98.5	89.7	
98.5	89.7	
99.1	99.4	
