73.5	89.3	
97.3	89.7	
77.1	99.2	
85.8	99.6	
86.6	99.4	
98.1	88.7	
98.1	79.6	
98.1	99.6	
98.1	99.6	
87.4	99	
98.3	99.4	
99.1	99.6	
98.7	98.6	
98.3	99.4	
79.1	98.4	
99.1	99	
99.3	99.4	
98.3	89.5	
98.7	89.7	
99.1	99.4	
99.1	98.8	
98.9	98.6	
99.1	99.4	
98.5	89.5	
77.1	99.4	
99.3	89.7	
99.1	89.5	
99.3	59	
98.3	89.3	
98.9	99.6	
88.4	99.6	
89.2	89.7	
98.7	79.6	
98.5	99	
99.3	99.6	
99.1	98.8	
99.3	89.3	
97.1	89.7	
99.1	89.3	
98.9	89.7	
98.5	99.2	
98.9	89.7	
98.1	99.6	
99.3	89.5	
97.7	89.7	
97.1	89.7	
97.9	89.5	
99.3	89.1	
98.7	69.5	
98.9	99.4	
89.4	99.6	
99.3	79.2	
89.2	99.6	
87.6	89.7	
97.1	99.4	
79.1	89.5	
98.5	88.9	
98.5	99.2	
67	89.5	
98.9	98.8	
99.3	99.6	
97.7	99.6	
97.3	99.2	
99.1	89.1	
98.9	99.2	
99.1	99.4	
89.4	98.4	
99.1	99.4	
98.3	99.6	
78.7	99.2	
99.1	99.6	
87.8	99.4	
99.1	99.4	
88.8	99.2	
98.1	99.4	
87.4	79.4	
99.1	79.4	
98.9	89.5	
89.4	99.2	
98.9	98.8	
98.7	89.3	
87.2	98.6	
88.6	99.4	
98.9	88.9	
58.5	99.6	
88.4	99.4	
99.3	89.5	
98.7	99.6	
88.6	99.4	
99.3	99.4	
98.9	89.7	
88.2	89.3	
99.1	89.5	
99.1	89.3	
98.7	99.2	
98.9	99.6	
98.7	89.7	
99.3	99.6	
88.6	79.4	
99.1	99.6	
98.3	98.2	
99.1	98.6	
68	89.5	
88.6	89.5	
98.9	78.6	
99.1	89.7	
88	89.7	
77.9	79.2	
28.8	89.3	
98.3	58.2	
98.9	89.3	
98.9	98.6	
99.3	78.2	
98.9	89.3	
99.3	89.5	
98.9	99	
68.8	89.7	
99.3	89.1	
98.7	89.7	
98.9	79.2	
79.3	89.1	
99.3	89.7	
99.1	69.5	
98.3	89.5	
98.9	69.3	
98.9	89.3	
98.5	89.7	
98.9	68.9	
97.3	89.5	
98.7	89.7	
97.5	89.5	
98.5	89.5	
99.3	79.6	
99.1	99.2	
97.3	88.5	
98.5	99.6	
88.8	99.2	
99.1	99.6	
98.7	99.4	
98.5	89.7	
99.1	99.6	
98.9	99.6	
99.1	97.8	
99.1	89.1	
98.7	99.6	
99.3	89.7	
88.4	99.6	
98.9	99.6	
97.5	99.6	
98.9	98.8	
99.3	89.3	
99.3	78.8	
98.3	89.7	
98.7	99	
97.9	89.5	
98.9	89.7	
97.3	99.6	
99.1	99.4	
98.3	89.7	
97.7	88.9	
99.3	99.6	
98.7	89.3	
98.5	89.3	
98.9	89.3	
99.1	99.6	
99.1	98.6	
99.3	99.6	
98.3	99.6	
98.5	99.4	
69	89.5	
84.2	99.6	
98.3	99.6	
98.7	99.2	
99.1	99.6	
99.3	99.4	
98.7	98.8	
56.9	99.6	
98.5	89.7	
98.9	99.4	
99.1	89.7	
99.3	99.6	
99.1	89.7	
99.1	89.7	
99.1	99.6	
99.1	99.6	
99.3	89.3	
98.1	99.2	
99.1	79.4	
99.3	99.4	
99.1	88.7	
98.7	89.7	
99.1	89.5	
99.1	99.6	
99.3	99.4	
98.3	99.4	
98.9	89.3	
99.3	99.4	
97.9	89.5	
98.1	99	
98.1	89.7	
98.9	89.5	
98.9	79.2	
99.3	99.6	
98.9	89.7	
99.3	99.2	
99.3	99.6	
98.9	99.4	
98.7	99.6	
99.3	99.6	
99.1	89.5	
98.9	98.4	
98.1	99.4	
99.3	99.6	
99.1	99.2	
98.9	79	
98.9	89.3	
88.2	99.2	
98.9	99.4	
98.9	88.9	
98.9	99	
98.9	99.6	
98.9	99.4	
98.7	99.6	
85.6	99.6	
99.1	99.6	
99.3	99.6	
98.7	98.8	
98.9	99	
98.9	99.6	
89	88.9	
88.8	99.6	
78.9	99	
99.3	99.6	
98.9	98.2	
98.7	99.2	
99.1	99	
98.9	99.2	
98.7	99.6	
99.1	88.7	
99.1	99.4	
98.7	89.7	
99.1	99.4	
99.1	99.2	
98.9	89.7	
98.3	79.4	
98.3	99.6	
98.3	99.2	
98.9	99.2	
68	78.2	
98.3	89.7	
98.5	99.4	
99.1	88.3	
99.3	98.8	
97.9	99.6	
98.7	88.9	
98.7	99.6	
98.5	99.6	
98.7	99.2	
99.3	78.8	
99.3	99.6	
99.1	79	
98.7	99.4	
78.9	99.2	
98.9	99.4	
99.1	99.6	
89.2	88.9	
99.1	99.6	
99.3	99.2	
89.2	99.4	
99.1	99.4	
98.9	98.6	
88.4	99.6	
99.1	99.2	
99.3	98.8	
99.1	99.4	
99.3	99.6	
98.7	99.2	
98.9	88.3	
97.9	97.8	
98.5	99	
89.2	89.1	
98.3	99.6	
99.1	99.2	
87.8	99.4	
99.3	99.6	
99.3	99.2	
98.7	88.9	
98.7	99.6	
98.7	99.2	
98.1	99.4	
99.3	99	
98.9	99	
99.1	99.4	
98.7	99.6	
98.7	89.7	
98.9	99.2	
98.7	99.2	
98.9	79.6	
98.3	89.7	
98.7	79.6	
98.9	79.2	
98.9	99.6	
98.5	99.6	
97.9	99.6	
99.1	89.1	
98.5	99.6	
88.6	78.8	
99.3	99.2	
99.3	89.3	
99.3	99.4	
98.7	89.7	
89	89.3	
98.9	99.4	
98.7	89.7	
86.6	88.9	
99.1	88.7	
98.9	99.6	
98.5	79.4	
99.1	99.2	
99.3	98.8	
98.5	89.3	
98.7	79.2	
99.1	89.3	
98.5	89.7	
97.7	89.7	
97.3	99.4	
98.9	88.9	
88.4	98.8	
98.7	89.3	
98.7	98.8	
99.1	89.7	
99.1	89.7	
99.1	89.7	
97.5	89.7	
98.5	89.7	
76.7	89.5	
89.2	99.4	
99.1	99.2	
68.8	99.6	
98.5	89.5	
98.9	99	
98.9	89.5	
99.1	89.3	
98.7	99.4	
99.3	99.4	
98.7	99.6	
99.3	99	
99.1	89.7	
98.3	98.8	
98.9	99.6	
98.3	99.6	
99.3	89.5	
98.7	99.6	
99.3	89.5	
99.1	99.6	
97.9	89.5	
97.9	99.4	
97.7	89.5	
98.9	99.2	
98.3	99.6	
97.7	89.3	
98.7	98.8	
88.2	89.3	
98.9	99	
99.3	98.8	
98.9	89.7	
99.3	89.1	
99.3	89.5	
99.3	68.5	
68.6	99.4	
99.3	99.6	
98.3	98.4	
99.1	99.6	
98.3	99.2	
99.3	89.1	
99.1	89.3	
99.1	99.4	
99.1	99.2	
99.1	89.7	
88.4	78.6	
98.9	99.4	
99.1	89.7	
98.5	89.3	
98.7	89.3	
99.1	89.5	
99.3	89.7	
97.1	99.4	
98.5	99.6	
97.3	89.1	
98.9	88.9	
99.1	99.6	
88.8	99	
98.9	89.1	
98.7	99.4	
98.5	79	
98.9	89.5	
98.5	68.1	
99.3	99	
99.1	99	
97.5	89.5	
98.3	99.6	
69.2	79	
99.1	99.6	
98.7	99.4	
98.9	89.3	
99.1	99.4	
98.7	99.2	
98.9	99.4	
98.9	99.4	
98.1	99.2	
98.9	99.4	
98.7	99.4	
99.3	89.7	
98.9	99.6	
98.9	99.4	
99.3	99.4	
99.3	99.6	
99.3	99.2	
98.9	99.6	
99.1	99.6	
98.7	98.8	
98.7	98.2	
99.1	89.1	
98.5	99.6	
98.7	99.6	
99.1	99.2	
98.7	89.3	
98.1	99.4	
98.7	99.2	
99.3	89.7	
99.3	89.5	
98.9	99.2	
99.3	89.5	
99.1	99.4	
99.3	89.5	
88.8	79.6	
98.5	98.8	
99.3	69.3	
98.9	89.7	
98.9	79.2	
99.3	89.5	
98.3	89.7	
98.9	89.7	
97.7	89.7	
98.3	89.3	
89.2	89.5	
98.7	89.7	
99.1	89.5	
98.9	89.5	
98.9	89.5	
98.9	89.5	
99.1	89.7	
78.7	99.6	
98.9	79.2	
98.9	89.7	
88.8	99.2	
97.9	79.6	
99.1	89.7	
98.5	89.7	
98.5	99.2	
99.1	89.7	
99.1	89.5	
98.9	89.7	
89.2	69.3	
98.1	79.6	
97.9	99.6	
88.2	89.7	
99.3	89.7	
99.1	89.1	
99.3	89.7	
88.4	89.7	
98.7	89.7	
98.9	89.7	
99.1	89.1	
89.2	99.6	
78.9	89.7	
98.9	88.9	
99.1	59.2	
99.3	89.7	
99.1	99.6	
99.1	99.4	
99.1	89.7	
99.1	99.4	
98.7	99.4	
98.5	99.6	
98.1	78.8	
99.3	89.7	
99.1	99.6	
88.2	99.4	
98.9	69.3	
98.9	78.4	
98.3	99.6	
88.8	89.3	
99.1	89.7	
98.7	79.6	
99.1	99.4	
99.1	98.8	
98.9	99.2	
98.9	99.6	
98.9	89.5	
