55.9	79.4	
75.5	79.6	
68.8	99.6	
77.7	99.6	
96.9	79.4	
95.1	89.3	
82.6	89.7	
95.1	99.2	
95.9	98.2	
98.7	99.6	
87.4	78.6	
64	87.7	
97.5	99	
98.5	99	
99.1	93.8	
97.7	85.7	
58.8	88.9	
86.2	89.1	
97.7	99.2	
78.1	99.6	
98.3	99.2	
88	99.6	
99.3	79.4	
98.3	89.7	
98.7	99	
97.5	99.4	
98.3	99.2	
97.9	88.9	
97.1	99.2	
78.5	88.5	
98.7	99.6	
98.7	99.6	
98.5	99.2	
98.3	99.4	
98.7	99.6	
99.1	89.3	
88	89.7	
99.1	89.5	
98.5	99	
98.7	99	
98.1	99.6	
97.5	89.5	
98.5	89.3	
97.3	99.6	
98.9	99.6	
98.7	89.7	
98.7	99.6	
97.3	99.6	
87.4	99.2	
96.3	99.4	
99.1	98	
99.1	89.1	
98.7	98.4	
96.7	89.3	
98.1	98.8	
97.9	89.3	
99.1	99.6	
96.9	89.5	
98.9	99.6	
96.5	88.5	
97.9	79.4	
97.9	87.7	
57.7	77.4	
98.9	99.6	
99.1	89.5	
97.9	99	
89	99	
97.9	99.6	
98.9	99.4	
98.5	99.4	
98.3	99.4	
98.9	89.3	
87	89.1	
98.7	99.4	
98.3	99.6	
97.3	99.4	
98.9	87.9	
98.5	78.8	
98.7	89.7	
98.9	99.6	
98.7	99.2	
99.1	99	
99.3	99	
99.1	99	
97.9	99.4	
97.3	98.2	
89	98.8	
99.1	88.7	
98.9	99.6	
98.9	99.2	
78.5	89.1	
98.9	99.6	
86.8	89.3	
98.9	89.5	
99.3	79.2	
98.3	99.6	
99.3	99.4	
98.9	99.6	
86.4	99.6	
98.9	98.8	
56.5	98.6	
99.1	89.7	
99.1	99.2	
99.1	99.2	
96.3	89.3	
98.9	89.7	
98.7	88.9	
98.1	87.5	
98.7	79	
98.5	89.5	
98.3	97.6	
98.9	99.6	
88.4	89.5	
99.3	99.6	
99.1	99	
99.1	89.7	
98.7	99.2	
98.7	89.5	
99.1	99.2	
98.5	99.6	
99.1	99.4	
86.8	99.4	
99.3	99.4	
86.8	99	
98.3	88.7	
98.9	89.5	
88.2	88.7	
99.1	78.6	
97.7	99.2	
98.5	99.4	
98.5	99.4	
98.7	99.6	
98.5	99.4	
98.5	98.8	
98.7	89.7	
99.1	88.3	
98.9	99.4	
97.7	89.1	
88.2	99	
99.1	99.4	
98.9	98.2	
97.5	99.2	
88	89.5	
97.7	88.9	
97.7	99.6	
98.5	79.2	
98.9	99	
78.1	97.2	
98.3	99.4	
98.9	99.6	
98.3	89.1	
98.7	99.4	
77.7	99.4	
88.6	99.6	
99.1	99.2	
98.3	99.6	
99.1	98.8	
98.9	99.6	
87.8	99.4	
99.1	99	
98.9	89.7	
98.9	99.2	
98.1	99.4	
68.2	99.4	
97.3	68.5	
98.9	98.8	
97.3	99.6	
86	89.3	
99.1	99.6	
97.9	99.6	
95.9	98.4	
98.9	99.2	
78.9	98	
98.7	99.4	
99.1	99.4	
98.5	98.6	
98.9	98.2	
97.3	99.6	
99.1	98.8	
98.7	98	
98.7	68.9	
97.9	99	
98.3	99.2	
98.3	88.5	
79.1	99	
98.1	79.6	
98.3	89.1	
98.1	89.1	
98.7	99.4	
98.3	89.7	
99.1	88.9	
98.9	97.8	
87.4	99.6	
98.1	99.6	
98.7	99.2	
98.9	99.2	
69	99.6	
98.9	99.4	
98.1	99	
99.1	89.5	
99.3	79	
97.9	99	
98.7	99.6	
97.9	99.2	
98.1	89.5	
88.4	99.4	
99.1	99	
89.2	98.8	
99.1	99.2	
99.1	87.3	
98.5	99	
98.7	89.3	
98.5	99.4	
99.1	99.4	
68.6	99.4	
87.8	99.6	
98.9	99	
98.9	99.6	
98.5	99.4	
98.5	89.3	
97.7	99.6	
98.9	99.2	
98.1	89.1	
98.7	89.5	
99.3	78.6	
99.1	98.2	
99.1	99.6	
88.6	89.3	
87.4	99.6	
98.7	68.5	
98.7	99.6	
78.7	99.6	
97.7	99.4	
87.8	89.7	
98.9	99.4	
98.3	99.4	
99.3	78.6	
99.3	99.6	
98.7	98.4	
98.3	88.1	
97.5	89.1	
88.8	99.6	
98.9	99.6	
88.6	89.7	
98.1	99.2	
96.7	98.6	
99.3	98.6	
98.9	99.6	
36.9	97.4	
98.9	89.5	
67.8	99.6	
86.8	89.5	
98.1	99.6	
87.2	99.2	
77.7	88.9	
98.7	89.3	
98.9	99.2	
98.1	99.2	
98.9	97.8	
97.9	99.4	
98.5	99.4	
86.6	89.5	
97.9	78.4	
97.7	99.4	
98.1	99.6	
97.7	99.6	
97.7	78.8	
98.1	99.2	
98.1	99.4	
98.7	98.8	
97.7	99	
98.5	99.6	
99.3	99	
98.7	99.6	
98.9	98.2	
99.3	99.4	
99.1	98.4	
98.9	97.2	
98.9	99.6	
78.7	99.6	
98.9	98.8	
98.7	99.2	
98.9	99.2	
98.9	88.7	
97.1	99.4	
98.3	89.5	
88.6	89.3	
78.5	99.6	
98.9	99.6	
88.8	78.8	
89.2	89.5	
98.9	99.6	
99.1	99.2	
99.1	88.3	
98.5	99.2	
98.3	99	
99.3	68.1	
98.9	98.2	
98.7	98.6	
88.4	99.2	
98.3	99.4	
77.7	99.4	
97.3	99.2	
97.9	99	
88	99.2	
98.7	99.6	
68.4	88.5	
89	99.6	
88	97.8	
99.1	99.6	
98.7	98.8	
87.2	99.6	
98.7	88.5	
88.8	88.9	
88.6	98.8	
88.4	99.6	
89	87.7	
98.7	89.7	
67.2	89.7	
98.5	99.4	
99.3	99.6	
99.1	89.3	
78.9	98.4	
99.1	89.3	
99.1	99.2	
98.5	89.7	
79.1	89.5	
58.5	99.2	
98.7	77.8	
98.5	99.4	
98.9	88.7	
98.1	89.1	
99.1	89.5	
99.3	99.6	
98.9	99.6	
99.1	99.6	
86.8	99	
98.3	99	
98.9	89.3	
99.3	99.2	
97.5	79	
99.3	97.8	
98.9	89.5	
98.9	99.2	
98.9	99.6	
98.1	99.6	
97.9	98.2	
99.1	99.6	
98.7	89.7	
98.5	99.6	
98.7	88.1	
98.3	87.5	
88.8	99.6	
76.7	89.5	
99.3	99.2	
99.3	98.6	
99.3	99.2	
98.1	68.7	
86.8	99	
98.9	99.6	
98.7	89.3	
98.3	99.4	
99.3	89.5	
98.5	99.2	
98.7	89.7	
96.1	99.4	
99.1	97.8	
88.6	89.3	
98.7	99	
98.1	99.4	
98.9	88.9	
99.3	89.1	
99.1	78.4	
98.3	99.4	
99.3	99	
98.7	88.1	
98.9	99.2	
96.5	88.9	
98.3	99.4	
98.7	99.4	
98.3	99.4	
98.1	97.4	
98.9	89.1	
89.2	79.6	
78.9	99.2	
99.3	89.7	
99.1	98.8	
99.1	98.4	
99.3	88.3	
98.9	99.2	
97.3	99.6	
99.1	89.1	
98.9	89.3	
98.5	89.5	
97.9	99	
59.1	97.8	
98.9	99.2	
98.5	89.3	
98.1	99.4	
98.5	79.6	
97.1	99.2	
98.3	78.8	
99.3	98.4	
98.9	77.8	
99.1	99.6	
76.5	99.6	
98.7	78	
99.1	99.4	
98.5	99.6	
98.5	99	
99.3	99	
98.5	89.7	
98.3	99.4	
99.1	98.2	
98.9	88.9	
98.7	99.6	
87.8	88.7	
99.1	87.7	
98.9	99.4	
99.1	99.2	
98.5	99.4	
88.8	99.4	
98.9	88.9	
98.9	88.7	
97.9	79.4	
99.1	99.4	
99.1	88.7	
99.3	79.4	
98.3	99.4	
99.1	98.2	
99.1	99	
88.2	89.3	
97.9	88.9	
89	79.2	
88.8	98.2	
98.7	99.4	
98.5	99	
98.7	88.3	
97.9	88.9	
99.1	99.4	
98.9	99.2	
97.7	99.6	
97.7	99.4	
99.1	99.4	
98.3	89.5	
99.1	99.6	
98.9	99.2	
99.3	99.4	
98.5	99.4	
98.3	99.6	
68.4	89.7	
99.1	99.6	
99.1	89.5	
99.1	78.8	
98.5	77.8	
99.1	99.4	
89	88.5	
99.1	89.3	
99.3	99.4	
99.1	89.3	
99.1	87.9	
98.5	99.2	
98.9	99.2	
85.8	99	
98.7	99.6	
98.5	78.2	
88.6	99.4	
98.5	89.3	
98.9	99.2	
17.9	99.6	
89	89.5	
67.8	89.7	
77.9	88.7	
88.8	99.6	
88.4	98.4	
98.9	88.5	
76.9	99.2	
98.9	99.4	
99.1	97.4	
98.9	69.5	
99.1	99	
98.9	98.8	
68	98.8	
98.3	99.4	
99.3	99	
87.8	99.2	
77.1	99.4	
98.9	59.2	
98.7	99.4	
98.5	78.6	
98.5	99.2	
98.5	99.2	
98.9	99	
99.1	99	
97.7	99.4	
98.7	89.5	
67.8	98.6	
99.1	99.4	
97.3	88.3	
97.9	99.6	
