81.2	89.7	
57.5	89.5	
78.7	84.9	
96.5	79.4	
88.6	89.5	
93.5	89.7	
88.8	89.7	
86.8	89.7	
99.1	89.7	
98.9	89.7	
98.1	89.5	
98.9	89.7	
98.9	89.7	
99.3	89.7	
78.9	89.7	
99.3	79.6	
99.3	89.7	
88.2	89.7	
99.1	89.5	
98.5	89.3	
99.3	89.7	
99.1	89.7	
89.2	79.6	
78.9	89.7	
98.5	69.5	
98.9	89.7	
98.9	89.7	
99.3	89.7	
99.3	89.7	
98.9	99.2	
99.3	89.7	
98.9	89.7	
97.7	89.7	
99.3	89.7	
99.1	89.7	
99.3	89.7	
89.2	89.7	
68.8	79.6	
99.3	89.7	
99.1	88.3	
98.9	89.5	
79.1	89.5	
99.3	89.7	
99.3	89.5	
99.1	89.7	
99.3	89.7	
98.9	79.6	
99.3	89.7	
99.3	89.7	
99.3	89.7	
99.1	98.4	
99.3	89.7	
99.1	89.5	
89	89.5	
98.5	89.7	
99.3	89.5	
98.9	79.6	
99.3	99.4	
99.3	79.6	
99.1	89.7	
98.7	89.5	
99.1	99.4	
99.1	89.7	
89.2	89.1	
98.9	79.6	
98.9	89.7	
99.1	89.7	
89	89.7	
89.4	89.7	
99.3	89.7	
98.9	89.7	
99.3	89.7	
98.9	89.7	
79.3	89.7	
98.9	99.4	
99.1	79.6	
98.9	89.5	
99.1	89.7	
99.1	69.3	
98.9	89.7	
99.3	89.7	
99.1	89.7	
78.9	89.7	
99.3	89.7	
99.1	89.7	
99.3	79.4	
99.3	79.6	
99.3	89.5	
99.3	89.7	
99.3	89.5	
98.7	89.7	
99.3	89.7	
99.3	79.6	
99.1	89.7	
99.1	89.7	
89.4	98.8	
67.4	89.7	
88.4	79.4	
98.9	89.7	
98.9	89.7	
99.3	79.4	
99.1	89.7	
98.3	89.7	
99.3	89.7	
79.3	89.7	
98.9	89.5	
98.5	89.5	
99.3	89.7	
88.6	89.7	
99.1	89.7	
99.3	89.7	
99.3	89.7	
99.1	89.3	
98.9	89.7	
98.5	79.6	
99.3	89.3	
99.1	89.7	
98.9	89.7	
98.9	89.7	
99.3	89.5	
99.1	89.5	
99.3	89.7	
99.1	89.7	
98.5	89.7	
98.9	69.5	
99.3	89.3	
99.1	89.7	
99.3	89.5	
89.2	89.7	
99.3	99	
98.9	69.1	
99.1	79	
98.7	89.7	
99.3	79.6	
99.1	89.5	
98.9	89.7	
99.3	89.7	
99.3	69.5	
99.3	89.3	
99.3	89.7	
99.3	99.2	
98.9	89.7	
99.1	89.7	
99.3	89.7	
98.9	89.1	
99.3	89.7	
99.1	89.7	
98.9	89.7	
99.3	89.7	
99.1	89.1	
98.9	89.5	
89.2	89.7	
99.3	89.7	
98.9	89.5	
99.3	89.7	
78.9	89.7	
98.3	89.3	
98.5	89.7	
99.3	89.7	
99.3	89.7	
89.4	89.7	
99.3	69.5	
99.1	89.7	
98.9	89.7	
98.9	89.7	
99.3	89.5	
99.3	79.6	
99.3	89.7	
99.3	89.7	
98.9	89.7	
98.9	89.3	
99.1	89.5	
99.3	89.5	
98.9	89.7	
99.3	89.7	
99.1	89.7	
99.3	89.7	
99.1	99.4	
99.1	89.7	
99.1	89.5	
98.7	89.7	
98.9	89.7	
99.3	79.6	
99.1	79.6	
98.3	89.5	
98.9	89.7	
98.5	79.6	
88.4	89.7	
98.5	89.5	
99.1	89.7	
99.3	77.8	
99.3	88.9	
98.7	89.1	
98.7	89.7	
99.3	89.7	
99.3	79.6	
99.3	89.5	
99.3	89.7	
99.3	89.7	
99.3	69.1	
98.9	89.7	
99.3	89.7	
99.3	59.4	
99.3	89.7	
99.3	89.7	
98.9	89.5	
99.3	89.7	
99.3	89.7	
99.3	79.2	
99.1	89.7	
99.1	89.7	
99.3	79.4	
99.1	89.7	
99.1	89.7	
99.3	89.7	
99.1	89.7	
99.3	79	
97.5	89.5	
99.1	79.6	
99.3	79.4	
99.3	89.7	
99.3	79.2	
99.3	89.7	
99.3	89.3	
99.3	89.7	
98.7	89.7	
99.1	79.6	
98.9	89.7	
98.9	89.7	
99.3	89.5	
98.7	89.5	
99.1	89.7	
99.3	89.5	
98.9	79.6	
99.1	69.3	
99.3	79.6	
78.9	79.2	
98.9	79.2	
98.7	89.5	
87.8	79.6	
99.1	69.5	
98.5	88.9	
99.3	89.5	
99.3	89.1	
99.3	89.7	
99.1	89.7	
99.1	89.7	
99.3	89.7	
98.9	89.5	
98.7	79.2	
98.7	89.7	
99.1	79.6	
98.5	89.7	
89.4	79.4	
98.9	89.3	
99.1	79.2	
98.9	69.3	
99.1	89.7	
98.9	78.8	
98.7	89.5	
89.4	89.7	
99.1	89.5	
99.3	89.7	
99.1	89.7	
99.1	79.6	
99.3	79.6	
99.3	89.7	
99.1	89.7	
99.3	89.7	
98.3	89.7	
99.3	89.7	
98.9	89.7	
99.3	79.4	
99.1	89.5	
99.1	89.7	
99.1	89.7	
99.3	89.7	
99.3	69.1	
88.8	89.1	
99.3	89.7	
99.3	79.4	
89.4	89.5	
99.3	79.6	
99.1	89.7	
98.9	89.3	
89.4	89.7	
99.3	79.6	
99.1	69.3	
99.3	89.1	
99.1	79.4	
98.9	89.7	
89.2	89.5	
98.9	89.7	
88.6	89.7	
99.3	79.4	
98.9	89.5	
89	89.7	
99.1	88.9	
98.7	89.7	
89	89.7	
98.7	89.7	
99.3	89.5	
89.2	79.6	
99.3	79.4	
99.3	89.7	
99.1	89.5	
99.3	79.6	
88.8	89.5	
98.9	89.7	
88.8	89.5	
77.5	79.6	
98.3	89.5	
99.1	89.7	
99.3	89.3	
99.3	89.7	
99.3	89.1	
99.1	89.7	
99.3	89.1	
99.3	89.7	
98.7	89.5	
99.1	99	
98.5	89.7	
98.9	89.5	
99.3	89.7	
98.9	89.5	
99.1	89.7	
98.9	89.7	
99.1	79.4	
98.3	89.7	
99.3	89.7	
99.3	89.7	
99.1	89.7	
98.7	89.5	
99.3	79.4	
98.9	89.7	
99.1	89.7	
99.1	89.7	
99.3	89.7	
99.3	89.7	
99.3	89.7	
98.9	89.5	
98.9	89.7	
99.1	89.7	
98.9	89.7	
98.9	89.7	
98.9	89.7	
99.3	89.7	
99.3	89.7	
99.1	89.5	
99.1	89.7	
99.3	89.7	
99.3	89.7	
99.3	89.5	
99.3	89.7	
99.3	79.4	
99.1	89.7	
99.1	89.7	
99.1	89.7	
89	89.3	
99.3	79.4	
98.9	89.7	
98.9	89.7	
99.3	89.5	
98.9	89.7	
98.7	89.7	
99.1	89.5	
99.1	89.7	
99.3	89.7	
99.3	89.7	
99.1	69.5	
98.9	89.7	
99.3	89.7	
99.3	79.6	
99.1	79.2	
89.2	79.6	
99.3	89.7	
99.3	88.7	
99.3	89.5	
99.1	89.7	
98.9	89.7	
99.3	79	
99.3	79.6	
99.1	89.7	
99.3	79.6	
99.1	89.7	
99.3	89.7	
99.1	89.5	
99.1	78.6	
99.1	79.6	
99.3	89.7	
99.3	89.5	
98.9	89.7	
99.1	79.6	
98.9	89.7	
99.1	89.7	
99.1	89.3	
99.1	89.7	
99.1	89.5	
99.1	89.7	
99.3	89.7	
99.3	89.1	
98.3	89.3	
98.5	89.1	
99.1	89.7	
99.3	89.1	
99.1	79.6	
98.5	89.7	
89.4	89.5	
99.1	89.5	
99.1	89.7	
99.3	89.7	
99.1	89.3	
99.3	89.7	
99.1	49.1	
99.1	89.7	
98.9	89.7	
99.3	89.7	
99.3	79.6	
99.3	89.3	
98.5	79.6	
89.4	89.7	
99.3	88.9	
98.9	89.7	
98.9	89.7	
99.1	89.5	
99.3	89.7	
99.3	89.7	
99.3	89.3	
98.3	89.3	
99.3	89.3	
99.1	89.7	
99.1	69.1	
98.7	88.9	
98.9	89.5	
98.7	89.7	
99.3	89.7	
98.5	89.5	
99.1	79.6	
69.4	89.3	
99.3	89.7	
99.3	89.7	
98.9	89.5	
99.3	99.6	
99.3	89.1	
99.3	89.7	
99.3	89.3	
99.3	89.7	
99.3	79.6	
99.1	89.5	
98.5	79.6	
98.9	89.7	
99.1	89.7	
98.9	79.4	
98.9	89.5	
99.3	89.1	
98.7	89.7	
99.3	89.7	
99.3	89.5	
99.3	89.3	
98.9	89.7	
98.9	89.7	
98.9	59.2	
99.3	89.7	
99.1	98.8	
99.3	89.5	
99.3	89.7	
99.3	79.6	
99.1	89.7	
98.3	89.5	
98.5	69.3	
99.3	89.7	
99.3	89.7	
98.9	89.7	
99.1	89.5	
99.1	89.7	
99.3	89.5	
99.1	89.5	
99.3	89.7	
98.9	89.7	
98.3	79.4	
99.3	89.7	
99.1	79.2	
98.7	89.7	
98.1	89.7	
99.3	89.7	
99.3	69.3	
99.3	89.5	
99.3	89.5	
99.1	89.7	
98.5	89.7	
99.3	89.7	
99.1	89.5	
98.9	89.7	
99.3	79.2	
99.3	89.7	
99.1	89.5	
99.3	89.7	
98.9	99.4	
98.9	69.5	
99.3	69.3	
