81	89.5	
54.5	99.4	
81.2	89.5	
98.1	99.4	
77.7	99.6	
85	78.4	
98.3	97.6	
64.8	98.6	
98.1	89.7	
97.1	89.3	
98.7	95.8	
94.5	99.2	
88.9	79.4	
84.8	99.4	
96.7	78	
99.1	89.1	
98.5	79.6	
99.1	99	
98.3	99.4	
98.3	79.4	
98.7	98.8	
98.9	89.7	
97.7	99	
99.1	78.4	
84.8	79.2	
99.1	99	
98.3	99.2	
98.3	79.6	
98.7	98.8	
98.9	99.4	
77.1	89.5	
99.1	99.6	
98.3	97.8	
97.5	98.2	
96.5	99.6	
99.3	99.2	
88.4	99.2	
99.1	99.6	
99.1	95.8	
98.5	99.4	
98.9	98.8	
86.6	99.2	
98.3	99.2	
88.4	89.5	
97.7	99.4	
96.5	99.4	
65.2	89.5	
98.5	99.4	
97.9	99.4	
98.3	99	
98.3	98.6	
98.5	89.3	
97.9	99.4	
98.7	99.2	
98.9	98.6	
99.3	99.6	
88.8	99.2	
74.3	99.6	
88.6	89.3	
98.3	99	
98.1	89.7	
98.5	99.6	
99.1	99.2	
98.3	99.6	
99.1	78.8	
98.5	98.6	
88.6	88.1	
77.3	89.3	
87.2	99	
78.7	89.3	
99.1	99.2	
98.5	89.5	
99.1	89.1	
87.8	79.4	
98.1	79.4	
98.7	99.4	
88.4	98.2	
97.5	89.1	
99.3	79.6	
98.5	89.7	
88.8	89.3	
89	99	
98.5	99.2	
98.5	87.7	
64	99.4	
77.9	79	
98.5	89.7	
69.4	89.5	
98.7	99.6	
97.7	98.8	
99.3	99.6	
67.2	99.4	
98.7	98.4	
99.3	99.4	
98.7	99.4	
99.3	78.6	
78.5	89.7	
99.1	99	
98.1	79.2	
99.1	99.2	
99.1	99.2	
97.3	99.6	
98.7	99.2	
87.8	99.4	
98.7	99	
98.9	89.7	
97.5	99.6	
98.3	89.7	
98.9	89.7	
98.5	99.2	
99.1	89.7	
98.9	99.6	
99.1	88.5	
98.7	99.2	
98.9	97.4	
99.1	88.3	
87.8	79.4	
98.3	89.3	
98.5	89.3	
98.7	99.4	
98.7	99.6	
98.9	89.7	
98.7	89.7	
99.1	89.5	
99.1	89.5	
98.9	99.6	
89.2	98.8	
98.3	99.4	
97.9	88.3	
78.7	98.6	
96.9	68.3	
98.5	77.8	
98.7	99.4	
97.9	89.5	
78.5	89.7	
98.3	89.7	
87	99.6	
79.5	89.5	
98.9	88.9	
98.5	99.6	
98.7	89.7	
98.7	98.8	
98.7	89.7	
99.1	89.3	
98.7	89.5	
98.7	89.1	
98.9	89.7	
76.9	99.2	
98.3	88.5	
98.7	78.8	
77.3	99.4	
98.7	98.8	
88.8	68.5	
98.1	89.1	
88	98.2	
98.9	99.6	
98.5	99.6	
88.8	89.3	
99.1	89.5	
98.3	99.2	
61.8	78	
98.7	99.2	
98.9	99.4	
57.3	98.2	
99.3	99.6	
99.3	88.9	
98.5	88.9	
97.5	89.7	
96.3	87.9	
78.7	99.4	
69.2	99.2	
98.7	99.6	
59.1	99.2	
98.5	89.3	
99.3	99	
99.3	99.4	
68.6	88.9	
89.2	89.3	
98.3	99.6	
99.1	99.6	
88.6	89.1	
98.7	99.4	
98.9	99.4	
99.3	88.9	
98.1	99.4	
88.8	99.6	
98.9	99.6	
99.1	97.8	
98.7	99.2	
99.3	89.7	
98.7	99.2	
97.5	88.9	
97.9	99.6	
58.5	99	
98.7	99.6	
98.5	99.2	
78.7	89.7	
98.7	88.7	
97.5	89.3	
89.2	99.6	
88.4	99.6	
97.1	99.4	
99.1	89.7	
98.9	99.6	
98.1	99	
99.1	99.6	
97.9	98.8	
99.1	99.4	
98.7	89.5	
98.3	99.4	
85.6	99.2	
88.2	79.4	
86.2	99.6	
98.3	98.6	
98.3	99.6	
88	99.6	
99.3	89.1	
87.8	99	
98.9	89.3	
98.7	99.6	
98.7	88.7	
98.7	99.4	
89	99	
98.7	99.4	
97.9	89.7	
97.7	77.2	
89	79.6	
98.7	89.7	
98.7	99	
78.1	78.4	
96.5	89.5	
98.5	88.1	
98.5	78.6	
89	99.6	
68.6	99.6	
97.1	69.3	
98.1	89.5	
98.9	87.9	
89	79.2	
96.1	89.7	
78.5	89.3	
99.1	99.6	
99.1	99.6	
99.1	99.6	
88.6	99.4	
99.1	98.2	
89.2	89.3	
57.7	89.7	
98.5	99.4	
99.1	99.2	
79.1	89.7	
78.7	78.6	
98.7	99.4	
87.6	99	
99.1	99	
97.7	98	
98.9	99.6	
98.9	88.7	
98.5	57	
99.3	79.4	
89	99.4	
86.8	99.2	
99.1	89.5	
88.6	89.7	
87	99.6	
99.1	97.8	
98.7	88.9	
98.9	98.6	
78.5	99.4	
99.3	99	
98.9	99.6	
96.9	89.5	
98.3	99	
88.6	99.6	
97.7	98.8	
98.7	99.4	
98.9	99.2	
99.1	99.6	
98.9	89.1	
99.1	89.1	
98.7	99	
99.3	89.5	
98.5	99.6	
88.4	89.3	
98.5	97.8	
99.3	99.6	
99.3	99.6	
97.5	99.4	
98.1	98	
98.1	87.3	
97.3	78.8	
87.4	99.6	
88.6	99	
88	88.7	
98.1	99	
98.5	99	
67	99.4	
98.3	99.4	
99.3	99.4	
98.7	89.1	
67.2	89.3	
99.1	89.3	
98.3	99.4	
99.1	69.5	
98.7	99.4	
99.1	79.6	
98.7	98.6	
76.7	99.6	
98.3	99.2	
96.7	88.9	
66.2	99.6	
99.1	99.6	
97.5	99.6	
79.3	89.5	
98.1	89.5	
99.1	99.2	
77.1	99	
98.9	99.6	
99.1	99.6	
88.6	89.7	
99.3	89.7	
99.3	78.6	
98.9	99.2	
99.3	99.6	
69.2	99.6	
99.1	78.6	
77.1	79	
89.2	88.9	
28	99.6	
97.1	88.9	
87.8	78.8	
14.9	98.4	
87.8	99.6	
98.9	99	
98.9	89.7	
98.7	99.4	
99.1	99	
98.3	99.6	
99.3	99.2	
98.9	99.6	
77.9	99.6	
98.7	98.8	
98.5	99.6	
77.1	99.4	
99.3	99.6	
98.7	98	
98.7	88.5	
97.9	79.6	
98.5	99.6	
96.7	99.4	
97.7	99.4	
98.5	99	
97.9	89.7	
98.7	99	
99.1	99.2	
78.9	89.5	
98.1	99.2	
98.5	99.6	
89.2	98.2	
99.1	89.3	
98.5	99.6	
87.2	89.3	
88.6	99.4	
98.5	99.4	
99.1	99	
89	99.6	
97.7	89.1	
88.2	97.8	
78.7	98.6	
98.7	88.9	
89	99.6	
98.1	99.6	
98.7	89.1	
96.9	68.5	
97.9	89.3	
99.1	98.8	
98.7	99.6	
88.6	99.6	
98.5	99.6	
99.1	99.6	
98.3	99.6	
97.9	98.8	
98.9	99.6	
98.9	99.2	
88.4	99.4	
89.4	89.1	
98.5	89.7	
76.9	89.7	
98.7	98.2	
98.3	89.5	
96.5	68.9	
79.1	79.6	
79.3	89.1	
98.5	89.3	
98.7	89.5	
98.3	99.4	
87.6	89.7	
58.9	99.4	
98.7	78.8	
99.3	99.4	
98.1	88.1	
99.1	99.6	
99.3	89.7	
98.5	99.6	
98.9	99.6	
98.9	98.6	
99.3	79	
99.1	99.4	
97.7	99	
99.1	89.7	
99.1	99.4	
98.9	89.1	
98.9	79.2	
99.1	99.6	
98.7	99	
89	99.6	
98.9	98.4	
97.9	89.3	
99.3	78.8	
37.5	99.4	
97.9	89.7	
86.8	98.6	
98.5	79	
79.1	89.3	
97.7	99.2	
97.5	79.2	
96.9	58.8	
79.3	87.1	
88.4	89.7	
77.1	99.6	
89.2	99.2	
87.2	99	
78.9	99	
95.1	99.4	
79.1	69.3	
97.9	89.7	
99.1	99	
66.8	99	
68.2	99.6	
98.5	99.4	
78.7	88.7	
98.5	99.6	
98.9	99.4	
98.9	99.2	
99.1	89.3	
99.3	99.6	
78.5	99.4	
98.9	99.2	
98.9	88.7	
98.1	88.7	
99.3	99.2	
98.1	89.3	
98.5	89.3	
87	99.4	
98.3	89.7	
76.1	89.7	
99.1	99.2	
98.9	88.7	
99.1	79	
98.7	99.6	
89	98.6	
99.1	89.1	
99.1	78.6	
98.5	89.5	
98.1	89.7	
98.1	89.5	
88.6	79	
98.7	99.4	
69	79.2	
99.3	89.3	
75.5	99.6	
99.3	98.2	
78.3	99.2	
88	99.6	
28.4	89.1	
98.5	79.4	
98.7	89.3	
99.1	99.4	
98.7	39	
98.7	88.3	
68.8	89.3	
98.9	99.2	
98.7	99	
98.3	99.6	
99.1	58.2	
79.3	89.3	
98.9	99.6	
98.7	89.1	
78.7	99.4	
98.7	99.6	
97.7	99.6	
88.4	79.4	
87.8	99.2	
67.4	89.7	
78.3	99	
88	99.2	
99.3	89.5	
98.7	88.7	
88.2	89.1	
89.2	99.4	
