66	65.7	
30.3	88.7	
97.7	98	
58.3	99.4	
61.6	88.3	
77.5	89.5	
96.3	88.3	
94.5	79	
98.7	99.4	
87.6	97.8	
98.9	97.4	
98.5	89.5	
97.5	99.4	
75.8	99.2	
78.7	98.6	
94.7	77.8	
99.1	89.1	
74.5	96.6	
85.8	98.8	
75.1	95.6	
66.8	89.7	
79.5	99.6	
97.5	88.9	
97.5	98.2	
86.2	99.4	
98.7	99.6	
98.5	99.4	
34.9	79.2	
98.5	99	
97.9	45.1	
97.5	99.2	
76.1	99.6	
88.4	99.6	
93.7	78.6	
98.3	99.2	
97.5	99.6	
67	99.4	
95.7	89.1	
98.7	77.2	
97.3	99.2	
97.5	78	
98.3	89.1	
97.7	78.4	
78.7	69.3	
99.1	99.2	
99.1	69.1	
98.3	89.3	
83.4	99	
77.5	89.1	
96.5	89.7	
98.5	99.6	
97.7	99.6	
98.7	88.9	
98.7	99.4	
76.3	99.2	
97.9	96.4	
57.2	93.6	
99.1	99.2	
96.9	96.6	
98.5	97	
98.9	89.5	
98.7	89.1	
93.7	99.6	
97.7	89.1	
98.5	99.4	
97.9	88.9	
97.1	96.2	
98.7	99.6	
99.3	98.8	
97.3	86.5	
97.5	99.4	
98.1	68.7	
98.5	98.6	
97.9	98.2	
86.6	88.7	
99.1	99.4	
96.7	89.3	
84.4	99.2	
88	99.6	
98.5	99.4	
88.8	89.5	
97.5	78.2	
98.7	99.4	
98.7	99.6	
85.8	89.1	
98.1	89.1	
77.1	79.2	
98.1	98.4	
97.7	99.6	
98.9	99.4	
99.1	89.5	
98.1	89.3	
95.3	79.6	
98.7	89.7	
97.7	89.1	
97.9	99.4	
97.3	99.4	
99.3	89.5	
98.1	98.6	
98.3	99.6	
96.9	99.6	
89.2	89.7	
99.1	99.4	
97.7	99.6	
27.4	98.6	
87	88.5	
95.7	89.3	
97.3	98.6	
78.3	98.4	
97.7	99.6	
99.3	99.6	
98.9	88.9	
98.9	88.5	
95.3	99.4	
97.5	89.1	
87	98.6	
95.9	98.6	
86	99.2	
97.9	89.1	
98.1	89.1	
97.1	68.3	
97.7	99.4	
99.3	89.5	
77.7	98.6	
78.1	99.2	
98.3	99	
97.5	98.4	
95.1	99.2	
97.3	98.8	
96.1	99.4	
97.9	89.5	
98.7	99.4	
99.1	99.4	
98.7	78.8	
99.1	89.3	
87.8	98	
98.9	99.6	
96.1	99.4	
99.1	99.4	
98.9	99.4	
96.3	89.1	
97.5	99.2	
46.4	99.6	
98.5	87.9	
99.1	89.1	
97.7	99.4	
97.5	98.8	
98.9	99.4	
88	98.8	
98.7	87.9	
97.7	98.8	
78.7	98.2	
96.7	89.1	
98.7	99	
88.6	98.4	
96.3	89.1	
97.9	98.4	
98.5	99.4	
98.7	99.2	
98.1	99.6	
98.7	69.1	
58.7	88.7	
99.1	89.1	
98.9	79	
88.2	99.2	
98.9	99	
89.2	88.5	
96.7	78.8	
89	79.2	
96.1	88.7	
98.9	99.2	
99.3	99.6	
98.3	66.9	
97.9	98.4	
98.3	99.6	
98.5	98.2	
99.1	89.1	
99.3	98.6	
98.1	89.3	
94.9	99	
98.9	99.6	
98.7	97.2	
96.9	99.4	
98.5	98.8	
98.9	89.1	
97.7	89.7	
98.9	98.8	
56.7	99.2	
97.3	99	
98.1	79.4	
98.1	99.4	
99.1	89.3	
88.8	99.2	
97.5	99	
98.7	99.6	
98.3	99.6	
99.3	98.4	
98.7	99.6	
97.1	89.3	
97.5	89.3	
96.9	89.3	
88.4	99.4	
96.9	99.4	
85.8	98.8	
98.7	89.1	
98.3	96.6	
98.3	89.1	
99.3	65.9	
97.9	87.7	
98.9	99	
98.1	99.4	
98.7	89.7	
87.8	99	
98.7	99.4	
98.3	98.4	
97.9	88.1	
99.3	79.6	
98.7	99.4	
98.3	99.6	
88.6	99.4	
98.7	88.1	
98.5	99.6	
98.5	99.6	
75.5	99.4	
97.5	89.5	
96.3	99	
98.7	79	
99.1	69.1	
97.9	77.8	
98.5	99	
97.1	88.5	
98.7	99.6	
96.3	99.2	
98.5	99.4	
98.1	99.2	
97.9	99.4	
98.3	99	
98.7	99.6	
97.9	89.5	
99.1	99.2	
99.3	99	
98.7	98.4	
96.5	97.8	
99.1	98.2	
98.9	89.1	
98.5	99.2	
96.9	99.6	
88.2	99.6	
98.9	88.7	
97.7	99	
98.9	86.7	
98.9	89.5	
98.7	78	
98.7	89.5	
99.1	98.6	
97.3	88.9	
98.7	98.2	
84.8	89.3	
97.5	98.4	
98.7	99.2	
97.5	89.3	
97.9	89.7	
98.5	98.6	
97.7	78.6	
98.5	88.1	
98.5	89.3	
98.7	99.2	
97.3	99	
98.9	99.4	
98.5	99.4	
98.9	99	
98.5	88.3	
97.5	99.4	
79.3	89.1	
97.3	89.5	
99.1	88.7	
96.9	98.8	
98.5	99.4	
97.3	98.6	
97.7	89.3	
87.8	89.5	
76.9	78.6	
77.9	89.5	
97.5	98.8	
98.1	98.2	
88.6	99.6	
97.5	99.6	
99.3	98.4	
99.1	99	
45.6	99.2	
98.5	97.6	
98.7	98.6	
98.9	97.6	
87.6	88.9	
98.1	89.1	
98.5	89.1	
96.7	99.4	
88.8	99.6	
96.7	99.6	
98.9	99.4	
78.1	99.4	
88.6	99.6	
68.4	79	
98.5	88.5	
77.7	97.4	
96.5	99.2	
97.9	99	
97.5	99.6	
97.5	99	
98.5	99	
97.3	98.6	
99.1	89.3	
98.9	99.2	
98.7	99.6	
98.1	98.6	
84.2	98.6	
98.7	99	
78.5	97.8	
97.7	98.4	
98.9	98.6	
97.9	98.8	
99.1	99.2	
98.7	99.6	
97.9	98.4	
98.3	99	
98.3	99.6	
51.5	87.5	
98.3	99.2	
98.5	99	
98.9	99	
98.7	99.4	
27.2	98.6	
98.7	99.4	
97.5	88.3	
98.1	79.6	
97.9	98.8	
77.9	89.3	
25	99	
89.2	79.2	
98.5	98.8	
99.1	89.5	
98.7	99.2	
88.8	99.4	
98.1	99.6	
98.9	99.6	
97.1	99.2	
89.2	89.5	
88.8	88.3	
87.6	98	
95.9	88.9	
98.9	89.3	
97.3	78.2	
99.3	99.4	
78.9	89.7	
98.1	98	
64.6	99.2	
97.9	98.2	
98.5	98.8	
97.7	99.4	
98.3	98.4	
99.1	99.6	
65.6	89.3	
98.5	88.9	
97.9	99.2	
99.1	99.4	
98.5	99.2	
98.1	97.6	
78.9	99.2	
88	99.4	
98.5	89.5	
98.9	79	
99.3	99.2	
98.7	99.4	
97.9	99.4	
98.1	98.6	
98.9	88.5	
67.4	99.4	
99.1	79.6	
98.9	99.2	
94.7	77.2	
98.3	98	
99.1	99.2	
89.2	79.6	
98.5	89.5	
96.9	99.2	
96.5	99	
99.1	98.8	
98.9	89.3	
97.1	88.3	
87.6	78.2	
87	89.3	
99.3	99.4	
99.1	98.6	
98.7	89.3	
98.9	98.8	
98.9	98.8	
87.6	99.2	
98.9	99	
98.9	59.2	
98.3	88.7	
97.3	89.3	
99.1	99.2	
98.9	97.6	
97.7	99.4	
98.7	88.9	
97.5	89.3	
98.7	99.6	
98.7	89.5	
98.5	89.7	
99.3	99.2	
98.9	89.5	
86.6	97.2	
85.4	99.4	
98.5	88.5	
48.6	96.8	
98.3	99.6	
98.7	99.2	
98.5	98.8	
98.7	99.6	
98.9	99.4	
98.5	99.6	
87	99.4	
98.9	99.4	
98.5	99.4	
98.9	99.6	
99.1	89.1	
78.1	99.6	
98.9	87.3	
98.1	89.1	
98.7	99	
77.9	99.4	
98.9	99.4	
98.9	99.6	
99.3	88.1	
58.9	99.4	
78.3	97.8	
99.3	99.6	
98.9	67.3	
98.1	99.2	
98.7	98.4	
98.9	98	
98.7	88.5	
99.1	88.9	
99.1	99	
97.5	88.7	
98.9	98.8	
98.1	97.8	
99.1	89.3	
57.1	99.6	
99.1	99.4	
99.1	89.3	
99.3	99.6	
87.2	99	
99.3	88.7	
99.1	99.6	
88.2	99	
56.3	88.7	
99.3	89.7	
98.9	68.5	
98.7	89.3	
98.9	99.2	
98.7	99	
99.1	99.2	
98.7	99	
97.5	98.8	
98.7	99.6	
98.7	77.2	
97.5	98.2	
99.1	78.4	
98.7	97.8	
97.9	89.5	
89	68.1	
97.5	98	
98.9	98.8	
96.7	99.6	
97.3	98.2	
99.1	89.5	
89.4	89.5	
97.5	88.7	
98.1	99.2	
97.7	99.4	
57.8	89.5	
95.5	99.6	
98.9	99.4	
66	99	
99.1	89.5	
98.9	89.1	
98.7	99.6	
88.8	98.4	
98.3	99.4	
88.8	99.4	
98.7	99	
97.7	98.8	
98.7	99.2	
97.7	99.2	
98.7	97.4	
98.5	99.2	
98.5	99.4	
97.5	99.2	
98.3	99.2	
