63.4	99.4	
97.5	89.7	
78	93	
99.1	99.6	
86.6	99.4	
96.9	99.4	
95.3	99	
98.1	99.6	
95.9	99.6	
97.7	99.4	
98.7	99.6	
98.9	99.6	
99.3	89.3	
98.5	99.6	
99.3	99.6	
98.9	99.4	
99.3	89.5	
99.3	99.4	
99.1	99.4	
99.1	89.3	
98.7	99.6	
99.3	99.6	
98.9	99.6	
98.9	99.6	
98.7	99.2	
99.1	99.4	
99.1	99.2	
99.3	99.4	
98.9	99.6	
99.1	99.4	
99.1	99.6	
99.1	99.6	
98.7	99.6	
99.3	99.6	
99.3	99.6	
97.3	99.6	
99.3	99.6	
98.3	99.2	
99.3	99.4	
99.3	99.6	
98.3	99.6	
99.3	89.7	
99.3	99.4	
99.3	99.2	
98.9	99.6	
99.1	99.6	
99.1	99.6	
99.1	99.6	
99.3	99.6	
98.9	99.6	
99.3	99.4	
99.1	99.6	
99.3	99.6	
99.1	99.4	
98.1	99.6	
99.3	99.4	
98.5	99.6	
99.1	99.2	
98.9	99.6	
99.3	99.6	
98.9	99.6	
98.9	99.6	
99.1	99.2	
99.3	89.7	
99.3	99.2	
99.1	99	
99.1	99.6	
99.3	99.6	
99.3	99.6	
88.4	99.6	
99.1	99.6	
98.9	89.5	
98.9	89.5	
99.3	99.2	
99.1	99	
98.9	89.5	
99.3	99.6	
98.7	99.4	
99.3	99.6	
98.3	99.6	
98.9	99.6	
99.3	99	
99.3	99.4	
99.1	99.4	
99.1	99.6	
99.1	99.6	
97.7	99.6	
98.5	99.6	
98.7	99.4	
79.3	98.6	
99.3	99.2	
99.1	99.6	
97.7	89.3	
99.3	99.2	
99.3	99.4	
98.9	99.6	
99.3	99.4	
99.3	99.2	
99.1	89.7	
99.1	99.4	
98.7	99.6	
99.3	99.6	
98.9	99.6	
98.3	99.6	
98.7	99.4	
98.9	99.6	
98.7	99.2	
99.1	99.6	
99.3	99.2	
99.3	99.4	
99.3	99.6	
99.3	99.6	
98.5	99.4	
99.1	89.3	
98.7	99.4	
99.1	89.3	
99.3	99.4	
99.3	89.1	
98.9	99.4	
98.7	99.6	
98.5	99.6	
99.1	99.6	
99.3	99.4	
88.8	99.6	
98.5	99.4	
98.9	99.6	
87.6	89.3	
99.1	99.2	
99.3	99.4	
98.1	89.3	
98.7	99.4	
99.1	99.6	
99.3	99.4	
99.3	99.6	
98.1	99.6	
98.9	99.6	
99.1	99.6	
99.3	99.6	
98.7	99.6	
99.3	99.6	
99.3	89.5	
99.1	99.6	
98.5	99.6	
99.1	99.6	
99.1	99.6	
97.7	99.6	
98.7	99.6	
99.1	99.6	
99.1	99.6	
99.3	99.4	
99.3	99.6	
98.5	99.6	
99.1	99.6	
99.3	99.6	
98.5	99.4	
99.3	99.6	
99.1	99.6	
98.9	99	
99.3	99.6	
99.1	99.6	
99.3	99.6	
99.1	99.6	
99.3	99	
98.9	89.7	
99.1	99.2	
99.1	99.4	
99.3	99.4	
99.3	99.6	
99.1	99.6	
98.9	99.4	
98.3	99.6	
98.7	89.5	
97.9	99.6	
99.1	99.6	
99.1	99.6	
98.7	99.6	
98.9	99.6	
97.5	99.6	
98.9	99.6	
99.1	99.6	
98.7	99.2	
99.1	99.6	
98.9	99.6	
99.1	99.6	
98.9	99.6	
98.9	99.6	
99.1	99.6	
89.4	89.3	
98.5	89.5	
99.3	99.4	
99.1	89.7	
99.1	99.6	
99.3	99.6	
99.1	99.6	
87.2	99.6	
99.3	99.6	
99.3	99.6	
99.3	99.6	
99.3	99.6	
99.1	99.6	
99.3	99.6	
99.1	99.6	
99.1	89.7	
98.7	99.2	
99.3	99.6	
99.3	99.6	
99.3	99	
99.3	89.7	
89.2	99.6	
99.3	99.2	
99.3	99.6	
98.9	89.7	
98.9	89.1	
99.3	99	
98.7	99.4	
99.3	89.5	
98.3	99.6	
99.3	89.5	
98.9	99.6	
99.3	99.6	
88.8	99.2	
99.1	99.6	
99.3	99.4	
99.3	99.6	
99.3	89.7	
99.3	99.6	
99.3	99.2	
99.1	99.6	
99.3	99.6	
99.3	99.6	
98.7	89.5	
99.1	99.6	
99.3	99.4	
98.9	89.5	
99.1	99.2	
88.6	79.4	
98.7	99.4	
98.9	99.6	
99.3	99.6	
98.9	99.4	
89	99.6	
99.1	99.2	
98.9	99.4	
99.1	99.4	
99.3	99.6	
99.1	99.6	
99.1	99.6	
99.3	99.6	
98.7	99.6	
99.1	99.6	
99.3	99.6	
99.1	99.6	
98.7	79.6	
99.1	99.6	
99.1	99.6	
99.3	99.6	
99.1	99.6	
99.3	99.6	
99.3	99.4	
99.1	99.6	
98.9	89.5	
99.3	89.7	
99.3	99.6	
99.3	99.6	
99.1	99.2	
99.1	99.6	
98.9	99.6	
99.3	99.4	
99.3	99.6	
98.9	99.6	
99.3	99.4	
98.9	99.4	
99.1	99.6	
98.7	99.6	
99.3	99.2	
99.3	99.4	
99.3	99.6	
99.3	99.4	
98.7	99.6	
99.3	99.6	
99.3	99.4	
99.1	89.5	
99.3	99.4	
98.7	99.6	
99.3	99.2	
99.3	99.4	
99.3	89.3	
99.3	99.6	
99.3	89.7	
99.3	99.2	
99.3	99.6	
98.9	99.6	
99.3	99.6	
99.3	99.6	
99.3	89.5	
99.3	99.6	
99.1	99.2	
99.3	99.4	
99.3	99.6	
98.9	99.4	
99.3	89.7	
99.1	89.7	
99.1	99.6	
99.3	89.1	
98.7	99.4	
99.3	99.6	
99.1	99.6	
99.3	99.6	
99.3	99.6	
99.1	89.7	
98.7	89.7	
77.1	99.6	
99.3	99.4	
78.1	99.6	
99.1	99.2	
99.3	98.6	
99.1	99.6	
99.3	99.6	
98.7	99.4	
99.1	99.4	
99.3	99.6	
98.5	99.4	
99.3	99.6	
98.7	79.4	
99.1	99.6	
98.5	99.6	
98.5	99.4	
98.1	99.4	
99.1	99.4	
98.9	99.6	
99.1	99.2	
98.7	89.5	
99.1	99.2	
99.1	89.5	
99.1	99	
98.9	99.6	
99.1	99.6	
98.5	99.4	
98.7	99.6	
98.7	99.6	
99.1	99.6	
98.9	99.6	
98.9	99.6	
99.3	99.4	
99.3	89.5	
99.1	99.6	
88	99.6	
99.1	99.2	
98.9	99	
99.3	99.4	
89.2	99.6	
99.1	99.6	
99.1	99.6	
99.3	99.6	
99.1	99.4	
99.3	99.6	
99.3	99.4	
99.3	99.4	
99.3	89.5	
98.9	99.2	
98.7	99.4	
99.1	99.4	
98.5	99.4	
99.3	99.6	
99.3	99.6	
98.9	99.6	
99.3	99.6	
78.9	99.4	
99.3	99.6	
99.1	99.6	
89.4	99.6	
99.3	99.6	
99.1	99.4	
99.3	89.7	
99.1	99.6	
99.1	98.2	
99.3	99.4	
98.5	99.4	
99.3	99.4	
99.1	99.6	
88.2	99.4	
98.3	99.4	
98.7	99	
98.9	89.5	
99.1	99.2	
99.3	99.2	
99.3	99.4	
98.9	99.6	
99.3	99.6	
98.9	99.6	
68	99.6	
99.3	99.6	
99.3	99.6	
99.3	99.6	
99.1	99.6	
99.1	99.4	
99.3	89.1	
98.9	99.6	
99.1	99.6	
99.3	99.6	
99.1	99.6	
99.1	89.3	
99.3	99.6	
99.3	89.7	
99.3	89.5	
98.9	89.7	
98.9	99.6	
99.1	99.6	
99.3	99.4	
98.9	99.6	
99.3	99.4	
98.9	89.5	
99.3	89.5	
99.3	99.4	
99.3	99.6	
99.3	99.6	
98.9	89.7	
99.1	99.6	
99.3	99.6	
99.1	99.4	
99.1	99.6	
99.3	99.6	
99.1	99.4	
99.3	99.6	
99.3	99.2	
99.1	99.6	
99.3	99.6	
98.7	99.6	
99.1	99.6	
97.9	99.6	
99.1	99.6	
98.7	99.6	
98.1	89.7	
99.1	89.7	
98.9	99.4	
99.1	79.2	
98.7	89.7	
99.3	99.4	
99.3	89.5	
99.1	89.5	
99.3	89.1	
99.3	99.6	
98.1	89.7	
99.3	99.6	
99.1	99.4	
99.1	99.6	
99.1	89.5	
99.3	79.6	
99.3	89.7	
99.3	89.5	
98.9	99.6	
99.3	99.6	
99.3	89.5	
98.1	89.7	
99.3	89.7	
98.7	89.5	
99.1	99.4	
99.1	99.6	
99.3	99.4	
99.3	99.6	
99.1	99.6	
98.9	99.6	
89.2	99.4	
99.3	99.6	
89	99.4	
99.1	99.6	
98.7	89.7	
98.9	99.4	
99.1	99.6	
99.1	89.7	
99.1	89.7	
99.1	89.7	
98.9	99.6	
99.3	99.6	
99.3	99.6	
99.3	99.6	
98.5	99.2	
99.1	99.6	
98.3	99.6	
99.3	99.4	
98.9	99.6	
99.1	99.6	
98.7	89.3	
99.3	99.2	
99.1	99.2	
98.5	89.7	
98.7	99.2	
98.9	79.6	
99.1	89.5	
99.1	89.7	
98.7	89.5	
99.3	99.2	
99.1	99.2	
99.3	99.4	
99.3	99.2	
99.1	99.4	
99.1	99.6	
99.1	99.6	
99.3	99.6	
98.9	89.7	
