55.5	98	
-1.2	86.9	
49.3	99.6	
87.8	99	
65.8	98.4	
91.5	96.8	
98.9	98.6	
97.9	96.2	
73.9	98.4	
76.7	89.1	
97.7	99.4	
99.1	98.4	
99.1	99.6	
97.9	97.6	
76.7	99.2	
99.3	89.3	
96.3	89.1	
92.9	99.2	
98.5	96.6	
87.2	97.8	
75.3	89.7	
98.9	89.5	
98.3	99.4	
97.1	48.1	
97.7	89.3	
98.5	78.4	
95.3	89.1	
88.2	79.2	
87.4	99.2	
97.9	79.2	
98.7	88.7	
98.5	98.2	
99.1	79.4	
97.3	78.8	
89.4	77.4	
96.1	99.4	
98.1	99.2	
98.7	99.6	
85.2	79	
56.3	67.9	
77.7	99.4	
67.8	97.6	
97.9	59	
98.5	89.5	
97.9	98.8	
99.1	98.8	
80.8	88.5	
95.9	97	
88.6	99	
98.1	99	
97.7	98.4	
99.1	88.9	
77.3	99.2	
78.9	99	
68.8	98.2	
98.5	89.1	
98.7	89.3	
97.7	98.6	
98.5	99.6	
98.5	98.8	
98.7	79.6	
99.3	99.6	
98.9	88.9	
99.1	99.4	
38.1	88.7	
99.1	96.6	
96.9	68.1	
98.9	99.6	
86.6	97.8	
97.9	98.6	
-17.6	77.8	
97.1	89.1	
98.1	97.8	
99.3	78.6	
97.5	99.4	
99.3	87.9	
98.5	97.4	
98.5	89.7	
98.1	98.8	
97.9	77.6	
97.3	99	
98.5	75.4	
59.1	88.9	
99.1	88.5	
98.1	79.6	
36.1	99.4	
88.8	98.6	
97.9	68.5	
98.1	79.4	
77.7	99.4	
99.1	89.5	
98.5	89.3	
87.6	89.5	
97.5	89.5	
88.8	99	
97.5	96	
98.9	99.4	
87.4	99.6	
99.3	99.4	
95.5	89.1	
13.3	88.1	
66.4	98.2	
98.7	89.5	
68.4	97.8	
97.5	98.2	
98.1	99.4	
98.3	99.2	
87.4	88.7	
97.9	99.6	
98.3	98.6	
98.7	77.8	
99.1	79.2	
78.7	79.6	
98.9	79.4	
98.7	99.4	
99.3	99.4	
97.9	89.3	
97.9	99	
26.6	88.7	
98.5	89.1	
96.7	99.4	
48.8	99.2	
89.2	87.7	
76.7	79	
77.3	98.8	
55.7	56.8	
89.2	99.2	
98.5	99.4	
88.2	99.2	
11.1	88.9	
76.3	99.4	
98.7	88.7	
97.1	88.5	
98.5	86.9	
88.4	99.2	
99.1	69.1	
78.7	89.7	
98.3	99	
99.1	98	
79.1	99.2	
87	98.8	
86.6	99.6	
83.8	99	
85.4	99.6	
97.1	99.2	
88.4	89.3	
78.5	99.6	
97.5	99.6	
98.5	99	
98.7	89.1	
87.6	88.9	
94.9	89.3	
97.3	98.8	
98.9	89.5	
99.1	97.6	
98.9	97.8	
99.3	89.3	
98.7	98.6	
98.9	79.4	
77.3	89.3	
96.7	58.2	
73.1	95.8	
97.3	78.6	
98.9	78.4	
98.5	98.2	
95.5	99.2	
78.5	88.7	
98.7	89.5	
99.1	88.1	
86.6	89.5	
98.7	75.8	
98.1	99.6	
97.7	89.3	
99.3	99.6	
76.9	88.9	
98.3	98.2	
94.7	89.1	
87.4	99.6	
88.2	99.6	
88.4	99.4	
98.1	99.6	
95.5	99.4	
47.8	89.3	
98.7	89.3	
28.4	88.3	
98.9	89.5	
97.5	99.2	
98.3	99.6	
96.3	99.6	
87.4	79	
98.7	88.5	
89	99.2	
99.1	98	
98.9	79.6	
99.3	98.2	
97.7	89.5	
89	99.4	
98.1	37.4	
97.1	99	
57.3	89.3	
98.9	99.6	
65.8	98.4	
96.9	99.4	
98.1	99.4	
99.1	88.9	
98.5	99	
88	99.2	
98.3	98.8	
98.5	99.4	
97.9	76.2	
88	88.3	
85.8	89.7	
78.5	89.7	
88	79.4	
97.5	98.8	
65.8	98.6	
68.8	89.3	
65.8	88.7	
97.3	87.9	
98.5	99.2	
85.6	89.5	
79.3	98.8	
98.1	96.6	
96.5	99.2	
71.3	97.8	
96.7	68.7	
98.7	87.5	
98.5	79.2	
88.8	88.7	
96.9	78.2	
88.8	99.2	
99.1	89.1	
97.9	98.2	
98.5	99	
97.7	99.4	
87.4	99.4	
98.9	99	
64	99.4	
97.9	77.2	
98.9	88.9	
99.1	97.6	
96.3	99	
88.4	98.4	
98.9	89.3	
89	98.2	
68.8	98.4	
96.5	99.6	
95.9	88.7	
98.7	99.2	
98.9	99.4	
98.7	99.6	
77.3	88.3	
97.9	79.6	
98.9	98.8	
97.3	88.5	
89	88.5	
98.5	98.8	
98.9	89.1	
99.3	89.1	
88.8	89.1	
97.7	98.6	
96.9	56.2	
79.3	79.4	
78.5	89.3	
97.7	99.2	
99.1	98.6	
79.3	99.6	
98.9	99.2	
89.4	69.3	
57.9	89.5	
97.9	88.7	
98.5	89.1	
58.7	99	
98.7	98.6	
87.2	88.3	
97.9	98.2	
69	99.4	
47.8	99.2	
68.4	99.6	
99.1	98.2	
98.7	99.4	
98.9	68.5	
98.1	98.4	
98.9	97.4	
98.3	99.2	
98.1	89.5	
97.1	89.3	
88.2	99.4	
95.9	79	
98.5	79.2	
88.8	78.6	
66.8	89.1	
98.9	98.4	
98.7	88.7	
87.8	88.5	
98.5	89.1	
97.1	99.2	
98.7	86.9	
98.9	97	
97.7	99.4	
74.5	89.5	
99.3	78.8	
98.7	88.9	
98.3	99.6	
98.7	97.2	
96.7	88.5	
78.5	99.4	
88.4	89.3	
99.3	98.8	
65.4	98	
99.3	98.6	
88.8	99.6	
98.7	99.4	
98.1	88.7	
98.3	99.4	
89.2	88.5	
78.7	89.3	
98.3	99.2	
97.7	99.4	
67.8	98.2	
98.1	99	
87.4	78.4	
97.5	98.6	
98.7	99	
98.3	98.6	
98.5	99.6	
57.9	98	
94.7	99.4	
99.1	89.1	
99.3	57.8	
47	89.1	
98.7	88.5	
68	89.7	
99.1	99.2	
64.6	99.4	
98.5	89.7	
75.1	98.8	
97.5	99	
98.9	88.3	
68.2	99	
95.9	99.2	
98.9	89.5	
78.9	79	
98.7	99.4	
98.7	88.9	
97.3	99.6	
14.1	99.6	
98.7	88.9	
98.7	88.5	
98.9	99.6	
98.5	78.2	
78.1	77.4	
96.7	88.9	
97.3	99.4	
89.2	78.8	
66.4	98.6	
26.2	79	
95.1	98.8	
97.3	98.6	
88.4	89.5	
98.7	99.2	
89.2	88.1	
98.5	99.6	
77.7	99	
98.5	99.4	
99.1	99.4	
99.1	99	
89	78.8	
98.5	99.2	
98.3	99.2	
98.5	89.1	
98.3	89.1	
95.5	99.6	
87	99.4	
98.1	98.6	
96.9	98.8	
98.3	89.3	
98.3	99.6	
97.9	99.2	
99.3	99.2	
98.3	98.8	
68.6	99.6	
72.1	89.3	
97.9	99.4	
85.8	99.2	
99.1	89.3	
96.7	99.6	
77.3	99.6	
98.9	88.9	
87.8	78.2	
98.7	87.5	
78.3	89.5	
88.2	99.6	
55.7	88.7	
98.7	89.5	
79.1	89.5	
98.1	99	
89	79	
79.3	99.4	
77.7	99	
77.9	99.4	
88.6	99.6	
98.7	89.1	
69.2	89.7	
99.1	89.5	
78.5	99.4	
98.9	87.9	
75.7	89.3	
99.3	79.4	
98.3	89.1	
99.3	79.6	
98.9	38.6	
78.5	99.4	
98.7	88.1	
96.9	99.6	
96.3	78.8	
88.6	99.4	
99.3	99.4	
76.5	67.5	
88.4	98.6	
76.1	99	
78.5	98.4	
89.4	97	
98.9	89.3	
96.9	99.4	
88.2	89.7	
98.5	99.6	
98.5	99	
99.1	97	
8.2	89.5	
98.5	89.3	
87	99.6	
93.1	98.8	
78.3	69.5	
97.9	98.4	
89.2	99.6	
79.5	98.8	
98.1	79.2	
97.7	99.6	
88.8	96.8	
98.1	88.9	
88.8	99.2	
89	87.7	
99.1	98.6	
86.2	98.8	
99.3	99	
69	99.6	
97.9	79.2	
96.7	99.2	
84.2	87.9	
99.3	99.2	
88.2	89.5	
89.2	78.8	
78.9	98.8	
98.5	99	
84.4	57.8	
99.1	88.3	
98.1	97.6	
97.7	88.7	
98.9	89.7	
97.9	87.3	
97.3	99.4	
99.1	89.7	
89	89.5	
78.1	89.1	
97.3	99	
88	97.8	
98.3	67.7	
98.7	99	
98.3	89.7	
67.2	88.9	
98.9	79.4	
99.1	99.4	
98.3	79.6	
37.9	88.5	
78.1	99.6	
79.1	98.4	
87.8	89.3	
98.9	99	
98.1	79.4	
79.1	89.1	
66.8	99.2	
75.9	99	
95.7	98.6	
47.8	99.2	
99.1	78.2	
97.7	79	
99.3	99	
99.1	97	
98.5	89.5	
76.3	87.9	
98.7	89.7	
64	79.6	
47.8	99.4	
95.9	98.6	
98.7	99.2	
97.9	89.7	
57.5	89.7	
88.8	79.4	
98.5	96.6	
