-99.3	89.7	
89	89.5	
84.8	89.7	
82	83.7	
61	89.7	
97.3	68.7	
49.9	88.3	
97.3	88.9	
99.1	89.7	
97.3	99.2	
92.1	98.8	
76.7	99.6	
98.3	99.2	
84	99.6	
88.2	79.6	
99.1	86.7	
97.7	99.4	
96.5	99.6	
98.9	79.2	
96.3	99.4	
98.7	88.1	
94.9	99	
98.7	89.5	
75.7	89.7	
99.3	89.1	
97.1	89.7	
97.7	99.6	
99.1	89.3	
57.7	89.7	
97.9	99	
96.7	89.7	
97.1	89.3	
98.7	79.6	
98.1	88.5	
97.3	99.4	
87.8	99.4	
95.3	99.6	
78.7	89.5	
99.3	99.6	
99.1	99.4	
87.2	89.7	
97.3	79.2	
97.9	99.2	
97.3	99.2	
99.3	99.2	
99.3	99.4	
99.3	99.6	
98.1	99.4	
99.3	88.1	
97.9	99	
76.3	99.4	
98.5	89.3	
97.1	97.6	
99.1	99.6	
99.3	98.6	
98.9	99.2	
61.2	89.7	
99.1	99.4	
99.3	98.4	
98.7	89.3	
87.4	99.6	
97.3	99.2	
68.8	99.4	
98.5	89.3	
99.1	99.4	
98.7	99.6	
97.7	99.4	
99.1	99.6	
68.6	99.6	
98.9	99.6	
97.3	99.6	
98.9	99.6	
98.9	99.4	
88	79.3	
97.1	89.1	
99.3	99.6	
78.5	99.6	
97.7	96.2	
88.6	99.4	
97.9	98.8	
98.3	99.4	
87	99.6	
99.1	79.4	
98.7	99.2	
99.1	99.6	
89	99.4	
98.3	98.8	
57.9	99.6	
97.9	75.6	
98.9	97.4	
88.6	99.2	
97.7	99.6	
98.1	99.6	
78.7	99.6	
98.9	99.6	
98.9	89.5	
98.5	97.4	
99.1	99.4	
99.1	98.2	
99.1	99	
98.7	99.4	
99.1	99.6	
98.7	99.2	
99.3	79	
98.3	99.4	
99.3	99.6	
98.7	94.4	
98.7	89.1	
99.1	99.2	
98.7	99.4	
98.9	89.5	
98.3	99.6	
98.3	99.6	
98.9	99.4	
99.1	99.2	
98.3	99.6	
98.9	99.6	
98.5	88.5	
98.1	99.4	
99.1	88.7	
98.9	99.2	
98.7	99.2	
99.1	89.5	
98.5	99.6	
99.1	88.3	
99.3	99.4	
97.5	99.4	
99.1	89.5	
99.1	99	
98.7	89.3	
98.9	97.8	
98.7	88.9	
98.9	99.6	
78.3	89.7	
99.3	99.6	
98.7	99.4	
97.7	99	
99.3	99.6	
99.3	99.6	
68.8	89.1	
98.9	79.6	
99.3	99.2	
99.3	99.2	
98.7	99.6	
99.3	89.1	
99.3	98.8	
98.3	89.3	
99.1	99.4	
99.3	99.6	
99.3	99.4	
97.1	98.2	
98.7	89.3	
99.3	99	
99.3	89.5	
98.9	99.6	
98.9	89.7	
98.3	99	
99.1	99.6	
97.7	99.6	
98.7	98.8	
98.9	89.5	
99.3	99.6	
99.3	99.6	
98.5	99.4	
97.9	88.9	
99.3	99.6	
99.1	99	
98.5	99.4	
98.3	99.4	
99.1	99	
79.1	98.8	
98.7	89.7	
99.3	99.6	
99.1	99.4	
99.3	89.7	
98.7	99.6	
98.9	89.3	
98.5	99.4	
99.1	99.4	
99.3	88.7	
97.9	99.6	
98.9	99.2	
99.1	99	
98.7	99.6	
99.1	79	
99.1	99.6	
99.1	99.4	
98.3	98.8	
98.9	89.1	
78.9	99.6	
98.1	99.6	
98.9	99.2	
99.1	89.1	
99.1	99.2	
98.5	99.6	
99.1	99.6	
99.1	99.6	
97.9	98.8	
99.1	99.4	
99.3	99.4	
99.3	99.6	
98.9	99.6	
97.9	99	
98.3	99.2	
98.7	89.3	
98.9	89.3	
99.3	99.2	
97.9	89.3	
98.9	99.6	
99.1	98.2	
98.9	99.6	
98.1	89.7	
98.9	99.6	
97.9	99.4	
98.3	99.6	
98.9	98.2	
98.7	99.2	
97.3	89.3	
87.4	98	
99.1	88.1	
98.7	89.5	
56.3	89.5	
99.3	99.6	
99.1	98.2	
99.1	99.6	
98.5	99.4	
98.7	99.4	
98.5	98.8	
99.3	99.6	
98.1	89.1	
96.9	99.2	
98.7	88.5	
98.5	99	
97.7	99.4	
98.9	99.4	
98.3	99.6	
98.7	98.8	
98.3	99	
98.9	99.4	
98.9	99.4	
98.3	99.6	
98.5	98.6	
97.1	99.4	
98.5	99.4	
98.9	89.7	
99.3	89.7	
98.9	79.4	
79.1	89.3	
98.7	99.6	
98.9	99.4	
98.3	89.7	
98.1	99.6	
98.5	99.2	
98.5	88.5	
98.5	99.4	
99.3	69.1	
98.3	99.6	
98.5	89.7	
98.3	99.6	
99.3	99.4	
99.3	98.8	
98.9	89.3	
99.1	99.2	
88.6	99.2	
88.4	99.6	
98.5	99	
99.3	98.8	
98.9	99.2	
98.5	89.3	
99.1	89.3	
99.3	99.6	
99.1	99	
98.7	99.4	
99.1	98.8	
98.5	99.6	
99.1	99.2	
99.3	99.6	
98.7	99	
99.1	89.5	
88.8	88.9	
98.7	89.1	
99.1	79.6	
98.3	99.4	
98.7	99.2	
98.9	99	
99.3	98.4	
99.3	99.6	
97.9	99.6	
99.3	99.6	
99.3	99.6	
99.1	99.2	
97.7	89.5	
97.3	99.2	
98.1	99.4	
99.3	99.4	
97.5	99.4	
89.4	89.1	
98.3	99	
99.1	99.6	
98.7	89.5	
98.5	79.4	
99.3	89.1	
98.7	98.2	
98.7	99.6	
79.1	99.4	
98.9	99.6	
99.1	99.6	
69	99	
77.5	88.9	
99.1	89.3	
98.5	99	
98.7	99.4	
97.3	99.2	
99.3	99.4	
98.7	89.5	
98.9	98.8	
89.2	98.8	
98.7	79.4	
98.9	99.6	
87.4	88.9	
98.7	89.3	
99.1	99.4	
68.6	89.7	
96.9	99.6	
98.9	89.5	
98.5	88.9	
98.9	99.6	
97.7	99.6	
98.3	99.6	
98.1	99	
88	89.3	
99.1	99.2	
78.5	97.6	
97.5	99.4	
97.7	99.6	
98.1	69.3	
98.1	99.2	
98.7	99	
98.3	99	
86.6	88.9	
96.9	99	
98.3	99.6	
99.3	99.2	
99.3	99.4	
99.1	98.4	
99.3	99.4	
98.5	99.6	
88.4	99.6	
98.9	89.5	
98.3	98.2	
98.9	99.6	
88.8	99.6	
88.8	99.2	
89	99.4	
98.3	99.2	
98.3	99.4	
98.5	99.6	
98.9	98.2	
89.2	99.2	
99.3	99.4	
99.1	89.7	
99.1	99.4	
98.7	88.9	
99.1	99.6	
99.1	98.8	
89.2	68.9	
97.7	79.2	
98.7	89.7	
98.7	99.4	
98.3	98.8	
88	89.5	
99.1	99.6	
98.9	89.1	
99.1	99	
98.9	99.6	
99.1	78.6	
89.2	99.4	
97.3	99.2	
98.9	99.4	
99.1	99.4	
99.1	99.4	
99.1	99.2	
98.3	88.7	
69	89.3	
98.9	99.4	
98.9	69.3	
88.6	89.1	
98.9	99.4	
98.9	98.8	
99.1	99.4	
99.1	79.4	
98.5	99	
89.2	79.4	
98.5	78.6	
97.7	89.3	
99.3	99.4	
99.3	99.6	
99.1	99.4	
99.3	99.4	
99.1	99.2	
98.1	99.2	
88.8	99	
99.3	99.4	
99.1	99.4	
98.9	99.6	
98.7	89.5	
99.1	88.7	
99.1	89.5	
98.7	99.6	
99.1	99	
98.7	88.7	
98.7	98.2	
88.6	89.5	
87.8	99.4	
99.1	89.5	
78.3	99.6	
99.3	99.2	
98.7	99.4	
98.7	99.2	
99.1	89.7	
99.1	99	
77.3	99.4	
98.5	99.6	
89	79.2	
89	98.8	
99.3	88.9	
98.9	98.6	
99.3	99.4	
99.3	99.2	
99.3	97.8	
76.1	89.3	
98.7	99.4	
88	89.7	
99.3	89.3	
99.3	97.8	
98.9	99.6	
99.1	99.6	
98.7	99.6	
99.1	99.6	
88.4	99.6	
99.3	88.9	
98.9	99.4	
97.9	99.4	
88.2	98	
99.3	99.6	
98.9	99	
97.9	99.4	
98.9	89.5	
88.2	99.6	
99.3	99.4	
98.9	89.5	
99.3	99.2	
99.3	98.8	
98.9	99.2	
58.3	89.5	
98.9	99.4	
98.9	98.4	
98.9	98.2	
99.3	99.6	
98.5	89.7	
97.7	99.4	
98.1	98.8	
99.3	99.6	
98.9	99.6	
98.9	89.3	
98.7	99.6	
67	88.5	
99.3	98.8	
79.1	99.6	
98.5	89.5	
98.1	99.4	
98.7	99.4	
76.3	99	
99.3	99.4	
85.6	78.8	
97.5	99.2	
99.3	99.6	
89.2	98.8	
98.7	89.7	
98.9	99.2	
98.5	99.4	
99.3	99	
98.5	98.8	
87.4	99.4	
98.1	99	
99.1	99.2	
99.1	99.6	
99.1	99.2	
99.1	98.8	
98.9	88.7	
98.9	99.2	
99.3	89.3	
99.3	99.4	
99.1	89.7	
98.7	99.4	
78.3	99.4	
98.1	99.6	
98.7	99.2	
99.1	89.7	
98.7	89.7	
