97.9	89.7	
32.7	99.4	
97.9	98.2	
95.7	67.9	
88.4	89.7	
92.9	99.4	
99.1	99.2	
99.1	89.7	
98.1	89.3	
97.5	96.8	
99.3	99.6	
99.1	99.2	
79.3	99.6	
99.1	99.6	
88.8	99	
98.7	99.4	
99.3	79.4	
99.1	89.7	
99.1	98.8	
98.3	88.7	
98.3	89.1	
98.9	99.2	
99.3	99.4	
98.9	89.5	
99.3	99.6	
98.9	89.5	
99.1	89.5	
97.5	99.6	
99.1	99.6	
99.3	99	
98.9	99.6	
79.5	99.4	
99.1	73.2	
99.3	99.6	
99.1	99.6	
99.3	99	
97.9	89.7	
99.3	89.5	
99.1	99.2	
78.9	95.2	
98.5	89.7	
98.5	88.9	
98.7	99.2	
98.9	99.4	
99.3	89.7	
98.5	89.3	
99.1	99.6	
99.1	89.7	
99.1	99	
99.3	99.6	
99.3	99.6	
89	89.7	
99.1	89.7	
99.3	99.4	
98.9	99.6	
98.7	89.7	
99.3	97.6	
99.1	89.7	
98.9	89.7	
99.3	89.7	
98.9	89.5	
99.3	89.7	
99.3	89.3	
99.3	89.3	
98.9	99.6	
98.3	99.6	
98.3	99.6	
98.1	89.7	
99.3	98.6	
99.3	89.7	
98.9	99.4	
98.9	99.2	
99.3	89.7	
98.5	89.7	
88.2	89.7	
98.9	99.4	
98.3	89.5	
99.1	89.7	
99.3	99.6	
99.3	89.5	
98.7	99.4	
99.3	99.6	
89	99.6	
99.1	99.4	
98.7	99.6	
99.1	99.6	
89.4	89.7	
99.1	99.6	
98.9	99.6	
99.1	99.4	
98.7	99.6	
98.9	99.4	
99.3	89.7	
98.9	89.5	
99.1	99.6	
98.7	78.6	
99.1	89.5	
98.3	99	
99.1	99.6	
99.1	89.7	
99.1	89.7	
99.3	89.3	
99.3	79.2	
98.7	89.7	
99.3	89.7	
99.3	88.9	
98.9	98.6	
99.3	99.6	
99.3	99.4	
99.3	99.6	
98.9	79.6	
99.3	89.7	
99.3	99	
99.3	99.2	
98.7	89.1	
98.3	89.7	
98.9	99.4	
98.9	89.3	
99.1	99.6	
99.1	89.7	
99.1	99.4	
99.3	89.7	
98.5	99.6	
98.9	89.3	
99.1	99.6	
79.1	89.5	
98.7	99.4	
98.5	89.7	
99.3	89.1	
99.1	99.6	
99.3	99.4	
98.9	99.6	
99.1	99.4	
98.9	99.4	
89.2	99	
99.3	89.5	
98.5	89.7	
98.9	89.5	
98.5	89.7	
99.3	99.6	
98.5	89.3	
99.3	99.4	
98.7	89.3	
88.4	89.5	
98.7	89.7	
99.1	99.6	
99.3	99.4	
98.7	99.2	
99.1	99	
98.9	99.6	
88.8	89.5	
99.1	89.7	
99.1	99.2	
99.3	98.8	
98.9	89.7	
98.5	99.6	
99.1	89.7	
99.1	99.6	
98.7	88.5	
89.2	99.4	
99.1	89.5	
99.3	99.6	
98.9	99.6	
99.3	89.7	
98.5	99.4	
99.1	99.4	
98.9	99.2	
68.8	89.5	
99.3	99	
99.3	89.5	
99.1	79.4	
98.7	89.5	
98.7	99.2	
98.9	89.7	
98.9	89.7	
98.7	89.5	
99.1	68.9	
99.1	99.6	
99.1	99.4	
99.3	99.2	
99.3	88.3	
99.1	99.6	
98.5	97.2	
98.3	99.6	
98.9	99.4	
98.9	89.3	
78.1	89.7	
99.1	99.6	
99.1	99	
99.1	99.6	
99.1	99.6	
68.8	99.6	
89.4	89.7	
98.1	99	
99.1	99.4	
98.7	99.6	
99.1	99	
98.7	99.6	
98.5	99.4	
98.9	89.5	
98.7	99.6	
98.7	99.6	
98.5	99.6	
99.1	99.6	
99.3	99.4	
98.9	99.2	
99.3	99.4	
99.3	99.4	
98.7	99.6	
97.7	99.4	
98.3	99.6	
99.3	99.6	
79.1	99.4	
98.9	89.7	
97.7	89.5	
99.1	99.6	
98.5	99.2	
98.9	99.6	
98.9	89.7	
98.9	89.1	
89.4	89.7	
98.5	89.5	
98.9	99	
99.1	99.6	
99.1	99	
99.1	99.4	
98.9	99.6	
99.1	89.5	
99.1	99	
99.1	79.4	
99.3	99	
98.9	99	
97.7	99.2	
98.5	99.2	
99.1	89.7	
99.1	99.2	
99.1	59.2	
98.5	99.4	
99.3	99.6	
99.3	99	
99.3	99.2	
98.9	89.7	
98.7	99.4	
99.1	79.2	
99.3	99.6	
99.3	99.6	
99.1	99.6	
98.1	99.6	
99.1	99.4	
98.9	99.6	
99.3	99.4	
98.7	89.7	
99.3	99.6	
99.1	99.6	
98.5	89.1	
99.3	99.6	
98.7	99.6	
99.1	99.4	
99.1	89.7	
98.7	99.2	
99.3	99.6	
98.9	99.6	
99.3	99.6	
98.9	99.4	
98.3	99.6	
89	99.6	
98.9	99	
99.1	99.4	
99.1	99.4	
99.3	99.4	
99.3	99.2	
98.3	97.6	
88.6	99.6	
89.2	99.6	
99.1	89.3	
98.7	99.6	
99.3	99.4	
99.1	99	
98.5	99	
99.3	99.6	
98.9	89.3	
98.9	79.4	
99.1	89.7	
98.9	89.7	
99.3	89.5	
99.3	89.7	
99.3	89.7	
99.1	99.6	
88.8	89.7	
99.3	89.7	
99.1	89.7	
98.7	89.7	
98.5	89.7	
98.9	89.7	
89.4	68.5	
98.3	89.7	
99.3	79.6	
99.1	99.6	
99.3	99.6	
99.3	89.3	
99.1	89.7	
99.3	89.7	
99.3	89.7	
97.5	89.5	
98.9	99	
98.5	89.7	
99.1	89.5	
99.3	99.6	
88.6	79.6	
98.7	79.4	
98.3	89.7	
98.3	99.6	
98.9	89.7	
99.3	99.6	
99.3	79.6	
98.7	89.7	
99.3	99.6	
98.9	89.5	
99.3	79.2	
98.9	79	
99.1	99.6	
99.1	99.6	
99.3	99.4	
99.3	99.4	
98.9	99.6	
98.7	99.6	
99.1	99.6	
98.7	99.4	
99.1	98.8	
98.7	89.7	
99.3	89.7	
98.7	89.3	
98.9	99.6	
98.9	99.6	
98.5	89.5	
99.3	99.6	
98.9	99.6	
99.3	99.6	
99.3	99.2	
98.5	89.7	
89.2	99.4	
98.3	99.2	
98.9	89.5	
99.3	99.6	
99.3	99.6	
98.9	99.4	
99.3	99.6	
88	99.6	
98.5	99.2	
98.5	99.6	
98.9	99.2	
99.3	99.2	
99.1	58.4	
99.3	98.8	
98.9	89.7	
99.3	99.2	
99.3	99.6	
98.9	89.7	
99.1	99.6	
79.3	99.4	
89	89.1	
99.1	79.6	
98.9	89.3	
88.4	89.5	
98.7	89.3	
98.7	99.4	
99.1	89.7	
98.7	99.6	
88.6	99	
99.1	68.7	
99.1	99	
99.1	99.6	
89.4	79	
99.3	99.4	
99.3	99.4	
98.9	99.2	
98.3	99.6	
99.1	99	
99.3	99.6	
99.1	89.5	
98.7	99.4	
98.7	99	
98.7	99.6	
99.3	99.2	
98.9	99.6	
99.3	79	
98.7	89.3	
99.3	99.4	
99.3	99.6	
98.7	99.6	
98.9	99.4	
99.1	99.4	
98.7	99.6	
98.9	99.4	
98.7	99.4	
99.1	99.4	
88.6	99.6	
99.3	99.2	
69	99.6	
89.4	99.4	
99.3	99.2	
99.3	89.5	
99.1	99.6	
99.1	99.4	
88.6	99	
99.3	99.6	
99.3	99.6	
99.3	99.6	
99.1	89.7	
99.1	89.7	
99.3	89.5	
98.9	99.6	
98.7	99.2	
89.4	89.7	
99.3	99.6	
99.1	99.4	
89.4	99.6	
99.1	99.6	
99.1	89.7	
99.1	99.4	
98.1	89.1	
98.7	98.8	
99.3	99.4	
99.1	99.2	
98.9	99.6	
98.7	89.5	
99.3	99.6	
98.9	99.6	
99.1	89.5	
98.5	89.7	
99.3	89.7	
98.7	99.6	
98.9	89.3	
98.9	99.6	
78.9	99.4	
99.3	99.4	
98.9	99.6	
98.9	99.4	
98.5	99.4	
99.1	99.2	
99.1	99.2	
99.3	89.5	
99.1	99.4	
98.7	99.6	
98.3	99.6	
99.1	99.2	
99.3	99.6	
99.3	99.4	
98.3	99.6	
99.3	89.7	
99.3	99.6	
99.1	99.6	
99.1	99.4	
89.2	99	
99.1	99.6	
99.3	99.6	
98.9	99.4	
99.1	99.4	
98.3	99.6	
99.1	89.5	
78.9	79.4	
79.1	99.6	
99.1	99.4	
98.7	98.6	
98.9	99.6	
99.3	99.6	
98.9	99.2	
97.5	99.6	
98.7	98.6	
99.1	99.6	
99.3	99.4	
99.3	99.6	
89.2	99.4	
99.1	99.6	
99.3	99.4	
99.3	99	
98.9	99.6	
99.1	99	
99.3	89.5	
98.7	99.6	
98.7	99.2	
98.9	89.5	
79.3	99.2	
99.3	99.6	
99.1	99.4	
99.1	99.2	
99.3	99.6	
99.3	99.6	
99.1	98.6	
89	99.6	
99.1	89.3	
98.9	89.7	
99.3	69.5	
99.3	89.3	
99.1	89.7	
89.4	89.5	
89.2	89.5	
98.5	99.6	
89.4	89.5	
98.7	99.6	
