73.9	79.6	
95.9	89.7	
88.6	89.7	
48.1	89.3	
95.3	89.7	
83.2	89.7	
94.5	89.7	
95.3	89.7	
88	89.7	
70.3	89.7	
88	89.7	
96.7	-30	
87	89.7	
97.5	89.7	
98.9	58.2	
98.1	99.6	
97.9	89.7	
86.2	89.7	
85	89.7	
84.8	89.7	
98.3	89.7	
99.3	89.7	
98.9	89.3	
99.3	89.7	
99.3	79.4	
99.3	89.3	
99.1	89.7	
99.3	89.7	
99.3	89.7	
99.3	89.7	
99.1	89.7	
98.7	89.7	
99.1	89.7	
99.3	89.7	
99.3	89.7	
97.3	89.7	
98.9	89.7	
98.9	-39.9	
89.2	89.7	
99.3	89.7	
99.3	89.7	
99.3	89.5	
98.9	79.4	
99.3	89.7	
99.3	89.7	
99.3	89.7	
99.3	89.7	
89	89.5	
99.3	89.3	
99.1	89.7	
99.3	89.7	
99.3	89.7	
99.3	89.3	
99.3	89.5	
99.3	89.7	
99.3	79.2	
99.3	89.7	
98.5	89.7	
99.3	99.4	
99.1	79.2	
99.3	89.7	
99.3	89.7	
99.3	79.6	
89.4	89.7	
89.2	89.7	
99.3	89.5	
99.3	89.7	
99.3	89.7	
99.1	79.6	
99.3	79.6	
99.3	89.7	
99.3	89.7	
89.4	89.7	
99.3	89.7	
99.1	89.5	
99.1	89.7	
89.2	89.7	
99.3	89.7	
98.7	89.7	
99.3	89.7	
99.3	79.6	
99.3	79.2	
99.3	89.7	
99.3	89.7	
99.3	88.3	
99.3	89.7	
99.3	89.5	
99.3	89.7	
99.3	89.7	
99.3	79.6	
99.3	89.7	
99.1	89.7	
99.3	89.5	
99.3	89.7	
99.3	89.7	
99.3	79.6	
98.9	79.7	
99.3	99.6	
99.3	89.7	
99.1	89.7	
99.1	89.7	
98.1	89.7	
99.3	89.7	
99.1	89.3	
99.1	89.7	
99.3	89.7	
89	89.7	
99.1	89.7	
99.1	69.5	
99.3	89.7	
99.3	89.3	
99.3	75	
99.1	85.7	
99.3	79.6	
89.4	89.7	
99.1	79.6	
97.7	89.3	
99.3	79.6	
99.3	89.7	
99.3	89.7	
99.3	89.7	
99.3	89.5	
99.3	89.7	
99.3	89.7	
89.2	89.7	
99.3	89.7	
98.7	89.7	
89.2	89.5	
99.3	89.7	
99.3	89.7	
99.3	89.5	
99.3	89.7	
99.1	79.6	
99.1	89.5	
99.3	89.7	
99.3	89.7	
99.3	89.5	
99.1	89.7	
99.3	89.7	
89.2	89.5	
99.3	79.4	
99.1	89.7	
99.1	89.7	
99.3	89.5	
99.3	99.6	
99.3	89.7	
99.1	79.4	
99.3	89.7	
99.3	89.3	
99.1	89.7	
99.3	89.7	
99.1	89.7	
99.1	89.7	
99.1	89.7	
99.1	89.5	
99.3	89.5	
99.3	89.5	
99.3	99.6	
99.3	99.6	
99.1	89.7	
98.9	89.7	
99.3	89.7	
89.4	89.7	
98.9	89.7	
99.3	89.7	
99.1	89.7	
99.1	89.7	
99.3	89.5	
98.7	89.7	
98.9	89.5	
99.3	79.6	
99.3	89.7	
89.2	89.7	
99.3	89.7	
99.3	89.7	
99.3	89.7	
79.3	89.7	
99.3	89.5	
98.9	79.6	
98.9	89.7	
99.1	79.6	
99.3	79.6	
99.3	89.7	
99.3	89.5	
98.5	79.6	
99.1	89.7	
99.1	89.7	
99.1	89.7	
99.1	89.7	
99.3	89.7	
99.1	89.5	
99.3	89.7	
99.1	89.7	
99.3	89.3	
99.1	89.5	
99.1	76.4	
99.1	99.4	
99.3	89.7	
89.2	89.7	
99.1	89.1	
99.3	89.3	
99.3	89.7	
99.3	89.5	
98.5	79.6	
98.7	89.7	
89.2	89.7	
98.9	89.5	
99.3	89.7	
89	89.5	
99.3	79.2	
99.3	89.7	
99.3	89.5	
99.1	79.6	
99.1	89.7	
99.1	89.7	
99.3	87.9	
99.3	89.7	
99.3	89.5	
99.3	89.7	
99.3	89.7	
99.3	89.5	
98.9	79.6	
99.1	89.7	
98.9	89.7	
99.3	89.7	
99.1	89.7	
99.1	89.7	
99.3	89.5	
99.3	89.7	
99.1	89.7	
99.1	89.7	
99.3	89.5	
99.3	89.5	
98.5	89.7	
99.3	89.7	
99.1	89.5	
99.3	89.7	
99.1	89.7	
99.1	89.7	
99.3	89.7	
99.3	89.7	
99.3	89.5	
99.3	89.7	
99.3	89.7	
98.9	89.7	
99.1	89.7	
99.1	79.4	
98.9	79.6	
99.1	89.7	
98.9	89.3	
99.3	89.7	
99.1	89.7	
99.3	89.7	
99.3	89.7	
99.3	99.6	
99.3	89.5	
99.3	79.2	
99.3	89.7	
99.3	89.7	
99.1	89.5	
99.1	89.5	
99.3	79.6	
99.1	89.7	
99.3	79.2	
99.3	89.5	
99.1	79.6	
99.3	89.7	
99.3	89.7	
99.1	89.7	
99.3	79.6	
99.3	89.7	
99.3	89.7	
99.3	89.7	
98.9	89.7	
98.9	89.7	
99.1	79.6	
99.1	89.3	
98.7	89.7	
99.3	89.7	
98.9	89.5	
99.1	89.7	
99.3	89.7	
99.3	89.7	
99.1	89.5	
98.5	89.7	
99.3	89.7	
89.4	89.5	
99.3	89.7	
99.3	99.4	
98.7	89.5	
98.9	89.7	
99.3	89.7	
99.3	89.7	
99.3	89.7	
79.3	99.6	
99.3	89.7	
77.3	89.7	
99.1	89.7	
99.1	89.7	
99.1	79.6	
98.9	89.7	
98.9	89.5	
99.3	89.7	
99.3	89.3	
99.3	89.7	
99.1	89.7	
99.3	89.5	
99.1	79.4	
99.3	89.3	
89	89.7	
99.3	89.7	
99.3	89.7	
99.3	89.5	
99.3	79.6	
99.3	89.7	
98.7	89.7	
99.1	89.5	
99.3	79.4	
98.9	89.7	
89.4	79.6	
99.3	89.7	
98.9	89.7	
99.3	89.7	
99.3	89.7	
89	89.7	
99.3	79.6	
99.3	79.6	
98.9	89.7	
99.3	89.3	
99.1	89.1	
99.1	89.7	
99.1	85.9	
99.1	89.7	
99.3	89.7	
99.3	89.7	
99.3	89.7	
99.3	89.7	
99.1	69.3	
99.1	89.7	
99.3	99.6	
99.3	89.7	
89.4	89.7	
99.3	79.6	
99.3	89.7	
99.3	99.6	
99.3	89.7	
99.1	89.7	
99.1	89.5	
99.1	89.3	
99.3	89.7	
99.3	79.6	
99.3	89.7	
99.3	87.3	
89.4	89.5	
99.1	89.7	
99.1	89.7	
99.1	89.7	
99.3	83.3	
89	89.3	
98.9	89.7	
79.1	89.7	
99.3	89.7	
98.7	89.7	
98.9	89.5	
99.1	79.6	
89	89.5	
79.3	84.7	
99.1	89.7	
99.1	89.7	
98.9	89.7	
98.7	79.6	
99.3	89.7	
99.3	89.7	
99.3	89.7	
99.3	89.7	
99.3	89.7	
99.3	89.5	
99.1	89.7	
98.9	89.5	
98.7	89.7	
98.9	89.7	
99.3	89.7	
99.3	88.9	
99.3	89.7	
99.3	89.7	
99.1	89.7	
89.2	89.7	
99.1	89.7	
98.9	89.7	
89.4	89.7	
99.3	89.7	
99.3	89.7	
98.9	89.7	
99.3	89.7	
99.1	89.5	
89.2	89.7	
99.1	99.4	
99.1	89.7	
99.3	89.7	
99.3	79.6	
98.9	89.5	
99.3	89.7	
99.3	99.4	
99.3	89.7	
99.3	79.6	
99.3	89.7	
99.3	89.7	
99.3	69.1	
99.3	89.7	
99.3	89.5	
99.3	89.7	
99.1	89.7	
98.9	89.5	
98.9	89.7	
98.9	89.7	
99.3	89.7	
99.1	89.1	
99.3	89.7	
99.3	89.7	
99.3	89.7	
99.3	89.3	
98.9	89.7	
99.3	89.7	
98.9	89.7	
99.1	79.6	
99.3	99.6	
99.3	88.3	
99.1	89.5	
99.3	89.7	
99.3	89.3	
99.3	89.7	
99.3	89.7	
99.3	89.7	
99.3	89.5	
99.3	89.5	
99.3	89.7	
98.9	89.5	
99.1	89.7	
89.2	89.7	
99.1	89.7	
98.9	73.1	
99.3	89.7	
99.3	89.7	
99.3	79.6	
98.9	89.5	
99.1	89.7	
99.3	89.7	
99.1	89.5	
99.3	89.5	
99.3	89.5	
99.3	89.7	
98.9	89.7	
99.3	89.7	
99.1	89.7	
98.9	79.6	
99.1	89.7	
98.9	99.6	
99.3	89.5	
98.9	89.5	
99.3	79.6	
99.1	89.5	
99.1	89.7	
99.3	79.6	
99.3	89.7	
98.5	89.1	
99.3	69.5	
99.3	89.7	
99.3	89.7	
99.3	89.7	
99.3	89.5	
98.9	79.4	
99.3	89.7	
98.7	89.7	
99.1	89.7	
99.1	89.5	
99.3	89.5	
89.4	89.7	
99.3	89.7	
99.3	89.7	
99.3	89.7	
99.3	89.5	
99.1	89.5	
99.3	89.5	
99.3	89.5	
99.3	89.5	
99.1	89.7	
99.3	79.6	
98.9	89.7	
99.3	99.4	
99.3	89.7	
99.1	89.5	
99.1	89.7	
99.3	89.7	
99.1	89.5	
99.1	89.7	
99.1	89.3	
98.7	89.5	
99.3	89.7	
99.3	89.3	
99.3	89.5	
