64.8	89.3	
-27.1	99.4	
83.4	89.7	
63.3	79	
98.7	89.5	
53.7	89.7	
97.5	98.8	
98.7	99.2	
98.3	84.7	
97.1	98	
98.5	99	
97.7	89.1	
98.1	99.2	
86	99.2	
97.5	99.2	
96.5	99.6	
98.9	99.6	
88	99	
99.1	89.5	
98.3	99.4	
99.1	78.8	
99.3	99.6	
97.7	99.2	
98.7	99.6	
98.1	89.7	
76.5	99	
98.7	98	
98.5	58.4	
99.3	88.9	
99.1	76.6	
98.7	99.2	
98.7	99.4	
98.7	99	
97.7	89.1	
99.3	89.5	
98.3	98.8	
99.3	89.3	
98.3	98.4	
99.1	99.2	
76.9	89.3	
98.9	89.3	
98.3	99.2	
98.9	98.4	
98.9	78.8	
99.1	89.3	
99.1	99.4	
98.7	99	
88	89.5	
99.3	89.7	
98.3	99.6	
99.1	89.5	
99.1	99	
88.2	99.2	
98.9	89.3	
88	78.4	
87.4	99	
88.8	89.3	
98.5	99.6	
98.9	89.7	
98.7	89.7	
99.1	99.4	
98.9	89.5	
99.1	99.6	
98.9	89.3	
98.9	99.6	
99.1	99.4	
87.6	89.5	
99.1	99.6	
88.8	99.6	
98.9	89.5	
98.9	79.6	
98.5	99.6	
98.3	89.7	
98.5	99.4	
98.7	99.6	
98.9	99.4	
99.1	99.4	
99.1	99.6	
98.9	89.5	
98.1	89.7	
98.9	89.7	
98.9	98.8	
99.1	89.5	
97.9	99.4	
98.3	79.4	
99.3	99.6	
99.3	99.6	
98.9	89.3	
98.7	89.5	
98.3	99.4	
99.3	99.6	
96.5	78.8	
98.7	99.4	
98.9	89.5	
98.9	99.2	
99.3	99.2	
99.1	99.6	
98.5	99.4	
99.3	79.6	
98.7	79	
97.9	99.6	
98.3	99.6	
78.1	99	
96.9	99	
99.3	89.7	
99.3	99.2	
98.9	89.5	
99.3	88.7	
98.9	98.2	
98.1	99.4	
99.1	89.3	
99.1	89.7	
99.1	88.7	
98.7	98.4	
98.9	79.2	
98.7	99.4	
98.5	99.4	
98.3	99.4	
98.5	89.3	
98.5	99.6	
96.1	98.8	
98.9	99.2	
98.9	89.7	
98.5	99.6	
95.1	89.5	
98.5	89.3	
98.5	89.5	
98.3	99.2	
98.7	99	
98.9	99.4	
98.7	98.8	
99.3	89.7	
98.5	99.6	
99.1	99.6	
99.3	99.6	
98.7	99.6	
98.9	99	
98.9	99.6	
99.3	99.2	
98.9	99.6	
88.6	99.6	
98.5	99.2	
99.1	99.2	
99.1	99.6	
98.9	89.5	
99.1	99.4	
98.5	99.2	
98.1	99.2	
99.3	99.6	
99.1	99	
99.3	89.5	
89.2	78.6	
99.3	99.6	
99.3	99.4	
99.3	89.5	
99.3	99.6	
99.3	99.6	
98.9	99.4	
98.9	99.2	
98.3	89.1	
99.1	99.6	
98.7	89.3	
98.5	69.5	
99.3	88.9	
98.9	99	
99.1	99.4	
98.7	99.6	
88.2	99.2	
98.7	99.6	
99.3	99.6	
99.3	99.6	
98.7	79	
98.5	89.5	
98.9	99.2	
98.9	89.5	
88.6	99.6	
99.3	89.3	
98.3	89.5	
98.7	99.6	
98.9	99.6	
99.3	89.5	
97.7	89.3	
98.3	99.6	
99.3	99.6	
98.5	99.6	
99.1	99.6	
88.6	89.7	
99.1	99.6	
99.3	98.2	
98.7	99.6	
99.3	99.4	
99.3	89.3	
99.1	98.6	
98.7	99.6	
99.3	99.2	
99.3	79.4	
97.9	99.6	
98.7	98.6	
98.7	99.6	
99.3	98.6	
89.2	98	
79.5	99.6	
99.3	99.6	
98.3	98.8	
98.9	99.2	
79.3	99.6	
98.7	99.6	
87.6	88.7	
98.5	99	
99.1	99.2	
88.2	99.2	
98.7	99.2	
78.5	99.6	
97.7	99	
99.3	99.2	
97.7	79.4	
97.3	89.1	
89.2	99.2	
78.7	99.4	
98.3	99.4	
99.1	89.7	
98.7	99.4	
99.3	99	
98.9	98.8	
99.3	89.1	
98.9	99.6	
69.4	88.5	
98.9	88.9	
98.5	89.5	
98.5	89.1	
89.4	99.2	
98.5	89.5	
99.1	99.4	
99.1	88.5	
89.4	79.4	
99.3	99.6	
99.1	99.4	
98.3	79.4	
78.5	98.2	
99.3	99.4	
98.7	78.4	
98.7	88.5	
99.1	99.4	
98.1	99.6	
98.9	89.3	
99.3	68.3	
98.9	98	
89.4	89.5	
97.5	88.9	
99.3	69.1	
98.9	99.6	
98.5	98.6	
95.7	89.1	
98.9	99.6	
97.9	89.5	
98.9	89.7	
97.5	99.6	
87.8	99	
98.3	99.6	
98.9	89.7	
99.1	98.6	
99.3	99.2	
98.5	89.7	
89.2	78.8	
99.1	88.9	
78.5	99.4	
99.1	99.4	
99.3	99.2	
99.1	99.4	
99.3	89.5	
98.7	99.2	
98.7	99.6	
97.9	98.8	
98.9	99.4	
98.5	89.7	
98.9	89.7	
98.5	79.6	
99.3	99.6	
99.3	89.7	
99.3	99.4	
98.9	99.4	
98.9	89.5	
98.9	79.4	
97.7	98.6	
89	99.2	
99.3	99.4	
68.8	88.9	
99.1	89.1	
98.3	98.2	
99.3	99.2	
78.5	99.4	
99.3	99.4	
98.9	99.2	
99.3	99.6	
98.9	99.6	
98.7	98.8	
98.3	99.6	
97.1	99	
96.7	99	
98.5	99.6	
98.3	99.6	
98.5	98.8	
99.1	99.4	
89	99.2	
98.7	99.2	
98.7	89.3	
98.7	99.4	
98.7	89.7	
88.8	99.4	
99.1	99.2	
77.1	89.7	
98.1	88.9	
99.1	99.6	
88.8	99.6	
97.9	99.2	
99.1	99.2	
98.9	89.7	
98.1	99.6	
99.1	89.1	
98.5	99.6	
99.3	99.4	
98.7	89.5	
98.5	89.3	
98.5	99.6	
88.4	89.3	
98.5	99.6	
99.3	89.5	
99.1	88.9	
99.1	89.1	
98.7	99.6	
99.1	89.7	
98.9	59	
99.3	89.3	
99.3	89.5	
99.1	89.1	
99.3	99.6	
99.1	88.5	
99.1	99.4	
98.9	99	
89	99	
99.1	79	
99.3	88.9	
97.5	98.6	
98.5	99.4	
99.3	88.9	
87.8	98.8	
99.1	99.4	
97.3	99.6	
97.3	89.5	
99.1	99.2	
78.3	99.4	
98.9	98.8	
97.5	78	
99.3	88.9	
99.1	99.4	
89.2	99.6	
99.1	99.2	
99.3	98.8	
88	89.7	
79.1	79	
99.3	99.2	
98.9	89.1	
99.3	99.4	
99.1	98.8	
89	79.4	
99.1	99.4	
78.5	99.4	
97.7	99.6	
88.4	89.5	
98.5	99.6	
98.7	99.2	
99.1	89.3	
98.5	99.2	
99.1	78.6	
98.9	99.6	
99.3	99.6	
99.3	89.3	
99.3	99.4	
49.4	88.7	
99.3	99.6	
98.9	99.2	
98.5	99.6	
98.9	99.4	
98.9	99.6	
98.3	99.4	
99.1	89.7	
98.9	99.6	
98.7	99.2	
98.9	89.7	
98.7	99.4	
99.1	99.6	
99.1	99.2	
99.3	99.6	
98.7	99.6	
98.3	99.6	
98.9	79.2	
98.9	88.7	
89.2	89.7	
98.5	98.8	
98.3	99.6	
77.5	99.2	
99.3	99	
99.1	99.4	
98.5	99.4	
97.7	89.1	
98.9	89.5	
98.9	89.1	
99.1	99.6	
97.7	68.7	
98.3	89.5	
97.9	99.6	
98.7	89.7	
87.6	99.6	
98.5	99	
97.9	69.5	
99.3	79.2	
77.9	99.4	
98.5	79.4	
98.9	99.4	
97.7	98	
98.9	99.2	
98.7	89.7	
98.3	78.8	
98.7	99.6	
79.5	89.7	
98.9	98.6	
99.3	88.9	
99.3	99.6	
99.3	99.2	
99.3	99.6	
89	89.3	
98.7	89.1	
98.1	89.7	
89.4	89.5	
99.1	99.4	
89.2	79.6	
98.3	99.6	
98.9	99.6	
98.3	89.5	
98.7	77.4	
98.9	88.9	
98.3	89.7	
98.9	99.2	
99.3	99.6	
98.9	99.6	
99.3	89.3	
88.8	79.4	
89	98.6	
99.3	99.6	
88.8	99.6	
98.1	99.4	
99.1	99.2	
97.9	99.6	
88.8	79.2	
97.7	99	
78.1	88.7	
96.9	99.6	
97.9	89.3	
98.9	99.6	
98.9	89.5	
98.9	99	
78.5	99.6	
99.1	99.2	
68.4	99.6	
98.9	99.4	
88.6	89.1	
98.3	99.4	
98.9	99.2	
89.2	89.1	
78.3	88.7	
98.9	89.1	
98.3	99.4	
99.1	99.6	
88.6	78.8	
98.9	99.6	
99.3	89.3	
89.2	99.4	
99.3	99.2	
88.8	99.6	
98.3	99.6	
98.7	89.7	
98.5	99.2	
98.3	79.6	
99.1	99.2	
89.2	99.6	
98.7	99	
98.7	99.4	
99.1	99.4	
98.3	99.6	
99.1	99.4	
98.9	99.6	
88.4	99.6	
96.7	99.4	
98.9	99.6	
98.9	99.6	
99.1	89.5	
88.8	99.4	
99.1	99.2	
98.9	99.2	
98.7	79	
