65.8	97.8	
50.9	89.7	
97.7	79.6	
68.9	89.7	
97.1	89.3	
67.2	89.5	
88.8	98.4	
97.9	99.2	
79.1	91.8	
96.3	99.6	
91.9	99	
88	89.7	
77.1	98.4	
77.9	99.4	
97.7	99.2	
98.9	99.4	
88.8	99.2	
98.9	88.7	
97.5	98.4	
96.3	99.6	
98.5	79	
88	78.8	
98.9	99.4	
56.7	99.4	
96.5	99.6	
98.5	99.2	
98.9	88.7	
95.3	99.6	
57.3	99.6	
89	89.1	
98.3	99.4	
98.5	99.2	
98.9	99.2	
98.5	99.6	
98.7	89.5	
98.7	89.5	
96.9	89.7	
99.3	99.6	
98.9	99.6	
99.1	99.6	
98.9	99	
98.7	89.5	
98.7	97.8	
96.3	99.4	
97.9	99.2	
98.7	99.4	
98.9	99.4	
99.3	99.6	
98.9	99.6	
98.9	98.8	
98.7	99.6	
97.7	99.4	
99.3	98.8	
98.7	78.2	
98.7	99.4	
99.1	99.4	
98.7	99.6	
98.3	99.6	
98.9	99.2	
98.9	99.6	
98.9	89.5	
88.8	99.6	
99.1	99	
96.1	99.4	
98.7	97.6	
97.7	99	
99.1	99.6	
98.1	99.4	
98.3	99.2	
98.9	89.1	
95.3	89.1	
98.5	89.5	
98.5	99.6	
98.9	99.4	
98.9	99.2	
98.9	97.8	
99.1	99.6	
89.2	89.7	
98.9	99.2	
89	99.4	
99.3	99	
98.3	89.5	
97.3	99.4	
99.1	99.4	
98.5	89.3	
97.7	99.4	
99.3	89.5	
97.9	99.6	
99.3	89.3	
98.3	99.6	
99.3	89.5	
98.1	89.5	
99.1	99.4	
98.5	99.2	
98.9	99.2	
99.1	99.4	
98.7	99	
98.3	99.4	
98.9	89.5	
98.3	98.4	
99.1	99.2	
79.1	98.2	
98.7	99.4	
98.7	99.4	
98.9	99.2	
74.9	89.7	
98.1	89.3	
99.1	97	
88.4	99.4	
88.8	99.4	
98.7	99.6	
99.1	99.6	
97.5	89.5	
99.1	99.6	
98.5	89.1	
98.5	99.6	
94.9	68.1	
97.5	88.9	
98.7	89.7	
99.1	99.2	
98.5	99.2	
88.6	89.5	
98.7	89.7	
99.1	89.5	
98.9	99.6	
98.9	99.6	
99.3	99.4	
97.7	98.8	
97.1	99.2	
86.8	89.5	
98.9	99.6	
99.3	99.2	
99.1	99.4	
97.3	99.6	
98.9	98.6	
99.1	88.1	
98.7	99.2	
98.5	99.6	
68.4	99.6	
98.7	69.1	
99.1	99.6	
98.1	99.6	
98.9	99.2	
99.1	89.1	
98.5	89.1	
87	99.4	
99.1	78	
98.9	99.4	
98.5	88.7	
98.9	99.4	
99.3	99.6	
98.7	89.5	
99.1	99.4	
98.3	89.5	
97.7	99.4	
98.3	99.6	
98.1	99	
98.9	89.3	
78.9	99.6	
98.5	99.6	
98.5	99.6	
98.3	99.6	
98.5	99.4	
97.7	99.2	
98.7	99.2	
98.3	99.6	
98.9	99.6	
88.8	99.6	
85.2	99.4	
99.1	99.4	
97.7	99.2	
98.7	99.4	
78.7	99.2	
98.9	99.2	
98.7	99.4	
99.3	88.9	
99.1	89.5	
98.9	88.9	
98.7	89.5	
97.9	99.4	
97.7	99	
87.8	99.2	
98.7	99.6	
98.9	99.4	
99.1	99.2	
99.1	99	
98.7	99.6	
99.3	89.3	
99.3	99.4	
98.9	99.6	
88.4	99	
98.3	99	
98.5	99.4	
99.3	99.4	
99.1	99.6	
98.7	99.4	
99.1	89.7	
98.1	98.8	
98.5	99.6	
95.9	99.6	
98.5	99.4	
98.1	99.2	
98.5	99	
99.1	99.2	
99.3	89.3	
98.9	99.6	
88.6	99.4	
98.3	99.6	
89	99	
98.7	99.4	
99.3	99	
97.5	89.1	
97.5	99.4	
99.1	99.6	
98.3	99.2	
99.1	98.6	
98.3	98	
99.1	99.2	
99.1	99.2	
88	79.6	
58.3	99.4	
99.1	89.7	
99.3	89.1	
98.5	99.6	
97.7	89.1	
98.7	99.2	
98.3	88.9	
98.7	99.6	
58.3	89.5	
98.9	88.9	
98.9	99.4	
96.3	99	
88.8	88.9	
87.4	99.6	
99.3	99.6	
68.2	99.2	
98.3	98.8	
98.7	99.4	
98.7	99.2	
99.1	79	
89.2	99.4	
89.2	99.2	
99.1	99.2	
99.1	68.9	
98.5	89.5	
98.9	78.6	
98.9	89.7	
99.1	88.9	
97.9	89.5	
98.3	99	
98.9	99.6	
98.7	99.2	
99.3	87.9	
98.7	99.4	
99.1	69.5	
99.1	89.1	
99.1	99.4	
99.1	98.6	
99.1	99.6	
98.7	99.2	
89	99.6	
98.9	78.6	
98.5	88.7	
99.3	99.2	
89.4	89.7	
98.5	99.4	
98.1	99.6	
98.5	99.6	
97.5	98.4	
97.9	89.3	
99.3	99	
99.3	99.2	
97.7	99.6	
89	99.2	
98.9	88.5	
89	99.6	
98.9	89.7	
86.6	99.2	
97.1	99	
98.3	89.5	
89.4	99.4	
88.8	99.4	
98.3	89.7	
99.3	89.7	
99.1	99.4	
97.7	98.8	
98.3	99.4	
98.7	99.6	
98.9	99.4	
98.7	89.7	
99.3	99.6	
89	88.7	
98.9	99.6	
98.9	99.4	
98.7	89.3	
98.9	99.4	
97.3	89.7	
99.3	99.4	
97.3	99.6	
99.3	97.8	
97.5	98.8	
99.3	99.6	
98.9	69.1	
98.3	99.2	
89.4	99.4	
98.7	89.5	
98.9	99.4	
98.9	99.2	
99.3	99	
98.9	99.4	
99.3	99.6	
99.3	89.5	
98.7	87.7	
86.8	99.6	
99.1	99.6	
98.7	79.6	
99.3	99.6	
98.5	99.2	
99.1	89.3	
98.7	78.6	
99.1	99.6	
99.3	98.6	
88.8	99.4	
99.3	99	
98.9	99.6	
89	97.6	
99.1	89.5	
98.9	99.6	
98.1	99.6	
98.9	99.2	
98.3	99.4	
98.1	99.2	
98.7	99.6	
78.5	99.2	
98.7	99.4	
98.9	79	
98.9	99	
89	99.6	
99.1	99.2	
98.7	89.5	
98.7	99.6	
99.1	98.6	
98.9	99.4	
99.3	99.6	
99.1	99.4	
99.1	99.4	
99.3	99.2	
98.9	99.4	
99.1	99.6	
98.3	87.9	
76.7	99.6	
88.6	99.6	
98.7	99.6	
99.3	79.6	
99.3	88.7	
98.7	99.6	
98.9	89.7	
98.7	99.4	
97.7	99.6	
99.1	89.5	
98.9	88.7	
98.9	99.6	
99.1	99.4	
99.3	89.5	
59.1	99.4	
99.1	89.3	
98.1	99.4	
89.2	89.3	
68.6	99.2	
98.9	78.8	
99.1	99.6	
99.1	99.6	
98.7	99.6	
98.9	89.1	
99.1	99.6	
98.9	99.6	
98.3	99.6	
98.9	99.4	
97.9	87.3	
89.2	99.6	
98.9	88.9	
99.1	99	
88.4	89.7	
98.5	89.5	
98.3	99.2	
97.5	89.7	
98.5	99.6	
99.3	79.2	
89	99.2	
68.2	98.8	
88.6	99.4	
99.1	89.7	
99.1	99.4	
98.9	99.6	
99.3	89.1	
98.7	99.6	
98.9	98.8	
98.9	89.7	
97.9	99.6	
99.1	79.4	
98.7	89.3	
99.1	89.7	
89.2	89.1	
98.9	99.6	
99.3	88.9	
98.3	99.2	
98.5	99.6	
98.9	89.7	
99.3	99.6	
99.3	89.5	
98.7	98.8	
98.9	89.5	
99.3	99.6	
99.1	89.7	
97.7	99	
99.1	89.5	
98.9	89.7	
88.4	99.6	
98.9	99.6	
97.7	99.4	
98.5	99.6	
98.9	88.5	
99.3	89.1	
97.9	89.3	
99.3	99.6	
88.6	99.4	
98.9	99.6	
98.3	99.4	
98.9	99.4	
97.7	99.6	
98.9	89.3	
88	99.4	
89.2	99.6	
88.6	89.3	
98.5	89.1	
98.3	99.4	
98.7	99.6	
98.5	99.4	
99.1	99.4	
99.1	98.6	
98.9	99.4	
98.9	99.2	
98.9	89.7	
99.3	97.4	
98.7	89.7	
98.7	99.4	
99.1	99.4	
99.1	99.2	
99.1	99.2	
98.3	99.6	
98.3	98.6	
89.2	89.3	
48.4	89.1	
97.1	99.6	
98.3	99.4	
78.9	99.6	
89	89.5	
99.3	99.2	
98.7	89.7	
98.7	99	
99.3	99.6	
99.1	99.2	
99.3	98.8	
99.1	99.4	
78.5	99	
99.1	89.7	
88.6	97.8	
98.9	99.2	
98.1	89.5	
99.1	98.8	
99.1	79.4	
99.1	89.7	
96.7	89.7	
99.1	68.5	
99.1	89.7	
98.9	79.6	
99.1	99.6	
99.1	79.6	
88.4	89.7	
99.1	99.6	
97.7	89.3	
99.3	99.6	
88.4	99.6	
98.9	79.4	
98.7	99.6	
79.3	89.7	
98.7	79.2	
99.3	69.3	
98.9	89.5	
98.7	78.4	
99.1	99.4	
99.1	89.7	
98.9	88.9	
98.9	98.2	
98.3	99.4	
88.6	99.4	
98.7	99.6	
99.3	88.5	
87	89.3	
98.1	89.5	
