25.9	69.5	
81.2	97.6	
61.4	98.8	
88.2	89.5	
98.9	99.6	
64.8	89.7	
87.4	99.6	
98.7	99.2	
98.9	89.5	
97.3	99	
87.8	99.6	
98.1	99.6	
99.1	99.6	
98.7	99.6	
99.1	75	
99.1	98.8	
98.9	98.8	
98.9	99.6	
99.3	99.4	
98.9	99.6	
98.9	89.3	
88.4	99.6	
98.7	98	
98.3	98.2	
98.9	99.4	
99.1	99.4	
99.1	99.4	
99.3	99.6	
98.5	89.5	
98.5	89.3	
99.1	89.7	
98.7	89.5	
99.1	89.3	
98.7	99.2	
99.3	79.2	
98.9	99.6	
99.1	99.6	
98.9	89.5	
99.1	99.6	
99.3	98.8	
98.3	99.6	
97.9	99.6	
99.3	89.7	
98.7	99.2	
98.5	99.6	
97.9	79	
98.7	99.2	
98.3	99.4	
98.5	99.2	
98.9	88.7	
99.3	99.2	
99.3	99.2	
99.1	99.4	
89.2	99.4	
99.1	99.6	
99.3	99	
98.9	99.6	
99.3	99.2	
98.5	99.6	
96.9	99.4	
98.9	99.4	
99.3	99.2	
98.5	99.6	
98.7	99.4	
97.1	99.2	
98.9	99.6	
98.9	99.6	
98.5	98.8	
98.9	98.8	
98.3	99.6	
99.1	99.2	
99.3	89.5	
89.2	99.4	
98.7	99.2	
98.9	99.6	
99.3	99.2	
99.1	99.4	
99.1	99.4	
99.1	99.6	
99.3	99.6	
98.9	99.6	
98.3	99.6	
99.3	99.6	
88	99.4	
98.1	99.6	
98.1	99.2	
98.7	89.7	
99.3	99.4	
99.3	98.4	
99.1	89.5	
98.5	99.2	
99.3	99.4	
77.9	88.7	
89	99.6	
99.1	99	
98.9	58.6	
99.3	99.6	
79.1	99.6	
98.7	99.4	
98.9	98.8	
99.3	99.4	
98.3	99.2	
99.3	99.4	
99.3	99.4	
98.5	99.4	
78.9	98.8	
99.3	99.6	
87.8	99.6	
99.3	99.6	
99.3	99.6	
99.3	99.6	
98.3	99.2	
98.5	99	
97.9	99	
98.5	99.4	
99.3	99.4	
76.9	99.6	
99.1	99.2	
99.1	99.4	
98.9	99.6	
97.7	99.6	
98.5	99.2	
97.7	99	
98.5	99.4	
98.3	89.3	
98.9	99.6	
98.7	99	
98.5	99.6	
88.6	99	
99.3	99.4	
98.9	99.4	
98.9	99.6	
98.7	99	
99.1	99.6	
99.3	89.7	
99.1	99.6	
99.3	99.2	
97.9	99.6	
97.9	99.2	
99.1	99.4	
99.3	99.4	
99.3	99.4	
98.1	99.6	
89.4	99.6	
78.5	99.4	
89.2	99.6	
87.6	98.4	
97.7	99	
98.9	99.4	
98.5	98.8	
99.3	99.2	
78.5	99.4	
88.8	98.8	
99.1	99.2	
98.9	99.2	
99.3	99.6	
99.1	99.6	
99.1	99.4	
99.3	99.2	
98.7	89.3	
98.9	99.4	
99.1	99.6	
98.9	99.6	
99.1	99.6	
98.3	99.2	
98.7	99.6	
98.5	99.4	
99.3	89.7	
98.9	99.2	
69	98.8	
68.2	89.5	
99.3	99.6	
98.5	99.4	
98.3	99.6	
98.5	99.4	
98.9	99.6	
98.7	99.6	
98.5	99.4	
99.3	89.7	
99.3	99.4	
99.3	99.2	
99.3	89.3	
99.1	99	
99.1	99.6	
78.3	99.6	
98.3	98.8	
98.9	99.4	
99.1	99	
99.1	89.7	
98.1	89.7	
98.3	99.6	
88.2	99.6	
98.9	89.7	
98.7	99.6	
98.9	99.6	
99.1	99.4	
88.2	89.5	
97.3	89.3	
98.3	78	
98.7	89.5	
99.3	89.7	
99.3	89.7	
98.3	88.9	
99.3	99.6	
98.9	89.5	
98.5	99.6	
99.3	89.7	
98.9	89.1	
98.7	89.5	
99.1	99.2	
99.3	99.2	
98.9	99.4	
98.7	89.5	
99.1	89.5	
98.9	89.7	
99.3	89.7	
98.7	89.7	
99.3	49.3	
78.7	89.5	
99.3	89.3	
98.9	89.7	
99.1	79.2	
99.1	79.2	
98.7	79.6	
97.3	89.7	
86.4	79.6	
98.7	89.7	
99.3	89.5	
98.5	99.2	
99.1	99.6	
99.3	99.6	
98.7	99.6	
98.9	99.2	
98.7	99.4	
98.1	79	
98.9	89.7	
99.3	89.3	
98.9	89.5	
99.1	89.7	
99.3	79.4	
98.9	89.1	
98.9	89.7	
99.3	89.7	
98.3	89.5	
98.9	89.7	
78.9	69.5	
99.1	89.7	
88.6	79.6	
99.3	88.9	
99.3	99.4	
98.5	99.6	
98.9	99.6	
99.1	98.8	
98.1	89.1	
99.1	89.5	
99.3	89.3	
99.3	89.7	
98.7	79.4	
99.1	99.6	
98.1	98.6	
98.9	99.4	
97.5	89.7	
77.3	89.7	
98.9	99.6	
99.3	79.6	
99.1	99.6	
99.1	89.5	
97.7	99.4	
98.5	99.4	
99.1	88.9	
99.3	89.7	
98.9	79.6	
98.5	89.7	
99.1	89.5	
98.5	89.7	
98.5	89.7	
99.3	89.7	
97.7	89.7	
99.3	89.5	
99.3	89.7	
98.7	89.5	
98.9	89.7	
98.5	89.3	
99.1	99	
98.9	89.5	
99.1	69.1	
99.1	99.4	
99.1	99	
99.1	99.6	
98.7	89.7	
99.3	99.6	
99.3	99.4	
98.7	89.7	
98.9	99.6	
99.1	99.6	
98.7	99.4	
99.3	98.6	
98.9	79.4	
98.7	99.6	
99.3	89.7	
98.9	89.5	
98.7	89.3	
99.1	89.7	
99.1	89.7	
98.7	99.4	
99.1	89.3	
98.9	89.1	
99.1	99.6	
99.3	99.2	
98.9	89.7	
98.3	99.6	
99.3	89.3	
99.1	99.2	
98.9	99.6	
88.4	99.6	
98.9	99.6	
98.9	99.6	
98.1	98.6	
99.3	99.6	
98.9	99.4	
99.1	99.6	
98.3	89.5	
89.2	89.7	
98.7	89.3	
98.9	99.6	
98.7	99.6	
98.9	99.2	
79.3	99.4	
88	99	
98.5	88.9	
99.1	99.4	
98.5	99.6	
98.3	99.6	
89	99.2	
98.7	99.2	
99.1	88.7	
99.1	99.6	
98.7	99.6	
98.9	99.4	
99.3	99.4	
99.1	99.6	
99.3	89.7	
98.9	99.6	
98.9	99	
97.5	89.7	
98.7	99.6	
98.7	89.3	
78.9	99.4	
99.3	99	
98.7	99.6	
99.1	99.6	
99.3	99.6	
98.1	99.4	
99.1	99.6	
87.4	99.6	
98.1	99	
99.1	99.6	
99.3	89.5	
98.9	89.5	
99.3	99.6	
98.7	99.2	
98.5	99	
99.1	99.6	
99.1	99.6	
99.1	99.6	
99.3	89.3	
88.6	99	
98.7	98.8	
97.5	89.7	
98.7	99.4	
99.1	99.6	
98.9	89.7	
99.3	99.6	
98.1	98.8	
99.1	79.6	
99.3	89.7	
89	99.4	
98.9	89.5	
99.1	88.9	
99.1	89.7	
99.3	99.6	
98.9	99.6	
99.1	99.6	
78.5	99.6	
98.9	89.3	
99.3	99.4	
98.3	99.4	
98.1	99.6	
99.3	99.4	
98.9	89.7	
99.3	89.3	
98.9	89.7	
99.3	99.4	
88.6	79.2	
98.9	89.3	
99.3	89.1	
89.2	89.7	
98.9	89.5	
98.9	89.7	
99.1	79.2	
88.8	79.2	
99.1	79.2	
98.9	99.6	
57.7	89.5	
99.1	78.2	
89	99.4	
99.3	99.2	
97.5	99.2	
98.5	89.7	
98.9	99.4	
78.5	89.1	
88.4	99.4	
79.1	99.6	
99.1	99.6	
99.1	99.6	
78.7	99.4	
99.1	89.5	
98.3	99.2	
99.3	99.6	
98.7	99.4	
99.3	99.4	
99.1	99.6	
87.8	89.7	
99.1	99.4	
98.9	99.6	
99.3	99.6	
98.3	98.8	
98.7	99.6	
98.7	99.6	
99.1	89.3	
89.2	88.5	
99.1	89.3	
99.1	89.1	
89.2	98.6	
99.1	88.9	
98.3	89.7	
99.1	89.7	
99.1	78.8	
78.9	99.4	
98.9	99.6	
89.4	89.7	
99.3	99.6	
99.3	99.6	
99.3	89.5	
97.9	89.5	
99.1	99.6	
98.9	99	
98.9	89.7	
78.9	99.6	
99.1	88.3	
88.8	99	
99.1	99.4	
98.9	99.6	
98.3	99.2	
99.1	98	
99.1	99.4	
99.1	99.2	
99.3	99.4	
98.5	99.6	
98.3	89.7	
98.7	99.2	
98.9	99.4	
99.3	99.6	
98.7	89.3	
98.9	89.3	
99.1	99.6	
98.9	89.5	
97.7	99.6	
78.9	99.2	
98.9	98.2	
99.1	99.2	
99.1	99.6	
98.9	99.2	
98.5	99	
98.7	68.9	
98.7	89.7	
89.4	89.3	
98.9	99.6	
98.7	99.4	
99.1	89.1	
98.9	99.6	
98.5	89.5	
98.9	99.6	
98.9	99.4	
99.1	99.6	
98.7	99.4	
89	99	
78.9	99	
88.8	79.6	
98.1	99.6	
99.3	99.4	
99.3	99.6	
99.1	99.4	
89.2	99.6	
98.9	99.4	
98.9	99.6	
89.2	99.4	
69	99.6	
89.4	99.6	
98.9	99.2	
