73.1	99.6	
67.4	99.4	
98.1	98.8	
91.1	89.7	
77.5	79.6	
97.5	99.2	
99.1	99.4	
88.2	89.1	
98.3	89.7	
83.6	79.4	
98.3	89.7	
68.4	89.7	
95.1	99.4	
98.7	89.3	
97.9	89.7	
85.8	99.6	
97.5	99.6	
87.8	89.7	
97.9	89.7	
96.3	89.7	
98.9	89.5	
98.9	89.7	
99.3	89.5	
76.9	99.6	
79.3	96.4	
99.1	77.3	
87	99.4	
87.2	89.7	
89.2	99.6	
96.3	89.5	
97.7	88.7	
99.1	89.7	
98.1	79.2	
98.9	79.4	
98.3	77.1	
98.9	97.6	
98.9	79.6	
98.9	89.5	
98.3	99.2	
77.9	89.7	
98.5	89.7	
99.1	89.7	
98.7	89.5	
98.1	99.6	
98.9	89.5	
97.5	99.4	
99.3	79.6	
98.7	99.6	
88.4	79.4	
98.9	99.6	
78.5	99.6	
99.3	99.4	
98.7	89.3	
98.5	99.4	
99.1	89.1	
89.4	79.4	
99.1	89.3	
89.2	89.7	
98.9	89.7	
99.3	99.6	
98.5	79.4	
99.3	79.6	
99.1	99.4	
88.6	99	
99.3	89.7	
98.9	99.4	
89	89.7	
98.5	89.5	
88.4	89.7	
98.7	98.8	
99.3	99.6	
99.3	89.7	
99.1	89.7	
99.1	89.3	
98.9	98.6	
99.3	89.7	
79.3	99.6	
99.1	99.6	
98.3	99.6	
98.9	89.7	
79.3	89.7	
98.7	89.3	
99.1	99.6	
89.2	89.1	
89.2	99.6	
99.3	89.5	
99.3	99.6	
99.3	88.9	
88.6	99.6	
99.1	89.7	
89.4	89.5	
99.1	99.2	
79.1	89.3	
99.1	89.7	
99.3	99.6	
98.9	89.7	
99.3	98.2	
98.3	89.7	
99.1	89.3	
98.3	99.4	
99.3	89.5	
99.3	89.5	
78.1	89.7	
99.3	89.7	
98.7	89.5	
89.4	99.6	
98.3	99.6	
98.7	89.7	
88.8	79.6	
99.1	89.7	
78.7	89.7	
99.1	89.5	
89	89.5	
98.9	99.6	
99.1	89.3	
68.2	89.5	
98.9	89.5	
98.9	99.6	
98.9	78.8	
99.1	79.6	
98.5	89.5	
58.1	89.7	
99.3	89.5	
99.1	99.6	
99.3	89.5	
88.4	89.7	
99.1	79.2	
89	89.5	
98.9	89.7	
99.3	99.4	
99.3	89.5	
89.4	89.7	
88.6	89.7	
99.3	89.5	
98.9	89.7	
89.2	99	
99.1	99.6	
99.1	89.5	
99.1	88.7	
99.1	99.4	
99.1	99.6	
88.8	79.4	
89.2	89.5	
99.1	99.6	
88.6	98.4	
88.8	89.5	
89	99.6	
99.3	89.7	
88.6	89.3	
89.2	89.1	
99.1	89.5	
99.3	99.4	
98.3	99.6	
99.1	89.7	
99.3	89.7	
68.2	89.7	
99.3	79.6	
98.7	88.5	
79.1	99.4	
89.2	99.6	
99.1	99.6	
99.3	89.7	
99.3	89.7	
99.3	99.6	
99.3	88.7	
99.3	89.5	
98.7	99.6	
98.7	79.6	
99.3	99.4	
98.7	99.6	
98.1	89.7	
98.9	89.7	
99.1	98.8	
99.3	89.5	
98.9	99.4	
99.1	89.5	
99.3	89.7	
99.3	79.2	
98.9	89.7	
98.9	89.7	
98.5	89.7	
98.5	89.7	
99.1	99.4	
99.3	79.4	
99.1	99.6	
98.9	89.7	
98.5	99.6	
89.4	88.9	
88.6	88.5	
88.8	99.6	
99.3	99.6	
99.1	89.7	
88.8	89.3	
99.1	89.7	
88.6	99.2	
99.1	89.7	
99.1	99.2	
99.3	79.6	
78.7	89.5	
99.3	68.9	
98.9	89.7	
98.5	99.6	
99.3	89.5	
98.9	89.7	
99.3	89.7	
98.3	79	
98.7	89.5	
99.3	99.2	
88.6	89.5	
99.3	78	
99.1	79.6	
97.9	99.6	
99.1	89.5	
89	89.7	
98.7	99.2	
78.1	89.7	
78.9	89.1	
99.3	99.6	
99.1	89.7	
99.1	99	
79.1	89.1	
77.7	89.7	
89	99.4	
98.9	89.7	
99.3	99.4	
98.9	89.7	
99.1	79.4	
78.9	89.5	
98.9	89.7	
98.9	98.6	
99.1	99.6	
98.7	89.7	
99.3	89.3	
78.5	89.3	
99.3	79.4	
99.3	89.7	
98.9	79.6	
99.1	89.5	
98.9	99.6	
99.1	89.7	
99.3	89.1	
99.1	88.9	
99.3	99.2	
88.6	88.9	
99.1	99.4	
98.9	99.6	
68.4	89.5	
98.9	89.5	
99.3	79.6	
99.1	79	
99.3	98.6	
98.9	89.1	
99.1	89.3	
88.6	99.6	
99.1	79.4	
89.2	89.7	
88.8	88.5	
68	99.6	
99.3	99.2	
99.3	89.5	
78.7	89.7	
99.3	89.7	
98.7	89.7	
68.8	99.6	
99.3	89.7	
99.3	99.6	
99.3	99.6	
98.7	89.7	
99.3	98.8	
99.3	89.7	
99.1	89.7	
98.7	89.3	
99.3	79.6	
99.3	98.8	
99.3	89.3	
98.3	69.5	
88.6	79.6	
98.7	99.6	
99.3	79.6	
89.2	79.2	
99.1	89.7	
99.3	79.4	
99.1	89.5	
88.4	89.3	
98.9	99.6	
68.6	89.7	
99.1	89.7	
98.7	89.7	
99.1	89.7	
99.1	98.4	
98.7	89.7	
99.1	89.7	
98.9	99.4	
98.5	89.7	
99.3	89.1	
99.1	99.4	
98.9	99.6	
99.3	89.5	
99.3	89.3	
88.6	79.6	
99.3	99.6	
99.3	88.5	
88.6	89.3	
99.3	89.7	
99.3	98.2	
98.9	79.6	
98.9	89.7	
89.4	89.5	
99.3	89.5	
99.1	89.5	
98.1	89.7	
99.1	89.7	
98.7	89.7	
99.1	89.7	
99.3	89.5	
98.9	89.5	
89.2	99.2	
99.3	89.7	
99.3	89.5	
79.1	78.8	
99.1	89.7	
99.3	89.7	
99.1	99.6	
99.3	99.4	
79.1	89.7	
98.9	99	
78.3	99.6	
99.1	89.3	
98.7	99.6	
99.1	89.7	
79.1	89.7	
99.1	89.7	
98.5	89.7	
99.3	99.2	
99.1	99.2	
99.3	88.9	
99.3	89.7	
99.1	89.7	
98.5	79.6	
88.2	79.6	
98.9	89.7	
88.8	89.5	
99.3	89.5	
89	89.1	
99.3	99.4	
98.9	99.6	
99.1	89.5	
98.9	99.6	
99.1	79.6	
98.3	89.7	
98.9	89.7	
99.3	88.7	
99.3	99.6	
99.3	89.7	
88.8	79.6	
89.2	99.4	
89	89.7	
99.3	89.7	
99.1	78.8	
88.6	89.5	
79.5	89.7	
88.8	99.2	
98.9	88.3	
59.5	89.3	
98.9	89.7	
99.1	89.5	
98.9	99.2	
98.7	58.6	
99.3	99.6	
89.2	89.7	
89.2	99.4	
89.2	89.7	
98.9	89.7	
99.1	89.7	
98.7	89.7	
99.3	89.7	
99.3	99.6	
89.2	89.3	
98.9	99.6	
88.4	99.6	
98.5	89.3	
89	79.6	
99.3	89.3	
99.3	89.7	
89	79.6	
89	89.7	
99.3	89.7	
88.8	79.4	
99.1	79.6	
99.3	99.6	
99.3	99.6	
99.3	79.6	
98.9	89.3	
99.1	89.3	
98.9	99.6	
98.9	98.8	
98.9	89.7	
89	99.4	
88	89.5	
99.1	79.6	
99.3	99.6	
87	79.6	
98.7	89.7	
99.3	89.7	
99.3	79.4	
99.3	89.3	
99.3	88.9	
99.1	79.4	
99.3	89.5	
99.3	98.6	
59.1	89.5	
78.9	99.4	
99.3	89.7	
99.3	99.6	
99.1	89.5	
98.7	99.2	
99.1	89.5	
99.3	79.4	
98.9	89.5	
99.3	89.7	
98.7	89.7	
88.4	79.4	
68.8	89.7	
99.3	89.5	
98.9	88.7	
89.2	89.7	
99.1	99.6	
99.3	89.5	
89.2	89.5	
99.1	89.7	
78.7	99.4	
98.9	99.6	
88.8	99.6	
99.1	89.5	
99.1	89.5	
99.1	89.7	
89.2	99.4	
59.1	99.4	
99.3	98.4	
99.1	89.3	
98.7	99.4	
98.9	89.5	
98.3	89.5	
99.1	89.7	
99.1	89.5	
88.8	89.7	
99.3	89.7	
78.7	99.6	
98.7	89.7	
98.7	99.4	
99.3	89.3	
89	89.7	
88.4	89.7	
99.1	99.4	
98.9	99.4	
98.9	89.5	
89	89.7	
98.9	99.4	
98.9	89.5	
99.3	99.6	
76.9	79.6	
99.3	89.7	
99.3	79.6	
89	89.7	
99.3	89.7	
99.3	89.5	
98.9	99.4	
98.5	99	
99.3	78.4	
99.3	89.7	
99.1	89.5	
99.3	89.3	
98.5	89.7	
98.9	89.7	
98.7	99.6	
98.9	99.2	
99.1	99.4	
68	89.7	
99.1	89.5	
98.5	89.7	
98.9	89.7	
78.3	89.7	
98.9	99.4	
99.1	99.4	
99.3	89.5	
99.1	99.6	
99.1	89.7	
98.5	89.5	
99.1	89.7	
98.9	89.5	
98.9	89.3	
99.3	89.7	
99.1	99.6	
99.1	79.2	
98.9	89.7	
99.3	89.7	
99.3	99.4	
89	89.3	
89.4	99.6	
99.1	99.4	
