73.5	99.4	
98.3	99.6	
56.7	99.2	
94.1	99.4	
93.3	99.6	
97.3	99.6	
98.1	99.6	
97.5	99.6	
98.5	99.6	
98.9	99.6	
97.7	99.6	
98.5	99.6	
99.3	99.4	
98.7	99.6	
99.3	99.6	
99.1	99.6	
98.9	99.6	
99.1	89.7	
98.9	99.6	
99.3	99.6	
99.3	99.6	
99.1	99.4	
88.8	99.6	
98.7	99.6	
99.3	99.6	
99.3	99.6	
99.1	99.6	
99.3	99.4	
99.3	99.6	
98.9	99.2	
99.3	99.6	
89.2	99.6	
99.3	99.4	
99.3	99.6	
99.3	99.6	
99.3	99.6	
99.3	99.6	
98.9	99.6	
98.1	99.4	
99.3	99.6	
99.3	99.6	
99.3	99.6	
89	99.4	
99.3	99.6	
99.3	99.4	
99.3	99.4	
99.3	99.4	
98.3	99.6	
99.3	86.1	
99.1	89.7	
98.7	99.4	
99.3	99.6	
99.1	99.6	
99.3	99.6	
99.3	99.6	
99.3	99.6	
99.1	99.6	
99.3	99.6	
98.9	99.6	
99.3	99.6	
98.9	99.6	
98.9	99.2	
99.3	99.6	
99.1	99.6	
88.8	99.6	
99.3	99.6	
99.3	99.6	
99.3	99.2	
99.1	99.6	
99.1	99.4	
89	99.6	
99.1	99.6	
99.3	89.7	
99.1	99.6	
99.3	99.6	
99.3	99.6	
99.3	99.6	
98.5	99.6	
99.1	99.2	
99.3	99.6	
98.7	99.4	
99.3	99.6	
99.1	89.7	
98.7	99.2	
99.3	99.6	
99.1	99.6	
99.1	89.7	
99.3	99.6	
99.3	99.6	
99.3	99.6	
99.3	85.4	
99.3	99.4	
98.5	99.6	
98.7	99.4	
99.3	99.6	
99.1	99.6	
89	99.4	
99.1	99.6	
99.3	99.6	
99.3	99.6	
89	99.6	
99.3	99.6	
99.1	89.3	
99.3	99.6	
99.3	99	
98.9	99.4	
99.1	99.6	
98.9	99.6	
98.9	99.6	
99.3	99.6	
99.3	99.6	
99.3	99.6	
99.3	99.6	
99.1	99.6	
99.3	99.6	
99.1	99.4	
99.3	99.6	
99.1	99.6	
99.3	99.4	
99.1	99.6	
99.1	99.6	
99.1	99.4	
99.1	99.6	
98.9	99.6	
99.3	99.2	
98.9	99.6	
99.3	99.6	
99.1	99.4	
99.3	99.4	
99.3	99.6	
99.1	99.4	
99.1	99.6	
99.1	99.4	
99.3	99.6	
99.3	99.6	
98.9	99.6	
99.3	99.4	
99.3	99.6	
99.3	99.4	
99.3	99.6	
99.3	99.4	
99.3	99.6	
99.3	99.6	
99.3	89.1	
99.1	99.6	
99.3	99.6	
99.3	99.6	
99.3	99.6	
99.3	99.6	
99.3	99	
99.3	99.6	
99.3	99.6	
99.3	99.6	
99.3	99.6	
99.3	99.6	
99.3	89.7	
99.1	99.6	
99.3	99.4	
99.1	99.6	
99.1	99.6	
99.1	99.4	
99.3	99.6	
99.3	99.6	
99.3	99.6	
99.3	99.6	
99.3	99.6	
99.3	99.4	
99.3	99.4	
99.3	99.6	
99.1	99.6	
99.3	99.6	
99.3	99.6	
99.3	99.4	
99.3	99.4	
99.1	99.4	
99.3	99.6	
79.5	99.4	
99.1	99.4	
99.1	99.6	
99.3	99.6	
88.8	99.6	
99.3	99.6	
99.3	99.6	
99.1	99.6	
98.9	99.6	
99.3	99.6	
99.3	99.6	
99.1	99.6	
98.9	99.6	
89	99.6	
99.1	89.7	
99.3	99.4	
99.3	99.6	
99.3	99.6	
88.8	99.6	
99.1	99.6	
99.3	99.6	
89.2	99.4	
99.3	99.6	
99.1	99.4	
99.3	99.6	
99.3	89.5	
99.1	99.4	
99.3	99.4	
78.7	99.6	
99.3	99.4	
88.4	99.6	
99.3	99.6	
99.1	99.6	
99.1	99.6	
99.3	99.6	
98.7	99.6	
99.3	89.7	
99.1	99.2	
99.3	99.6	
99.3	99.4	
99.3	99.2	
99.3	99.6	
99.3	99.6	
99.3	99.6	
99.3	99.6	
99.3	99.6	
99.1	99.6	
99.3	99.6	
99.3	89.5	
89.2	99.6	
99.3	99.6	
99.3	99.6	
99.1	99.4	
99.3	99.4	
99.3	99.6	
99.3	99.6	
99.3	99.6	
99.3	99.6	
99.3	99.6	
99.1	99.4	
99.1	99.6	
99.3	99.6	
99.3	99.6	
99.3	99.6	
98.9	99.6	
99.1	99.4	
99.3	99.6	
99.3	99.6	
99.1	89.5	
99.3	89.5	
79.1	99.6	
99.3	99.6	
99.3	99.4	
89	89.1	
99.1	99.6	
98.9	89.7	
89	99.6	
99.3	99.6	
99.3	99.4	
98.7	99.6	
99.3	99	
99.3	99.6	
99.3	99.6	
99.1	99.2	
99.3	99.4	
99.3	99.2	
99.3	99.6	
99.3	89.7	
99.3	99.6	
99.3	99.6	
99.1	99.6	
98.9	99.6	
99.1	99.6	
99.1	99.6	
99.3	99.6	
99.3	99.4	
99.3	99.2	
98.9	99.6	
99.1	99.6	
89	99.6	
99.1	99.6	
98.9	99.4	
99.3	99.4	
98.9	99.6	
98.7	99.4	
99.1	99.6	
99.1	99.4	
98.9	99.4	
99.3	99.4	
98.7	99.4	
99.1	99.4	
99.1	99.6	
99.3	99.6	
99.3	99.6	
99.3	99.6	
99.1	99.6	
99.3	99.4	
99.3	99.4	
99.3	99.6	
99.3	99.6	
99.1	99.6	
99.1	99.6	
99.3	99.6	
89.2	99.6	
98.9	99.6	
99.3	99.6	
99.3	99.6	
88.8	99.6	
99.3	99.4	
99.1	99.6	
99.1	89.3	
99.3	99.6	
99.3	99.6	
99.3	99.4	
99.3	99.6	
99.3	99.6	
89	99.4	
99.3	99.6	
89	99.4	
99.1	99.6	
99.3	99.6	
99.3	99.6	
89	89.3	
99.3	99.6	
99.3	99.6	
99.3	99.6	
99.3	99.6	
99.3	99.4	
99.1	99.6	
99.3	99.6	
99.1	99.6	
99.3	99.6	
99.1	99.6	
99.3	99.6	
88.8	99.4	
99.3	99.6	
98.9	99.6	
99.3	99.6	
99.3	99.6	
98.7	99.4	
99.1	99.6	
99.3	99.6	
89	99.4	
99.3	89.7	
99.3	99.4	
99.1	99.6	
99.3	99.6	
98.9	99.4	
99.1	99.6	
99.1	99.4	
99.3	99.6	
99.3	99.6	
99.1	99.6	
98.9	99.4	
99.3	99.6	
99.1	99.4	
99.3	99.6	
99.3	99.6	
89.2	99.6	
99.3	99.6	
99.3	99.2	
99.3	99.4	
99.1	99.6	
89.2	99.6	
99.3	99.4	
98.5	99.6	
99.3	99.4	
99.1	99.6	
99.3	89.3	
99.3	99.6	
99.3	99.6	
99.3	99.4	
99.3	89.7	
99.3	99.2	
99.3	99.6	
99.3	99.6	
99.3	99.6	
99.1	99.6	
98.9	99.6	
99.3	99.6	
99.3	99.6	
99.3	89.3	
99.3	99.6	
99.3	99.6	
99.3	99.6	
99.3	99.6	
99.3	99.6	
99.1	99.6	
99.3	99.4	
99.1	98.6	
98.9	99.6	
99.3	99.4	
78.9	99.6	
99.1	99.6	
99.1	99.6	
99.3	99.6	
99.3	99.6	
98.9	99.4	
99.3	99.4	
88.6	99.4	
99.3	99.4	
99.3	99.2	
99.1	99.6	
99.3	99.4	
99.3	99.6	
99.3	99.6	
79.1	99.6	
99.3	99.4	
99.3	99.6	
99.3	99.6	
99.3	99.6	
99.1	99.6	
99.3	99.4	
99.1	99.4	
99.3	99.6	
99.3	99.6	
99.1	99.6	
98.9	89.7	
89.2	99.6	
99.1	99.6	
99.3	99.6	
99.3	99.2	
99.3	99.4	
99.3	99	
99.1	99.6	
99.3	99.6	
99.3	99.4	
99.3	99.6	
99.1	99.6	
99.3	99.6	
89.2	99.6	
99.1	99.6	
98.9	99.6	
99.3	99.2	
99.3	99.6	
99.3	99.4	
89	99.6	
99.1	99.6	
99.3	99.6	
99.3	99.6	
99.1	99.6	
99.3	99.6	
89.2	99.4	
99.3	99.6	
99.3	89.7	
99.3	99.6	
99.1	99.6	
88.8	99.6	
98.9	99.6	
99.1	99.6	
99.1	99.6	
99.3	99.6	
99.3	99.6	
99.1	89.5	
88.8	99.2	
99.3	99.6	
99.1	99.4	
99.1	99.2	
99.3	99.6	
99.3	99.4	
99.3	99.4	
98.9	99.6	
99.3	99.2	
99.3	99.6	
99.1	99.6	
99.3	99.6	
98.7	99.6	
99.3	99.6	
99.1	89.5	
89.2	99.4	
89	99.6	
99.3	99.4	
99.3	99.6	
99.3	99.6	
99.1	99.4	
99.3	99.6	
99.3	99.6	
98.9	99.4	
99.3	99.4	
99.1	99.6	
99.1	99.6	
99.3	99.6	
98.7	99.6	
99.3	99.6	
99.3	99.6	
99.3	89.5	
99.3	99.6	
99.3	79.4	
99.1	99.6	
99.3	89.5	
99.1	99.6	
99.1	99.6	
99.1	99.6	
99.3	99.6	
99.3	99.6	
99.1	99.6	
99.3	99.6	
99.3	99.6	
88.8	99.4	
99.3	99.6	
99.1	99.6	
99.3	99.6	
99.3	99.6	
99.1	99.4	
