66.8	78.8	
97.7	88.9	
32.1	94	
97.9	89.1	
77.1	99.2	
96.5	88.9	
98.7	89.7	
59.1	99	
99.1	75.6	
98.7	98.4	
56.9	99	
97.5	99.4	
67.4	96.8	
88	97.6	
97.3	99.2	
97.1	89.3	
96.7	99.6	
97.5	99.6	
98.9	89.5	
98.9	99	
98.5	99.2	
98.5	98.8	
78.5	98.4	
88.4	98.2	
88.8	89.7	
96.9	88.9	
96.7	89.3	
78.9	89.3	
99.1	98.6	
78.9	89.5	
97.5	89.7	
99.1	89.5	
88.8	78.4	
68.8	77.4	
67.2	86.3	
99.1	79	
98.9	99.2	
99.1	98	
99.3	99.2	
88.4	99.2	
97.5	79.4	
96.9	99.4	
59.1	99.6	
98.7	99.6	
98.3	99.6	
97.7	99.6	
98.5	89.5	
79.3	99.2	
97.3	99.4	
87	99.4	
98.9	99	
43	78.8	
98.3	99.6	
99.3	99.2	
98.5	99.2	
98.1	98	
98.3	98.2	
47.8	99.4	
88.4	89.7	
98.3	89.1	
98.1	98.6	
98.7	89.7	
98.3	88.9	
98.5	99	
98.7	78.8	
76.7	89.5	
88	99.2	
99.3	98.8	
98.3	67.7	
99.3	78	
88.6	79.6	
98.1	98.8	
98.1	99.6	
99.1	89.5	
99.1	99.6	
99.1	99.6	
87.6	78.2	
98.1	99.2	
58.7	89.7	
77.3	88.5	
98.7	99.2	
97.9	88.7	
87.8	99.6	
97.1	89.5	
87	88.5	
98.9	77.6	
98.9	69.1	
96.1	89.3	
86.6	99.6	
87.6	89.5	
99.3	99.2	
98.1	99.6	
87.8	99.2	
87.8	89.5	
98.1	89.5	
99.1	99.2	
96.3	89.3	
98.9	99.2	
98.1	89.7	
98.1	98.4	
36.5	99	
98.9	79.2	
58.5	89.7	
76.7	88.5	
98.5	88.9	
98.1	99	
98.3	89.5	
98.3	99	
97.5	99.2	
98.9	99.4	
98.9	98.6	
88.8	79.4	
97.1	99	
98.5	99	
99.3	68.5	
98.3	95	
97.9	98.6	
98.7	99.6	
98.1	99.4	
98.7	89.3	
87.6	89.5	
98.3	98.8	
97.7	89.3	
99.3	98.6	
96.3	89.5	
85.6	89.7	
77.5	58.6	
88.4	89.7	
69.2	99.4	
98.5	89.3	
85.8	89.7	
99.3	89.3	
98.1	99.4	
79.3	88.3	
97.9	68.3	
98.3	89.1	
98.1	68.7	
75.7	99.4	
77.9	99.4	
97.7	89.3	
89.2	99.2	
88.8	99	
85.4	89.5	
97.3	89.3	
98.9	99.4	
97.7	89.1	
67.2	87.9	
97.9	89.3	
97.3	99.4	
98.9	99.2	
96.9	99.6	
69.2	98.8	
79.1	99.4	
38.9	98.8	
97.9	88.7	
96.9	79	
98.7	99.2	
85.2	89.1	
78.3	99.4	
97.1	99.6	
86.6	99.4	
99.1	89.3	
78.9	99.4	
98.3	89.7	
97.5	88.1	
96.9	89.5	
89.4	88.3	
78.3	89.3	
98.7	96.2	
88.4	47.5	
99.1	89.5	
98.3	99.2	
98.5	99.2	
77.7	79	
97.9	99.6	
67	98.8	
78.1	89.5	
67.8	99.4	
98.5	99.6	
79.3	99.2	
87	89.5	
89	79.4	
68.6	26.1	
98.7	99	
98.3	88.9	
97.9	89.5	
76.5	99.4	
68.2	98	
48	99.4	
98.9	78.6	
68.8	99.6	
96.9	99.2	
98.5	97.8	
98.7	99.6	
96.3	98.8	
98.9	98.8	
99.3	88.7	
99.1	88.7	
28.2	99.4	
98.9	88.9	
97.7	59	
98.7	78.8	
88.8	78.2	
35.5	99.4	
98.5	99.2	
88.6	99.4	
98.1	99.4	
56.5	88.7	
98.5	98.6	
98.5	99.2	
77.1	89.1	
98.9	87.7	
99.1	99.4	
77.7	99.4	
98.5	99.6	
89.2	89.7	
76.5	99.4	
98.1	89.5	
98.3	58.2	
98.9	69.1	
57.9	89.5	
89	89.7	
96.5	98.6	
86.8	99.2	
99.3	79	
98.9	89.7	
99.1	89.7	
97.3	99.6	
99.1	78.8	
88.4	99.2	
98.7	89.5	
89.2	99.6	
46.8	99.2	
97.5	79.4	
98.3	99.6	
85.8	79.4	
96.7	98.6	
99.1	99.2	
97.5	99.4	
98.9	79.2	
63.8	89.7	
97.7	89.7	
97.9	89.5	
87.6	79.4	
99.1	99.2	
96.5	99.6	
98.3	87.9	
95.3	79.2	
99.1	99.4	
99.1	99.2	
98.9	89.3	
99.1	79.6	
98.3	79.6	
98.1	98.8	
99.3	79	
98.7	88.9	
78.3	89.7	
98.5	99	
97.1	89.5	
98.9	89.1	
15.3	89.1	
88.6	99.6	
98.7	99	
98.9	89.5	
68.8	58.4	
99.1	89.5	
98.7	99.2	
28.2	98.4	
98.1	79.4	
99.3	99.6	
99.3	99.6	
99.3	99.2	
98.7	99.6	
98.1	99.6	
99.1	99.2	
98.7	68.9	
78.9	98.6	
86.6	59.2	
99.3	78.6	
89	79.4	
98.3	37.6	
99.1	99.6	
89.2	89.5	
87.8	79.2	
99.1	88.7	
99.3	89.5	
98.9	99.4	
88.4	99.4	
97.9	98.8	
99.3	99.6	
77.5	99.4	
98.1	88.5	
99.3	98.6	
99.1	99.6	
99.3	99	
88.2	98.2	
99.1	98	
98.9	96.4	
98.7	87.3	
97.9	89.5	
98.5	99.2	
98.5	89.7	
98.3	89.5	
98.9	78.8	
89.4	89.5	
98.9	77.6	
97.1	99.4	
85.2	98.8	
99.1	98.8	
98.5	99.6	
98.3	99.4	
99.3	98.8	
88.4	99.2	
98.9	89.5	
68.4	99.4	
98.9	99.4	
87.8	97.8	
77.9	99.4	
97.9	99.6	
75.5	99.4	
87.2	99.6	
98.9	88.7	
96.9	89.1	
44.8	99.4	
99.1	98.2	
98.9	89.5	
98.9	99.6	
99.1	99.2	
87.4	87.9	
89	89.5	
87.4	99.6	
98.5	99.4	
98.5	79	
88.6	99.4	
98.5	99.6	
77.3	99.2	
78.5	78	
97.5	98.4	
98.5	99.4	
97.9	98.6	
86.8	98.8	
98.9	99.6	
99.3	99.6	
99.1	99.4	
87.6	99.6	
98.9	99.4	
98.5	89.5	
77.1	99.6	
87.6	97.8	
97.9	99	
88.4	99.2	
67.6	98.4	
98.1	88.7	
98.3	98.8	
97.1	97.6	
58.3	89.3	
97.3	99	
99.1	88.3	
98.9	89.3	
77.5	99	
98.3	89.1	
78.3	88.5	
88.8	99	
99.1	99.4	
97.3	99.6	
98.3	89.5	
84.4	99	
98.5	99.6	
98.7	98.6	
97.7	88.9	
98.1	69.5	
98.5	88.9	
77.7	98.6	
98.5	99.2	
99.1	98.6	
98.7	98	
87.4	88.9	
97.7	69.5	
96.9	98.8	
89	88.3	
98.1	99.2	
98.7	89.5	
88.8	89.7	
89	89.7	
97.1	89.5	
98.5	99.2	
78.7	89.3	
98.9	99.4	
87.2	89.5	
98.7	79	
99.1	79.6	
57.7	99.4	
87.8	89.5	
78.9	99.2	
88	99	
87.6	77.8	
97.9	99.2	
97.3	97.8	
98.7	99.2	
88.8	99.4	
75.9	89.7	
99.1	89.3	
18.3	79.6	
98.7	88.9	
97.5	98.8	
98.3	68.5	
98.9	89.5	
87.2	88.9	
99.3	89.3	
87.6	89.3	
98.7	89.1	
78.3	89.3	
99.3	89.7	
86.2	89.7	
88.8	89.3	
99.1	89.7	
77.7	89.7	
89	88.9	
98.7	99.4	
89	89.5	
89	89.1	
97.5	89.7	
99.1	99.6	
92.9	89.7	
89	99.2	
68.8	89.3	
88.4	89.7	
97.3	89.5	
98.7	59.4	
97.3	99.4	
47.4	89.5	
95.7	89.3	
98.5	89.7	
97.7	69.3	
98.5	89.7	
99.1	79.6	
98.9	89.5	
99.1	89.1	
87.6	89.5	
65.4	89.7	
79.1	89.1	
99.3	87.5	
58.5	89.7	
97.9	99	
76.3	89.7	
89.2	99.4	
88.6	89.7	
99.1	99.6	
98.7	99.2	
99.1	89.1	
98.3	98	
99.1	79.4	
98.5	89.5	
99.1	79.6	
98.7	89.7	
97.9	99.6	
98.5	99.4	
88.2	96.8	
76.7	88.9	
99.1	88.7	
88	58.2	
98.5	99.2	
98.1	89.5	
68.4	98.2	
48.8	89.1	
98.7	88.7	
98.7	98.8	
98.7	98.4	
88.4	89.5	
97.1	99.6	
77.5	99.6	
88.2	89.5	
98.5	99	
99.1	88.9	
99.1	98.2	
99.1	99	
98.1	99.4	
99.1	99.4	
97.5	89.3	
98.3	98.6	
98.7	89.5	
86.8	89.7	
98.7	89.7	
98.5	99	
98.9	79.6	
88	89.3	
55.5	88.7	
98.7	88.7	
59.1	99.2	
98.5	69.3	
85.6	77.6	
77.7	99.2	
96.5	99.4	
35.1	89.5	
98.1	98.6	
98.5	98.4	
98.9	88.5	
99.1	89.5	
89.2	88.3	
99.3	99.6	
