47.5	69.3	
3.41061e-13	89.7	
88.2	95.4	
95.5	98.6	
97.3	99.2	
98.9	99	
78.5	89.7	
97.1	99.2	
94.9	99.4	
82.2	79.4	
99.1	99.4	
99.1	89.5	
66.2	98.4	
97.5	98.4	
98.5	89.5	
98.1	96.6	
98.3	47.5	
82.8	79.4	
77.3	99.6	
97.3	98.2	
98.3	99.4	
67	99	
87.8	89.3	
97.9	89.3	
85.4	89.3	
88.8	99	
86.4	78.8	
87.8	79.6	
65.8	89.7	
98.5	89.7	
98.3	98.6	
98.5	88.7	
98.7	99.4	
97.1	99.4	
98.3	78.8	
98.9	79.2	
98.1	79.4	
99.1	89.5	
98.9	99.6	
99.1	99.4	
98.7	78.4	
99.3	99.4	
98.9	88.7	
68.6	99.4	
88.6	98.8	
98.1	98.4	
98.5	89.3	
88.4	97.8	
99.3	89.7	
98.9	99.6	
88.4	99.4	
99.1	99.6	
47.8	97.8	
98.7	99.6	
97.1	79.2	
99.1	99.4	
67.8	98.6	
98.7	99	
89.2	98.6	
86.2	99.6	
97.7	99.2	
98.7	89.3	
96.7	98.8	
98.7	98.6	
97.3	89.5	
89	98.2	
98.9	89.7	
87.4	88.9	
99.3	89.7	
98.5	89.7	
87.6	99.4	
99.3	99.6	
88.8	79.4	
98.5	89.7	
88.2	99.2	
75.9	99.6	
88.4	89.5	
68.2	79.6	
99.1	98.8	
99.1	89.7	
88.6	99.6	
77.7	99.4	
98.9	78.2	
98.9	98	
99.3	89.5	
98.5	88.9	
69	99.6	
98.3	98.2	
58.1	89.7	
98.1	89.5	
98.5	99.6	
98.1	99.2	
98.7	99.6	
98.9	89.1	
98.3	99.2	
88.8	89.5	
98.3	88.5	
97.3	97.2	
98.1	99.4	
77.1	98.8	
87.8	98.8	
67	88.1	
98.9	99.4	
98.7	99.6	
98.1	99.6	
88.6	67.7	
98.9	88.9	
86.4	89.5	
97.5	89.7	
98.7	89.5	
96.7	99.6	
98.1	89.1	
99.3	79.6	
97.1	68.9	
76.7	89.1	
99.1	89.5	
77.9	89.7	
99.3	98.8	
99.3	99	
77.7	99	
98.9	89.7	
99.1	98.8	
97.9	89.5	
99.1	99.6	
98.9	98.8	
98.3	99.4	
67.6	88.1	
98.7	89.5	
74.9	99.4	
96.9	99.4	
86.4	98.8	
97.5	89.7	
98.7	89.1	
87.4	98.8	
99.1	99.2	
99.1	89.7	
78.9	98.8	
68	99.6	
97.1	98.6	
98.3	99.2	
48.4	99.4	
97.9	89.5	
98.5	79.6	
99.1	79	
99.1	89.3	
89.4	89.7	
87.2	89.7	
99.3	89.3	
98.7	99.2	
98.3	98.8	
78.3	89.5	
88.8	89.3	
98.7	97.6	
98.5	88.9	
88.2	99.4	
99.3	98.6	
97.1	98.6	
97.3	99.2	
99.1	99.2	
68.2	99.4	
98.7	68.9	
88.8	99.4	
98.5	89.7	
99.3	99.4	
98.9	98.6	
98.5	99.4	
98.7	89.5	
86.6	88.3	
98.9	97.8	
99.3	89.3	
98.3	99	
98.5	79	
67.4	59.4	
88.8	99.6	
99.1	88.9	
97.1	99.2	
98.3	99.4	
98.3	88.5	
88.4	99.4	
98.7	99	
78.9	89.3	
87.8	98	
99.1	99.4	
87.8	99.6	
98.5	99.6	
67.4	99.4	
99.3	99	
98.7	99	
78.7	89.3	
99.3	89.1	
87.2	98.6	
98.3	98.4	
99.3	88.3	
97.9	99.6	
99.1	99.4	
97.1	88.7	
98.9	98.4	
98.5	89.7	
98.7	99.2	
96.9	98.6	
99.3	88.9	
87.4	88.7	
88.4	89.7	
98.9	88.3	
98.3	99.6	
98.7	89.3	
99.3	99	
69.2	99.6	
98.7	99.4	
99.1	89.3	
77.7	99.2	
98.9	98.4	
98.7	89.7	
99.1	99.4	
98.3	89.5	
96.3	69.3	
99.3	88.9	
75.3	87.5	
89.2	99	
85.6	78.4	
98.5	68.3	
98.3	88.5	
98.3	98.8	
95.3	98.8	
89	99.2	
98.1	99.6	
77.9	98.2	
97.3	89.1	
98.3	99.4	
98.7	99.4	
98.1	99.6	
57.9	77.2	
36.9	88.9	
98.7	89.3	
98.3	99	
58.9	99.6	
98.9	99.6	
88.8	99.2	
68.2	99.6	
98.7	89.5	
88.6	89.5	
99.1	98.2	
98.3	99.6	
98.7	89.5	
98.3	89.7	
98.1	99.6	
97.1	59	
98.9	99.6	
98.1	98	
98.7	78.4	
78.7	98.8	
98.3	79.4	
99.1	99.6	
89.2	99.2	
97.9	98.6	
57.9	99	
88.8	99.4	
98.1	88.1	
99.1	99.6	
98.7	99.4	
89.2	89.7	
78.3	99	
88.6	44.3	
98.7	69.5	
98.5	79.4	
97.9	88.9	
98.9	98.8	
69	99	
-4.3	99.6	
68	99.2	
98.3	98.4	
97.9	99.6	
86	98.6	
98.9	68.7	
99.3	89.5	
97.9	88.3	
75.3	99.2	
98.1	89.5	
98.9	79.4	
98.9	99.4	
97.9	89.7	
95.3	89.7	
98.5	97.4	
97.1	58.2	
97.9	98.6	
98.9	79.6	
98.7	89.5	
78.1	78.6	
97.7	79.6	
99.3	97.2	
97.9	89.7	
66.2	89.5	
88.4	89.7	
68.2	79.6	
99.3	88.9	
99.1	89.7	
97.9	79.6	
89.2	99	
98.9	95.6	
98.5	89.3	
89.2	99.6	
67.2	98.6	
99.1	99.4	
97.7	89.5	
79.3	89.5	
99.3	89.7	
77.9	89.3	
88.8	69.1	
99.3	79.6	
99.3	89.5	
86	88.9	
98.9	78.8	
98.7	99	
98.9	48.9	
98.9	89.5	
99.3	99.4	
99.1	99	
88.8	99.2	
98.7	98.4	
87.2	79.6	
99.3	99	
99.1	99.2	
86.6	89.1	
98.9	99	
99.3	89.3	
98.7	89.7	
88.8	98.6	
96.5	99	
98.1	99.6	
82.8	99.2	
97.1	99.6	
67.8	99.6	
98.7	99.4	
99.1	99.2	
89.2	99.6	
89	99.6	
98.7	79.2	
99.3	99.4	
99.3	98.8	
98.1	89.1	
97.3	88.9	
96.5	99.6	
97.9	98	
98.5	99.4	
66.4	99.4	
98.7	99.4	
38.3	89.3	
98.3	99.6	
99.1	99.2	
99.1	99.6	
76.9	99	
99.3	87.7	
98.5	89.1	
86.6	89.1	
88.2	79	
99.1	99.2	
99.3	99.4	
98.7	98.8	
76.9	99.2	
88	97.6	
98.1	89.1	
96.5	79.6	
99.1	98.6	
98.5	58.4	
98.9	79.4	
97.7	79	
97.3	69.3	
96.9	99.4	
98.5	99.6	
99.3	99.2	
99.3	99	
98.9	99.6	
88	99.2	
78.9	89.7	
99.1	99.4	
98.3	89.1	
78.5	99.4	
99.3	99.4	
97.7	98.8	
98.1	79	
84.8	59	
97.1	99.2	
99.3	99.4	
99.3	78.8	
98.7	98.8	
68.6	88.3	
88.6	99	
98.7	99.4	
89.2	88.9	
99.3	99.2	
29	89.1	
89	89.3	
79.1	99.4	
99.1	99.4	
98.5	98.8	
58.1	89.5	
97.9	99.6	
88.6	89.3	
98.7	79.4	
99.1	89.3	
88	89.5	
88.8	88.7	
74.7	99.6	
78.7	89.3	
77.1	99.6	
88.8	89.3	
99.3	99.2	
97.1	89.3	
98.9	69.1	
99.1	99	
98.9	99.6	
88.8	89.1	
97.9	98.8	
98.5	98.2	
98.9	88.9	
98.7	98.6	
74.7	98.8	
98.5	99	
98.1	79	
97.5	88.3	
97.5	89.5	
98.9	89.7	
88.8	98.6	
97.1	89.7	
98.5	99	
67.8	89.7	
98.7	88.9	
98.5	89.5	
99.1	79.6	
97.7	78	
88.6	89.1	
99.1	88.5	
98.3	99.4	
75.5	99.6	
99.1	88.5	
77.7	99.2	
99.1	99.4	
99.3	89.5	
89.4	89.7	
98.9	98.8	
46.2	89.5	
74.7	99.4	
97.3	99.6	
99.1	99	
88.6	99.6	
98.7	99.4	
99.1	99.2	
98.1	99	
88.2	99.4	
99.1	89.7	
99.3	88.9	
78.1	99.6	
87.6	99.6	
98.3	89.5	
99.1	99.2	
78.5	99.6	
99.1	99.2	
99.3	98.4	
87.8	79	
98.5	89.1	
98.5	99	
98.3	99	
97.9	89.7	
97.9	79.2	
99.1	79.4	
89	89.7	
78.1	89.7	
97.7	89.7	
98.7	79.4	
88.6	79.2	
99.1	89.3	
98.3	89.3	
97.9	99	
97.5	98.6	
76.5	99.4	
97.7	88.9	
99.1	99.6	
98.1	99.4	
99.1	99.2	
97.7	89.3	
98.5	78.8	
87.6	99.4	
78.1	99.4	
99.1	89.3	
98.9	99.6	
98.3	89.5	
99.1	78.8	
98.1	98.6	
89.2	89.7	
89	89.5	
98.7	89.5	
98.9	89.3	
68.4	89.3	
98.1	89.3	
99.3	89.7	
49	99.2	
98.5	88.1	
98.9	89.7	
98.9	89.5	
99.1	98.4	
