62	75.4	
36.5	76	
81.6	88.5	
96.3	99.6	
98.3	99.4	
98.9	99.2	
98.5	89.1	
98.3	99.6	
97.7	99.6	
96.7	99.4	
99.1	89.3	
97.1	98.8	
97.7	99	
98.9	99.2	
99.1	98.8	
99.3	99.6	
98.7	99.6	
99.1	97.2	
95.7	99.2	
99.3	99.4	
98.5	97.2	
98.1	99.4	
88.4	99.6	
98.1	99.2	
99.3	99.4	
79.1	88.3	
99.3	98.8	
78.5	89.1	
99.1	99.6	
68.2	98.4	
99.1	99.6	
79.3	99.2	
99.1	99.2	
98.7	99.2	
98.7	99.4	
89	79.4	
98.3	99.6	
89.4	88.9	
97.5	99.2	
98.3	99.4	
98.5	99.6	
98.7	98.6	
98.9	99.2	
99.1	99.4	
97.7	99.6	
77.5	99.6	
98.3	99.6	
99.1	99.6	
99.1	99.6	
98.7	99.6	
88.4	99.6	
99.1	99.6	
98.9	99.4	
99.1	99.6	
97.7	99.4	
98.1	89.3	
99.1	99	
97.5	98.8	
66.8	99.6	
98.5	99.2	
98.5	99.2	
96.5	98.8	
98.7	98.4	
98.9	98	
97.9	99.6	
99.1	89.5	
97.5	99.4	
99.1	99.6	
98.9	99.4	
99.3	99.4	
98.7	99.6	
98.9	99.6	
97.7	99.6	
99.1	98	
98.9	89.3	
98.9	99.6	
99.3	89.1	
99.1	99.6	
99.1	99.2	
99.3	89.1	
98.7	99.6	
99.1	99	
98.9	99.2	
99.1	99.4	
98.9	99.6	
99.3	88.5	
97.7	99	
99.1	99.2	
98.3	88.7	
99.3	99.4	
99.1	99.6	
98.9	99.4	
99.1	99.4	
99.1	99.2	
57.1	99.4	
88	99.4	
99.1	99.6	
99.1	99.4	
98.7	99.6	
99.1	99.6	
97.5	99.4	
98.9	99.6	
99.1	98.4	
76.1	89.5	
98.9	78.2	
98.7	88.9	
98.5	99.6	
98.5	99.6	
99.3	99.6	
98.5	99.6	
98.7	98.4	
98.3	99	
98.9	88.9	
99.1	99	
98.3	99.4	
96.7	88.7	
99.3	89.3	
98.9	98.6	
97.7	99.4	
99.3	99.6	
98.7	99.6	
98.7	99.6	
97.7	99.6	
98.7	99.6	
98.9	99.6	
99.1	99.6	
99.1	99.2	
98.9	99.2	
99.3	99.6	
99.3	99.4	
98.7	99.6	
98.7	99.6	
98.3	88.9	
98.7	99.6	
98.3	99.6	
98.9	99.6	
98.9	99.2	
99.1	89.5	
98.1	99.6	
98.9	99.6	
98.9	99	
97.3	88.3	
99.1	89.5	
98.7	99.6	
98.9	99.6	
98.1	99.2	
99.3	99.2	
98.9	89.3	
98.7	99	
98.7	99.4	
99.1	89.3	
99.1	99.4	
98.7	87.7	
99.1	99.6	
99.3	99.2	
99.1	99.2	
98.3	99.4	
98.9	89.7	
97.9	99.4	
99.3	99.6	
78.3	99.4	
99.1	88.7	
99.3	99.6	
88.6	99.4	
99.1	99.2	
98.3	99.2	
89.4	99.6	
98.9	99.4	
98.9	99.4	
99.3	99.4	
98.7	99.4	
99.1	99.6	
98.3	99.4	
98.5	88.5	
99.1	99	
98.9	89.3	
99.1	88.1	
88.8	89.7	
99.1	98	
98.3	99.4	
98.5	98.8	
98.5	99.2	
87.2	99.6	
98.1	99.4	
89	99.6	
98.7	99.6	
98.3	99.4	
98.7	88.7	
98.9	99	
98.7	89.3	
78.7	99.6	
98.5	88.7	
99.1	99.4	
99.1	99.4	
99.1	99.6	
98.3	99.6	
99.3	99.2	
99.3	99.2	
99.3	97.2	
99.1	99.4	
69	98.6	
98.7	99.6	
99.3	99.4	
99.1	99.2	
88.6	99	
89.4	78.6	
98.5	98.2	
98.3	99.2	
98.7	99.2	
99.1	89.5	
99.3	99.6	
99.3	99.6	
99.3	99.6	
99.3	89.1	
97.5	99.2	
98.7	99.4	
99.1	99.6	
99.3	99.6	
99.3	79	
98.3	99.6	
98.7	99.4	
98.9	99.6	
98.7	99.4	
99.3	99.6	
98.7	99.6	
89	89.5	
99.3	89.7	
99.1	98.6	
98.5	99.2	
77.1	99.4	
99.3	99.6	
98.5	99.2	
99.1	99.6	
99.3	99.6	
99.3	99.4	
98.7	99.6	
98.9	99.6	
99.3	89.5	
88.6	99.6	
99.1	99.6	
98.9	99.6	
98.9	99.4	
99.3	99	
98.9	89.3	
78.3	99.2	
99.1	99.6	
98.7	99.4	
68.8	99.6	
99.1	89.1	
98.7	89.1	
99.3	99.6	
99.1	99.4	
98.1	99.2	
98.7	99.4	
98.5	89.1	
99.1	99.6	
98.7	99.6	
99.3	99.6	
99.3	99.2	
99.1	99	
98.7	99	
99.1	99.6	
98.9	99.4	
99.3	99.6	
89	69.1	
57.7	99.4	
98.9	98.6	
98.9	99.4	
95.7	89.7	
99.1	99.2	
87.8	99.2	
98.5	99.6	
99.1	99.6	
99.3	99.4	
99.1	78.6	
98.9	99	
97.5	99.6	
99.3	99.6	
88.6	99	
99.1	99.2	
99.3	99.6	
98.7	99.6	
99.1	99.2	
99.1	99	
99.1	79.4	
98.7	89.5	
98.9	98.6	
98.9	88.9	
98.9	89.3	
99.1	99.6	
98.1	99.4	
99.3	89.3	
98.9	99.6	
98.7	89.5	
98.7	99.2	
98.1	99	
98.7	79.2	
98.9	99.2	
98.5	99.4	
98.9	79.2	
98.7	78.6	
99.3	99.6	
99.1	99.6	
98.7	99.6	
97.7	99.4	
87.8	88.9	
98.5	98.8	
98.9	99.6	
99.3	98.6	
98.9	89.5	
98.9	99.2	
98.7	99.4	
99.3	89.5	
98.3	99.4	
78.1	98.4	
99.1	99.4	
98.9	99.4	
98.9	99.6	
98.7	99.4	
99.3	99.4	
98.7	99	
98.7	99.2	
98.3	99.4	
99.3	99.4	
98.3	99.6	
98.7	99.2	
99.1	99.6	
99.1	99.2	
89.4	89.5	
98.5	99.6	
89.4	98.4	
98.9	99.4	
98.7	99.2	
99.3	99.4	
98.9	99.6	
98.9	99.2	
99.3	99.2	
98.7	89.5	
98.3	99.2	
98.9	99.4	
99.3	99.6	
89	99.2	
99.1	99.2	
57.7	99.6	
98.5	99.6	
99.3	98	
98.9	99.6	
89	88.3	
99.1	99.6	
99.1	99.6	
99.3	99.6	
88.8	99.4	
89	89.1	
87.8	99.4	
96.9	99.6	
99.1	99.4	
99.3	99.6	
97.7	89.3	
99.1	89.7	
99.1	99.6	
89	99.6	
89.4	99.4	
98.3	99.2	
79.3	99.2	
99.3	97.8	
88.4	99.6	
99.1	99.2	
78.1	99.4	
98.1	98.4	
98.9	89.5	
99.1	99.6	
99.1	89.7	
89.2	99.2	
99.3	89.5	
98.7	99.6	
78.9	99.2	
89	88.1	
88.8	99.2	
99.1	99.6	
99.3	99.4	
98.9	99.4	
98.7	87.9	
99.1	99.6	
98.5	99.6	
99.3	99.6	
99.1	98.2	
99.1	99.4	
99.1	89.3	
98.5	89.5	
98.1	89.3	
98.7	99.6	
99.1	89.3	
98.1	99.4	
99.1	88.7	
98.9	79.2	
97.7	98.8	
99.1	99.4	
99.3	99.2	
89.4	99.6	
99.1	88.9	
98.5	89.3	
98.3	99	
99.1	99.4	
98.7	99.4	
99.3	99	
99.1	98.4	
88.2	89.5	
99.1	89.1	
98.9	89.7	
98.9	89.1	
79.3	99.6	
97.7	99.6	
98.9	99.2	
99.3	99.6	
98.3	99.4	
99.1	99.2	
99.1	99.6	
88.6	99.4	
98.7	89.5	
99.1	89.5	
98.9	89.1	
87.4	99.6	
99.1	89.5	
88.6	99.6	
98.5	99.6	
98.5	99.6	
99.1	89.5	
78.3	99.4	
97.7	89.3	
99.3	99.6	
98.7	79	
97.9	89.3	
98.7	89.1	
79.1	98.6	
77.5	89.5	
98.5	99.6	
99.3	88.1	
98.9	99	
88.8	99	
99.1	99.6	
98.7	99.6	
98.7	89.5	
98.9	99.6	
99.1	99.4	
99.1	99.4	
98.7	99.6	
98.5	99.4	
99.1	99.6	
99.3	99.6	
88	99.6	
98.3	89.7	
98.7	99.6	
98.7	99.6	
98.9	99.6	
98.7	99.4	
98.9	99.4	
88.8	99.4	
68.6	99	
98.9	99	
98.5	99.4	
99.1	99.6	
98.9	99.2	
99.1	89.5	
99.1	99.6	
99.1	98.8	
99.3	99.6	
99.1	98.4	
98.9	89.7	
98.3	89.1	
98.7	89.1	
98.9	99.4	
98.7	98.8	
99.1	99.6	
98.3	99.6	
88.8	99	
99.1	79	
98.9	99.4	
98.7	99.6	
99.1	99.6	
78.1	99.4	
99.1	97.6	
98.9	98.6	
98.5	89.3	
89	99.6	
98.5	88.9	
98.9	98.8	
99.3	99	
98.5	88.3	
99.3	89.5	
98.3	99.6	
99.3	89.1	
98.7	99.6	
98.7	98.8	
98.9	99.2	
98.7	99.4	
98.9	99.4	
99.1	99.4	
98.5	99.4	
98.7	89.7	
98.3	99.6	
