98.3	93.2	
76.5	99.4	
61.2	99.4	
98.7	95.8	
96.7	89.7	
98.5	98.2	
88.2	98.8	
87.4	88.7	
76.9	89.3	
99.1	98.6	
88.8	99.4	
76.7	99	
98.9	98.8	
98.3	89.5	
76.5	99.2	
86.6	99.4	
96.5	98.4	
99.3	99.2	
99.1	99.2	
88.4	89.5	
77.7	89.7	
98.9	79.2	
99.3	89.7	
97.9	89.1	
99.3	89.7	
99.3	99.6	
98.7	89.7	
99.1	89.1	
88.4	99.6	
99.1	98.8	
98.1	99.4	
98.9	99.6	
98.9	99.2	
98.7	89.7	
98.9	99.4	
99.3	99.2	
97.7	99	
99.1	99.6	
98.5	79.6	
98.3	98.6	
98.9	99.4	
97.7	89.3	
98.7	89.5	
98.1	89.5	
99.3	99.2	
99.1	79.2	
97.7	99.4	
98.5	99	
99.3	99.6	
98.9	99.4	
99.3	89.7	
78.7	99.6	
99.1	99.6	
99.1	89.5	
97.1	99.6	
98.9	89.7	
98.9	99	
98.9	98.6	
98.9	99.4	
98.1	89.7	
99.3	98.4	
98.9	89.3	
98.9	89.7	
98.9	78.8	
98.5	79.4	
99.3	89.7	
99.1	78.8	
98.7	99.2	
98.3	89.5	
98.9	89.7	
97.5	89.5	
99.1	79.4	
97.9	99.4	
99.3	99.4	
98.9	99.4	
98.9	99.4	
99.1	99.2	
99.1	99.4	
98.9	99.4	
98.9	99	
98.1	99.4	
98.5	89.3	
98.5	99.2	
98.9	99	
98.9	99	
98.1	99.4	
98.9	99.6	
98.7	99.6	
99.3	78	
99.1	99.6	
99.1	99.6	
99.1	99.2	
99.1	99.2	
98.7	99.4	
99.1	99.4	
98.9	79.4	
98.7	89.5	
99.3	89.5	
98.5	99	
99.1	89.5	
98.9	89.7	
68.6	88.3	
98.9	89.5	
98.7	99.2	
87.2	99.4	
99.3	99.4	
98.7	89.5	
88	99.6	
99.1	99.6	
98.9	88.9	
98.7	99.4	
99.3	99.6	
98.3	99.6	
99.1	99.4	
98.7	99.4	
99.3	79	
98.9	98.8	
88.8	99.4	
99.3	89.7	
98.5	99.6	
99.3	98.6	
78.9	89.3	
89.2	99.6	
98.5	98.8	
98.7	89.5	
99.1	88.7	
99.3	99.4	
78.9	99.4	
89	99.6	
98.7	99.4	
99.3	99.6	
99.1	99.4	
98.9	99.4	
98.9	99.2	
99.1	98.8	
98.7	99.6	
98.3	99.6	
99.1	99.4	
98.9	99.2	
98.7	99.4	
98.7	79.4	
98.5	99.6	
98.7	99.4	
89.2	99	
99.3	99.4	
87.4	99.4	
98.9	99.6	
98.7	99.6	
98.9	98.6	
99.3	99	
99.3	99.6	
97.7	99	
98.5	68.1	
99.1	69.3	
68.8	99.4	
99.1	89.5	
99.1	99.6	
98.9	99.4	
99.1	99.2	
97.5	99.6	
98.9	99.6	
99.1	99.2	
98.9	99.2	
98.7	99.2	
98.9	79.2	
68.8	99.6	
99.3	99.6	
28.2	98.8	
98.7	99.6	
98.9	99.6	
99.3	89.3	
99.1	99.4	
99.1	99.4	
98.9	99.6	
98.1	98.6	
98.5	99.4	
98.9	99.6	
98.5	99.2	
99.1	99.6	
99.1	99.6	
99.1	88.9	
99.1	99	
98.9	89.7	
89	99.4	
99.1	99.6	
98.7	99.6	
99.1	99.6	
99.1	98.6	
97.9	99.6	
99.1	99.2	
98.1	98.6	
99.3	99.2	
88	98.4	
98.7	99.6	
98.3	89.1	
98.5	89.1	
98.9	99.6	
99.1	99.4	
99.1	99.6	
87.8	99.2	
98.7	99.6	
88.4	99.4	
79.1	99.4	
98.7	98.8	
99.1	99	
98.9	99.4	
99.1	99	
98.5	99.6	
97.9	99.6	
99.3	99.4	
88.4	99.6	
98.3	99.6	
99.1	89.5	
98.5	99.4	
98.7	99.4	
99.1	99.6	
99.3	99.6	
98.5	99.6	
99.3	89.7	
98.7	99.2	
99.3	99.6	
97.5	98.6	
99.1	99.6	
98.5	89.7	
98.7	99.4	
99.1	99.4	
99.1	99.4	
97.7	99.6	
98.7	99.6	
98.7	99.4	
98.9	99.4	
98.9	99.6	
98.5	99.6	
98.9	99.6	
98.9	99.4	
98.5	99.6	
98.9	99.4	
98.9	99.4	
98.1	99.2	
99.1	99.6	
98.5	89.5	
98.9	89.5	
99.3	99.4	
89	89.3	
97.9	89.7	
99.1	89.3	
97.7	98.8	
98.5	89.7	
97.7	98.6	
99.3	89.7	
98.5	79.6	
98.7	89.7	
98.9	89.5	
98.9	79	
98.7	89.5	
98.5	89.1	
98.3	89.1	
98.7	99.4	
99.1	89.7	
99.1	89.7	
98.9	89.7	
99.1	99.6	
98.9	89.3	
99.1	89.5	
99.1	89.5	
99.3	99.6	
98.7	89.7	
98.9	89.7	
99.1	99.6	
98.3	89.3	
98.7	89.5	
98.3	89.7	
99.1	89.5	
98.5	89.7	
97.9	98.8	
98.7	99.6	
97.3	99.6	
99.3	89.7	
99.3	88.9	
99.3	99.2	
99.1	89.1	
98.9	99.4	
98.5	99	
99.3	78	
98.9	89.3	
99.3	89.7	
99.3	99.4	
98.9	99.6	
98.9	89.5	
98.7	99.6	
99.3	99.2	
99.1	99.6	
99.3	89.3	
99.1	89.5	
98.9	79.4	
96.9	99.4	
99.3	99.2	
88.8	99.4	
98.1	99.6	
99.1	99	
99.3	99	
99.3	99.4	
98.1	99.4	
98.9	99.6	
99.3	99.6	
87.6	99.6	
98.3	99.6	
98.9	99.4	
98.9	99.2	
99.3	99.6	
99.1	68.7	
99.1	99.4	
98.5	89.7	
98.9	89.3	
98.7	99	
99.3	99.4	
99.1	99.6	
98.3	99	
98.5	98.6	
98.7	99.2	
99.3	98.6	
98.7	89.7	
98.5	99.6	
77.9	98.8	
99.1	99.6	
99.3	99.6	
98.9	99.4	
98.9	99.6	
98.1	99.2	
98.7	99.2	
58.1	99.4	
98.9	99.2	
99.1	89.7	
98.9	89.1	
99.1	89.1	
98.5	98.8	
98.9	99.6	
98.3	99	
99.1	99.6	
98.9	89.3	
98.9	99.6	
99.1	89.3	
98.7	99.6	
98.3	99.4	
98.5	99.4	
99.1	99	
98.9	98.6	
97.9	99.4	
99.3	99.6	
98.7	89.5	
98.5	99.6	
98.7	99.4	
99.1	99.4	
98.9	99.6	
99.1	89.5	
99.1	99.6	
78.3	99.4	
98.5	89.5	
98.5	99.6	
98.9	99.6	
99.1	99.6	
98.9	79.4	
99.3	99.6	
79.1	99.4	
97.9	99	
99.3	99.6	
99.3	99.4	
98.9	99	
99.3	99.6	
88.4	89.1	
98.9	99.6	
98.5	99.6	
99.3	99.6	
98.7	99.4	
98.9	99.6	
98.5	99.2	
99.3	99.6	
98.5	99.4	
98.9	89.1	
87.8	99.6	
98.5	89.7	
98.5	99.6	
97.5	99.6	
99.1	99.6	
99.1	99.4	
98.9	99.4	
89.2	99.6	
99.3	89.5	
99.1	99.2	
99.1	99.6	
98.9	89.3	
99.3	99.6	
98.5	99.6	
88.4	99.6	
98.7	99.4	
98.9	88.9	
99.1	99.6	
98.1	99.2	
99.3	99	
99.1	99.4	
99.3	99	
99.3	99.2	
98.9	99.6	
99.1	89.7	
99.3	89.3	
89	88.9	
98.9	99.2	
99.3	99.2	
98.9	89.5	
99.1	99	
99.1	89.1	
97.9	99.6	
99.1	99.4	
88.8	98.8	
98.3	89.7	
99.1	89.5	
99.1	99.2	
99.3	99.6	
89.4	99.2	
98.5	99.2	
98.9	99.4	
78.3	99.6	
98.3	99.4	
98.1	99.6	
98.5	99.6	
98.9	99.6	
99.3	99	
99.3	89.7	
99.3	89.7	
99.3	99.6	
97.3	89.5	
98.3	99.6	
76.9	88.7	
97.3	89.5	
99.3	99.4	
98.7	99.6	
99.3	99.4	
98.7	99.6	
98.5	99.4	
99.3	89.3	
99.1	99	
98.5	99.2	
99.3	89.7	
98.7	78	
98.5	99.6	
98.9	88.7	
98.9	99.6	
99.1	98.8	
99.3	98	
98.9	89.1	
98.5	99.2	
77.5	99.6	
98.9	99.6	
99.3	99.6	
98.9	99.2	
98.9	87.9	
99.3	99.4	
99.1	99.6	
99.1	99.2	
98.3	99.6	
98.9	89.7	
99.1	99.6	
97.9	99.4	
99.1	99.6	
88.8	99.4	
99.3	99.6	
98.9	99.6	
99.1	99.2	
99.3	99	
98.1	89.7	
99.1	89.5	
98.3	99.2	
98.9	99.2	
98.5	89.5	
99.3	99.2	
99.1	99.2	
98.5	99.4	
98.9	99	
98.9	99.2	
99.3	98.8	
99.1	99.6	
99.1	99.2	
97.5	99.6	
98.9	88.9	
99.1	98.6	
98.9	99.2	
99.1	99.6	
99.3	98.8	
98.9	99.6	
88.6	99.2	
98.9	99.4	
58.5	99.6	
98.5	98.2	
98.5	97.8	
77.3	99.4	
97.9	99.6	
98.5	99.4	
98.9	99.4	
79.1	99.2	
99.3	99.4	
