43.4	85.1	
96.7	89.5	
25.4	89.7	
76.1	89.7	
98.7	89.3	
98.1	89.3	
97.5	99.6	
87.8	99.6	
98.1	89.3	
89.2	99.6	
88.8	88.7	
96.7	99.4	
87.6	88.9	
83.8	89.7	
98.1	89.5	
80.6	89.5	
98.5	99.6	
99.1	89.3	
98.5	89.7	
98.7	99.6	
99.1	99.4	
99.3	99.6	
99.3	89.7	
98.9	99.2	
98.7	99.6	
99.3	89.7	
98.7	98.8	
98.9	99.4	
97.9	99.2	
98.3	99.4	
99.1	79.4	
99.1	79	
99.1	99.4	
99.3	99.4	
99.3	99.4	
88.8	99.4	
99.1	99.6	
99.3	99.4	
88.8	99.2	
99.3	99.2	
98.7	99.6	
99.3	89.7	
98.7	99.2	
99.1	99.6	
99.1	79.4	
98.9	99.6	
99.3	89.5	
99.1	89.3	
98.5	89.7	
99.3	99.6	
89	89.7	
98.5	99.6	
98.7	99.6	
99.1	89.5	
99.3	89.5	
89.2	99.6	
98.3	99.4	
99.3	99.4	
99.3	99.4	
98.9	89.3	
99.1	99.6	
88.8	99.4	
99.3	89.7	
99.3	89.7	
99.1	89.7	
89.2	99.6	
99.3	99.6	
99.3	98.4	
99.3	99.6	
99.3	99.6	
99.3	89.5	
99.1	99.4	
69.2	89.5	
89.2	99.4	
99.3	99.4	
99.1	89.5	
57.9	99.6	
99.3	79.4	
99.3	99.4	
99.3	99.6	
89.2	89.7	
99.1	99.6	
99.3	99.4	
89.4	89.7	
99.1	99.6	
89	79.4	
99.3	99.6	
99.3	99.6	
79.1	99.6	
88.8	99.6	
99.1	99.6	
99.1	89.5	
99.3	89.7	
99.3	99.2	
99.3	99.4	
99.3	99.6	
99.3	99	
89	89.7	
99.3	99.6	
99.1	99.6	
99.3	89.5	
99.3	99.6	
99.3	99.4	
89.4	99.6	
99.3	99.6	
99.3	89.1	
99.3	99.2	
58.7	99.6	
99.3	89.7	
99.3	89.5	
98.3	89.3	
88.2	99.4	
99.3	99	
99.1	89.7	
88.6	89.5	
79.3	99.6	
99.3	99.2	
99.3	99	
79.1	99.6	
89.2	89.7	
99.1	99.2	
98.9	99.6	
99.3	99.6	
99.1	89.3	
99.3	79.4	
89	89.5	
88.8	99.6	
99.1	99.6	
99.1	89.5	
99.1	99.6	
99.3	99.4	
99.3	89.7	
99.1	99.4	
99.1	99.4	
89.4	99.2	
99.3	89.5	
89.4	89.5	
99.3	99.6	
99.3	89.1	
99.3	99.6	
99.3	99.6	
58.5	99.2	
99.3	79.6	
99.3	99.6	
99.1	89.5	
89.4	99	
88.6	79.2	
98.9	89.7	
88.8	99.4	
89	99.6	
99.3	99.4	
99.3	99.6	
98.7	99.6	
99.3	99.6	
99.3	99.4	
99.3	89.5	
99.3	89.7	
99.1	99.6	
98.9	99.6	
99.1	99.2	
99.1	99.6	
98.9	79.6	
99.3	99.6	
98.9	99.6	
98.9	99.4	
99.1	99.6	
99.3	89.7	
99.3	99.6	
99.1	99.6	
98.9	98.8	
98.7	89.3	
98.9	99.6	
99.1	99.4	
89.2	99.2	
89.2	89.7	
99.1	89.7	
99.3	79.2	
99.3	79	
98.3	89.7	
99.1	79.6	
98.9	99.4	
89.2	99.2	
98.7	99	
98.9	99.6	
98.9	89.3	
99.3	99.4	
78.5	99.6	
99.1	99.6	
99.3	99.6	
99.1	89.7	
99.1	99.6	
99.3	79.6	
98.9	69.3	
98.7	99.6	
98.7	99.6	
89	89.7	
99.3	79.6	
99.3	89.5	
78.5	99.6	
98.9	99.4	
99.3	99.4	
99.1	99.6	
98.9	99.4	
99.1	99.2	
98.7	99.6	
78.7	99.6	
99.1	99.2	
98.7	99.4	
99.3	99.2	
99.1	99.6	
99.3	99.6	
99.3	99.6	
89	99.6	
99.3	99.6	
98.7	99.6	
99.1	99.6	
98.7	99.2	
99.1	99.4	
98.7	79.2	
98.9	99.4	
99.1	99.6	
99.3	99.6	
99.3	99.6	
99.1	99.4	
99.3	99.6	
99.3	89.7	
99.3	79.2	
99.3	99.6	
97.3	89.7	
99.3	99.4	
99.3	89.7	
98.9	89.7	
89.4	99.4	
78.9	99.6	
99.3	79.6	
99.1	99.6	
99.3	99.4	
99.3	99.4	
99.1	99.2	
99.3	99.4	
99.3	99.4	
79.1	89.7	
99.3	89.7	
99.1	99.2	
99.1	99.4	
99.1	89.5	
99.3	89.3	
98.9	89.7	
99.3	99.6	
99.3	99.6	
98.9	89.7	
99.3	89.3	
99.3	99.6	
98.9	99.6	
78.1	89.7	
99.1	99.6	
99.1	89.7	
99.3	99.2	
99.3	89.7	
99.3	99.6	
98.9	89.5	
99.1	99.6	
99.1	99.6	
78.7	99.6	
98.5	99.4	
99.1	99.6	
99.1	99.6	
68.8	99	
98.9	99.4	
98.9	99.6	
99.1	99	
99.1	89.7	
99.3	99.6	
99.1	89.5	
99.1	89.7	
99.3	79.2	
99.3	89.7	
99.1	99.4	
89	79	
99.3	99.6	
99.3	89.7	
98.7	99.6	
99.1	89.5	
99.1	99.4	
98.9	89.5	
99.3	89.5	
69	89.7	
98.7	99.6	
99.1	99.6	
99.3	99.6	
99.1	99.4	
99.3	99.4	
99.3	99.2	
78.5	89.5	
98.7	89.7	
89.2	89.7	
99.3	89.7	
99.3	99.6	
99.3	89.5	
98.1	99.6	
98.9	89.7	
99.3	98.8	
99.3	79.4	
98.7	99.6	
99.3	99	
99.3	89.7	
98.3	99.6	
99.3	89.5	
99.3	89.5	
98.7	89.7	
99.1	79.4	
97.7	89.5	
98.9	99.6	
99.3	99.4	
99.3	89.3	
98.5	99.6	
99.3	89.7	
99.1	99.6	
98.9	99.4	
89.4	89.3	
99.1	79.6	
99.3	89.7	
99.1	88.7	
99.3	89.7	
99.3	79.4	
99.1	79.2	
99.3	89.5	
97.7	99.6	
89	89.7	
99.1	99.4	
99.3	99.6	
98.5	99.4	
98.9	99.6	
99.1	99.6	
99.3	79.4	
79.1	99.2	
98.3	89.7	
89	88.9	
99.3	79.6	
99.3	99.6	
99.3	99.6	
98.9	99.6	
99.3	99.6	
99.3	99.6	
99.3	99.6	
89.4	99.6	
99.3	99.6	
99.1	99.4	
89	89.7	
98.9	99.4	
99.3	89.3	
98.5	99.6	
98.7	99.6	
98.9	89.7	
99.1	99.4	
99.3	99.6	
99.3	99.6	
99.1	99.6	
99.3	79.2	
98.9	89.5	
99.3	99.6	
98.5	99.4	
99.3	99.6	
98.9	99.4	
99.3	99.6	
89.2	99.6	
99.1	99.4	
99.1	99.6	
98.7	99.4	
99.3	99.6	
99.1	89.5	
99.3	89.3	
99.1	89.5	
99.3	99	
98.9	89.7	
88.8	89.5	
98.3	89.5	
98.5	99.6	
98.7	99.4	
98.9	99.6	
99.3	99.4	
56.3	99.6	
97.9	99.6	
99.1	99.6	
98.9	89.7	
99.3	99.4	
99.1	89.7	
99.3	79.6	
99.3	99.6	
99.1	89.5	
98.1	99.6	
98.9	99.2	
99.3	99	
99.1	99.4	
99.1	98.8	
99.3	99.6	
98.5	99.4	
99.1	79.2	
98.7	99.4	
99.3	99.6	
99.3	89.7	
99.1	99.6	
99.1	99.6	
99.1	89.7	
99.1	99.6	
89.2	98.8	
99.1	89.5	
99.1	99.6	
99.1	89.5	
98.3	79	
98.5	89.7	
98.9	89.7	
98.9	89.7	
98.9	89.5	
99.3	89.7	
99.1	99.4	
98.7	89.3	
98.7	99.6	
99.1	89.7	
98.7	89.7	
99.1	99.6	
98.9	99.6	
99.3	89.5	
99.1	99.6	
89.2	89.7	
98.9	99.4	
99.3	89.7	
98.9	99.2	
99.1	99.6	
98.9	69.3	
98.3	99.6	
99.3	99.6	
99.1	98.8	
99.3	99.6	
99.1	99.6	
99.1	99.2	
99.1	89.7	
98.5	89.5	
99.1	89.7	
99.1	99.6	
89	99.6	
79.3	99.4	
89.4	99.6	
99.3	89.7	
99.3	79.2	
99.3	99.6	
98.9	99.4	
99.3	89.7	
98.5	99.6	
99.3	89.5	
98.1	99.4	
98.7	99.6	
99.1	99.6	
98.9	89.5	
98.9	89.5	
99.3	89.7	
99.3	99.6	
99.1	99.4	
99.3	89.7	
99.1	69.1	
99.3	89.7	
89	89.7	
98.9	99.6	
99.1	99.6	
99.3	89.7	
99.1	89.3	
89.2	99.4	
99.3	99.6	
98.5	99.2	
99.1	99.2	
99.3	99.6	
99.3	99.6	
98.7	99.6	
99.3	89.5	
98.9	89.7	
99.1	99.2	
99.1	89.1	
99.3	99.2	
98.9	89.7	
99.1	99.6	
89	99.2	
99.3	99.2	
78.7	99.2	
99.1	89.7	
98.7	99.6	
99.3	99.6	
98.9	99.6	
78.9	89.3	
99.1	99.4	
99.1	99.6	
89.2	99.4	
98.7	99	
98.9	89.5	
78.9	89.5	
98.5	99.6	
99.1	99.6	
98.3	99.6	
99.1	99.4	
98.9	99.6	
99.3	89.7	
