12.9	77.4	
98.3	87.1	
87.2	89.7	
96.3	89.5	
71.1	89.5	
99.3	89.5	
98.7	89.3	
99.1	89.3	
99.3	99.4	
99.1	99.2	
98.9	99.2	
99.3	99.4	
99.1	99.4	
98.9	99.2	
99.1	99.4	
99.1	99.4	
99.3	99.4	
99.1	98.4	
98.9	99.4	
99.1	89.5	
99.3	99.2	
99.3	99.4	
99.1	99.4	
98.5	99.2	
99.1	89.7	
99.1	99.4	
99.1	89.3	
99.3	99.4	
98.7	99.4	
99.1	89.3	
98.7	99.4	
98.9	99.4	
98.7	98.6	
99.3	99.4	
98.9	89.1	
99.3	89.5	
98.5	89.3	
98.9	89.5	
98.7	69.3	
99.3	89.5	
99.3	89.5	
99.1	89.7	
99.3	89.7	
99.1	79.6	
98.7	99.4	
99.3	99.4	
99.1	99.4	
98.9	89.7	
99.3	89.5	
98.7	89.7	
87.2	89.7	
98.5	89.7	
99.3	79.6	
98.9	89.7	
99.1	89.7	
98.7	89.7	
98.7	89.7	
98.9	89.3	
98.7	89.7	
99.1	69.5	
99.3	89.7	
99.3	99.2	
99.3	99.2	
98.1	99.2	
99.3	89.5	
88.8	99.4	
99.3	99.4	
98.9	99	
99.1	89.1	
99.1	89.7	
99.3	89.5	
97.9	89.7	
97.5	89.7	
98.3	89.5	
98.7	89.5	
99.1	78.8	
98.5	89.5	
98.7	89.5	
98.9	89.7	
98.7	89.7	
98.9	88.9	
99.1	89.7	
98.9	89.7	
98.5	89.5	
98.3	99.4	
98.7	89.3	
98.9	79.6	
98.5	89.5	
99.1	89.7	
98.9	89.7	
98.5	88.9	
99.3	89.5	
98.3	89.7	
98.7	68.9	
99.3	89.7	
99.1	89.7	
99.3	89.5	
99.3	89.7	
98.9	89.5	
99.1	89.7	
99.1	89.7	
99.3	89.7	
98.5	89.5	
99.1	89.5	
99.3	68.1	
99.1	89.5	
98.9	89.7	
99.3	89.7	
98.7	79.6	
99.1	89.5	
99.1	89.7	
99.3	99.2	
98.9	79.6	
99.3	79.6	
99.3	88.7	
98.9	89.7	
99.1	79.2	
99.3	89.3	
99.1	79.2	
99.3	89.5	
99.3	89.5	
98.5	89.5	
99.1	89.5	
99.1	79.2	
99.1	89.5	
99.3	89.5	
98.7	68.9	
99.3	99.4	
98.7	99	
98.9	98.8	
99.3	89.3	
98.9	79.2	
99.1	89.3	
99.3	67.9	
99.3	89.5	
99.3	89.3	
99.3	89.3	
99.3	89.5	
99.3	89.5	
99.1	89.3	
97.7	89.3	
99.3	89.5	
99.1	89.3	
99.3	99.2	
97.5	89.1	
99.3	99.2	
98.3	89.3	
98.9	99.4	
98.9	99.4	
98.7	99.4	
99.3	78.8	
99.3	97.2	
98.5	89.3	
98.9	99.6	
88.2	99.6	
98.9	99.6	
97.3	89.5	
99.1	99.4	
98.9	89.5	
99.1	89.7	
99.3	79.2	
98.9	99.6	
99.3	99.6	
88.4	99.6	
99.1	89.7	
99.1	99.2	
68.8	99.2	
98.9	99.6	
98.1	99.6	
99.1	89.3	
98.9	99.6	
98.9	99.6	
99.1	99.6	
99.1	99.6	
98.7	99.6	
98.9	99.4	
97.7	99.6	
98.9	99.2	
99.3	99.6	
99.1	99.6	
98.9	88.3	
99.1	89.7	
99.1	99.6	
99.3	99.6	
98.7	99.2	
98.9	99.4	
98.7	99.2	
98.9	99.6	
99.3	99	
98.9	99.6	
99.1	99.6	
99.1	99.6	
97.5	89.1	
99.1	99.6	
88.8	99.6	
99.1	99.2	
98.9	99.4	
99.3	99.6	
98.9	99.6	
98.1	99.6	
99.3	99.4	
88.4	88.7	
88.2	99.4	
99.3	99.6	
99.1	98.8	
99.3	99.6	
99.3	99.6	
98.7	99.4	
98.9	99.4	
99.3	99.4	
99.3	99.6	
99.3	89.5	
89.2	99.4	
99.3	99.2	
99.3	99.6	
98.9	99.4	
99.3	99.6	
98.7	99.6	
99.3	99.6	
99.3	99.6	
99.1	99.4	
98.9	99.6	
98.5	99.6	
69	99.2	
98.5	99.6	
89.2	98.8	
89.2	99.2	
99.3	99.6	
98.9	99.2	
99.1	99.4	
99.1	99.6	
98.5	99.6	
99.1	99.6	
98.5	99.4	
99.1	99.6	
98.9	99.6	
98.7	99.4	
88.4	89.5	
89	99.6	
99.3	99.2	
98.7	89.5	
99.3	89.3	
99.1	99	
99.1	99.6	
99.1	99.2	
98.5	89.7	
99.3	99.6	
99.3	99.6	
98.5	89.5	
98.9	99.6	
99.1	99.2	
99.1	99.6	
99.1	99.6	
98.3	99.6	
99.1	89.7	
99.1	99.4	
98.7	99	
99.3	99.6	
99.3	89.5	
99.1	89.3	
98.7	88.5	
99.1	99.4	
99.1	99.6	
99.3	99.6	
99.1	89.3	
99.3	99.6	
98.9	99.4	
99.1	99.4	
88.8	99.6	
99.3	99.6	
99.1	99.4	
99.1	99.4	
99.3	99.6	
99.3	99.6	
98.9	89.7	
98.7	99.2	
99.1	99.6	
98.7	99.6	
99.3	99.4	
98.7	99.4	
99.1	99.6	
99.1	99.6	
98.7	89.5	
98.7	99.6	
99.3	98.8	
99.3	79.6	
99.1	89.3	
98.7	89.5	
98.9	99.6	
99.3	89.7	
99.3	89.3	
99.1	99.2	
98.7	99.6	
99.1	98.6	
99.1	89.7	
98.9	99.6	
99.1	99.6	
99.1	99.6	
99.1	99.6	
98.7	99.4	
99.1	99.6	
99.1	99.4	
99.3	99.6	
99.1	99.6	
99.1	99.6	
99.3	99.6	
99.1	89.7	
98.9	99.4	
99.3	99.6	
88	99.6	
98.9	89.7	
99.3	99.4	
99.3	99.2	
99.3	99.6	
99.1	99.4	
99.1	99.6	
98.7	99.6	
99.1	99.4	
98.9	99.2	
99.1	99.6	
99.3	99.6	
98.9	98.8	
99.3	99.4	
99.3	99.6	
98.3	99.2	
99.3	89.5	
99.1	99.2	
99.3	99.2	
99.1	99.4	
98.9	98.6	
99.1	99.4	
99.3	89.7	
99.3	99.2	
99.1	99.2	
99.3	99.4	
99.1	98.8	
99.3	99.6	
99.3	99.4	
99.1	99.6	
98.9	99	
99.1	99.6	
98.9	99.4	
99.1	99.6	
98.9	99.4	
78.9	99.4	
98.9	99.6	
89.4	99.4	
99.3	99	
99.3	99.6	
99.1	89.5	
99.3	99.6	
99.3	99.4	
99.1	99.6	
98.9	99.4	
98.7	89.5	
98.1	99.4	
99.3	99.6	
99.1	99.6	
99.3	99.6	
99.3	99.6	
99.1	89.7	
99.3	99.6	
99.1	99.6	
98.9	99.6	
98.5	99.6	
99.3	99.6	
99.1	99.6	
99.3	89.5	
99.3	99.4	
99.3	99.6	
99.1	99.6	
99.1	99	
99.3	89.7	
99.3	89.5	
99.1	89.7	
99.3	79.2	
99.3	89.7	
97.9	79.6	
98.5	89.3	
98.7	89.7	
99.3	89.7	
99.3	89.5	
98.7	89.1	
99.1	78.6	
99.1	68.7	
99.1	99.6	
97.9	89.7	
99.3	99.6	
98.9	89.7	
87.2	99.6	
99.3	99.6	
99.3	89.5	
98.5	99.2	
99.3	99.4	
99.3	99.4	
98.9	88.9	
99.1	99.6	
99.3	99.6	
99.1	99.2	
99.1	99.4	
99.3	99.4	
99.3	99.4	
98.9	99.6	
98.9	99.6	
98.7	89.5	
99.1	99.6	
99.1	78	
98.9	99	
98.5	99.6	
99.3	89.7	
99.3	99.2	
99.3	99.6	
99.3	99.6	
99.3	99.6	
98.9	89.7	
99.3	79	
98.9	99	
88.8	99.2	
98.9	98.8	
98.9	89.5	
99.1	89.5	
99.3	99.2	
99.3	89.1	
99.3	89.7	
99.3	89.5	
99.3	89.3	
98.9	89.3	
98.9	89.7	
98.9	89.5	
99.1	79.6	
98.7	99.6	
99.1	89.7	
99.3	99.6	
99.3	89.5	
98.9	79.6	
99.3	89.7	
98.9	89.7	
99.3	89.7	
99.3	89.7	
99.3	89.5	
98.5	79.4	
99.3	89.7	
99.3	89.5	
98.9	99.6	
99.3	89.7	
99.1	99.6	
98.7	99.4	
98.7	99.4	
99.1	99.4	
99.3	99.4	
99.1	99.4	
99.1	99.6	
99.1	99.4	
99.3	99.6	
98.9	89.3	
99.1	99.4	
99.1	89.5	
99.1	99.6	
99.3	99.6	
98.5	99.4	
99.1	98.4	
99.1	98.4	
98.9	99.6	
99.3	99.6	
99.1	99.6	
98.3	99.4	
99.3	99.6	
99.1	99.6	
99.3	98.8	
99.3	99.4	
99.1	99.2	
98.3	99.4	
98.9	99.6	
98.9	99.6	
98.5	99.4	
99.3	89.3	
99.3	99.6	
99.3	99.6	
99.1	99	
99.3	98.6	
99.1	89.5	
99.1	99.4	
98.7	99.6	
99.1	99.2	
99.3	99.6	
99.1	89.5	
99.3	99.6	
99.3	99.4	
98.3	99	
99.3	99.6	
99.3	89.3	
99.3	99.6	
99.1	99.4	
98.9	89.3	
99.1	99.4	
99.3	99.6	
98.9	99.6	
99.3	99.2	
98.9	99.2	
99.3	99.6	
