73.3	79.6	
96.9	79.6	
69	99	
63.6	89.5	
96.7	99.6	
97.1	89.7	
97.9	99.6	
98.5	89.7	
97.7	99.6	
77.9	99.6	
88.4	98.8	
97.5	99.6	
97.5	99	
98.7	99.6	
89.2	99.6	
99.1	99.6	
99.1	99.6	
99.3	99.6	
99.1	99.6	
99.1	99.6	
99.3	99.6	
69	99.6	
99.3	99.2	
99.1	99.6	
89.4	99.6	
99.1	89.3	
99.1	99.6	
99.3	99.6	
98.9	99	
99.3	99.2	
99.3	99.6	
99.3	99.6	
99.3	98.8	
98.9	99.6	
98.9	99.6	
99.1	85.7	
98.9	99.6	
99.3	98.8	
99.1	99.6	
89	98.6	
98.9	99.6	
98.9	89.5	
99.3	99.6	
99.1	98.4	
99.3	99.6	
98.9	99.6	
99.3	99.6	
99.3	99.6	
98.9	99.6	
98.7	99.6	
98.9	99.6	
99.3	99.6	
99.3	99.6	
99.3	99.6	
99.3	99.6	
98.7	99.6	
99.1	99.4	
99.3	99.6	
99.3	99.4	
99.3	99.6	
98.9	99.6	
99.3	99.6	
99.3	99.2	
98.7	99.6	
99.3	99.4	
99.3	99.6	
99.1	99.6	
98.9	99.6	
99.3	99.2	
99.1	99.6	
99.3	86.4	
99.3	99.6	
99.3	99.2	
99.3	99.4	
99.3	97.4	
99.1	89.7	
99.1	99.4	
99.1	89.7	
98.7	99.6	
89.2	99.6	
99.3	99.6	
98.5	99.6	
99.3	89.7	
98.9	89.7	
99.3	99.6	
99.3	99.6	
99.1	99.6	
99.1	99.6	
99.3	99.4	
98.5	99.6	
99.3	99.6	
99.3	99.6	
99.3	99.6	
98.9	99.6	
99.1	99.6	
99.3	99.6	
98.7	89.5	
97.9	99.6	
99.3	99.6	
99.3	99	
98.7	79.6	
99.3	89.7	
99.1	99.6	
98.9	89.7	
99.1	89.5	
99.1	89.5	
99.3	99.4	
99.3	99	
99.1	99.6	
99.1	99.6	
99.3	99.6	
99.3	99.6	
98.9	99.6	
99.3	99.6	
98.9	99.4	
99.3	99.6	
99.3	99.6	
89.2	99.6	
99.3	99.6	
89.2	99.2	
99.3	99.6	
89	89.1	
99.3	88.7	
99.1	99.6	
99.3	98.8	
88.8	99.6	
89	99.6	
99.3	88.9	
99.3	99.6	
99.3	99.6	
98.9	99.6	
99.3	99.6	
99.1	99.6	
99.1	89.3	
88.8	89.5	
99.1	99.4	
67.8	99.6	
99.1	98.8	
98.9	99.6	
88.8	99.4	
99.3	99	
99.3	99.6	
99.3	99.6	
89.2	99.2	
89.2	99.6	
99.3	99.4	
99.1	99.6	
98.9	99.4	
99.1	99.6	
99.3	99.6	
99.3	99.6	
99.3	99	
99.3	99.6	
99.1	99.4	
99.3	99.2	
99.1	99.6	
89	89.5	
99.1	99.2	
89.2	98.8	
99.3	99.6	
99.3	89.3	
99.3	99.6	
99.3	99.2	
89	99.6	
99.3	99.4	
99.3	99.2	
89	99.6	
99.3	89.5	
99.3	99.6	
99.3	99.6	
99.3	99.6	
99.3	99.4	
99.1	99.2	
88.6	99.6	
99.3	99.6	
99.3	99.6	
99.1	99.4	
89.2	99.6	
99.3	89.5	
99.3	99.6	
88.8	99.6	
89	99.6	
99.3	99.6	
99.1	99.6	
89.2	99.2	
99.3	88.9	
98.9	99.6	
99.3	99.4	
99.3	99.4	
99.3	99.6	
99.3	99.4	
99.3	99.6	
99.3	99.6	
99.1	99.6	
99.3	99	
99.3	99.6	
78.3	99.6	
78.7	89.7	
98.5	99.4	
99.1	99.6	
99.3	99.6	
99.3	99.6	
99.3	99.6	
99.3	89.5	
99.3	99.6	
89	99.6	
99.3	99.4	
99.3	99.6	
99.3	99.6	
89	99.6	
99.3	89.3	
89.2	99.2	
99.1	99.6	
99.3	99.6	
99.1	99.4	
98.9	99.6	
99.1	99.6	
99.3	78.8	
99.3	99.6	
99.1	99.6	
99.3	99.6	
78.5	89.7	
98.9	99.6	
99.1	99	
99.3	99.2	
99.1	99.6	
99.3	99.6	
99.1	99.6	
99.3	99.6	
99.1	99.4	
99.1	99.6	
99.3	98.6	
99.3	99.6	
99.3	99.6	
99.3	99.4	
99.1	99.4	
88.8	99.6	
99.3	99.6	
98.9	99	
99.3	89.7	
99.3	97.4	
89.2	99.6	
98.9	99.6	
99.1	89.7	
99.1	99.6	
99.3	99.6	
99.3	89.7	
99.3	99.6	
99.3	99.6	
89.2	89.3	
88.8	89.5	
99.1	99	
99.1	99.6	
99.3	99.6	
99.1	99.6	
99.1	89.5	
99.3	99.6	
99.3	99.6	
78.7	99.6	
99.3	99.6	
98.9	89.5	
99.1	89.5	
99.3	99.6	
99.3	99.2	
99.1	99.4	
99.3	68.5	
98.9	99.6	
99.3	99.6	
99.3	99.6	
99.3	99.6	
99.3	99.4	
99.1	99.6	
98.9	99.6	
89.2	99.4	
99.1	99.6	
99.3	89.5	
99.1	99.6	
99.3	99.6	
99.3	99.6	
99.1	99.4	
98.9	99.4	
99.1	98.2	
99.1	99.6	
98.9	99.4	
99.3	99.6	
99.3	99.6	
99.3	99.6	
98.9	99.6	
99.3	99.6	
99.3	89.7	
88.4	99.6	
99.3	99.6	
99.3	99.4	
99.3	99.6	
99.1	99.6	
99.3	99.4	
99.3	98.8	
99.3	99.6	
99.3	99.6	
99.1	99.6	
88.8	78.2	
99.1	99.6	
99.3	99.6	
99.3	99.6	
89	99.6	
99.3	98.6	
99.3	98.8	
98.9	99.6	
99.1	89.5	
99.3	99.4	
88.8	99.6	
99.3	99.4	
99.3	99.6	
99.3	99.6	
99.1	99.4	
98.7	99.6	
99.1	79.4	
99.3	99.6	
98.9	99.6	
99.3	99.4	
88.8	99.6	
99.3	89.7	
99.3	99.6	
99.3	99.4	
99.3	99.4	
78.7	99.6	
99.3	99.6	
99.1	99.6	
99.3	99.6	
99.3	99.6	
99.1	99.4	
99.1	99.6	
98.9	99.6	
99.3	99.4	
98.9	99.6	
98.7	99.4	
98.9	99.4	
99.1	99.6	
99.3	99.6	
99.1	99.6	
98.5	99.6	
99.1	99.2	
99.3	99.4	
99.1	99.6	
99.3	99.6	
99.1	99.6	
89.2	99.6	
99.3	99.6	
99.1	99.6	
89	99.6	
99.3	99.6	
99.3	99.6	
99.3	89.5	
99.3	99.6	
99.3	99	
87.6	89.7	
99.1	99.6	
99.3	99.2	
99.3	99.2	
89.2	98.4	
99.3	99.6	
99.3	99.6	
99.3	99.6	
98.9	99.6	
99.1	99.6	
99.1	99.6	
99.3	99.6	
99.1	99.6	
98.5	99.4	
99.3	99.2	
99.3	98.8	
99.1	99.6	
99.3	99.4	
99.1	99.6	
99.3	99.4	
99.3	99.6	
89	99.6	
99.1	99.6	
99.3	99	
99.3	99.4	
98.9	99.6	
99.3	99.6	
99.3	99.6	
99.1	99.4	
99.3	99.6	
99.3	99.2	
99.3	99.6	
98.7	99.6	
99.3	99.6	
99.3	89.3	
99.1	99.6	
98.9	99.6	
99.3	89.5	
99.1	99.6	
99.1	99.6	
99.3	89.5	
99.3	99.6	
99.3	89.7	
99.3	99.2	
88.8	99.4	
98.9	99.6	
99.3	99.4	
98.9	99.6	
99.1	99.6	
99.3	99	
89.2	89.7	
99.1	99.6	
99.3	99.6	
99.3	99.6	
99.3	99.6	
99.3	99.6	
99.3	99.6	
99.1	79.4	
99.1	99.6	
99.3	99.4	
99.1	98.4	
99.3	99.6	
99.1	99.6	
99.3	99.6	
99.1	99.6	
98.9	99.6	
98.9	99.6	
88.6	99.2	
98.9	99.2	
98.9	89.7	
89	99	
99.1	99.6	
99.3	99.6	
99.3	99.6	
99.3	98.6	
99.1	99.6	
89	99.4	
98.9	89.7	
99.3	89.7	
89	89.7	
99.1	99	
99.3	99.6	
99.1	99.6	
99.1	99.4	
99.3	98.4	
99.1	99.2	
89	99.6	
99.1	99.6	
99.3	99.6	
99.1	98.8	
99.3	99.6	
99.3	99.6	
88.4	89.7	
79.3	99.6	
99.1	99.6	
99.1	99.6	
99.1	99.6	
99.3	99.4	
99.1	99	
99.3	99.6	
98.9	99.4	
98.9	99.6	
99.3	99.4	
99.3	89.5	
99.3	99.6	
99.3	99.6	
99.1	89.5	
99.3	99.6	
99.3	99.6	
99.1	99.6	
99.1	89.5	
98.9	99	
99.3	99.4	
98.9	99.6	
99.1	99.6	
98.9	99.6	
99.3	99.6	
99.3	89.7	
99.1	99.6	
99.1	99.6	
99.3	99.6	
99.3	99.6	
99.3	99.6	
99.3	98.2	
99.1	99.6	
98.5	99.6	
99.1	99.6	
99.3	99.6	
99.3	99.6	
99.3	99.6	
99.3	99.6	
99.1	89.7	
99.1	99.6	
98.9	99.6	
99.3	99.4	
99.1	89.7	
99.3	99.6	
99.1	99.6	
98.9	99.6	
99.3	99.6	
99.3	99.6	
99.1	99.6	
99.3	99.4	
99.3	99.6	
99.1	89.7	
