97.1	79.6	
77.7	97	
32.3	88.9	
99.1	89.5	
98.3	95.2	
75.9	99.6	
44.8	88.5	
99.1	99	
86.2	78.4	
99.3	89.1	
97.1	93.6	
87.4	89.7	
97.1	91.4	
83.4	99.4	
95.7	89.5	
74.5	98.4	
97.7	99.4	
67.2	89.5	
65.8	87.5	
97.3	89.1	
78.7	96.6	
87.4	69.5	
68.4	98.8	
95.3	99	
75.7	59	
98.5	68.9	
98.9	99.2	
99.3	99.4	
98.1	76.8	
67.6	98.8	
98.5	99.2	
79.1	99.4	
98.9	89.3	
98.5	79	
97.7	89.5	
78.7	99.2	
98.7	99	
97.5	99.6	
98.9	88.7	
98.5	85.1	
98.7	89.7	
88.2	77.6	
86.8	89.5	
99.1	99.6	
97.9	99.2	
89.2	99.6	
99.3	85.9	
88.2	99.6	
98.9	99.2	
86.4	89.5	
74.9	88.5	
67.8	89.5	
98.5	99.4	
98.3	99	
98.9	99.4	
98.1	99.4	
87.6	99.4	
87.8	88.9	
98.9	79.6	
98.9	89.5	
98.5	88.5	
98.3	98.2	
98.1	98.4	
97.5	99.2	
67.4	99.2	
78.9	99.4	
77.3	99.6	
98.9	79	
98.7	85.7	
96.9	98.8	
98.9	99.6	
98.7	87.9	
98.5	99.4	
97.1	89.1	
98.7	78.8	
97.9	99	
98.1	99.2	
98.5	99.4	
97.7	99.2	
98.9	99.6	
99.3	89.3	
89	99.6	
95.5	99.2	
68.8	89.5	
98.7	99.4	
97.1	89.1	
99.3	88.9	
98.5	98.8	
88.8	68.9	
99.1	99	
89	88.9	
89.2	99.6	
98.1	99.6	
99.1	89.3	
96.1	98	
89.4	99.6	
98.5	97.2	
98.7	99.6	
88.8	99.6	
98.7	99.6	
97.7	99.6	
99.3	99.4	
98.9	88.5	
89.2	89.1	
99.3	79.2	
98.5	99.4	
98.5	98.4	
98.3	99	
89	89.7	
98.9	87.5	
97.5	98.8	
88.2	89.1	
99.1	86.9	
98.3	99.2	
64.6	99.2	
98.9	99.6	
98.3	98.6	
98.5	79	
77.3	99.6	
97.9	99.4	
76.9	88.9	
99.1	78.8	
99.1	98.8	
78.5	99	
99.3	99.6	
89	88.7	
98.7	98.8	
98.3	89.5	
98.3	99	
98.7	97.4	
98.5	98.8	
67.8	89.1	
98.5	89.3	
88	89.1	
97.7	98.8	
99.1	99.6	
89	99	
98.9	89.3	
98.7	99.6	
88.6	89.1	
98.7	98.4	
97.7	98.8	
68.2	99.4	
89	96.4	
86.4	99.4	
99.3	89.1	
78.9	98.6	
98.7	87.7	
99.1	98.4	
98.9	99.6	
98.9	99	
88.4	98.4	
78.5	99.2	
98.9	89.1	
88.6	99.6	
98.5	99.4	
99.3	78.4	
97.7	68.5	
99.1	89.7	
98.9	89.3	
98.3	89.7	
97.1	88.9	
89.2	98.6	
86.6	99.4	
98.7	99.4	
88.4	89.1	
88	89.5	
98.9	99.2	
98.9	99.4	
98.9	99.6	
98.3	97.4	
98.1	99.4	
98.9	98.8	
97.9	99.6	
88.6	87.9	
98.9	78.8	
98.7	98	
99.3	99.4	
98.9	99.6	
99.1	99	
88.6	99.6	
87.6	89.5	
78.7	99.6	
98.9	99.2	
97.5	99	
98.9	98.8	
98.5	89.7	
99.3	99.6	
99.3	89.7	
38.7	89.1	
79.5	97.8	
48	99.4	
97.9	98.4	
98.7	99.6	
89.4	78.8	
98.9	99.2	
98.7	89.3	
98.7	78.8	
98.9	99.4	
87	89.1	
98.7	98.6	
98.5	78.6	
98.7	88.9	
99.1	99	
87.6	89.5	
99.1	98	
99.3	87.9	
97.9	99.2	
98.9	99.2	
89	79	
98.5	99.2	
99.3	98.2	
85.6	99.4	
98.3	99.6	
98.3	99.2	
88.2	99.6	
98.7	79	
97.5	99.4	
88	89.3	
98.9	99.6	
98.7	88.7	
86.8	99	
88.4	99.4	
77.9	99.4	
88.2	99.4	
98.3	79	
98.7	98.8	
98.9	99.6	
99.1	98.8	
98.1	89.7	
98.7	89.1	
98.7	96	
97.7	88.9	
98.7	87.7	
99.1	98.6	
98.7	99.6	
99.3	99.2	
98.3	79.4	
99.3	99.4	
98.7	99.4	
97.9	78.8	
98.1	99.6	
88.6	79.4	
86.4	79.2	
97.3	88.9	
97.1	99.6	
89.4	99	
98.7	99.6	
98.3	99.2	
98.9	99.6	
78.9	97.4	
98.9	89.3	
98.7	99.6	
98.9	99.6	
98.3	99.6	
97.5	79.2	
56.5	89.5	
99.1	89.7	
98.5	89.7	
98.3	99.6	
98.9	99.6	
98.9	99.6	
99.3	88.3	
98.9	99	
98.9	99.6	
89.4	99.2	
98.9	88.5	
97.7	98.4	
98.7	99.4	
98.9	88.7	
88.6	99.4	
98.1	79.2	
89.4	99.4	
95.1	98.4	
98.1	99	
99.3	99.4	
99.3	88.7	
98.5	89.3	
98.5	89.7	
65.8	89.5	
98.7	89.3	
97.3	99	
98.5	99.4	
98.7	99.6	
66.2	98.8	
99.3	89.3	
88.4	99.4	
98.9	89.7	
88	98.2	
98.1	89.5	
98.7	99.6	
98.7	97.8	
98.7	99.2	
89.4	89.3	
79.1	78.4	
99.3	89.7	
78.9	99.6	
88.2	99.2	
99.1	89.5	
88.2	99.4	
99.1	79.2	
98.5	88.3	
99.1	89.1	
99.3	89.3	
98.1	99.2	
97.9	99.4	
86.4	99.6	
98.7	99.4	
98.7	99.6	
89	99.6	
88.2	69.3	
99.1	99.4	
77.7	99.2	
99.1	88.9	
99.3	88.7	
98.9	88.9	
98.5	89.1	
76.9	88.1	
99.1	99.6	
97.5	99.6	
98.9	99	
98.5	89.1	
98.9	99.4	
98.9	88.1	
99.1	89.1	
89.2	99	
99.1	99.4	
98.5	99.2	
98.3	89.7	
88	99.4	
87.8	79.4	
99.3	99.2	
97.1	87.3	
77.5	99.4	
57.1	99	
98.3	99.6	
99.3	97.8	
77.3	79.2	
98.9	99.2	
99.1	78.2	
98.5	99.4	
78.9	89.5	
58.9	99.4	
99.3	99.6	
99.1	68.7	
98.3	99.4	
99.3	89.5	
97.7	89.5	
79.1	99.2	
89.2	99	
98.5	88.9	
99.3	99.4	
98.3	89.1	
97.9	99.4	
98.9	89.5	
77.7	99.2	
98.3	97.8	
78.1	87.5	
98.1	99.2	
87	99.6	
98.9	99.2	
99.1	98.6	
99.1	98.8	
99.1	98.6	
98.9	99.6	
77.1	99.6	
87.6	99.4	
99.3	68.9	
99.1	79.6	
98.3	99.4	
98.3	99.2	
88.8	99.2	
69	89.1	
98.9	89.5	
99.3	99.6	
89	99.6	
97.7	99.2	
98.1	98.8	
98.1	89.3	
99.3	99	
98.9	79.6	
96.9	89.7	
98.3	99.2	
57.9	99	
99.3	99	
98.5	99.6	
98.9	99.2	
98.7	37.8	
88.6	99.6	
98.7	98	
99.3	89.5	
98.3	86.9	
98.7	89.3	
97.1	99.6	
99.1	89.5	
98.7	99.2	
98.1	99.4	
98.3	98.8	
98.5	99.4	
98.9	99.2	
99.1	99.4	
69	88.3	
78.3	99.6	
78.3	99.4	
97.7	99.6	
99.1	89.7	
98.7	99.6	
97.9	99.4	
99.3	99.2	
98.5	99.6	
98.9	99.6	
98.9	88.7	
99.3	98.8	
98.9	79.2	
87.8	79	
86.8	89.1	
98.7	98	
99.3	68.9	
36.3	98.6	
98.7	77.6	
98.9	99.6	
98.7	99.4	
98.9	99.6	
97.9	99	
99.3	99.4	
87.6	99.6	
99.1	89.7	
47.4	99.6	
79.5	99.6	
99.1	86.5	
97.9	99.4	
98.3	98.4	
88.6	89.5	
98.5	99.6	
99.1	88.7	
88.6	99.4	
88.6	98.6	
98.5	99.6	
79.3	99.6	
99.1	99.6	
99.1	99.4	
78.9	99.6	
98.7	99.4	
98.3	88.9	
89	88.7	
98.7	99.6	
98.5	99.4	
97.9	98.6	
88.6	89.3	
87.4	99.4	
98.9	99.6	
98.9	99	
98.7	99.4	
87.8	99	
58.9	99.4	
98.7	99.2	
98.9	88.7	
97.7	89.7	
99.3	99.6	
99.3	98.8	
88.8	98.6	
99.3	99	
99.3	99.4	
98.9	99.6	
98.9	98.8	
98.3	98.6	
97.5	89.7	
88	78.4	
88.2	98.4	
79.1	88.7	
98.9	79.6	
99.1	88.9	
98.7	99.4	
74.5	99.6	
69	88.5	
77.7	99	
79.1	99	
98.7	87.9	
98.9	99.2	
99.1	89.7	
68	89.7	
98.9	98.8	
97.7	99.2	
99.1	99	
89	99.2	
88.8	99.2	
79.1	97.2	
98.5	99.4	
99.3	89.3	
99.3	88.7	
97.7	99.6	
87.4	99.2	
87.8	99.6	
98.9	89.5	
78.1	98.6	
98.7	99.4	
98.9	89.1	
97.7	89.5	
98.9	88.9	
98.3	89.7	
