94.9	89.7	
72.5	99.4	
37.3	69.5	
95.7	89.7	
95.7	99.4	
97.9	89.7	
98.9	89.1	
88.8	99.6	
99.1	89.7	
98.3	89.5	
99.1	99	
99.1	99	
89.2	99.6	
89.2	99.4	
98.3	99.6	
98.9	99.6	
99.3	89.3	
89	99.6	
99.3	99.6	
88.8	99.6	
87.8	99.6	
98.7	89.5	
99.1	99.6	
88.8	99.6	
98.9	99.4	
99.1	99.6	
98.7	99.6	
99.1	89.3	
98.9	89.5	
89.4	99.6	
99.1	89.7	
98.9	99.6	
99.1	99.4	
99.3	79.6	
98.7	99.6	
99.3	99.6	
88.8	89.3	
99.3	99.2	
98.7	99.2	
88.6	99.6	
89.2	99.4	
99.1	98.6	
77.9	99.6	
89	99.4	
99.3	99.6	
98.7	99.6	
99.3	99.4	
99.1	99.6	
96.9	99.6	
99.1	98.8	
99.3	99.4	
98.9	99.6	
88.8	99.6	
99.3	97	
99.1	99.6	
99.1	99.4	
98.3	99.2	
99.1	89.1	
98.9	99.6	
99.3	99.6	
99.3	92.2	
99.3	99.6	
89.2	99.2	
99.1	79.2	
99.3	79.4	
98.3	99	
88.4	89.7	
98.9	99.6	
99.3	89.7	
99.1	69.3	
88.8	99.6	
98.9	99.6	
99.3	89.7	
98.9	99.6	
89.4	99.4	
78.7	99.6	
99.1	99.4	
99.1	88.7	
99.3	89.7	
99.3	99.6	
78.9	89.7	
99.1	89.7	
88.6	99.2	
98.9	89.7	
78.7	89.5	
99.3	89.7	
99.1	88.7	
99.1	99.4	
98.1	99.6	
99.1	98.8	
98.3	99.6	
98.7	99	
98.9	99.6	
98.9	99.6	
89.2	99.6	
98.5	99.6	
99.1	99.6	
99.3	99.4	
99.3	99.2	
99.3	99.6	
99.1	99.2	
99.3	99.4	
99.3	99.2	
99.1	99.6	
98.9	99.4	
88.6	99.6	
98.7	99.6	
99.3	99.6	
78.9	99.6	
98.9	99.4	
99.3	99.6	
98.5	99.6	
98.9	99	
78.9	89.5	
99.1	89.5	
98.9	99.6	
99.1	99.2	
89	99.6	
99.3	99.2	
98.9	99.6	
98.9	99.2	
99.3	99.6	
58.7	99.6	
98.3	99.2	
89.2	99.6	
98.5	98.8	
98.7	78.6	
98.7	98.6	
99.3	99.6	
98.7	99.4	
98.7	99.6	
89.2	99	
98.7	99.2	
89	99.6	
89.2	99.2	
99.3	99.6	
98.5	79.6	
89	99.4	
99.3	99.4	
99.1	89.7	
98.1	99.6	
99.1	99.6	
98.9	89.1	
98.3	99.4	
99.1	99.4	
99.3	99.2	
98.5	89.5	
98.9	99.2	
99.1	99.6	
99.3	99.4	
98.9	99.4	
78.3	89.7	
99.1	89.5	
98.9	89.7	
88.8	89.5	
98.9	89.7	
99.1	89.7	
99.3	89.3	
99.1	99.6	
99.3	99.6	
98.5	89.5	
98.3	89.7	
99.1	79	
99.3	89.7	
98.9	79.4	
98.9	89.5	
89	89.5	
98.7	89.7	
99.1	89.5	
98.7	89.7	
98.9	89.7	
98.7	79.2	
99.3	89.5	
98.7	89.7	
99.1	99.4	
98.5	99.6	
98.9	89.7	
98.7	89.5	
89.4	89.7	
89.4	99.6	
98.9	99.6	
99.3	99.2	
99.3	89.5	
77.3	99.6	
79.3	79.6	
98.9	89.5	
99.1	99	
99.1	99.6	
99.3	99.6	
89	89.3	
98.9	89.5	
99.3	99.6	
99.1	99.6	
99.3	99.4	
98.5	89.3	
99.3	99.6	
99.1	99.6	
79.1	99.6	
88.8	99.4	
99.3	99.4	
78.1	99.6	
99.3	89.7	
99.1	99.6	
99.1	89.7	
98.9	89.3	
99.3	99.6	
99.3	99.4	
99.3	99.6	
99.3	89.1	
88.6	99.6	
89.2	99.6	
98.3	99	
99.3	89.7	
98.7	99.2	
99.3	78.8	
87.4	89.7	
99.3	89.5	
78.5	99.2	
98.7	99.4	
89	99.4	
98.9	99.6	
89.4	89.3	
99.1	99.6	
98.9	99.6	
99.3	99.6	
99.1	89.7	
98.9	99.6	
99.1	99.4	
99.3	99.6	
98.9	99	
99.3	99.6	
89.2	89.7	
98.9	99.6	
98.7	99.6	
98.1	99.4	
99.1	99.6	
98.3	99.4	
98.5	99.4	
88.2	99.6	
99.3	99.6	
98.9	99.4	
98.5	99.6	
98.9	99.6	
99.3	99.6	
99.3	89.5	
98.7	99.2	
99.3	99.6	
98.7	99.4	
98.9	99.4	
99.1	99.6	
99.1	89.7	
98.5	99.4	
98.7	89.7	
98.1	89.3	
99.3	99.4	
98.5	89.5	
98.9	89.7	
99.3	89.7	
99.3	89.7	
89	89.5	
99.1	79	
89.2	89.7	
99.3	89.7	
99.3	89.3	
99.3	99.4	
99.3	88.9	
88.6	98.6	
99.1	79.4	
99.3	89.3	
99.1	89.7	
99.1	89.5	
99.3	98.8	
98.3	89.5	
98.5	99.6	
98.3	99.2	
88.8	98.8	
98.9	99	
99.3	99.4	
89.4	99.6	
89.4	99.6	
98.7	99.6	
89.2	99.4	
98.7	99.4	
99.1	99.6	
99.1	89.5	
99.1	99.2	
99.3	99.6	
89.2	99.4	
98.9	99.2	
99.3	99.6	
99.1	99.6	
98.5	99.4	
98.5	89.7	
99.1	99.6	
99.3	99.6	
98.7	99.6	
99.3	99.6	
99.1	99.6	
99.3	99.4	
99.3	99.6	
99.3	99.6	
99.3	99.6	
99.3	99.2	
99.3	99.4	
99.1	89.7	
98.9	99.2	
79.1	89.5	
98.9	99.2	
99.3	99	
99.1	99.6	
99.3	89.3	
99.3	89.7	
99.3	89.5	
98.9	89.7	
98.3	89.5	
99.1	89.7	
99.3	99.6	
98.9	89.1	
99.3	89.7	
99.3	69.5	
88.4	89.7	
98.5	89.5	
99.3	89.7	
98.9	89.7	
88.6	99.4	
98.7	99.6	
99.3	99.6	
98.7	99.6	
99.3	89.7	
99.3	99.6	
99.3	99.4	
88.4	99.6	
89	89.7	
89.2	99.4	
99.1	89.1	
89.4	89.3	
98.9	99.4	
89.2	99.4	
99.1	99.6	
99.1	79.6	
89	99.6	
99.1	89.7	
99.3	99.6	
99.3	89.7	
89.2	99.6	
97.9	99.2	
99.1	99.4	
98.9	99.6	
99.3	88.5	
98.9	89.5	
98.7	99.6	
98.9	99.6	
98.5	89.7	
99.3	89.5	
99.1	89.7	
98.9	99.4	
99.1	89.7	
99.3	89.5	
99.3	89.7	
99.1	89.3	
98.7	89.7	
89.4	89.7	
98.3	89.7	
99.1	89.7	
99.1	99.2	
98.9	89.7	
98.9	89.7	
99.1	89.7	
79.5	89.5	
98.7	89.7	
99.1	89.7	
99.1	79.6	
98.7	99.4	
98.9	79.6	
98.7	99.4	
98.3	99.6	
99.1	89.5	
88.8	89.5	
98.9	99.6	
99.3	99.6	
98.7	98.8	
88.4	99.6	
99.1	89.7	
99.3	99.2	
99.1	89.5	
88.8	89.7	
98.7	99.6	
78.5	99.6	
99.1	99.4	
98.7	99.2	
98.9	99.4	
99.1	89.3	
78.9	89.5	
98.9	89.5	
99.1	99.6	
89.4	99.2	
99.1	89.1	
89	99.2	
99.3	99.6	
98.7	89.3	
99.1	89.7	
99.1	89.5	
98.7	89.7	
88.6	89.5	
89	79	
99.1	89.3	
98.7	79.4	
88.8	89.7	
99.1	99.6	
99.3	99.4	
99.3	89.5	
99.3	99.6	
99.1	89.5	
99.1	89.3	
99.3	99.4	
99.1	99.6	
99.3	89.7	
98.9	89.7	
98.9	99.6	
99.1	99.6	
99.3	99.2	
99.1	99.4	
99.1	99.2	
99.3	99.6	
99.1	99	
98.7	99.6	
98.5	89.7	
98.9	89.7	
99.1	79.4	
87.2	89.7	
88.6	89.5	
99.3	89.7	
98.7	89.5	
99.3	99.6	
99.1	99.4	
79.1	89.7	
98.1	99.4	
79.3	99.6	
99.3	89.7	
99.1	99.4	
99.3	79.4	
98.9	99.4	
99.1	99.6	
99.1	89.5	
99.1	89.5	
99.1	89.5	
99.3	89.7	
98.7	89.3	
88.4	99.6	
89.2	89.7	
99.3	99.6	
99.1	89.7	
99.1	79.4	
98.7	99.6	
99.3	99.4	
99.1	99.6	
99.1	89.7	
88.8	99.6	
98.7	89.7	
98.9	99.6	
99.1	99.4	
99.1	99.6	
98.5	99.6	
89.2	99.6	
98.3	99.4	
99.1	89.5	
98.3	99.6	
99.3	89.5	
98.9	99.4	
98.9	99.6	
97.5	99.6	
98.5	99.6	
99.1	99.6	
99.3	99.2	
99.3	99.4	
99.3	89.5	
99.3	99.4	
98.7	99.2	
98.9	99.6	
99.3	99.4	
99.1	99.6	
99.3	99.6	
98.7	89.5	
99.3	99.6	
99.3	99.6	
99.1	99.6	
88.8	99.4	
99.1	99.4	
99.3	99.6	
99.3	79.4	
99.3	99.6	
98.9	99.6	
99.3	99.4	
98.9	89.7	
99.3	99.6	
99.3	99.4	
98.9	99.4	
99.3	89.7	
99.1	99.6	
99.1	99.6	
