77.7	89.5	
97.3	99.6	
62	89.1	
77.7	99.2	
74.3	99.6	
77.3	88.9	
97.1	98.8	
58.7	79.4	
98.9	99.2	
98.7	99.6	
98.1	99.4	
97.9	99.4	
98.9	99.6	
99.3	98.6	
97.3	99.6	
99.1	99.4	
99.1	99.6	
98.9	98.4	
86	99.6	
99.3	99	
98.5	99.6	
89.2	98.6	
98.7	99.2	
68	89.7	
98.9	98.8	
96.9	99.2	
99.3	98.8	
98.9	99	
58.9	89.5	
98.9	89.3	
99.1	99.6	
98.9	89.1	
99.1	99.6	
89	88.7	
98.9	99.2	
98.3	98.6	
98.1	99	
88.8	98.8	
94.9	98.8	
99.3	89.1	
98.7	98.8	
99.3	99.4	
99.3	99.4	
99.1	99.6	
77.5	99.2	
98.9	99.4	
99.3	99.2	
89	96.8	
99.1	99.6	
99.3	99.6	
97.3	99.4	
99.3	88.9	
99.3	99.6	
97.1	99.2	
88.4	98.6	
99.3	99.4	
99.3	89.5	
99.3	99.4	
98.9	98	
99.1	99.6	
78.3	99.6	
98.9	99.4	
98.5	89.7	
67.6	89.5	
98.7	79.4	
99.3	88.9	
99.1	99.4	
89.2	99.6	
88.8	99.6	
99.3	89.7	
98.9	99.2	
97.9	98.8	
99.3	99.6	
88.8	99.6	
88.8	99.6	
98.9	98.8	
98.9	99.6	
99.1	99.6	
98.9	99.6	
78.9	98.4	
89.4	89.7	
88.4	99.6	
79.1	89.3	
98.5	99.2	
97.7	99.4	
98.7	98.6	
76.5	99.6	
98.5	99.6	
98.7	79.4	
68.6	99.4	
98.5	99.6	
79.5	89.3	
79.3	99.2	
99.3	88.9	
98.9	99	
98.7	99.6	
99.3	98.6	
79.3	99.6	
89	68.3	
99.1	99.6	
98.5	99.4	
98.9	99.4	
98.1	99.6	
98.5	99.2	
98.9	99.6	
68.2	99.6	
98.9	89.5	
77.3	99.6	
88.4	99.6	
99.3	89.5	
98.9	99.4	
99.1	79.4	
89	99.2	
98.7	99.2	
99.3	99.6	
98.3	99.6	
99.3	99.6	
98.9	99.6	
98.1	99.4	
98.7	99.6	
97.5	98.6	
89.2	88.9	
99.3	99	
77.7	99.4	
89.4	99.6	
98.7	99.6	
98.7	89.3	
99.1	99.2	
98.7	99.6	
77.7	99.4	
98.9	99.4	
89.4	99.2	
99.3	88.7	
89	99.2	
78.9	99.2	
99.3	97.2	
98.9	89.5	
99.3	89.5	
98.9	99.6	
98.5	99.6	
99.1	99.4	
99.1	99.4	
99.3	99.4	
99.1	99.2	
99.1	99.6	
99.1	99.6	
88.8	99.6	
98.9	99.4	
99.3	99.6	
99.3	89.5	
99.3	99.6	
98.3	99.6	
99.1	99.4	
88.6	99.2	
99.3	89.3	
99.3	99.4	
78.7	79.6	
99.1	88.5	
99.3	79	
98.9	99.4	
98.9	99.2	
98.9	99.6	
98.7	99.6	
98.3	89.7	
98.9	98	
89.4	98.8	
98.1	89.7	
89	99.4	
98.7	99.2	
98.9	89.3	
99.3	89.7	
99.1	97.6	
98.5	98.8	
99.1	89.7	
99.1	79.6	
98.9	89.7	
99.3	89.7	
98.3	89.7	
97.9	89.7	
67.4	89.7	
99.1	89.7	
99.3	89.7	
99.3	79.2	
99.3	78.8	
98.7	99.2	
98.1	99.6	
99.1	99.6	
98.7	89.1	
98.9	99.4	
99.3	99.4	
99.3	89.7	
99.3	89.7	
99.1	89.7	
99.1	89.7	
99.3	89.7	
98.7	99.4	
88.2	89.7	
98.1	89.5	
88.2	89.7	
99.1	89.5	
97.9	89.7	
99.3	89.1	
98.7	89.5	
98.5	99.4	
98.1	89.3	
99.3	98.8	
99.1	79.4	
99.3	99.6	
99.1	89.1	
99.1	89.7	
99.3	99.4	
97.9	99.2	
97.9	99.6	
98.5	99.4	
99.3	99.2	
99.3	89.5	
89.4	99	
99.1	99.6	
99.1	99.6	
98.9	99.4	
99.1	69.3	
98.9	99.6	
98.9	89.7	
99.1	89.3	
98.9	99	
99.3	99.2	
99.1	89.7	
99.3	89.1	
99.1	89.3	
98.9	99.6	
98.9	89.5	
98.1	89.7	
78.1	89.5	
99.1	89.7	
98.7	78.8	
87.4	99.4	
99.1	99.6	
99.3	89.1	
98.7	89.5	
97.7	89.7	
98.9	88.9	
98.9	89.5	
99.1	89.5	
99.1	89.7	
98.3	98	
99.3	79.4	
88.6	89.7	
98.9	89.7	
99.3	89.7	
99.1	79.6	
99.1	89.5	
99.3	89.7	
78.9	89.5	
98.5	89.5	
69.2	89.3	
88.2	89.5	
88.6	89.5	
99.3	89.7	
98.9	78.8	
99.3	79.4	
98.5	89.7	
98.9	89.1	
98.7	99.2	
98.7	99.6	
99.1	79.4	
99.1	99.6	
98.9	89.1	
98.5	79.6	
87.6	99.6	
99.3	99.6	
89	89.3	
98.5	89.5	
98.3	98.8	
97.7	89.7	
79.1	59.4	
99.3	89.5	
79.1	89.7	
98.9	89.7	
99.1	89.3	
98.3	89.5	
99.1	99.2	
98.7	98.8	
98.5	99.6	
98.3	79	
98.9	99.6	
99.1	89.5	
99.1	88.3	
89	99.6	
98.7	99.4	
89.2	99.4	
97.9	99.6	
96.9	89.5	
89	99.6	
99.1	99	
99.1	99.4	
99.1	99	
99.1	89.3	
99.3	99.4	
98.1	99.4	
99.1	89.5	
99.3	89.5	
99.3	79.4	
99.1	99.2	
99.1	99.6	
98.9	99	
98.9	99.6	
99.3	88.9	
98.7	89.5	
99.3	89.7	
98.7	99.6	
97.7	99.6	
99.3	99.6	
99.3	99.4	
98.3	99.2	
99.1	99.4	
99.1	99.4	
98.9	99.4	
99.3	78.4	
99.1	99.6	
98.9	99.6	
98.9	99.6	
98.1	99.4	
98.7	99.6	
98.9	99.2	
98.3	99.4	
88.6	99.2	
98.7	99	
98.7	98.8	
98.5	98.8	
98.9	89.1	
99.1	89.5	
89.2	99.6	
88.4	89.3	
98.7	99.4	
97.9	79.6	
98.9	99.2	
99.1	99.6	
99.3	99.4	
98.3	99.2	
99.3	79.6	
99.3	99.6	
98.9	98.6	
98.9	79.4	
99.1	79.6	
98.3	99.6	
86.6	89.7	
98.5	98.6	
98.9	99.2	
97.1	98.8	
98.9	99.6	
99.1	99.6	
99.1	99.4	
99.3	99.2	
99.1	99.4	
99.1	89.7	
99.3	99.2	
98.9	89.3	
99.1	89.7	
99.3	89.3	
98.9	89.7	
99.3	89.5	
98.7	89.7	
99.1	89.7	
99.1	89.7	
98.7	79.4	
88.6	88.5	
98.9	99.6	
98.3	89.5	
98.1	79.6	
99.1	78.2	
68.8	89.3	
98.9	89.1	
99.1	89.1	
99.1	99.4	
98.1	99.4	
98.3	99.6	
99.3	99.2	
99.3	99.4	
99.1	99.6	
99.3	99.6	
98.7	99.4	
98.9	89.7	
99.3	99.2	
98.7	99.6	
99.1	99.4	
98.9	99.2	
98.9	89.3	
98.5	89.1	
98.5	99.6	
99.1	89.1	
98.9	99.4	
99.3	99.6	
98.7	99.4	
98.7	79.6	
98.7	99.6	
99.3	99.6	
98.9	99.6	
98.5	98.8	
98.1	99.4	
98.9	89.5	
99.1	89.7	
99.3	99.4	
99.1	89.7	
99.1	99.4	
98.9	89.1	
99.3	89.3	
98.3	89.7	
88.2	89.3	
98.7	89.7	
67.6	99.4	
88.4	89.5	
89.4	99.2	
98.9	99.6	
99.1	99.6	
98.7	99.4	
99.3	89.7	
98.9	99.6	
98.9	99.6	
99.1	99.2	
99.1	79.4	
98.7	89.5	
99.1	89.5	
98.5	89.3	
98.9	99.2	
98.7	98.6	
99.3	99.6	
99.3	89.5	
98.1	99.6	
98.5	89.5	
99.1	99.6	
99.3	89.3	
98.1	99.4	
99.3	99.6	
99.3	99.2	
98.7	99.6	
98.9	99.2	
88.4	79.6	
99.3	88.9	
99.3	99.6	
98.9	99.4	
98.9	99.4	
98.9	89.7	
98.9	99.4	
98.5	89.5	
98.3	98.2	
97.9	99.2	
98.9	99.6	
99.1	99	
99.1	99.6	
99.1	89.5	
97.9	88.7	
99.1	89.7	
89.2	99.6	
79.1	99.4	
67.8	99.4	
98.9	99.6	
99.1	99.4	
99.3	89.1	
98.5	78.6	
99.1	99.2	
98.9	99.6	
98.9	99.6	
88.8	98.8	
99.3	89.5	
98.3	99.6	
99.3	89.3	
99.1	99.6	
98.3	99.4	
98.9	99.6	
98.3	89.3	
99.3	99.6	
98.7	99.6	
98.7	99.6	
98.3	99.2	
98.5	97.2	
99.1	89.5	
98.9	99.2	
98.9	99.6	
98.1	99.6	
99.1	99.6	
99.1	98.6	
97.5	98.4	
78.9	99.2	
99.3	89.5	
98.7	99.4	
99.1	99.6	
98.7	99.6	
99.1	99.4	
99.1	99.4	
98.5	99.6	
99.1	99.4	
99.1	99.4	
98.9	99.4	
99.1	79.2	
89	99.6	
98.1	99.6	
98.9	99.4	
86	99.6	
78.5	99	
99.1	99.4	
