77.3	79.4	
70.7	76.6	
16.7	99.2	
26.6	82.9	
94.1	89.5	
96.9	99.4	
99.1	97	
98.9	98.8	
95.1	99.2	
95.7	99	
76.5	99.2	
98.5	98.4	
98.5	99.6	
97.3	99.6	
95.7	78.8	
98.7	97.6	
97.9	89.7	
96.5	98	
98.7	99	
97.7	89.7	
99.1	99.4	
98.7	89.5	
98.5	99.4	
86.6	99.4	
99.1	99.4	
98.9	89.1	
97.7	99.2	
98.9	79.6	
98.5	89.1	
99.3	97.6	
95.7	89.3	
84.6	99.2	
97.1	99.4	
98.7	89.5	
96.7	98.4	
98.3	99.6	
99.3	98.8	
96.3	98.6	
98.9	99.2	
97.7	87.3	
99.1	99.6	
98.7	99.2	
98.9	99.6	
78.5	89.1	
78.7	89.3	
97.9	99.2	
99.3	99.4	
99.3	99.6	
98.7	99.6	
77.9	97.2	
89.2	99.4	
98.5	99	
97.5	99	
97.5	89.7	
96.1	99.6	
96.9	98.6	
98.7	99.2	
98.7	89.7	
98.3	99.4	
98.1	99.6	
98.5	89.3	
88.6	99.4	
98.7	89.5	
98.5	99.4	
98.1	99.6	
79.1	89.3	
99.3	99.2	
98.9	89.7	
98.9	99.6	
98.5	99.2	
98.3	99.4	
98.5	99.2	
96.7	97.8	
99.1	78.2	
89.2	99.2	
98.9	79.6	
98.5	99.4	
98.5	98.4	
97.5	89.1	
98.3	98.8	
89.2	99.6	
98.7	89.5	
78.7	89.5	
99.1	99.4	
89	99.6	
97.9	88.3	
98.7	99.4	
98.5	67.9	
99.3	99.6	
99.3	99.4	
98.3	99.2	
99.3	99.6	
89.2	88.7	
97.7	89.3	
99.3	99.2	
98.5	99.6	
98.9	99.6	
99.1	98.4	
98.3	99.4	
89.4	98.8	
65.2	89.7	
77.1	88.7	
99.3	99.2	
87.8	98.8	
87.8	79	
96.9	88.5	
97.5	99.2	
79.3	88.7	
98.9	89.1	
88	89.3	
99.3	89.7	
97.1	89.1	
78.7	89.3	
97.3	99.4	
99.3	98	
98.5	99	
98.1	99.6	
98.7	99	
98.9	78.8	
99.3	99.4	
98.5	89.5	
98.5	69.5	
97.7	89.3	
98.9	89.7	
98.7	89.7	
78.3	99	
98.9	89.7	
77.5	99	
97.9	78.4	
98.3	89.7	
99.3	99.6	
78.7	87.9	
97.7	99.4	
98.7	99.6	
99.1	89.3	
97.9	89.7	
99.1	89.7	
99.1	89.7	
98.9	89.7	
98.7	89.7	
86.6	89.7	
98.7	99.4	
88.8	79.4	
88.8	99.2	
99.3	89.5	
98.1	79.4	
68.4	79.4	
88.8	68.9	
98.7	99.6	
98.5	89.5	
98.5	99.6	
98.7	89.7	
97.3	89.3	
99.1	99.4	
99.3	89.5	
98.3	99.6	
99.1	99.6	
69	89.5	
97.9	89.7	
98.9	89.5	
87.8	99.6	
98.7	99.2	
99.3	89.5	
89	99.4	
98.9	89.1	
98.7	98.8	
98.1	99.6	
89	79.4	
98.7	88.7	
99.1	99.6	
99.1	99.6	
99.1	98.8	
88.8	99.6	
97.3	99.4	
88.8	99	
98.9	99.4	
78.7	99.6	
98.9	99.4	
87.8	89.3	
97.5	99.2	
98.9	88.9	
99.1	98.4	
88.2	99.2	
98.1	88.7	
96.9	89.7	
76.5	99.2	
98.1	99.4	
98.9	99.6	
88.6	98.8	
98.9	99	
98.3	98.6	
98.9	58.6	
98.3	89.7	
99.1	79.6	
98.9	99.4	
78.9	58.4	
86.4	99.2	
98.3	88.9	
88.6	98.8	
88.4	99.6	
98.9	88.7	
98.7	89.7	
57.7	99.4	
99.1	99.6	
98.1	99.6	
68.2	89.7	
98.5	88.5	
89.2	69.5	
88.2	99.6	
97.9	89.5	
89	89.5	
98.1	99.4	
96.3	99.4	
99.1	89.5	
98.1	99	
98.7	99.6	
88.6	99.4	
99.1	98.8	
98.9	99.2	
87.2	98.8	
99.3	89.7	
98.9	98.8	
86.2	88.7	
98.9	89.7	
98.1	99.4	
98.9	99.4	
79.1	88.7	
77.7	99	
58.5	79.2	
97.9	99.4	
89.2	89.3	
99.1	98.2	
99.1	99	
97.7	99.4	
98.9	89.5	
97.9	99.6	
97.7	99	
98.5	99.4	
69.2	78.2	
99.1	99.4	
99.1	79.4	
89.4	99	
75.1	88.9	
98.1	99.6	
98.7	88.9	
98.9	88.5	
98.7	99	
97.9	99.4	
99.1	98.4	
98.3	98.4	
99.1	98.6	
98.7	99.4	
88.2	99.2	
97.5	99	
98.9	89.7	
98.9	99.4	
98.1	99.4	
86.2	99.4	
87.8	99	
68.8	98.8	
98.5	99.4	
87.6	99	
98.1	98.6	
98.3	98.6	
98.9	79.4	
98.9	99.2	
99.3	89.5	
99.1	99.2	
98.3	99.4	
98.1	88.5	
98.3	99.4	
98.9	99.6	
98.1	97.2	
46.2	99.4	
47.6	99.6	
98.5	98.8	
89	99.2	
96.7	89.1	
98.3	88.9	
78.3	89.3	
89	88.7	
99.1	99.4	
89	99.6	
69.4	58.8	
97.9	99.4	
68	88.7	
98.7	79.4	
98.3	89.3	
98.7	99.2	
99.1	89.3	
78.9	89.1	
97.5	89.7	
98.9	89.5	
98.7	89.7	
98.9	99.4	
98.9	89.1	
97.5	89.7	
97.7	89.1	
98.7	59.4	
58.7	68.3	
99.3	79.2	
68.2	89.1	
96.9	99.2	
98.9	77.8	
88.2	99.4	
98.9	79.2	
99.1	89.7	
98.7	86.3	
98.5	98.8	
98.9	99	
98.7	99.4	
77.7	58.8	
98.7	89.7	
98.7	99.2	
99.1	89.5	
98.7	78.8	
98.3	99.4	
98.1	99.6	
98.9	79.6	
87.2	99.6	
87.6	89.3	
98.5	89.7	
78.7	79	
97.7	99.4	
95.5	89.3	
88.8	89.5	
89	79.6	
97.9	89.5	
98.5	89.5	
98.9	89.7	
98.3	99.6	
88.6	89.1	
98.9	99.4	
99.1	99.6	
37.3	89.3	
98.9	99.4	
77.1	99.6	
96.9	99.4	
67	87.7	
88.2	99.6	
95.7	88.7	
98.9	99.6	
78.3	99	
98.7	99.2	
99.3	97.8	
99.3	97.4	
98.9	98.6	
95.7	79.4	
98.9	89.7	
96.9	99.2	
98.5	99.4	
97.9	99.6	
98.7	99.2	
98.5	99.2	
97.3	99	
99.1	89.1	
99.3	89.1	
98.3	99.6	
98.7	89.7	
98.7	89.3	
99.1	79	
98.3	89.1	
98.3	89.7	
67.2	99.6	
97.9	99	
87.2	99	
89.2	99.4	
99.1	99.6	
98.9	98.8	
98.9	99.6	
98.7	99	
79.1	89.3	
97.9	99.6	
98.5	99.6	
99.1	89.5	
98.9	99.6	
98.1	88.9	
98.7	99.6	
98.5	98.8	
99.3	88.9	
99.1	99	
97.5	89.7	
78.9	88.7	
98.1	99.6	
97.9	99.6	
97.9	89.5	
98.3	88.3	
98.1	99.4	
68	99.2	
98.3	99	
99.3	89.7	
78.5	89.5	
89.2	99	
98.9	99.6	
98.7	99.4	
88.2	99.2	
98.5	89.7	
98.7	99.4	
88.6	98.6	
98.7	89.5	
98.7	98.6	
98.5	99	
58.1	99.6	
98.9	79.2	
99.1	99.4	
99.3	88.7	
98.3	87.9	
98.5	68.5	
99.1	79.2	
89.4	78.8	
87.8	99.6	
88.2	99.6	
99.3	99.2	
98.7	89.7	
89.2	99.2	
97.5	78.4	
98.5	98.6	
98.9	89.7	
79.3	99.2	
98.7	99	
99.1	99.6	
99.1	98.4	
98.3	99.2	
87.2	79.2	
99.1	88.9	
98.7	99.4	
98.9	89.5	
87.6	89.5	
98.3	79	
98.7	99	
98.7	89.7	
97.5	88.7	
88	99.4	
98.9	99.4	
99.3	99.2	
98.1	48.1	
98.9	79.2	
98.5	89.1	
68.2	99.4	
98.3	99.4	
99.1	99	
88.6	99.6	
97.9	88.3	
99.1	99.4	
97.1	89.1	
98.7	78.2	
98.9	48.7	
97.9	69.5	
98.7	89.7	
98.9	88.9	
99.3	99.4	
99.1	88.9	
88.4	99.4	
88.2	99.2	
77.3	98.8	
98.5	88.9	
68.2	99	
99.1	99.6	
98.9	99.2	
89	89.5	
98.9	87.9	
89.2	97.4	
97.9	99.6	
99.1	68.7	
97.9	98.6	
88.4	89.5	
78.3	88.1	
88.4	99	
79.5	98.2	
98.5	99.2	
99.1	89.5	
99.3	88.3	
98.3	98.6	
98.9	99.4	
98.1	99	
77.7	99.4	
98.1	89.5	
88.6	98.8	
98.5	87.9	
98.5	99	
99.1	99.6	
46.4	98.8	
98.1	99.2	
98.5	99.2	
89.2	99.6	
98.1	78.8	
99.3	99.4	
99.3	98.8	
87.6	99.4	
66.2	88.9	
98.1	99	
99.1	99.4	
98.3	99.4	
99.1	99	
78.1	88.9	
89.2	99.4	
69	89.5	
96.5	99.6	
98.7	88.1	
88.8	98	
