67.6	99.6	
76.3	99.6	
66	99.6	
88.8	99.6	
84.8	99.6	
98.9	89.5	
85.4	99.4	
89	99.6	
98.3	99.6	
98.9	99.6	
88.2	79.6	
89	99.2	
89.4	99.6	
99.3	79.6	
89	99.6	
89	99.6	
86.8	99.6	
78.3	99.6	
97.7	99.4	
89.4	99.6	
99.3	99.6	
99.1	99.6	
99.3	99.6	
99.3	99.6	
99.3	99.4	
99.3	99.6	
99.1	99.6	
99.3	89.7	
99.3	99.6	
99.3	99.6	
99.1	99.4	
99.3	99.2	
99.3	99.6	
89.4	99.6	
99.3	99.6	
99.3	89.5	
98.7	99.6	
99.1	89.5	
98.5	99.6	
98.9	99.6	
98.9	99.6	
99.1	99.6	
99.1	99.6	
99.1	89.3	
99.1	99.6	
89	99.6	
99.1	99.6	
98.7	99.6	
98.9	99.4	
99.1	99.4	
99.3	99.6	
89.2	99.4	
98.3	99.4	
99.1	99.6	
99.3	99.6	
99.3	89.3	
89.2	99.6	
88.8	99.6	
99.3	99.6	
89	99.6	
98.9	99.6	
98.5	99.6	
99.1	99.6	
99.3	98.8	
89	99.6	
99.3	99.6	
98.7	90	
89.2	89.3	
99.3	97.6	
98.9	99.6	
99.3	99.4	
99.1	89.7	
98.9	99.4	
99.3	98.6	
98.9	99.6	
99.3	89.5	
99.1	99.4	
99.1	98.6	
99.1	99.4	
98.9	99.6	
99.3	99.6	
99.3	99.6	
99.3	99.6	
99.3	99.2	
99.1	99	
98.9	99.6	
98.9	89.5	
99.3	99.6	
99.3	99.6	
99.3	99.4	
99.1	99.4	
98.9	99.6	
99.1	99.6	
99.3	99.6	
99.3	99.4	
98.9	99.6	
99.3	99.6	
98.9	99.4	
99.1	99.6	
99.3	99.4	
99.1	99	
88.6	99.6	
99.3	99.6	
99.3	99.6	
98.9	99.6	
99.3	99.6	
98.5	99.6	
99.3	98.8	
99.1	99.6	
99.3	99.4	
99.3	89.7	
99.3	99.2	
99.3	89.7	
78.3	79.6	
99.3	99.6	
99.3	99.6	
99.3	99.6	
99.3	79.4	
99.3	99.6	
89.2	99.6	
99.1	99.6	
98.5	99.6	
98.9	99.4	
99.3	99.6	
98.9	99.6	
99.1	99.6	
89.2	89.7	
98.9	99.6	
98.5	99.2	
99.3	89.7	
98.9	99.4	
99.3	99.6	
99.1	99.4	
79.1	99.6	
98.9	99.6	
88.6	99.4	
99.1	89.5	
78.7	99.6	
99.1	99.4	
98.9	99.6	
99.1	99.6	
99.3	99.6	
99.3	99.6	
99.3	99.2	
99.3	89.7	
98.9	99.6	
99.3	99.6	
99.1	99.6	
99.1	99.6	
89	99.4	
98.3	99.4	
99.1	99.6	
89	99.6	
98.9	99.6	
99.1	99.6	
89.2	99.6	
98.9	99.6	
88.8	99.4	
99.3	99	
99.3	99.4	
99.3	99.6	
99.3	99.4	
98.7	89.3	
89.2	99.6	
99.3	99.6	
99.3	99.4	
99.3	99.4	
99.3	89.7	
78.1	99.6	
99.3	99.6	
89.2	99.6	
99.3	99.6	
99.3	99.6	
99.3	99.6	
99.1	98.6	
89.2	99	
89.2	99.2	
99.1	99.6	
99.1	99.6	
99.3	99.4	
99.3	99.6	
99.3	99.2	
99.3	99.4	
98.7	99.6	
98.7	89.5	
99.3	99.2	
99.3	89.5	
99.3	99.6	
98.9	99.4	
99.1	99.6	
99.3	99.4	
99.3	99.4	
99.1	99.6	
98.9	99.6	
89.2	99.2	
99.1	99.4	
99.1	89.7	
99.1	99.6	
98.9	99.4	
99.3	89.3	
98.9	99.6	
99.1	99.4	
99.1	99.6	
99.3	89.7	
98.7	99.4	
99.1	99.6	
99.3	98.8	
99.3	99.6	
88.2	99.6	
98.7	89.5	
99.3	99.6	
98.9	98.8	
99.3	89.7	
99.1	99.4	
99.3	99.4	
99.3	99.4	
99.3	99.6	
99.3	99.6	
99.3	99.6	
89	99	
88.8	99.6	
99.3	99.6	
99.3	99.6	
99.1	89.5	
89	99.6	
99.1	99.6	
99.1	99.6	
99.3	99.6	
99.3	89.1	
99.3	99.6	
99.3	99.4	
99.1	98.8	
89.2	99.6	
99.1	99.6	
99.1	99.2	
89.4	99.6	
89	99.6	
99.1	99.4	
98.9	99.2	
89	99.6	
99.3	99.6	
99.3	99.4	
99.3	99.6	
99.3	99.4	
99.3	89.7	
98.9	89.7	
89.4	99.2	
99.3	99.4	
99.1	99.6	
99.1	99.6	
98.7	99.6	
98.9	99.4	
99.3	89.5	
99.1	99.6	
89.2	99.6	
89	99.2	
79.1	99.6	
99.1	99.4	
99.1	99.6	
88.8	89.5	
98.9	99.6	
99.3	99.4	
98.9	99	
98.9	98.8	
99.1	99.6	
99.3	99.6	
99.1	99.6	
99.3	99.6	
99.3	99.6	
99.1	99.4	
99.3	99.6	
99.3	99.6	
99.3	99.6	
99.3	99.4	
89.2	99.2	
99.3	99.4	
99.1	99.4	
89.2	99.6	
99.3	99.4	
98.9	98.8	
99.1	99.6	
99.1	99.4	
99.3	69.5	
99.1	99.6	
99.3	98.6	
99.3	99.2	
99.3	99.6	
99.3	99.6	
99.1	99.6	
99.3	79.6	
99.1	99.4	
99.1	99.6	
98.7	99.4	
99.3	99.6	
99.3	89.5	
88.8	99.6	
99.3	89.3	
99.3	99.4	
99.3	99.6	
99.3	99.4	
99.3	89.7	
89	89.5	
89.2	89.3	
79.1	99.6	
99.3	99.6	
99.3	99.4	
98.7	99.6	
99.3	99.6	
99.3	99.6	
99.3	99.4	
99.3	99.4	
99.1	89.7	
98.9	89.5	
99.1	99.6	
99.3	99.6	
99.1	79.6	
99.3	99.4	
99.1	99.6	
89.2	89.7	
99.1	99.6	
99.3	99.6	
98.9	99.6	
98.9	99.4	
99.3	99.6	
99.3	99.6	
99.1	99.6	
99.1	99.6	
99.3	99.6	
99.3	99.4	
89	99.6	
99.3	89.7	
88.6	99.6	
99.1	98.8	
98.7	89.7	
99.1	99.6	
99.3	99.2	
99.3	99.6	
57.9	99.6	
89.2	99.4	
99.1	89.7	
99.1	99.2	
99.3	99.6	
99.3	99.6	
99.3	99.6	
98.9	99.4	
99.1	89.1	
99.1	99.6	
88.8	99.2	
99.3	99.6	
99.3	99.2	
99.3	99.6	
99.3	99.6	
99.3	99.6	
99.3	99.4	
99.3	99.6	
79.1	99.6	
99.3	99.6	
99.1	99.4	
99.3	99.6	
89	99.2	
99.3	99.6	
88.8	99.6	
98.9	89.5	
98.9	99.4	
88.8	99.6	
99.3	99.6	
99.1	99.6	
88.6	89.7	
99.3	99.6	
98.9	99.6	
98.9	99.6	
99.3	99.6	
99.3	99.6	
99.1	99	
99.3	99.6	
98.9	99.4	
99.1	99.4	
89.2	99.6	
99.3	99.6	
99.3	89.7	
98.9	99.6	
98.7	99.6	
99.1	99.6	
88.8	99.6	
99.3	99.6	
99.1	99.6	
99.3	99.6	
99.3	99.6	
99.3	99.6	
99.3	99.6	
99.3	99.6	
99.3	99.4	
99.3	99.6	
98.9	99.6	
99.1	79.2	
99.3	89.5	
99.1	99.4	
99.1	99.4	
79.3	99.6	
99.3	99.6	
99.3	99.6	
99.1	99.4	
88.8	88.5	
99.3	89.7	
88.8	79.6	
99.3	99.6	
99.1	99.2	
99.3	89.7	
99.3	99.6	
99.3	99.6	
99.3	99.4	
99.3	99.6	
99.3	99	
99.1	99.4	
89.2	99.6	
99.1	99.6	
99.1	99	
99.3	99.6	
99.3	99.6	
59.3	99.4	
89	89.7	
99.3	99.6	
98.7	99.2	
79.1	99.2	
89	99.6	
99.3	99.4	
99.1	99.6	
99.3	99.6	
99.3	99.6	
99.3	99.6	
99.1	99.4	
89	99.6	
99.3	99.2	
88.6	99.6	
99.1	99.6	
98.5	99.6	
99.3	99.6	
89.2	99.6	
88.8	89.3	
99.3	89.7	
99.1	89.5	
99.3	99.6	
99.3	99.6	
99.1	99.6	
99.3	99.4	
89.2	99.6	
98.9	99.6	
89	99.4	
99.3	99.4	
88.8	99.6	
99.3	99.6	
99.3	99.6	
89.2	99.6	
99.1	99.6	
99.1	99.6	
99.3	99.6	
89.2	99.4	
99.1	99.6	
99.1	99.6	
89.2	99.6	
88.6	89.7	
89.2	99.6	
99.1	99	
99.3	99.6	
99.3	99.6	
99.3	99.4	
99.3	99.4	
99.1	99.4	
99.3	99.6	
99.1	99.6	
88.6	99.6	
89.2	99.4	
99.3	89.5	
99.3	99.4	
99.1	99.4	
98.9	89.5	
99.1	99.6	
99.1	99.6	
99.3	99.6	
99.3	99.4	
99.3	99.6	
99.3	99.6	
98.9	99.6	
99.1	99.6	
99.3	99.6	
98.9	99.6	
99.3	99.6	
99.3	99.6	
79.1	99.2	
99.3	99.6	
99.1	99.6	
99.1	99.6	
98.5	99.6	
99.1	99.6	
89	99.6	
99.3	99.6	
88.8	99.6	
99.3	99.6	
89.2	99.2	
99.3	99.6	
