7.3	84.1	
98.3	89.7	
97.3	89.5	
60	78.8	
68.4	89.5	
88.2	89.5	
93.3	89.7	
87.2	68.9	
99.3	89.7	
99.1	89.7	
96.3	79.6	
98.9	89.5	
94.7	89.7	
98.5	89.7	
98.5	89.7	
97.5	89.7	
98.9	99.6	
98.1	99.4	
87.4	89.5	
97.1	89.3	
54.1	89.7	
98.7	88.9	
98.5	89.5	
98.9	89.7	
98.7	89.7	
99.3	89.5	
98.9	89.5	
98.9	89.5	
88.8	89.7	
99.3	86.7	
99.3	89.7	
98.5	89.5	
99.3	89.7	
99.3	89.7	
99.1	89.5	
99.3	89.5	
98.3	95.6	
98.5	89.5	
99.1	99.6	
99.1	89.7	
99.3	79.6	
98.9	69.5	
99.3	99.6	
99.3	89.5	
88.6	89.5	
99.3	89.5	
99.3	78.6	
98.9	89.7	
99.1	99	
76.7	99.6	
99.1	89.7	
89	58.6	
98.9	99.2	
99.1	99.6	
99.3	89.7	
99.1	79.6	
97.3	89.1	
99.1	79.6	
98.3	89.1	
99.1	89.5	
99.3	89.7	
99.3	89.7	
99.1	89.7	
99.1	89.7	
99.1	59.2	
99.1	79.6	
99.1	89.5	
99.3	69.3	
79.1	79.6	
98.3	89.5	
98.9	89.7	
98.7	89.3	
89.4	89.5	
99.1	99.6	
99.3	69.5	
98.5	89.5	
99.1	89.5	
86.2	89.7	
98.5	89.7	
99.1	88.7	
99.1	89.7	
98.3	89.7	
99.1	74.6	
99.1	89.7	
98.1	89.5	
99.1	89.5	
98.9	89.5	
96.5	89.7	
99.1	78.8	
98.3	89.7	
99.3	79.4	
98.7	79.4	
99.3	88.7	
99.3	89.5	
99.3	89.1	
99.1	89.7	
99.3	89.7	
99.3	89.7	
98.9	79.6	
97.9	79.6	
99.3	89.5	
98.9	89.1	
98.9	89.7	
98.1	89.3	
88.4	89.1	
99.1	69.3	
98.5	89.5	
99.1	89.5	
98.9	59.2	
99.1	89.7	
97.9	89.1	
99.3	89.3	
99.1	89.7	
98.7	89.1	
99.1	89.7	
99.1	89.7	
98.7	69.5	
89	69.5	
99.1	89.5	
97.9	58.8	
98.7	99.6	
98.9	89.7	
98.9	89.7	
99.3	89.5	
99.1	79	
98.1	69.1	
98.1	79.4	
99.3	79	
97.9	89.7	
99.3	89.5	
78.5	68.9	
98.5	89.1	
89	79.6	
98.5	79.6	
98.5	89.5	
98.5	89.3	
98.7	89.7	
98.7	99.6	
98.5	58.6	
98.1	89.7	
97.5	89.5	
98.3	89.7	
99.3	69.5	
88.4	89.7	
98.7	89.7	
99.3	89.3	
99.1	89.1	
98.3	79.4	
98.9	89.5	
98.7	79.6	
99.1	89.7	
98.9	89.5	
96.1	89.7	
99.3	89.7	
99.3	79.4	
99.1	89.7	
88	89.5	
88.2	89.7	
98.7	99.6	
98.7	89.5	
98.9	69.5	
98.7	89.7	
98.9	99.4	
99.3	79.6	
99.1	79	
98.9	89.7	
98.7	89.7	
98.7	89.7	
99.3	89.7	
99.3	89.5	
98.9	89.3	
98.5	89.3	
98.7	89.5	
99.3	69.3	
98.5	89.7	
98.7	78.4	
99.1	89.5	
99.1	79	
97.5	79.4	
99.1	89.7	
97.9	89.5	
98.1	89.7	
97.7	89.7	
98.7	89.3	
88.2	89.1	
98.9	89.1	
97.9	89.5	
99.3	79.4	
99.3	89.5	
98.3	89.5	
98.5	89.7	
97.1	89.5	
98.9	89.7	
98.3	89.7	
98.5	89.7	
97.5	89.7	
98.5	69.3	
99.1	89.1	
98.7	89.7	
98.9	89.7	
99.3	89.7	
98.7	89.1	
99.1	79	
98.7	89.3	
98.3	89.5	
99.3	79.6	
98.9	89.7	
99.3	89.1	
98.9	89.7	
98.1	89.1	
99.3	89.7	
98.3	89.7	
99.1	89.7	
89.4	89.7	
77.5	89.7	
98.7	89.7	
99.3	89.7	
99.1	89.7	
98.3	59.2	
99.3	89.7	
99.1	89.7	
98.3	59.4	
99.1	89.5	
99.3	89.7	
99.3	89.7	
98.5	89.7	
99.1	89.7	
99.1	89.7	
99.1	89.7	
99.1	79	
99.1	89.3	
98.7	89.7	
99.1	89.7	
98.7	79.6	
99.1	79.6	
88.8	89.7	
99.3	89.7	
98.9	89.5	
98.5	79.4	
98.9	89.5	
99.3	99.6	
98.1	79.6	
99.1	79.6	
99.3	89.5	
99.1	89.7	
99.1	89.7	
98.3	89.7	
98.1	89.7	
98.7	58.8	
98.7	89.7	
99.3	89.3	
98.9	89.7	
99.1	89.7	
99.3	79.6	
99.1	89.3	
98.9	79.6	
97.9	89.5	
99.1	89.3	
99.3	89.7	
98.7	89.3	
98.9	79.6	
98.3	79.6	
98.5	89.7	
98.9	89.7	
98.9	89.7	
97.7	79.6	
97.7	79.2	
98.7	89.7	
99.3	79.6	
98.7	89.7	
98.9	89.7	
89	99.6	
99.3	99	
98.7	89.7	
98.7	89.7	
98.9	79.6	
78.5	79	
99.1	89.5	
99.3	89.3	
98.7	89.1	
98.7	99.2	
98.3	89.7	
89.2	89.3	
99.1	89.7	
99.1	89.5	
98.5	49.3	
98.9	79.4	
98.5	89.7	
99.1	89.5	
99.1	89.7	
98.3	89.7	
98.9	89.7	
98.7	89.5	
99.3	79.4	
98.9	89.5	
99.1	89.7	
99.3	89.5	
99.1	79.4	
99.1	89.7	
99.3	79.6	
99.3	89.7	
98.9	89.3	
98.3	89.7	
98.9	88.9	
99.3	89.7	
99.1	89.1	
98.7	89.7	
98.7	89.1	
98.9	89.7	
99.3	89.7	
98.9	89.7	
98.7	89.7	
98.9	89.7	
98.9	89.7	
98.9	99.4	
89	89.5	
99.1	78.8	
98.9	89.7	
98.9	99.6	
99.3	89.3	
99.3	89.1	
99.3	79.6	
98.9	89.7	
99.3	89.7	
68.8	89.5	
89.2	89.7	
98.9	99.4	
98.7	89.7	
98.5	89.7	
99.1	79.6	
98.5	89.7	
89.2	89.1	
99.3	99.4	
99.1	89.5	
98.9	89.7	
99.3	89.3	
99.3	78.8	
98.7	79.4	
99.1	89.7	
99.3	89.7	
98.7	88.7	
98.9	89.5	
99.3	69.5	
99.3	69.3	
99.1	99.6	
98.9	89.7	
99.1	99.6	
98.9	99.6	
88.8	89.7	
98.7	69.1	
99.1	99.6	
99.1	99.6	
98.9	89.5	
98.5	89.7	
98.7	99.6	
98.7	99.6	
99.1	99.2	
97.1	99.4	
98.9	79	
88.8	99.6	
99.3	89.5	
99.3	89.5	
98.7	99.6	
89	89.5	
88.8	99.6	
98.9	89.7	
99.1	89.5	
99.1	89.7	
99.3	89.5	
99.3	89.5	
99.3	89.7	
98.3	89.7	
89.2	89.5	
99.1	78.8	
98.5	99.6	
99.3	99.4	
99.3	99	
98.5	99.4	
99.3	99.6	
99.1	99.6	
99.1	89.7	
88.6	89.7	
97.9	89.3	
97.9	89.7	
98.9	89.7	
88.6	99.6	
98.9	99.6	
98.5	89.7	
98.9	59.2	
98.5	99.4	
99.1	99.4	
99.3	89.7	
98.9	68.3	
98.7	79.2	
99.3	99.2	
99.3	89.7	
98.3	99.4	
98.3	99.4	
98.7	99	
99.1	99.6	
99.1	99.6	
98.7	89.5	
99.3	89.3	
99.3	99.2	
99.3	89.5	
99.1	89.7	
99.3	89.1	
99.1	99.6	
98.9	79.4	
98.9	79.4	
98.9	99.6	
99.1	89.5	
99.3	99.4	
99.3	99.6	
98.9	89.7	
99.3	89.3	
98.5	89.7	
89.2	99.2	
98.1	99.4	
99.3	99.6	
98.9	99.6	
99.3	89.7	
99.3	99.6	
98.5	89.5	
99.3	48.9	
98.9	89.7	
99.3	99.6	
99.3	99.2	
98.7	89.7	
99.1	99.2	
99.3	99.4	
98.9	59.2	
99.1	99.6	
99.1	99.6	
98.7	99.4	
99.1	89.7	
98.9	99.4	
89	89.5	
88.8	89.7	
99.1	89.5	
99.1	99	
98.9	89.7	
98.9	89.7	
99.1	89.7	
88	89.7	
98.9	99.6	
99.3	99.6	
99.3	99.4	
98.7	99	
98.9	89.3	
98.3	89.7	
98.9	99.6	
98.5	99.6	
99.1	99.6	
99.3	99.4	
99.3	89.7	
99.3	89.5	
98.7	99.6	
98.3	99.6	
99.1	99.4	
68.8	99.6	
99.3	99.6	
99.3	99.2	
98.7	79.4	
98.9	99.6	
99.1	89.7	
99.3	99.6	
98.9	98.8	
98.9	69.5	
98.5	99.6	
99.3	99.6	
99.1	89.7	
98.9	58.8	
99.3	99.4	
88.2	99.6	
98.5	69.3	
99.1	99.4	
98.3	99.4	
99.1	69.1	
99.1	89.5	
97.5	99.6	
98.9	78.8	
99.3	89.3	
99.1	89.5	
98.7	89.5	
99.3	89.7	
98.9	89.7	
98.9	99.6	
98.9	99.4	
99.3	99.6	
99.3	99.2	
99.3	89.7	
89.2	68.7	
98.9	89.3	
98.7	99.4	
99.1	99.4	
99.3	99.6	
99.3	99.6	
99.1	89.5	
98.7	89.5	
