-7.7	89.7	
94.5	89.7	
86.6	89.7	
98.1	89.7	
98.7	89.5	
95.7	89.5	
99.3	89.7	
99.3	89.7	
99.3	89.7	
98.3	79.6	
99.3	89.7	
99.3	89.7	
99.3	79.4	
98.7	89.5	
99.1	89.7	
99.3	79.4	
98.9	89.7	
99.3	89.5	
99.3	89.5	
89	89.7	
99.3	89.7	
97.9	89.7	
99.3	89.7	
99.3	69.5	
97.3	89.7	
98.9	89.5	
99.1	89.7	
99.3	89.7	
99.1	89.7	
99.3	89.5	
99.3	89.7	
97.5	89.7	
99.3	89.7	
89.2	79.6	
98.7	89.7	
99.3	89.7	
99.1	89.7	
99.1	79.6	
99.3	89.5	
99.3	89.7	
99.3	89.5	
98.3	79.6	
99.3	79.2	
99.1	89.7	
99.3	89.7	
99.3	89.7	
99.3	89.7	
99.3	79.6	
99.3	89.7	
99.3	89.7	
99.3	89.7	
99.3	79.6	
99.3	79.6	
96.7	89.7	
99.3	89.7	
98.3	89.7	
99.3	89.1	
98.9	89.7	
99.3	89.7	
98.5	89.7	
99.3	89.7	
99.3	89.7	
89.2	89.7	
98.9	89.7	
99.3	89.7	
99.3	89.7	
99.3	89.7	
98.9	89.7	
99.1	89.5	
99.1	79.6	
99.3	89.7	
99.3	89.7	
98.5	89.7	
99.3	89.7	
99.3	89.7	
99.3	89.5	
99.1	89.7	
99.3	89.7	
99.1	89.7	
99.3	89.7	
98.9	89.7	
99.1	89.7	
98.9	89.7	
99.1	89.7	
99.3	89.7	
98.7	89.7	
99.1	89.7	
99.3	89.5	
99.3	89.7	
99.1	89.7	
99.1	79.4	
99.3	79.6	
99.1	79.2	
99.3	89.7	
99.1	89.5	
99.1	89.7	
99.3	89.7	
99.1	89.7	
99.3	89.5	
98.9	89.5	
99.1	89.7	
99.3	89.7	
99.3	89.3	
99.3	89.7	
99.1	89.7	
99.3	89.7	
99.1	79.6	
98.9	89.7	
99.3	89.7	
99.3	89.5	
98.9	89.7	
88.8	89.7	
99.3	89.7	
99.3	89.7	
99.3	89.5	
99.1	83.5	
99.3	89.7	
99.3	89.7	
99.3	89.7	
99.1	89.7	
99.1	89.5	
99.1	89.5	
88.8	89.7	
98.9	89.7	
99.1	89.7	
99.3	89.7	
98.9	89.7	
99.3	89.7	
99.3	89.5	
87.8	89.7	
89.2	79.6	
99.3	89.7	
99.1	89.7	
99.3	89.3	
99.3	89.7	
99.1	89.7	
99.3	89.7	
98.9	69.1	
99.3	89.5	
99.3	89.7	
99.3	89.7	
99.3	79.4	
99.3	89.7	
98.9	89.7	
99.3	89.7	
99.3	89.5	
99.3	89.7	
99.3	89.7	
99.1	89.7	
99.1	89.7	
99.3	89.7	
98.9	89.7	
99.3	89.7	
98.9	89.7	
98.5	89.7	
99.3	89.7	
99.3	89.7	
99.3	89.7	
98.9	89.3	
97.7	89.7	
99.1	79.4	
98.9	89.7	
99.3	89.7	
99.3	89.7	
99.1	79.6	
98.9	89.7	
89	89.7	
98.9	89.7	
99.3	79.6	
99.1	89.7	
99.3	89.7	
99.1	89.7	
99.1	89.7	
98.7	89.7	
98.9	79.6	
99.3	89.7	
99.3	89.5	
99.3	89.5	
99.3	89.5	
98.5	89.7	
99.1	89.7	
99.1	89.5	
99.3	89.7	
98.9	79.6	
99.3	89.7	
99.1	89.5	
99.3	89.7	
99.3	89.7	
99.1	89.7	
99.1	89.7	
98.9	48.9	
99.3	89.7	
99.3	89.7	
99.3	89.7	
99.3	89.5	
99.1	89.7	
99.3	89.5	
89.2	89.7	
99.3	69.5	
99.3	79.4	
99.1	79.2	
99.3	89.7	
99.3	89.7	
99.1	89.7	
99.1	79.4	
99.3	89.7	
99.3	79.6	
99.3	89.7	
99.1	79.6	
99.3	89.7	
99.3	69.5	
99.3	89.7	
99.3	79.4	
99.1	89.7	
99.1	89.7	
99.3	89.7	
99.1	89.7	
99.3	89.7	
99.3	89.1	
99.3	79.6	
98.9	89.7	
99.1	89.7	
99.1	89.7	
99.3	89.7	
99.3	89.5	
98.9	89.7	
99.3	89.5	
99.3	89.7	
99.3	89.7	
99.1	89.7	
99.1	89.7	
98.1	89.7	
99.3	89.5	
99.3	89.5	
99.3	89.7	
89.2	79.6	
99.3	89.7	
99.3	69.5	
99.3	89.5	
99.1	89.7	
99.1	89.7	
98.9	79.6	
99.3	89.5	
99.3	89.7	
98.7	89.7	
99.1	89.7	
99.3	69.3	
98.7	79.4	
99.3	89.7	
99.3	89.7	
99.3	89.7	
88	89.7	
99.3	89.7	
98.9	89.7	
99.3	79.6	
99.1	89.3	
99.1	79.6	
98.7	89.7	
99.3	89.7	
99.3	89.7	
98.5	89.7	
98.9	89.5	
98.7	79.6	
99.1	89.5	
89.4	89.7	
99.3	89.5	
99.1	89.7	
87.4	89.7	
99.1	89.7	
99.1	89.7	
99.3	99.6	
99.1	89.7	
99.1	79.2	
99.3	89.5	
98.9	89.7	
98.7	89.7	
98.7	79.4	
99.1	89.7	
99.1	89.5	
98.9	89.5	
98.5	88.9	
99.1	79.4	
99.3	89.7	
99.3	89.7	
99.1	89.7	
99.1	79.6	
89	89.5	
99.3	89.7	
98.9	89.7	
98.7	89.7	
99.1	89.7	
99.3	89.7	
99.1	89.5	
98.9	89.7	
98.7	89.7	
98.5	89.7	
99.3	89.5	
98.9	89.7	
89.2	89.7	
98.7	89.7	
99.3	89.7	
99.3	89.7	
99.3	89.7	
99.3	89.5	
99.3	89.7	
99.3	89.7	
99.3	89.7	
98.9	89.7	
98.9	79.4	
99.3	89.7	
99.3	89.7	
99.3	79.6	
99.3	89.7	
99.3	89.7	
99.3	89.7	
98.9	79.6	
99.3	89.7	
99.1	89.7	
98.9	89.7	
99.3	89.7	
99.3	89.7	
88.8	89.7	
99.1	89.5	
99.3	89.7	
98.9	89.7	
99.3	89.5	
99.1	89.5	
99.1	89.7	
99.1	89.7	
99.3	89.7	
99.3	79.4	
99.1	89.7	
98.7	89.7	
99.3	89.7	
99.1	89.7	
99.3	89.7	
99.3	89.3	
98.7	89.3	
98.9	89.7	
88	69.1	
88.8	89.7	
99.3	79.6	
99.1	89.7	
99.3	89.7	
99.3	68.7	
99.3	69.5	
98.7	89.7	
98.9	89.5	
99.1	89.7	
99.3	89.7	
98.7	89.7	
99.3	89.7	
99.3	89.7	
99.3	89.7	
99.3	78.8	
99.3	89.7	
88.6	88.9	
99.1	89.7	
99.3	89.7	
99.1	89.7	
99.1	89.7	
99.3	89.7	
99.3	89.7	
99.1	89.7	
98.9	89.7	
99.3	89.3	
99.3	89.7	
99.3	79.6	
99.3	89.7	
99.3	89.7	
99.3	89.5	
99.1	89.7	
99.3	89.5	
99.3	79.4	
99.3	89.7	
99.1	89.7	
99.3	89.7	
99.3	89.7	
98.9	89.7	
98.9	89.7	
99.3	89.7	
99.3	89.7	
95.7	89.7	
99.3	89.7	
99.3	79.6	
98.9	89.5	
99.3	89.7	
98.5	89.7	
99.3	89.5	
98.9	89.7	
99.1	89.7	
98.9	89.7	
99.1	89.5	
99.3	79.6	
99.3	89.7	
98.7	89.5	
99.1	69.3	
89	89.7	
99.3	89.7	
98.5	89.7	
99.3	89.5	
99.1	89.7	
99.3	89.7	
98.5	89.7	
99.3	89.7	
98.9	89.7	
99.3	89.5	
89.2	89.7	
99.3	89.7	
99.3	89.5	
99.1	89.7	
99.3	89.7	
99.3	89.5	
99.1	79.2	
99.3	89.3	
99.3	89.5	
99.3	79.4	
77.5	89.7	
99.3	79.4	
99.1	79.6	
89	89.7	
99.3	89.5	
99.3	99.6	
99.3	89.7	
99.3	89.7	
98.9	89.7	
98.9	89.7	
98.7	89.7	
99.1	79.6	
99.1	89.7	
99.3	89.7	
99.3	69.5	
99.1	89.7	
99.3	89.7	
99.3	79.4	
99.3	89.7	
99.1	89.3	
99.3	89.7	
99.3	89.7	
99.3	89.7	
99.3	89.5	
99.1	89.5	
99.1	89.7	
99.1	89.7	
89	79.6	
88.8	89.5	
99.3	89.7	
99.3	89.7	
89.4	89.7	
99.3	89.7	
98.7	89.7	
99.3	89.5	
99.3	89.7	
99.3	79.2	
99.1	89.7	
89.2	89.5	
85.8	89.7	
99.3	79.6	
98.9	89.7	
99.3	89.3	
99.1	89.7	
99.3	89.5	
99.3	79	
99.3	89.7	
98.9	89.7	
99.3	89.7	
89.2	89.7	
99.3	89.7	
99.1	89.7	
99.3	89.7	
99.3	89.7	
99.1	89.7	
99.3	89.7	
99.1	79.2	
99.3	89.7	
89.2	89.3	
98.7	89.5	
98.7	89.7	
99.3	89.7	
98.1	89.7	
98.9	89.7	
99.3	89.3	
99.1	89.7	
99.3	89.5	
99.1	89.5	
99.3	79.6	
98.9	89.7	
99.3	79.6	
99.3	89.7	
99.3	79.4	
98.7	89.5	
99.1	79.6	
99.3	89.7	
99.3	89.7	
98.9	89.5	
98.9	89.7	
99.1	89.7	
99.3	89.7	
99.3	89.7	
98.3	89.7	
