97.1	89.7	
97.5	89.5	
67.2	89.7	
97.9	89.1	
78.7	89.7	
89.2	79.6	
68.2	89.3	
97.9	89.7	
68.4	89.7	
66.8	80.9	
92.9	89.7	
99.3	89.7	
99.3	89.5	
99.1	89.7	
79.3	89.5	
96.9	89.7	
99.1	79.6	
99.3	89.7	
99.3	89.5	
98.7	89.5	
99.3	89.5	
88.8	68.1	
99.3	89.7	
99.1	89.7	
98.9	89.7	
99.1	89.7	
99.3	89.5	
99.3	69.5	
99.1	89.7	
99.1	89.1	
99.3	89.7	
99.3	89.7	
99.3	89.7	
79.1	89.5	
99.3	89.5	
99.1	89.7	
99.3	89.7	
99.3	99.2	
99.3	89.7	
99.3	89.7	
89	89.7	
98.5	89.5	
98.9	89.7	
99.3	68.7	
99.1	59.4	
99.3	89.7	
89.2	89.7	
99.3	89.7	
99.3	89.7	
99.3	89.7	
98.7	89.3	
99.3	89.7	
99.1	89.7	
99.3	59.4	
99.3	89.7	
89	89.7	
99.3	89.7	
99.3	89.7	
99.3	79.4	
99.3	89.7	
99.3	79.6	
99.1	89.7	
99.1	89.7	
99.1	89.7	
98.7	89.7	
99.1	89.3	
99.3	89.7	
99.3	79.4	
99.1	89.5	
98.7	89.7	
98.9	79.2	
98.3	89.5	
99.3	79.4	
99.3	89.7	
99.1	79.6	
99.3	89.7	
99.3	88.3	
99.3	89.7	
99.3	89.5	
99.1	89.7	
99.3	89.5	
98.9	89.7	
99.3	89.7	
99.1	89.7	
99.3	89.7	
99.3	89.7	
99.3	89.7	
99.3	89.7	
99.3	89.7	
99.3	89.7	
97.9	89.5	
99.1	89.7	
98.5	89.5	
99.1	89.5	
99.3	79.4	
89.2	79.6	
99.1	89.5	
98.9	89.7	
98.5	79	
99.3	89.7	
99.1	89.7	
98.9	88.9	
99.3	89.7	
68.8	89.7	
99.1	89.7	
99.3	89.7	
99.3	79.4	
99.3	89.7	
98.9	89.7	
99.3	79.6	
99.3	89.5	
99.3	89.5	
99.1	89.7	
99.1	89.7	
99.3	89.7	
99.1	89.7	
99.1	89.7	
99.3	79.6	
99.3	89.5	
99.1	79.6	
99.1	79.4	
99.3	89.7	
99.3	88.9	
99.1	89.7	
99.3	89.7	
98.7	89.7	
99.3	69.3	
98.9	88.3	
99.3	89.7	
99.3	89.7	
99.1	89.5	
98.7	79.6	
99.3	89.7	
99.3	89.7	
99.3	89.7	
99.1	89.7	
98.9	89.7	
99.3	89.5	
99.3	59.4	
88.2	89.7	
79.1	89.5	
99.3	89.3	
99.3	89.5	
79.1	89.5	
98.9	89.7	
99.3	89.7	
99.1	89.7	
99.1	89.7	
98.9	89.7	
99.3	89.7	
99.1	69.3	
98.9	89.7	
99.3	79.6	
99.1	89.7	
99.1	89.5	
98.5	89.7	
99.3	79.4	
99.1	89.7	
48.4	89.5	
99.3	89.7	
99.1	89.7	
99.3	89.5	
99.3	79.6	
99.3	89.5	
98.9	89.7	
98.5	79.6	
99.3	89.5	
99.3	79.6	
79.1	89.5	
99.3	89.7	
98.9	69.1	
89.2	89.3	
99.3	89.7	
99.3	89.7	
98.5	89.7	
78.9	79.4	
89.2	89.5	
98.9	89.7	
99.3	88.9	
99.1	89.5	
98.7	89.7	
99.3	89.5	
99.1	89.7	
99.3	89.7	
99.3	89.7	
99.3	79.4	
99.1	79.4	
99.3	89.5	
99.3	89.7	
99.3	89.7	
99.3	89.7	
79.1	89.7	
98.7	89.5	
99.3	89.5	
89.4	89.7	
99.1	79.6	
99.1	89.7	
99.3	79	
99.1	89.7	
99.1	89.5	
99.3	89.7	
99.3	89.7	
98.9	79.6	
99.1	89.7	
99.3	89.7	
99.1	89.7	
99.3	89.7	
99.1	89.3	
98.7	88.9	
99.3	89.5	
99.3	89.5	
99.1	89.5	
69	89.7	
99.1	79.2	
99.3	89.5	
99.3	89.7	
98.7	89.7	
99.3	89.7	
78.9	89.5	
99.3	89.7	
99.3	89.7	
99.1	89.7	
99.3	89.3	
98.7	89.7	
99.3	89.5	
98.9	89.7	
99.3	89.5	
98.5	89.1	
99.3	89.7	
99.3	89.7	
99.1	89.7	
98.7	89.5	
98.7	89.7	
99.3	79.4	
99.3	89.5	
99.1	89.7	
99.3	89.5	
99.3	79.6	
99.3	79.4	
99.3	79.4	
99.3	89.7	
99.3	89.7	
99.3	89.7	
98.7	89.7	
99.3	89.7	
99.3	89.7	
99.1	89.7	
98.9	89.7	
99.1	89.7	
98.5	89.7	
99.3	79.6	
98.9	89.7	
99.3	89.7	
99.3	89.5	
98.7	89.5	
99.3	89.7	
78.9	79.4	
89.2	89.5	
88.8	89.7	
87.4	89.7	
99.3	89.7	
99.3	79.4	
99.3	89.7	
99.1	79.6	
98.1	89.5	
98.5	79.6	
99.3	89.7	
98.9	89.5	
99.3	89.7	
99.3	89.7	
88.2	89.7	
99.3	89.7	
99.3	89.7	
98.9	89.7	
99.3	89.7	
69	89.7	
99.3	89.7	
99.3	89.7	
99.3	89.5	
99.1	89.1	
79.1	89.7	
99.3	89.7	
99.3	79.6	
79.1	89.5	
99.3	89.7	
99.1	89.7	
99.3	89.5	
99.3	89.7	
99.3	89.7	
99.1	79.4	
99.1	89.7	
99.3	89.7	
98.7	89.5	
99.3	89.7	
99.3	79.6	
99.3	89.7	
99.3	89.3	
98.7	79	
99.1	69.3	
99.3	89.5	
99.3	79.4	
99.3	79.6	
99.3	79.6	
99.1	89.7	
99.3	89.7	
98.9	89.7	
99.3	89.7	
99.3	89.7	
99.1	89.7	
99.1	79.6	
98.5	88.7	
99.1	89.7	
98.5	99.6	
99.3	89.7	
99.1	88.9	
99.3	89.7	
99.1	89.7	
98.9	89.7	
99.3	89.7	
99.3	89.7	
99.3	89.7	
99.1	89.7	
99.3	99.2	
99.3	89.7	
99.1	89.7	
98.3	89.7	
99.1	89.7	
99.3	89.7	
99.3	89.7	
99.3	89.5	
99.1	89.7	
99.1	79.2	
99.1	79.4	
99.1	89.7	
68.6	89.7	
99.3	89.7	
99.3	89.7	
99.1	89.7	
99.1	79.4	
99.3	89.1	
99.3	89.7	
99.1	89.7	
99.3	89.7	
99.1	89.3	
98.9	89.7	
99.3	89.7	
99.3	89.7	
99.3	89.7	
98.3	89.7	
99.3	89.7	
99.3	79.4	
58.9	79.6	
99.1	89.7	
99.3	89.5	
98.5	79.6	
99.1	89.7	
99.1	89.5	
98.9	89.5	
99.3	89.5	
99.1	89.7	
98.7	89.7	
99.3	79.4	
99.3	89.7	
99.3	89.3	
98.9	79.4	
99.3	88.9	
98.7	88.9	
99.3	89.7	
99.1	89.7	
99.3	89.5	
98.5	89.7	
99.3	89.7	
98.5	89.7	
99.1	89.5	
99.3	89.7	
99.3	89.7	
98.9	89.7	
99.3	89.7	
98.7	79.6	
99.1	89.5	
98.9	89.5	
99.3	89.7	
99.3	89.7	
99.3	98	
99.3	89.7	
98.5	79	
99.1	89.5	
98.7	89.7	
98.9	89.7	
99.3	89.5	
98.9	89.7	
99.3	78.8	
98.5	89.1	
99.1	89.7	
99.1	89.7	
99.1	89.7	
99.1	79.6	
99.3	89.7	
99.3	89.7	
99.1	89.7	
99.1	89.7	
99.3	89.7	
99.3	89.7	
99.1	89.7	
99.1	89.7	
98.9	89.5	
98.9	89.5	
99.1	89.7	
99.3	79.2	
99.3	89.7	
99.3	89.7	
98.9	89.7	
98.7	89.3	
98.7	89.7	
99.3	89.7	
99.3	89.5	
99.3	89.7	
99.1	89.7	
98.9	79.4	
98.9	89.7	
99.1	89.1	
99.3	89.5	
99.3	89.5	
99.3	89.7	
98.9	89.7	
98.7	89.7	
98.5	79.6	
99.1	89.7	
99.1	89.7	
99.3	89.7	
99.1	89.7	
99.1	89.7	
99.3	89.7	
99.3	68.7	
99.1	89.7	
98.5	89.5	
98.3	89.7	
99.3	89.1	
98.7	89.7	
99.1	89.5	
99.1	89.7	
98.9	89.7	
99.3	89.7	
98.7	89.7	
99.1	89.7	
99.1	89.7	
99.1	89.7	
98.7	89.7	
98.1	89.7	
99.1	89.7	
99.3	79.6	
99.3	89.7	
98.9	79.6	
99.3	89.7	
99.3	79.6	
99.1	89.5	
99.3	89.5	
99.1	89.3	
99.3	89.7	
99.3	89.7	
99.1	89.7	
98.9	89.7	
99.3	79.6	
98.7	89.7	
99.3	89.7	
99.3	89.7	
99.3	89.7	
99.3	89.7	
98.9	89.3	
99.3	89.7	
99.3	89.7	
99.1	89.7	
99.3	89.5	
99.3	79.4	
99.3	89.7	
98.9	89.7	
98.7	89.3	
99.3	88.9	
99.3	89.5	
99.1	89.5	
99.3	79.6	
99.1	89.7	
99.1	89.7	
98.9	89.7	
98.7	89.7	
99.3	89.5	
99.3	79	
98.7	89.7	
99.3	89.5	
99.3	89.7	
98.5	89.7	
99.3	89.7	
99.3	89.7	
99.1	89.7	
98.9	89.7	
78.1	89.7	
99.3	89.5	
98.9	79.6	
99.1	89.7	
99.3	89.7	
