24	99.4	
2.8	89.5	
95.9	99.6	
97.7	99.6	
79.3	99.6	
98.1	89.7	
98.9	99.4	
95.3	99.2	
82.2	89.7	
89.4	99.6	
98.5	99.4	
98.7	99.4	
89	88.9	
98.9	99.4	
98.3	79	
99.1	89.3	
97.3	89.1	
99.1	99.6	
98.5	89.1	
98.3	87.1	
99.1	97.2	
97.9	99.4	
99.1	98.6	
98.9	99.6	
98.9	89.5	
98.9	99.4	
98.1	99.4	
98.7	98.2	
98.9	89.3	
98.3	99.6	
98.7	99	
99.1	99.2	
88.4	88.9	
98.5	89.7	
98.1	89.3	
98.5	99.6	
79.5	99.2	
87.8	98.8	
98.7	99.4	
88.2	99.4	
98.9	99.4	
98.3	98.8	
99.1	99	
98.9	99.4	
97.5	99.4	
98.9	99.6	
99.1	99.6	
98.7	99.6	
98.3	99.6	
98.1	99.6	
99.1	89.5	
98.7	99.6	
98.7	89.7	
78.5	79.4	
99.3	99.4	
97.7	98	
99.1	89.5	
99.3	99	
98.5	89.5	
99.3	99.6	
98.3	99.4	
99.3	99.6	
99.1	89.3	
99.3	79.2	
99.1	99.6	
99.3	99.6	
98.7	99.6	
98.9	89.5	
79.1	89.5	
98.7	88.7	
98.1	89.7	
98.1	89.7	
98.9	89.5	
97.9	89.1	
99.1	89.7	
99.1	89.1	
99.3	89.7	
98.1	89.7	
98.5	89.3	
99.3	79.2	
99.3	79.6	
99.3	89.7	
88.8	88.9	
99.1	99.6	
88.8	79.6	
78.9	88.9	
98.7	99.6	
97.5	89.5	
98.7	79	
98.3	79.6	
98.9	89.5	
99.3	89.7	
99.1	99.6	
99.3	99.6	
99.3	99.4	
89	99.6	
99.1	99.6	
88.6	99.4	
97.7	99.2	
88.6	99.4	
88.2	88.9	
88.6	99.6	
97.9	99.6	
96.9	99.4	
99.1	99.2	
98.9	88.7	
99.3	99	
98.9	99	
77.1	99.4	
98.7	89.3	
99.1	89.7	
99.3	89.3	
98.9	99.6	
76.7	99.2	
88	99.2	
99.3	89.3	
99.1	89.1	
99.3	99.4	
98.1	79.4	
99.3	89.5	
67.8	98.8	
98.9	98.2	
77.1	99.4	
98.9	99.6	
98.5	99.6	
98.9	99.4	
98.7	99.4	
88.2	99.4	
98.5	99.6	
99.3	89.7	
98.5	79.6	
99.1	99.4	
87.2	89.7	
99.1	79.4	
97.9	89.7	
98.9	99.6	
99.3	99.6	
98.5	99.2	
88	98.2	
98.1	99.6	
99.3	88.9	
97.7	99.6	
98.9	99.6	
88.6	99.6	
98.7	99.4	
97.5	99.6	
98.9	99.4	
99.3	99.6	
98.7	99	
97.5	99.6	
99.1	99.2	
56.3	99.4	
98.9	99.6	
99.1	99.4	
98.7	99.6	
98.9	99.2	
75.7	99.4	
98.7	99.2	
88.2	89.1	
98.5	99	
88	99.2	
78.9	99	
99.1	99.4	
99.3	99.4	
98.1	89.7	
98.9	99	
96.3	99.6	
99.3	89.7	
98.9	99.2	
98.9	98.4	
98.9	99.6	
98.1	79.4	
98.5	99.6	
99.3	99.6	
98.9	99.2	
97.1	99.2	
98.9	89.5	
99.3	99.6	
98.3	99.2	
99.3	98.4	
98.9	89.7	
99.3	99.4	
97.5	89.7	
98.9	99.4	
98.9	99.6	
99.3	99.4	
88.4	99.4	
98.7	99	
98.9	79.2	
99.1	99.4	
89	89.7	
97.9	99.6	
97.9	89.3	
98.7	99.4	
98.9	99	
98.3	99.6	
99.3	99.4	
97.9	89.3	
99.3	78.8	
99.1	99.6	
99.3	99.4	
98.9	88.5	
98.7	89.5	
88.8	99.4	
98.5	98.8	
99.1	89.5	
98.9	89.7	
98.1	99.4	
69	89.7	
98.5	99.6	
98.3	99.4	
97.5	99.6	
98.1	99.6	
99.1	99.6	
99.1	99.6	
99.1	89.7	
98.7	79.6	
99.1	89.3	
98.7	69.1	
88.4	89.5	
89.2	99.6	
99.1	89.3	
98.5	99.4	
98.9	89.3	
99.3	99.4	
88.2	99.6	
88.4	89.1	
98.7	89.5	
99.1	89.7	
99.3	89.7	
98.9	89.7	
98.9	69.1	
99.3	89.7	
98.5	99.6	
99.1	99.4	
98.3	89.7	
99.3	89.7	
98.9	79.6	
99.1	89.7	
99.3	89.7	
99.1	89.5	
98.7	89.5	
98.7	79.4	
99.3	89.5	
98.9	48.7	
98.9	89.7	
99.1	79.6	
98.7	89.5	
98.7	99.2	
99.3	79	
88.8	89.5	
98.5	99.4	
98.9	99	
98.7	88.7	
99.3	99.6	
98.9	99	
99.1	99.6	
89	99.6	
78.9	99.6	
98.7	98.2	
99.1	79.4	
98.7	99	
98.7	99.4	
98.7	99	
99.3	99.2	
99.3	99.6	
99.3	99.4	
99.3	99.6	
98.3	89.5	
98.9	99.6	
99.1	89.5	
99.3	99	
98.9	99.6	
98.9	99.6	
99.1	98.8	
99.3	99.6	
88.8	99.4	
99.1	99.4	
99.3	99.4	
88.6	99.4	
99.3	88.9	
98.3	99.6	
97.9	99.2	
99.3	99.4	
99.3	89.1	
87.6	98.4	
78.1	99.2	
88.8	99	
97.5	99.6	
88.2	99.6	
98.5	99.4	
88.6	79	
98.9	99.4	
99.1	99.2	
98.5	98.4	
88	99.2	
98.9	99.4	
99.3	98.4	
98.9	99.6	
98.7	99.6	
99.3	89.5	
98.9	99	
99.3	99.4	
98.7	99.6	
78.5	88.5	
78.3	99.4	
98.5	99.6	
99.1	99.2	
99.1	89.1	
98.9	89.5	
98.9	99.6	
99.1	99.4	
98.9	99.6	
99.1	99.6	
99.3	99.6	
98.9	99.4	
99.1	99.4	
99.3	99.6	
87.8	99.6	
88.4	79.4	
98.9	99.4	
98.3	99.6	
88.8	99	
98.5	99.2	
99.1	99.4	
98.9	99	
98.7	99.4	
99.1	99.4	
99.1	98.8	
89	99.2	
98.3	99.4	
98.5	99.2	
98.9	88.9	
98.9	98.2	
97.5	88.9	
89.2	99.4	
98.9	89.7	
98.7	88.3	
98.9	89.5	
99.1	89.3	
99.1	99.4	
98.9	67.9	
98.9	88.9	
98.9	99.2	
99.3	99.2	
98.5	99.6	
99.3	88.5	
98.5	99.6	
88.6	88.9	
98.5	99.6	
98.5	98.4	
97.5	99.6	
88.6	88.7	
98.7	89.7	
98.5	99.4	
98.1	99.6	
98.9	99.4	
98.3	99.6	
99.3	99.6	
99.1	89.7	
89	99.6	
98.9	89.1	
99.3	99.6	
98.7	89.7	
99.1	99.6	
99.3	79.2	
98.9	99.6	
99.1	99	
99.1	99.6	
98.5	99.6	
99.3	99.4	
99.1	89.7	
98.7	89.5	
99.1	99	
98.9	99.4	
88.6	99.4	
98.9	99.6	
89.4	99.2	
98.1	99.4	
99.3	89.5	
98.9	99.4	
98.9	89.1	
98.9	99.6	
98.5	99.6	
99.3	68.5	
88	89.7	
99.1	89.3	
99.3	99.6	
99.1	89.7	
99.1	99.4	
99.3	89.5	
98.9	99.4	
98.5	99.6	
99.1	98.2	
98.9	99.6	
97.9	99.6	
98.9	99.6	
99.3	99.2	
99.3	89.5	
96.9	88.9	
99.1	99.6	
99.1	99.4	
98.7	99	
99.1	99.4	
99.3	88.9	
98.1	99.6	
99.3	99.6	
88.8	99.2	
99.1	89.1	
98.9	78.4	
98.7	88.9	
97.3	79.4	
98.7	99	
99.3	79.4	
97.9	99.6	
99.3	88.9	
78.9	89.7	
88.8	89.5	
87.8	99.2	
98.5	99.4	
98.5	99.4	
99.1	99.6	
98.1	99.4	
99.3	89.5	
98.9	89.7	
99.1	89.5	
99.1	98.2	
99.1	89.5	
98.9	89.7	
99.3	89.7	
99.3	89.5	
89.2	89.7	
99.1	99.2	
99.1	99.6	
98.9	89.7	
98.9	89.5	
98.7	69.5	
99.1	99.6	
98.9	99.6	
99.3	79.6	
98.7	69.1	
98.3	89.7	
78.7	89.7	
97.9	89.5	
98.1	99.4	
98.9	89.7	
99.1	99.4	
99.3	99.2	
99.3	99.6	
88.8	99.6	
99.3	89.7	
99.1	88.7	
98.1	88.1	
99.1	69.1	
98.5	89.7	
99.1	79.6	
99.1	89.3	
98.9	99.6	
98.1	99.4	
89.2	99.2	
98.7	99.6	
99.3	99.4	
99.3	89.5	
99.1	99.4	
99.1	89.5	
98.9	99.4	
89.4	89.5	
77.9	99.4	
89.4	99.4	
98.5	89.7	
99.3	99.4	
86.8	89.1	
98.9	99.6	
99.3	89.5	
98.9	99.4	
99.3	99	
98.7	89.7	
99.3	89.3	
99.1	99.4	
88.6	99.6	
98.3	99.6	
88.6	99.2	
98.7	99.4	
89.2	88.5	
88.6	79.4	
98.9	89.7	
88.4	99.6	
99.3	89.7	
99.3	89.5	
89	99.4	
99.1	99.6	
98.5	79.6	
98.5	99	
98.5	99.4	
89	99.2	
99.3	89.7	
99.3	89.5	
98.9	88.9	
98.9	89.7	
99.3	89.7	
