94.3	89.7	
95.7	79.4	
16.5	99.4	
82.4	99.4	
67.4	99.6	
99.1	99.4	
97.3	89.3	
88.6	99.4	
96.7	98.6	
98.1	99.6	
85.8	99.2	
99.3	99.4	
48.2	89.7	
99.3	99.6	
98.5	99.2	
99.1	89.3	
98.9	79.2	
98.5	79.4	
98.7	79.6	
99.3	89.1	
98.3	59	
98.9	99.4	
98.5	99.4	
89.4	99.4	
87.4	89.7	
58.1	99.6	
98.3	99.6	
97.3	99.2	
98.5	99.6	
97.5	99.4	
98.9	99.4	
88.8	99.4	
99.3	98	
88.2	99	
98.3	88.5	
98.5	79.6	
99.1	89.5	
98.7	89.5	
98.7	99.6	
98.7	99.6	
98.5	88.9	
98.7	86.7	
98.3	98.2	
99.3	78.6	
78.3	89.3	
98.3	99.6	
99.3	99.4	
98.9	89.7	
97.5	99.6	
97.1	99.6	
99.1	99.4	
99.1	98.2	
89	99	
98.9	89.3	
97.9	99.2	
98.7	99.6	
97.3	99.6	
99.3	89.5	
99.1	89.7	
98.7	99.4	
88	89.3	
98.3	89.3	
99.1	99.2	
98.7	99.6	
98.9	99.6	
96.7	89.7	
98.5	89.5	
98.3	98.8	
98.5	99.2	
99.3	99.6	
98.9	99.2	
85.6	89.5	
98.7	89.7	
98.9	88.9	
99.1	99.6	
99.1	89.7	
99.3	89.7	
97.5	89.3	
99.3	99.4	
98.9	99.6	
98.7	99	
98.7	89.5	
98.5	99.4	
97.7	99.6	
99.3	99.6	
99.1	99.2	
99.3	99.4	
99.1	99.4	
98.9	99.2	
99.3	89.3	
98.9	89.5	
87.6	89.3	
87	99.4	
99.3	98.4	
99.1	99	
98.7	89.3	
98.5	99.2	
97.9	98.2	
98.5	99.6	
98.9	89.5	
98.5	99.4	
99.3	99.6	
97.5	99.4	
98.9	98.4	
98.3	89.3	
97.7	99.4	
98.9	99.4	
99.3	99.4	
89.2	89.7	
99.1	99.2	
98.9	99.4	
98.9	89.5	
78.9	99.2	
97.5	99.4	
78.7	89.7	
97.5	99.6	
98.9	99.6	
99.3	89.5	
89	89.5	
98.7	99.6	
98.5	99.6	
98.5	89.7	
99.3	99.4	
99.1	99.6	
96.1	99.6	
99.3	99.6	
99.1	99.6	
98.3	98.8	
87.6	99	
98.9	99.2	
99.1	99.6	
99.3	99.6	
88.4	99.6	
78.9	99.6	
68.8	89.3	
79.1	99.6	
98.9	99.6	
6.6	98.8	
97.3	99.4	
98.3	99.4	
89.4	99	
88.8	98	
98.7	99.6	
87.8	78.8	
98.9	98.8	
99.1	89.5	
98.5	99.4	
98.9	98.8	
99.3	88.9	
96.3	89.5	
99.3	89.7	
89	89.5	
99.1	99.6	
99.1	79.4	
99.3	99.6	
98.9	89.7	
98.9	89.3	
88.6	99.4	
98.3	99.2	
89.4	99.4	
98.9	99.4	
99.3	99.4	
99.3	99.6	
98.9	99	
98.7	99.2	
98.5	98.4	
98.9	99.4	
99.1	99	
85.8	99.4	
86.2	99.6	
98.7	99.2	
78.9	89.5	
97.5	99.2	
98.9	99.4	
76.7	99.6	
98.5	99.2	
99.1	99.4	
99.3	79.6	
98.9	99.4	
99.1	99.4	
98.7	99.6	
98.1	99.4	
98.9	99.6	
99.3	99.4	
99.3	99.4	
98.1	99.4	
89	99.6	
99.3	98.8	
98.7	99.6	
88.4	99.4	
98.9	99	
99.3	98.8	
98.9	69.3	
99.1	89.5	
97.5	99.6	
97.9	98.8	
98.5	89.1	
98.5	99.6	
97.5	99	
98.3	99.2	
97.5	99.6	
97.1	99.6	
98.9	99.6	
98.9	86.9	
98.7	99.6	
98.7	99.6	
98.5	89.1	
98.7	98.4	
98.7	99.2	
98.9	99.4	
98.1	99.6	
98.3	89.5	
99.1	89.3	
98.3	89.1	
98.3	99.4	
88.8	89.3	
98.7	88.9	
96.5	89.7	
99.3	79	
99.3	99.4	
98.1	89.7	
88.6	99.6	
87	98.8	
78.5	97.4	
98.9	89.5	
99.1	89.7	
97.9	89.3	
98.7	99.6	
99.1	89.7	
98.9	89.7	
99.3	99.6	
99.3	99.6	
98.9	69.1	
98.7	89.5	
99.3	89.5	
99.3	99.2	
98.5	99.6	
46.2	98.8	
78.5	68.3	
98.5	88.9	
97.9	79.6	
98.5	99	
98.9	99.4	
99.3	89.7	
99.3	89.5	
98.7	89.5	
69	99.6	
99.3	99.6	
76.9	99	
89.2	99.6	
89.2	99.6	
99.1	99.6	
87.6	99.2	
98.7	89.5	
98.3	99.6	
97.3	78.4	
79.3	99.6	
98.9	89.7	
88.8	99.6	
89	99.2	
89.2	99.4	
98.9	99.2	
97.9	89.5	
98.7	89.5	
88.8	89.5	
98.1	99.2	
99.1	98.6	
98.9	99.4	
99.3	99.4	
89.4	79.2	
98.7	99.2	
98.5	99.4	
99.3	79	
98.9	99.6	
98.7	89.5	
97.7	88.9	
89	89.1	
99.3	89.7	
99.1	99.6	
99.1	89.5	
99.3	89.3	
99.1	89.7	
98.3	89.7	
67.6	99.4	
99.1	99.4	
99.3	89.1	
99.1	99.2	
98.3	89.5	
99.1	89.3	
99.1	88.7	
97.5	89.7	
99.1	89.7	
99.1	98.8	
98.7	88.9	
79.5	88.9	
9	89.7	
98.9	89.7	
89.2	89.7	
98.1	89.7	
98.9	89.5	
99.3	89.3	
58.7	89.3	
88.8	79.6	
98.5	79.2	
99.1	89.5	
99.1	99.6	
75.9	99.6	
98.3	99.6	
99.3	89.5	
89	99.4	
98.7	99.4	
99.1	79.2	
99.1	99.4	
98.1	99.4	
99.3	99.4	
99.3	98.4	
99.1	99	
99.3	89.3	
96.7	98	
97.1	89.5	
98.3	99.6	
98.5	89.1	
98.9	89.7	
98.7	89.7	
99.3	89.3	
98.9	89.7	
78.7	89.5	
98.3	79.6	
97.9	89.7	
98.5	89.5	
98.7	89.7	
98.5	99.6	
98.9	89.7	
98.9	89.7	
98.3	99.4	
98.7	89.7	
98.1	89.7	
88.2	88.9	
98.7	99.6	
98.3	99.6	
99.1	99.6	
99.3	99.4	
99.1	89.7	
99.3	99.4	
78.7	99.6	
88.6	99.4	
99.1	99.6	
97.5	89.5	
98.5	99.6	
99.1	99.2	
98.7	89.1	
96.9	88.5	
98.9	99.4	
99.1	99.6	
98.9	89.5	
98.7	79.4	
97.5	69.3	
99.3	99.6	
99.3	89.1	
98.7	99.4	
98.3	87.7	
98.7	89.1	
98.7	99.6	
98.7	89.1	
88.8	89.5	
79.3	87.9	
68.6	89.5	
98.9	89.3	
68.6	89.7	
96.9	89.7	
88.4	99.6	
98.9	89.5	
99.1	89.5	
89.2	89.7	
97.7	6.9	
99.1	89.3	
99.3	88.9	
98.7	79.4	
97.7	79.4	
98.5	89.7	
98.9	89.3	
98.7	79.2	
98.9	89.7	
99.1	98.8	
98.9	89.3	
98.7	89.5	
98.7	89.5	
98.9	89.3	
89.2	99.4	
99.1	89.7	
99.3	89.7	
68.2	78.6	
98.9	89.7	
98.9	98.8	
99.1	89.3	
98.9	89.7	
89	89.5	
88.6	99.6	
98.9	89.7	
98.9	99	
98.9	89.7	
98.3	89.3	
99.1	89.7	
88.4	98.8	
98.7	89.7	
99.3	58.6	
99.1	89.5	
97.3	89.3	
98.1	89.7	
98.3	79.2	
98.1	79.6	
98.1	88.9	
99.3	79.4	
99.3	99.6	
99.3	59	
99.1	99.6	
99.1	99.4	
96.9	89.3	
88.6	99.4	
99.3	98.6	
98.7	99.2	
98.5	89.5	
99.3	89.5	
89.2	89.5	
98.5	89.7	
78.1	89.1	
99.3	99	
99.1	99	
99.1	89.5	
99.1	99.4	
99.1	98.4	
98.9	89.3	
97.7	89.5	
98.7	89.3	
98.7	89.5	
99.1	89.7	
98.9	89.3	
89	89.5	
88.8	89.7	
99.3	89.5	
88.8	78.4	
89.2	89.7	
86.8	79.4	
97.5	89.7	
97.1	78.8	
98.7	99.6	
79.3	99.4	
99.3	99.6	
88.6	99.4	
98.7	89.7	
99.1	99.4	
98.3	99.4	
88.8	78.8	
97.9	99.4	
79.1	99.6	
98.9	99.6	
88.8	89.5	
87.6	88.7	
89	98.2	
99.1	89.5	
98.7	99.6	
98.3	98.8	
98.5	99.4	
88.8	98.8	
98.9	99.6	
99.3	99.4	
99.1	99.4	
98.9	99.4	
98.7	89.3	
66.8	88.5	
89.4	89.7	
89.4	99.6	
98.3	99.4	
67.4	89.5	
98.9	89.5	
98.9	99.4	
98.9	99.4	
99.1	99.6	
99.1	99.4	
99.1	89.5	
99.3	99.2	
98.7	98.8	
99.1	98.8	
98.9	79.4	
98.5	89.7	
99.3	99.4	
97.7	89.7	
98.9	79.4	
89	98.4	
89.4	99.4	
77.5	89.7	
78.5	89.7	
98.3	89.7	
98.9	89.5	
97.9	89.5	
98.5	79.2	
98.7	89.7	
98.9	89.3	
99.3	79.6	
89	99.6	
