83.8	89.7	
87.8	89.7	
98.9	89.5	
-16.9	79.4	
98.1	89.7	
97.7	89.7	
96.5	89.7	
75.9	92.4	
94.5	89.7	
97.5	89.7	
96.9	79.4	
99.1	89.7	
99.1	89.5	
97.9	89.7	
99.3	89.7	
99.1	89.7	
99.3	89.7	
99.3	72.2	
89	89.7	
99.3	89.7	
89	79.6	
99.3	89.7	
99.3	89.7	
99.3	89.7	
99.1	89.7	
99.3	89.7	
99.1	89.7	
99.3	89.7	
99.3	89.7	
99.3	89.7	
98.3	89.7	
99.3	79.6	
99.3	89.7	
98.9	89.7	
99.3	79.6	
99.3	79.4	
89	89.7	
99.1	89.7	
99.1	89.7	
99.3	89.7	
99.1	89.7	
99.3	79.6	
99.3	89.7	
98.9	89.7	
98.9	89.5	
99.3	79.6	
99.3	89.7	
89	89.7	
99.1	89.7	
99.3	79.6	
99.3	89.5	
99.3	79.6	
98.9	99.6	
98.9	89.7	
99.3	89.7	
89.2	89.7	
99.3	79.2	
89	89.7	
99.1	79.6	
99.1	89.7	
98.9	89.3	
99.3	89.7	
98.7	89.7	
99.3	89.7	
98.9	76	
99.3	89.7	
99.1	89.5	
99.3	89.7	
99.3	89.7	
99.1	79.4	
99.3	69.3	
98.9	79.6	
99.3	89.7	
99.3	89.7	
99.3	89.7	
98.9	89.5	
98.7	89.7	
99.1	89.7	
99.1	89.7	
99.3	79.6	
89.2	79.6	
99.3	89.5	
89.2	89.7	
99.3	89.7	
99.1	89.5	
99.3	89.7	
99.3	89.5	
98.9	89.7	
99.3	89.7	
99.1	89.5	
99.3	89.7	
99.1	89.5	
99.3	89.7	
98.7	89.7	
89.2	89.7	
99.1	89.7	
99.1	89.7	
88.6	78.8	
99.3	89.7	
98.9	89.5	
99.1	79.6	
98.7	89.7	
98.9	89.7	
99.1	89.5	
99.3	87.1	
99.3	89.3	
99.3	89.5	
99.3	89.7	
99.3	89.7	
99.1	89.7	
99.3	89.7	
99.1	89.7	
99.3	89.5	
99.1	89.7	
99.3	89.3	
99.1	79.6	
99.1	89.7	
99.3	89.5	
99.3	89.7	
99.3	89.7	
99.3	89.7	
99.3	79.2	
99.1	89.7	
99.3	69.3	
98.7	89.5	
98.5	89.5	
99.3	89.5	
99.3	89.7	
99.3	71.4	
99.1	89.7	
99.3	89.7	
98.3	89.7	
99.3	89.5	
99.1	70.2	
98.9	89.7	
98.9	89.7	
98.5	89.7	
89.2	89.7	
99.3	89.5	
88.8	89.5	
99.1	89.5	
99.3	79.6	
99.3	89.5	
98.9	89.7	
99.3	89.7	
99.3	89.7	
99.3	89.7	
99.1	89.7	
98.7	89.7	
98.9	89.5	
89.2	89.7	
99.3	89.3	
88.2	89.7	
98.9	69.3	
98.9	89.7	
99.1	89.7	
99.3	79.6	
99.3	77.2	
99.3	89.5	
99.3	89.7	
99.3	89.5	
99.3	89.7	
99.3	79.6	
99.3	89.7	
99.1	89.7	
99.3	89.7	
99.3	89.7	
99.1	89.7	
99.3	89.7	
99.3	89.7	
99.3	89.7	
99.3	89.5	
99.3	89.7	
99.1	89.7	
99.3	89.5	
99.1	89.3	
99.1	89.7	
89.2	89.7	
99.3	89.7	
88.2	89.7	
99.1	89.7	
99.1	89.7	
99.3	79.6	
99.3	89.1	
99.1	89.5	
99.1	89.7	
99.3	89.7	
99.1	89.5	
99.3	79.6	
99.3	69.5	
99.1	89.7	
99.3	89.5	
99.3	89.7	
99.3	59.4	
99.3	89.7	
99.1	89.7	
79.1	89.7	
99.3	79.6	
77.1	89.7	
99.1	89.7	
99.1	89.7	
99.3	89.7	
99.1	79.4	
98.9	89.7	
98.9	89.7	
98.9	89.7	
99.1	89.7	
99.3	89.7	
99.1	89.7	
99.1	89.7	
99.1	89.5	
99.3	89.7	
99.3	89.7	
99.3	89.7	
99.1	89.7	
99.3	88.7	
99.1	89.7	
99.3	89.7	
99.3	89.7	
99.1	89.7	
89	89.7	
99.3	89.7	
98.7	89.7	
99.1	89.7	
99.1	69.5	
99.3	89.5	
98.9	89.7	
99.1	88.9	
99.3	79.6	
99.1	89.7	
98.9	89.7	
98.9	89.5	
99.3	89.7	
99.3	89.7	
99.3	89.7	
99.3	89.5	
98.7	89.7	
99.1	89.5	
99.1	89.5	
99.3	89.7	
99.3	89.7	
99.1	89.1	
99.3	89.7	
98.9	79.6	
98.7	89.7	
98.7	89.7	
99.1	89.7	
98.9	89.5	
89.2	89.7	
98.9	79.4	
99.3	89.7	
99.1	89.7	
99.3	79.6	
99.3	79.6	
99.1	89.5	
99.3	89.7	
98.7	89.7	
99.3	89.5	
99.3	89.1	
99.1	89.7	
99.1	89.7	
99.3	89.7	
89	89.7	
99.3	89.7	
99.3	89.7	
99.1	89.5	
99.1	79.6	
88.8	89.7	
98.3	89.5	
99.1	89.7	
99.3	89.7	
98.9	89.3	
99.1	89.7	
99.3	79.6	
99.1	89.7	
99.3	79.6	
99.3	89.7	
99.1	89.7	
99.1	89.7	
99.1	89.7	
99.1	79.6	
99.1	89.3	
99.3	89.7	
99.3	89.7	
99.3	89.7	
99.1	89.5	
99.3	89.7	
99.1	89.5	
99.3	89.5	
99.3	89.7	
99.3	89.7	
98.7	89.7	
99.1	89.7	
99.3	89.7	
89.2	89.7	
89.2	89.7	
98.9	89.7	
99.1	89.7	
99.3	89.7	
99.1	89.7	
99.1	89.7	
99.1	89.7	
99.3	89.7	
99.3	89.7	
99.3	89.7	
98.9	88.9	
98.9	79.4	
99.1	89.7	
99.1	89.7	
98.9	89.7	
98.9	79.6	
99.1	89.5	
98.7	89.5	
98.9	89.7	
99.3	88.9	
88	89.7	
99.1	89.7	
99.3	69.3	
99.3	89.7	
99.3	89.7	
99.3	69.1	
99.3	89.7	
99.1	89.7	
98.7	89.7	
99.3	89.7	
99.1	89.7	
99.1	89.7	
99.1	89.3	
99.3	89.7	
99.1	89.7	
99.3	89.5	
99.3	89.5	
99.3	89.7	
98.9	89.7	
99.1	79.6	
99.3	89.7	
98.9	89.3	
99.3	89.7	
89.2	69.5	
99.1	89.7	
99.3	89.5	
99.3	69.5	
99.1	89.7	
99.1	89.5	
99.3	89.7	
98.9	79.6	
99.1	89.7	
78.9	89.7	
99.3	89.7	
99.3	79.6	
99.3	89.7	
99.3	89.7	
99.1	89.7	
99.3	89.7	
98.9	69.5	
99.1	89.7	
98.1	89.5	
98.9	79.6	
99.3	89.7	
99.3	89.7	
99.3	89.7	
99.3	89.1	
89.2	89.7	
99.3	89.5	
99.3	89.7	
99.1	89.7	
99.3	89.7	
99.1	89.7	
99.3	89.7	
99.3	89.7	
89.2	89.7	
99.3	89.7	
98.9	89.7	
99.3	89.7	
99.1	89.5	
98.3	88.9	
99.1	89.5	
99.3	89.7	
99.3	89.7	
98.9	79.6	
99.1	79.6	
99.1	89.7	
99.1	89.7	
99.1	79.6	
99.3	79.4	
99.3	99.4	
98.7	89.7	
78.9	79.4	
99.3	89.7	
98.9	89.7	
99.3	89.7	
99.1	89.5	
99.1	79.2	
99.3	89.7	
99.3	89.5	
99.1	89.5	
99.3	89.7	
98.7	89.7	
99.3	89.7	
99.1	89.7	
99.3	89.7	
89.2	89.7	
99.3	89.5	
99.3	89.7	
99.3	89.7	
99.3	89.5	
99.3	89.7	
99.3	89.7	
99.3	89.7	
98.7	89.5	
98.9	79.6	
99.3	89.5	
98.5	89.7	
99.3	79.6	
99.1	89.7	
99.3	89.7	
99.3	89.7	
99.3	79.4	
99.3	89.5	
99.1	89.7	
99.1	69.5	
99.3	89.7	
98.9	89.3	
99.3	89.7	
99.3	89.7	
79.1	89.5	
99.3	89.7	
99.3	89.7	
89	79.6	
99.3	79.6	
99.3	89.7	
99.3	89.5	
98.9	89.7	
99.3	89.7	
99.1	89.5	
99.1	89.7	
99.3	89.7	
99.1	89.7	
99.3	89.7	
99.3	89.7	
99.3	89.7	
99.3	89.7	
98.3	89.5	
99.1	79.6	
99.3	89.5	
99.1	89.7	
98.7	89.5	
99.1	89.5	
99.3	89.7	
99.3	89.7	
99.3	89.5	
88.6	89.7	
99.3	89.7	
98.7	89.7	
99.3	89.5	
99.3	89.7	
99.1	79.6	
99.3	89.7	
99.3	79.4	
99.3	89.7	
99.3	89.7	
99.3	89.7	
99.3	79.6	
99.3	89.7	
99.1	89.7	
99.3	89.7	
98.7	89.7	
98.9	79.6	
88.8	89.7	
99.1	89.3	
98.7	89.5	
99.1	79.4	
99.3	79.4	
99.3	89.7	
88.8	89.7	
98.9	89.3	
99.3	79.6	
99.1	89.7	
99.3	79.4	
89.2	89.7	
99.3	89.7	
99.3	89.5	
99.3	89.7	
99.3	89.7	
99.3	89.7	
98.9	89.7	
99.1	89.7	
99.3	89.7	
99.1	89.7	
99.3	89.3	
99.3	89.5	
99.1	89.7	
99.1	79.6	
99.3	89.5	
99.1	89.7	
99.3	89.5	
99.1	89.5	
99.1	89.7	
99.3	89.7	
99.3	89.7	
