80.8	78.2	
74.1	99.4	
73.3	99.6	
76.9	88.9	
98.5	94.4	
96.9	99.6	
96.7	99.6	
78.7	99.4	
89.4	99.6	
98.1	99	
94.1	99.6	
93.5	88.3	
88.6	99.6	
99.3	99.4	
88.8	89.3	
99.3	99.6	
46.2	99.4	
73.3	99.4	
78.5	98.4	
88.8	99.6	
67.6	99.6	
92.5	98.6	
99.3	78.6	
98.9	79	
87	88.5	
98.1	99.4	
99.1	98.8	
99.3	97.4	
98.9	99	
99.1	88.9	
87.8	68.9	
87.4	79.4	
89	79.6	
78.1	88.7	
47.4	68.3	
88.2	99.2	
99.1	97.8	
96.5	97.4	
97.5	79	
88.6	87.7	
98.9	99.6	
98.1	89.3	
87.6	99.2	
89.2	88.7	
98.3	99.6	
98.3	99.4	
88.6	89.3	
58.3	99.6	
97.5	87.7	
77.1	88.9	
99.1	99	
98.5	88.5	
99.1	99.4	
79.5	88.7	
56.1	99.4	
98.9	99.4	
98.9	99.6	
76.9	89.5	
89	99.2	
97.9	88.5	
98.7	98.4	
89	99.6	
99.1	99.6	
99.1	88.3	
97.3	99	
98.5	88.3	
89	89.5	
68.6	89.5	
89.2	99.4	
97.5	89.7	
98.5	89.3	
97.1	99.6	
98.7	89.5	
99.3	68.7	
98.5	99.4	
98.7	99.6	
99.3	99	
97.7	89.1	
99.3	99.6	
98.7	99.4	
97.9	89.3	
77.5	99.4	
97.1	88.9	
99.3	99.2	
98.1	99.4	
55.9	99.6	
88.2	99.2	
78.9	78.8	
98.9	99.4	
89.2	97.8	
88.4	99.4	
98.3	89.5	
98.3	88.7	
97.7	98.4	
97.7	98.4	
87.4	88.5	
55.3	98.8	
55.7	89.5	
99.3	99.2	
98.5	99	
89.2	99.2	
97.5	98.8	
98.3	89.1	
99.1	89.5	
78.7	79.2	
96.9	89.1	
56.7	97.8	
88.8	79.4	
97.9	89.7	
87.6	79.2	
98.3	78.2	
99.1	98.2	
98.9	99.4	
99.3	88.1	
98.1	99.4	
98.5	99.2	
99.3	99.2	
93.9	98.4	
98.5	89.1	
99.1	99.2	
79.1	88.7	
98.7	79.2	
96.9	89.3	
98.1	89.7	
78.9	99.4	
96.7	88.9	
97.3	88.9	
87.4	99.6	
88.6	89.5	
68.4	89.7	
98.7	99.6	
98.1	79	
98.9	89.7	
66.6	99	
97.5	78.6	
88.8	89.5	
97.7	89.3	
97.9	99	
88.2	89.3	
98.1	79.2	
98.3	89.1	
98.1	98.6	
88.8	79.4	
98.1	89.5	
98.9	99.2	
98.5	89.5	
98.9	78.6	
88.6	99.6	
95.9	79.2	
99.1	79.6	
99.1	99.2	
99.1	89.7	
99.3	89.7	
98.5	69.5	
97.1	89.3	
98.9	99.6	
98.3	68.9	
89	89.3	
56.1	98.8	
85.4	88.7	
95.1	79	
98.7	99	
99.1	69.3	
97.9	99.6	
98.7	88.7	
96.9	89.7	
99.3	89.1	
98.7	79.6	
99.1	89.7	
77.3	88.7	
99.1	89.5	
98.7	58	
98.5	78.8	
99.1	89.3	
99.1	89.3	
98.9	88.7	
98.9	98.6	
98.9	88.7	
98.1	99.4	
98.9	98.8	
97.1	89.7	
97.5	38.4	
85.8	99.2	
78.7	88.9	
89	89.3	
98.5	99.6	
99.3	89.3	
77.9	99.2	
99.1	99	
98.5	98.8	
98.3	89.1	
97.1	79.6	
99.1	89.3	
97.9	99.4	
77.9	89.3	
98.7	89.7	
98.3	89.5	
98.7	99.4	
98.9	99	
97.7	99.6	
98.7	89.7	
99.3	89.3	
37.7	99.6	
98.3	89.1	
99.1	88.3	
97.7	89.5	
79.1	99.4	
86.8	98.8	
98.9	89.1	
98.9	79.6	
98.5	98.6	
99.1	89.1	
98.9	89.3	
34.9	99.6	
88.4	99.6	
98.9	88.9	
99.1	89.1	
98.7	99	
68.2	98.6	
97.1	89.7	
67.8	98.8	
97.3	99	
99.1	89.7	
97.5	89.7	
98.5	68.5	
99.1	89.7	
98.7	99.4	
98.7	99.4	
96.7	89.1	
99.1	99.2	
99.1	88.5	
99.1	59	
85.8	67.7	
68.8	99.4	
98.7	89.5	
99.3	89.7	
98.9	88.5	
99.1	89.5	
88.2	99.4	
89.2	88.7	
89	99.2	
78.5	58.6	
47.6	88.9	
47.6	98.2	
45.4	98.2	
97.9	99.6	
99.1	89.3	
98.9	69.3	
88.8	98.8	
98.9	89.5	
98.7	99.6	
99.3	97.8	
98.9	99.6	
88.4	99.6	
99.1	89.7	
68.8	89.5	
68.8	79.2	
99.3	99.6	
98.3	89.5	
98.9	98.6	
99.3	67.7	
98.7	99.2	
98.5	99	
99.3	99.4	
98.7	89.5	
96.9	99.2	
97.5	98.8	
99.1	98.4	
97.9	99.2	
77.3	99.4	
88.6	79	
98.3	89.7	
98.7	89.7	
99.3	98.4	
87.8	99.6	
97.5	89.7	
97.5	79.4	
98.3	99.2	
99.1	99.6	
98.7	97.6	
97.1	99.2	
78.3	89.5	
88.6	99	
98.7	99.2	
99.3	67.9	
99.3	68.9	
98.7	79.6	
96.1	98.8	
98.1	89.3	
96.7	89.7	
77.7	88.9	
97.3	99.4	
95.9	89.1	
97.3	89.7	
95.9	99.6	
76.1	77.8	
99.3	89.1	
66.2	99.2	
88.6	89.1	
97.1	99.4	
98.1	98.6	
98.7	89.5	
98.3	99.4	
99.1	69.5	
98.7	99.6	
89.2	79.2	
88.2	99.2	
28.4	99.4	
99.3	99.4	
98.5	89.1	
69.2	89.5	
68.4	99.2	
97.5	89.1	
98.9	89.3	
96.9	89.5	
99.3	78.8	
99.1	88.7	
99.3	89.1	
97.5	89.5	
98.9	88.9	
99.1	89.3	
97.9	87.7	
99.1	89.3	
78.7	88.3	
98.9	99.4	
97.5	99.6	
99.1	89.5	
98.1	98.8	
95.9	88.9	
88.8	99.6	
98.9	89.7	
99.3	99.6	
99.1	99.6	
88.2	99.4	
97.9	89.1	
98.5	98.8	
95.1	77.6	
26.4	89.1	
98.1	88.9	
98.9	99.4	
87.4	99.4	
97.7	78.8	
98.3	99.6	
97.9	98.6	
98.9	89.7	
99.3	79.2	
98.5	58.8	
98.3	89.5	
97.7	99.6	
98.5	79.6	
37.3	89.5	
68.8	98	
88.8	79.6	
66.6	99.2	
98.5	79.6	
97.5	89.7	
99.3	89.5	
87.6	98.8	
98.9	89.7	
89.2	99.4	
98.3	89.3	
99.1	99.6	
78.3	99.2	
46.4	89.7	
99.1	99.2	
99.3	69.1	
98.9	89.7	
98.5	79.4	
99.1	88.3	
97.5	89.7	
98.5	89.1	
88.4	89.3	
98.9	78.8	
98.3	79.4	
98.9	69.3	
78.5	99.2	
97.9	59.2	
98.3	89.7	
99.3	89.7	
98.9	99.2	
99.3	99.6	
98.9	89.5	
99.3	99.6	
98.9	89.7	
98.3	89.7	
89	79.4	
98.9	79.6	
98.7	79.2	
57.9	87.9	
98.7	98.4	
98.9	98.8	
88.2	89.7	
98.7	89.7	
98.5	98.8	
87.6	99.4	
98.3	89.7	
96.7	89.1	
78.3	88.9	
98.9	79.2	
86.8	89.5	
99.3	99.4	
86.6	79.4	
98.1	98.4	
69.2	89.1	
98.7	88.5	
98.7	89.3	
98.7	89.1	
88.2	88.7	
68.4	99.6	
88.8	99.4	
89	99.4	
66.8	99.2	
99.3	99	
96.9	99.6	
78.9	99.4	
88.8	99.6	
67.2	99.4	
86.8	79.6	
98.9	98.8	
98.3	89.1	
99.1	99.6	
58.3	99.6	
77.3	88.9	
78.9	99.6	
99.1	99.2	
97.3	99.4	
87.2	89.5	
99.3	98.8	
98.9	89.5	
98.9	89.3	
98.3	99.6	
97.1	99.6	
98.5	99.2	
67.8	99.4	
98.9	89.5	
68.2	89.7	
98.5	99.4	
98.3	88.9	
98.7	79.2	
98.1	99.4	
78.7	88.7	
99.1	99.4	
98.1	78.4	
98.9	99.4	
98.7	99.4	
74.7	99	
99.1	99	
99.1	99.4	
98.5	98.8	
98.1	99.4	
98.9	99.4	
89.2	99.4	
96.9	89.3	
99.1	98.4	
8.4	88.5	
88.6	99.4	
98.7	99.2	
88.6	89.3	
97.9	99.2	
98.9	99.4	
98.7	89.1	
97.3	98.8	
78.1	75.2	
96.9	99.4	
97.3	99.4	
82.8	98.8	
89.2	89.1	
99.3	89.3	
89	89.1	
88.4	97.8	
98.7	79.2	
97.5	98.8	
89	99.2	
77.5	99	
98.7	99.2	
69	99.6	
97.5	89.1	
98.1	99.6	
98.9	88.5	
88.2	99	
88.6	98.6	
98.9	98.4	
99.1	89.3	
78.9	99.4	
99.1	98.2	
69	89.7	
88.6	88.5	
98.5	89.5	
98.9	99	
99.1	77.6	
98.9	79.6	
97.3	99	
68.2	77.8	
99.3	99.2	
89	99.4	
98.7	59	
98.5	89.7	
98.3	99	
97.5	99	
69.2	99	
