63.4	99.4	
95.3	89.1	
95.9	99.6	
75.5	87.3	
44.8	89.5	
99.1	96.8	
96.5	99.2	
98.3	99.6	
94.9	99.2	
97.7	98.4	
98.7	99.4	
77.4	78.8	
99.3	78.6	
97.5	99.2	
68.8	77.2	
98.1	99.2	
89	97.2	
97.9	99.4	
95.7	99.4	
98.5	99.6	
77.9	89.1	
97.5	99.6	
68	99.2	
37.1	89.3	
95.5	79	
98.3	88.7	
55.9	98.8	
87.8	88.7	
97.9	98.4	
95.3	99.6	
87.6	89.5	
74.9	99	
99.1	99	
98.7	99.4	
98.7	98.6	
97.9	89.5	
97.7	99.6	
86.2	99.2	
97.3	98.2	
98.5	89.7	
98.3	99.6	
96.1	99	
98.7	88.9	
98.3	99.6	
98.9	78	
87.6	89.7	
98.7	99.4	
98.3	89.5	
88.2	89.5	
88.2	89.5	
87.2	99.6	
88.8	99.6	
99.3	99	
97.5	98.8	
96.3	89.3	
98.1	99.2	
78.1	98.8	
96.1	89.3	
98.5	99.4	
98.5	99.6	
96.9	99	
99.1	97.6	
89	98.2	
94.9	98.6	
98.5	89.3	
98.1	99.2	
88.4	99.6	
97.9	99.4	
98.1	99.4	
99.1	99.2	
67.6	99.6	
99.1	89.1	
96.3	89.1	
98.5	99.2	
96.9	99.4	
97.5	99.6	
98.5	89.3	
99.3	88.3	
98.9	88.5	
98.5	78.2	
66.8	89.5	
98.7	99.6	
98.7	89.5	
96.9	99	
96.9	99	
97.9	88.9	
98.7	89.3	
98.5	99.2	
87	89.5	
98.1	99.2	
98.5	99	
97.9	89.1	
98.7	89.1	
97.5	98.8	
88	88.7	
98.7	99.6	
97.3	79.4	
97.9	88.9	
99.1	99.6	
98.5	99.2	
99.1	99	
97.1	58.8	
99.1	99.2	
98.5	97.4	
98.5	88.3	
98.7	99.4	
97.5	99.6	
77.5	77.8	
98.9	98.8	
66.6	98	
98.3	99.6	
97.5	99	
97.7	99.4	
98.5	89.3	
98.9	98.8	
98.5	99.2	
97.1	79.4	
98.5	89.5	
98.5	99.4	
98.3	99.4	
87.2	99.4	
99.3	88.7	
87.8	98.6	
98.7	99.4	
99.1	99	
97.9	98.2	
99.3	99	
98.7	99.4	
78.1	98.4	
99.1	99.4	
98.1	99.2	
94.7	99.2	
98.9	89.1	
68.6	99.2	
99.1	89.5	
98.7	89.5	
98.3	99.6	
88.2	99.2	
85.6	99.6	
98.1	98.6	
96.5	99	
98.1	99.6	
98.5	98.8	
98.1	99.4	
99.3	99.4	
96.9	89.5	
97.7	89.5	
97.9	98	
97.7	89.5	
95.9	89.7	
89.2	99.6	
75.5	99.2	
97.9	89.5	
68.2	88.9	
97.5	69.1	
89	98.4	
68.2	98.8	
98.5	89.7	
97.5	88.5	
98.9	99	
97.1	89.7	
97.3	99	
97.5	99.2	
99.3	99.6	
88.6	89.5	
99.3	99.4	
87.8	89.7	
89	88.3	
78.3	98.2	
98.9	99.6	
99.1	89.5	
98.3	99.2	
99.3	88.7	
98.3	99.4	
98.5	99	
99.1	98.8	
97.9	89.3	
97.9	89.7	
97.5	99.4	
99.1	89.7	
98.7	89.1	
97.7	89.3	
98.7	88.5	
94.5	89.5	
98.5	89.1	
88.6	86.9	
88.8	97.8	
98.9	98	
97.7	89.7	
97.5	99.2	
77.7	99.6	
68.6	99.2	
98.7	89.7	
98.1	98.6	
98.5	98.8	
89.2	99.6	
98.3	97.8	
98.9	98.8	
98.7	89.5	
77.7	99.6	
88.6	98	
98.9	99.6	
89.2	89.5	
98.9	99.4	
87.4	99.4	
88.2	99.6	
98.7	99.6	
98.3	88.1	
99.3	85.9	
98.7	78.4	
96.5	99.6	
98.7	88.7	
98.5	99.4	
99.3	99.6	
98.7	99.4	
99.1	88.9	
99.1	99.4	
98.7	99.2	
87.6	99	
99.3	88.7	
98.5	99.2	
98.5	99.6	
98.7	99.4	
89	99.6	
87.4	98.6	
99.1	99	
98.3	99.2	
78.5	99	
98.7	88.1	
99.1	89.3	
79.3	78.2	
99.1	64.9	
87.6	99.2	
98.5	79.6	
89	98	
89	99.2	
89.2	99.6	
77.1	99.4	
98.9	77.8	
98.3	98.8	
74.9	68.1	
98.3	98.6	
68	99.6	
99.1	89.5	
53.7	89.3	
99.1	99.4	
98.5	98.8	
67.6	88.9	
78.5	88.9	
98.3	89.1	
88	99.4	
98.5	88.9	
99.1	89.7	
97.7	99.6	
99.1	99.2	
97.5	99.6	
67.4	99.4	
98.5	98.8	
88.8	96	
98.5	79.6	
98.5	99.6	
78.1	99.4	
96.9	96.8	
98.1	99.4	
88.6	89.1	
99.1	89.3	
78.3	88.9	
98.3	98.8	
99.1	99.6	
99.1	99	
98.5	99	
98.9	89.1	
88.8	97	
88.2	99.4	
99.1	99.4	
96.5	79	
97.9	99.6	
98.7	98.2	
98.5	99.4	
99.3	89.1	
98.3	79.6	
76.1	99.2	
98.5	99.2	
97.5	89.5	
88.2	99.2	
96.9	99	
97.9	99.4	
87.4	88.5	
88.2	99.2	
99.1	99.4	
99.1	99.4	
97.7	99	
98.7	89.3	
99.1	99.6	
97.9	99.6	
98.3	99.4	
46.8	58.6	
98.7	99	
97.9	99.2	
98.7	98.8	
98.5	79	
88.6	99.4	
98.7	89.1	
97.1	99.2	
99.1	86.5	
99.1	99.6	
78.1	88.5	
97.3	99.4	
98.7	98.6	
97.5	79.2	
75.5	99.2	
97.3	88.9	
99.3	89.7	
96.7	89.1	
98.5	89.5	
36.7	99.4	
78.9	99.4	
99.3	98.8	
99.1	98.4	
87.4	98.2	
77.9	98.8	
99.1	99.2	
98.1	98	
99.3	99.4	
98.5	99.6	
66.6	98.4	
98.9	99.2	
86.4	98.8	
88.4	87.7	
98.5	99.6	
96.1	88.1	
86.6	88.5	
98.3	98.2	
98.9	99.6	
98.9	98.2	
88.2	88.9	
97.5	99	
74.3	98.8	
99.1	98.6	
78.9	99.6	
98.1	99	
99.1	89.7	
98.9	99.2	
88.2	99.2	
96.5	98.8	
98.1	79	
98.3	99.6	
98.5	97.6	
99.1	99	
98.7	99	
98.1	87.7	
56.1	99.2	
98.3	99.2	
99.1	79.6	
98.1	99.4	
97.7	89.3	
97.1	86.5	
98.7	89.1	
98.7	89.7	
98.7	99.6	
92.9	99.6	
97.3	99	
97.3	67.5	
98.5	99.4	
86.4	98.4	
98.9	99	
98.7	99.4	
98.5	97	
99.1	99.4	
98.5	99.6	
86.8	79.6	
98.3	99.4	
98.5	99	
88.8	99.4	
78.7	79	
85.8	99.2	
94.7	88.9	
96.5	99	
96.5	98.6	
95.9	69.5	
88.2	99.6	
97.3	98	
69	99	
98.9	99.4	
88.4	98.4	
98.9	98.4	
96.3	99.2	
98.5	99.6	
99.1	99.4	
99.1	89.7	
99.1	99.4	
85.8	98.8	
97.5	99	
76.7	99.4	
98.3	99.4	
99.3	99	
98.5	99.4	
98.7	99	
78.5	89.3	
98.9	88.7	
98.5	87.3	
98.5	99.2	
99.1	87.7	
98.3	89.1	
88.2	99.2	
96.9	89.3	
98.7	96.8	
88.6	89.3	
67.8	89.7	
97.1	99.4	
97.7	99.4	
99.1	97	
96.9	68.5	
98.7	97.8	
97.3	89.5	
97.7	99.2	
69.2	89.5	
99.3	98.6	
98.5	99	
99.3	99.2	
99.3	99.2	
98.9	89.7	
99.1	99.6	
98.7	99.4	
89.4	99.4	
97.9	99.4	
97.9	89.7	
99.1	99.6	
98.9	97.4	
99.3	79.2	
99.1	89.7	
88.4	99.4	
98.3	99.6	
78.5	99.6	
76.9	99	
98.3	99.2	
98.3	99.4	
98.9	99.6	
99.1	99.2	
78.1	98.6	
98.7	99.4	
97.9	99.2	
98.3	87.5	
97.3	99.4	
99.1	99.2	
98.1	99.6	
98.7	99.4	
99.1	89.3	
98.5	78.2	
89.2	79.4	
98.5	89.3	
98.9	99.4	
98.7	88.9	
98.5	69.1	
87.4	89.1	
98.7	99.4	
98.9	89.7	
98.9	89.1	
48.6	78.2	
98.5	98.8	
67.6	78.4	
98.5	89.1	
97.3	99	
67.8	89.7	
55.3	89.7	
99.1	88.3	
99.1	89.7	
97.7	89.5	
98.7	88.9	
98.9	99.6	
88	98	
97.9	89.3	
78.5	79	
65.4	89.5	
98.5	99.4	
98.9	99.6	
99.1	99.4	
66.8	89.5	
98.1	89.5	
98.9	69.3	
97.7	79.4	
98.9	89.1	
98.7	99.4	
97.5	87.7	
87	88.5	
69.2	89.5	
68	89.3	
78.5	68.9	
78.1	99.6	
16.3	78.4	
98.3	89.3	
98.9	99.6	
55.3	98.6	
69	99.4	
98.3	99.6	
97.7	99.6	
27.4	99.4	
88.6	97.8	
98.3	99.4	
99.3	89.3	
