84.2	89.7	
83.2	-30	
55.3	89.7	
62.8	89.5	
97.1	89.3	
94.5	99.6	
98.1	89.7	
85.4	89.7	
98.5	89.5	
97.3	89.7	
88.2	89.7	
98.5	89.7	
72.1	89.7	
98.7	89.7	
96.9	89.7	
98.3	89.5	
98.5	89.5	
79.1	89.5	
98.7	89.7	
98.9	89.7	
98.7	89.5	
99.1	89.7	
99.3	89.7	
97.7	89.7	
98.7	89.7	
99.3	89.7	
99.3	89.7	
99.1	79.6	
99.3	89.7	
99.1	89.7	
98.5	89.7	
99.3	89.5	
99.3	89.7	
89	89.7	
99.1	89.7	
99.3	79	
99.3	89.7	
99.3	89.7	
99.1	79.4	
99.3	83.3	
98.9	89.7	
99.1	89.5	
99.3	79.6	
99.3	70.2	
99.3	89.7	
98.7	89.7	
99.3	79.4	
99.3	89.7	
99.3	89.7	
99.3	89.7	
99.3	79.4	
99.3	89.7	
99.1	89.7	
99.3	89.7	
99.3	89.7	
99.3	89.5	
99.3	67.8	
99.3	89.5	
99.3	89.7	
99.3	89.7	
98.9	89.7	
79.3	89.7	
98.5	89.7	
99.1	89.7	
99.1	89.7	
89.2	89.5	
99.3	89.5	
99.1	99.6	
99.3	89.7	
99.3	79.4	
99.3	89.7	
99.1	59.2	
99.3	89.7	
99.3	89.7	
99.3	89.7	
99.3	89.7	
99.3	89.5	
98.9	89.7	
99.3	89.7	
99.3	89.7	
99.1	89.7	
99.3	89.7	
99.1	89.7	
99.3	79.6	
99.3	89.7	
99.3	89.7	
99.3	89.7	
99.3	79.6	
99.3	89.7	
99.1	89.7	
99.1	89.7	
99.1	89.7	
99.1	79.6	
88.8	69.5	
98.9	89.7	
99.3	89.3	
98.9	79.4	
99.3	89.7	
99.3	89.7	
98.9	89.7	
98.9	89.7	
98.9	79.4	
89	89.7	
99.1	89.7	
99.1	89.7	
99.3	89.7	
99.3	89.7	
89.4	79.6	
99.3	89.5	
79.1	89.7	
99.3	79.4	
89.4	89.7	
99.1	89.7	
99.3	89.7	
99.3	89.7	
99.3	89.7	
99.3	89.7	
99.1	89.5	
99.3	89.7	
98.5	89.7	
99.1	79.6	
99.3	89.7	
99.3	89.7	
99.3	89.7	
98.9	89.7	
99.3	89.7	
89.2	89.5	
99.1	89.3	
99.3	89.5	
89	89.7	
88.2	89.7	
89	89.7	
99.1	79.6	
99.1	79.6	
99.3	89.7	
99.3	89.7	
99.3	89.7	
98.9	79.2	
99.3	89.7	
99.3	69.1	
99.3	89.7	
99.3	89.7	
99.1	89.5	
99.1	89.7	
88.6	89.7	
99.1	89.7	
99.3	89.7	
99.3	78.6	
89	89.7	
99.3	89.7	
89.4	89.7	
99.3	89.7	
89	89.7	
99.1	89.7	
99.3	89.7	
99.3	89.7	
99.3	69.5	
99.3	89.7	
99.3	89.7	
99.3	89.7	
98.9	79.6	
99.3	89.7	
99.3	69.3	
98.9	59.2	
99.3	69.5	
99.3	89.7	
98.5	89.7	
98.9	89.7	
99.3	89.7	
99.1	89.7	
99.1	89.7	
99.3	89.3	
99.3	89.7	
99.3	89.7	
99.1	89.7	
98.9	89.7	
99.3	89.7	
99.3	89.7	
79.3	89.3	
89	89.7	
99.3	89.7	
99.1	89.5	
99.1	89.3	
99.3	89.7	
98.5	89.7	
99.3	89.7	
99.1	89.7	
98.9	79.4	
99.1	89.5	
99.3	89.7	
99.1	89.5	
99.1	89.7	
99.3	89.7	
99.1	89.5	
89.4	89.7	
99.3	89.7	
99.3	99.6	
99.3	89.7	
98.5	89.7	
99.3	79.6	
99.1	89.7	
99.1	89.7	
88.8	89.7	
99.1	89.5	
99.3	89.7	
99.1	89.7	
99.1	89.7	
99.3	89.7	
99.3	89.7	
99.3	89.7	
99.3	89.7	
99.1	89.7	
99.3	89.7	
98.7	89.7	
99.1	89.7	
99.3	89.7	
99.3	89.7	
99.3	89.7	
98.1	89.3	
99.3	89.7	
89	89.7	
98.9	89.7	
99.3	99.4	
99.1	89.7	
99.3	89.7	
99.3	79.2	
99.1	89.7	
98.9	89.7	
99.3	89.7	
99.3	89.7	
99.1	99.4	
98.7	89.7	
99.3	89.7	
99.3	89.7	
98.9	89.3	
89.4	89.7	
99.1	89.7	
99.3	89.5	
99.1	89.5	
98.9	89.7	
98.7	89.5	
99.1	89.7	
99.3	89.7	
99.3	89.5	
99.3	89.5	
99.3	89.7	
99.1	89.7	
99.3	79.4	
99.3	89.7	
88.6	89.7	
99.1	99.6	
99.3	89.7	
89.2	89.7	
99.1	89.7	
98.9	89.7	
99.1	89.7	
99.3	89.1	
98.9	89.7	
99.3	89.7	
99.3	89.5	
99.3	89.7	
99.3	89.7	
99.3	89.7	
99.3	89.5	
99.3	89.7	
89.2	89.3	
99.1	89.7	
99.1	89.7	
99.1	89.5	
99.3	89.7	
99.3	89.5	
99.1	89.7	
98.7	89.7	
98.9	89.7	
98.7	89.5	
98.7	89.7	
99.1	89.7	
99.3	89.7	
98.9	79.6	
88.8	69.5	
99.1	89.7	
99.3	89.7	
99.3	89.7	
99.3	79.6	
99.3	79.4	
98.9	79.4	
99.3	89.7	
99.3	89.7	
99.3	79.6	
99.3	89.7	
99.3	89.7	
89	89.3	
99.3	89.7	
99.1	89.7	
99.3	89.7	
99.3	99.6	
99.3	89.1	
99.1	89.7	
98.9	89.7	
99.3	89.5	
99.1	89.5	
99.3	89.7	
99.3	89.7	
99.1	79.6	
99.3	89.7	
98.7	89.7	
98.9	89.7	
99.3	89.7	
99.3	89.5	
89	89.7	
98.5	89.1	
99.1	89.5	
99.3	89.7	
99.3	79.4	
99.3	89.7	
98.7	89.7	
89	89.5	
99.3	89.7	
99.1	89.7	
99.1	89.7	
99.1	89.7	
99.3	89.7	
99.1	89.7	
99.3	79.6	
98.5	89.7	
99.3	89.7	
99.1	89.7	
99.3	89.5	
99.3	89.7	
99.3	89.7	
98.9	89.7	
98.9	89.7	
99.3	89.7	
99.3	79.6	
99.3	89.7	
99.3	79.2	
99.3	79.4	
99.3	89.7	
99.1	89.5	
89.4	79.6	
99.1	69.5	
99.1	89.5	
99.1	89.7	
99.1	89.7	
99.1	89.7	
89	89.7	
99.3	99.4	
98.7	89.7	
99.3	89.7	
99.3	89.1	
98.9	79.6	
98.3	89.7	
99.1	89.7	
99.3	99.6	
99.3	79.4	
99.3	99.6	
99.3	69.5	
99.3	89.7	
99.3	79.6	
89	89.7	
99.3	89.7	
99.3	89.5	
99.3	79.6	
99.3	89.5	
99.1	99.4	
98.1	89.7	
99.1	89.7	
99.3	89.7	
89	89.7	
98.9	89.5	
98.9	89.5	
99.1	79.6	
98.9	89.7	
99.3	89.1	
99.3	89.7	
99.3	89.7	
99.3	89.7	
99.1	89.7	
99.1	89.7	
99.1	89.3	
89.2	89.7	
98.9	68.5	
99.1	89.7	
99.3	89.7	
99.3	89.7	
99.3	89.5	
99.3	89.7	
79.3	89.7	
99.3	89.7	
99.3	79.2	
99.3	79.6	
99.3	89.7	
99.3	89.7	
99.1	89.7	
89.4	89.7	
99.3	89.7	
99.3	89.7	
99.3	89.7	
99.3	89.7	
98.5	79.6	
99.1	89.1	
99.1	89.7	
99.1	89.1	
99.3	89.3	
98.9	89.7	
99.1	89.7	
99.3	89.7	
88.6	89.7	
99.3	89.7	
98.9	89.7	
99.3	89.3	
99.3	89.7	
99.3	89.7	
99.3	89.7	
99.1	99.6	
99.3	69.1	
99.3	89.7	
99.3	89.7	
99.1	89.7	
88.4	89.7	
98.3	89.7	
99.1	89.5	
99.3	89.7	
99.1	89.7	
99.3	79.4	
98.9	89.7	
99.1	89.7	
99.1	89.7	
99.1	89.7	
99.3	89.5	
99.1	89.7	
99.1	79.6	
98.5	89.7	
98.9	79.6	
99.3	79.4	
98.3	79.6	
99.3	89.7	
99.3	99.6	
99.3	89.7	
98.9	89.7	
99.3	89.5	
99.1	89.7	
99.3	79.6	
99.3	89.7	
89.4	89.5	
99.3	89.7	
99.3	89.5	
89.4	89.7	
99.3	89.7	
99.3	89.7	
88.6	89.7	
99.3	89.7	
99.3	89.7	
99.1	89.3	
98.7	89.7	
99.3	89.7	
98.7	89.7	
99.3	89.7	
99.3	89.7	
98.9	89.7	
99.1	89.7	
99.3	89.7	
99.3	89.7	
99.3	89.5	
89.2	89.7	
99.3	89.7	
99.3	89.7	
99.1	89.7	
99.1	89.5	
88.6	99.6	
99.3	89.5	
99.3	89.7	
99.1	89.7	
99.3	79.6	
79.3	89.7	
99.3	89.7	
99.3	89.7	
99.1	89.7	
99.1	89.7	
99.1	89.7	
99.3	89.7	
99.3	89.7	
89.2	89.7	
99.3	89.7	
99.1	89.7	
98.9	89.7	
99.1	89.7	
99.3	89.5	
99.1	89.7	
99.1	89.7	
99.3	79.4	
99.3	89.7	
89.4	89.7	
99.1	89.7	
99.3	89.7	
98.7	89.7	
99.1	89.7	
99.1	89.5	
99.3	89.7	
99.3	79.6	
