96.5	79	
97.5	68.5	
96.3	66.9	
97.7	89.7	
54.9	99	
16.3	96.6	
34.3	89.7	
86.6	99	
87.4	99.6	
84.6	88.9	
94.3	78.8	
87.2	98	
70.7	99.6	
81	99.6	
98.7	98.8	
73.1	91.6	
96.7	99.6	
97.9	99.4	
97.5	99.6	
86.8	99.6	
77.9	99.4	
97.5	99.2	
87.4	78.4	
98.7	78.2	
98.5	99.2	
98.1	67.5	
97.3	97.6	
65	88.7	
89.2	99.2	
98.1	85.3	
85.4	79.6	
99.3	78.8	
97.9	99.4	
98.9	97	
96.1	89.5	
86.8	99	
87.8	99.4	
87.8	89.5	
79.1	99.6	
55.7	99.6	
72.1	88.7	
97.9	98.8	
88.6	99	
97.9	99.4	
76.1	89.7	
98.9	98.4	
76.7	98.8	
71.3	89.1	
84.6	99.2	
98.1	99.6	
67.4	75	
88.4	97.6	
97.3	86.3	
99.3	98.8	
97.9	99.4	
98.3	99.2	
87.8	99	
98.1	93.4	
96.9	99.6	
97.5	89.1	
74.5	88.7	
88.6	99.6	
96.5	89.7	
99.3	89.1	
88.8	89.5	
99.1	99	
98.9	87.7	
96.5	99.6	
97.7	98.8	
98.9	89.1	
99.1	99	
89.2	89.7	
77.7	89.5	
88.6	89.7	
87.8	99.4	
64.2	77	
98.7	99.4	
98.5	88.5	
97.9	97.2	
77.5	89.7	
98.5	97.4	
96.5	99.4	
77.5	99.6	
98.3	99.6	
46.6	99.6	
88.4	89.5	
95.7	99.4	
97.9	99	
98.1	79.2	
98.9	89.1	
99.1	98.8	
97.3	89.5	
98.3	98.2	
87.6	89.5	
98.5	99.6	
99.3	99	
98.9	89.7	
99.3	99.2	
99.1	89.5	
98.5	78.8	
99.1	98.4	
97.9	68.9	
96.9	88.7	
98.9	99.6	
99.3	99	
97.5	79.6	
98.7	99.6	
88.8	99	
98.7	89.7	
98.3	89.7	
97.5	98.8	
88.4	99.4	
98.3	88.9	
98.1	99.4	
98.9	89.5	
98.3	99.6	
98.1	99.2	
99.1	99.2	
98.9	79.4	
98.7	58	
98.5	89.5	
98.3	89.3	
98.3	89.3	
98.9	89.5	
98.5	89.1	
98.5	99.4	
98.3	89.5	
98.5	99.4	
97.7	99.2	
98.7	88.3	
98.5	89.5	
88.4	99.4	
96.5	88.9	
98.5	88.9	
68	98.4	
98.9	99.4	
98.9	88.9	
17.3	89.7	
98.7	99.6	
48.4	99.6	
46.2	99.4	
99.1	99	
98.5	99	
99.3	99	
97.7	99.4	
99.1	98.6	
88.6	89.3	
98.7	99.6	
98.1	89.5	
97.9	89.3	
98.5	99	
98.1	88.3	
98.7	99.6	
97.5	98.8	
96.7	64.9	
98.9	99.6	
97.9	87.3	
97.9	99.4	
98.7	99.4	
98.1	78.4	
96.9	99.4	
88.2	79.2	
98.3	97.6	
97.3	99.6	
98.3	99.4	
96.9	79.4	
76.3	88.5	
98.9	99.2	
96.9	99.6	
98.3	89.1	
98.5	99.4	
98.5	99.2	
98.1	88.9	
98.9	88.7	
67.6	88.9	
98.9	89.1	
98.9	88.3	
98.7	99.6	
98.9	88.5	
98.5	78.6	
99.3	98.6	
98.9	99	
99.1	89.5	
98.9	99	
98.7	99.4	
99.1	99.2	
98.5	99.4	
98.3	99	
99.1	88.7	
98.3	79	
97.7	89.5	
98.9	99.2	
99.3	99	
87.2	99.6	
99.1	97.4	
87.2	98.8	
97.1	99	
89.4	88.5	
98.7	99.4	
98.5	99.2	
97.7	99.4	
98.5	89.3	
98.5	99.4	
98.1	98	
25	99	
98.5	99.2	
98.9	88.9	
98.7	99.4	
98.5	89.1	
98.5	99.6	
97.1	89.3	
98.9	99	
89.4	89.3	
98.9	99	
98.7	98	
99.1	88.9	
99.1	99.2	
98.5	98	
98.1	88.9	
98.9	89.7	
88.8	99.4	
87.4	89.7	
95.1	99.6	
98.1	99.6	
68.8	89.3	
85	88.9	
88.4	89.7	
68.8	89.5	
98.9	99.2	
98.3	99.2	
68	89.1	
98.1	89.5	
76.5	99.6	
98.3	99.6	
99.1	89.5	
38.9	99.6	
45.8	89.3	
98.7	98.8	
86.8	98.2	
96.5	99.2	
98.3	89.5	
99.1	99.6	
77.9	98.8	
98.7	89.3	
98.1	99.4	
89	68.1	
99.1	99.2	
97.9	89.1	
98.9	89.3	
99.1	67.1	
66.2	89.5	
98.9	88.7	
98.9	98.4	
98.5	89.3	
98.3	99.2	
83	79	
98.5	78.2	
78.5	99.2	
98.9	89.5	
94.9	88.9	
97.5	99.6	
98.5	99.4	
98.1	89.1	
98.9	99.6	
98.7	88.9	
99.1	96.6	
98.5	89.3	
97.3	89.7	
87.6	99.4	
98.5	97.8	
98.1	79.2	
97.7	77.2	
89.2	99.2	
99.1	87.7	
99.3	88.9	
28	99.6	
97.1	66.5	
99.3	89.7	
98.3	89.1	
97.7	89.3	
98.3	89.3	
99.1	89.7	
98.9	98.8	
98.9	89.7	
98.5	99.6	
98.9	99.6	
78.5	99	
58.7	99.6	
88.4	99.6	
98.5	99.4	
98.3	99.6	
98.7	99.6	
98.5	98.4	
98.3	89.7	
98.3	79.2	
99.3	87.9	
97.3	99.2	
98.9	98.8	
97.7	98.6	
97.3	88.5	
99.3	89.3	
99.3	99.4	
88.6	99.2	
98.5	99.4	
99.1	99.6	
98.7	88.5	
99.3	88.9	
65.2	99.4	
99.1	89.7	
99.3	99.6	
65.4	79	
98.1	79.4	
98.7	99.4	
88.2	88.3	
98.5	98.4	
97.7	98.2	
99.1	99.6	
99.3	99.6	
98.7	99.4	
88.4	99.6	
37.3	99.6	
98.9	99.6	
98.7	86.9	
98.3	99.4	
98.9	99.6	
98.7	98	
99.1	98.2	
99.1	88.5	
98.9	99.4	
99.3	99.6	
98.7	89.7	
88.4	78.6	
98.5	89.5	
96.7	99.2	
98.7	89.3	
78.5	99.2	
89	98.4	
98.7	89.1	
98.9	99	
99.1	99	
98.5	99	
99.1	99	
97.3	99.4	
88	98.8	
97.9	68.9	
98.3	99	
88	89.7	
97.7	99.4	
87.6	98.6	
67	99.6	
99.3	58.8	
87.6	89.7	
99.1	78	
97.5	69.5	
98.1	99.4	
97.5	99.4	
99.3	98.6	
98.1	99.4	
95.7	99	
98.5	99	
67.6	98.6	
99.1	99.4	
99.1	87.9	
78.9	99.2	
97.3	89.5	
99.1	99.4	
97.9	89.3	
98.5	79.6	
78.7	98.6	
98.1	99.6	
97.9	99.6	
99.1	79.4	
97.5	99.4	
98.3	98.8	
99.1	99.4	
57.3	99.4	
79.1	98.8	
98.3	99.4	
77.9	89.3	
98.5	89.7	
98.1	99.6	
98.7	89.5	
97.3	99.4	
94.9	69.1	
99.3	89.3	
98.5	78.8	
98.9	99.4	
98.5	89.3	
99.1	99.2	
98.9	98.8	
99.1	86.9	
97.9	88.5	
98.5	78.8	
89	95.6	
99.3	99.6	
98.3	99.6	
78.1	99.4	
98.9	89.7	
99.1	99.4	
77.1	99.6	
97.5	99.2	
78.1	99.4	
98.9	99.2	
98.7	99.6	
98.7	99.4	
99.3	98.6	
99.3	98.8	
98.5	79.2	
88.8	78.6	
98.1	99.4	
56.7	89.3	
86.4	98.8	
98.1	99.2	
68.6	99	
98.1	89.5	
99.3	89.3	
98.3	99.6	
98.5	79.2	
99.3	99	
98.9	88.9	
97.5	99	
98.7	97.4	
99.1	99.6	
87.8	99.2	
98.5	99	
94.9	99.4	
98.7	77.8	
98.1	99.2	
97.5	98.4	
77.9	99.6	
98.1	99	
89.2	98.8	
97.7	99.2	
96.7	89.7	
88.8	98.2	
98.5	98.8	
97.3	99	
98.9	99.6	
97.5	99.2	
99.1	99.4	
98.9	99.6	
98.1	99.4	
98.9	99.4	
98.7	99.6	
76.9	88.7	
98.9	99.2	
89.2	98.8	
98.5	98	
97.9	88.7	
97.9	99.2	
98.3	98	
98.3	89.7	
97.1	99.4	
89	99.2	
96.1	98.8	
99.3	88.3	
99.1	88.9	
97.1	79.4	
88.8	78.6	
88.2	98.6	
87.8	88.7	
98.5	99.2	
99.1	99	
98.7	99.2	
79.1	98.6	
97.3	99	
88	99	
99.3	99	
99.3	99.4	
98.7	78.6	
99.1	98.6	
66.2	99.2	
98.7	98.6	
87	79.2	
97.9	88.7	
98.3	88.3	
99.1	99.6	
99.1	98.8	
99.1	99.6	
78.5	89.3	
98.7	99.4	
98.9	98.6	
99.1	99.4	
97.9	88.5	
98.7	99	
99.3	89.5	
99.1	89.3	
98.9	89.3	
99.1	99.6	
99.3	99.2	
98.5	89.3	
99.1	79.4	
76.1	98.8	
98.9	99	
96.9	98.6	
98.7	99.6	
99.1	98.8	
98.7	88.5	
89.2	89.3	
98.5	99.6	
