12.3	87.1	
96.1	99.6	
84.8	99.2	
73.9	99	
97.9	99.2	
98.5	99.6	
78.9	88.9	
97.1	89.7	
96.1	88.5	
99.3	98	
98.9	88.5	
99.3	99.2	
98.9	99.2	
98.9	79.2	
86.8	89.1	
98.7	99.6	
99.3	99.6	
96.9	99.6	
96.3	98.8	
97.1	99.6	
98.1	99.6	
97.9	99.6	
99.1	99.4	
88.8	99.4	
98.1	99.2	
98.5	99.6	
98.7	99	
99.1	99.6	
97.3	98.6	
98.1	88.9	
98.7	99.6	
65.4	88.7	
97.9	99.6	
98.7	98.4	
88.8	99.6	
77.9	99.2	
99.3	99.4	
96.5	99.4	
98.3	89.3	
98.7	99.4	
98.3	98	
98.5	99.4	
97.9	99.6	
98.5	99.2	
98.1	89.5	
66.8	89.3	
98.9	89.7	
78.7	99.6	
78.5	88.9	
99.3	89.3	
99.3	79.6	
98.7	99.4	
89.2	99.2	
99.1	99.6	
98.5	89.7	
78.9	99.4	
68	99.6	
99.3	78.6	
99.3	99.6	
98.1	99.6	
77.5	99.4	
98.7	99.4	
99.1	99.4	
99.3	99.6	
97.5	98.8	
99.1	88.9	
98.7	99.2	
98.5	99	
99.1	99.6	
98.5	89.5	
88.8	89.7	
98.7	89.5	
89	88.9	
98.7	99.2	
68	89.3	
98.9	99.4	
99.1	79.4	
99.3	99.4	
99.1	99.4	
89	99.4	
99.1	99.6	
98.9	99.4	
98.5	86.7	
97.7	99.6	
99.1	99.4	
98.9	89.5	
98.7	99.6	
98.7	98.8	
55.5	99.6	
98.9	58	
99.3	69.3	
99.1	89.3	
99.3	99.2	
78.5	99	
67.8	99.2	
89.4	98.8	
99.3	99.4	
99.1	99.6	
99.3	99.2	
86.8	99.6	
99.3	99.6	
98.5	99	
98.5	99.4	
99.3	99.6	
88.2	99.2	
99.3	99	
98.1	99.6	
99.1	67.5	
98.5	89.5	
96.7	99.4	
98.3	97.2	
99.1	99.4	
99.1	99.6	
98.9	99.4	
98.5	99	
78.7	99.2	
78.7	89.7	
89	99.6	
98.5	99.6	
99.3	89.5	
78.9	99	
88.4	79.2	
98.9	89.5	
98.7	89.3	
89.4	88.9	
68.6	99.2	
98.5	99.6	
98.3	99.4	
99.1	98.6	
94.7	99.2	
98.5	99.2	
98.1	79.2	
98.9	99.6	
99.1	99.6	
97.7	99.4	
98.7	99.2	
99.1	99.6	
89	89.7	
88.4	99.4	
99.3	99.6	
98.9	99.4	
99.3	99.4	
98.9	99.2	
98.7	89.5	
99.1	98.6	
88	99.6	
99.1	68.9	
87.6	99.6	
89	98.6	
99.3	89.5	
97.7	89.3	
98.5	99.2	
99.3	99.6	
68.6	99.6	
78.9	99.6	
77.1	79.4	
98.9	89.1	
99.3	99.6	
98.9	98.8	
89.4	88.9	
37.5	89.5	
88.8	99.4	
98.5	99	
98.9	99.6	
87	99	
98.5	89.1	
88.6	99	
98.1	78.8	
99.1	89.3	
99.1	99.6	
99.1	89.5	
98.9	99.4	
85.8	89.3	
97.1	89.7	
89	89.3	
97.9	98.2	
96.5	88.9	
98.7	89.7	
99.3	99.6	
99.1	99.4	
98.3	99.6	
98.1	98.8	
98.7	78.6	
99.3	99.2	
99.1	99.4	
98.7	78.8	
98.7	98.8	
98.9	99.6	
99.1	88.9	
98.1	99.6	
99.1	99.6	
99.3	99.2	
98.1	99.2	
98.1	99.4	
99.3	99.2	
98.7	89.7	
99.1	99.6	
98.5	89.5	
98.5	89.5	
98.1	89.7	
99.1	99.6	
99.3	89.1	
98.3	99.6	
77.5	99.6	
68.8	99	
99.3	88.7	
99.3	89.5	
99.3	98.8	
99.3	99.4	
88.6	99.6	
88.8	79.2	
99.3	89.5	
98.5	89.5	
89.2	89.3	
98.5	88.9	
88.4	89.5	
97.9	89.5	
98.7	89.3	
98.5	89.7	
98.5	89.7	
99.3	99.6	
99.1	88.9	
78.7	79.6	
89.4	89.7	
99.3	89.7	
99.1	89.7	
99.1	89.3	
98.9	99.4	
98.9	99.4	
98.9	99.4	
78.3	99.6	
99.3	89.7	
98.3	67.7	
98.9	89.3	
98.3	99.4	
99.3	89.1	
98.9	99.4	
98.7	87.9	
99.1	99.4	
89.2	89.7	
78.7	88.5	
98.7	99.6	
98.9	99.6	
89.4	99.4	
99.3	99.2	
99.3	99.4	
99.3	89.5	
98.9	99.2	
77.7	88.9	
98.7	99.4	
99.1	89.1	
98.9	99.4	
98.1	99.2	
98.9	89.3	
98.7	89.7	
99.1	98.6	
88.2	89.7	
99.3	99	
98.9	89.5	
78.7	68.3	
98.9	99.2	
98.7	89.5	
99.3	89.7	
88.8	89.7	
98.3	89.5	
98.5	69.1	
98.5	89.7	
97.9	79.4	
98.9	79.4	
87.2	89.5	
88.2	89.5	
87.6	99.6	
58.9	99.4	
98.5	99.2	
99.1	88.5	
99.3	89.5	
89.2	89.3	
89.2	99.4	
99.1	99.2	
98.1	99.4	
88.4	99	
98.3	99.6	
89.2	98.8	
46.6	99.6	
88.6	99.4	
98.3	89.7	
78.9	99.6	
88	99.2	
98.7	89.5	
99.3	99.2	
98.9	99.4	
98.1	99.6	
88.8	89.1	
99.1	99.6	
97.7	89.7	
98.9	99.6	
88.8	99.2	
98.7	89.7	
98.9	89.7	
99.3	89.5	
89.4	99.4	
89.2	99	
98.3	99.2	
89.4	98.8	
89.4	89.7	
98.1	88.3	
88.8	99.4	
99.1	99.4	
98.7	98.4	
99.3	99.4	
89.2	99.6	
89.2	99	
88.6	99.6	
97.7	99.2	
99.1	99.4	
98.9	99	
98.7	98.4	
99.3	89.7	
98.7	89.1	
99.1	99.6	
88.4	89.5	
87.8	99.6	
89	69.3	
87.2	99.6	
98.7	99.2	
58.5	88.5	
99.3	89.1	
98.3	99.6	
57.7	99.6	
98.9	99.6	
98.9	99.4	
99.1	99.4	
98.5	98.8	
98.3	99.4	
99.3	99.4	
98.5	99.6	
99.1	99	
98.5	89.1	
98.5	99	
99.3	99	
98.7	99.4	
99.1	99	
99.1	98.6	
98.1	99.6	
88.4	99.6	
89.4	89.7	
97.9	99.6	
99.3	89.7	
99.1	99.4	
89	98.4	
98.7	99.4	
88.6	69.5	
98.3	99.4	
98.7	99.6	
99.1	79.2	
99.1	79.6	
99.1	99.4	
98.9	99.4	
98.9	89.7	
98.7	99.6	
99.1	79.4	
89	99.6	
98.9	89.3	
98.9	89.7	
99.3	99.6	
99.3	89.5	
99.3	99.6	
98.1	99.6	
99.3	88.3	
96.9	99.6	
99.1	99	
98.9	89.7	
98.5	99.4	
99.3	99	
99.1	89.3	
99.1	99	
98.5	99	
99.1	99.2	
76.5	89.7	
98.9	99.6	
97.9	89.7	
99.3	89.7	
98.9	99.4	
98.9	99.6	
99.1	79.2	
89.2	89.5	
78.7	89.1	
98.7	88.9	
99.1	99	
97.9	89.7	
98.5	89.3	
78.7	89.7	
98.7	89.5	
99.1	99.2	
98.3	89.7	
98.3	89.5	
99.1	99	
77.5	99.6	
98.3	89.7	
98.9	99	
98.1	89.3	
88.6	89.5	
99.1	99.2	
89	98.6	
99.1	99.6	
98.9	99.6	
99.1	89.5	
97.3	89.7	
99.1	99	
98.3	99.6	
99.1	89.1	
98.7	99.2	
98.9	89.1	
97.9	99.6	
98.9	89.7	
98.9	99.6	
78.9	79.6	
99.3	99.4	
77.9	99.4	
88.8	89.3	
87.2	99.2	
88.4	89.7	
98.5	89.7	
78.5	99.4	
89.2	99.4	
68.4	98.8	
99.3	88.7	
88.8	99.6	
98.1	89.3	
99.1	89.7	
39.1	98.8	
99.1	99.6	
98.3	99.6	
99.1	99.6	
98.9	99.4	
98.5	99.6	
99.1	99.6	
98.7	99.4	
98.9	99.6	
98.9	88.7	
87.6	99.4	
98.9	99.6	
98.9	99.2	
99.3	99.6	
89.4	99.2	
88.8	99.4	
99.3	88.9	
99.1	99.4	
79.1	89.3	
78.5	89.1	
99.1	99.4	
98.1	97.8	
98.9	99.2	
98.9	99.4	
78.9	79	
99.3	99	
99.3	89.5	
89.2	99.4	
99.1	99.4	
99.1	99.4	
99.1	99.6	
88.8	99.4	
88.4	99.4	
98.1	99	
98.5	99.2	
88.8	99.2	
97.1	99.6	
79.1	99.4	
37.5	98.6	
99.3	99.2	
99.3	98.8	
98.9	98.8	
98.9	99.6	
89.2	99.2	
98.7	99.6	
99.1	98.8	
88.4	99	
88.8	99.6	
98.7	99.6	
98.5	99.2	
98.9	89.3	
99.3	99.6	
97.7	99.6	
77.5	99.4	
99.3	89.7	
99.3	89.5	
98.3	89.1	
97.9	89.7	
98.7	89.3	
99.1	99.6	
99.1	99.6	
88.8	89.1	
98.5	98.4	
98.3	78.8	
99.1	99.4	
99.3	99.2	
99.1	99	
98.9	79.4	
98.5	99.6	
98.9	99.6	
