76.7	89.7	
98.5	89.7	
96.1	89.1	
-7.1	89.7	
95.5	89.7	
97.7	89.7	
98.7	89.7	
98.5	89.7	
93.1	79.2	
99.1	89.7	
99.3	89.5	
99.1	89.7	
98.1	89.7	
98.9	89.5	
98.9	99.6	
99.3	89.7	
98.7	89.7	
99.1	95.2	
99.3	89.5	
99.1	89.7	
99.3	79.6	
99.1	99.6	
98.5	99.6	
99.3	89.7	
99.3	99.2	
99.1	99.2	
99.3	89.7	
98.9	89.3	
98.3	59	
99.3	98.8	
98.9	99.4	
98.9	99.2	
87.8	99.6	
99.1	98.6	
99.1	99.6	
98.1	99.6	
99.1	99.4	
98.5	99.4	
99.3	98.8	
99.1	99.6	
99.3	99.6	
89	99.2	
98.9	99.4	
98.9	99.6	
99.3	99.2	
98.9	89.5	
99.3	99.4	
99.3	99.6	
98.9	99.6	
99.1	99.4	
98.7	99.6	
99.3	89.7	
99.1	99.2	
99.1	99.4	
99.1	99.6	
99.3	99.6	
99.3	89.5	
99.3	99.2	
98.7	98.2	
98.5	99.6	
88.4	98.6	
98.9	99.4	
88.6	99.2	
98.7	89.5	
99.1	99.6	
99.1	99.6	
99.3	99.6	
99.3	99.2	
98.9	99.2	
98.3	89.7	
98.3	89.7	
98.9	89.7	
99.3	89.7	
98.9	99.4	
79.1	89.7	
99.1	99.6	
98.1	89.7	
96.9	99.6	
99.3	99.6	
99.1	99.2	
99.3	89.7	
98.5	99.4	
98.9	99.4	
99.1	99.6	
98.9	99.6	
99.3	89.3	
98.9	99.6	
99.3	99.2	
99.1	99.6	
98.3	89.7	
97.9	89.7	
99.1	99.6	
99.3	99.6	
99.3	99.6	
99.3	89.7	
98.5	99.6	
98.9	89.1	
99.1	89.5	
99.3	89.1	
99.3	79.4	
98.9	59.2	
89.2	89.7	
99.3	79.4	
99.3	78.6	
99.3	89.3	
99.1	99.4	
99.1	88.3	
99.3	99	
98.7	99.6	
98.9	99.2	
99.1	99	
99.1	99	
99.3	99.4	
89.2	88.7	
99.1	99	
99.1	89.5	
99.1	89.7	
98.7	99.4	
98.5	99.6	
98.5	99.2	
98.9	99.6	
89	89.3	
99.3	89.3	
98.5	99.2	
99.3	99.6	
98.7	79.6	
88.6	99.6	
99.3	99.6	
97.7	99.6	
97.1	99.6	
99.3	99.4	
99.3	99.6	
98.7	89.7	
99.3	99.6	
99.3	99.6	
97.7	89.7	
89	99.6	
98.7	99.4	
89.2	99.4	
99.3	99.4	
98.5	99.6	
99.3	99.4	
89	99.4	
99.1	99.6	
99.3	99.6	
98.3	99.2	
98.9	88.7	
99.3	89.7	
99.3	89.7	
99.3	89.7	
98.9	89.7	
99.1	79.6	
99.1	89.3	
99.3	89.7	
99.1	89.7	
99.1	89.1	
99.1	99.6	
97.3	89.5	
99.3	89.5	
89.4	79.6	
99.1	89.3	
98.7	79.6	
98.5	89.7	
98.9	89.7	
99.1	89.7	
99.1	79.2	
99.3	99.2	
98.9	99.4	
99.1	89.7	
98.9	99.6	
99.1	99.4	
99.1	69.3	
99.3	79.4	
99.1	99.6	
98.9	99.6	
99.3	99	
99.3	98.8	
98.9	99.6	
98.9	99.6	
98.5	99.2	
98.1	99.6	
99.3	99.6	
99.3	99.6	
99.1	99.4	
88.8	99.6	
98.9	99.2	
99.1	99.6	
99.3	98.8	
99.1	69.3	
99.1	99.6	
99.1	89.5	
99.3	89.7	
98.9	89.7	
99.3	89.5	
98.9	89.7	
98.9	89.7	
98.7	88.9	
99.3	69.5	
99.1	88.7	
98.7	89.1	
98.9	89.7	
89.4	89.5	
89.2	99.6	
99.3	99.6	
88.2	99.6	
97.7	99.4	
79.3	89.3	
98.9	69.1	
98.7	89.5	
99.1	98.6	
99.3	89.7	
97.5	79.4	
98.1	89.5	
98.9	89.5	
98.1	78.6	
98.9	89.7	
99.3	59	
99.1	89.7	
99.1	99.2	
98.5	99.2	
99.3	89.5	
97.7	89.7	
98.3	78.2	
99.3	99.2	
97.5	89.7	
99.3	78.8	
99.3	89.7	
98.9	89.7	
99.1	79.2	
99.3	89.7	
98.9	89.3	
99.1	89.7	
99.3	89.7	
99.1	99.2	
98.5	89.7	
99.1	89.7	
98.9	99.4	
99.3	99	
99.1	79.6	
99.1	89.7	
98.9	89.7	
98.7	89.5	
98.3	89.5	
99.3	89.5	
99.1	79.4	
99.1	79.6	
98.9	79	
99.1	79.6	
98.9	89.7	
98.7	79.4	
99.1	79.4	
99.1	89.5	
98.7	98.4	
98.9	79.2	
98.7	89.7	
99.1	98.2	
88.8	99.4	
99.3	89.7	
98.7	79.4	
99.3	89.7	
99.1	89.7	
98.5	89.5	
89	69.5	
99.3	89.7	
99.3	89.7	
99.1	89.7	
99.1	89.7	
89.2	89.5	
99.1	99.6	
98.9	89.7	
98.5	69.5	
89	88.7	
98.7	89.7	
99.1	89.7	
99.1	89.7	
99.1	89.5	
68.2	89.5	
89.2	99.6	
99.1	89.5	
99.1	69.5	
99.1	99	
88	99.6	
98.3	89.3	
98.7	99.6	
98.5	99.6	
99.1	99.6	
99.1	89.5	
98.9	99.4	
99.3	89.5	
99.3	99.6	
99.3	89.5	
98.9	89.7	
99.1	89.7	
99.3	89.5	
99.3	89.5	
98.9	69.5	
99.1	99.4	
98.9	99.6	
68.4	99.2	
89	99.6	
98.5	99.6	
99.3	99.6	
99.3	99.2	
78.7	89.5	
99.1	89.7	
98.7	99.6	
99.1	99.6	
98.9	99.6	
99.1	99	
99.3	89.5	
67.4	99.4	
98.5	99.4	
99.3	99.6	
99.1	89.5	
96.7	89.3	
89	99.6	
99.3	88.9	
98.9	98.6	
98.9	99.2	
98.7	99.6	
98.9	99.6	
98.1	99.6	
89	99.4	
88.8	99.4	
98.7	99.6	
98.3	99.6	
99.3	99.4	
99.1	99.6	
99.1	99.6	
99.1	99.6	
98.9	99.6	
98.7	99.2	
99.3	99.6	
98.9	99.6	
99.3	99.6	
98.9	99.6	
99.1	99.6	
99.1	99.6	
99.3	99.6	
99.3	99.2	
99.1	99.4	
99.1	99.4	
98.1	99.6	
99.1	99	
99.3	99.6	
88.6	99.4	
88.4	89.7	
98.9	99.4	
89	79.6	
97.7	99.6	
98.9	89.5	
98.7	99.6	
88.2	99	
98.5	79	
99.1	88.7	
98.7	79.4	
98.5	99.4	
99.3	99.2	
77.7	99.2	
99.3	99.2	
98.9	79.2	
98.9	99.6	
99.1	99.6	
99.1	99.6	
99.3	89.5	
98.7	99.6	
99.1	99.2	
98.9	89.5	
99.3	99.6	
98.5	89.7	
99.1	99.6	
99.3	99.4	
98.9	99.2	
99.3	79.6	
98.9	99.6	
88.8	99.6	
89.2	89.5	
97.5	99.6	
99.1	99.6	
98.9	99.4	
99.1	89.1	
99.3	99.6	
99.1	99.6	
98.7	99.6	
99.3	99.4	
99.3	99.6	
98.9	89.3	
99.1	89.7	
98.3	99	
98.9	69.5	
98.9	99.6	
88.8	89.7	
88.8	99.6	
89.4	89.5	
89.4	89.5	
99.3	89.5	
89.4	88.7	
88.8	89.1	
98.1	99.6	
99.1	89.5	
99.3	79.2	
99.1	89.3	
89.4	89.5	
99.1	78.6	
88.8	99.6	
88.8	89.5	
99.3	99.4	
99.1	99.6	
88.6	99	
99.3	89.7	
89.2	99.4	
99.3	89.5	
98.7	89.7	
99.1	89.7	
98.9	99.4	
78.9	99.2	
99.1	99.4	
89.4	89.3	
89.4	89.3	
89.4	99.4	
99.3	97.8	
78.1	99	
99.1	99.2	
98.9	99.6	
98.5	99.6	
88.8	99.6	
88.6	99.4	
78.5	88.5	
89.4	99.6	
99.3	99.4	
99.3	99.2	
99.3	99.4	
97.5	99.6	
97.7	99.4	
99.3	89.7	
99.1	99.4	
79.1	99.6	
99.1	99.6	
99.3	99.6	
89	89.5	
99.1	89.7	
98.7	99.6	
98.1	98.4	
99.1	99.6	
98.5	99.2	
89	98.8	
98.7	89.5	
98.5	99.4	
98.3	89.7	
99.3	99.4	
98.1	99.6	
99.3	79.6	
58.9	89.7	
97.7	89.5	
89.4	89.5	
99.3	89.7	
98.9	89.7	
99.3	89.7	
98.9	89.5	
99.3	99.2	
99.1	99.6	
99.1	89.5	
98.9	99.2	
89.2	99.6	
99.1	99.6	
99.1	99	
99.1	99.6	
99.3	89.1	
99.1	89.7	
99.1	99.6	
67.8	99.6	
89	99.6	
79.3	98.8	
79.1	99	
98.9	99.6	
99.1	99.6	
99.3	99.6	
99.3	99.6	
99.1	99.6	
99.3	99.6	
77.1	99.4	
99.3	99.4	
98.3	89.3	
99.1	78.8	
99.3	99.6	
99.1	89.1	
87.2	99.2	
99.1	99	
98.5	99.6	
97.7	99.2	
99.1	99.6	
99.3	99.6	
98.9	99.2	
99.3	89.7	
99.3	99.4	
98.7	99.2	
99.3	99.2	
98.9	99.4	
99.3	99.4	
98.7	89.7	
