47.8	89.7	
17.6	89.1	
86.8	98.8	
86	99.2	
86.4	99.4	
97.7	89.1	
86.2	97.6	
87	99.2	
97.1	78.2	
30.9	99.4	
96.5	98.6	
97.5	99.6	
95.9	99.2	
74.7	99.4	
97.5	99.6	
98.3	99.4	
99.1	99.4	
97.7	89.7	
99.1	99.2	
97.1	97.8	
98.7	99	
98.9	99	
88.8	99.4	
97.3	99.6	
97.5	99.2	
88.2	99.4	
97.9	99.4	
99.1	99.6	
98.7	99.4	
78.1	99.6	
98.9	99.4	
98.3	99.6	
98.7	88.5	
98.3	99.6	
98.9	98.8	
97.3	99.2	
98.5	99.6	
98.5	89.5	
99.3	99.4	
98.3	99.4	
98.9	99.6	
98.3	78.8	
98.9	99.2	
96.9	99.4	
98.3	89.7	
98.9	89.5	
97.9	88.7	
98.5	99	
97.5	99.2	
98.1	99	
98.9	89.5	
98.7	99.6	
98.7	99.2	
97.5	99.4	
88.6	89.7	
88.6	89.1	
97.1	99.4	
98.5	99.6	
99.3	78.4	
99.1	89.3	
88.8	89.5	
98.9	99.6	
78.7	89.1	
88.6	88.7	
99.1	99.2	
98.3	99.6	
98.9	89.7	
87.8	88.7	
98.3	89.7	
98.1	98.6	
89	89.5	
98.7	89.3	
98.9	89.1	
99.1	79.6	
68.2	99.6	
98.7	89.5	
98.9	99.4	
98.5	99.6	
99.1	99	
66.8	99.2	
98.7	99.2	
89.4	99.6	
97.9	98.8	
88.2	99.6	
68.2	89.1	
98.3	99.6	
98.1	88.7	
98.3	99.6	
99.1	79.6	
98.3	99.6	
98.7	89.3	
98.9	99	
99.1	98.6	
98.1	89.3	
98.5	98.8	
98.7	78.6	
98.5	99.2	
98.5	99.6	
98.7	99.4	
99.1	89.5	
98.9	99.4	
99.3	98.4	
98.9	89.7	
98.7	99.6	
98.1	98.8	
99.3	99.4	
99.3	89.3	
98.7	89.7	
99.1	89.3	
98.9	99.6	
87.6	99.6	
98.3	98.8	
97.9	89.1	
98.9	89.3	
98.1	99.6	
98.9	99.4	
99.3	99.6	
98.1	88.5	
98.9	89.5	
67.8	99.4	
98.5	99.4	
89.4	79.4	
98.9	79.4	
98.9	99.4	
89	99.4	
98.5	98.8	
98.7	89.3	
99.1	89.7	
99.3	99.6	
98.5	99.6	
98.9	99.6	
98.7	89.7	
96.7	89.7	
98.7	99.2	
99.1	99.4	
98.3	99.4	
99.1	88.1	
98.9	99.4	
99.1	89.5	
98.1	89.5	
99.1	89.7	
88.4	99.4	
98.9	79.4	
99.1	98.4	
98.9	99.2	
77.5	99.6	
98.9	88.3	
99.1	79	
99.1	98.6	
99.1	69.3	
98.3	99.6	
89.4	99.4	
98.1	89.5	
98.3	89.5	
98.7	89.5	
98.3	99.4	
99.1	99.4	
98.3	99.2	
98.9	89.7	
99.1	99.2	
88.6	89.5	
98.5	89.7	
99.1	79	
98.7	99.4	
98.7	99	
98.7	99.2	
98.3	89.5	
97.9	99.6	
98.9	89.1	
98.7	99.4	
98.7	99.6	
98.7	99.2	
99.1	98.8	
98.1	99.6	
99.1	99.4	
58.5	99.6	
99.3	89.3	
37.9	99	
87.2	26.3	
88.8	99.6	
98.7	79.6	
98.9	99.6	
98.5	89.3	
98.5	99	
98.1	69.1	
98.7	99.4	
99.3	88.9	
97.1	99.2	
98.5	99.6	
98.9	99.6	
98.9	99.4	
98.5	89.7	
98.9	48.9	
98.3	99.6	
88.6	99.6	
99.1	98.6	
99.1	99.4	
78.9	99.6	
98.1	99.6	
98.5	89.7	
99.3	99.4	
98.9	99.4	
99.3	99.2	
98.9	89.5	
73.5	99.2	
99.1	99.4	
97.9	99.4	
98.7	89.1	
98.1	99.2	
98.9	99.4	
99.1	99.4	
99.1	99.4	
98.9	99.4	
98.7	99.6	
98.1	88.5	
98.3	99	
98.7	89.5	
99.3	99	
98.7	89.1	
98.1	88.9	
89	78.8	
99.1	79.6	
89	79.6	
89.4	89.3	
99.3	88.7	
98.7	99.6	
98.9	99.4	
99.3	88.5	
98.9	99	
98.9	99.4	
98.7	99.6	
98.9	89.5	
98.9	78.4	
99.3	99.6	
96.9	89.3	
89	98.8	
99.3	89.1	
98.9	98.8	
48	99.6	
98.3	99.6	
99.1	99.6	
56.1	89.7	
88.6	99.2	
99.3	99.6	
99.1	98.4	
99.3	89.1	
89	99	
98.5	78.8	
98.1	99.4	
99.3	99.6	
99.1	89.7	
99.3	89.5	
68.2	89.7	
87.8	89.3	
99.3	89.3	
88.2	69.5	
97.5	89.5	
97.7	89.7	
98.5	89.7	
99.3	89.7	
99.1	89.7	
98.7	89.3	
76.7	89.7	
98.9	69.5	
89	98.8	
88	89.7	
96.9	88.9	
98.3	89.1	
99.3	99.6	
99.1	99.2	
98.5	99.4	
99.1	99.4	
98.3	89.3	
98.9	99.4	
98.3	99.2	
99.1	89.5	
98.7	98.8	
98.9	99.6	
99.1	98.6	
88.6	99.6	
98.9	79.6	
88.8	99.4	
98.9	99.2	
99.3	98.4	
98.9	99.6	
98.7	99.2	
97.9	99.6	
99.1	99.6	
98.7	99.2	
99.1	99.2	
98.9	88.9	
98.7	99.4	
98.9	79	
98.5	89.7	
98.9	87.9	
99.3	98.8	
99.1	99.6	
78.3	89.5	
98.9	99.6	
89.2	89.5	
98.9	98.8	
99.1	79.6	
98.9	99.6	
99.1	89.3	
87.8	98.4	
88.2	99.6	
98.7	99.6	
98.9	99.2	
99.1	99.4	
98.7	99.6	
88.4	99.2	
99.1	99.4	
98.5	99	
97.7	98.4	
88.6	98.4	
98.7	98.8	
99.1	89.3	
78.3	89.3	
89.2	99	
98.9	99.6	
88.8	99.4	
98.7	99.6	
98.9	89.5	
98.7	99.6	
98.5	88.7	
97.3	99.4	
98.3	99	
87.8	99.4	
98.7	89.7	
98.7	89.5	
98.5	98.8	
99.3	99.6	
98.9	99.2	
99.3	99.6	
89.2	89.1	
67.6	99	
88.6	89.1	
98.5	79.2	
89.2	99	
98.9	89.5	
98.3	99.6	
98.1	87.5	
99.3	99.4	
87.4	99.4	
98.3	89.7	
97.9	99	
97.7	88.5	
88.4	99.2	
98.5	99.4	
99.1	98.2	
89.4	88.5	
97.9	89.3	
95.3	99.6	
98.3	89.5	
89	89.7	
99.3	89.5	
99.3	89.7	
98.3	89.7	
98.9	99	
88.6	69.5	
99.3	89.3	
98.9	99.6	
89.2	89.7	
98.1	99.6	
98.3	89.3	
89	98.8	
99.1	78.6	
68.6	99.2	
97.9	99	
97.3	99.2	
99.1	99.4	
87.6	99.4	
99.3	88.5	
98.5	89.7	
99.1	89.5	
98.1	99	
98.3	99.6	
78.7	99.6	
98.1	99	
97.5	99.4	
98.3	98.8	
99.3	89.3	
99.3	99.2	
97.9	99.2	
99.3	99.2	
99.1	99.6	
99.3	99.2	
98.1	99.6	
98.9	99	
99.3	79.6	
98.1	98	
98.9	99.6	
98.7	99.6	
98.1	99	
77.9	99.4	
98.7	99.2	
88.2	89.7	
98.7	99.6	
98.9	99.4	
98.7	99.6	
98.9	99.4	
89	99.4	
98.7	99.4	
99.3	99.4	
99.1	99.6	
89.2	99.2	
99.1	79.4	
99.1	89.7	
88.6	89.3	
98.7	99.6	
99.1	99.4	
98.7	89.7	
98.3	99.6	
98.3	89.7	
99.1	98.8	
78.7	99.6	
88.8	99	
98.1	99.4	
89.2	89.7	
99.1	79.2	
87.6	99.6	
97.7	98.4	
86.2	89.1	
99.3	99	
99.1	99.6	
89	99.6	
98.9	99.4	
99.3	99.4	
99.3	99.4	
68.8	98	
88.8	99.6	
99.3	99	
99.1	99	
88.8	99.2	
87.4	99.6	
89	99.4	
99.3	99.6	
98.5	99.6	
99.1	89.1	
87.6	99.2	
96.5	99.4	
87.4	89.7	
88.2	99.6	
97.9	99.4	
99.3	99.4	
99.3	79.4	
97.3	99.4	
99.1	88.5	
99.1	79.2	
98.9	99.2	
87	99.2	
99.3	89.3	
89	89.3	
98.9	98.4	
99.1	98.8	
99.1	99	
98.9	99.2	
99.1	99.4	
98.5	89.7	
99.1	99.4	
99.1	89.3	
99.3	99.6	
99.1	99.4	
98.7	99.6	
97.9	98.8	
98.5	99.6	
97.9	99.4	
98.5	99.6	
98.3	99.4	
88.2	98.8	
99.1	99.2	
77.9	79.4	
98.5	99.2	
99.1	99.4	
96.9	99.2	
98.3	89.3	
99.1	99.4	
88.2	99.6	
99.3	99	
98.9	98	
99.3	69.5	
98.5	99.6	
98.1	99	
99.1	98.2	
89.2	89.5	
78.1	89.5	
98.1	99.4	
79.1	98.8	
88	99.4	
98.3	99.2	
98.9	99.6	
88.6	89.5	
73.9	99.6	
98.1	79.4	
99.1	97.8	
98.7	89.7	
99.1	99.4	
68.4	99.2	
66.6	99.6	
38.1	89.7	
