71.9	89.5	
96.3	89.5	
69.4	98.6	
95.5	89.1	
86.8	78.4	
42.2	99.4	
96.5	88.9	
98.9	99.2	
98.5	99	
98.5	78.6	
99.1	99.6	
88	89.5	
32.7	89.5	
67.8	97.6	
67.2	88.9	
49	99.6	
98.3	99.4	
88.2	98.6	
77.5	89.5	
46.4	99.2	
78.1	89.5	
97.9	98.6	
98.7	89.5	
57.5	99.2	
77.1	95.4	
78.7	99.2	
98.5	97	
37.9	99.4	
99.1	86.1	
23.6	99.2	
43.8	99.2	
98.3	88.9	
98.9	89.1	
78.5	88.5	
98.9	99.2	
89	89.7	
98.9	98.4	
87	89.5	
98.9	89.1	
58.7	89.5	
97.5	99.6	
98.7	99	
66.8	99.2	
87.8	89.1	
98.9	89.5	
98.7	99.6	
99.1	99.6	
97.9	89.7	
74.9	89.7	
7.2	79	
78.9	98.6	
99.1	99	
88.4	88.7	
88.4	79.2	
67.6	79.6	
88.6	89.1	
98.9	89.3	
99.1	89.5	
86.4	89.1	
98.5	89.5	
98.7	89.3	
98.7	68.7	
76.5	26.9	
98.9	89.7	
98.9	98.6	
87.8	99.6	
78.9	89.5	
76.7	77.8	
98.7	89.7	
77.7	89.5	
79.3	99.2	
88.6	98.4	
98.5	99.2	
77.3	99.4	
99.1	99	
88.2	79.4	
88.6	99.2	
98.9	89.1	
76.9	77	
88.4	99.2	
98.7	58.6	
87.8	89.3	
99.1	79.6	
89	89.7	
98.9	88.9	
98.3	99.2	
99.3	66.9	
98.9	99	
88.6	98	
97.5	99.6	
87.4	99.2	
77.7	99.6	
98.7	99.6	
99.1	89.3	
68.6	99.4	
99.1	89.3	
89.2	79.2	
99.1	89.1	
98.7	99.2	
98.3	99.4	
98.5	88.7	
79.3	88.9	
98.3	99.6	
98.9	99.6	
88.4	88.3	
78.3	98.2	
89	89.5	
86.2	99	
98.1	99.4	
99.3	98.8	
88.6	99	
79.1	98.4	
97.9	99.2	
98.5	99	
88.4	99.4	
98.3	99.4	
97.3	87.7	
87.6	88.7	
98.7	79	
97.5	99.6	
98.7	99	
98.9	98.6	
96.5	68.7	
98.7	79.6	
88.6	98.4	
98.7	88.1	
99.1	98.4	
96.7	89.7	
84	88.3	
98.9	89.7	
98.3	89.7	
98.7	99.4	
57.5	98.6	
86.6	89.7	
77.1	99.4	
99.1	89.7	
88.6	98.8	
98.3	99.4	
86.2	88.5	
99.3	89.5	
98.9	47.5	
98.3	99.2	
88.8	88.5	
98.7	88.9	
47.6	79	
98.7	99.6	
97.7	97.2	
78.9	68.7	
98.7	99.4	
98.1	79.4	
99.1	99.2	
98.3	77.8	
78.5	89.7	
87.4	89.3	
66.2	88.1	
79.1	69.1	
98.1	88.3	
98.5	98.8	
98.5	99	
86.8	89.5	
99.1	99.6	
66.8	99.4	
98.7	99.2	
76.5	89.5	
98.7	99.4	
98.5	99.4	
98.7	79.4	
98.9	99.4	
69.4	99	
98.7	99	
66.2	97.8	
98.3	99.4	
97.1	89.1	
79.1	99.4	
88.4	99.4	
98.1	99.4	
98.3	98.4	
98.7	98.8	
99.1	99	
98.9	89.7	
85.2	99.6	
95.9	97.8	
98.1	88.9	
97.9	89.1	
98.9	99.2	
76.3	99.2	
68.4	98.8	
68	99.6	
76.9	99.2	
97.9	79.4	
99.3	99.6	
98.1	87.1	
99.1	98.4	
77.9	99	
98.9	67.5	
98.7	99.2	
98.3	88.3	
66.8	98.2	
98.7	98.4	
78.9	98.6	
97.9	99.6	
98.9	99.6	
68.8	97.8	
78.9	89.3	
99.1	89.1	
78.7	89.7	
97.3	99.4	
87.4	89.3	
98.5	98.6	
98.9	89.3	
98.3	89.3	
98.1	89.3	
99.3	78.8	
87.8	98.8	
98.9	78.8	
77.9	79	
97.9	79.2	
98.7	89.5	
99.1	99.4	
98.7	88.9	
97.9	89.3	
98.5	89.7	
97.5	99.2	
88.6	89.3	
86.4	99.6	
64.2	98	
98.9	99	
38.5	99	
87	99.4	
28.4	99.2	
98.3	99.4	
87.2	89.5	
57.3	99.4	
87.8	99.4	
88.6	89.1	
98.5	99.4	
99.3	89.3	
86.2	97.8	
98.7	88.7	
55.7	97.4	
78.5	98.4	
98.7	79	
99.1	98.8	
99.3	99.2	
67.6	88.3	
98.7	98.4	
98.9	89.5	
67.2	99.2	
97.7	99.2	
98.1	98.2	
99.1	99.2	
98.5	99.2	
98.5	99.2	
98.9	79.4	
87.4	99.2	
98.3	99	
96.7	89.5	
87.6	98.4	
84	99.2	
97.7	96.6	
97.7	88.5	
97.9	99	
98.7	89.5	
78.3	98.6	
87.4	99.4	
98.5	88.5	
99.1	99.4	
98.5	99.2	
98.9	97	
95.5	89.5	
98.3	87.9	
89.2	88.7	
88	99	
99.1	98.8	
98.9	88.9	
99.1	99	
99.1	97.8	
99.1	77	
99.3	69.5	
99.3	89.5	
97.9	89.1	
68.4	99.6	
99.3	99	
99.1	99.6	
98.7	98.8	
98.7	27.3	
98.7	89.1	
98.7	96.8	
97.7	89.5	
85.8	78.8	
97.5	99.4	
68.2	89.5	
98.5	99.2	
88.2	98.6	
77.5	99.6	
98.7	99.2	
98.9	89.5	
98.9	99.2	
98.1	99.4	
97.9	79.6	
99.3	99.2	
87.8	79.2	
97.7	88.9	
99.1	99.6	
98.9	99.2	
59.3	89.3	
98.1	99.2	
97.3	88.9	
98.9	99.2	
97.5	88.5	
68	99.2	
87.2	99	
87.4	89.3	
99.3	89.3	
98.5	99.4	
67.4	89.3	
98.7	79	
58.9	98.4	
98.5	99.2	
79.1	99.2	
97.9	99.2	
98.1	99.6	
98.5	89.7	
76.9	99.2	
98.5	99.4	
57.9	78.4	
99.1	99.6	
98.5	99	
98.9	89.5	
99.1	79.4	
98.7	99.4	
98.9	89.5	
49	99.6	
97.5	89.5	
96.7	99.6	
98.7	99.2	
66.8	99.6	
97.9	88.5	
88.6	99.6	
98.7	89.1	
78.3	79	
77.9	99.6	
78.7	99.2	
68.6	98.2	
96.5	98.6	
68.6	99.6	
98.5	88.5	
75.1	89.1	
80	99.4	
98.9	99.6	
98.1	98.4	
97.3	99.4	
99.1	88.9	
98.7	89.5	
99.3	78.8	
96.7	87.3	
98.5	88.7	
98.3	88.9	
98.7	88.3	
89	88.7	
89	89.5	
87.6	99.4	
45.6	99.4	
88.6	98.8	
89.2	97.6	
98.7	97.8	
86	99.6	
99.1	99.6	
98.7	99.4	
88.8	89.3	
98.5	99.4	
98.7	99.2	
78.1	99.6	
89	99.4	
98.9	89.7	
78.7	89.7	
89.4	99	
99.1	99.2	
77.7	79.2	
77.9	98.6	
88.4	89.7	
76.9	89.7	
99.3	99.4	
89	89.5	
97.1	89.1	
88.2	89.5	
97.3	78.8	
46.6	89.7	
78.3	99.6	
88.4	89.5	
98.7	98.4	
99.3	88.3	
69	89.7	
98.7	98.2	
76.7	98.8	
98.1	89.1	
99.3	88.1	
99.3	89.3	
97.3	79.6	
99.3	99.4	
98.5	78.4	
99.1	99.4	
97.5	99.4	
99.1	98.4	
99.3	89.1	
98.3	99.6	
68.2	89.7	
88.8	88.7	
98.9	89.1	
28.2	89.3	
98.5	89.5	
98.7	99.6	
97.1	89.5	
99.1	99	
88.8	79.6	
77.7	99.6	
79.1	99.2	
98.1	98.8	
98.1	79.2	
68.4	76.8	
99.1	89.1	
57.1	98.8	
99.1	87.7	
87.8	99.4	
95.3	89.5	
98.5	88.9	
89.2	68.7	
78.1	88.9	
89	89.7	
86	99.2	
98.7	69.3	
98.7	99.2	
98.1	89.1	
68	88.9	
98.3	99.6	
55.7	89.1	
96.9	89.1	
98.9	79	
88.6	68.7	
98.7	88.3	
98.7	89.5	
98.9	79.2	
98.9	89.7	
89	89.5	
97.1	99.4	
76.5	68.5	
98.1	89.5	
99.3	87.5	
98.1	99	
98.9	79.4	
98.1	99.2	
89.2	98.6	
88.6	89.7	
94.5	89.5	
88.8	99.4	
98.7	97.8	
99.1	88.9	
89	79.6	
66.6	99.6	
96.5	98.8	
98.5	79.2	
88.8	88.9	
98.5	89.5	
98.9	99.6	
98.5	98.6	
68.8	89.7	
98.9	99.4	
98.7	89.3	
99.1	78.2	
98.3	89.3	
97.9	99.6	
97.5	89.5	
98.5	89.3	
98.5	89.1	
98.9	89.5	
98.5	99.6	
98.7	98.8	
99.3	89.3	
77.7	89.7	
68.6	87.7	
98.9	67.3	
98.9	87.9	
97.7	89.7	
99.1	67.5	
98.7	89.5	
99.1	99	
77.1	89.5	
98.7	88.9	
89	79.4	
87.8	98.6	
87.4	99.4	
99.3	99.6	
68.6	99.4	
98.3	99.4	
99.3	89.5	
78.9	89.3	
97.1	99	
99.3	99.4	
97.5	99.4	
99.1	98	
