71.7	89.5	
44.2	86.3	
97.7	89.3	
99.1	89.3	
85.6	89.7	
87.6	88.7	
97.5	95	
98.9	99.6	
98.3	89.7	
97.1	99.6	
98.7	89.7	
98.9	89.7	
78.3	99.6	
97.9	99.6	
99.1	96	
98.9	99.6	
99.1	99.6	
99.3	99.6	
99.1	99.6	
99.1	99.6	
99.1	99.6	
88.8	98.6	
99.1	98.2	
98.9	99.6	
98.9	89.1	
99.1	79.6	
99.3	99.4	
99.3	99.4	
98.9	99.4	
99.3	99.6	
99.3	99.6	
99.1	99.2	
99.1	89.7	
98.9	99.2	
98.9	99	
99.3	89.1	
99.1	99.6	
99.3	99.4	
99.1	99.2	
99.1	99.2	
99.1	89.7	
99.3	89.5	
99.3	99.6	
98.9	99.4	
79.1	89.7	
98.1	89.7	
98.7	99.6	
99.3	99.6	
98.7	99.4	
98.9	99.6	
99.1	99.4	
99.1	99.6	
99.1	99.4	
88.8	69.3	
98.9	99	
99.1	99.6	
99.1	99.4	
99.3	89.7	
88.6	99.4	
99.1	99.6	
99.3	99.4	
99.3	99.6	
99.3	99.2	
99.1	99.6	
98.7	99.6	
98.5	89.1	
99.3	99.6	
99.1	88.9	
99.3	99.6	
98.9	99.6	
99.1	99.6	
99.1	99.6	
98.5	99.6	
98.5	89.5	
98.9	99.2	
99.1	99.6	
99.3	99.4	
88.8	99.6	
99.1	99.6	
99.1	99.2	
98.5	99.6	
98.5	99.4	
98.5	99.4	
98.5	99.6	
99.1	99.4	
98.9	99.2	
99.1	99.6	
99.1	89.5	
99.1	99.4	
99.3	99.6	
99.3	99.6	
98.7	99.6	
99.3	99.6	
98.7	99.6	
98.9	99.6	
99.1	99.4	
99.3	99.6	
98.3	99.6	
99.1	99.2	
99.1	99.6	
99.1	99.6	
99.3	99.2	
99.1	99.6	
98.9	99.6	
98.3	99.2	
99.1	99.6	
99.1	99.6	
98.9	98.8	
99.3	99.6	
99.1	99.6	
99.3	89.7	
98.9	89.5	
99.3	99.6	
78.5	99.6	
99.3	99.4	
99.1	99.4	
88.8	99.6	
99.3	99.6	
99.3	99.6	
99.1	99.6	
99.3	99.6	
99.1	99.2	
98.7	99.4	
99.3	99.2	
99.1	99.2	
99.1	89.1	
98.7	99.4	
88.8	99.6	
98.5	99.6	
99.3	99.4	
99.1	99.6	
67.8	99.6	
99.3	79.2	
99.3	89.7	
98.9	99.2	
99.3	89.3	
99.3	99.6	
99.3	99.6	
98.9	89.7	
99.1	89.5	
98.5	89.5	
99.1	89.1	
89.2	89.7	
99.3	99.4	
98.9	99.6	
99.3	99.6	
99.1	99.6	
99.3	99.6	
99.3	99.2	
98.7	99.4	
99.1	89.5	
99.3	89.5	
98.9	89.7	
99.1	99.4	
99.1	99.2	
88.6	99.6	
98.7	98.6	
99.1	99.6	
99.3	99	
99.1	99.6	
99.1	99.6	
99.1	99.4	
98.3	99.6	
99.3	89.5	
99.3	99.6	
99.1	99.2	
99.1	99.6	
98.9	99.4	
99.1	99.4	
98.9	99.6	
99.1	89.5	
99.1	88.9	
98.5	99.2	
96.5	99.4	
98.9	89.3	
98.7	99.6	
98.9	99.6	
98.7	89.5	
98.9	99.6	
99.3	88.9	
99.1	89.7	
98.5	89.7	
98.7	89.7	
99.3	99.6	
98.7	89.7	
98.7	69.3	
99.1	89.7	
99.3	89.5	
99.1	89.7	
98.7	89.7	
99.3	89.7	
99.1	89.7	
99.1	89.7	
99.3	89.7	
98.9	89.7	
99.3	89.7	
99.1	89.7	
99.3	89.7	
99.3	89.7	
99.3	89.7	
98.7	89.5	
98.7	99.2	
98.9	99.2	
98.9	99.6	
99.1	99.4	
98.5	99.6	
98.9	89.5	
99.3	99.6	
99.3	89.5	
99.1	89.5	
99.3	89.3	
99.3	89.7	
99.3	99.6	
68.4	89.7	
98.7	89.7	
98.9	89.3	
99.3	89.7	
88.8	89.5	
99.1	89.7	
98.7	89.7	
99.1	89.7	
98.3	99.2	
98.9	89.7	
99.1	89.5	
99.3	89.5	
98.1	89.7	
98.5	79.6	
99.1	89.7	
99.3	79.6	
99.1	89.7	
99.3	89.7	
99.3	89.7	
99.1	89.7	
99.3	89.5	
99.3	89.3	
98.9	99.6	
99.1	89.5	
88.8	99.6	
98.9	99.2	
99.1	99.6	
99.3	99.6	
98.7	79.6	
99.1	99.6	
99.1	99.6	
99.3	99.2	
98.9	99.6	
99.1	99.4	
98.3	89.7	
99.3	99.2	
99.3	99.2	
98.9	99.4	
99.1	99.4	
99.1	99.6	
99.1	99.4	
98.9	99.6	
99.3	99.6	
98.9	99.6	
98.7	99.6	
99.1	99.6	
99.1	99.4	
99.3	99.6	
99.1	89.3	
99.3	99.6	
98.7	99	
99.1	99	
99.3	99.4	
99.1	99.6	
99.3	99.6	
99.1	99.4	
99.3	99	
89	99.6	
89.2	99.4	
78.9	99.6	
99.1	89.3	
99.1	99.6	
98.7	99.2	
99.3	89.5	
99.3	99.6	
99.3	99.4	
99.3	99.2	
99.1	89.7	
99.1	79.6	
98.5	99.4	
97.9	89.7	
99.3	99.4	
99.3	89.7	
99.3	89.7	
99.3	89.5	
98.3	89.5	
88.8	89.1	
99.3	89.5	
98.7	89.7	
99.3	89.7	
99.3	89.7	
99.3	89.3	
99.3	89.7	
86.8	89.7	
99.1	89.7	
99.3	99.4	
99.1	89.7	
98.9	99.2	
99.3	99.4	
99.3	99.6	
99.1	89.7	
99.3	89.7	
98.7	99.6	
98.9	89.7	
98.7	89.7	
99.3	89.7	
99.1	89.7	
98.9	99.6	
99.1	99.6	
99.1	89.5	
99.1	98.2	
88	99	
98.5	99.6	
99.1	99.6	
99.1	89.7	
98.9	89.7	
99.3	99.6	
99.3	99.4	
99.3	99.6	
98.9	99.2	
98.7	99.6	
99.1	89.7	
99.3	99.6	
99.1	99.6	
98.5	99.6	
98.5	99.4	
99.3	89.7	
98.9	89.5	
99.1	99.6	
99.1	99.6	
98.9	89.7	
98.9	99.6	
99.1	99.6	
99.3	98.6	
99.1	99.2	
99.3	89.7	
98.7	99.4	
99.1	99.6	
98.9	99.6	
98.9	99.6	
99.1	99.6	
99.1	99.6	
99.1	89.7	
99.1	89.1	
99.3	89.7	
99.3	99.6	
98.9	99.4	
98.7	89.1	
99.1	89.5	
98.9	99.4	
99.3	99.4	
98.5	99.6	
98.7	89.5	
99.3	99.6	
99.1	99.6	
99.1	99	
99.1	89.7	
98.7	99.2	
99.3	99.6	
99.1	99.6	
99.3	99.2	
99.3	99.4	
98.5	99.6	
98.9	99.6	
99.1	99.6	
99.1	99.4	
99.3	99.4	
99.1	99.4	
99.1	89.1	
88.8	99.6	
98.9	89.7	
98.5	99	
98.7	99.6	
99.3	78.8	
98.5	99.4	
99.3	89.7	
98.9	89.7	
98.9	89.5	
98.9	89.7	
99.3	89.5	
98.7	89.7	
89	89.5	
98.7	99.6	
99.1	99.4	
99.1	99.6	
99.3	99.6	
99.3	99.6	
99.1	99.4	
98.9	99.6	
99.3	99.2	
99.1	89.5	
99.3	99.2	
99.3	99.6	
99.3	99.6	
99.3	99.6	
99.1	89.3	
89.4	99.6	
99.1	99.6	
98.7	99.6	
99.1	99.2	
99.3	99.6	
99.3	99.6	
98.9	98.8	
89	99.4	
99.1	99.6	
99.3	99.4	
99.3	99.6	
99.3	99.6	
98.9	99.6	
99.3	99.6	
98.5	99.6	
99.3	99.4	
98.9	99.6	
99.3	99.6	
98.7	99.6	
99.3	89.7	
99.3	99.6	
99.1	99.4	
99.3	99.6	
98.7	99.6	
98.7	99.6	
99.3	99.6	
98.5	89.1	
99.3	99	
99.3	99.6	
99.3	99.4	
99.3	99.4	
99.1	99.6	
99.1	99.4	
99.1	99.6	
99.3	99.6	
98.7	99.6	
99.3	99.6	
89	99.4	
98.9	99.6	
99.1	99.4	
99.3	99.6	
99.3	99.4	
99.3	89.3	
98.9	99.6	
99.1	98.8	
99.3	89.5	
99.3	99.4	
98.9	99.6	
99.1	89.3	
98.9	99.6	
99.3	99.6	
99.1	99.4	
99.3	99.6	
99.1	99.4	
98.9	99.6	
89.2	89.3	
88.8	99.6	
98.9	99.4	
69	99.6	
98.9	99.6	
99.1	99.6	
99.3	99.4	
99.1	99.6	
99.3	99.4	
99.3	99.6	
99.3	99.6	
99.1	99.6	
99.3	99.2	
99.1	89.7	
99.1	99.6	
99.3	99.4	
99.1	99.6	
99.3	89.3	
99.3	99.6	
99.1	99.2	
99.3	99	
98.5	99.6	
98.9	99.4	
98.5	89.7	
99.1	79.4	
99.3	99.6	
98.7	89.3	
88.2	99.6	
99.3	99.6	
99.3	89.7	
99.3	99.4	
99.1	89.7	
99.3	99.6	
99.1	99.6	
99.1	89.7	
99.1	99.2	
99.3	79.6	
99.3	99.4	
99.3	99.6	
98.9	79.6	
98.7	99.4	
99.1	89.5	
99.3	99.6	
99.1	99.6	
89.2	99.6	
98.7	89.7	
