85	89.5	
67.2	89.5	
97.3	89.3	
57.9	79.2	
87	89.7	
96.9	89.7	
97.5	78	
96.5	99.4	
97.7	99.2	
88.6	99	
98.5	88.9	
58.3	98.4	
98.1	87.1	
98.7	99.6	
99.1	78.2	
98.5	88.9	
97.7	99.2	
98.9	99	
97.9	99.4	
98.7	98.2	
97.5	99.4	
98.5	89.1	
98.9	88.9	
88.8	98.4	
99.1	88.9	
98.9	99	
36.1	99.4	
98.3	89.5	
98.9	89.7	
98.7	97.8	
98.9	99	
98.9	99.6	
67.8	99.6	
98.7	99	
98.1	99.6	
88.6	77.6	
55.1	98.8	
89.2	89.1	
97.1	89.7	
98.7	99.2	
97.7	89.3	
99.1	89.1	
98.1	89.5	
94.9	89.1	
97.9	99.4	
97.7	99	
98.9	89.7	
98.7	99	
87.8	99.2	
99.3	97.6	
67.8	99.6	
98.1	98.4	
78.5	99.6	
99.1	99.4	
98.7	99	
47.4	99.4	
99.1	99.4	
98.1	99.2	
88.8	89.1	
99.1	99.2	
98.9	99.2	
98.7	99.4	
78.1	79.6	
99.1	99.2	
99.3	97.8	
99.3	89.5	
98.3	99.4	
88	98.6	
98.1	99.4	
79.1	89.5	
77.5	99.4	
98.5	89.1	
97.9	89.5	
97.9	99.4	
77.9	89.5	
98.7	88.7	
99.3	99.2	
77.3	89.7	
87.2	99.6	
98.9	68.3	
67.2	89.3	
99.1	89.7	
98.5	37.8	
67.8	98.8	
96.7	99.4	
99.1	89.7	
98.9	98.8	
99.1	69.1	
96.1	99.2	
97.9	88.7	
89.2	99.4	
88.6	99	
86.8	68.7	
98.9	99.6	
97.5	99.4	
99.1	99.6	
77.7	99.4	
97.7	89.5	
98.5	98	
98.7	99.2	
98.7	99.4	
99.3	99.6	
98.9	99.6	
99.1	89.5	
98.7	98.6	
87.4	99	
99.1	99.6	
88	99.6	
97.9	89.5	
99.3	99.4	
98.3	99	
79.3	89.3	
98.3	98.8	
99.1	88.7	
68.2	88.7	
99.3	58.6	
99.1	99.2	
97.3	99.6	
98.7	99.2	
97.9	99.6	
98.1	98.6	
99.3	99.6	
77.9	98.4	
98.3	68.3	
98.1	89.7	
98.5	98.6	
98.5	99.6	
99.1	88.3	
97.5	89.5	
98.9	79.6	
97.7	99.2	
98.1	99.4	
88.4	98.8	
98.9	79.6	
99.1	58	
88	99.2	
99.1	99.4	
98.9	58	
99.3	99.2	
98.9	99.6	
98.9	89.5	
98.5	99	
98.3	99.6	
98.7	99.4	
98.7	99.2	
98.9	99.4	
99.3	98.6	
98.3	88.7	
89	89.3	
98.5	99	
99.3	89.1	
99.3	99.6	
99.1	98.6	
88.4	89.7	
78.1	89.7	
99.1	89.3	
99.3	89.7	
99.1	79.4	
98.9	99	
98.3	89.5	
98.3	79.6	
98.7	89.7	
99.1	79.4	
98.3	89.7	
88.6	79.6	
99.1	89.7	
99.1	89.5	
97.5	79.2	
88.6	98.8	
89	89.7	
98.7	89.7	
98.7	89.5	
99.1	79.6	
99.3	88.1	
98.5	68.7	
98.9	79.4	
98.5	99.6	
98.1	99.2	
88.8	89.3	
99.3	99.4	
99.1	98.2	
97.7	99.4	
98.1	58.4	
99.3	99.6	
99.3	99.4	
98.9	99.4	
98.5	89.5	
98.3	89.3	
98.7	98.8	
99.3	79.2	
98.7	79.4	
97.9	89.5	
99.3	79.6	
98.7	87.9	
96.9	79.2	
98.3	79.4	
98.9	89.7	
87.2	79.4	
97.9	98.8	
98.9	89.7	
89.4	89.7	
88.8	89.3	
99.3	88.3	
98.3	89.7	
77.3	68.5	
98.9	78.8	
98.7	89.3	
99.1	99	
89.4	89.7	
67.8	89.5	
87.4	99.4	
97.7	99.2	
98.9	89.3	
98.7	89.3	
97.3	79.6	
98.3	89.7	
66.2	99.4	
97.3	99.2	
98.9	89.5	
99.3	99.4	
99.1	89.5	
98.7	99.6	
87.6	99.4	
99.1	89.5	
98.1	98.8	
98.9	87.9	
98.1	98.6	
98.5	99.6	
98.3	99.6	
98.5	99.4	
98.7	99.4	
69.4	99.2	
97.1	99.6	
96.7	99.2	
99.1	99	
78.7	89.1	
88.8	99.6	
98.7	99.2	
89.2	97.4	
99.1	99.6	
99.3	99.6	
98.5	97.8	
88.4	99.6	
98.9	98.8	
78.5	99	
98.3	98.8	
98.1	88.7	
89	98.8	
79.1	89.3	
58.9	98.8	
89.4	99.4	
98.5	99.6	
88.4	88.9	
98.7	89.5	
98.7	88.9	
68	88.7	
99.3	98.4	
88	89.3	
98.7	99.6	
78.1	99.4	
89	99.6	
98.1	99	
98.5	79.4	
98.3	89.7	
79.5	98.2	
76.3	99.4	
87.4	99	
98.9	99	
98.3	99.6	
99.1	88.1	
86.6	99.6	
98.7	99.6	
98.9	99.6	
98.1	98.2	
98.3	96.2	
98.9	89.1	
98.9	99.6	
98.9	99.4	
98.9	97.6	
88.6	99.6	
99.3	79	
99.3	98.8	
88.6	89.7	
98.5	79.4	
98.5	99.6	
98.7	98.2	
98.5	99.2	
99.1	98.6	
98.7	98.8	
99.1	99.6	
98.5	89.1	
99.1	99.2	
98.9	99.2	
98.5	99	
98.5	68.9	
89	99.4	
98.5	88.9	
99.1	89.5	
97.7	99.4	
45.2	89.5	
99.3	89.5	
96.9	99.6	
69.4	99.4	
98.7	99.4	
88.8	99.4	
98.3	89.1	
98.9	89.5	
88	98.6	
98.3	89.1	
98.1	99.6	
88.6	99.6	
98.5	99.4	
98.7	99.4	
79.3	99.2	
88.6	99.4	
98.3	98.4	
99.1	98.4	
97.9	99.6	
98.9	99.2	
96.5	97.8	
99.1	99.4	
88.6	99.2	
98.9	78.6	
98.7	89.7	
97.1	99	
97.7	99.6	
97.7	99.2	
98.7	99.2	
98.3	98.8	
98.5	99.6	
98.7	89.1	
98.3	99.4	
96.9	97.6	
99.1	89.1	
99.1	68.5	
98.7	99.6	
99.3	89.5	
98.7	97.6	
87.2	99.4	
98.9	99.6	
99.1	79.2	
98.7	79	
98.5	87.3	
98.3	79.6	
98.7	98.2	
98.3	98.2	
78.5	79.2	
78.7	89.5	
88.6	89.5	
99.1	99.4	
88	98.4	
98.7	99	
98.3	79.2	
99.1	96.8	
99.3	79.2	
88.8	99.4	
89.2	99.4	
88.6	89.1	
99.3	99.6	
98.7	87.7	
98.3	79.2	
77.3	98.8	
99.1	99.4	
88.8	78.8	
89.2	99.2	
67.6	99.6	
98.9	88.1	
66.8	99.4	
99.1	99.6	
97.9	99.4	
89.4	67.5	
99.3	99	
99.3	99.2	
98.9	99.6	
79.1	98.6	
99.1	99.6	
78.1	88.1	
97.9	88.9	
97.9	98.6	
98.5	99.2	
97.5	89.1	
78.7	99.6	
89.2	99.6	
78.5	98.4	
79.5	99.6	
97.5	99.2	
79.3	98.4	
98.1	88.7	
36.7	79.6	
98.1	89.3	
97.9	89.3	
67.2	98.6	
89.2	99.6	
97.9	88.7	
97.7	98.4	
98.7	88.5	
47.6	99.6	
68.4	99.6	
99.3	88.7	
99.1	99.4	
98.7	89.3	
77.7	99.2	
78.9	89.1	
85.8	89.5	
98.7	99.6	
96.5	79.2	
97.7	78.2	
98.7	78	
48.2	89.7	
97.1	89.5	
98.9	38.8	
99.3	58.8	
98.7	99.4	
98.9	98.8	
98.5	99.6	
98.5	98.8	
97.5	89.7	
98.7	89.7	
99.3	99.2	
98.3	88.3	
99.1	99.6	
99.1	89.7	
77.9	99.4	
99.1	98.8	
97.7	79	
98.7	98.4	
78.3	99.4	
68.6	98.8	
88.2	98.8	
97.5	79.6	
56.1	99	
98.7	89.3	
98.3	99.6	
98.1	98.6	
98.3	89.7	
98.5	79.2	
89.2	89.1	
99.1	89.7	
98.5	89.1	
98.7	89.5	
87.8	89.5	
98.7	99.6	
97.9	98.8	
98.7	98.6	
98.3	89.3	
98.1	89.5	
98.9	99.4	
99.3	99.4	
97.9	98.8	
77.5	89.5	
98.5	79	
89	99.6	
98.9	79.2	
99.1	89.5	
99.1	89.7	
98.1	79.2	
98.3	89.1	
98.9	89.3	
98.3	98.6	
98.5	99	
89	89.5	
79.1	89.1	
98.3	99.6	
97.9	89.7	
99.1	98.8	
79.3	89.3	
87.8	89.5	
98.3	88.9	
98.5	99	
18.5	78.8	
98.3	89.5	
98.3	99.6	
89.4	99.2	
86.4	99.6	
97.3	99.2	
99.1	99.6	
99.1	99.2	
98.3	99.6	
99.1	99.6	
98.5	89.5	
99.1	99.6	
98.1	98.8	
98.7	99.4	
87.4	79	
99.1	99.6	
67.2	89.5	
87.8	99.4	
78.5	99.6	
78.9	99.4	
97.5	98.6	
99.1	89.3	
98.3	79.6	
98.5	99.6	
98.9	99.4	
87.2	99.4	
98.7	99.2	
97.3	99.6	
98.3	99.6	
98.9	99.4	
98.3	99.6	
