74.3	88.1	
76.1	99.4	
96.5	89.7	
87.8	88.5	
89.4	99.4	
75.7	79.6	
79.5	98.8	
69.2	89.5	
88.8	89.3	
98.7	99.6	
76.3	99.2	
98.9	99.4	
87	99.2	
87.8	98.6	
72.7	88.5	
26.4	89.3	
95.9	99.4	
96.7	99.6	
98.5	89.3	
98.3	79.6	
75.1	99.2	
98.9	99.6	
89	99.6	
96.7	89.1	
96.7	99	
67.4	88.7	
95.5	99.4	
89	98	
98.1	99.4	
95.7	99.4	
93.9	98.8	
97.7	99.2	
99.1	96.8	
97.1	89.7	
85.2	98.8	
77.9	98.4	
95.3	98.6	
99.3	99.6	
98.7	98.4	
98.1	99.4	
53.9	99.6	
98.3	98.4	
98.1	79.2	
98.7	79	
96.5	99.4	
98.1	99.4	
97.7	97.6	
97.9	88.7	
98.5	99.6	
99.3	97.8	
99.1	99.4	
77.7	98.8	
97.9	99	
99.1	99.4	
88.6	99.6	
97.7	98.8	
95.5	88.7	
88.6	99.6	
96.1	88.3	
97.5	89.5	
98.3	98.6	
98.5	89.3	
99.1	99.6	
96.3	99.6	
88.6	99	
88.4	99.6	
98.5	89.5	
94.9	99.6	
76.1	99.6	
97.7	89.5	
87.8	98.6	
98.9	99.4	
99.3	79	
98.5	89.3	
97.1	79	
98.9	98	
98.3	89.3	
98.1	99.6	
96.3	98.8	
87.8	98.2	
98.5	99.6	
87.2	89.5	
98.1	99.4	
99.1	98	
98.5	98.2	
64	99	
98.9	98.8	
97.5	98.2	
95.7	78.4	
98.3	99.2	
97.5	99	
96.9	99.4	
98.5	89.7	
98.9	99.2	
98.9	98.8	
98.7	99.2	
97.3	99.6	
88.8	99	
67.2	79.6	
98.9	79.2	
97.9	99	
98.9	98.8	
48.2	89.5	
98.3	99.4	
99.3	99.2	
97.5	99.2	
99.3	99.2	
98.3	89.1	
98.7	99	
97.9	89.1	
88.6	98.6	
99.3	98.8	
88.4	89.5	
98.3	89.3	
97.9	99	
89	99	
88.8	99.6	
99.1	99.6	
99.1	88.5	
98.9	89.1	
98.3	99.6	
98.1	98.6	
87	89.3	
98.7	99	
97.9	99.2	
99.3	99	
77.3	98.4	
78.5	99.2	
86.2	98.6	
99.1	99.4	
97.3	98.2	
99.3	88.7	
88.6	88.1	
97.7	99.4	
98.3	99.6	
99.3	89.1	
69	79	
98.3	99.6	
98.3	99.4	
98.5	89.5	
78.5	99.6	
98.3	98	
86.4	99	
68.8	89.5	
98.7	99	
98.7	99.4	
88.2	89.7	
98.1	99.6	
99.3	87.5	
98.5	99.4	
88.8	79.4	
98.1	98.4	
86.8	89.7	
97.9	99.4	
98.9	99	
98.5	99.6	
98.5	99.4	
99.3	78.4	
99.1	78.6	
97.9	99	
98.1	99.6	
97.7	88.7	
97.7	99.2	
97.9	99.4	
97.9	89.5	
98.7	99	
97.7	98.8	
69.4	99.2	
99.1	99.4	
98.5	89.5	
98.9	88.9	
98.3	99	
89.4	99	
97.7	79.2	
77.5	89.5	
98.9	98.8	
88.2	89.7	
98.5	99.4	
47.6	99.6	
98.3	68.1	
98.7	99.6	
78.3	99	
97.5	89.7	
99.1	89.5	
99.1	99.4	
87.8	99.6	
99.3	99.2	
99.3	89.5	
99.3	89.7	
98.1	99.4	
97.7	89.5	
98.7	98.8	
98.3	99.6	
65.8	99.2	
88.4	99.6	
56.1	89.7	
97.3	99.4	
97.3	79.4	
99.3	99.6	
98.3	79.6	
97.9	99.4	
98.7	99.6	
98.7	99.2	
98.5	99.4	
89.2	88.9	
98.5	98.6	
98.9	99.2	
87.6	78.2	
99.1	89.1	
88	98	
99.3	89.3	
88.8	99.4	
78.9	89.1	
98.9	99.4	
77.3	99.6	
98.7	99.6	
99.1	99.2	
97.3	99.2	
88.2	99.6	
98.1	98.8	
78.7	99.4	
67.2	98.2	
97.5	59	
97.7	98.6	
98.1	99.6	
97.5	89.3	
98.5	89.5	
97.9	99	
97.5	99.2	
97.9	99.6	
99.1	99.4	
97.5	79.2	
97.1	99.2	
79.1	99.6	
98.7	98.8	
99.1	98.4	
98.1	98.8	
89	99	
98.1	99.6	
56.5	99.6	
98.3	97.8	
99.3	99.4	
97.9	89.1	
97.7	99	
98.3	99.2	
57.7	98.8	
88.2	99.4	
89.2	98.6	
97.1	99.4	
98.5	89.1	
97.7	98	
98.9	88.3	
99.3	88.5	
99.1	99.4	
97.9	99.4	
98.3	99.6	
98.5	99.2	
98.9	99.2	
98.7	89.7	
97.3	99.4	
88.8	99.6	
97.7	99.4	
98.7	89.5	
88.4	98.8	
99.1	99.2	
99.1	88.9	
77.9	99.6	
99.1	88.3	
98.5	98.8	
79.3	99.2	
99.1	98.8	
99.1	99.4	
99.3	79.4	
98.7	99.4	
74.3	99.2	
98.7	99.2	
98.1	99.2	
88.8	99.6	
98.1	99.2	
99.1	99.4	
99.1	97.8	
98.9	89.7	
99.1	99.4	
89.2	99.4	
78.7	68.3	
99.3	99	
88.6	89.5	
89.2	89.1	
98.5	99.4	
99.1	89.5	
97.9	99.4	
98.7	99.4	
98.3	78.8	
99.1	89.1	
97.7	99.4	
89.4	88.5	
79.1	99	
98.9	78.2	
79.1	99.2	
98.9	88.3	
99.3	88.7	
98.9	89.7	
77.9	99.4	
98.7	99.2	
99.3	99.4	
98.5	99.4	
87.6	99.2	
5.4	89.7	
78.9	99.4	
97.7	99.4	
98.5	98.4	
98.7	79	
98.5	98.2	
98.7	68.1	
98.9	99.2	
67.4	88.9	
98.3	99.2	
87.4	88.5	
98.7	98.8	
98.7	99.6	
98.7	99.6	
98.9	78.2	
98.3	99.2	
99.1	88.7	
96.9	99	
97.7	99.4	
88.6	99	
87.8	88.5	
99.1	99.2	
98.5	98.8	
98.3	99.6	
89.2	99.4	
98.5	89.5	
98.9	98.8	
98.9	99.6	
97.9	99.4	
98.1	89.1	
98.1	96.8	
97.3	99.6	
98.5	99.4	
98.5	99.2	
98.5	99.4	
99.3	87.9	
87.2	99.4	
99.3	99.6	
97.7	99	
99.3	98.6	
98.5	89.3	
96.5	99.4	
78.5	99.4	
76.9	99	
98.7	99.6	
98.3	89.5	
56.7	89.3	
87	98.6	
97.7	99.6	
89.2	78.8	
98.7	77.6	
87.8	68.9	
94.9	98.8	
98.9	89.7	
76.1	99	
77.3	98.8	
89.2	87.9	
87.2	99.6	
98.7	89.7	
88.8	99.2	
99.1	89.5	
77.3	89.1	
98.9	99.2	
99.1	98.8	
99.1	99	
89	99.6	
97.3	99.2	
78.9	98.8	
98.7	99.4	
89	89.1	
99.3	68.7	
97.1	88.3	
98.7	88.1	
98.7	99.2	
97.7	99.4	
99.3	98.8	
98.9	98.6	
95.7	78.8	
99.1	99.6	
99.1	88.7	
67.8	98.6	
97.5	98.4	
88.8	67.9	
98.7	79.2	
96.7	99.6	
88.4	99.6	
87.4	99.2	
99.3	99.4	
99.1	99.4	
99.3	99.2	
98.9	99.6	
98.9	78.2	
98.3	99.4	
98.5	99.2	
98.3	89.7	
99.3	99.6	
98.9	99.4	
97.3	98.8	
97.5	89.5	
98.9	97.6	
98.5	78.2	
99.1	86.7	
98.5	99.4	
78.5	99.2	
58.3	99.4	
78.3	98.8	
97.5	99.4	
97.7	68.1	
98.5	99	
98.9	99.4	
88.8	68.7	
89.2	88.7	
98.1	79.2	
66.8	99.2	
98.9	88.1	
98.9	99.6	
78.1	99.6	
99.1	98.6	
97.7	99.4	
68.2	99	
99.3	97.6	
96.9	99.4	
99.3	99	
89.4	99.4	
98.5	99.6	
56.7	99.4	
57.9	99.4	
99.1	88.9	
99.3	88.5	
99.1	99.6	
96.9	79.2	
98.7	99	
85.4	99.2	
78.3	99.4	
99.1	99.4	
98.1	78.6	
97.9	99.4	
98.7	79.2	
98.9	99.4	
88.8	79.4	
98.5	88.7	
99.1	89.3	
99.1	99.4	
98.7	99	
89.4	98.8	
99.1	99.2	
88.8	99.6	
99.3	99.2	
97.9	99.4	
98.3	89.5	
98.9	88.7	
98.9	99.2	
99.3	99	
97.9	89.3	
79.1	99.2	
88.2	99.4	
98.3	89.1	
98.9	99.4	
98.3	89.1	
98.5	98.8	
78.5	77.6	
99.1	97.6	
98.9	99.4	
78.3	89.7	
98.7	99.4	
98.3	99.2	
79.1	99.4	
98.3	99.6	
67.2	98.2	
97.1	89.7	
97.9	99.6	
98.9	79.4	
99.1	89.7	
98.3	99.2	
99.1	89.5	
99.3	89.7	
97.7	68.5	
78.3	99.6	
98.1	98.8	
97.9	99.4	
77.7	99.4	
88	99.6	
98.3	99.2	
57.7	99.6	
98.9	99.4	
87.2	99.6	
78.9	98.8	
97.7	99.4	
99.1	99.4	
96.7	99.2	
97.7	98.4	
98.1	99.6	
97.1	99	
