11.1	89.5	
66.6	97.8	
71.5	97.2	
84.6	98.8	
98.5	78.8	
98.3	96.8	
96.3	89.7	
98.7	98.4	
98.3	99.4	
99.1	99.2	
99.1	99.4	
97.7	99.6	
97.7	99.4	
78.9	99.6	
98.7	99	
98.3	99.4	
98.5	99.4	
95.1	99.2	
99.1	99.6	
98.7	99.4	
98.3	89.3	
57.5	99.6	
99.1	99.6	
97.7	99.2	
98.9	99	
98.9	99.4	
98.7	98.8	
97.5	98	
98.5	99.6	
88.6	99.2	
98.3	99.2	
99.1	99.2	
89	99.4	
98.5	99.6	
98.9	99.4	
98.1	99.4	
98.7	89.3	
98.7	98.4	
96.9	79.2	
98.1	88.9	
98.1	99.6	
99.3	89.5	
98.7	99.4	
99.3	99.6	
98.7	99.2	
87.8	99.6	
98.9	88.9	
97.3	99.2	
68	99.6	
99.3	98.8	
88.6	89.5	
97.9	78.6	
99.1	89.1	
97.5	99.4	
98.5	98.4	
89.4	99	
99.1	99.6	
88.6	79.6	
95.7	89.7	
97.9	98.4	
98.3	89.1	
97.9	89.7	
99.1	99.4	
98.1	89.5	
87.4	78.8	
98.5	99	
98.9	97.2	
98.5	99.2	
98.9	99.6	
96.7	89.5	
98.7	99.4	
88.2	89.3	
99.1	99.6	
96.9	99.6	
88.8	99.6	
99.3	99.2	
98.5	89.7	
88.6	89.7	
99.3	99.4	
88.2	99.2	
99.1	99.2	
98.7	99.4	
99.1	89.3	
78.5	79.2	
98.7	89.7	
99.3	99.6	
98.7	99.4	
98.3	99.4	
98.9	88.1	
98.9	99.6	
98.5	78.8	
98.9	89.5	
77.3	99.2	
99.1	99.6	
87.6	99	
97.1	99.4	
89	88.7	
98.5	89.5	
96.9	89.5	
98.5	79.2	
89.4	99.6	
89.4	89.1	
99.1	79	
78.5	68.9	
88.4	99.6	
99.3	99.6	
98.5	98.8	
99.1	99	
99.1	89.3	
98.1	99.4	
98.7	89.5	
99.3	89.5	
88.6	89.1	
98.5	49.1	
78.5	88.3	
58.1	99	
99.3	89.7	
98.7	99	
99.3	99.4	
88.6	99.2	
98.9	99.6	
89	99.4	
78.1	99.2	
97.5	99.6	
99.1	99.4	
98.9	99	
78.9	99	
98.7	99.4	
99.1	99.6	
76.1	99.4	
99.1	99	
98.3	99	
89.2	99.6	
89.2	89.1	
99.1	99.6	
95.1	89.1	
89.2	79.4	
98.9	99.6	
98.7	88.1	
98.9	99.6	
86.2	88.9	
98.7	89.7	
88.2	99.6	
99.1	89.3	
98.1	99.2	
98.9	99.6	
88.2	89.5	
99.3	99.4	
88.2	99.6	
98.7	99	
99.1	98.2	
99.1	89.7	
99.1	99.6	
99.1	89.7	
99.1	99.2	
99.1	89.7	
99.1	99.4	
98.9	99.4	
98.7	99	
98.9	99.2	
98.1	88.9	
98.9	99.4	
98.7	89.7	
79.1	89.7	
99.1	88.9	
77.9	99.2	
99.1	99.2	
98.5	89.5	
68.6	89.7	
98.5	99.6	
88.4	99.4	
99.3	99.6	
99.1	99.4	
98.9	99.2	
48	99.2	
97.3	89.5	
99.1	99	
98.3	98.8	
98.9	98.8	
98.3	78.8	
99.1	89.5	
89.2	99.6	
99.1	98.4	
98.1	99.4	
58.1	99.6	
58.1	98.2	
98.7	89.1	
98.3	99.2	
98.1	99.6	
78.7	99.4	
97.3	68.5	
97.9	89.7	
98.7	99.4	
98.1	99.2	
98.9	89.3	
98.9	89.3	
99.1	89.5	
99.3	99.6	
99.1	89.5	
98.1	99.4	
99.1	99.4	
98.9	99.6	
98.5	98.4	
89	89.5	
99.1	89.5	
99.3	68.9	
98.3	99.4	
77.7	89.1	
98.5	69.1	
98.5	98.6	
99.1	99.2	
98.7	89.1	
98.7	89.5	
98.7	98.6	
99.1	99.6	
97.7	88.1	
88	79	
98.5	99.4	
99.3	98.6	
89.2	88.9	
78.1	78.4	
98.3	88.7	
98.7	99.2	
98.9	89.5	
98.7	89.5	
97.5	89.3	
97.5	89.7	
99.1	89.5	
79.1	99.2	
89.2	89.1	
78.1	89.5	
98.1	89.5	
98.1	79.6	
98.9	89.3	
98.9	79.6	
99.1	89.3	
98.9	89.5	
99.1	89.7	
97.9	88.7	
98.7	88.1	
98.9	89.3	
78.5	69.3	
98.9	59	
98.1	89.7	
88.8	89.5	
99.1	88.7	
67	99.6	
98.5	89.7	
98.1	89.5	
99.3	89.5	
99.3	89.7	
97.9	89.5	
87.8	89.7	
98.7	89.5	
98.9	99.4	
99.3	89.3	
98.5	27.5	
89	99	
98.5	89.7	
96.1	89.5	
98.5	89.5	
89	99	
98.5	89.1	
98.3	98.8	
89.2	99.4	
99.3	79.4	
79.1	79.4	
88.6	99.2	
99.1	99.2	
88.2	89.5	
89	89.7	
89	69.1	
89.4	68.9	
98.9	99.4	
58.3	89.1	
99.3	89.7	
99.3	89.3	
99.3	99.4	
87.2	99.6	
98.3	99.6	
98.9	89.1	
78.9	89.5	
89.2	89.5	
99.1	99.4	
98.3	89.5	
88.8	89.7	
98.9	99.2	
98.9	99.6	
99.3	99.6	
97.3	88.7	
99.3	89.7	
98.5	99.2	
98.1	99.6	
78.3	99.2	
67.2	97.6	
97.9	99.2	
89.4	79.2	
88.8	99	
89.2	89.5	
98.7	99.6	
87.8	99.6	
89.4	89.3	
89.4	99.2	
89.2	97.6	
98.9	99.4	
78.1	89.3	
99.3	89.3	
99.1	99.2	
99.1	99.6	
99.3	89.3	
99.1	99.6	
87.8	99.6	
98.7	99.4	
48.8	99.4	
98.1	99.6	
99.1	89.5	
89	99.6	
97.5	79.2	
78.9	89.3	
98.9	79.4	
89	78.8	
47.6	79.4	
18.1	99.6	
69	99.4	
89.2	89.7	
96.7	99.6	
99.1	89.7	
88.4	89.1	
89.4	88.9	
99.1	88.9	
87.8	97.8	
98.1	77.6	
98.9	97.4	
88	89.7	
98.5	99.4	
98.7	87.9	
98.7	89.7	
89.2	99.4	
99.1	99.4	
89.4	99.2	
98.5	99	
98.5	99	
98.9	89.1	
98.5	89.5	
99.3	78.6	
88.4	89.5	
98.7	99.6	
98.9	79.2	
97.9	99.4	
98.7	89.7	
98.9	79	
98.3	89.5	
99.1	69.3	
79.3	89.3	
99.1	89.3	
98.9	79.4	
98.7	89.1	
98.9	98.8	
49.2	99.2	
68.6	89.7	
69.4	89.7	
89	98.2	
99.1	89.7	
99.3	99.2	
98.7	99.4	
88.8	79.4	
88.6	99	
99.1	89.5	
99.1	89.3	
79.1	99.6	
87.4	89.7	
98.9	89.7	
98.9	79	
98.3	99.4	
98.7	79.2	
88.6	99.2	
98.9	99.4	
98.9	99	
98.9	99.4	
78.5	89.3	
99.3	99.2	
88.8	99	
89.4	89.7	
98.9	89.3	
89.4	99.2	
99.1	99.6	
79.1	79.6	
78.9	99	
78.1	89.5	
99.3	89.3	
88.8	89.7	
98.9	99.4	
68.8	99.2	
99.3	79.6	
99.1	89.1	
79.3	98	
78.9	99.4	
89	99	
89	89.5	
96.9	89.5	
98.7	79.4	
88.8	99.6	
79.1	99.2	
86.8	89.5	
99.1	79	
98.7	89.3	
98.9	99.4	
65.8	99.6	
99.1	99	
99.1	98.6	
98.9	99.4	
98.9	99	
97.7	78.6	
98.5	89.5	
97.5	99.4	
98.5	89.1	
88.8	98.8	
99.1	68.3	
98.9	99.6	
88.2	99.6	
67.2	99	
77.9	88.7	
97.3	99.2	
98.7	79	
99.3	99.6	
98.9	99	
87.8	98.4	
98.1	88.9	
98.7	99.4	
98.7	99.6	
88	99.2	
99.3	99.4	
99.1	98.6	
98.1	99.4	
97.7	79.4	
98.5	99.6	
98.7	99.6	
98.9	88.7	
89	77.4	
75.3	88.5	
98.9	89.3	
98.3	99.4	
99.1	99.6	
95.9	99.6	
99.3	98.6	
98.5	89.5	
98.9	99.6	
98.9	89.5	
57.7	99.4	
98.7	99.4	
98.9	99	
98.7	99.4	
88.2	99.6	
98.5	99.2	
98.7	99.4	
86	99.2	
98.5	89.5	
98.9	99	
98.3	89.3	
98.9	99.6	
98.9	99	
87.6	88.9	
97.1	99.4	
98.9	99.6	
98.1	98.4	
98.7	89.5	
98.5	87.9	
99.1	99.6	
98.9	98.2	
98.5	99.6	
99.1	99.4	
88.2	99.6	
88.6	98.2	
98.5	99	
99.3	88.9	
87.8	99.4	
98.9	89.7	
88.8	89.5	
96.9	99	
98.5	99.4	
88.4	89.3	
99.1	99.6	
98.3	99.4	
78.5	99.6	
99.3	99.4	
87.6	99.2	
89.4	99.6	
75.7	89.7	
97.9	89.3	
98.9	79.6	
69	99.6	
99.1	99.6	
99.3	99.6	
98.9	98.2	
98.5	99.2	
97.3	99.2	
98.5	99	
99.1	88.9	
98.9	79.2	
98.3	99.6	
