94.7	89.7	
67.6	89.7	
78.3	99.6	
97.1	99.6	
43	99.6	
98.5	95.4	
99.1	98.8	
76.3	99.4	
94.9	99.6	
98.5	89.7	
99.3	99.6	
98.7	99.6	
98.9	99.6	
98.9	99.6	
89.4	89.7	
99.1	99.6	
98.9	99.4	
99.3	99.6	
99.3	99.6	
98.9	99.4	
98.9	99.6	
99.3	99.2	
99.3	89.7	
99.3	99.6	
99.1	99.6	
98.9	99.6	
99.1	99.6	
99.3	99.6	
99.3	99.6	
99.3	99.6	
99.1	89.1	
99.3	99.6	
98.9	99.6	
99.3	99.4	
88.8	99.6	
88.6	99.4	
89	99.6	
99.3	99.6	
99.3	89.3	
99.1	89.7	
99.3	99.4	
99.3	99.2	
99.1	97.4	
89.4	99.6	
89.2	89.7	
99.3	99.6	
89.4	89.3	
89	99.6	
78.9	99.6	
99.3	99.4	
97.7	89.7	
99.1	89.7	
99.3	89.7	
99.1	88.5	
99.3	89.7	
89	89.7	
88.4	89.7	
89.2	78.4	
68.4	89.7	
99.3	89.7	
88.8	89.3	
96.9	89.7	
99.3	89.7	
98.9	99.4	
99.1	89.5	
88.2	89.7	
99.3	99.6	
98.7	89.7	
89	89.5	
89.4	89.7	
79.3	89.5	
89.2	89.3	
89.2	99.4	
89.2	89.7	
89.2	99.4	
89.4	89.7	
99.3	99.6	
78.9	99.6	
79.1	89.7	
89.4	89.7	
89.4	99.4	
78.5	99.6	
79.3	99.2	
88.8	99	
79.1	99.6	
88.8	99.6	
79.5	89.7	
89	99.6	
99.1	89.7	
98.5	89.7	
98.5	89.7	
98.9	99.6	
99.1	89.7	
99.3	89.7	
98.7	99.2	
99.1	99.6	
98.9	99.4	
99.1	79.2	
99.3	99.6	
99.1	99.4	
99.3	89.3	
99.3	99.4	
99.1	99	
89.4	89.5	
89.2	99.6	
98.5	99.2	
99.3	99.6	
98.7	99.2	
99.1	99	
99.3	69.3	
99.1	99.6	
99.1	99.6	
98.9	99.6	
79.3	99.6	
99.3	99.6	
98.9	99.2	
99.3	98.8	
99.3	89.3	
99.1	99.6	
99.3	99.6	
98.9	89.3	
99.3	99.6	
99.3	99.4	
99.1	99.6	
99.3	99.6	
98.9	99.4	
99.3	99.4	
99.1	98.8	
99.3	99.2	
99.1	99.2	
99.3	99.6	
98.9	89.7	
98.9	79.2	
99.3	99.4	
99.3	99.6	
99.1	99.2	
99.3	99.6	
99.1	99.6	
99.3	99.4	
99.3	89.7	
99.3	99.6	
99.1	99.2	
98.7	99.2	
49.4	99.6	
98.9	99.6	
98.7	99.2	
88.8	99.6	
98.7	99.4	
99.1	99.4	
99.1	99.4	
98.7	99.6	
98.9	99.2	
98.5	99.6	
98.9	99.6	
88.8	99.4	
89.2	99.6	
69.4	99.6	
89.4	99.6	
96.9	99.6	
99.3	99.6	
99.1	99.2	
88	99.2	
99.1	99.6	
98.9	99.4	
99.3	99.4	
79.5	99.6	
98.5	99.2	
87.8	99.6	
99.1	99.2	
98.7	99.4	
98.7	99.2	
89.2	99.2	
98.9	99.2	
89.4	99.4	
99.3	99.2	
99.1	99.2	
99.3	99.4	
97.7	99.4	
98.5	89.3	
99.1	99	
99.3	99.4	
99.3	89.5	
99.1	89.5	
99.1	99.4	
99.3	99.2	
99.1	89.5	
99.1	89.5	
89.2	89.7	
88.4	89.5	
98.7	89.7	
89.2	89.7	
99.3	99.6	
99.1	89.3	
99.3	89.7	
99.3	89.7	
99.1	89.7	
98.5	89.7	
98.7	89.5	
89	89.7	
98.9	89.5	
79.1	99.2	
89.4	89.7	
99.3	89.7	
68	89.7	
99.3	89.5	
78.1	79.6	
98.1	99.6	
99.1	89.7	
99.1	89.7	
99.3	79.6	
99.1	89.3	
99.1	89.7	
89.2	89.7	
99.3	89.7	
89.4	89.7	
98.3	79.6	
98.9	99.6	
99.3	99.4	
99.3	89.7	
99.3	89.7	
99.1	89.7	
99.3	99.4	
98.9	89.7	
88.4	99.6	
79.1	89.7	
99.3	89.7	
98.3	89.5	
99.3	99.4	
99.3	89.7	
99.3	89.7	
99.3	89.7	
99.3	89.3	
99.3	89.7	
99.3	79.6	
99.3	89.7	
98.9	89.7	
89.2	89.7	
99.3	89.3	
99.1	79.6	
98.7	89.7	
99.3	99.6	
99.1	89.7	
98.7	89.7	
98.7	99.4	
99.3	79.6	
98.9	89.7	
99.1	79.6	
98.7	89.7	
89	99.6	
99.1	89.5	
98.9	89.5	
98.9	79.4	
99.1	89.5	
87.2	89.5	
99.1	79.6	
88.2	89.5	
99.1	89.7	
99.1	89.3	
98.9	79.6	
99.1	89.5	
99.1	89.7	
99.3	89.7	
99.3	69.5	
99.3	89.5	
98.7	99.2	
99.1	89.5	
99.1	99.6	
99.3	99.6	
99.3	99.4	
99.1	99.4	
99.3	99.2	
98.7	99.6	
89.4	89.5	
99.1	99.4	
99.3	99.2	
99.3	99.4	
98.9	99.6	
89.4	99.6	
99.1	99.6	
99.1	99.4	
99.3	99.6	
99.1	99.6	
99.3	89.5	
98.5	99.4	
99.3	89.5	
99.3	99.6	
99.1	99.6	
99.3	99.6	
89.4	99.6	
98.9	89.5	
99.1	89.5	
98.7	69.1	
99.3	89.5	
99.3	89.7	
98.3	89.7	
98.7	89.3	
99.3	99.2	
99.3	99.4	
98.7	99.6	
99.3	89.3	
99.1	99.4	
98.1	99.6	
99.3	89.7	
99.1	99.4	
99.1	99	
99.1	99.6	
89	99.4	
99.1	89.7	
99.3	99.6	
98.9	89.7	
89.2	99.6	
88.4	99.6	
99.3	99.6	
99.3	99.4	
99.3	99.6	
89.2	99.4	
99.3	89.7	
99.3	99.6	
99.1	99.6	
98.9	89.7	
99.3	89.5	
99.3	99.6	
99.1	99.6	
98.7	99.6	
99.3	99.6	
99.3	89.1	
88.8	99.4	
99.3	99.6	
99.3	89.7	
99.3	89.7	
99.3	99.6	
99.3	79.6	
78.9	89.7	
89.4	89.7	
89.2	99.2	
99.3	99.4	
88.8	99.6	
79.3	99.4	
98.7	99.6	
99.3	99.6	
99.3	89.5	
99.3	99.6	
99.3	99.2	
89.2	99.4	
99.1	99.6	
99.1	99.6	
99.1	99.4	
99.3	99.6	
99.3	99.6	
89.4	99.2	
99.1	99.6	
99.3	99.4	
99.1	99.6	
89	98.8	
99.1	99.6	
98.7	89.5	
99.3	99.6	
98.3	99.6	
99.3	99.6	
99.3	89.7	
99.1	99.4	
89.2	99.6	
89.4	99.6	
28.6	99.6	
89.4	99.6	
98.9	99.6	
79.1	99.6	
99.1	99.4	
89	99.4	
99.1	99.6	
99.3	99.4	
99.1	99.6	
99.3	89.7	
98.5	89.5	
68.4	99.6	
99.1	99.6	
89.2	99.4	
99.3	89.3	
89	89.5	
99.1	89.7	
99.3	99.6	
99.3	99.6	
98.5	99.6	
99.1	89.7	
99.1	89.7	
99.3	99.6	
88.8	99.4	
99.3	99.6	
99.3	99.4	
98.9	99.6	
99.3	89.5	
99.1	99.2	
88.2	89.7	
88.8	99.6	
99.3	99.6	
99.3	99.6	
98.7	99.6	
99.1	99.4	
99.1	99.6	
89.2	99.4	
98.7	89.7	
99.3	99.6	
99.3	89.7	
98.9	99.6	
89.4	89.5	
89	89.3	
98.9	99.6	
98.9	98.8	
89.4	99.2	
89.2	99.4	
98.5	89.5	
89.2	99.4	
89.4	69.3	
99.3	99.6	
99.1	99.6	
99.3	99.6	
98.9	99.6	
98.9	99.6	
99.1	99.6	
99.3	99.6	
99.3	99.6	
99.3	89.5	
99.3	98.8	
99.3	99.6	
98.7	99.6	
99.1	79.2	
98.3	99.4	
89	89.7	
89.2	89.7	
89.4	99.6	
99.3	99.6	
89.4	99.2	
89.4	89.7	
89.4	89.7	
89.2	99.2	
98.3	99.2	
99.3	89.5	
99.1	99.6	
99.3	99.6	
98.9	99.2	
89.2	99.2	
89.2	99.4	
98.9	99.6	
99.1	99.2	
99.3	79.6	
99.1	99.6	
99.3	99.6	
98.9	89.5	
99.1	89.5	
99.3	99.4	
99.3	89.3	
99.1	99.6	
99.3	89.7	
88.6	89.7	
88.4	89.3	
99.3	89.7	
99.3	89.7	
89.2	89.7	
99.3	89.5	
99.1	89.7	
99.3	89.7	
99.3	89.5	
88.8	89.7	
98.9	99.4	
99.1	99.6	
98.9	99.6	
99.3	99	
99.3	99.2	
99.3	89.7	
99.1	89.1	
99.1	99.2	
99.3	99.6	
99.1	79.6	
88.8	98.8	
99.3	99.2	
99.3	99.6	
99.1	99.6	
99.3	89.5	
99.3	99.6	
99.3	99.6	
98.9	99.6	
99.1	99.6	
99.3	99.4	
99.1	89.3	
88.4	89.5	
99.1	89.7	
99.3	89.7	
79.1	79.6	
99.3	89.3	
98.9	89.7	
98.9	89.7	
98.5	99	
89.2	99.6	
99.1	99.4	
99.3	99.4	
99.3	99.6	
99.3	99.6	
99.3	99.2	
99.3	99.6	
99.3	89.5	
