44.2	99.6	
65.7	99.6	
86.8	99.2	
98.9	99.6	
97.3	99.6	
97.3	99.4	
97.5	89.3	
86.2	99.6	
96.5	89.5	
93.7	99.4	
97.5	99.4	
96.5	89.5	
99.1	-20.1	
99.3	99.6	
96.1	99.6	
98.7	89.5	
99.3	99.6	
86.4	91.8	
89.4	99.4	
97.3	89.7	
98.7	99.6	
99.1	99.6	
99.1	99.6	
99.3	77.5	
99.3	99.4	
89	99.6	
98.3	89.7	
99.1	99.6	
99.1	99.6	
98.9	99.6	
99.1	-20.1	
98.9	99.6	
87.2	89.7	
87.4	99.6	
98.7	99.4	
99.3	99.6	
98.9	-20.1	
88.8	99.6	
88.8	89.5	
99.3	99.6	
98.9	99.6	
89.4	99.6	
99.3	99.6	
98.9	99.6	
99.1	99.6	
89	99.6	
79.3	99.6	
99.1	99.6	
99.3	99.2	
98.7	99.6	
99.3	99.6	
99.3	99.6	
99.3	99.6	
99.3	99.6	
98.7	99.6	
99.1	97.2	
99.1	99.6	
99.3	99.6	
98.7	99.4	
89	99.6	
99.3	99.6	
99.3	99.6	
99.3	99.6	
99.1	99.4	
99.3	89.5	
98.7	99.6	
99.1	99.6	
99.3	99.4	
99.3	79.4	
99.1	89.5	
99.3	99.6	
98.7	99.6	
99.3	99.4	
99.3	99.6	
99.3	99.6	
99.3	99.4	
89.4	99.4	
99.3	99.6	
89.4	99.6	
98.9	99.6	
99.1	99.4	
99.3	99.6	
99.1	99.6	
99.3	89.5	
99.3	99.6	
99.3	80.2	
99.3	99.4	
99.3	89.7	
99.1	99.6	
99.3	99.6	
99.3	99.6	
99.3	99.6	
98.9	89.7	
99.3	81.3	
98.9	99.6	
99.3	99.6	
99.1	99.6	
89.4	99.6	
99.3	99.6	
98.7	89.7	
99.3	99.4	
99.1	99.6	
99.1	99.6	
99.3	99.6	
99.3	99.6	
99.1	99.6	
99.3	99.6	
99.1	99.6	
99.3	99.6	
99.3	99.2	
99.3	99.6	
99.3	99.6	
99.3	99.6	
99.3	99.4	
99.3	99.6	
99.1	89.5	
99.1	99.6	
99.3	99.6	
98.9	99.6	
99.3	99.6	
99.1	99.4	
99.3	99.6	
98.9	99.4	
99.1	99.6	
89.2	99.6	
99.3	99.2	
89.4	89.7	
98.7	99.4	
99.3	99.6	
89.4	88.7	
99.3	99.4	
99.3	89.7	
99.3	99.6	
99.1	99.6	
99.1	99.6	
99.3	99.4	
99.3	99.6	
99.1	99.6	
99.3	99.4	
98.9	89.7	
99.3	99.6	
89.4	99.6	
99.3	99.6	
99.1	99.6	
99.3	99.6	
99.3	99.6	
99.3	99.6	
99.3	99.6	
99.1	99.2	
99.1	99.6	
99.3	-20.1	
99.3	99.6	
99.3	99.6	
99.3	99.6	
99.1	98.6	
99.3	99.4	
98.7	99.6	
99.3	99.6	
99.3	91	
99.3	99.4	
99.3	89.7	
99.1	99.6	
99.1	99.6	
99.3	89.7	
99.3	89.7	
99.3	99.6	
99.1	99.6	
99.3	99.4	
99.3	98.8	
99.3	99.6	
89.2	99.4	
99.3	99.4	
99.3	79.6	
88.6	99.6	
99.3	99.2	
98.7	99.6	
99.3	99.6	
99.1	99.6	
99.3	89.3	
99.3	89.7	
99.3	99.6	
99.3	99.6	
99.3	99.4	
98.9	99.4	
98.9	99.6	
89.4	99.6	
99.3	99.6	
99.3	89.7	
99.3	99.6	
99.3	99.6	
98.9	99.6	
99.3	99.6	
99.3	99.6	
99.3	99.4	
99.3	99.6	
99.1	99.6	
99.3	99.6	
99.1	99.6	
98.9	99.6	
99.3	99.6	
99.3	99.6	
99.3	99.6	
99.3	99.6	
99.3	89.5	
99.3	89.7	
99.3	99.6	
99.3	89.7	
99.3	79.6	
89.4	99.6	
98.9	89.7	
99.3	99.6	
99.3	99.6	
99.1	99.6	
99.3	99.6	
99.1	99.6	
98.9	99.2	
99.1	99.4	
99.1	99.6	
99.3	99	
99.3	99.6	
99.1	99.6	
99.3	99.6	
99.1	99.6	
99.3	99.6	
99.3	89.7	
99.3	99.6	
99.1	98.6	
99.3	99.6	
98.9	99.6	
98.9	89.7	
99.1	99.4	
99.3	99.6	
99.1	89.7	
98.3	99.6	
99.3	99.4	
99.3	99.6	
99.3	99.6	
99.1	99.6	
99.3	99.6	
99.3	99.6	
99.1	99.6	
99.3	99.4	
99.1	99.6	
99.1	89.5	
99.1	99.6	
99.3	99.6	
89.2	99.4	
99.3	89.7	
99.3	99.6	
99.3	99.2	
89.4	99.6	
98.9	99.6	
89.4	99.6	
99.1	99.6	
99.3	98.6	
99.1	99.6	
99.3	99.6	
99.1	99.4	
99.1	98.8	
99.3	99.6	
99.3	99.6	
99.3	99.2	
99.1	99.6	
98.9	89.5	
99.1	89.5	
89.2	89.7	
99.1	99.6	
99.3	99.6	
99.3	99.6	
99.3	99.6	
89	99.6	
89	99.6	
99.3	99.6	
99.1	89.3	
99.3	99.6	
99.3	99.6	
99.3	89.1	
89.4	99.4	
89.2	99.6	
99.1	99	
99.1	99.6	
99.3	99.6	
99.3	99.6	
99.3	99.6	
99.3	99.6	
89.4	99.6	
99.3	99.4	
99.1	99.6	
98.9	89.7	
99.3	99.6	
99.3	79.6	
99.1	99.6	
99.1	99.6	
99.1	99.6	
98.9	99.6	
99.1	89.7	
89.4	89.7	
99.3	99.6	
99.3	99.6	
99.3	99.6	
99.3	99.2	
99.1	99.6	
99.3	89.5	
99.3	99.6	
99.3	99.6	
99.3	99.6	
99.3	89.5	
99.1	99.6	
98.9	89.7	
89.4	89.7	
99.3	89.7	
99.3	99.6	
99.3	99.6	
99.3	99.6	
99.1	99.6	
99.1	99.6	
99.3	99.6	
99.3	99.6	
99.3	99.4	
98.9	99.6	
99.1	99.6	
89.4	99.4	
99.3	99.6	
99.3	79.4	
99.1	99.6	
89.4	99.6	
98.9	99.6	
99.3	89.5	
99.3	99.6	
79.3	99.6	
99.1	99.6	
99.1	99.6	
99.3	99.6	
99.1	99.6	
99.1	99.6	
99.3	99.6	
99.3	99.6	
99.3	99.6	
98.9	99.2	
99.3	99.6	
99.3	99.2	
98.9	89.7	
99.3	89.7	
98.7	99.4	
98.9	99.6	
98.9	99.6	
99.1	99.6	
99.3	99.6	
99.3	99.6	
99.1	99.6	
98.7	99.6	
98.9	99.6	
99.1	98.2	
89.4	89.7	
98.9	99.6	
99.3	99.6	
99.3	99.6	
89.2	99.4	
99.3	99.6	
99.3	89.7	
99.1	99.6	
99.3	99.6	
99.3	99.6	
99.3	99.6	
99.3	99.6	
99.1	99.4	
99.3	99.4	
99.3	99.4	
99.1	99.6	
99.3	99.6	
89.4	99.4	
99.1	99.6	
99.3	99.6	
98.7	89.5	
99.3	99.6	
99.3	99.6	
98.9	99.6	
99.3	99.6	
99.3	99.6	
99.3	99.6	
99.3	89.7	
99.1	89.5	
99.3	99.6	
99.1	89.5	
99.3	99.6	
99.3	99.4	
99.1	99.6	
99.3	99.2	
99.3	99.4	
99.3	99.6	
99.3	99.6	
98.9	99.4	
99.1	99.4	
99.3	99.6	
89	99.6	
99.1	89.7	
99.3	99.6	
99.3	99.6	
98.7	99.6	
99.3	99.6	
99.3	99.2	
98.9	99.6	
99.3	99.6	
99.3	89.5	
99.3	99.4	
99.3	99.6	
99.3	99.6	
99.1	89.7	
99.3	99.6	
99.3	99.6	
99.1	99.6	
99.1	99.6	
99.3	99.6	
99.3	89.7	
99.3	99.6	
99.1	89.5	
99.1	99.6	
99.3	99.2	
99.1	99.6	
99.3	99.4	
99.1	99.4	
89.2	99.6	
99.3	99.6	
99.3	89.3	
99.3	99.6	
99.3	99.6	
99.3	89.7	
99.1	99.6	
98.9	89.7	
99.3	99.6	
99.3	99.6	
98.9	89.5	
99.3	89.5	
99.1	89.7	
99.3	99.4	
99.3	99.4	
99.1	89.7	
99.3	99.6	
88.8	89.7	
99.3	99.6	
99.3	99.6	
99.3	99.4	
99.3	99.6	
99.3	79.4	
99.3	99.6	
99.3	99.6	
99.1	99.6	
89.2	99.4	
99.1	99.6	
99.3	99.6	
99.3	99.2	
99.3	99.6	
88.8	99.4	
99.3	89.5	
99.3	99.4	
99.1	96.8	
99.1	99.6	
99.3	99.6	
99.3	99.6	
99.1	99.6	
99.3	99.6	
89.4	89.7	
99.1	99.6	
98.9	99.6	
99.1	99.6	
99.3	99.6	
99.1	99.6	
99.3	89.7	
99.1	99.6	
99.3	89.7	
99.1	99.6	
99.1	79.6	
89.4	99.4	
99.3	89.7	
99.1	99.6	
99.3	89.7	
99.1	99.6	
99.3	99.2	
99.1	99.4	
99.1	99.6	
99.3	99.6	
98.9	99.6	
98.9	99.6	
99.3	99.6	
99.1	99.6	
99.3	99.6	
99.3	76	
99.3	99.6	
99.3	99.6	
99.1	89.7	
89	99.6	
99.3	99.6	
99.3	99.6	
99.3	99.6	
99.3	99.6	
99.3	99.6	
99.3	99.6	
99.3	99.4	
99.3	89.5	
89	99.6	
