45.4	86.1	
56.5	99.4	
75.9	69.5	
72.7	99.6	
83.2	88.7	
87.2	88.9	
97.3	98.6	
97.3	98.4	
67.6	98.6	
98.9	98.8	
73.7	99.6	
98.5	98.8	
98.9	88.5	
98.1	98.2	
98.1	99	
97.1	99.2	
88.6	99.4	
85.4	96.6	
86	99	
96.7	98.2	
98.9	88.3	
98.1	99.6	
98.9	75.4	
86.4	99.6	
97.9	99.2	
99.3	99.2	
97.7	98	
97.9	99.4	
98.1	98.6	
93.3	79.6	
97.3	99.2	
98.7	98.6	
98.5	89.5	
98.3	98	
97.3	89.3	
87.6	99.4	
88.8	88.5	
96.7	68.9	
87.6	98.4	
99.3	99.6	
96.7	88.7	
88.6	98.8	
98.3	89.3	
45.6	98.8	
87.6	97	
97.5	99.4	
97.9	89.3	
96.5	88.1	
97.5	98.4	
98.3	98.4	
66.4	99.2	
99.3	99.2	
98.1	88.1	
95.1	46.9	
98.5	99	
97.5	89.7	
67.8	78.6	
99.1	99.4	
98.7	98.8	
97.3	89.1	
97.1	98	
98.3	99.4	
99.1	88.3	
84.6	89.5	
94.9	97.8	
87.2	98.6	
98.5	99.2	
98.1	98	
97.5	98.6	
96.3	89.3	
99.1	88.3	
99.3	88.7	
97.9	78	
95.7	98.6	
76.7	99.6	
97.5	98.2	
98.3	88.9	
98.1	99.2	
97.5	99	
95.7	99.4	
98.7	87.7	
99.1	99	
75.7	98	
67.8	99	
97.7	89.1	
98.5	99	
78.5	89.3	
88	99.4	
96.7	79.4	
98.1	98.2	
99.3	88.7	
99.1	99.6	
89	89.5	
98.7	98	
99.3	99.4	
47	78.8	
98.7	99.4	
97.9	99.2	
78.3	99.2	
98.1	88.3	
98.7	88.9	
88	79.2	
86	99.4	
98.5	99.2	
98.9	88.9	
99.1	99.4	
98.3	99.4	
98.9	88.9	
87.6	99.6	
98.9	98.8	
98.7	98.4	
98.7	99.2	
98.5	99.6	
98.1	99	
88.2	97.6	
76.9	99	
98.1	97.6	
98.5	99	
86.6	89.3	
78.7	68.3	
98.9	88.5	
77.9	89.1	
95.9	89.7	
96.7	99.4	
78.9	89.5	
77.1	89.3	
99.3	88.5	
98.9	89.5	
86.4	95.8	
68.6	99	
98.1	99	
79.3	68.9	
97.1	89.3	
48.4	86.3	
98.5	88.7	
89.4	99	
87.4	99.6	
99.1	99.4	
98.5	99.6	
98.5	88.5	
87.4	97.2	
88.8	97.4	
96.3	46.7	
86	99	
98.7	89.5	
99.1	99.6	
98.7	99.4	
98.5	99	
99.1	99.4	
94.9	98.8	
88.8	98.2	
97.3	79.4	
78.3	98.8	
99.3	98.8	
77.9	98.4	
98.5	88.7	
98.1	99.4	
97.3	97.4	
45	67.1	
98.9	74.8	
84.2	98	
98.7	99	
88.2	77.4	
98.7	99.4	
96.7	89.1	
98.5	88.7	
97.5	89.7	
88.2	78.4	
79.3	79.6	
98.5	97.8	
97.1	79.4	
48.8	89.7	
87.6	89.3	
98.7	99.2	
98.7	98.6	
98.9	89.7	
89.2	88.7	
78.7	78.6	
99.1	79	
78.3	78.4	
98.3	89.5	
85.4	88.5	
79.1	98.6	
98.7	98.4	
98.5	79.2	
68.8	98.8	
88	99.4	
98.3	88.7	
98.7	99.6	
98.5	79.4	
87.8	89.5	
99.1	88.9	
89.2	99.4	
97.7	89.5	
88.4	89.3	
98.7	99	
99.1	89.7	
95.1	98.4	
87	98.4	
78.9	99.6	
89	99.6	
97.7	99.6	
89	98.8	
89	99.2	
88	99	
97.3	98.2	
86	88.9	
98.1	89.3	
99.1	99.4	
97.7	99	
99.3	89.5	
87	78.8	
78.5	99.6	
97.9	98.8	
56.3	77	
87.6	98.8	
99.1	89.1	
98.7	77	
98.5	88.9	
88.2	77.8	
67	79.4	
89	89.7	
87.4	89.7	
58.9	89.5	
-2.7	89.5	
98.9	88.9	
98.9	99.6	
97.7	57.8	
98.5	88.9	
66.4	79.2	
77.1	88.5	
99.3	99.4	
98.3	99.6	
58.1	88.7	
88.6	98.2	
97.9	99.6	
98.5	99	
95.7	99.4	
99.1	99.2	
99.3	99.2	
79.1	99.4	
87.6	79	
96.9	99	
98.3	89.5	
99.3	99.6	
98.3	89.3	
98.5	99.2	
98.3	89.5	
96.3	99	
99.1	99.2	
98.3	99	
98.7	78.8	
98.1	97	
99.3	99	
98.5	98	
76.3	75.4	
98.5	99.4	
98.5	88.9	
68	98.6	
97.7	86.9	
95.7	98.6	
98.5	98.4	
79.1	88.9	
98.7	99	
98.9	97.8	
98.7	99.4	
48.2	89.5	
97.9	89.5	
98.5	78	
88.6	79.2	
99.1	88.5	
97.7	89.7	
88.4	89.5	
98.7	98.6	
98.9	98.4	
97.5	98.6	
99.1	99.4	
48.2	68.9	
99.3	97.8	
69.2	98.4	
88.8	77.8	
77.5	99	
98.5	98.8	
68.4	79	
86	88.9	
99.3	89.7	
98.3	98.8	
98.7	98.8	
98.7	89.5	
98.5	89.7	
89.2	89.3	
57.7	89.5	
98.9	98.6	
98.7	89.5	
98.5	89.5	
98.1	78.4	
97.3	89.7	
69.4	98	
98.5	78.4	
97.9	79.4	
99.1	99.4	
86.8	77.6	
48.8	98.8	
96.9	89.1	
96.7	89.3	
97.9	99.2	
97.9	89.3	
88.6	78.8	
68.6	99.4	
99.1	78.6	
68.8	89.3	
48.6	79.4	
79.1	89.7	
99.3	89.7	
99.1	88.9	
89.2	68.9	
86.4	99.4	
96.3	99.2	
78.9	89.7	
79.1	89.3	
98.7	89.7	
99.3	99.6	
99.1	78.4	
74.7	89.1	
89.2	89.5	
-3.7	98.8	
97.5	76.8	
98.3	89.5	
97.9	78	
97.7	79.4	
97.7	58.8	
98.9	99.6	
67.2	88.1	
99.3	59	
54.3	99	
99.3	89.7	
58.9	89.7	
98.3	99.4	
89.2	99.2	
97.9	89.1	
99.3	98.6	
88.4	89.1	
98.9	99.6	
98.9	79.4	
76.5	99.4	
98.7	99.2	
97.1	99.6	
95.1	67.7	
98.5	79.2	
99.1	88.7	
98.3	99	
89	88.9	
88.4	89.5	
98.3	99.2	
98.5	99.6	
97.7	99	
98.5	89.1	
78.5	88.7	
98.3	99.4	
98.5	78.6	
98.9	67.7	
99.1	88.9	
79.1	99.6	
99.3	87.7	
98.7	99	
98.9	68.5	
99.1	89.3	
88.6	89.5	
88.8	99.4	
78.7	99.2	
98.1	88.9	
88	88.1	
97.5	89.3	
98.9	88.9	
99.1	99	
97.5	79.2	
98.5	78.2	
98.9	99.4	
89.4	78.8	
67.8	98.4	
17.7	99.6	
98.9	99.4	
85.8	97	
98.9	89.7	
98.9	99.6	
98.3	98.6	
97.1	99.2	
99.1	99	
98.1	99.4	
98.1	99.6	
96.3	99	
87.2	99.4	
89	79.4	
78.3	89.1	
87.6	78.4	
88.6	78.4	
86.2	89.3	
98.3	98.8	
87.8	99.4	
28.4	89.5	
79.1	99.6	
59.1	99.6	
98.5	66.5	
79.1	78.8	
98.9	58.4	
85	88.5	
99.1	89.7	
87.6	89.1	
99.1	88.9	
97.5	99.2	
97.5	99.6	
89.4	99.2	
99.3	89.7	
78.5	88.5	
88.6	59	
16.9	99.4	
98.3	99.2	
79.1	98.8	
79.3	98.8	
99.1	89.7	
77.9	89.1	
68.2	99	
97.1	89.5	
88	79.4	
96.5	78.6	
58.9	89.5	
98.9	88.7	
98.9	88.7	
99.3	89.7	
97.9	68.3	
58.1	98.2	
98.3	89.3	
98.7	99.6	
97.1	89.5	
97.1	89.7	
98.3	99.2	
88.4	98.6	
97.7	99.4	
98.9	99.6	
98.3	99.6	
98.3	99.4	
98.3	99.2	
98.5	98.6	
98.1	98.8	
98.7	79	
77.5	99.6	
98.5	98	
98.1	89.7	
97.9	88.7	
47.6	99.4	
76.9	78.6	
99.1	89.1	
97.9	89.5	
97.9	57.8	
98.7	99.2	
97.3	99.6	
93.3	89.5	
87	97.2	
98.7	99.4	
68.4	99.4	
98.3	98.6	
73.7	88.9	
98.9	99.4	
77.1	89.3	
97.1	99.6	
98.3	88.7	
98.3	89.7	
97.7	89.3	
57.1	98.4	
98.7	98.6	
99.3	89.3	
79.1	98.4	
98.1	98.4	
97.9	88.9	
96.5	88.5	
67.4	98.6	
97.9	99.6	
99.3	99.6	
58.3	78.4	
98.7	98.6	
63.8	99	
96.1	99.2	
68.6	78.8	
97.7	99.2	
78.9	99.2	
79.5	79.6	
99.1	99.2	
99.1	88.7	
98.3	88.7	
97.1	85.9	
98.7	79.2	
98.7	88.1	
88.8	99.4	
96.9	87.7	
97.9	98	
98.7	98.6	
99.3	68.7	
98.3	89.3	
99.3	97.6	
79.3	89.3	
