43.2	86.7	
63.4	89.5	
85.6	73.5	
85.8	84.1	
96.3	73.2	
98.1	80.9	
95.5	99.6	
88.6	99.6	
97.3	88.1	
96.7	85.1	
83.6	69.1	
97.1	79.4	
98.9	89.5	
96.7	89.7	
96.7	89.5	
99.3	79.6	
97.5	69.3	
96.3	89.5	
98.9	89.3	
99.3	89.1	
97.1	89.5	
98.7	89.5	
95.7	88.9	
96.9	89.5	
98.1	99.6	
98.9	89.3	
99.3	99.4	
98.5	99.6	
98.9	99.6	
98.5	99.6	
99.1	99.6	
88.2	99.4	
99.1	99.4	
98.3	99.4	
99.3	89.1	
98.9	99.6	
99.3	89.5	
99.3	99.6	
98.7	99	
99.1	88.3	
99.1	89.5	
98.5	99.6	
99.1	99.6	
98.7	99.4	
98.9	99.6	
99.3	89.5	
98.1	89.5	
99.3	99.6	
99.1	99.6	
99.3	99.6	
98.9	99.6	
99.3	99.6	
99.1	89.3	
99.1	99.6	
98.7	99.6	
99.1	89.5	
99.1	99.6	
99.3	99.6	
99.1	99.6	
99.3	99.4	
99.1	99.6	
99.1	99.6	
99.3	99	
98.9	99.6	
98.3	89.3	
98.9	69.3	
99.1	89.5	
99.3	99.2	
99.3	99.6	
99.1	89.3	
99.1	99.4	
99.3	68.7	
99.3	99.6	
99.3	89.3	
78.9	99.6	
99.3	98.8	
99.1	99.4	
99.1	89.5	
99.1	99.6	
99.1	99.6	
99.3	99.6	
99.1	99.6	
99.3	99.6	
99.3	99.6	
99.3	89.1	
99.1	99.6	
99.1	99.6	
98.5	99.6	
98.1	99.6	
98.9	99.4	
99.3	99.6	
99.1	99.4	
99.3	99.6	
99.1	99.4	
99.1	99.6	
99.1	99	
98.9	99.6	
99.3	99.6	
99.1	99.6	
98.9	99.6	
98.3	89.3	
98.3	99.6	
98.9	99.4	
99.3	99.6	
98.3	99.4	
98.9	99.6	
99.3	99.6	
99.3	99.6	
99.3	89.3	
99.1	98.8	
99.3	99.6	
99.3	99.2	
98.9	99.2	
99.3	99.6	
99.1	99	
99.3	99.2	
99.1	99.4	
99.3	99.6	
99.3	99.6	
98.9	79.4	
99.1	99.6	
98.9	89.5	
99.3	99.6	
98.9	99.6	
98.9	99.4	
99.1	99.4	
98.7	99.6	
99.1	99.6	
99.3	98.8	
99.3	89.3	
99.3	99.6	
98.9	99.4	
98.9	98.4	
98.3	99.6	
99.1	99.6	
99.3	99.4	
99.3	99.6	
99.3	89.5	
98.5	99.6	
99.1	99.2	
99.3	99.4	
99.3	99.2	
99.1	89.3	
98.9	99.6	
99.3	99.6	
98.1	99.6	
99.1	99.4	
99.3	89.5	
99.1	99.6	
99.1	99.6	
99.1	99.6	
99.3	99	
98.7	99.6	
99.3	99.4	
99.3	88.7	
99.3	99.4	
99.1	99.6	
99.3	99.6	
99.1	99.4	
99.3	99.2	
99.3	99.6	
99.3	99.2	
99.1	79.4	
99.3	99.4	
99.1	99.6	
99.3	99.6	
98.7	99.4	
99.3	99.6	
99.1	99.4	
99.3	99.6	
98.7	99.6	
99.3	99.6	
99.3	99.6	
98.9	89.5	
99.1	99.6	
99.1	99.6	
99.1	99.6	
99.3	99.6	
99.3	89.5	
98.9	99.6	
98.9	99.6	
99.3	89.5	
99.1	99.6	
99.1	99.4	
99.1	99.6	
99.1	99.6	
99.3	99.6	
98.9	99.6	
98.9	99.6	
99.3	99.4	
99.1	88.7	
98.9	99.6	
99.3	99.6	
99.3	99.6	
99.3	99.6	
99.1	99.4	
99.3	99.6	
98.7	99.6	
99.3	99.6	
99.3	99.6	
98.7	99.4	
99.1	99.4	
99.3	99.4	
99.1	99.6	
99.3	89.1	
99.1	99.4	
98.9	99.6	
99.1	99.4	
98.5	99.4	
99.1	89.3	
99.3	99.6	
99.3	99.6	
99.3	99.6	
99.3	99.4	
98.9	99.6	
99.3	88.9	
98.9	99.6	
99.3	89.3	
99.3	99.6	
99.1	99.6	
99.3	99.6	
99.1	88.7	
98.9	99.6	
99.1	99.6	
99.3	99.6	
99.1	89.3	
99.1	88.7	
98.9	99.2	
98.9	99.6	
99.1	99.6	
99.1	99.4	
99.1	99.4	
98.9	99.6	
99.3	99.2	
99.3	99.6	
99.3	99.6	
99.3	99.6	
99.3	89.5	
98.7	89.5	
99.3	99.6	
99.3	99.4	
99.3	89.1	
99.1	99.6	
99.3	99.6	
99.1	89.3	
99.3	99	
99.3	89.3	
99.1	99.6	
98.9	99.6	
98.9	99.4	
99.1	99.6	
98.9	99	
99.1	79.4	
99.3	99.6	
99.1	99.6	
99.1	99.2	
99.1	99.4	
99.1	99.4	
99.3	99.4	
98.9	99.4	
99.3	79.4	
99.3	99.6	
98.9	99.6	
99.3	99.6	
99.1	99.6	
99.3	99.6	
98.7	89.3	
99.3	99.2	
99.3	99.6	
98.9	99.6	
99.3	99.6	
99.3	99.6	
99.3	99.6	
99.3	99.6	
99.3	99.6	
99.3	99.6	
99.1	99.6	
99.3	99.6	
99.1	99.4	
99.1	99.4	
99.1	89.7	
99.3	99.2	
99.1	99.6	
98.7	99.6	
98.5	99.4	
99.3	99.6	
99.3	99.6	
99.1	99.6	
99.3	99.6	
99.1	99.4	
89.2	89.5	
88.4	99.4	
98.7	99.6	
98.9	99.4	
99.3	99.4	
99.1	99.6	
98.5	99.6	
98.9	99	
99.3	99.6	
99.3	99.6	
99.3	99.2	
99.3	99.6	
99.1	89.7	
87	99.4	
99.1	99.6	
99.3	99.6	
99.1	99.6	
99.3	99.4	
99.3	99.4	
88.8	99.4	
98.7	89.1	
98.7	99	
99.3	99.6	
99.3	99.4	
98.3	99.4	
99.3	99.6	
99.3	99.6	
98.9	99.6	
98.9	89.1	
99.3	99.6	
99.3	99.6	
99.3	89.3	
99.3	99.6	
98.5	99.6	
98.7	99.4	
99.1	99.6	
99.3	99.6	
99.1	99.2	
99.3	99.6	
99.3	99	
98.7	99.6	
99.3	99.6	
99.1	99.6	
98.7	99.6	
99.3	89.5	
98.5	99	
99.1	98.8	
99.1	99.6	
98.9	99.6	
98.9	99.6	
99.3	79.4	
98.3	99.6	
99.3	88.9	
98.9	99.6	
98.9	99.6	
98.9	99.6	
99.1	99.6	
99.3	99.4	
99.1	99.4	
98.9	99.6	
98.5	99.4	
99.1	99.6	
98.7	99.6	
99.1	99.6	
98.9	99.4	
99.1	99.6	
98.1	99.6	
99.1	99.6	
99.3	89.3	
89.2	99.2	
99.3	99	
99.3	99.4	
99.1	99.6	
99.3	99.6	
99.3	99.6	
99.3	99.6	
99.3	99.2	
99.3	99.6	
89.2	99.6	
98.9	99.4	
99.3	99.6	
99.3	99.6	
98.5	99.6	
99.3	88.9	
98.9	79	
99.3	99.4	
99.1	89.5	
99.3	99.6	
99.3	99.6	
99.3	99.6	
99.3	99.2	
98.7	89.5	
98.9	99.4	
99.3	89.3	
98.7	99.6	
99.3	88.9	
99.1	99.6	
99.1	99.6	
98.9	99.6	
98.9	99.6	
99.1	99.6	
88.4	99.4	
99.3	89.5	
99.3	99.2	
99.3	99.2	
99.1	99.4	
98.9	99.6	
99.3	99.4	
99.3	99.6	
98.7	99.6	
99.1	99.4	
99.3	99.4	
99.3	99.6	
99.3	99.6	
99.3	79.2	
99.1	99.6	
99.3	99.4	
98.7	88.9	
99.1	99.6	
99.1	89.5	
98.7	99.4	
99.1	99.4	
98.9	99.4	
98.9	99.4	
99.3	89.3	
98.9	99.4	
98.9	99.6	
98.9	99.6	
99.3	99.6	
98.9	99.6	
99.1	99	
99.3	99.6	
99.1	89.3	
98.9	99.4	
98.9	99.6	
99.1	99.6	
99.1	99.4	
99.1	88.9	
99.3	99.6	
99.1	99.6	
99.1	99.6	
98.7	99.6	
99.1	89.5	
99.3	99.6	
99.3	99.4	
98.9	99.6	
99.1	99.6	
98.9	99.2	
98.7	99.6	
99.3	99.6	
99.1	99	
98.3	99.6	
99.3	99.4	
98.9	89.3	
99.3	99.2	
98.7	89.1	
99.3	99.6	
99.1	99.4	
99.1	99.4	
98.7	99	
99.3	99.2	
99.3	99.6	
99.3	99.4	
99.1	99.6	
99.3	89.1	
99.1	99.6	
98.9	99.6	
99.1	99.2	
99.3	99.2	
99.3	99.2	
99.3	98.8	
99.1	99.4	
99.3	99.6	
99.3	99.6	
99.1	99.4	
99.1	99	
99.3	89.3	
99.3	89.1	
99.3	89.3	
99.1	99.6	
99.1	99.6	
99.3	99.6	
99.1	99.4	
99.1	99.2	
99.1	99.4	
98.9	99.6	
99.1	99.6	
99.1	99.6	
98.9	99.6	
99.3	99.4	
99.3	99.6	
99.3	99.6	
99.3	89.3	
99.3	99.6	
98.9	89.5	
98.9	99.2	
99.3	99.2	
98.7	99	
99.3	99.6	
98.1	99.6	
99.3	89.7	
99.3	99.6	
98.9	99.6	
99.1	99.6	
99.3	99.4	
98.9	99.6	
99.3	99.6	
98.7	99.6	
99.1	99.6	
99.3	89.5	
