52.1	99.4	
27.2	89.5	
94.9	69.3	
89	85.5	
51.1	88.7	
94.1	89.7	
93.7	89.5	
69.5	99.6	
96.5	99.2	
67.4	99	
81.6	88.3	
98.1	99.6	
99.1	89.5	
98.7	99.6	
72.5	79	
86.2	89.1	
61.8	99.2	
95.9	99.6	
97.3	88.7	
97.5	97.6	
98.1	99.4	
98.9	89.7	
77.5	99.2	
99.3	99.6	
99.1	99.4	
78.3	99.2	
98.3	99.2	
98.3	99.2	
96.5	78.8	
98.5	69.3	
98.3	98.6	
74.3	89.1	
98.7	57.4	
98.7	97.6	
89.4	89.3	
97.5	89.1	
87.8	99.6	
97.3	99.4	
87.8	99.6	
89	99.4	
97.3	99.6	
98.3	89.3	
98.9	69.1	
98.7	98.8	
98.7	99.6	
99.1	88.1	
86.6	98.2	
98.7	78.4	
78.9	89.5	
78.1	99.6	
98.1	99.4	
99.1	57.6	
97.3	89.5	
98.5	89.1	
77.9	99	
75.3	89.7	
85.6	99.2	
53.7	89.3	
81.2	99.2	
98.1	99.2	
99.1	99.2	
98.1	99.4	
96.7	99	
98.7	87.7	
98.3	89.1	
97.1	99.2	
94.7	99.2	
96.9	89.7	
98.1	99.4	
98.5	99.6	
99.1	99.2	
86.2	99	
98.3	99	
98.3	89.7	
97.5	98	
98.3	89.3	
66	99.4	
76.3	99.2	
98.7	79.4	
96.5	98.6	
99.1	99.6	
96.9	99.6	
98.7	99.6	
88.2	99.6	
88.8	99.6	
88.4	99.2	
98.7	99.2	
87.6	99.4	
68.4	98.2	
98.1	99.4	
86	97.6	
96.7	97	
68.6	89.5	
86.8	99.6	
98.7	99.2	
88.6	88.3	
98.7	99	
98.9	99.4	
6.4	99.4	
97.7	98.2	
98.9	99.6	
78.1	98.6	
98.9	88.7	
97.7	99.2	
98.3	99	
97.5	99.2	
86.6	99.4	
98.7	99.2	
98.9	48.1	
96.9	98.8	
95.1	98.8	
98.1	89.1	
76.9	88.9	
98.9	98.4	
99.1	89.5	
98.3	99	
98.7	99.2	
88.8	99.4	
97.9	88.9	
99.3	88.9	
98.5	78.4	
68	99.2	
98.9	79	
98.7	89.3	
78.1	99	
98.9	99.4	
98.3	99.6	
97.9	98.8	
99.1	99.2	
99.1	99.4	
98.9	99.2	
88.8	99.6	
97.9	99.6	
68.2	98.8	
99.3	89.3	
88	97.8	
99.1	99	
99.3	88.3	
98.9	99	
78.3	78.6	
98.9	99.6	
98.1	99.6	
98.7	88.3	
99.1	99.2	
96.3	68.3	
97.1	98.8	
98.7	98.8	
85.8	89.5	
98.3	99.2	
98.5	99.4	
88.4	99.6	
98.9	98.4	
88.6	99.2	
99.1	99.2	
98.3	99.2	
98.7	99.6	
87.2	99	
89	99.2	
99.1	99.4	
89	87.3	
98.9	98.8	
98.9	78.6	
88	99.4	
98.1	99.4	
85.8	67.5	
98.3	99.2	
56.3	88.7	
67.8	89.5	
97.1	99.2	
98.7	99	
98.9	89.3	
78.1	99.6	
98.5	67.3	
98.7	98.6	
89.2	99	
53.1	99.6	
88.4	68.9	
89.2	87.3	
99.3	78.4	
98.9	99.2	
69	99.4	
98.7	89.3	
99.3	89.1	
89	99	
57.9	89.7	
98.7	99.4	
97.9	78.6	
98.3	78.6	
99.1	89.1	
78.1	79.2	
98.9	98	
68	99.4	
98.3	78.2	
68.4	99	
88.4	98.4	
43.8	77	
99.1	98.6	
97.7	99.6	
97.7	99.6	
97.7	78.8	
78.3	88.9	
77.3	99.2	
98.5	99.6	
99.3	99.4	
99.1	98.6	
98.5	89.1	
99.1	99.4	
63.6	98.4	
98.3	98.6	
98.7	99.4	
99.3	99.4	
98.7	89.5	
88	89.7	
98.5	89.3	
98.9	99.6	
98.5	98.2	
87.2	99.4	
98.7	99	
98.7	79.6	
98.9	89.7	
58.3	99.2	
15.9	89.1	
99.1	98.2	
98.9	99.2	
98.5	77.8	
99.3	99.4	
98.9	89.7	
65.8	98.8	
98.5	89.3	
98.1	98.4	
99.1	77.8	
46.6	89.5	
98.3	99	
88.8	98.6	
97.3	79.2	
98.5	99.2	
98.3	99.2	
98.5	89.7	
95.7	88.5	
57.9	89.3	
98.3	97.4	
98.7	99.6	
98.7	99.4	
98.1	98.8	
93.3	98.8	
98.3	99.4	
66.8	79.4	
88	98.4	
88.6	98.8	
98.7	78.6	
98.1	89.5	
99.3	98.2	
98.1	89.7	
98.7	98.8	
97.5	99.6	
98.7	86.7	
88	97.2	
98.5	99	
98.3	99.6	
72.7	88.9	
96.9	79.4	
98.5	98.6	
98.7	99.6	
97.9	99.4	
98.5	99	
98.7	98.4	
98.9	99.4	
98.1	99.4	
98.9	97.8	
99.1	99.2	
96.9	89.3	
98.7	88.9	
98.3	88.5	
96.1	88.1	
78.3	99.2	
99.1	89.3	
98.5	88.7	
98.3	99	
78.7	99.4	
78.7	99.4	
96.9	99.6	
85.8	98.8	
67.4	79.4	
98.5	99.2	
97.5	78.8	
98.5	89.7	
98.1	79	
96.9	99.4	
75.9	99.4	
97.7	99.6	
98.7	99	
98.3	98.2	
99.1	78.8	
99.3	98.4	
99.1	98.8	
98.9	87.3	
98.7	99.4	
87.8	99.6	
97.5	88.5	
98.7	99.2	
76.7	99.6	
97.5	89.7	
99.1	99.4	
98.1	99.4	
98.7	89.7	
97.7	99.6	
99.1	98.6	
98.5	78.8	
76.1	98	
97.7	99	
88	89.1	
98.9	99.6	
87.6	79	
99.3	99	
99.1	89.1	
87.2	99.4	
98.9	89.5	
88	99	
99.3	99.6	
88.4	89.7	
98.5	89.7	
99.3	89.7	
98.5	99.4	
98.9	99.6	
98.7	88.5	
7.8	98.8	
97.5	99.6	
96.7	98.8	
88.8	99.4	
98.9	99.4	
96.9	78.6	
94.7	79.4	
98.7	98.6	
99.1	88.7	
98.9	88.5	
98.7	99	
78.5	98	
99.3	99.6	
98.1	98.2	
87.4	89.7	
98.9	99.6	
97.5	99.4	
98.7	89.5	
52.3	99.2	
77.7	89.1	
88.4	98.8	
98.3	89.1	
98.9	89.3	
78.3	98.4	
97.1	99.6	
98.9	88.5	
97.3	99.6	
98.7	98.4	
98.3	99.6	
88.6	99.4	
98.9	99	
98.9	99.2	
99.1	99	
89	87.9	
77.7	78.8	
86.8	98.6	
98.9	99.2	
99.3	89.7	
98.9	89.7	
88.8	99.4	
98.3	98.8	
87	86.3	
98.7	98.4	
98.7	78.4	
97.5	99.2	
97.9	99.6	
98.9	86.7	
86.8	89.3	
75.9	79.2	
55.7	68.7	
86.8	89.7	
98.7	89.3	
77.7	89.7	
97.9	99.4	
88.4	78.8	
97.3	89.7	
97.7	98.4	
98.1	56.8	
87.8	98.4	
98.7	89.7	
96.9	98.6	
98.1	89.7	
89	99.4	
96.5	79.6	
98.7	89.1	
98.5	89.7	
98.9	98.8	
98.9	89.7	
97.7	89.5	
97.3	89.3	
77.7	89.5	
98.9	89.7	
34.7	89.5	
99.1	57.8	
99.3	69.3	
99.1	99	
98.7	89.7	
98.5	89.1	
99.3	87.9	
98.9	79	
99.1	98.8	
98.9	68.1	
87.8	99.4	
98.9	97.4	
98.7	99	
98.7	99.6	
88	99.6	
78.3	78.6	
88.8	79.2	
98.9	79.2	
98.9	98.4	
78.1	98.8	
46	97.8	
98.1	98.6	
98.3	99.2	
98.5	58.8	
98.7	99.4	
79.1	89.3	
98.3	68.7	
96.9	68.9	
97.5	99	
88.2	79.4	
97.5	99	
87.6	89.7	
98.9	89.5	
99.1	89.5	
97.3	99.4	
97.9	98.2	
98.7	99	
99.3	89.7	
89	99.4	
99.3	89.3	
97.7	99.6	
98.1	99	
98.5	99.4	
98.7	99.2	
78.1	99.6	
87.4	98	
97.5	99	
97.9	79.2	
88.6	98	
88.6	67.3	
98.3	77.2	
88.4	78.6	
85.6	99.6	
98.5	98.8	
98.1	98.8	
79.1	99.6	
99.1	77.2	
97.7	88.9	
98.7	78.8	
99.1	99.6	
87.2	99.2	
98.5	99.6	
99.3	89.7	
98.7	98.8	
88.8	97.4	
98.3	99.6	
98.5	99.4	
98.7	99.4	
97.5	99.2	
96.1	98.8	
89	89.3	
99.1	98.6	
64.6	89.3	
66.8	99.6	
98.7	98.8	
97.9	98.2	
94.7	89.7	
99.1	98.8	
99.1	99.2	
99.1	99.2	
78.1	89.5	
98.3	57.8	
99.3	99	
87.8	99.6	
99.1	89.7	
98.7	99.6	
87.4	99	
98.9	99.4	
88.8	99.6	
87.4	99.4	
78.3	88.9	
85.2	99.2	
97.9	97	
98.7	99	
88.4	98	
97.5	99.4	
68.8	99.2	
98.7	89.3	
99.1	98	
78.5	79.6	
76.5	98.8	
97.9	89.1	
89.2	99.4	
