31.9	99.6	
94.5	89.1	
74.5	99.6	
55.7	99.4	
89.2	92.8	
83	79.2	
97.5	88.9	
73.9	99.2	
98.3	79.4	
98.5	99.4	
97.5	99.2	
97.1	89.5	
98.9	99.4	
98.9	88.3	
98.1	99.4	
87.4	99.6	
99.1	99.4	
88.8	89.3	
77.1	99.2	
88.2	99.6	
99.1	99.2	
99.3	99.2	
97.7	98.2	
99.1	58.8	
98.7	89.1	
97.9	97.4	
99.3	99.4	
98.9	78.6	
88	98.4	
57.1	99	
88.4	88.9	
98.7	88.9	
98.7	98.2	
99.1	98.2	
99.1	89.7	
99.3	99.6	
98.7	89.7	
99.3	99.4	
58.9	99.6	
89	78.8	
98.7	99.6	
98.5	99.2	
99.1	89.3	
99.1	89.3	
87.8	98	
88.8	89.5	
99.1	79.4	
67.4	89.3	
98.9	99	
98.1	99.4	
77.3	99.6	
98.7	99.4	
89	89.3	
98.3	98.4	
98.7	89.5	
67.4	89.1	
98.9	88.3	
77.3	89.1	
99.3	88.7	
77.7	69.5	
99.1	88.5	
97.9	99.6	
98.3	79.6	
98.5	79.4	
99.1	88.3	
98.7	89.5	
98.3	89.5	
99.1	98.6	
98.5	88.5	
57.9	99.2	
98.5	99.2	
98.5	89.7	
99.1	99.6	
87.8	77.6	
98.3	88.5	
98.7	89.7	
98.3	79.4	
98.9	99	
97.7	99.4	
99.1	99.6	
99.3	89.5	
99.3	99.4	
97.9	98.8	
98.7	99.4	
99.3	89.5	
98.9	88.9	
99.1	89.7	
98.9	88.9	
96.5	79.4	
99.3	99.4	
99.3	99.6	
89.2	89.5	
98.5	99.2	
98.7	99.6	
78.5	78.8	
99.1	99.6	
99.1	98.8	
68	99.6	
79.3	88.9	
99.3	99.6	
98.9	99.4	
97.3	98.2	
88	99.4	
97.5	89.3	
99.3	78.6	
98.9	99	
98.9	99.4	
96.7	89.5	
97.9	99.6	
99.1	99.6	
89	89.1	
87.6	99	
97.5	78	
99.1	99.2	
88.8	89.7	
98.7	88.9	
99.3	88.7	
56.5	85.1	
99.1	98.4	
98.5	88.3	
98.3	99	
97.7	99.6	
98.5	89.1	
97.7	99.6	
98.5	98.8	
78.7	99.6	
76.3	97.8	
98.3	97.8	
99.1	99.4	
98.1	99.4	
68.6	98.2	
99.1	99.2	
98.1	98.4	
98.9	99.6	
88.8	79.4	
86.6	99.6	
88.2	99.4	
98.9	99.6	
97.9	89.1	
99.3	99.2	
98.7	78.8	
99.3	99.2	
98.9	99.2	
98.1	99.6	
89.2	98.2	
99.3	88.9	
97.5	89.7	
99.3	99.2	
99.3	89.7	
98.9	99.4	
98.1	88.9	
79.1	99.6	
88	99.4	
97.9	98.8	
98.7	99.4	
99.3	89.7	
98.7	99.2	
88	98.8	
98.5	99.6	
99.1	99.2	
98.9	79.4	
67.8	99.4	
98.9	99.4	
98.5	79.6	
99.3	99.2	
87.4	99.6	
99.1	89.5	
97.1	98.4	
89.4	99.4	
98.1	99.4	
88.4	88.9	
98.3	99.2	
98.7	99.4	
98.7	79	
97.1	98.6	
89	89.7	
99.1	99.6	
97.7	99.2	
87.4	99	
85.2	98.6	
86.6	99.6	
98.7	99.6	
98.7	88.5	
99.1	99	
79.1	79.4	
99.3	89.5	
98.7	89.5	
99.3	89.5	
99.3	89.5	
98.7	89.1	
96.9	99.6	
88	89.5	
99.1	99.4	
96.9	99	
99.1	89.3	
98.5	99.4	
97.9	89.1	
98.3	88.9	
98.7	99.4	
99.1	68.9	
89	99.4	
96.3	99.4	
98.5	79.2	
78.1	98.8	
88	99.6	
99.3	89.5	
99.3	99.2	
98.1	98.8	
98.3	86.7	
98.7	99	
86	98.8	
98.9	98.4	
98.9	98.6	
98.7	99.4	
97.9	99.6	
99.3	98.8	
98.1	89.1	
76.7	89.5	
98.7	99.6	
99.1	99.2	
99.3	88.9	
77.9	89.3	
98.1	99.4	
88	99.6	
98.7	89.5	
98.7	99.4	
98.7	99.6	
99.3	99.2	
78.1	89.3	
99.1	99.6	
98.5	99.6	
98.1	99	
99.3	86.7	
98.3	79.4	
98.9	99.4	
87.8	89.1	
99.1	99.4	
98.5	89.5	
88.4	99.4	
98.9	98.6	
89	48.5	
96.9	99.2	
99.3	99.2	
88.2	99.2	
98.9	89.3	
98.1	89.5	
98.9	99	
77.7	99.2	
79.1	99	
98.3	89.3	
99.1	98.8	
97.7	99	
98.9	99	
98.7	87.9	
68.4	99.6	
97.7	99.4	
97.9	99.2	
98.5	98.4	
98.7	89.5	
98.5	99.4	
89	99.2	
97.5	68.5	
89.4	99.2	
89.2	98	
98.3	99.6	
88	99.2	
98.7	99	
88.6	98.6	
98.1	88.7	
87.6	98.8	
98.7	89.3	
98.9	98.8	
97.1	99	
99.1	99	
98.5	99	
98.5	99.4	
97.7	99	
99.1	89.1	
98.5	98.6	
98.5	99.6	
98.7	99.4	
89	99.4	
99.1	88.9	
98.7	99.2	
99.3	89.7	
98.7	89.5	
98.9	99.2	
99.3	99.6	
99.1	99.2	
99.3	89.5	
78.1	99	
88.2	89.5	
88.8	98.8	
99.1	99	
88.8	99	
98.9	99.2	
99.3	85.9	
98.3	99.6	
99.1	97.2	
85.8	69.5	
87.6	79.6	
98.5	89.5	
99.1	98.8	
98.9	98.6	
98.9	99.6	
89	99.2	
79.5	99.2	
69	99.4	
98.9	99.2	
99.1	99.4	
98.7	89.3	
98.7	98.8	
46.4	99.2	
99.1	89.3	
87.2	99.2	
99.3	99.4	
63.6	98.8	
68.8	99.6	
87.6	99.6	
97.7	99	
98.7	68.7	
98.9	89.7	
98.7	99.4	
98.3	99.4	
98.7	99.4	
99.1	99	
78.5	89.1	
86	99.6	
99.1	89.5	
87	89.1	
99.1	86.7	
99.3	88.1	
47.4	98.6	
98.3	98.6	
98.7	99.6	
98.7	99.2	
98.5	99	
99.1	89.7	
88.4	99	
88.4	99.6	
19.4	89.3	
98.9	89.3	
99.3	98.8	
98.1	99.6	
99.1	99.6	
98.7	99.6	
88.4	99.6	
99.3	98.4	
98.7	79	
87	99.2	
98.9	99	
98.7	98.6	
88	99.6	
98.9	89.7	
97.9	99	
98.3	79.2	
68.6	98.8	
98.5	99.4	
98.5	99.4	
99.3	99.2	
88.6	99	
99.1	99.6	
99.1	99	
89	88.9	
98.3	98.4	
98.7	99.6	
97.5	99.4	
98.9	89.7	
68.4	99.2	
97.3	99.2	
98.1	99.4	
98.1	99.6	
54.9	99	
98.7	99	
89	99	
98.5	98.4	
97.5	89.5	
97.9	98	
99.1	99.2	
98.9	88.1	
98.7	99.6	
78.9	98.4	
98.5	99.4	
99.1	99	
97.5	88.9	
98.1	89.5	
98.5	69.3	
89	99.2	
98.9	99.6	
27.4	99.6	
97.1	98.6	
98.9	99.6	
99.1	89.1	
98.1	99.6	
99.1	89.1	
98.9	99.2	
97.9	89.3	
99.1	99	
99.1	98.6	
78.7	99.4	
98.5	89.3	
98.5	98.2	
87.2	99.2	
97.7	99.6	
99.1	99	
77.5	88.7	
98.5	99.2	
98.7	99.6	
98.5	98.8	
88.6	99.4	
88.8	99.6	
87.4	89.1	
96.1	98.4	
95.9	79	
97.9	99.4	
89	99	
99.3	89.1	
99.3	45.9	
98.5	79.6	
98.7	98.6	
88.2	77.4	
77.9	99.6	
98.7	99.6	
97.3	89.7	
78.9	99.6	
98.9	79	
78.1	99.4	
98.9	99.2	
87.8	99.6	
99.3	99.4	
86.8	99	
99.3	78.4	
98.7	78.8	
98.9	98.6	
98.3	99.6	
87.8	69.3	
98.3	99.2	
98.9	99.4	
98.3	99.2	
98.1	99.6	
98.9	69.5	
88.8	99.6	
86.4	99.4	
99.1	98.4	
98.5	88.9	
57.9	89.5	
98.9	99.2	
99.3	99.6	
98.5	99.2	
98.3	99.2	
99.3	99.6	
99.1	98.6	
78.5	99	
98.3	89.3	
88.6	88.5	
69	88.7	
77.5	98	
99.3	98.8	
88.8	77.8	
78.1	99.6	
96.7	99.6	
98.7	99.6	
98.7	97.6	
77.9	98.6	
97.7	99.6	
58.3	88.5	
68.4	89.3	
99.3	99.6	
97.7	99.6	
96.1	99.4	
98.9	99.6	
98.7	99.4	
97.5	99.6	
98.7	99.2	
98.9	99.6	
98.5	79.4	
98.1	88.1	
88.4	99.4	
99.1	99.2	
97.5	99.6	
99.3	99.6	
88.6	99.4	
87.8	99.2	
87.8	98.4	
98.9	89.5	
87.4	98.8	
98.3	99.4	
98.9	89.7	
97.7	97.2	
99.1	99.6	
98.9	78.4	
97.7	99.2	
78.1	89.7	
99.1	89.1	
98.3	98.2	
98.7	99.2	
99.1	78.8	
57.9	79.4	
98.1	99	
69	88.9	
