-24.6	99.6	
90.7	99.6	
93.9	99.6	
98.3	99.4	
98.7	99.6	
98.5	89.5	
96.5	99.4	
98.9	99.6	
98.7	99.6	
99.3	99.6	
98.7	89.7	
99.3	99.6	
99.3	99.6	
98.9	99.6	
99.3	99.4	
99.3	99.4	
99.3	99.6	
99.3	99.6	
99.3	99.6	
99.3	99.6	
99.1	99.6	
89.4	99.6	
99.3	99.6	
98.9	99.2	
99.3	99.6	
99.3	99.4	
99.1	99.4	
99.3	99.6	
99.3	99.4	
99.1	89.5	
89.4	99.6	
98.9	99.4	
99.3	99.6	
99.3	99.6	
98.9	99.6	
89.4	99.6	
99.1	99.6	
98.9	99.6	
97.9	99.4	
99.1	88.3	
98.7	99.6	
98.9	99.4	
99.3	99.6	
99.3	99.6	
99.3	99.6	
99.1	99.6	
99.1	99.6	
98.9	99.6	
99.3	99.6	
99.3	99.4	
98.7	89.5	
99.3	99.6	
99.3	99.2	
99.3	99.6	
99.1	99.6	
99.3	99.6	
99.3	99.2	
99.3	99.6	
99.3	99.2	
99.1	99.6	
99.1	99.6	
99.3	99.6	
99.1	98.8	
99.3	99.6	
99.3	99.6	
99.1	99.6	
99.3	89.1	
99.3	99.6	
99.3	99.4	
98.7	89.5	
99.3	99.6	
99.1	99.6	
99.3	89.7	
99.3	99.4	
98.9	99.4	
99.1	99.2	
99.3	99.6	
99.1	99.2	
99.1	99.6	
99.1	98.4	
98.7	99.6	
99.1	89.3	
98.9	99.4	
99.3	99.2	
99.3	97.8	
99.3	99.2	
99.1	99.6	
99.3	99.6	
99.1	99.6	
98.7	99.6	
99.3	99.6	
99.3	99.6	
99.3	99.6	
99.1	99.4	
99.1	99.4	
99.3	99.2	
99.3	99.6	
99.1	99.6	
99.3	99.2	
99.1	99.4	
99.1	89.7	
99.1	99.6	
99.1	99.6	
99.3	99.6	
99.1	99.6	
99.3	99.6	
99.3	99.6	
98.9	99.2	
99.3	99.6	
99.1	99.6	
99.3	99.6	
98.9	99.6	
98.9	99.6	
99.1	99.6	
98.9	99.6	
98.7	99.2	
99.3	99.6	
99.3	99.4	
88.8	89.5	
99.1	99.6	
99.3	99.4	
99.3	99.6	
99.3	99.6	
98.9	99.6	
69	99.6	
99.3	99.6	
98.5	99.6	
99.3	99.6	
99.3	98.8	
98.7	99.2	
99.3	99.6	
99.1	99.6	
99.3	99.6	
99.3	99.4	
99.3	99.2	
99.1	99.6	
99.3	99.6	
99.1	99.4	
99.1	99.6	
99.3	96.6	
99.3	97	
99.3	99.6	
89.2	99.4	
99.3	99.4	
99.3	99.2	
99.3	99.6	
98.7	89.7	
98.5	98.8	
99.3	89.7	
99.3	99.6	
99.3	99.6	
99.3	99.4	
99.3	99.6	
99.3	99.6	
99.3	99.6	
99.3	99.6	
99.3	99.6	
98.5	99.6	
99.1	99.6	
98.5	99.6	
89.4	99.6	
99.3	89.1	
99.3	99.6	
98.3	99.6	
99.3	99.6	
99.1	99	
99.3	99.4	
99.3	99.4	
99.3	99.2	
99.3	99.6	
98.7	99.6	
99.3	99.6	
98.1	99	
99.1	89.7	
99.1	99.2	
99.3	99.2	
99.1	99.6	
99.3	99.4	
99.1	99.6	
99.1	99.6	
99.1	99.6	
99.3	99.6	
98.5	99.4	
99.3	99.4	
98.7	99.6	
99.1	99.4	
99.3	99	
89.4	99.6	
98.9	99.6	
98.9	89.7	
99.3	99.6	
99.3	99.6	
99.1	99.6	
99.3	89.3	
99.3	99.2	
99.3	99.6	
98.7	99.6	
99.1	99.6	
99.3	99.6	
98.9	99.6	
98.7	99.6	
98.9	99.6	
99.3	99.4	
99.1	99.6	
99.1	99.6	
99.3	99.6	
99.3	99.4	
99.3	99.6	
98.9	99.4	
99.3	99.4	
99.1	99.6	
99.1	89.7	
99.3	99.6	
98.5	99.6	
99.1	99.6	
98.5	99.6	
99.1	99.6	
98.9	99.6	
99.1	99.4	
98.9	89.7	
99.3	99.6	
99.3	99.6	
99.1	99.2	
98.9	89.5	
99.3	99.6	
99.3	99.6	
98.9	89.7	
99.3	99.4	
98.9	99.6	
99.1	99.6	
99.3	99.6	
98.7	99.6	
99.3	89.5	
99.3	99.6	
98.9	99.4	
98.9	99.6	
99.3	99.2	
99.1	99.6	
89.4	99.6	
99.3	68.1	
99.1	89.7	
99.3	99.6	
99.1	95.6	
98.9	99.6	
99.1	99.6	
98.5	99.2	
99.3	99.6	
98.3	99.6	
88.2	99.6	
99.1	89.5	
99.3	99.4	
99.3	99.6	
99.1	99.4	
99.3	99.4	
99.1	99.6	
99.1	99.6	
98.9	99.4	
99.3	99.6	
98.9	98.8	
98.7	99.6	
99.1	99.2	
99.3	99.6	
99.1	99.6	
99.3	99.6	
99.1	89.7	
99.3	99.6	
99.1	99.6	
88.8	98.2	
99.3	98.8	
99.3	99.6	
98.7	99.6	
99.1	99.6	
98.9	99.6	
98.9	99.6	
99.1	99.6	
98.9	98.8	
99.3	99.4	
99.1	99	
98.7	99.2	
99.3	99.2	
99.3	99.6	
98.7	99.6	
99.1	89.7	
99.1	99	
99.3	99.6	
99.1	99.6	
99.3	99.6	
99.1	99.6	
99.3	99.6	
99.1	99.6	
99.3	99.6	
98.9	99.4	
99.1	89.5	
99.1	99.4	
99.1	99.6	
99.3	99.2	
98.9	99.6	
99.1	99.2	
98.9	89.7	
98.9	99.4	
99.1	99.6	
99.1	99.6	
99.1	99.4	
99.1	99.4	
99.3	99.6	
98.9	99.6	
98.5	99.6	
99.1	99.6	
98.9	99.2	
99.3	99.6	
99.3	79.6	
89.2	99.2	
99.1	99.6	
99.3	89.3	
99.1	99.6	
99.3	99.2	
99.1	99.6	
99.3	99.6	
98.5	99.6	
99.3	99.6	
99.3	99.6	
99.3	99.6	
98.9	99.6	
99.3	99.6	
99.3	99.4	
98.7	99.6	
99.3	99	
99.3	99.4	
99.3	99.4	
99.1	98.4	
99.3	99.6	
99.1	99.6	
99.1	99.6	
99.1	99.6	
99.1	99.6	
98.9	99.6	
89	99.6	
98.7	89.1	
89.2	99.6	
99.3	99.6	
98.9	99.4	
99.1	99.4	
98.9	99.6	
98.7	99.6	
99.3	99.6	
98.7	99.6	
99.3	89.5	
99.1	99.6	
99.3	99.6	
99.3	99.4	
99.3	99.6	
99.1	89.7	
98.9	99.6	
98.7	99.6	
99.1	99.6	
99.1	99.6	
99.3	99.2	
99.1	99.6	
98.5	99.6	
99.3	99.2	
99.1	99.6	
99.3	99.6	
99.3	89.7	
99.3	99.6	
99.3	99.6	
99.1	89.7	
98.7	99.4	
98.9	99.6	
99.3	99.6	
98.9	99.6	
89	99.2	
89.2	99.2	
99.3	99.6	
89	99.6	
99.3	99.6	
89.4	99.6	
99.3	99.2	
99.3	99.6	
99.3	89.5	
99.3	99.4	
99.1	99.4	
99.3	99.2	
99.3	99.6	
99.1	99.6	
99.3	99.6	
99.3	99.6	
99.3	99.4	
99.1	99.4	
99.1	99.6	
99.1	99.6	
99.3	99.6	
99.3	99.4	
99.1	99.4	
99.3	99.6	
99.3	99.4	
98.5	99.6	
99.3	99.4	
98.9	99.2	
99.1	99.6	
99.3	99.4	
98.9	89.5	
99.3	89.7	
99.1	99.6	
99.3	99.4	
99.3	99.4	
99.3	99.6	
99.1	99.6	
99.1	99.6	
99.3	99.6	
99.1	99.6	
99.1	99.6	
99.3	99.6	
98.9	98.8	
98.9	99.4	
98.7	99.6	
98.7	99.6	
99.3	99.4	
99.1	99.6	
99.1	99.6	
99.3	99.4	
98.9	99.6	
99.3	99.4	
99.1	98.8	
99.1	89.5	
98.7	99.6	
99.1	99.6	
98.9	99.6	
99.1	99.6	
99.1	99.6	
99.3	99.6	
99.1	99.6	
98.9	99.2	
98.9	99.2	
99.1	99.6	
99.3	99.6	
98.9	99.6	
99.3	99.6	
99.1	99.6	
99.1	99.6	
99.3	99.2	
99.3	99.6	
99.1	99.2	
98.9	99.6	
99.3	99.4	
99.3	99.6	
99.3	99.6	
99.3	99.6	
98.7	88.9	
99.1	99.6	
99.3	99.6	
99.3	89.3	
99.3	99.6	
99.3	99.6	
99.1	99.6	
99.1	99.6	
99.1	99.4	
99.3	99.6	
79.3	99.6	
99.3	99.6	
99.3	99	
98.9	99.4	
99.3	99.2	
99.1	99.6	
99.3	99.6	
99.3	99.6	
99.3	99.6	
99.3	99.2	
99.1	99.4	
99.3	99.4	
99.1	99.2	
98.7	99.4	
99.3	99.4	
99.1	99.4	
98.9	99.6	
99.1	99.2	
99.3	99.6	
99.3	99.6	
99.3	99.6	
99.3	98.6	
99.3	99.6	
99.1	99.6	
99.3	99.6	
98.9	99.6	
99.3	99.6	
98.9	99.6	
98.9	99.6	
99.3	89.7	
98.7	99.6	
99.3	99.6	
99.3	99.6	
98.7	99.4	
99.3	99.2	
99.3	99.6	
99.1	99.6	
99.1	99.6	
98.5	99.2	
99.3	99.6	
99.1	99.6	
98.7	99.6	
99.3	98.6	
