-148.8	89.5	
87.8	98.6	
98.3	99	
75.7	99.4	
95.3	99.6	
98.5	64.7	
65.4	89.7	
86.4	98.6	
97.3	98.4	
99.3	99.6	
98.5	98.4	
98.9	99.4	
98.7	89.3	
87	89.7	
96.3	87.1	
53.5	99.6	
98.3	98.6	
98.1	89.5	
98.3	99.4	
98.7	99.4	
97.5	79.6	
99.1	99	
98.1	98	
98.9	99.2	
98.5	99.4	
96.1	69.1	
98.5	89.3	
98.3	99.4	
98.9	99.6	
97.9	99.2	
97.7	89.5	
98.7	98.4	
98.3	88.9	
97.5	97.6	
99.1	99.4	
98.9	99.2	
96.9	99.6	
98.9	66.9	
98.7	99.4	
98.7	99	
98.9	99.4	
97.3	89.1	
99.3	99.6	
77.7	89.7	
98.3	99.2	
98.9	99.2	
98.9	89.5	
98.1	99.2	
97.7	99	
98.9	98.6	
86.4	98.6	
99.1	99.6	
98.3	99.2	
89	99	
94.7	89.5	
97.3	89.3	
98.9	99.6	
77.5	99.4	
86.8	99.4	
98.9	99	
98.7	66.7	
98.5	99.4	
98.7	89.7	
98.9	99.2	
97.5	89.1	
98.3	89.7	
97.3	99.6	
98.1	88.7	
98.1	88.7	
98.9	88.9	
87.6	88.5	
98.3	99.6	
99.1	99.6	
98.7	99.6	
98.5	99.2	
98.1	89.7	
98.7	88.9	
96.9	89.1	
99.1	89.3	
98.9	89.7	
99.1	99.4	
98.1	98.8	
98.5	89.5	
87.4	99.6	
99.3	89.5	
98.3	99.6	
98.5	69.5	
98.3	99.6	
99.1	89.5	
78.1	99.6	
98.3	89.7	
98.9	99.2	
78.9	89.3	
97.3	99.4	
98.1	99.6	
88	89.7	
97.1	99.6	
98.9	99	
87.6	79.4	
47.4	79.4	
98.1	99.2	
99.3	87.1	
99.3	99.4	
98.5	89.7	
87.8	99.4	
89.2	89.7	
89.2	99.6	
99.3	88.9	
88.2	89.5	
99.1	99.4	
99.1	99.4	
99.1	79.4	
98.9	68.9	
79.5	89.3	
98.5	79.2	
97.9	89.7	
76.5	89.5	
97.9	99.2	
98.5	99	
97.9	98	
99.3	88.9	
89.4	89.5	
98.7	99.2	
98.9	89.5	
97.9	99.2	
99.1	99.6	
99.3	98.8	
98.7	99.6	
96.5	99.4	
98.1	99.4	
99.1	99.4	
99.1	89.3	
99.1	98.8	
98.5	98.8	
98.7	89.7	
68.2	99	
87.6	99.2	
88.8	99.6	
98.5	99.4	
98.7	69.1	
97.9	89.7	
98.9	68.3	
98.1	99.4	
89	89.3	
98.9	99.6	
97.5	79.4	
88.6	89.7	
77.9	79.4	
98.7	89.3	
99.1	89.7	
99.1	89.7	
88.6	89.7	
98.9	98.4	
98.3	99.6	
98.7	89.3	
96.9	78.2	
98.5	89.5	
99.3	88.1	
88.6	99.6	
98.1	99.6	
98.9	99.6	
97.9	99.6	
98.7	99.4	
99.1	89.7	
98.7	99.2	
59.1	99.4	
98.9	99.4	
99.1	98.2	
98.9	99.6	
98.1	88.7	
95.7	89.1	
87.4	99	
88.4	88.7	
98.5	99.6	
96.5	89.7	
98.7	89.5	
98.7	89.7	
87.4	99.6	
98.9	99.4	
98.9	98.6	
98.7	99.6	
98.9	99.6	
98.9	89.7	
98.5	89.7	
98.5	89.7	
88	89.3	
98.7	89.7	
98.1	89.7	
99.3	89.3	
69	89.7	
98.5	99.2	
98.7	58.8	
98.3	89.3	
98.7	89.5	
99.3	99.6	
88.8	58	
98.7	79.2	
98.9	79.4	
98.9	89.7	
98.7	99	
97.7	99.6	
98.9	99.4	
79.3	99.4	
98.5	89.7	
98.3	99	
86.4	98.6	
99.3	98.4	
97.9	98.4	
88.4	99.4	
98.1	99.6	
88.8	99.6	
99.3	67.7	
97.9	98.2	
98.7	99.6	
98.9	99	
98.5	99.2	
98.9	99.4	
88.8	99.2	
89	89.1	
98.9	89.7	
99.1	89.1	
98.5	88.9	
88	78.4	
67.4	79.6	
98.5	99.4	
47.4	99.4	
99.1	89.5	
99.3	99.4	
99.3	99.6	
99.3	99.6	
98.5	88.9	
78.3	89.3	
88.6	99.2	
98.3	89.7	
98.7	99.2	
98.5	99.2	
98.5	99	
98.7	86.9	
98.9	99.6	
97.7	99.2	
97.9	99.6	
99.3	99.6	
98.5	99.4	
98.7	99	
97.9	99.6	
78.9	99.4	
99.1	99.2	
98.5	99.6	
79.3	99.4	
99.3	89.5	
98.9	99.6	
73.5	99.2	
78.7	99.4	
97.5	97.6	
52.3	99.2	
97.9	99.6	
99.1	99.4	
68.6	99	
68.6	98.6	
98.7	67.3	
66.2	99	
99.3	99.2	
78.9	87.3	
87.4	99.4	
98.1	99	
99.1	99.6	
99.3	79.2	
97.1	99.4	
98.3	99.6	
98.1	47.5	
99.1	89.1	
99.1	89.3	
78.7	99.6	
97.9	99.2	
57.3	89.5	
27.6	79.6	
99.1	89.7	
97.5	89.1	
76.7	89.7	
98.7	99.2	
98.5	89.7	
87.8	79.2	
98.9	89.7	
98.9	79.6	
88.8	99.2	
98.5	99.2	
99.3	99.2	
98.5	88.9	
96.3	99.4	
98.9	89.3	
72.3	99.4	
97.7	79	
98.9	89.7	
98.9	68.7	
98.7	79	
99.1	79.4	
98.5	89.1	
97.9	99.4	
98.5	99.4	
98.7	97.8	
98.5	99.2	
98.9	98.8	
98.1	89.1	
97.9	99	
98.5	99.4	
98.7	79.4	
97.7	89.1	
97.1	99	
98.9	88.3	
87.6	99.2	
99.3	99	
98.7	89.7	
98.9	99.2	
99.1	99.2	
98.7	89.1	
97.7	89.7	
98.1	79.6	
87.6	99.6	
96.5	99.4	
77.3	89.7	
98.9	89.5	
47.4	98.6	
98.5	99.6	
79.5	99.6	
99.3	99.4	
98.9	99.4	
98.7	99.4	
96.7	99.6	
88.4	79.2	
96.9	89.1	
98.3	99.4	
99.3	99.6	
98.9	98.8	
95.5	78.2	
97.9	99.4	
98.5	79	
95.1	89.1	
97.7	98.6	
99.1	89.3	
98.7	99.4	
97.7	99	
97.5	79	
98.3	89.7	
97.9	69.1	
98.1	99.6	
98.3	78.4	
98.9	99	
98.3	99.6	
98.9	89.5	
98.3	99.4	
98.9	99.4	
99.1	98.8	
99.1	98.6	
88.6	99.6	
98.7	99.6	
99.1	99.6	
98.9	89.1	
97.3	99.2	
96.9	99.2	
98.9	99.2	
98.7	99.6	
89	99.4	
88.6	99.6	
98.9	99.4	
79.3	99.6	
88	99.6	
99.1	89.7	
79.3	89.7	
98.5	88.7	
89.2	89.7	
58.7	99.6	
78.5	99.6	
87.4	98.6	
57.5	99.4	
79.3	89.1	
98.3	87.9	
88.8	99.4	
98.7	89.7	
88.6	89.7	
87.4	89.1	
98.5	98.8	
57.5	69.5	
98.9	89.5	
98.3	79.6	
99.3	89.7	
89.2	89.7	
99.3	89.7	
98.5	88.9	
98.7	89.7	
96.5	79.4	
89.2	89.5	
99.3	98.4	
98.3	89.7	
98.5	89.7	
97.9	89.7	
98.3	89.5	
98.7	89.7	
98.5	89.5	
89.2	67.9	
99.1	99	
98.3	89.5	
98.5	79	
98.5	88.3	
98.9	98.6	
99.3	99.2	
98.7	88.3	
98.5	99.6	
98.9	99.4	
98.9	79.2	
98.9	88.7	
88.8	99.6	
98.3	89.5	
98.1	58.8	
98.7	97.6	
99.1	79.4	
98.5	79.6	
69	99	
88.6	89.5	
99.1	99	
78.9	99.6	
77.9	99.6	
99.1	98.8	
96.9	99.4	
99.3	99	
87.4	89.1	
99.3	99.6	
99.1	99.6	
99.3	99.2	
98.9	79.2	
98.5	99.6	
78.3	89.1	
99.1	99.6	
98.3	89.1	
98.9	89.7	
98.9	89.1	
89	78.8	
89	99.6	
97.7	79.2	
98.9	99.4	
97.7	99.4	
99.3	99.4	
88.6	99.2	
98.9	99.2	
98.7	99.4	
98.3	79	
98.5	99.6	
98.1	79.6	
98.5	89.7	
98.9	99	
89.2	89.7	
98.9	89.3	
78.5	79.2	
78.1	89.7	
99.3	99.4	
98.9	89.7	
98.1	89.3	
98.9	79.2	
98.9	89.7	
98.9	89.7	
98.9	99.4	
98.7	89.7	
68.2	88.1	
88.8	47.9	
99.3	89.3	
88.6	99.6	
98.9	99.4	
97.5	98.4	
99.3	89.3	
99.1	89.3	
88.8	99.4	
68.8	99.4	
97.9	89.7	
88.2	99.4	
99.3	89.5	
99.1	99.4	
98.9	99.4	
99.1	87.9	
88.8	99.4	
88.6	89.3	
98.9	79.4	
99.3	98.4	
88.6	99.6	
98.5	98.4	
66.8	99.6	
98.7	89.3	
98.1	99	
98.3	99.4	
88.8	79.2	
98.9	99.2	
88.4	88.5	
79.3	88.7	
98.7	99.2	
97.5	99.6	
98.5	89.1	
98.3	99.6	
98.9	99.4	
98.5	99.6	
99.1	89.1	
79.1	67.9	
98.3	89.3	
