81.2	89.5	
58.3	99	
95.1	89.7	
95.3	89.5	
93.9	89.7	
98.5	97	
78.9	89.7	
87.4	89.7	
99.3	89.5	
98.9	79.6	
99.3	89.7	
99.3	99.4	
98.9	99.4	
98.9	89.7	
88.4	99.4	
99.3	99.6	
98.7	99.4	
89.1	99.6	
98.7	99.6	
99.3	99.4	
99.3	99.6	
99.1	99.6	
99.3	99	
79.5	99.6	
99.1	99.6	
99.1	99.6	
99.1	99.6	
99.3	99.6	
99.1	99.6	
99.3	99.4	
89.2	99.6	
78.7	99.4	
99.3	99.6	
99.1	99.6	
98.7	99.2	
99.3	96	
98.9	89.7	
98.9	89.7	
89.2	99.6	
99.1	99.2	
99.1	99.4	
99.1	99.4	
98.9	99.6	
98.9	79.4	
99.1	99.4	
98.7	89.7	
99.3	99.6	
99.3	99.4	
99.1	95.6	
99.3	89.7	
99.3	99.6	
99.3	89.7	
98.9	79.4	
99.3	89.7	
99.3	89.7	
99.3	89.5	
99.1	98.2	
99.1	99.4	
99.1	99.6	
98.7	99.6	
98.9	99.4	
89.2	99.6	
98.9	99.6	
98.9	99.6	
99.3	98.8	
98.3	99.6	
88.8	99.6	
99.1	99.6	
99.3	99.6	
99.3	89.5	
98.9	99.6	
98.9	99.6	
99.3	89.7	
98.5	99.6	
98.7	89.5	
99.3	99.4	
99.3	99.6	
99.3	89.7	
98.7	99.6	
89.2	99.6	
99.3	99.6	
97.1	99.6	
98.9	99.6	
99.3	99.6	
89.4	89.7	
98.7	98.8	
89	99.6	
89.4	99.6	
99.3	89.5	
99.1	99.6	
99.3	99.4	
99.1	89.3	
99.3	89.5	
98.9	99.6	
99.3	99.6	
98.9	99.4	
99.3	89.7	
67.8	89.7	
99.3	89.7	
99.3	89.7	
98.9	89.7	
99.3	89.7	
99.3	99.6	
98.7	69.5	
99.3	89.7	
99.1	89.5	
99.3	99.6	
98.3	89.7	
99.3	99.6	
98.9	79.6	
99.3	89.7	
99.1	89.7	
99.3	79.6	
99.3	89.3	
89.2	99.4	
99.1	99.6	
98.7	99.6	
99.1	99.4	
77.1	99.6	
99.1	99.6	
98.9	89.7	
99.3	99.6	
99.3	99.6	
99.3	99.6	
99.1	89.5	
99.3	99.4	
99.3	89.5	
99.3	99.4	
98.9	99.6	
98.5	99.6	
98.9	99.6	
99.3	99.6	
99.3	99.6	
99.3	89.5	
99.1	89.5	
99.1	99.6	
98.7	99.6	
99.1	79.4	
99.1	98.6	
99.3	99.6	
98.7	99.6	
98.9	99	
99.3	89.7	
99.3	99.6	
98.9	89.7	
99.1	89.7	
99.3	89.5	
99.1	89.5	
99.3	79.6	
98.3	89.7	
98.9	89.7	
98.3	89.7	
99.1	89.7	
89	89.7	
99.1	89.3	
97.9	99.6	
88.6	89.7	
79.1	89.7	
99.1	99.6	
99.3	99.6	
98.9	99.6	
98.9	99.2	
99.1	99.4	
99.1	99.6	
99.1	99.6	
89.2	99.6	
99.1	79.6	
99.3	99.6	
99.1	89.7	
99.1	89.7	
98.9	99.6	
99.3	99.6	
99.1	99.6	
99.1	99.6	
98.9	99.6	
99.3	99.6	
98.9	99.4	
99.3	99.6	
98.9	89.7	
99.3	99.4	
99.3	99.6	
99.3	89.7	
98.9	99.6	
99.1	99.6	
99.1	99.6	
98.9	99.4	
99.3	89.5	
99.1	99.6	
98.9	99.6	
99.3	89.3	
99.1	89.5	
99.1	99.6	
98.7	99.6	
99.1	89.5	
99.1	99.6	
99.3	99.4	
99.3	89.7	
99.3	99.6	
99.1	99.6	
98.9	99.6	
98.7	89.7	
99.1	99.6	
99.3	99.6	
99.3	99.6	
99.3	99	
97.1	99.2	
89.2	99.6	
99.1	99.4	
99.3	89.7	
99.1	89.7	
98.7	89.7	
99.1	89.7	
89.2	99.6	
99.3	99	
99.3	89.1	
99.1	89.7	
99.3	99.6	
89.4	99.6	
99.1	99.6	
98.9	89.7	
99.3	99.4	
99.3	99.6	
99.3	99.6	
99.1	99.6	
99.3	89.3	
98.5	99.6	
88.6	99.6	
99.1	99.6	
99.3	99.6	
98.9	99.6	
99.3	99.6	
99.3	99.4	
99.3	99.6	
99.3	89.7	
78.5	99.6	
99.3	89.7	
99.3	98.8	
88.8	99.6	
99.3	99.6	
99.3	99.4	
98.9	89.5	
99.1	99.6	
89.2	99.4	
98.7	89.7	
98.9	89.5	
99.3	89.5	
99.1	89.5	
99.3	89.7	
99.3	89.7	
78.7	99.6	
98.9	99.6	
99.1	89.7	
99.1	99.2	
99.3	99.6	
99.3	99.6	
99.3	99.6	
89.2	99.6	
99.1	99.2	
99.3	99.6	
99.1	99.2	
99.3	99.6	
99.1	99.6	
99.1	99.6	
99.3	99.6	
99.3	89.7	
89	99.6	
89	89.7	
98.7	79	
89.2	99.6	
99.1	99.6	
99.3	99.2	
98.7	99.4	
99.3	98.8	
98.9	99.6	
99.3	89.5	
99.3	88.9	
89	89.7	
99.1	79.6	
99.3	99.6	
98.7	89.7	
99.1	89.7	
99.3	89.7	
89.4	89.7	
99.1	89.7	
98.7	89.7	
99.1	89.7	
99.3	89.7	
98.9	79.6	
99.3	99.6	
88.8	99.4	
98.9	89.7	
98.3	89.7	
99.3	89.7	
99.3	89.7	
99.3	79.6	
99.1	79.2	
99.1	79.6	
98.7	89.5	
99.1	89.7	
78.9	89.3	
99.3	89.7	
99.3	89.7	
99.1	89.5	
99.3	99.6	
99.1	89.7	
99.3	89.7	
89.2	89.7	
89.2	89.7	
87.8	89.7	
98.7	89.7	
98.7	89.5	
88.6	89.5	
99.3	89.7	
99.3	99.6	
98.7	89.7	
99.3	89.5	
99.3	89.3	
98.9	79.2	
99.3	89.7	
99.3	89.5	
89	89.5	
99.3	79.6	
99.1	89.5	
99.3	89.7	
99.3	89.7	
99.1	89.7	
99.1	99.4	
99.1	99.6	
99.3	99.6	
99.3	89.7	
99.3	89.7	
99.3	89.7	
99.3	79.4	
99.3	99.2	
98.9	99.6	
99.3	99.6	
99.1	99.4	
68.8	99.2	
99.3	89.7	
89	89.3	
99.3	89.7	
99.3	89.5	
99.3	89.7	
99.1	89.7	
99.3	89.7	
98.7	89.7	
99.3	89.7	
99.1	99.6	
98.9	89.7	
99.3	89.7	
99.1	79.6	
98.9	99.4	
99.3	89.7	
99.1	89.5	
99.3	89.5	
98.9	99.4	
99.3	99.6	
99.3	99	
99.3	99.6	
99.3	99.4	
68.2	99.4	
99.3	99.6	
99.1	89.5	
98.7	99.6	
99.3	99.4	
89	99.6	
98.9	99.6	
99.1	99.6	
89.4	99	
98.5	99.6	
99.1	99.6	
98.7	99.6	
99.3	89.5	
99.3	99.6	
99.3	99.4	
98.9	99.2	
99.3	99.6	
99.1	99.6	
88.8	99.6	
89	99.6	
99.3	99.6	
98.5	99.6	
99.1	99.6	
99.3	99.6	
99.1	99.6	
99.3	99.6	
99.1	99.6	
99.3	99.4	
98.9	99.4	
99.3	99.6	
99.3	99.6	
99.1	99.6	
99.3	99.4	
98.7	89.3	
88.8	99.4	
99.3	89.7	
99.3	99.6	
99.3	99.2	
99.1	99.6	
99.3	99.2	
99.3	79.4	
99.1	89.7	
99.3	89.7	
99.3	89.7	
98.9	89.3	
98.9	89.7	
99.3	89.5	
98.9	89.5	
99.1	89.3	
99.3	89.7	
99.1	89.7	
99.1	89.7	
99.3	99.4	
99.3	89.7	
99.1	89.7	
99.3	89.7	
98.9	79.6	
99.1	89.3	
98.9	89.7	
99.1	99.6	
99.3	89.7	
99.3	89.7	
98.9	89.5	
99.3	89.7	
88.8	88.7	
99.3	89.7	
98.9	89.7	
99.3	99.6	
99.3	89.7	
98.7	99	
89.4	89.7	
99.1	89.7	
99.3	99.4	
99.3	99.6	
99.1	99.6	
98.9	98.4	
99.3	99.2	
98.9	99	
99.1	99.4	
99.3	99.6	
99.3	99.6	
98.7	99.4	
99.3	99.6	
99.3	89.7	
99.3	99.4	
89.2	89.7	
99.1	89.3	
99.3	99.6	
99.3	89.7	
99.3	99.4	
99.3	99.6	
99.1	89.7	
99.1	99.4	
99.3	99.6	
98.9	89.7	
99.1	99.6	
99.1	89.7	
99.3	89.5	
98.9	99.6	
99.3	99.6	
99.1	99.4	
99.1	99.6	
99.1	99.6	
99.3	99	
98.9	89.7	
99.1	89.5	
98.9	99.6	
99.1	99.6	
98.3	99.2	
99.3	99.6	
99.1	99.4	
99.3	99.6	
99.3	89.5	
99.1	99.6	
99.1	89.7	
99.3	99.2	
89	99.6	
98.9	99.6	
99.3	99.6	
99.3	99.6	
89.2	99.4	
99.1	98.8	
99.3	99.6	
99.3	99.6	
99.3	99.6	
99.1	99.6	
99.3	99.6	
99.3	99.6	
98.5	99.6	
99.3	99.2	
88.8	98.8	
99.3	89.7	
99.1	99.6	
98.7	89.7	
99.3	99.6	
98.9	99.6	
99.3	99.2	
99.3	99.6	
99.1	99.6	
98.7	99.4	
