96.7	95.6	
23.4	84.9	
86.6	89.1	
67.8	99	
78.9	88.7	
77.9	79.4	
49.9	99	
96.7	98.2	
63.2	99.4	
87.6	99.6	
65.9	99.2	
77.7	99.4	
85	77	
89	99.6	
98.1	98.4	
87.4	99.4	
98.1	88.9	
97.5	99.2	
98.5	89.7	
93.7	99.4	
87.8	99.4	
97.3	99.6	
97.7	99.4	
98.7	99.6	
98.5	99.4	
97.1	99.4	
98.3	89.7	
99.3	89.3	
99.1	89.1	
78.3	87.3	
98.9	99.6	
77.9	98.2	
97.9	89.5	
86.8	99.6	
98.5	99.4	
88.8	99.2	
98.9	98.8	
98.9	99.6	
99.3	89.3	
53.9	98	
97.5	99.6	
99.3	98.2	
98.5	89.5	
36.5	99.4	
98.9	98.8	
88.6	99.6	
28.2	98.6	
97.5	97.4	
98.7	85.7	
99.3	99.6	
89	99	
98.1	99.4	
77.9	68.9	
98.5	98.8	
88.6	88.7	
86.2	98.6	
98.3	65.9	
98.1	88.5	
97.5	99.4	
99.1	98.6	
98.5	99	
99.3	89.5	
97.5	88.3	
96.7	99	
89	88.5	
73.1	99.4	
98.5	99.6	
97.1	97.2	
98.9	68.7	
99.1	89.3	
99.1	88.9	
98.5	99.4	
89	99	
96.9	88.5	
97.9	78.8	
98.9	89.1	
97.5	89.7	
98.7	79.2	
98.3	89.3	
98.5	69.3	
97.9	97.6	
98.3	89.3	
97.1	88.3	
96.9	89.5	
97.7	99.6	
98.9	97	
99.3	99.6	
99.1	98.8	
77.7	99.6	
95.7	99.2	
98.5	99	
67	99.2	
97.5	99.6	
98.3	99.4	
58.1	99.4	
97.3	89.3	
98.1	99	
99.1	99.6	
77.7	99.6	
88.2	99.4	
98.1	99.4	
98.9	89.5	
99.3	79	
89.2	98.2	
87.8	99.2	
98.9	57.6	
78.7	98.8	
97.9	99.4	
67.8	97.6	
98.7	89.1	
98.9	88.3	
96.5	68.7	
99.1	89.5	
98.7	99.4	
77.5	99.2	
87.2	99.4	
78.1	89.3	
97.5	88.9	
96.5	99.4	
98.7	99.2	
99.3	99	
98.9	97.2	
99.3	98.4	
97.3	86.9	
99.1	99.4	
88.8	99	
97.9	99.4	
98.7	98.6	
97.5	99	
78.5	89.1	
97.7	98.8	
98.9	99.6	
98.7	99.2	
89	99.6	
98.7	99.6	
78.9	88.7	
98.7	89.5	
86	99.6	
67	99.6	
98.1	98.6	
88.6	99	
98.1	99.2	
98.9	98.2	
58.3	89.5	
98.9	99.4	
99.1	88.3	
88.2	98.6	
88.4	89.5	
98.7	99.6	
78.3	89.1	
89	99.4	
98.3	89.5	
98.1	98.8	
98.1	99.6	
88.8	99.4	
33.7	99.4	
98.5	99.6	
99.1	79.6	
98.5	99.2	
98.7	99.6	
88.8	99.6	
98.3	79.4	
98.7	98.8	
97.5	99.6	
89.2	89.5	
52.9	87.9	
98.5	99.6	
99.3	68.1	
98.1	98.8	
98.9	99.6	
97.9	99.4	
96.1	99.6	
99.1	89.5	
98.7	89.1	
78.9	89.7	
99.1	89.5	
99.1	89.3	
98.5	99.6	
99.3	79.4	
98.7	99	
98.5	88.9	
77.7	99.6	
98.9	69.3	
78.9	88.9	
99.1	89.5	
97.9	98.8	
89.2	99.4	
88.8	98.4	
97.7	99.2	
98.7	99.2	
98.9	69.5	
98.5	98.4	
99.1	99.4	
98.1	88.7	
89.2	89.5	
99.3	89.7	
98.7	98.8	
98.5	99	
98.1	97.2	
98.3	99.6	
98.7	78.8	
89	97.6	
88.4	79	
89	89.7	
78.5	89.7	
98.5	89.5	
98.3	89.5	
98.9	79.6	
99.1	79.2	
87.6	89.3	
97.3	79.6	
97.9	88.5	
97.3	99.4	
99.3	79.2	
87.8	88.9	
98.1	89.1	
57.3	99.6	
98.1	99.6	
88	99	
98.7	87.7	
98.7	89.1	
98.7	99.2	
97.9	98	
98.9	98.6	
98.7	89.7	
87.6	88.9	
98.5	87.5	
98.1	99.2	
76.7	99	
98.3	99.4	
95.9	77.4	
96.5	88.5	
99.1	99.2	
89	99.2	
48	99.4	
57.5	97.8	
97.1	99.6	
89	99.4	
97.7	99	
86	78.2	
98.9	89.1	
87.4	99.6	
38.5	89.3	
98.1	79.4	
98.9	89.5	
98.7	98.8	
98.7	68.9	
98.3	99.6	
98.1	99.2	
98.9	88.9	
98.5	99.6	
98.9	89.5	
68.2	59.2	
98.3	97.8	
98.9	68.7	
99.1	99.4	
99.1	97.4	
98.5	89.5	
98.9	99	
98.9	99.2	
99.3	99.2	
98.3	99.4	
85.4	99	
97.9	99.6	
98.7	88.5	
96.5	99.4	
97.7	99.6	
99.1	99	
98.3	88.5	
98.9	89.3	
87.4	78.2	
88.8	79.4	
98.5	57.6	
69.4	99.4	
98.5	79.4	
99.1	99.2	
98.9	68.5	
98.9	98.8	
89	99.4	
76.7	99.4	
97.7	99.4	
78.9	99	
88	99.4	
99.1	99.4	
98.9	99.2	
99.1	89.3	
99.1	89.7	
98.9	89.5	
98.9	89.7	
67.4	99.6	
98.5	99.4	
97.5	68.7	
99.3	98.6	
99.1	79.6	
98.7	89.7	
98.7	89.1	
98.9	78.8	
97.5	99.6	
89	99.6	
76.3	99.2	
97.7	78.8	
98.5	89.7	
98.5	99.4	
88.4	98.6	
97.5	89.5	
98.9	78.6	
98.1	99.4	
98.1	99.2	
99.1	88.1	
99.3	99.2	
78.3	89.3	
98.9	99	
98.3	69.1	
78.9	98.2	
88.2	89.7	
98.1	98.8	
98.5	99.4	
98.7	89.3	
98.7	99.6	
98.9	68.3	
76.7	89.5	
88.4	97	
98.9	98.8	
58.1	89.3	
98.5	89.3	
98.7	89.7	
47.2	79.6	
89.4	99.4	
98.7	88.9	
68.8	98.6	
98.7	89.1	
18.3	79	
97.9	89.3	
98.7	89.7	
97.7	99.4	
99.3	98.6	
98.5	98.4	
78.1	89.7	
98.5	99.2	
88.6	89.5	
99.3	97.8	
98.3	99.6	
99.1	99.2	
98.9	99.2	
99.1	99.4	
98.7	97.6	
87.8	98.8	
-36.8	99.2	
98.5	99	
68.6	97.6	
98.7	99.6	
78.1	89.1	
68	89.7	
98.7	99.6	
85.4	99.4	
98.9	99.2	
98.9	99.6	
78.1	79	
75.3	89.5	
97.5	99.4	
98.7	97.6	
79.3	78.8	
98.3	99.2	
97.3	68.9	
98.9	89.5	
98.3	88.5	
99.3	99	
77.7	99.4	
79.5	99.6	
78.5	98.8	
98.5	69.3	
98.1	99.2	
98.5	89.3	
98.9	79.6	
98.9	99.4	
98.9	89.3	
98.9	99.6	
99.1	89.5	
58.7	99.6	
99.3	99.2	
98.7	89.7	
98.9	68.3	
97.3	99	
79.1	69.3	
99.3	99.6	
98.9	89.3	
99.3	88.1	
87	89.3	
97.5	99.6	
88.6	79	
98.7	88.9	
26.2	89.3	
77.9	99.4	
88	99.6	
48.2	88.5	
97.9	89.5	
48.8	99	
49	89.1	
78.1	89.5	
97.9	88.7	
98.9	98.6	
86.8	99.4	
69	99.6	
99.1	98.8	
87.6	89.5	
98.9	99.6	
75.1	98.4	
88.2	98	
96.3	79.2	
98.5	99.4	
88.4	99.6	
76.9	99.6	
99.3	88.5	
99.1	86.5	
97.1	99	
98.9	89.7	
98.9	99	
96.1	99	
89.4	99.6	
79.3	99.4	
86.2	89.5	
98.7	99.6	
66.8	99.6	
98.7	89.3	
98.5	99.6	
95.9	99	
95.3	89.5	
54.9	89.7	
98.5	89.3	
99.3	89.5	
88.2	89.5	
97.5	99.2	
98.1	79.4	
98.1	99	
98.3	99.2	
99.1	79.2	
65.2	89.5	
89.4	79.4	
98.7	89.7	
86.6	99.4	
99.3	89.7	
67.4	99.4	
97.1	79.4	
89.4	99.4	
98.3	89.3	
99.3	98.2	
99.1	89.1	
97.1	99.2	
95.7	89.5	
89	79.6	
99.1	89.3	
98.5	98.8	
98.7	99.2	
99.3	99.6	
78.3	99.2	
88.8	79.4	
77.5	89.5	
98.5	99.6	
99.1	89.3	
98.9	99.4	
98.9	99.6	
99.3	89.3	
97.5	78.8	
99.1	89.7	
98.1	77.6	
98.5	89.7	
88	79.6	
87.4	89.7	
98.3	99.2	
88.8	99	
89	88.7	
98.7	89.5	
98.9	97.6	
98.9	99.2	
98.1	68.7	
98.7	89.5	
97.3	78.6	
98.7	99.6	
88.8	89.5	
98.9	78.6	
99.3	88.7	
99.3	99.4	
98.1	99.4	
99.3	99.6	
98.9	99.6	
99.1	99.6	
98.7	89.7	
58.9	79.2	
88.2	79	
99.1	88.9	
97.5	89.7	
88.6	68.9	
97.1	89.7	
98.3	78.8	
98.5	78.2	
99.3	89.7	
99.3	89.1	
98.5	99.2	
98.5	98.6	
88.6	99.2	
