64.4	89.7	
76.7	94	
96.7	88.9	
97.7	89.5	
76.3	99.4	
88.6	99.4	
78.5	99.2	
93.9	99.2	
97.5	89.5	
98.3	99.4	
88.8	99.4	
76.7	99.6	
97.1	99.6	
98.9	99.2	
99.1	99.2	
98.3	99.6	
98.9	99.4	
79.1	99	
98.9	99.6	
99.3	99.4	
97.7	99.6	
98.9	99.4	
99.3	99.6	
89	89.1	
98.9	99.2	
88.6	99.2	
99.1	99.6	
78.7	89.7	
99.3	99.6	
98.3	99.4	
99.1	89.7	
98.7	99.4	
98.7	89.3	
98.3	89.3	
78.7	78.8	
99.1	99.6	
99.3	99.6	
99.3	88.9	
99.3	99.2	
99.3	89.3	
77.3	99.6	
98.9	89.7	
98.3	88.7	
98.5	99.6	
98.9	99.2	
98.7	99.6	
99.3	89.7	
98.7	99.6	
88.8	99.6	
88.8	99.4	
98.9	98.8	
99.1	89.3	
88.6	89.3	
98.9	98.8	
97.7	99.6	
99.3	79.6	
88.8	99	
79.1	89.7	
99.3	89.3	
99.3	89.7	
78.9	89.3	
97.5	79.6	
98.7	99.4	
99.3	99.6	
98.3	89.1	
98.1	99.6	
97.3	99.6	
97.9	99.2	
99.1	99.2	
88	99.6	
98.3	99	
88.8	89.7	
96.3	89.3	
89.2	99.6	
89	89.1	
98.5	99.6	
68.6	99.6	
99.1	89.3	
78.9	99.4	
99.3	89.7	
98.9	99.6	
99.3	99.4	
98.9	89.7	
67.8	89.5	
98.9	99.6	
98.9	89.5	
89.2	99.4	
98.7	99.4	
99.1	99.4	
99.3	99.4	
98.7	99.4	
99.1	99.6	
99.1	99.6	
97.9	89.7	
98.9	99.2	
99.1	99.4	
88.4	89.5	
78.5	99	
98.9	99.6	
99.1	89.7	
89	99.6	
99.1	99	
89.2	99.4	
99.1	99.2	
98.9	89.3	
98.7	79.4	
78.7	88.5	
99.1	99.4	
98.7	98.8	
98.5	89.7	
98.9	89.5	
98.7	99	
99.1	99.6	
99.3	99.6	
99.1	99.4	
99.1	99.4	
88.8	99.2	
98.3	99.4	
79.3	98.8	
98.9	99.6	
89.2	99.6	
99.1	99.6	
88.8	99.4	
99.3	99.6	
99.1	99.4	
98.9	89.5	
98.1	89.7	
99.1	99.6	
99.1	99.6	
99.1	99.4	
99.3	79	
98.5	79.2	
99.3	99.4	
58.7	99.6	
98.9	99.6	
98.5	79.2	
99.1	88.1	
99.1	98.8	
88.8	99.6	
99.1	89.5	
99.3	99.4	
99.3	99.6	
99.1	99.4	
79.5	99.4	
97.5	99.6	
98.7	99.6	
98.9	99.4	
99.1	69.3	
98.9	89.3	
98.7	99.4	
89.2	79.2	
98.7	89.5	
98.9	69.1	
99.1	89.7	
98.7	79.2	
99.1	89.7	
98.9	89.7	
99.1	89.7	
98.7	88.9	
98.9	99.6	
89	89.7	
99.1	89.1	
98.9	99.6	
99.1	89.7	
98.5	69.5	
98.7	89.7	
98.9	68.9	
99.1	87.5	
98.5	89.7	
98.1	99.4	
99.1	99.4	
98.5	89.5	
98.7	99.2	
99.3	89.7	
99.1	98.6	
98.3	99.6	
98.7	89.1	
99.3	99.4	
98.7	99.2	
98.3	89.3	
88.8	99.6	
99.3	99.2	
99.1	99.4	
99.3	99.2	
99.3	99.6	
98.7	99.6	
98.5	99.6	
98.7	99.4	
88	99	
88.8	99.2	
89.2	99	
99.1	98.8	
99.1	89.5	
98.1	99.6	
98.7	89.5	
99.3	99.4	
88	99	
98.3	99.4	
99.1	88.3	
98.5	99.2	
99.1	99	
78.5	99.6	
99.1	99.6	
99.3	99.2	
99.3	99.6	
99.1	88.9	
99.1	99.2	
99.1	99.2	
99.3	89.1	
98.7	98.2	
89	99.6	
98.7	88.7	
99.1	99.6	
98.5	99.6	
99.3	99.6	
88	99.2	
99.3	89.7	
89.4	88.9	
98.9	78.8	
98.9	99.6	
98.7	89.1	
98.9	99.4	
98.9	89.5	
99.3	99.4	
89.2	99.4	
98.5	89.1	
97.9	99.4	
98.9	99.2	
99.1	99.6	
99.3	98.2	
99.1	99.2	
98.9	99.6	
98.7	99.6	
79.3	79	
89.2	89.7	
79.5	89.7	
99.3	89.1	
89.4	89.3	
98.5	89.7	
89	79.6	
98.7	89.7	
98.3	79.6	
98.9	89.5	
99.1	79.2	
99.1	79.4	
99.1	89.5	
88.4	78.8	
99.3	98.8	
98.9	78.8	
99.3	89.7	
99.1	89.7	
88	99.6	
79.3	89.7	
99.3	99.2	
88.4	99	
98.9	99.4	
88.6	98.6	
88.6	99.6	
99.3	99.4	
89	99.6	
98.9	99.4	
99.1	99.6	
78.5	99	
89.2	99.6	
99.3	99.6	
78.3	89.5	
99.1	99.6	
99.1	99.2	
99.3	99	
99.1	99.4	
99.3	99.4	
99.3	98.8	
99.1	99.6	
98.7	99.4	
89.2	89.3	
98.9	79.4	
99.1	99.6	
89.2	99.6	
88.8	99.4	
98.7	89.7	
99.1	79.4	
98.7	89.3	
98.9	99.4	
98.9	98.8	
98.5	99.4	
99.1	99.6	
98.7	99	
97.7	99.2	
99.3	99.6	
98.3	99.4	
99.1	89.7	
98.5	79.4	
98.7	99.4	
99.1	99.4	
78.1	99.6	
99.3	89.7	
99.1	99.6	
98.7	99.4	
99.3	99.6	
89.2	99.6	
79.3	99.4	
98.9	99.6	
99.3	99.2	
99.3	99.2	
78.7	99.6	
99.1	99.4	
98.9	99.2	
98.5	99.4	
98.9	99.2	
99.3	99.4	
99.3	99.6	
98.7	99.6	
98.7	99.2	
98.3	99.4	
98.9	99.2	
98.9	99.4	
99.3	99.4	
98.7	99.6	
98.7	99.6	
98.7	99.6	
98.3	89.5	
88.8	99.4	
99.1	89.5	
99.3	99.2	
79.5	99.6	
77.9	99.4	
79.3	99.4	
98.3	99.4	
98.9	89.5	
98.9	99.2	
88.8	99.4	
99.1	59.4	
99.1	99.6	
88.8	99.4	
89	99.6	
98.5	99.6	
98.7	99.4	
98.5	99.6	
99.3	99.4	
98.9	89.5	
98.9	99.6	
99.3	99.2	
99.3	89.5	
98.9	99.6	
98.7	99.6	
99.1	99.6	
78.1	99.4	
99.1	99.6	
99.1	99.6	
99.1	89.3	
98.9	99.6	
89.2	99.4	
98.3	99.4	
99.3	99.2	
89.2	99.6	
98.7	79.2	
98.7	99.6	
88	98.6	
98.7	99.6	
99.3	99.6	
88.6	89.1	
99.3	89.7	
98.9	99.6	
99.3	89.7	
98.9	89.3	
97.7	99.2	
97.9	99.4	
79.1	89.7	
99.3	99.4	
99.3	99.4	
78.9	99.4	
99.3	99.4	
88.8	99.6	
79.1	99.4	
99.3	99.6	
98.9	89.5	
99.1	89.7	
99.3	99.2	
98.3	99.6	
98.5	89.7	
99.3	89.7	
98.5	89.3	
99.1	99.6	
99.1	99.4	
99.3	99.4	
98.9	99.2	
98.3	89.5	
99.3	99.6	
98.7	99.6	
98.9	79.2	
98.7	79	
99.3	89.7	
98.3	99.6	
47	99.4	
99.1	89.5	
99.3	99.6	
99.3	99.6	
97.5	99	
98.9	99.2	
98.9	99.4	
99.1	99.2	
99.1	99.4	
59.1	89.3	
98.5	99.6	
99.1	89.1	
98.9	99.4	
99.1	99.2	
98.7	99.6	
98.9	98.8	
68.8	89.5	
88.8	99.6	
99.3	88.5	
98.5	99.2	
97.5	98.8	
88.6	99.6	
88.4	99.6	
99.3	99.6	
98.9	99.4	
98.9	87.9	
99.1	79.2	
98.7	89.7	
98.9	99.6	
97.9	99.4	
98.9	99.6	
98.9	89.1	
89.2	99.4	
88.4	89.5	
98.1	99.6	
98.7	99.4	
78.9	89.3	
98.9	89.5	
98.7	99	
99.3	88.9	
99.1	88.9	
98.7	99.4	
88.4	89.7	
98.9	99.4	
98.5	99.6	
98.7	99.6	
88.6	99.4	
99.3	99.4	
97.9	99.4	
99.3	89.5	
99.1	99.2	
98.7	99.6	
98.9	99.6	
98.9	99.4	
99.3	97.6	
99.1	89.5	
98.9	89.5	
99.1	99.6	
99.1	89.1	
95.5	99.2	
96.5	99.4	
98.9	89.5	
99.3	99.2	
98.5	99.6	
89.2	99.6	
86.6	99.4	
99.1	89.1	
99.3	89.1	
89	89.7	
89	89.7	
99.3	99.4	
99.3	99.6	
98.5	99.2	
98.9	99.6	
98.3	99.6	
89	89.5	
79.1	89.5	
88.4	99.6	
98.5	89.5	
99.1	99	
98.7	99.6	
88.6	99.4	
99.1	89.3	
99.3	89.1	
99.1	89.3	
99.3	99.4	
98.7	99.6	
98.3	98.8	
99.3	79.4	
99.3	99	
79.3	68.7	
99.1	99	
98.3	89.7	
99.3	89.1	
99.1	89.1	
89.4	89.7	
98.9	89.7	
98.7	89.7	
99.3	79	
88.4	99.6	
98.9	98.8	
98.9	89.7	
99.1	89.5	
99.1	89.7	
99.1	88.9	
99.1	89.5	
98.5	88.7	
