83.2	99.6	
98.9	99.6	
89.4	96.8	
84.6	98.8	
95.3	89.5	
89.2	99.6	
98.9	98.8	
98.5	99	
98.3	99.6	
67.6	68.5	
98.1	99.6	
97.5	99.6	
99.3	89.1	
86.2	79.4	
96.3	99.2	
99.3	99.4	
97.3	99.4	
97.1	78.6	
98.9	89.1	
89.2	88.9	
89.2	98.8	
99.1	89.1	
99.3	89.5	
99.1	89.7	
98.3	67.7	
98.5	88.9	
98.7	99.6	
89.4	89.3	
98.7	88.5	
88.6	99.6	
98.5	98.8	
98.7	89.5	
98.9	79.4	
88.6	89.7	
89.2	79.4	
89	89.1	
89	99	
98.1	89.5	
65.2	99.6	
75.9	97.8	
99.1	99.4	
98.5	99.6	
69	99.4	
88.8	99.6	
98.5	99.6	
98.9	99.4	
99.1	99	
88.4	98.6	
99.1	88.9	
99.1	99.6	
99.1	78.4	
99.3	99.6	
97.7	99.6	
97.1	88.9	
98.9	99.4	
99.1	89.7	
97.3	89.7	
89	78.6	
98.3	89.7	
97.5	98.8	
97.3	97.4	
99.3	78.8	
98.3	89.1	
89.2	99	
98.3	99.6	
88.4	89.1	
98.3	99.6	
98.5	99	
99.1	99.6	
98.3	99.4	
67.4	98.8	
98.9	89.7	
99.3	99.4	
99.3	89.3	
99.1	99.6	
98.9	99.2	
88.8	99.4	
99.1	99.6	
99.1	99	
99.3	99.2	
99.1	98.8	
98.9	99.2	
98.7	98.8	
98.7	99.2	
98.9	99.4	
98.7	99.6	
99.3	99.6	
98.7	99	
98.5	99.2	
99.3	89.5	
98.5	99.6	
98.1	99.6	
99.1	89.3	
89.4	99.2	
98.9	89.1	
98.9	89.7	
98.5	99.2	
98.7	98.6	
99.3	78.4	
99.1	88.9	
68.8	98.2	
59.1	99.4	
98.7	95.8	
89	97.4	
88.6	99	
99.3	99.6	
97.9	89.7	
98.1	89.5	
98.5	88.5	
89.2	89.3	
98.7	99.6	
99.3	99.4	
97.9	99.4	
89.4	99.4	
89.2	99.6	
98.9	89.7	
98.9	89.7	
99.1	89.7	
98.5	89.7	
79.5	89.1	
98.9	88.7	
89	99.6	
98.9	89.3	
99.3	89.3	
99.1	87.9	
99.1	89.7	
99.3	79.2	
98.1	89.5	
88	79.4	
98.7	79.2	
99.3	99.6	
98.7	79.4	
99.1	68.9	
98.9	89.7	
99.1	79	
88.4	98.4	
98.7	89.1	
99.1	89.7	
98.9	89.7	
99.3	79.6	
89	89.7	
68.8	89.5	
99.1	89.7	
99.3	89.7	
79.1	99.2	
89.4	88.9	
98.7	89.7	
99.3	89.3	
99.3	79	
99.3	89.7	
99.1	89.7	
99.1	89.7	
99.3	89.3	
99.3	79	
99.1	89.5	
98.1	98.6	
99.3	99.4	
98.9	89.7	
99.3	89.3	
98.5	89.5	
98.5	79.6	
99.3	89.7	
98.7	79.2	
89	89.1	
89.2	89.7	
89.2	78.2	
99.1	89.3	
99.1	89.7	
98.9	89.7	
88.8	89.5	
98.9	89.7	
98.5	89.5	
49.2	89.7	
98.5	78.4	
79.5	89.7	
48	79.6	
99.1	89.7	
98.7	89.7	
98.5	89.7	
45.2	69.3	
89.4	79.6	
79.1	89.7	
89.2	69.3	
89	79	
89.2	99.4	
58.3	99.6	
98.1	99.6	
96.7	87.1	
98.7	79.4	
98.7	78.4	
78.9	79.6	
98.3	89.1	
98.1	89.5	
99.3	89.7	
87.8	89.7	
79.1	78.8	
88	89.5	
98.9	89.5	
98.7	89.5	
99.1	99.2	
78.5	79.4	
98.9	99.6	
97.9	89.7	
98.9	89.3	
98.9	89.3	
98.3	99.4	
99.1	99	
88.4	99.6	
99.3	99.6	
99.1	89.3	
98.7	99.6	
99.3	88.5	
99.3	99.2	
78.9	88.9	
87.2	99.2	
99.1	99.6	
99.1	98.8	
99.3	98.6	
89.2	99.6	
98.7	99.6	
87.6	99.4	
98.1	99.6	
98.9	89.5	
98.7	99.6	
99.1	99.6	
99.3	99.6	
99.3	89.1	
98.9	69.1	
98.3	57.2	
99.1	89.7	
99.1	98.8	
89.2	99.6	
99.1	99.4	
98.9	99.6	
99.1	89.3	
98.9	89.7	
99.1	89.5	
99.3	99.2	
98.9	89.5	
98.9	99.2	
98.9	98.2	
98.9	77.6	
98.9	89.3	
99.1	89.3	
98.7	98.8	
98.9	89.7	
98.9	89.3	
99.1	88.9	
99.3	77	
98.5	79.4	
99.3	78.6	
98.9	89.5	
98.9	69.1	
99.1	89.7	
98.9	89.7	
98.9	99.6	
99.1	89.5	
98.5	89.7	
99.1	89.7	
99.3	89.5	
99.1	79.6	
98.9	69.5	
96.9	89.7	
89.4	88.9	
99.1	99.4	
87.6	89.3	
99.3	98.6	
99.1	99.2	
99.1	89.3	
99.3	99.2	
88.4	99.4	
99.1	99	
98.7	99.2	
99.3	88.9	
99.1	89.7	
99.3	89.7	
99.3	68.3	
98.9	89.7	
98.9	89.7	
98.7	99.6	
98.5	99.6	
98.3	89.7	
99.3	79.6	
99.1	99.6	
98.5	99.6	
99.3	97.8	
97.7	99.6	
98.9	88.9	
98.5	99.4	
99.1	99.4	
98.5	89.7	
98.5	89.5	
99.1	89.1	
99.3	99.4	
98.9	99.6	
99.1	99.4	
99.1	99.4	
99.1	99	
99.1	88.9	
98.9	79.2	
99.3	89.5	
98.3	99.6	
99.1	89.7	
88.2	89.7	
98.9	99.6	
98.7	99.4	
79.3	99.4	
69.4	89.7	
69.2	88.9	
99.3	99.6	
98.9	79.6	
98.1	99.2	
99.3	99.4	
99.1	99.2	
98.5	99.6	
98.9	98.8	
98.5	99.6	
88.6	99.2	
97.9	99.4	
78.9	88.7	
98.7	89.7	
98.9	89.7	
98.9	99.4	
99.1	99.4	
98.7	99	
98.1	99.4	
98.9	78.8	
98.7	89.5	
99.3	79	
99.3	98.4	
99.3	99.6	
98.5	99.4	
98.9	99.4	
88	99.6	
97.9	79.4	
89.2	99.6	
98.7	89.7	
99.3	99.4	
99.3	99.6	
99.3	99.4	
88.6	89.1	
99.3	99.4	
99.1	99.6	
99.3	89.3	
98.5	99.2	
89.2	99.6	
98.7	89.5	
97.9	79.6	
98.9	89.7	
99.1	99.6	
89	89.7	
99.1	99.2	
99.3	79.6	
99.3	89.7	
99.1	89.5	
98.9	88.9	
99.1	99.4	
99.3	89.5	
99.3	99.6	
79.1	99.6	
98.9	89.3	
98.5	79.4	
89.2	79.2	
98.9	99.6	
97.5	98.8	
98.3	99.6	
98.7	99.4	
99.3	89.3	
97.9	88.7	
99.3	99.6	
97.3	99.2	
98.9	99.4	
79.1	99.2	
99.1	99.6	
88.8	99.2	
88.8	99.4	
98.3	99.4	
98.9	99.6	
77.9	99.6	
69	99.6	
99.1	88.9	
89.2	99.2	
88.6	99.4	
98.7	99.6	
99.3	99.6	
98.7	78.8	
98.7	99.6	
98.9	78.6	
98.9	68.9	
98.9	89.7	
99.1	79.6	
88.8	89.5	
98.9	89.7	
99.3	58.4	
88.8	99.2	
99.1	99.2	
98.9	99.6	
99.3	99.6	
99.1	99.6	
78.7	99.4	
99.1	99.4	
99.1	89.7	
89	99.6	
99.1	99.6	
57.9	99.4	
87.6	99.4	
99.1	89.1	
99.1	67.3	
98.9	89.3	
97.5	89.5	
98.9	98.8	
98.9	89.5	
89.2	99.6	
98.9	99.4	
99.1	99.4	
79.1	99.2	
99.1	89.1	
17.1	69.3	
98.9	89.1	
98.5	99	
98.1	98.6	
99.1	99.2	
99.3	88.1	
68.4	98.2	
88.6	99.4	
98.5	99.2	
99.3	79.2	
98.9	99.2	
98.9	99.2	
98.5	79.4	
97.5	99.4	
98.9	98.4	
98.5	68.7	
79.3	99.2	
78.7	89.7	
99.3	99.6	
87.6	88.7	
79.3	97.4	
89.4	97.6	
89	99.6	
58.3	99.6	
79.3	99.2	
97.9	98.8	
98.5	89.5	
99.1	99.2	
98.5	98.6	
98.5	99	
98.3	99.2	
76.1	99.6	
97.5	99.6	
98.1	99.6	
99.3	98.6	
98.9	99.4	
98.7	99	
99.3	99.6	
89.4	89.5	
98.9	89.5	
98.9	99.4	
98.5	98	
98.1	89.7	
98.3	99.6	
98.1	99.2	
78.7	89.3	
89.2	88.9	
69	89.5	
98.7	89.7	
99.1	89.3	
99.1	99.4	
98.9	99.6	
99.1	89.7	
98.9	99	
98.9	99.4	
98.9	99.4	
99.1	99.2	
98.7	99.6	
99.3	99.6	
98.5	99.4	
99.3	99.6	
99.3	99.6	
89.4	99.6	
98.7	99.2	
97.7	99	
98.9	99.6	
98.9	99.4	
99.3	89.5	
98.3	99.6	
89.4	89.3	
98.7	99.6	
97.7	89.1	
99.1	89.7	
99.1	79.6	
99.3	89.5	
98.9	89.3	
88.8	79.2	
88.6	89.5	
79.3	68.9	
99.3	89.7	
98.1	89.7	
98.7	89.3	
99.1	89.1	
