76.1	86.7	
58.7	88.3	
65.2	79.6	
92.5	97.6	
70.5	99.2	
98.5	98.6	
98.5	99.2	
87	89.3	
98.3	88.7	
98.1	89.5	
98.5	99.4	
58.1	85.9	
98.9	89.5	
97.9	88.7	
93.5	99.2	
98.5	79.6	
98.7	99.2	
78.1	99.2	
97.9	99.6	
98.3	99.6	
95.5	99.4	
78.1	99.2	
97.3	99.4	
98.7	87.1	
96.1	98	
97.3	87.9	
97.7	99.6	
64	88.9	
88.8	99.2	
99.1	99.2	
89.2	98.8	
98.7	98.6	
98.1	88.9	
98.3	98.2	
99.1	89.3	
65.8	79.6	
98.9	99.4	
98.7	99.2	
88.2	97.8	
98.7	98.8	
97.7	99.4	
75.5	98	
96.9	98.8	
75.3	99	
77.3	98.6	
99.3	98	
98.3	98.4	
77.7	99.2	
88.8	89.7	
87.4	88.9	
89.2	99.4	
77.7	98.8	
98.7	98.8	
54.5	99.6	
96.9	99	
98.7	98.8	
99.3	89.7	
99.1	99.2	
99.1	98.2	
97.5	76.8	
98.9	89.3	
99.1	88.9	
68.6	89.5	
89.2	99.2	
98.3	89.1	
97.5	79.4	
56.1	99.6	
88.4	89.1	
98.9	79.4	
99.3	87.7	
99.1	89.5	
58.5	99.4	
98.5	79.6	
98.9	99.2	
98.5	88.3	
38.3	88.9	
87.2	98.4	
13.3	99.6	
98.7	99.4	
96.7	98.8	
98.1	88.1	
98.7	98.2	
99.1	89.1	
98.5	99.4	
97.9	99.2	
88.6	99	
88.8	88.9	
98.3	89.5	
97.9	99.4	
67.6	98.2	
83.6	99.2	
98.5	89.1	
97.1	89.7	
98.9	89.5	
98.5	88.9	
98.7	99.6	
98.5	99.2	
86.8	78	
87.2	99.2	
88.4	97.6	
97.7	69.5	
76.1	89.5	
99.1	88.1	
96.5	99.4	
97.5	88.9	
99.3	89.7	
96.3	89.7	
86.4	99.2	
98.5	88.7	
98.9	98.2	
98.5	98	
96.7	99.4	
98.5	99.6	
45.8	99.4	
98.7	98.4	
87.6	78.4	
98.9	99.6	
65.8	99.6	
98.5	78.8	
95.9	89.5	
73.5	99.6	
79.1	99.2	
99.3	99.4	
97.9	89.5	
98.1	89.5	
88.2	99	
98.7	98.6	
97.9	89.5	
98.7	99.4	
99.1	99.2	
98.5	89.5	
98.7	89.7	
98.9	99.4	
97.7	88.5	
98.3	99.6	
99.1	78.8	
99.3	79.4	
78.7	79.6	
98.1	99.4	
88	98.8	
89.4	99.2	
99.1	99.4	
98.9	88.7	
98.9	98.6	
78.7	99	
97.7	99	
89.4	99.6	
68.8	98.8	
87.8	87.7	
98.5	99	
97.9	87.7	
87.8	99.6	
97.9	99.2	
87.2	79.2	
88	79.2	
99.1	89.3	
98.3	79.4	
99.1	99.6	
97.9	99.2	
97.9	98.8	
98.3	89.3	
97.1	99	
98.9	89.3	
98.9	89.7	
98.9	99.2	
78.5	99.6	
99.1	89.7	
98.5	99	
88	97.4	
66.6	89.5	
97.9	89.7	
78.3	97.6	
98.9	99.4	
96.7	88.7	
88.6	98.2	
95.3	99.4	
97.9	79.6	
88.6	99.4	
88.2	99.4	
99.1	98.6	
88.2	79.2	
97.9	89.5	
98.5	99	
67.4	99.6	
99.3	99.2	
99.1	99.4	
99.3	88.9	
88.4	89.3	
78.3	99.6	
99.3	89.5	
98.9	99.4	
98.3	79.2	
99.3	99.4	
99.1	89.5	
89.2	89.1	
98.9	89.1	
29	99.6	
98.9	89.5	
97.9	98.4	
98.9	88.3	
77.5	89.5	
96.3	79	
96.7	88.9	
98.5	99.6	
89	58.8	
87	78.8	
97.9	98.6	
88.4	98.2	
97.9	89.7	
97.3	99.6	
88	88.5	
99.1	99.6	
98.7	99.4	
99.3	99.4	
77.9	99	
99.3	99.2	
99.1	98.4	
99.1	99.4	
46.6	98.6	
98.5	89.3	
77.3	99.4	
88.8	88.9	
98.1	99.4	
98.9	79.2	
98.9	99	
86.8	99	
97.3	99.6	
99.3	99.2	
98.9	98.8	
99.3	99.2	
98.9	99.6	
88.8	99	
99.3	89.3	
58.7	98.8	
97.7	98.4	
99.1	76.6	
86.2	89.7	
98.5	99.4	
97.5	79.4	
77.3	89.7	
97.7	58.8	
99.3	99.6	
98.3	99.6	
99.1	89.1	
66.8	78.4	
99.1	89.5	
89	98.2	
88.2	99	
98.5	97.8	
89.4	89.1	
97.9	99.4	
99.1	68.5	
68.8	99.2	
87.4	99	
97.9	99	
96.7	67.9	
99.1	89.1	
99.3	68.5	
98.1	58.4	
85.2	79.4	
98.1	99.6	
98.3	99.4	
98.9	89.1	
96.3	89.7	
99.3	89.5	
98.7	97.6	
89	98.8	
68.4	98.8	
15.9	89.5	
98.9	79.6	
76.7	99.6	
98.1	79.4	
97.9	99.6	
96.9	89.7	
97.7	98.8	
88	89.5	
96.9	99.6	
69.4	89.3	
98.7	89.5	
88	99.2	
99.1	99.4	
99.1	78.8	
98.1	69.1	
98.7	89.7	
97.9	98.8	
97.7	99.4	
98.3	98.8	
97.5	88.9	
99.1	99.6	
99.3	99.4	
99.1	89.3	
98.5	99.6	
98.3	99.2	
97.7	98.4	
99.3	89.7	
88.4	99.2	
99.1	99.2	
98.1	89.1	
96.9	99	
95.5	98	
99.3	89.1	
99.3	89.1	
87	99.2	
98.9	89.1	
99.1	98.4	
98.3	99.6	
99.1	69.5	
79.1	98.8	
98.9	99.6	
97.7	99.4	
98.7	99.2	
84.6	79.2	
98.3	89.3	
77.7	88.5	
97.3	99	
68	99	
98.9	89.5	
88.8	89.1	
99.3	99.6	
47.6	99.6	
97.9	99.4	
89.2	99.6	
98.7	89.3	
89	98.2	
99.1	89.7	
77.3	98.4	
96.1	89.5	
99.1	88.9	
98.5	99.4	
99.1	99.4	
98.9	89.5	
98.5	86.3	
89.2	78.8	
98.3	99.6	
88.4	99.4	
97.5	89.7	
99.3	97.2	
88.4	99.6	
93.1	98.8	
99.1	99.4	
88.4	89.7	
87.6	98.2	
99.3	89.5	
77.5	97.2	
97.5	99.6	
75.5	99.4	
98.9	98.4	
98.7	99	
98.9	79.4	
79.1	98.8	
96.7	89.3	
47.6	89.7	
99.3	89.5	
99.3	89.7	
99.1	89.7	
89	89.3	
98.3	89.7	
79.1	88.5	
99.1	89.3	
96.3	89.5	
98.7	89.7	
98.7	79.6	
99.1	89.5	
98.7	89.5	
78.5	88.9	
96.9	99.2	
99.3	88.9	
88.2	46.9	
98.9	88.7	
98.1	68.5	
88.4	99.6	
98.7	98.4	
98.9	88.5	
66	98.8	
96.9	89.1	
98.9	88.5	
78.9	99.6	
76.5	78.4	
98.7	99.6	
78.1	99.2	
88.8	99.4	
87.6	99.6	
68.8	89.3	
96.9	99.6	
87.8	89.3	
96.7	98.8	
58.3	88.5	
98.9	89.7	
98.9	99.6	
98.5	89.5	
47.4	89.7	
99.1	99.4	
97.3	67.9	
98.7	88.3	
96.1	99.4	
88.6	98.4	
98.9	89.1	
96.7	99.2	
98.9	98.8	
68.6	88.5	
76.5	98.2	
99.3	99.6	
98.5	99.6	
98.5	99.4	
78.5	89.7	
87.8	69.3	
87.2	99.4	
86	99.2	
58.7	89.1	
67.8	67.7	
89.2	89.5	
98.9	89.1	
68.8	88.3	
99.3	99.2	
97.3	89.3	
46.8	58.6	
88.8	99.2	
97.9	99.6	
96.3	99.4	
98.3	99.4	
98.5	99.2	
78.9	99.2	
98.1	99.2	
66.4	99	
97.1	98.2	
98.5	89.1	
85.8	99.4	
99.1	99.4	
98.7	78	
98.5	77.2	
88.2	99.6	
89	99.6	
78.7	99.2	
77.5	89.3	
77.7	99.4	
98.9	99	
97.1	99.6	
97.9	99.6	
98.9	99.4	
99.1	99.4	
98.9	99	
99.1	98.2	
98.5	99.4	
98.3	99.4	
88.6	99.2	
88.8	89.1	
88.8	78.2	
98.3	99.4	
97.5	98.8	
78.7	88.7	
88.2	89.1	
87.8	98.6	
68.2	88.5	
98.7	88.9	
98.5	87.7	
58.7	89.7	
68	89.5	
98.7	99	
99.1	88.5	
78.7	45.9	
69.4	99.2	
99.3	98.6	
98.5	88.5	
67.4	98.6	
98.9	99.2	
98.3	99.6	
69.2	89.5	
98.9	99.2	
97.1	98.4	
99.3	87.3	
97.7	78.6	
98.7	88.3	
99.3	88.9	
49	99.4	
97.7	99.6	
99.3	98.8	
98.9	99.4	
68.6	99.6	
47.4	99.4	
97.9	97.4	
88	79	
99.1	98.4	
97.9	89.1	
99.3	99	
98.9	98.4	
87.4	98.8	
98.9	98.4	
97.5	97.2	
98.1	99.2	
97.1	98.6	
98.3	88.9	
77.7	89.5	
68.6	89.3	
78.3	96.2	
87.4	98.8	
98.7	99.6	
77.7	99.2	
77.9	89.5	
98.7	99.2	
99.1	89.1	
