77.3	85.9	
53.7	63.1	
73.9	78.6	
36.8	99.2	
32.1	89.3	
97.3	99	
25.2	99.6	
71.3	68.5	
95.9	98.2	
97.3	98.8	
97.7	99	
78.7	99	
95.9	99	
87.4	99.6	
97.5	99.2	
98.3	99.4	
98.3	89.3	
97.3	99	
98.3	99.2	
96.9	88.1	
57.7	79	
97.3	98.8	
96.9	89.7	
96.1	99.4	
98.3	98.4	
98.1	98.8	
98.3	89.7	
89.4	99.6	
98.1	99	
98.3	99.2	
96.5	98.8	
98.5	99.4	
88	99	
98.9	87.9	
78.5	98	
96.3	99.2	
97.3	99.2	
98.1	99.2	
98.7	98.6	
86.8	99.4	
96.9	98	
96.7	99	
88	99.4	
99.1	88.9	
98.5	99.6	
88.6	98	
84.2	98.4	
98.7	89.3	
98.3	99.4	
98.1	88.7	
78.7	98.2	
96.3	98.4	
98.7	97.6	
99.1	99.2	
98.7	89.7	
98.3	99.6	
98.7	89.3	
98.7	99.4	
88.8	98.8	
97.1	98.8	
99.1	99.2	
97.9	99	
98.1	99.4	
99.3	99.6	
98.3	89.1	
97.7	99.4	
99.3	98.8	
98.1	98.4	
99.3	98.8	
98.7	88.9	
98.3	99.6	
99.1	88.5	
98.3	89.5	
98.7	99.4	
99.1	99.2	
98.5	99.4	
89.4	99.6	
95.3	99.4	
97.3	98	
98.7	98.4	
99.3	99.2	
98.5	99	
98.3	88.1	
95.7	69.3	
97.5	99.6	
96.9	89.5	
98.1	88.9	
96.5	99	
79.3	99.6	
96.9	88.9	
98.5	78.2	
97.9	99.4	
88.6	99.4	
78.7	89.1	
98.3	89.7	
98.5	89.1	
98.3	88.5	
98.5	99.2	
98.7	98.6	
99.3	99.4	
98.5	99.4	
97.9	98.8	
98.5	88.3	
96.5	99.4	
99.3	78.6	
98.5	99.6	
98.9	98.8	
98.9	79	
99.1	99.6	
99.1	78.6	
97.7	88.7	
79.1	68.3	
88	99.6	
99.3	88.5	
99.1	88.9	
98.1	89.7	
99.3	79.4	
98.7	38.8	
98.5	99.4	
98.7	99	
97.7	99.4	
99.3	99.4	
98.5	99.6	
59.1	98.2	
99.1	99.4	
58.7	98.6	
98.7	98.2	
96.9	99.4	
87.6	99.6	
98.1	89.5	
98.7	89.3	
99.3	99.4	
88.4	99.4	
98.3	78.6	
99.3	99	
98.1	99.6	
98.9	99	
98.7	98.6	
99.1	99.6	
88.6	89.1	
98.3	59	
89	99.6	
97.1	99.6	
99.1	98.6	
99.3	98.4	
89	79.6	
99.1	99	
97.9	89.5	
97.7	98.8	
99.1	99.6	
98.3	99.4	
98.7	89.1	
98.5	79.2	
97.3	99	
97.7	98.8	
77.9	88.5	
88.8	99.4	
88	88.9	
97.9	89.7	
89	99.6	
58.7	99.2	
88.2	88.9	
99.3	99.4	
98.9	99	
98.1	89.1	
99.1	97.8	
97.3	89.5	
98.9	99.4	
99.3	99.6	
79.1	98.8	
98.9	98	
68.8	98.8	
97.9	89.5	
87.6	89.7	
98.7	99.2	
99.1	89.5	
98.7	89.7	
98.5	99.2	
98.3	78.4	
99.3	98.8	
98.1	99.6	
68.2	98.8	
89.2	99.4	
96.9	98.6	
88	99.2	
98.1	99.2	
98.7	89.5	
17.5	89.7	
99.3	99	
76.7	99.4	
98.9	79.6	
98.5	89.7	
98.9	89.1	
98.9	89.5	
87.6	78.4	
99.1	69.3	
98.7	98.8	
98.3	69.5	
98.5	89.7	
98.9	79.4	
98.9	89.1	
97.5	99.4	
77.3	86.3	
68.4	99.4	
87.4	99.6	
98.5	98.6	
89.4	99.4	
99.1	45.1	
97.7	99	
98.9	89.5	
96.3	99.6	
78.9	89.7	
98.9	99.2	
98.5	77.4	
15.5	99.2	
78.3	98.8	
98.3	79.4	
97.1	99.4	
98.5	89.3	
98.5	99.2	
98.3	89.1	
88.4	89.3	
97.9	89.7	
58.7	78.6	
97.9	89.1	
98.9	79.4	
99.3	98.8	
98.7	79	
98.5	99.4	
98.7	96.8	
89.4	99.4	
98.1	69.5	
98.5	99.2	
99.3	89.7	
97.3	99	
89	99.4	
77.3	98.6	
99.1	89.1	
98.9	89.5	
99.3	88.5	
98.1	79.6	
99.1	98.8	
97.5	89.3	
78.7	78.8	
98.7	79.4	
98.3	89.7	
98.1	98.8	
77.7	89.1	
88	89.7	
98.5	89.5	
96.3	89.7	
85	89.7	
99.3	79	
89.2	89.7	
99.3	89.1	
68	89.3	
98.9	89.7	
89	89.7	
89.4	89.5	
68.6	99.2	
88.8	99.6	
87.2	79.6	
98.5	79.2	
97.3	89.3	
99.3	89.7	
56.7	98.6	
77.9	99.6	
57.5	89.3	
89.2	99.2	
58.9	99.6	
88.6	99.6	
79.5	99.4	
99.3	99.2	
97.1	99.2	
99.1	99.6	
97.9	99	
98.5	99.4	
98.5	99.4	
98.3	99.4	
98.5	99.4	
97.7	89.3	
99.3	99.6	
68.4	99	
98.9	99	
97.9	99.2	
97.5	89.1	
98.1	88.3	
87.6	99.2	
96.9	99.4	
99.3	99	
89	89.5	
38.1	78.8	
97.5	97.6	
99.3	98.4	
98.7	98.8	
88.8	99	
89	99	
98.7	99.2	
89.2	99.4	
99.1	99.6	
79.3	89.1	
88	99	
97.9	99.4	
98.3	99.6	
97.1	99.6	
98.9	88.5	
88.6	99	
98.7	88.9	
95.1	99.2	
77.1	79	
99.1	99.6	
96.5	99.6	
78.5	99.4	
97.7	88.7	
98.7	99.6	
98.9	99.4	
94.9	89.5	
99.1	99.6	
68.2	99	
98.7	88.9	
97.7	98.8	
79.3	78.2	
88.2	99.2	
87.8	99	
89.4	89.1	
99.1	99.4	
89	99.4	
88	99	
98.9	99.6	
78.9	68.5	
98.5	79.4	
98.3	99	
97.7	99.2	
56.7	89.7	
68.2	99.6	
99.3	98.4	
97.1	99.6	
58.9	88.9	
57.3	99.6	
98.7	99.6	
89.2	99.4	
88.2	99.6	
97.9	99.4	
99.1	79.2	
98.1	99.6	
99.3	99.6	
99.3	89.1	
88.8	98.8	
98.9	89.3	
89.2	88.7	
98.7	89.1	
78.7	99.4	
88	99.6	
97.1	99.2	
99.3	89.3	
86	89.3	
97.9	87.7	
88.2	99.2	
99.3	57.4	
67.8	98.8	
98.9	99.2	
98.9	98.4	
98.5	99.6	
89	89.5	
98.9	89.3	
88.4	88.7	
67.6	99.6	
98.9	99	
97.7	99.6	
98.1	89.5	
98.3	99	
98.7	97.2	
99.1	99.6	
58.7	99.6	
88.6	89.5	
98.1	98.6	
99.1	99.4	
98.9	99.6	
98.9	78.8	
38.7	98.4	
98.7	99.2	
98.7	89.1	
99.3	89.1	
47.8	99.2	
98.9	97.6	
78.7	98.6	
87.6	99.2	
98.9	99.2	
78.5	88.9	
89.2	88.3	
98.3	89.7	
97.7	99.6	
99.1	99.4	
97.3	89.3	
58.1	98.4	
87	99.2	
99.1	89.7	
89.2	99.6	
88.6	88.3	
65.8	99.6	
97.7	79.4	
88.2	99.2	
98.1	79.2	
45.6	68.3	
65.4	89.7	
68.2	89.7	
87	89.3	
98.3	89.3	
88.2	88.7	
98.5	99.6	
87	88.7	
99.3	98.6	
89	89.1	
89	89.7	
68.6	88.9	
96.9	98.4	
89	89.5	
98.5	99.4	
78.5	79	
89.2	99.6	
78.9	89.5	
98.5	88.7	
98.5	99.2	
99.3	98.8	
98.3	89.7	
97.1	67.5	
77.7	89.5	
98.9	99.6	
98.1	88.9	
99.3	99.6	
76.7	99.4	
76.3	99	
99.1	99.6	
99.3	89.1	
98.3	89.1	
99.3	98	
79.3	99.6	
98.9	99.2	
88.2	88.5	
98.1	89.1	
68.6	88.5	
99.1	99.6	
88	99.6	
98.7	99.6	
99.1	89.3	
88.8	99.4	
88.6	99.4	
97.7	79.2	
89	98.6	
99.3	79.4	
99.3	99.6	
98.9	89.5	
88.8	89.1	
99.1	89.5	
99.1	99.2	
99.3	98.8	
88.6	99.2	
53.7	98	
78.9	99.4	
89	99.2	
89.2	99.2	
98.7	89.5	
98.3	99.6	
88.8	99.4	
99.1	98	
87.8	89.7	
98.1	89.5	
98.5	89.5	
89.2	99.6	
85.6	79.6	
99.1	99.2	
99.3	78.6	
87	99	
98.9	89.3	
68.6	99.4	
97.7	99.6	
77.1	99.6	
99.1	89.5	
88	99.4	
98.1	88.5	
98.9	89.7	
89	88.3	
84.6	78.4	
98.7	98.6	
98.5	99.2	
98.7	99.2	
37.1	78.4	
89.2	89.1	
98.7	79.2	
99.3	89.7	
99.1	87.9	
98.7	69.3	
89	89.5	
98.9	89.7	
97.9	99.2	
97.3	88.1	
99.1	99.6	
98.5	99.4	
98.9	99.2	
99.1	99.2	
