87	79	
96.5	97	
98.3	98.6	
86.2	99.6	
87	99.4	
87.6	99.6	
99.1	99.6	
97.9	89.5	
98.5	99.6	
99.3	99.6	
78.9	99.6	
99.1	89.5	
99.3	99.6	
77.7	99.4	
98.9	89.3	
99.3	99.4	
98.9	99.4	
99.3	99.6	
99.1	99.6	
98.7	99.2	
99.3	99.6	
98.7	99.4	
99.3	99.6	
98.9	99.6	
78.3	99.6	
99.3	99.4	
98.7	99.6	
99.1	99.4	
99.3	99.4	
98.9	99.4	
78.9	99.6	
99.3	99.6	
98.9	99.6	
98.3	99.6	
89.2	99.6	
99.3	99.6	
99.3	99.4	
99.3	99.6	
99.3	99.6	
99.1	99.6	
98.9	99.4	
99.3	99.6	
99.3	99.6	
98.5	99.6	
99.3	89.5	
99.3	99.6	
78.9	99.2	
99.3	99.6	
98.7	99.4	
99.1	98.4	
98.7	99.6	
99.3	99.6	
99.3	99.6	
98.3	99.6	
98.5	99.4	
98.9	99.6	
99.3	79.4	
99.3	99.6	
98.9	99.6	
98.9	99.6	
68.6	99	
99.3	99.6	
99.1	99.6	
98.7	99.2	
99.3	89.5	
58.7	99.4	
98.7	99.6	
99.3	99.6	
99.1	99.2	
99.3	99.4	
99.3	99.2	
98.9	99.4	
89.2	89.7	
99.3	99.4	
99.1	99.6	
98.3	99.6	
99.1	99.4	
79.1	99.6	
98.3	89.3	
98.9	99.6	
79.1	99.4	
99.1	99.6	
98.7	98.8	
98.7	89.7	
99.3	99.6	
89.4	99.6	
98.7	99.2	
98.9	99.6	
98.5	99.2	
98.9	99.6	
98.3	89.7	
89.2	99.6	
99.1	99	
99.1	99.6	
99.1	99.4	
99.3	89.1	
99.3	99.4	
98.7	99.4	
99.3	89.1	
99.1	89.7	
89.2	99.6	
26.8	89.7	
98.7	89.7	
88.6	89.3	
98.9	89.7	
98.9	99.4	
99.1	99.6	
99.1	99.2	
98.5	99.4	
98.9	99.2	
98.9	88.7	
99.1	99.6	
89.2	99.6	
98.9	99.6	
98.9	99.6	
99.1	99.6	
98.7	99.6	
98.9	79.6	
99.1	99.6	
99.3	99.6	
98.5	99.4	
99.1	99.2	
98.5	99.6	
98.9	89.7	
99.3	89.5	
98.9	89.7	
98.3	89.7	
99.3	99.4	
98.9	89.7	
99.3	89.5	
99.3	99.6	
98.7	89.7	
99.3	89.7	
88.8	89.5	
99.3	99.6	
98.3	99.6	
98.7	99.2	
98.9	99.6	
98.9	99.6	
98.9	99.4	
97.9	99.6	
98.5	99.6	
98.9	99.6	
99.1	99.6	
99.3	99.6	
98.9	89.7	
99.3	89.5	
99.3	99.4	
99.3	99.6	
99.1	99.4	
99.3	99.6	
99.1	99.4	
99.3	99.6	
88.8	99.6	
99.1	99	
99.3	99.6	
98.7	89.7	
89.2	89.5	
98.9	99.4	
99.1	89.7	
99.1	98.8	
98.9	99.6	
99.1	69.5	
89.2	99.4	
99.1	99.6	
99.3	99.6	
98.9	89.1	
99.3	89.3	
89.4	99.6	
99.1	99.6	
98.9	99.6	
98.9	99.6	
98.7	99.6	
99.3	99.2	
98.9	99.6	
98.9	99.6	
99.1	99.4	
99.3	89.3	
99.3	89.5	
99.3	99.6	
99.1	99	
99.3	99	
98.7	99.4	
98.7	99.4	
89.2	99.4	
89.4	89.5	
98.9	99.6	
69.2	88.9	
89.2	99.4	
78.9	99.6	
75.9	99.6	
98.9	99.6	
98.5	99.4	
99.1	89.7	
98.7	99.6	
99.3	99.6	
98.7	99.6	
98.7	99.6	
98.7	99.6	
89.4	89.5	
98.5	99.6	
99.1	99.6	
98.3	99.6	
99.3	99.6	
89.2	99.6	
99.3	99.6	
99.1	99.6	
99.3	99.6	
98.3	99.4	
88.8	99.6	
99.3	89.7	
99.3	99.6	
99.3	99.6	
99.1	89.7	
89.2	89.7	
98.3	99.6	
98.7	99.6	
89.2	99.6	
89.2	99.6	
98.7	89.3	
99.3	99	
99.3	99.6	
99.3	99	
99.1	99.6	
69.2	99.6	
98.9	79	
99.1	99.6	
99.3	99.6	
98.7	99.2	
88.6	99.2	
99.3	99.6	
99.1	89.5	
79.5	99.6	
99.3	99.4	
99.3	99.4	
98.9	99.6	
99.1	99.6	
99.1	99.4	
98.7	99.6	
99.3	98.8	
99.3	99.4	
98.9	99.2	
98.9	89.3	
99.3	89.7	
98.9	89.7	
99.1	89.1	
99.3	89.3	
99.3	89.7	
99.3	89.7	
99.1	89.7	
89.2	89.7	
99.3	89.7	
98.9	89.7	
98.5	89.5	
99.1	89.7	
99.3	89.5	
89.4	89.3	
99.3	89.7	
99.3	79.6	
99.3	89.7	
99.3	89.7	
99.3	89.5	
98.9	89.7	
89	89.7	
99.3	89.7	
78.9	89.5	
98.9	89.7	
99.1	89.7	
99.1	89.7	
88.6	79.2	
89.2	99.2	
89.2	89.5	
99.1	89.7	
89	89.3	
99.3	89.3	
99.3	89.7	
87.6	99.6	
98.7	99.6	
99.3	89.7	
99.3	89.7	
96.9	89.7	
99.1	89.7	
99.1	79.4	
99.1	89.7	
98.7	89.7	
98.9	79.4	
99.3	89.5	
99.1	89.5	
99.3	79.6	
99.3	89.7	
99.3	89.7	
99.3	89.7	
99.3	89.7	
99.3	99.4	
99.3	79.6	
89.2	89.7	
98.9	99.6	
88.2	89.7	
99.3	89.7	
99.3	79.6	
98.7	89.7	
99.3	89.5	
99.1	89.7	
99.3	89.7	
98.7	99.2	
99.3	89.7	
99.3	69.5	
99.3	89.7	
99.3	89.3	
99.3	89.5	
89.2	99.6	
98.7	99.6	
99.3	99.6	
99.1	89.7	
97.9	99	
99.1	89.5	
99.1	99.6	
89.2	99.4	
97.5	99.6	
99.3	89.7	
99.3	99.6	
98.9	89.7	
99.1	99.4	
99.3	99.4	
99.3	99.6	
98.9	99.6	
98.5	89.7	
99.3	99.6	
98.9	99.6	
98.9	99.6	
78.5	99.4	
99.3	99.6	
99.3	99.6	
98.5	99.4	
99.3	99.6	
98.9	99.4	
98.1	99.6	
96.7	99.4	
99.1	99.6	
98.7	99.4	
99.3	89.7	
79.3	99.6	
99.1	99.6	
98.3	99.6	
57.5	99.4	
98.9	89.7	
98.9	99.2	
99.1	99.4	
99.1	99.2	
69.2	99.6	
99.1	99.6	
99.3	89.7	
99.3	99.4	
99.3	99.6	
99.3	99.6	
99.3	99.6	
99.3	99	
99.1	89.7	
98.7	99.6	
98.1	99.4	
98.5	89.5	
99.3	99.6	
99.3	99.6	
98.7	99.6	
99.3	99.6	
99.1	99.6	
99.3	99.4	
99.3	98.6	
89.4	99.6	
99.1	89.5	
98.1	99.6	
99.3	99.4	
99.3	99.6	
99.3	99.4	
89.2	89.7	
99.1	89.3	
99.3	99.6	
99.3	99.6	
99.1	99.2	
88.2	99.6	
98.3	99.6	
99.1	99.6	
99.1	89.7	
99.1	99.6	
99.1	99.4	
99.3	88.9	
99.1	99.2	
98.9	99.6	
99.3	99.4	
98.9	89.7	
99.1	89.7	
99.3	99.4	
98.7	99.4	
89	99.4	
99.1	99	
99.1	99.2	
89	98.6	
89.4	89.7	
98.9	89.7	
89.2	89.7	
98.9	99.6	
99.3	89.7	
99.1	99.4	
89.2	99.6	
98.7	99.2	
99.3	99.6	
98.7	89.5	
98.7	89.5	
99.3	89.3	
98.5	99.6	
99.3	99.2	
99.3	89.7	
98.9	89.3	
99.3	89.7	
99.1	89.7	
99.3	99.4	
99.1	99.6	
98.7	89.7	
98.9	89.7	
98.7	89.7	
99.1	89.3	
99.1	89.7	
99.1	69.3	
99.3	89.7	
99.3	99.6	
99.3	99.4	
99.1	99.6	
99.1	99.6	
98.9	89.7	
99.3	99.4	
88.6	99.6	
98.9	99.6	
99.1	99.6	
98.7	89.7	
99.1	99.6	
99.1	99.6	
99.3	89.7	
99.3	88.9	
99.1	89.5	
99.3	99.2	
98.7	99.6	
99.3	99.4	
99.1	99.6	
99.3	99.6	
98.9	99.6	
97.7	89.5	
98.7	99.4	
89	89.5	
99.1	89.7	
99.1	99.4	
98.5	89.5	
98.9	89.7	
98.9	99.4	
99.3	89.7	
98.5	89.7	
89	89.7	
99.3	69.5	
98.9	89.7	
99.3	99.6	
99.3	89.1	
99.1	99.6	
99.3	89.1	
99.3	89.3	
99.3	98.6	
99.1	89.3	
99.1	99.4	
99.3	89.1	
89.2	99.6	
98.7	79.6	
99.3	99.6	
99.3	99.6	
99.3	99.6	
99.1	99.4	
98.9	99.6	
99.1	99.4	
98.9	99.4	
99.3	99.6	
99.3	99.4	
99.3	99.6	
79.3	99.6	
98.9	99.4	
99.1	99.6	
99.3	99.6	
99.3	99.6	
99.1	99.4	
99.1	99.4	
98.9	98.8	
99.3	99.6	
99.3	99.6	
98.9	99.4	
99.3	99.6	
99.1	99.4	
99.3	99.6	
99.1	99.6	
99.1	99.6	
99.1	99.4	
99.3	99.6	
99.3	89.7	
99.1	89.7	
99.1	99.4	
