96.7	89.5	
87.4	89.7	
55.5	89.5	
88.4	89.7	
93.9	99.4	
98.5	99.6	
75.1	99.6	
87	99.4	
98.5	99.4	
95.1	99.6	
96.3	99.4	
98.9	99.6	
99.3	98.8	
99.1	98.8	
86.2	99.4	
97.7	99.4	
99.1	99.6	
99.1	99	
98.9	99.4	
99.1	99.4	
97.9	89.5	
98.7	89.5	
98.5	99.6	
98.9	99.6	
99.1	99.6	
98.7	99.6	
98.9	89.5	
98.9	99.4	
98.7	99.6	
98.7	99.2	
98.9	99.6	
98.7	99.4	
99.1	89.7	
98.1	99.6	
99.3	89.5	
99.1	99.2	
99.1	99.4	
98.3	99.4	
99.3	99.6	
98.9	95.2	
98.9	99.6	
99.3	99.2	
99.1	99.6	
98.7	99.6	
98.5	99.6	
89	89.3	
98.9	99.6	
99.1	99.6	
98.9	99.2	
99.1	98.6	
98.9	99.6	
99.1	99.2	
98.7	89.5	
98.7	69.5	
86.2	99.6	
99.1	99	
98.5	99.6	
97.9	89.7	
99.3	99.4	
98.5	99.6	
97.9	99.6	
98.5	99.2	
98.5	99.2	
98.3	89.5	
88.4	99.6	
98.9	99	
98.9	99	
98.7	99	
69.2	89.5	
86	99.2	
98.9	99.2	
98.5	99.6	
98.5	99.2	
98.5	99.4	
98.9	99.6	
98.7	89.3	
99.1	99.6	
98.5	99.6	
98.3	89.5	
99.1	89.7	
98.3	89.5	
99.3	89.1	
98.5	99.4	
99.3	89.1	
99.1	99.6	
98.7	99.6	
98.7	99.6	
98.9	99.6	
98.7	99.6	
98.1	89.1	
98.3	99.6	
99.1	99.6	
98.7	99.6	
99.3	99.4	
99.3	98.8	
98.9	89.3	
99.1	99.4	
99.1	99.6	
98.9	89.5	
99.1	99.4	
99.1	99.2	
98.7	99.4	
99.3	99.2	
98.9	88.9	
98.9	98.2	
98.5	99.6	
99.1	89.1	
98.1	99.6	
99.3	99.2	
98.9	89.1	
99.1	99.6	
99.1	99	
98.9	78.6	
99.3	89.7	
98.7	99	
98.7	99.2	
98.7	99.4	
99.3	99.6	
97.1	99.6	
98.7	99.4	
98.9	99.4	
98.5	99.6	
99.3	89.3	
98.7	89.3	
98.5	99.6	
99.3	99.4	
99.3	99.6	
98.9	89.7	
98.7	89.5	
98.7	99.2	
99.1	99.4	
98.7	99.4	
99.1	99.4	
98.9	99.4	
98.7	99.4	
99.3	99.4	
98.1	99.2	
98.9	99.6	
99.3	99.6	
99.3	99.2	
99.1	99.6	
99.1	99.6	
98.7	89.1	
99.1	99.2	
98.9	99.4	
97.9	99.2	
98.9	89.1	
99.3	99.6	
99.3	89.3	
99.3	99.4	
98.5	99.6	
99.3	99.6	
97.9	99.4	
99.3	88.7	
98.5	89.5	
99.1	99.4	
98.3	79.2	
98.9	89.5	
98.9	89.7	
98.7	99.2	
99.3	79.6	
99.3	99.6	
99.1	98.4	
98.9	89.7	
98.1	99.6	
99.1	99	
98.9	99.6	
98.7	89.3	
98.7	99	
98.9	99.6	
98.9	99.4	
99.1	99	
86.6	99	
98.9	99.2	
98.9	99.2	
98.9	79.4	
99.3	99.6	
98.9	99.4	
99.1	89.7	
98.7	99.6	
98.5	99.4	
98.9	89.7	
98.7	89.7	
98.7	89.7	
98.7	99.6	
99.3	89.5	
98.3	99.6	
97.9	89.3	
99.1	89.5	
88.4	89.7	
98.5	79.2	
98.9	99.6	
98.9	99.6	
98.9	99	
98.1	99.4	
99.1	68.3	
99.3	89.7	
98.7	89.3	
98.9	89.5	
98.5	99.6	
98.9	99	
99.3	99.6	
98.9	99.6	
98.9	89.3	
99.1	79	
98.7	79.6	
98.5	89.1	
99.3	89.7	
97.1	99.4	
99.3	89.7	
98.9	88.9	
98.5	99.6	
99.1	99.6	
99.1	99.6	
99.3	99.6	
99.1	99.6	
98.5	99.4	
98.7	99.6	
99.3	89.1	
98.9	99.4	
96.9	89.7	
97.5	89.7	
98.5	89.5	
78.7	89.7	
99.3	89.1	
99.3	99.6	
88.6	99.2	
98.7	99.4	
99.3	99.6	
99.3	99.2	
88.8	99.4	
87.4	89.7	
99.1	99.2	
99.1	99.4	
99.1	99.6	
99.3	89.7	
99.1	99.6	
98.5	99.6	
99.3	99.4	
98.9	99.6	
99.3	99.6	
99.3	99.6	
98.5	89.5	
98.9	89.5	
99.1	99.4	
98.7	99.6	
99.3	99.2	
98.9	99.6	
98.9	99.6	
98.5	99.6	
79.1	99.6	
98.5	99.6	
98.9	99.4	
98.7	79.6	
98.1	97.2	
98.7	99.4	
98.9	99.2	
99.3	99.2	
99.3	99.6	
99.3	99.4	
98.5	99.6	
98.7	99.6	
98.7	98.6	
98.9	89.3	
98.3	99.4	
79.3	99.2	
99.1	99.6	
89.2	99.6	
98.9	99.2	
99.1	98.8	
99.3	99.6	
99.1	99	
98.5	99.4	
99.3	89.3	
98.9	99	
98.7	99.2	
99.1	99.2	
99.3	99.6	
98.3	99.6	
98.9	99.2	
98.7	89.7	
99.3	89.1	
99.3	99.2	
98.1	99.6	
99.1	99	
88.4	99.6	
99.1	98.2	
98.5	99.6	
98.9	99	
99.1	99.2	
99.1	99.6	
98.9	99.4	
99.3	99.6	
98.7	99.6	
99.1	99.2	
99.3	99	
98.9	99.6	
98.7	99.6	
98.9	99.4	
99.3	89.7	
99.1	89.5	
99.3	99.4	
98.7	99.6	
99.1	99.6	
98.9	99.6	
98.9	99.2	
99.1	99.6	
88.8	99.2	
99.3	99.4	
99.1	89.5	
98.7	99.2	
99.3	98.6	
99.3	89.3	
89	99.6	
99.3	99	
99.3	99.6	
99.3	99.2	
99.3	99.6	
98.5	87.9	
99.1	89.3	
99.3	89.7	
98.9	89.7	
99.3	99.6	
99.1	99.4	
98.9	89.5	
99.1	99.4	
98.7	99.2	
98.7	69.3	
99.3	89.7	
99.3	89.7	
98.9	89.7	
98.9	89.7	
99.3	89.7	
99.1	79.2	
88.4	89.7	
98.3	99.4	
98.5	99.2	
98.7	99.2	
99.3	99.4	
99.1	89.5	
98.7	99.4	
98.5	99.4	
98.9	99.6	
98.7	99.6	
99.1	98.8	
99.3	79.6	
98.9	69.5	
97.9	89.7	
97.9	89.7	
98.9	89.5	
99.1	99.4	
98.9	89.7	
99.3	99.6	
99.3	79.2	
99.1	99.6	
98.9	98.8	
99.3	99.4	
98.5	89.7	
99.1	89.7	
98.7	89.7	
89	79.6	
98.3	98.8	
98.7	89.5	
88.4	38.8	
98.9	79.6	
99.1	99.6	
99.3	89.7	
99.1	89.5	
98.9	99.2	
99.3	89.7	
98.7	89.3	
98.7	89.5	
98.7	89.7	
89	89.7	
98.7	99.6	
99.1	89.7	
88.4	99.6	
98.7	89.5	
99.1	99.6	
98.7	89.7	
89.2	99.2	
98.9	99.4	
99.3	79	
98.7	89.7	
99.1	89.5	
99.1	99.2	
98.9	99.4	
98.9	89.7	
99.1	89.5	
98.9	89.7	
99.1	98.6	
98.5	89.5	
99.3	89.7	
99.3	89.5	
99.1	99.4	
99.3	88.9	
98.5	99.2	
99.3	89.7	
99.1	89.7	
69.2	89.5	
97.9	99.6	
99.3	79.6	
99.1	99.2	
98.7	99.6	
98.9	99.6	
99.1	99.6	
99.3	99.4	
99.3	99.6	
98.9	99.4	
99.1	99.4	
77.7	99.6	
98.7	99.2	
98.9	99.4	
99.3	99.4	
99.1	99.6	
98.7	99.2	
99.1	89.7	
97.9	89.7	
99.3	99.4	
99.1	99.4	
98.5	88.9	
99.3	89.5	
99.1	89.7	
87.4	99.4	
89.4	99.6	
99.1	99.4	
98.3	99.2	
98.9	99.4	
98.9	99.4	
98.1	99.6	
99.3	89.7	
99.1	99.4	
98.7	99.6	
98.9	57.8	
88.4	89.3	
89	99.4	
99.1	79.2	
99.3	99.6	
98.7	89.1	
99.3	99.4	
99.3	99.6	
99.3	99.6	
99.3	88.9	
98.5	99.6	
99.1	99.4	
99.3	99.2	
99.3	99	
98.1	98.4	
99.3	99.6	
98.9	99.6	
98.5	89.7	
98.3	89.7	
98.5	89.3	
88.8	99.4	
97.7	99.4	
98.7	99.4	
99.1	99.6	
99.3	99.6	
98.9	89.3	
99.1	89.7	
99.1	99.6	
89.4	79.2	
98.5	99.4	
99.3	89.7	
99.3	89.7	
98.7	89.3	
98.9	89.7	
98.9	89.7	
98.7	99.6	
99.1	69.5	
99.3	99.4	
98.9	89.7	
98.7	89.7	
89.4	89.5	
98.5	89.7	
97.1	89.7	
99.1	89.5	
99.3	97.6	
98.9	89.5	
98.9	89.3	
98.9	79.6	
98.9	99.2	
98.9	79.4	
98.7	99.6	
98.9	99.4	
67.6	99.4	
98.5	99.6	
98.9	99	
89	88.9	
89.2	99.6	
99.1	99.4	
99.1	99.2	
98.9	99.6	
98.3	99.6	
98.9	68.9	
99.1	89.7	
99.1	99.6	
98.5	68.5	
98.7	99.4	
98.3	99	
