62	75.8	
85.2	97.8	
74.1	98.8	
2	98.6	
97.5	89.5	
96.5	99.4	
94.9	89.7	
98.7	88.9	
94.1	99.6	
99.1	99.6	
99.3	99.6	
98.7	88.1	
97.1	99.4	
97.5	99	
99.1	99	
98.7	99.4	
98.7	99.2	
98.1	79	
99.3	89.5	
98.9	99.6	
99.3	89.7	
99.1	99.6	
97.9	99.6	
98.7	89.1	
98.5	89.7	
69.4	99.4	
99.3	99.4	
98.1	98.8	
98.9	96.8	
98.9	89.1	
99.1	99.6	
99.3	88.7	
98.7	99.6	
97.7	99.6	
99.1	99.4	
99.1	89.5	
99.3	89.3	
99.1	89.7	
98.5	99.6	
98.7	99.6	
98.7	99.6	
98.9	89.3	
99.3	89.7	
98.9	89.3	
98.7	89.7	
99.1	89.7	
99.3	89.5	
97.9	89.7	
99.1	89.3	
98.5	89.5	
98.7	88.7	
98.7	99.6	
99.3	99.4	
99.1	89.7	
98.9	99.6	
88.8	99	
99.1	99.6	
98.5	89.5	
99.3	89.7	
98.9	99	
99.1	89.5	
99.3	89.5	
97.3	89.7	
99.1	89.7	
98.9	99	
99.3	99.6	
99.3	88.9	
98.9	99.6	
97.7	89.1	
97.5	89.5	
99.1	99.6	
98.3	87.1	
99.3	89.7	
99.1	99.6	
89	99.6	
98.5	99.6	
98.7	99.6	
99.3	98.6	
99.3	99.6	
98.5	99	
98.1	99.6	
99.3	99.6	
88.8	97.6	
98.5	98.8	
98.5	99.2	
99.3	98	
99.1	99.4	
99.1	89.7	
99.1	89.5	
98.7	89.3	
98.9	89.7	
98.3	98	
98.5	89.7	
98.9	99.6	
99.1	89.5	
99.1	99.6	
98.1	89.3	
98.9	88.3	
99.1	89.7	
97.7	89.7	
98.1	89.7	
98.7	89.7	
98.7	89.7	
98.7	87.7	
98.7	89.5	
98.7	89.3	
98.9	99.2	
99.1	79.6	
98.9	89.7	
98.9	89.7	
98.5	89.3	
98.5	99.2	
99.1	88.7	
99.1	89.7	
99.3	89.7	
99.1	89.7	
99.3	79.6	
99.1	79.2	
99.1	99.4	
99.3	89.3	
99.3	89.5	
98.9	89.7	
98.7	99.4	
98.5	99.4	
99.1	89.7	
99.1	98.6	
98.5	89.7	
88.4	89.3	
99.1	89.7	
99.1	99.6	
99.1	89.7	
98.5	89.3	
99.1	99.6	
99.3	99.6	
99.3	99.4	
98.3	99.6	
98.9	89.5	
99.1	99.4	
98.9	99	
99.1	88.7	
98.3	99.6	
98.9	99.6	
99.1	99.2	
98.1	99.4	
88	99.6	
99.3	89.5	
98.7	99.6	
99.1	99.4	
88.8	68.9	
99.1	99.6	
98.7	89.7	
99.1	99.6	
99.3	78.8	
99.1	99.6	
88.2	79.6	
99.3	99.6	
98.9	88.5	
99.1	99	
98.5	79.6	
99.3	99.6	
78.5	99.4	
98.7	99.2	
98.1	99.2	
97.1	99.4	
98.9	99.4	
98.9	88.9	
98.9	99.6	
98.7	99.4	
99.1	79.4	
99.1	99.6	
98.5	99.6	
98.7	89.7	
97.1	99.2	
99.1	99.4	
99.3	99.6	
99.3	99.6	
99.3	99.2	
99.3	89.7	
98.5	98.8	
99.1	99.2	
99.3	99.2	
98.9	99.6	
99.3	98.4	
98.9	99.6	
88.6	99.6	
98.5	99.6	
99.3	99.6	
99.1	99.6	
99.3	99.6	
98.9	89.3	
99.3	99.6	
99.3	99.6	
86	99.6	
89	99.4	
99.1	99.6	
98.7	99.6	
99.1	99.4	
88.6	99.6	
99.3	99.6	
98.9	98.8	
98.9	99.2	
99.3	99.4	
98.9	99.4	
98.9	99.4	
98.7	99.6	
98.5	99.6	
98.1	99	
99.1	89.3	
88.8	99	
98.5	99.6	
98.7	89.1	
99.3	89.7	
99.1	89.7	
98.5	89.7	
98.9	89.7	
98.3	79.6	
99.1	89.3	
98.7	89.7	
98.3	99.2	
98.9	99.4	
99.1	99.6	
99.3	99.6	
98.7	89.7	
98.9	89.7	
99.3	89.5	
99.1	99.6	
89	89.5	
98.7	89.1	
99.3	99.6	
99.3	99.4	
99.1	99.2	
98.7	99.6	
99.1	99.6	
97.7	99.4	
99.1	99.6	
99.1	99.6	
99.3	99.6	
99.3	99.6	
89.2	79.4	
98.9	89.5	
98.5	89.7	
99.1	89.1	
99.3	79.6	
99.3	79.2	
89	89.7	
98.9	89.7	
98.9	99.4	
98.9	89.7	
69	99	
99.1	99	
98.7	69.5	
99.3	99.6	
98.9	89.5	
89	89.3	
99.3	89.7	
99.1	99.4	
98.1	99.4	
98.1	89.5	
98.7	89.7	
99.3	99.2	
98.7	99.4	
99.3	89.3	
99.3	99.2	
98.9	99.6	
99.1	99.6	
98.9	99.4	
98.9	99.6	
99.1	89.5	
99.3	99.6	
99.3	99.6	
99.3	89.7	
78.9	99.6	
98.9	99.6	
98.9	99.4	
98.9	99.4	
98.7	99.6	
99.3	99.6	
88.6	89.7	
88.8	99.2	
98.9	89.3	
99.3	89.5	
98.9	99.6	
98.9	99.4	
89.2	99.6	
98.9	89.7	
99.1	88.5	
76.5	89.5	
99.3	89.7	
99.1	89.7	
98.7	99.6	
98.5	79.6	
98.9	79.2	
99.3	89.3	
78.5	79.2	
88.6	99.6	
98.7	89.1	
99.1	99.6	
99.3	89.5	
98.9	99.6	
98.9	69.1	
99.1	99.6	
98.9	99.6	
98.9	99	
99.1	99.2	
96.9	99.6	
88.8	99.6	
98.7	98.8	
98.7	99.2	
98.3	89.5	
99.1	99.6	
99.3	99.4	
98.7	78.6	
97.5	89.3	
98.3	89.5	
98.5	99.6	
99.1	99.4	
99.3	98.8	
98.9	89.3	
99.3	99.4	
99.3	89.5	
99.3	99.6	
99.1	99.6	
88.6	99.6	
98.9	99.6	
98.5	99.2	
99.1	89.3	
99.1	99.6	
98.5	99.4	
99.1	99.6	
99.1	99.4	
99.3	98.8	
99.3	99.6	
99.1	99.4	
98.5	99.4	
99.3	98.6	
99.3	98.6	
98.7	89.1	
99.1	99.4	
98.3	89.1	
98.1	99.6	
99.3	99.2	
98.7	89.3	
98.5	99.4	
99.3	99.4	
98.7	98.8	
98.9	89.7	
98.9	99.6	
99.3	99.2	
98.1	99.6	
99.3	79.4	
98.5	99.4	
99.1	99.6	
98.7	99.4	
98.3	99.6	
99.1	89.7	
99.3	99	
99.3	98.6	
99.3	99.4	
98.9	89.5	
98.7	99.2	
98.7	99.4	
99.3	69.5	
98.7	99.4	
98.9	89.3	
99.1	99.6	
98.3	89.3	
97.7	89.7	
99.3	89.5	
88.8	87.7	
99.1	79.4	
86.8	79.2	
99.1	89.1	
97.9	89.7	
98.5	89.7	
98.9	88.7	
99.3	99.6	
98.5	89.5	
98.9	99.4	
67.4	99.6	
98.5	89.7	
98.9	99.6	
99.1	89.7	
98.7	99.6	
98.7	89.5	
98.3	99.6	
99.3	89.5	
99.1	79.6	
99.1	48.9	
99.3	89.7	
99.3	89.3	
99.1	89.3	
99.1	99.4	
98.3	89.7	
99.1	89.7	
99.3	89.3	
98.9	89.5	
99.3	89.7	
98.7	99.6	
89	88.7	
98.1	99.2	
98.9	99.6	
99.1	99.6	
99.1	79.4	
99.3	98.2	
98.9	99.6	
98.9	99.4	
87.6	99.4	
99.3	89.7	
98.5	79.6	
99.3	99.6	
98.7	99.6	
98.7	99.4	
98.7	89.7	
98.1	89.7	
98.7	99.4	
99.1	99.6	
98.9	99.4	
97.9	88.9	
89	89.7	
98.9	69.1	
98.3	89.5	
98.9	89.7	
98.1	89.7	
98.7	89.7	
99.1	89.7	
98.7	99.6	
89	79.4	
98.9	99.6	
99.1	99.2	
98.9	79.2	
99.3	99.6	
98.9	99	
99.3	89.7	
99.3	89.5	
99.3	99.4	
99.3	98.8	
99.3	99.6	
98.9	89.7	
99.1	89.3	
99.1	78.4	
99.3	89.7	
77.5	89.5	
88.4	89.5	
99.3	99.6	
99.1	89.7	
99.1	99.6	
99.1	89.5	
99.3	89.3	
99.1	99.6	
98.9	89.7	
98.1	89.7	
89	89.7	
99.1	99	
86.8	88.9	
98.7	99.6	
98.7	99.6	
98.9	99.2	
88.6	99.6	
98.5	99	
99.1	99.4	
98.7	99.6	
89.2	99.6	
98.9	89.7	
99.1	98.4	
99.3	99.6	
99.1	99.6	
98.9	89.7	
99.1	89.7	
88	79	
98.9	79.2	
99.3	79.4	
98.9	99.4	
99.3	99.6	
98.9	99.6	
99.1	79	
98.9	89.1	
99.3	79.4	
99.3	99	
99.1	98.8	
88.6	88.9	
99.3	99.4	
99.3	99.6	
99.3	99.2	
98.3	99	
78.3	99.4	
98.9	89.1	
89.2	88.3	
98.7	89.5	
98.7	99.4	
98.7	88.9	
98.5	99.6	
88.8	99.6	
88.4	99.6	
99.1	99.6	
98.7	99.2	
98.9	99.6	
98.9	79.6	
79.1	89.5	
89	89.1	
98.9	99.6	
