76.1	89.7	
73.3	99.6	
45.6	79.2	
99.1	98.2	
94.3	99.6	
97.9	89.3	
68.2	99.4	
87	99.6	
88.8	99.4	
97.9	99.6	
99.1	88.7	
98.9	99.6	
98.5	99.4	
98.1	99.6	
97.9	99.4	
98.9	89.3	
97.7	99.4	
99.3	99	
98.7	91.6	
99.3	98.6	
98.5	99.6	
98.7	99.6	
99.1	79.4	
77.9	99.6	
99.1	99.2	
99.3	99.6	
98.3	99.2	
97.7	88.5	
98.7	98	
98.9	99	
89.2	89.7	
98.7	89.5	
98.3	99.2	
67.8	89.7	
98.7	99.6	
99.1	99	
99.1	89.7	
99.1	89.5	
98.5	99.6	
88	89.7	
99.1	99.2	
76.9	97.4	
88.6	89.7	
98.7	89.7	
98.9	99.4	
98.9	99.4	
99.1	89.7	
98.5	99.4	
88.8	89.5	
98.1	89.7	
88.6	99.4	
99.1	89.3	
99.1	79.2	
98.5	88.9	
88.8	99.6	
78.3	99.6	
99.1	89.5	
98.5	99	
98.9	99.6	
98.9	99.6	
98.7	99.2	
99.3	88.7	
98.9	99.6	
98.7	99.6	
98.7	89.5	
99.3	89.5	
97.5	89.5	
98.9	89.3	
98.3	99.4	
97.1	89.3	
98.3	89.5	
97.3	99.4	
99.3	88.7	
88.8	79	
99.1	99.6	
99.1	99.4	
98.5	89.7	
97.7	89.7	
89	99.2	
99.1	89.5	
99.3	89.1	
99.1	99.4	
89	99.6	
98.7	89.7	
98.9	89.3	
87.2	89.3	
99.1	79.6	
98.9	99	
88.6	79	
99.1	89.3	
89.2	89.3	
98.7	89.5	
98.9	89.5	
99.3	99.4	
99.3	99.6	
77.5	99.6	
89	99.6	
99.3	98.2	
99.1	89.7	
89.4	79.4	
98.5	99.4	
89.2	99.4	
98.7	89.7	
98.9	89.1	
98.3	99.2	
99.3	89.7	
88.4	99.4	
99.1	89.7	
99.1	79.2	
98.5	89.7	
89	99.2	
97.9	98.8	
89.2	99.4	
99.3	99.6	
99.3	89.5	
99.3	99	
99.1	59	
98.5	99.6	
79.1	99.4	
98.3	99.4	
98.5	99.2	
78.5	99.6	
98.9	99.2	
98.7	98.6	
98.9	99.2	
98.9	99.4	
78.1	99.6	
99.1	89.7	
98.1	99.4	
99.3	99.4	
98.9	99.4	
99.3	99.4	
99.1	99.4	
68.2	99.2	
99.3	99.6	
89.4	89.3	
98.7	99.6	
98.9	99.4	
98.7	99.4	
98.5	99.6	
98.3	99	
98.7	99.6	
89	98.8	
97.9	99	
98.7	99	
99.3	99.2	
98.9	89.5	
98.9	89.1	
99.3	99.4	
87.2	99	
99.3	99.2	
97.9	99.6	
87.2	99.6	
99.1	89.3	
98.1	99.6	
98.9	99.4	
99.3	99.4	
99.1	99.6	
97.9	89.3	
88.4	98.8	
99.3	99.4	
99.1	99.2	
98.7	98.8	
98.7	99.4	
88.8	89.5	
99.1	99.6	
98.1	99.2	
78.7	99.6	
98.7	89.3	
99.1	99.2	
98.9	99.6	
98.9	99.2	
98.9	99.6	
99.1	99	
67.4	89.7	
98.9	89.3	
98.9	99.4	
87.2	99.6	
98.9	99.6	
88.4	99.6	
67.4	99.6	
98.9	99.6	
98.9	99.2	
69.2	89.7	
59.1	69.1	
89	99.6	
79.5	89.7	
78.9	99.4	
99.1	99.4	
99.1	89.7	
99.3	99.4	
99.3	99.6	
98.5	99.4	
98.9	89.7	
99.1	89.3	
98.3	89.3	
97.9	89.3	
98.7	89.5	
88	99.6	
98.9	99.6	
97.9	89.7	
98.9	99	
88.6	98.2	
98.9	89.7	
99.1	99.4	
97.7	99.6	
98.7	79	
98.7	99.6	
98.7	89.7	
98.9	99.4	
98.5	98.8	
97.9	99.6	
99.1	99.6	
99.1	99.2	
88.2	99.2	
98.5	99.4	
97.9	99.6	
99.1	99.6	
98.3	89.1	
97.3	88.5	
99.3	99.4	
98.7	99	
98.1	99.6	
98.7	99.6	
98.9	89.1	
78.5	89.3	
88.8	99.6	
99.3	99.6	
76.3	99.2	
98.9	99.6	
97.7	99.2	
98.7	99.6	
99.1	98.8	
98.7	99.4	
97.7	89.3	
99.3	89.7	
88.6	99.6	
89	99.2	
98.7	99.6	
99.1	89.3	
99.1	99.4	
78.5	99.6	
98.3	99.6	
99.3	99.2	
99.3	99.2	
98.9	99.6	
48	99.2	
98.7	99.4	
88.8	99.6	
99.1	99.6	
88.8	99.4	
88.8	99.2	
99.3	98.8	
99.1	89.7	
99.1	99.6	
98.9	99.6	
98.7	99.4	
98.5	89.3	
98.1	99.2	
89.2	98.2	
89.4	89.5	
98.9	89.5	
89.2	79.6	
98.3	99.6	
98.3	99	
99.1	98.8	
98.9	99.6	
99.1	99.6	
99.3	99.4	
78.3	99.6	
96.9	99.6	
99.1	99.2	
99.1	89.5	
99.3	99.6	
98.7	99.4	
97.9	99.6	
88.8	99.2	
78.7	99.6	
98.9	99.2	
87.8	99.4	
98.9	99.2	
98.7	99.4	
97.7	99.6	
98.5	99.6	
89	99.6	
89.4	89.3	
68.4	99.4	
99.1	98.6	
98.9	89.5	
98.7	99.4	
99.1	99.6	
99.1	99	
89.2	89.7	
98.7	99.4	
97.9	79	
97.5	79.6	
99.1	99.6	
98.5	99.6	
99.1	99.6	
98.9	99.2	
99.3	99.6	
98.9	99.6	
99.3	99.6	
98.9	99.6	
98.9	99.4	
88.6	89.5	
99.1	89.3	
99.3	89.3	
99.3	99.6	
98.7	89.7	
97.1	98.8	
98.9	89.7	
77.5	99.2	
98.9	98.8	
98.9	78.8	
98.9	89.5	
97.9	99.6	
98.9	99.6	
87.8	99.6	
89.2	88.9	
99.1	89.7	
98.3	89.1	
99.1	89.3	
99.3	89.7	
99.1	89.7	
89.4	89.7	
98.7	89.7	
98.9	79.6	
98.7	99.2	
98.9	99.4	
99.3	99.2	
98.9	99.2	
98.5	99.4	
98.1	99.2	
99.3	79.4	
99.3	89.3	
98.5	99.2	
99.1	99.2	
98.9	89.5	
97.5	99.4	
99.1	89.5	
77.3	88.7	
98.9	99	
98.3	99.6	
98.3	99.4	
99.3	88.9	
98.3	88.9	
97.9	99	
98.5	99	
98.5	99.6	
99.1	99.6	
98.7	99	
98.9	79.6	
98.9	98.2	
98.7	99.6	
98.7	98.8	
98.7	98.8	
98.1	99.2	
89.4	89.5	
98.7	89.3	
97.9	99	
89	89.3	
98.5	99	
98.5	98.2	
97.9	79.4	
98.1	89.7	
98.1	89.7	
98.5	88.7	
89.4	89.7	
98.5	99.6	
98.9	89.7	
99.3	89.7	
99.1	79.4	
98.9	79.2	
98.7	79.6	
88.8	69.5	
88.4	89.3	
99.1	89.5	
98.5	89.7	
98.9	89.7	
98.5	89.7	
98.5	89.3	
78.7	89.5	
99.3	79.2	
89	98.8	
99.3	89.7	
98.5	99.6	
98.7	89.7	
78.7	99.4	
79.1	89.7	
98.9	99	
89	98.6	
89.4	99.4	
48.4	79	
99.1	89.7	
98.1	89.7	
89.4	79.6	
97.7	99.4	
89.2	89.3	
79.3	89.5	
99.3	89.7	
98.9	98.6	
98.3	99.4	
77.7	99.6	
88.8	98.8	
99.3	89.5	
98.9	89.7	
79.1	89.1	
99.3	78.4	
98.9	99.6	
99.1	89.7	
89.2	99.4	
98.1	79.4	
68.6	99.2	
99.1	99.6	
98.7	99.4	
88.8	68.5	
98.3	89.5	
58.9	89.3	
68.2	98.4	
98.7	99	
98.7	99.4	
98.5	98.8	
99.1	99.2	
79.3	99.2	
99.3	79.4	
98.7	59.2	
99.1	89.1	
88.6	99	
98.7	99	
98.1	99.4	
98.7	89.3	
98.9	88.9	
98.7	99.2	
98.9	99	
98.3	89.5	
99.1	99.4	
86.4	99.6	
98.5	99.6	
97.5	98.8	
99.3	99.2	
78.9	69.3	
99.1	89.7	
97.5	99.4	
98.5	89.3	
29.2	99.6	
88.4	99.6	
79.3	99.4	
88.8	99.6	
78.1	99	
99.3	99.6	
98.7	89.3	
99.1	99.2	
98.1	99.6	
98.9	99.2	
97.9	89.1	
88.6	89.3	
98.5	99.4	
98.9	99.6	
98.5	99.6	
98.9	79.4	
97.7	99.4	
99.3	99.6	
98.9	99.6	
97.7	99.4	
88	99	
97.9	99.6	
88.8	99.2	
98.9	89.7	
98.9	89.5	
89	89.7	
99.1	79.2	
98.9	99.2	
98.9	98.8	
97.7	88.9	
98.9	49.1	
98.9	89.5	
99.1	79.6	
98.9	89.7	
98.1	89.3	
98.7	99.2	
77.1	99.4	
99.3	99.4	
98.1	99.6	
98.7	99.6	
98.9	99.4	
98.9	99.4	
89	99.2	
98.7	79.2	
99.1	99.4	
98.9	89.5	
99.3	99	
89	99.6	
99.3	99.6	
98.7	99.2	
78.5	89.5	
97.9	99.6	
78.3	88.9	
98.5	99.6	
99.1	99.6	
