84.2	89.3	
65	98.2	
74.3	99.6	
89.2	79.6	
98.3	98.4	
65.6	89.7	
94.3	89.7	
89	89.5	
77.4	98.8	
96.1	89.7	
96.7	97.8	
95.3	89.5	
87.2	89.7	
86.2	89.7	
86.2	99.6	
87.8	89.5	
88.2	89.7	
95.3	99.6	
99.1	89.7	
98.3	57.3	
94.7	89.5	
98.7	79.6	
99.1	99.6	
97.7	89.1	
98.1	87.9	
96.7	99.6	
97.5	88.7	
72.1	97.6	
99.1	89.7	
48.1	89.7	
98.1	99.6	
97.9	59.4	
87.2	87.3	
98.7	89.3	
98.7	89.5	
98.9	89.5	
97.1	89.7	
98.9	89.3	
97.1	89.1	
97.1	89.7	
69	98.6	
98.9	89.7	
99.3	99.4	
78.7	89.7	
97.9	89.7	
97.7	88.9	
98.1	89.5	
97.7	89.7	
97.7	89.7	
98.7	89.7	
99.1	89.5	
88.4	98.2	
83.4	89.5	
97.9	89.1	
88.6	89.7	
98.7	89.7	
98.9	88.7	
98.5	89.1	
98.3	88.9	
98.7	89.7	
99.1	69.3	
98.3	89.7	
98.5	79.6	
78.7	89.5	
98.9	89.7	
98.7	89.3	
96.9	89.5	
98.9	89.7	
98.7	89.7	
98.7	79.2	
99.1	79.2	
98.5	89.7	
98.3	69.5	
99.1	69.1	
99.3	86.7	
99.1	99.2	
98.3	58.8	
98.3	89.1	
97.5	89.3	
88	79.6	
98.7	78.8	
98.7	89.7	
99.1	79.4	
99.1	89.1	
97.5	99.2	
98.3	89.7	
99.3	89.7	
97.3	89.5	
99.3	99.6	
99.3	89.5	
98.5	89.7	
77.1	99.6	
99.1	89.7	
97.9	88.9	
99.1	79.6	
88.8	89.7	
98.7	79.6	
98.7	89.3	
98.9	89.5	
98.9	89.3	
99.1	89.5	
97.7	99.2	
98.5	89.5	
99.3	89.3	
98.7	89.3	
99.1	89.1	
98.5	89.5	
98.7	89.7	
98.9	79.6	
98.5	69.5	
98.9	88.9	
99.1	79.6	
99.1	89.7	
99.1	89.7	
98.9	99.6	
97.7	79.6	
98.9	68.9	
98.1	99.6	
98.7	88.9	
98.7	88.9	
97.7	89.7	
88	99.4	
96.5	89.7	
98.5	99.6	
98.7	89.3	
98.5	99.4	
98.9	79.4	
99.1	88.9	
99.1	78.8	
99.3	89.7	
96.5	99.6	
98.9	79.4	
99.1	89.7	
99.1	88.5	
98.5	89.5	
98.9	99.2	
89.2	89.1	
99.1	89.7	
98.7	89.5	
89	89.7	
99.3	89.5	
99.1	79.4	
98.9	89.7	
98.9	79.6	
98.5	78.4	
99.1	99.6	
99.1	89.7	
98.9	89.7	
98.5	88.9	
98.9	67.5	
99.1	89.7	
98.9	99	
98.7	89.7	
98.9	99.6	
98.1	99.6	
98.9	89.5	
99.3	89.3	
98.7	89.1	
98.5	89.7	
98.1	89.7	
98.3	89.3	
98.5	89.5	
98.3	89.7	
98.5	99.4	
99.1	99	
98.7	69.5	
99.1	89.7	
98.9	89.7	
98.1	79.6	
98.3	79.6	
99.3	89.7	
97.3	79.2	
98.7	89.3	
99.3	99.4	
98.1	89.5	
99.1	99.2	
99.3	89.5	
97.5	98.8	
88.4	77.8	
98.3	69.3	
99.3	89.7	
98.5	69.1	
98.9	89.3	
98.7	89.7	
98.9	89.3	
99.1	89.3	
98.1	78.8	
98.3	89.5	
89	88.7	
98.9	89.7	
99.1	89.7	
97.9	89.5	
98.5	89.5	
98.3	89.7	
98.9	89.7	
98.7	89.3	
99.3	79.4	
98.9	79.4	
98.5	88.7	
98.3	99.2	
98.3	49.3	
99.1	89.7	
98.7	89.7	
98.1	99.4	
99.1	89.5	
98.3	89.7	
99.1	89.7	
99.3	89.5	
99.1	89.5	
99.1	98.8	
99.1	89.3	
97.9	89.7	
99.1	89.5	
97.7	89.5	
98.3	89.7	
98.7	89.3	
98.1	89.7	
99.1	89.3	
99.3	88.9	
56.7	89.3	
98.9	99.6	
98.5	79.2	
98.5	89.5	
98.9	79.6	
98.3	79.4	
98.7	89.5	
99.1	99.6	
99.3	89.5	
98.5	79.2	
97.5	58.6	
98.3	89.7	
99.3	89.5	
98.7	79.4	
98.5	89.7	
99.3	89.7	
98.5	89.7	
99.3	89.7	
99.1	89.7	
98.5	89.7	
98.7	89.7	
97.9	89.7	
97.1	79.4	
98.7	79.4	
99.3	89.5	
99.1	89.3	
98.7	79.6	
98.7	89.7	
98.3	89.7	
99.1	99	
98.3	89.5	
98.3	79	
98.5	79.6	
98.1	89.5	
97.5	99.6	
98.5	89.5	
98.9	89.7	
98.5	99.6	
99.3	99.6	
99.1	99.4	
98.7	79.6	
98.9	99.4	
98.9	99.4	
97.1	99.2	
98.7	79.4	
97.5	89.1	
98.3	79	
98.9	89.5	
98.9	69.1	
99.1	77.6	
98.9	58.2	
99.3	88.5	
98.5	79.4	
99.1	89.3	
99.1	89.5	
98.3	68.3	
98.3	99	
99.1	89.7	
99.3	79.4	
99.3	89.1	
97.7	89.7	
97.5	69.3	
97.7	99.6	
98.3	99.6	
99.1	89.7	
97.7	78.8	
99.3	89.5	
98.5	88.9	
99.3	89.7	
46.4	89.5	
98.3	79.4	
99.3	89.7	
99.1	79.2	
99.3	78.8	
98.9	88.1	
98.9	89.5	
98.9	89.5	
99.3	89.7	
98.9	79.4	
99.1	99.6	
99.1	89.7	
97.9	99.2	
98.5	79.2	
99.3	99.6	
98.9	89.7	
88.4	89.3	
98.3	79.6	
98.9	68.1	
99.1	68.9	
99.3	89.3	
98.5	89.5	
98.9	89.5	
98.7	89.5	
98.3	99.4	
98.7	99.6	
96.9	79.4	
98.5	79.4	
87.4	89.7	
98.7	99.4	
97.5	88.9	
98.3	89.7	
97.7	89.7	
98.5	99.2	
97.9	79	
99.1	89.7	
98.7	89.7	
99.1	89.3	
98.3	89.3	
98.3	99.6	
98.7	98.8	
97.7	89.5	
98.7	89.7	
99.1	89.7	
98.9	89.5	
98.1	89.7	
99.1	89.7	
97.7	79.6	
98.9	89.7	
98.5	78.8	
98.3	99.6	
95.7	99.4	
97.9	99.4	
99.3	79	
89.4	99.4	
98.7	99.6	
98.9	79.6	
98.1	89.1	
98.9	78.6	
98.1	99	
98.7	88.9	
98.5	89.3	
98.9	99.6	
98.7	89.7	
99.1	98.8	
98.9	89.5	
99.1	89.7	
99.3	99.6	
99.1	89.7	
99.1	89.5	
98.9	99.6	
98.5	89.5	
99.1	89.1	
98.7	89.5	
98.3	99.6	
96.9	89.3	
99.3	89.1	
99.1	89.3	
98.7	89.1	
98.1	89.3	
99.3	99.4	
98.3	79.6	
98.7	89.7	
99.1	89.1	
98.1	89.7	
97.5	99.4	
98.7	98.6	
97.1	99	
97.7	99.4	
98.7	89.5	
97.9	89.7	
98.5	79.6	
98.7	99.4	
98.5	89.7	
99.1	89.7	
99.1	89.5	
98.9	79.2	
98.9	99.2	
98.3	89.3	
99.3	99.4	
97.9	89.5	
99.3	89.5	
97.3	89.3	
98.5	77.4	
99.3	89.7	
99.1	89.7	
98.7	99.4	
98.7	89.5	
98.1	89.3	
97.7	99.2	
98.5	99.4	
98.5	89.7	
48	89.1	
99.1	89.5	
97.3	99.6	
97.3	89.3	
98.7	89.5	
98.9	79.6	
98.5	99.4	
98.9	79.6	
98.9	89.7	
89.2	99.2	
98.7	98.4	
98.7	89.3	
98.7	99.6	
98.9	99.4	
96.5	99.2	
99.1	99.4	
98.3	99.6	
99.3	99.2	
99.1	99.6	
99.3	89.3	
99.3	79.6	
98.7	99.2	
98.3	99.6	
98.5	89.3	
98.9	79.4	
98.9	99.4	
98.7	89.7	
99.1	89.5	
99.1	89.5	
98.3	79.4	
97.9	89.1	
97.9	78.6	
98.3	99.6	
98.7	58.6	
98.5	89.7	
98.1	79.4	
98.5	99.6	
97.9	99	
99.1	89.7	
99.1	89.7	
99.3	78.8	
98.1	99	
98.9	99.4	
98.9	89.5	
98.7	89.7	
97.3	99.6	
98.9	89.3	
99.3	99	
97.5	99.4	
98.1	99.6	
99.1	99	
99.1	99.4	
98.5	98.8	
98.9	89.7	
98.3	89.7	
98.7	79.4	
99.1	79.2	
98.9	99.2	
98.9	89.3	
99.1	99.6	
89	89.3	
98.7	89.5	
98.9	98.2	
99.3	79	
98.9	98.8	
98.9	99.4	
97.9	99	
98.3	99.6	
79.5	89.7	
99.1	89.7	
87.8	89.5	
99.1	99.6	
98.7	89.5	
97.3	98.8	
99.3	89.5	
99.1	89.7	
98.9	89.5	
97.5	69.5	
98.7	98.8	
98.9	89.7	
97.3	79.6	
98.9	89.7	
74.5	99.6	
98.5	79.6	
98.1	98.8	
98.1	88.7	
98.1	99.2	
98.5	79.2	
98.1	89.3	
98.7	89.5	
87	68.7	
98.9	89.7	
78.3	89.3	
99.1	89.5	
89.4	98.4	
99.1	89.5	
98.5	99.4	
98.7	89.5	
98.9	99.4	
99.3	89.7	
