74.1	89.7	
86.2	89.7	
42.2	99.2	
99.1	89.3	
94.7	89.7	
96.3	99.4	
75.9	99.4	
98.7	99.4	
99.1	89.7	
98.7	99.6	
78.7	99.6	
99.1	99.4	
96.1	99.2	
99.3	99.6	
99.1	99.4	
99.3	99.6	
99.1	99.6	
98.9	99.2	
98.5	89.7	
98.1	99.6	
99.1	99	
98.7	99.6	
99.3	99.6	
96.7	99.6	
99.1	89.7	
99.3	99.2	
99.3	99	
98.3	99.4	
99.3	89.5	
99.1	89.7	
98.9	99.6	
99.3	99	
98.5	99.2	
99.3	89.7	
99.3	89.7	
99.3	99.4	
99.3	99.4	
99.3	99.4	
99.1	99.6	
98.1	99	
99.3	99.6	
98.5	99	
99.3	99	
99.3	99.6	
99.3	99.6	
98.9	99.4	
98.9	84.1	
98.9	99.6	
98.7	89.3	
88.8	99.6	
99.3	99.6	
99.3	99.6	
99.1	99.6	
97.3	89.5	
98.7	99.6	
98.9	99.6	
99.1	99.6	
98.7	99.6	
99.1	99.4	
98.9	99.6	
98.1	99.2	
98.7	99.6	
98.9	78.6	
98.9	89.5	
99.1	99.2	
98.9	99.4	
98.3	99.6	
98.7	99.6	
98.7	99	
99.3	99.6	
99.1	89.1	
98.5	99.6	
89.2	99	
99.3	99.4	
98.5	99.6	
98.3	99.6	
99.1	99.4	
99.1	89.3	
88.6	89.7	
98.9	99.6	
98.9	99.6	
98.9	99.6	
99.3	99.4	
99.3	89.7	
98.5	99.4	
99.1	99.6	
99.3	99.6	
98.5	99.6	
98.9	99.6	
98.9	99.4	
99.3	99.6	
98.7	99.6	
98.9	99.4	
98.9	99.6	
99.3	99.6	
99.3	99.6	
99.1	99.6	
98.9	99.2	
99.3	99.6	
98.1	89.7	
78.7	99.2	
98.7	99.6	
99.3	78.4	
99.3	89.7	
99.3	99.6	
99.1	89.7	
99.3	99.2	
99.3	99.6	
99.1	89.7	
99.3	99.2	
99.3	99.6	
98.9	99.6	
98.9	99.4	
88.8	99.6	
99.1	99.4	
99.3	99.2	
99.1	99.4	
99.3	99.4	
99.3	99.4	
67.8	99.4	
99.1	99.6	
89	99.4	
99.3	99.6	
99.3	99.6	
99.3	99.6	
98.7	99.6	
99.1	99.4	
98.7	98.8	
99.3	99.2	
99.3	86.1	
89	99.2	
99.1	99.6	
99.1	99.6	
98.9	99.4	
99.3	99.4	
98.3	98.6	
99.1	99.4	
99.1	99.6	
99.1	89.7	
98.7	99.2	
99.1	59	
99.1	99.6	
99.3	99.4	
99.3	99.6	
99.3	89.7	
99.1	99.6	
98.5	99.6	
99.3	88.9	
99.1	99.6	
99.3	99.4	
98.7	99.6	
98.9	89.7	
98.5	88.9	
99.3	89.7	
98.5	99.6	
99.1	89.7	
99.3	99.4	
99.3	89.7	
98.9	89.7	
99.3	99.6	
99.1	99.6	
98.7	99.4	
99.1	99.6	
98.9	99.6	
99.3	89.7	
99.1	99.6	
99.1	99.6	
99.1	79.2	
99.1	99.4	
99.3	89.1	
98.9	89.7	
99.1	89.7	
99.3	89.7	
99.1	89.7	
99.3	69.3	
99.1	99.6	
99.3	89.7	
88.6	99	
99.3	89.7	
99.3	79.4	
99.1	89.7	
99.1	99.6	
98.5	99.6	
99.1	99.6	
99.3	79.4	
99.1	89.5	
99.1	99.4	
99.1	99.4	
98.9	99.6	
99.1	99.4	
99.3	89.3	
99.1	89.7	
99.3	99.6	
99.1	89.3	
99.1	99.6	
99.1	98.4	
99.1	99.4	
98.9	89.7	
99.3	99.6	
98.9	99.6	
99.3	99.6	
99.3	99.6	
99.1	99.6	
99.1	99.6	
99.1	99.6	
99.1	99.6	
98.9	89.7	
99.1	99.6	
99.1	99.6	
99.1	98.2	
99.3	99.2	
99.3	99.4	
98.7	79.4	
98.7	99.6	
98.5	99.6	
98.9	99.6	
98.3	99.6	
98.9	99.6	
99.1	88.9	
99.1	99.4	
99.1	99.6	
99.3	99.6	
99.3	99.6	
98.7	89.3	
98.5	99.6	
98.9	89.7	
98.5	89.5	
99.3	89.3	
98.9	99.6	
98.7	99.6	
99.3	89.7	
98.9	99.2	
88.8	99.6	
99.3	99.6	
99.3	99.4	
99.3	99.4	
99.3	99.4	
99.3	99.6	
99.3	99.4	
98.9	99.6	
98.9	99.6	
98.9	99.6	
98.9	99.6	
98.9	99.4	
99.1	99.6	
99.3	99.4	
98.7	89.7	
99.3	99.6	
99.3	99.4	
99.3	89.1	
99.3	99.2	
99.3	99.6	
99.3	99.4	
99.3	99.4	
98.7	99.6	
99.1	89.7	
99.3	89.7	
98.9	99.6	
99.3	99.4	
98.5	89.5	
97.9	99.6	
99.3	99.4	
99.3	89.5	
99.3	99.6	
99.1	99.6	
99.3	99.4	
99.3	89.5	
99.3	99.6	
99.1	99.4	
99.3	99.6	
99.1	99	
98.9	99.2	
98.9	99.6	
99.3	89.7	
99.3	99.6	
98.9	89.3	
99.1	99.6	
98.9	99.6	
89.2	99.6	
99.1	99.6	
98.9	89.5	
99.3	99.6	
99.1	99.2	
88.8	89.3	
99.3	99.4	
99.3	89.1	
99.3	99.6	
98.9	89.7	
99.1	99.6	
99.3	99.6	
99.3	99.6	
99.1	99.4	
99.3	99.6	
99.1	99.6	
99.3	99.6	
99.3	99.6	
99.3	99.6	
98.9	99.6	
98.9	99.4	
99.3	88.7	
98.9	99.4	
99.3	99.4	
98.9	99.4	
99.3	99.6	
99.1	99.6	
98.7	99.6	
99.3	99.6	
99.3	99.4	
99.3	99.6	
99.1	89.3	
99.3	89.5	
99.1	99.6	
99.3	98.6	
99.3	99.6	
99.3	99.6	
99.1	99.6	
99.3	89.3	
99.3	99.6	
99.3	99.6	
98.9	89.3	
99.1	99.6	
98.7	99.6	
98.9	99.4	
99.1	99.4	
99.1	99.6	
99.1	99.6	
99.1	89.7	
99.3	99.6	
88.8	99.6	
97.5	99.4	
99.1	99	
99.1	99.2	
98.9	89.5	
99.3	99	
99.3	89.3	
99.1	99.4	
98.1	99.6	
99.3	99.6	
99.3	99.6	
98.9	99.4	
99.3	99.6	
98.9	99.6	
89	89.5	
98.5	99.2	
99.3	89.7	
99.3	89.7	
99.3	99.6	
99.3	99.2	
99.3	89.3	
99.1	99.2	
89	79.4	
99.1	99.4	
99.3	99.6	
99.3	99.6	
99.3	99.4	
99.3	99.4	
99.3	99.4	
99.3	99.6	
99.3	99.2	
98.7	99.6	
99.1	99.6	
89	99	
88.4	99.6	
99.3	99.6	
99.3	79.4	
98.7	99.4	
88.4	99.4	
99.3	99.6	
98.7	89.5	
99.3	99.4	
78.9	99.6	
99.1	99.6	
99.1	89.5	
99.1	99.6	
99.1	99	
98.3	99	
99.3	99.6	
99.3	99.6	
98.9	99.6	
88.8	99.4	
89.2	88.1	
98.9	79.6	
89	99.4	
99.1	99.6	
98.9	99.4	
99.3	99.4	
99.3	99.6	
88.4	99.6	
89	99.4	
87.6	99.2	
98.9	99.6	
98.9	89.5	
98.9	99.6	
98.7	99.6	
98.5	99.4	
98.9	99.6	
99.1	99.6	
98.9	99.2	
99.3	99.6	
98.9	99.6	
99.1	89.7	
99.1	99.6	
99.1	99.6	
99.3	79.4	
99.3	99.6	
99.1	89.5	
99.1	99.4	
99.3	99.6	
99.1	99.6	
99.1	89.3	
99.3	99.6	
99.1	98.8	
99.3	99.4	
99.3	99.6	
98.9	98.8	
98.5	99.6	
99.1	99.4	
98.9	99.6	
99.1	89.5	
98.7	99.6	
99.3	79.6	
99.3	89.7	
99.3	89.7	
99.1	89.5	
99.3	79.6	
99.1	89.7	
99.1	89.7	
99.3	89.7	
98.5	89.7	
99.3	99.2	
98.9	99.6	
99.3	99.4	
98.5	99.6	
99.3	99.6	
99.1	99.2	
99.1	99.4	
98.9	99.4	
99.1	98.8	
99.1	99.6	
99.3	99.4	
99.3	99.4	
98.5	89.5	
99.3	79.6	
99.1	89.3	
98.9	99.6	
99.3	99.4	
98.9	99.6	
98.9	99.6	
99.3	99.4	
98.7	99.2	
99.3	99.6	
98.9	99.6	
99.3	99.6	
99.3	99.4	
98.9	99.6	
99.3	99.6	
99.3	99.6	
99.1	99.6	
99.1	99.6	
99.3	99.6	
99.3	99.4	
99.1	99.6	
98.9	99.6	
98.9	89.3	
99.3	89.7	
99.3	99.6	
98.9	99.4	
99.3	99.6	
99.1	99.4	
98.5	99.4	
99.3	99.6	
98.9	99.4	
99.3	99.6	
89	99.6	
98.5	99.6	
99.1	99.6	
99.3	99.6	
99.1	99.6	
99.3	98.8	
99.3	99.6	
99.3	99.6	
99.1	99.4	
99.3	88.5	
99.3	99.6	
99.1	99.2	
99.3	99.6	
88.6	99.6	
99.1	99.4	
99.1	99.4	
99.3	89.1	
99.1	99.6	
98.9	99.6	
98.9	99.6	
98.9	99.6	
99.3	99.2	
99.1	99.6	
99.1	99.6	
99.1	99.6	
98.9	99.6	
99.1	99.4	
