37.7	79.6	
57.1	99.6	
88.4	69.1	
98.1	89.7	
62.6	97.6	
45.8	99.2	
75.9	99	
76.5	89.5	
83.6	79.6	
93.3	99.6	
98.7	98.4	
97.7	99.4	
98.3	97.6	
97.3	99.4	
98.1	95.4	
98.5	77.8	
97.9	99.6	
95.9	98.8	
88.2	99.4	
98.9	99.4	
97.7	99.4	
85.6	56.8	
99.1	99.4	
98.5	99.6	
89.2	98.4	
92.7	79.4	
87.2	99.6	
98.5	89.3	
89	78.2	
88	99.2	
98.3	79.2	
46.4	97	
89.2	89.7	
98.3	89.5	
99.3	89.5	
78.5	98.2	
98.7	98.6	
77.5	99.4	
99.3	88.9	
77.3	89.7	
98.9	89.1	
85.2	79	
98.5	99.4	
75.1	99.6	
84.8	99.6	
98.1	78	
88.8	88.9	
89.4	89.3	
99.3	98.4	
97.9	99	
76.3	98.8	
53.9	99	
98.7	98.6	
84.2	99.4	
72.9	99.4	
98.9	99.2	
75.7	99.4	
98.5	99.6	
78.5	88.7	
67	89.5	
98.7	89.1	
97.9	99.2	
99.3	99.2	
76.5	87.1	
98.1	99.4	
98.5	89.5	
56.1	99.4	
99.1	79.2	
98.7	89.7	
99.1	99.6	
98.9	79.6	
67	89.3	
96.5	89.3	
86.6	89.7	
99.1	79.4	
97.5	99.2	
99.3	89.3	
88.6	68.9	
99.1	89.1	
88.6	89.5	
87.2	99.2	
66.8	89.5	
99.1	99.6	
89.4	88.9	
88.4	89.7	
89	98.8	
97.9	58.2	
98.5	89.3	
66.4	79.4	
97.7	99.4	
98.7	89.3	
88	88.9	
98.3	89.7	
98.3	99.6	
98.1	99.6	
88.8	79.6	
99.1	89.7	
97.9	89.1	
87.8	99.6	
99.3	99.4	
96.7	99.2	
98.9	89.1	
99.3	99.4	
77.7	87.7	
97.7	89.1	
57.9	99.2	
97.7	89.5	
98.1	99.6	
98.9	89.7	
99.1	89.1	
98.9	89.7	
98.9	99.4	
75.9	88.5	
87.8	89.7	
99.3	89.3	
98.7	98.8	
97.5	99.4	
77.3	98.4	
97.3	77.2	
78.5	78.8	
99.1	89.5	
98.9	99.4	
97.5	88.9	
98.7	89.3	
89	89.3	
87.4	89.5	
98.3	89.7	
94.9	79.6	
98.9	79.4	
98.5	89.3	
99.3	89.7	
98.7	89.3	
99.3	99.2	
99.1	78.6	
99.1	89.7	
98.3	89.7	
98.9	89.7	
98.9	89.5	
98.7	89.7	
98.3	89.7	
98.5	89.7	
99.3	79.4	
79.3	89.7	
87.6	89.3	
97.5	69.5	
98.7	89.3	
98.3	78.8	
99.1	89.7	
88.4	99	
97.9	88.3	
99.1	99.2	
98.3	77.2	
98.9	96.8	
98.9	89.3	
98.1	88.7	
98.7	89.7	
77.9	69.1	
98.9	89.7	
97.9	89.7	
98.3	69.5	
89.2	89.1	
96.7	98.8	
97.5	89.3	
96.5	79.4	
99.1	88.5	
77.1	89.7	
98.9	89.5	
66	89.1	
98.1	89.7	
98.3	79.4	
99.3	89.7	
98.5	67.7	
99.1	99.4	
98.9	89.7	
97.9	89.7	
98.3	89.5	
98.5	68.5	
98.5	67.9	
78.5	78.8	
98.5	88.5	
99.1	99	
59.1	78.2	
98.7	79.4	
88.2	99.6	
98.5	99.4	
98.9	79.6	
98.1	79.2	
98.9	89.5	
98.7	99.6	
98.5	99.6	
88.8	89.5	
98.5	99.4	
99.3	89.5	
98.3	89.1	
99.1	99.4	
89	89.3	
58.1	79.6	
98.9	88.5	
78.5	88.9	
47.8	89.3	
98.7	89.3	
98.7	99.4	
98.5	79.2	
97.9	99.6	
98.9	79.2	
97.5	68.5	
98.3	89.3	
98.1	89.7	
44	77.8	
98.7	98.6	
98.1	99.4	
98.9	88.1	
76.9	89.5	
99.1	99.6	
98.5	99.4	
98.5	99.4	
99.1	89.5	
98.5	79.6	
76.9	89.3	
96.9	89.5	
88.4	99.2	
99.3	89.7	
98.9	89.5	
66.6	99.6	
89	79.2	
98.1	79.2	
98.5	79	
66.8	77.6	
98.5	99.2	
98.7	88.5	
99.3	88.9	
98.3	89.7	
78.5	99.2	
98.7	99.4	
97.3	79	
98.3	99.6	
98.7	98.6	
98.9	78.6	
97.3	98.2	
79.1	99.4	
98.7	99	
98.7	98.6	
98.3	98.8	
98.5	89.3	
98.9	99.4	
98.9	98.8	
87.8	99.4	
98.9	98.8	
59.1	89.5	
68.4	98.4	
88.6	99.4	
97.7	89.1	
88.4	89.7	
98.9	89.7	
97.9	99.2	
65.2	89.3	
87.2	89.5	
77.9	79.2	
99.1	99.6	
99.3	89.5	
98.7	68.7	
88.8	99	
98.3	89.3	
88.6	79.2	
98.7	89.5	
77.9	89.7	
98.9	68.9	
97.9	88.7	
99.1	99.2	
98.3	78.6	
78.7	89.7	
97.7	99.6	
98.1	89.7	
89.2	99.2	
99.1	89.3	
68.2	99.2	
96.5	99.2	
98.7	89.5	
99.3	68.7	
69	78.6	
96.7	99	
77.7	88.3	
87.6	88.7	
89	99.2	
98.7	89.5	
97.3	79.6	
97.9	99.6	
88.4	99	
98.7	89.7	
98.3	88.7	
98.7	99.4	
99.1	88.3	
96.9	99.6	
99.1	89.3	
99.3	79.6	
98.3	88.3	
98.9	99.6	
87.8	99.6	
88.6	89.7	
44.8	89.5	
98.7	99.2	
88.2	99.6	
96.1	49.1	
98.9	89.5	
89	99.6	
35.9	88.7	
98.5	89.7	
99.3	59	
99.3	89.5	
97.1	89.5	
98.9	79.2	
98.5	89.3	
78.5	47.9	
97.5	89.7	
99.1	99.4	
88.4	99	
98.1	88.9	
98.5	89.7	
98.9	99.6	
98.3	89.7	
98.7	98.8	
99.1	78.2	
98.5	88.5	
98.9	98.4	
87.4	89.7	
88.4	89.1	
99.3	88.9	
98.1	78	
88	88.9	
88.8	79.4	
79.1	99.4	
99.3	99	
98.7	98.8	
69	89.7	
87.2	99.6	
99.1	89.3	
98.5	79.2	
68.2	89.7	
98.5	89.7	
98.5	89.7	
98.1	89.3	
99.3	99.2	
97.3	98.8	
37.5	98.8	
98.5	88.9	
98.7	89.3	
98.5	99	
75.9	99	
98.9	79.4	
99.3	99.4	
88.6	99.4	
98.9	89.3	
98.7	89.7	
68.6	99	
89	89.3	
97.3	89.5	
66.6	98.4	
89	99.6	
98.3	89.5	
98.9	88.3	
86	98.8	
27.8	99.2	
88.8	66.9	
98.9	89.7	
78.5	99	
65.2	99.6	
98.9	98.6	
98.9	88.7	
65.6	79.6	
97.9	88.7	
98.1	68.3	
88	89.5	
98.9	89.7	
98.3	89.7	
65	79	
98.9	89.7	
98.7	89.7	
98.7	99.6	
98.3	89.5	
88.6	97.8	
98.9	99.6	
66.4	99.2	
77.7	99.6	
96.7	97.8	
99.1	89.5	
97.1	98.6	
96.9	98.6	
98.7	99.4	
88.8	88.9	
97.3	99	
88.8	89.5	
78.7	79.4	
98.5	79.4	
88.2	89.7	
99.1	99.4	
96.5	99	
69.4	99.4	
98.5	79.6	
97.3	89.7	
47.6	89.7	
98.7	89.7	
78.9	89.5	
77.5	89.7	
98.7	99.2	
88.6	59	
97.9	99.4	
98.5	99.6	
98.7	78.4	
98.1	89.5	
98.1	79.2	
97.7	79.4	
98.7	98.8	
98.5	89.1	
99.1	98	
98.7	98.8	
76.9	99.2	
97.7	78	
98.7	99.6	
77.5	99	
67.8	99.4	
69.4	99.2	
99.3	99.4	
88.6	88.3	
58.7	99	
98.1	99.6	
98.3	99.2	
98.9	89.3	
76.1	88.5	
98.9	98.6	
66.2	99.2	
98.3	98.6	
88.6	99.2	
48.8	98.8	
99.3	98.4	
99.3	88.9	
99.1	99.6	
98.3	99.4	
98.9	89.5	
88.6	99.4	
97.9	99.6	
68.8	88.7	
97.9	99.2	
88.2	99.4	
68.6	99.4	
79.1	78	
97.9	99	
97.9	98.6	
68.6	89.7	
88	59.2	
98.5	99	
99.1	99.2	
56.3	99.6	
77.5	99.4	
89.2	89.5	
98.7	69.1	
67.8	99.6	
75.7	99.2	
65.2	69.1	
45	99.6	
94.7	89.7	
89.2	98.8	
87.2	99.4	
67.6	97.2	
97.5	99.6	
88.6	78.6	
98.7	89.5	
98.5	99	
98.1	87.5	
97.9	99.4	
98.3	89.1	
98.5	88.1	
99.3	99.6	
98.3	99.6	
98.3	88.5	
99.1	98.8	
93.9	99.2	
98.9	89.7	
98.5	89.1	
98.3	89.1	
98.1	99.4	
98.5	88.1	
96.9	99.6	
86.8	99	
98.3	99.2	
96.5	89.5	
98.5	99.2	
98.3	99.4	
98.5	99.4	
98.9	98.6	
88.6	78	
86.4	99.4	
97.5	78.2	
98.9	98.4	
98.7	98.4	
99.3	99	
77.3	98.6	
88	89.7	
98.1	99.6	
65	99.6	
98.9	89.1	
