67	89.3	
93.9	89.3	
96.3	88.7	
40	89.1	
68.8	88.9	
44	89.5	
78.3	96.2	
97.9	89.1	
98.1	89.1	
98.1	98.8	
86.2	89.5	
97.5	89.5	
98.5	89.5	
96.1	98.6	
95.7	89.5	
94.9	89.5	
98.7	89.7	
77.5	67.7	
99.1	66.9	
98.1	96.6	
98.7	96.4	
99.3	99.6	
98.5	79.4	
97.7	89.3	
98.3	88.1	
65.8	98.2	
98.9	99.2	
99.1	89.5	
98.1	99.4	
97.5	89.5	
88	99.4	
37.3	99.6	
86.6	89.5	
78.5	99.4	
99.1	99.2	
98.9	89.3	
96.7	98.6	
97.3	99.2	
97.9	97.6	
99.1	99.4	
56.7	98.8	
99.1	99	
99.1	99.2	
98.5	98.6	
78.7	98.4	
98.7	98.2	
99.1	89.3	
96.3	99.4	
98.3	89.5	
97.5	99.6	
99.1	99.6	
95.7	99	
96.1	79	
99.3	99.6	
97.1	99.6	
98.7	88.5	
98.5	89.1	
97.9	68.7	
94.7	98.2	
99.1	99.6	
88.6	99.6	
98.7	99.4	
82.4	99.6	
56.9	99.2	
66.8	88.9	
99.1	99.2	
79.1	88.1	
99.1	99.4	
96.3	89.7	
76.7	99	
88.4	98.4	
98.7	99.4	
98.7	99.6	
78.5	87.7	
88.2	88.1	
98.3	99.6	
98.9	99.4	
88	98.6	
99.1	89.7	
76.1	67.5	
99.3	89.7	
87.8	89.7	
87.6	99	
76.9	99.2	
98.9	88.1	
89	98.4	
88.4	88.9	
98.9	98.6	
68.6	89.1	
99.3	99.6	
98.3	99.2	
98.1	99.4	
98.3	89.3	
88.2	89.5	
88.4	88.7	
98.9	98.4	
97.9	78.8	
88.6	58.8	
88.4	88.5	
38.1	77.4	
98.5	89.5	
98.9	99.2	
98.9	99	
77.7	89.3	
66.6	99.6	
48.8	99.2	
99.1	99.4	
99.1	88.9	
88.8	99.4	
99.3	78.6	
98.7	99.2	
98.7	66.5	
89.4	99.2	
98.3	99.4	
99.1	78	
88.6	88.9	
97.5	89.1	
96.9	47.5	
89.4	98.2	
98.5	99.2	
87.6	88.9	
88.8	98	
99.1	99.4	
98.5	99.6	
88.8	99.6	
98.5	99.6	
77.7	99.2	
88.2	89.1	
98.5	89.5	
97.1	99.2	
94.9	99.6	
98.5	99.2	
98.5	99.4	
76.5	97.6	
99.3	89.3	
97.7	97.8	
58.7	89.3	
89	99.2	
98.7	98.4	
87	98	
98.5	98.6	
98.5	68.9	
98.7	98.8	
88.2	98.4	
99.1	99.6	
89	98.8	
98.9	98.4	
98.9	98.8	
98.9	99.4	
77.7	77.4	
97.5	98.2	
99.1	98.8	
99.3	89.7	
98.7	89.5	
69.2	99.4	
98.9	98.2	
77.9	89.5	
98.3	79.4	
98.1	89.7	
98.9	79.6	
78.9	88.7	
99.1	89.3	
67.8	99.6	
87.4	98	
89.2	99.4	
79.5	99.4	
89	88.7	
57.9	69.1	
88.4	99.4	
79.1	89.7	
79.1	98.8	
88.2	99.2	
68.4	89.7	
98.1	99.4	
89.4	78	
77.7	99.6	
67.6	87.7	
98.9	89.5	
98.5	99.2	
99.3	79	
88.4	98.4	
98.9	79.6	
88.4	87.9	
98.3	87.9	
78.1	98.4	
98.1	99.2	
89	89.5	
88.4	88.3	
97.9	86.3	
99.1	98	
67	89.3	
78.9	99.4	
78.9	56.6	
99.1	77	
98.1	99	
88	99.2	
75.3	99	
77.7	99.4	
98.9	67.9	
98.7	99	
99.1	89.1	
98.7	89.3	
98.7	98.8	
98.7	89.1	
88.2	99.2	
97.1	99.2	
88.4	99.6	
99.3	89.7	
98.5	89.5	
97.1	88.7	
99.1	88.1	
99.1	98.6	
88.2	88.9	
97.9	99	
88.8	98.4	
78.3	98.6	
98.7	88.9	
78.1	99.2	
88	88.5	
98.5	89.1	
87.6	89.7	
98.5	68.7	
98.9	89.1	
98.1	89.5	
77.1	79.2	
88	69.5	
42.4	78.8	
98.7	89.7	
16.1	98.6	
99.3	76.2	
99.1	88.9	
98.7	98.4	
99.1	78.6	
97.9	78	
99.1	89.1	
88.6	99.2	
99.3	98.2	
98.7	89.1	
99.3	98.8	
98.5	97.4	
97.9	79.6	
87.6	98.4	
64.8	99.6	
98.9	98.4	
98.5	97.2	
98.7	99.4	
98.3	79.6	
98.9	88.7	
67.4	89.7	
98.7	99.2	
99.3	98.2	
95.9	98.4	
99.3	99.2	
99.3	99	
98.3	99.4	
88.6	69.3	
99.1	89.5	
99.1	98.6	
99.1	88.9	
99.1	99.4	
98.7	99.2	
78.5	89.7	
78.5	57.8	
97.9	89.7	
97.9	99.6	
97.7	78.6	
96.9	89.7	
99.1	97.6	
79.1	99.4	
88.2	99.4	
99.1	99.6	
99.1	99.6	
68.8	99.6	
99.1	99.4	
98.1	99.6	
97.1	98	
97.7	99.2	
98.7	99.6	
58.7	98.8	
99.1	99	
36.3	99.6	
56.9	99.2	
98.5	99.2	
97.7	88.9	
99.1	79.4	
98.1	99	
98.3	98.6	
95.9	98.8	
98.9	99.4	
97.9	99.2	
98.9	99.4	
76.3	89.7	
79.1	98.8	
98.3	89.3	
98.7	99.6	
55.7	99.4	
88.4	78	
96.5	99.6	
98.9	99	
98.7	89.1	
87	89.5	
98.9	96.4	
98.7	59	
97.5	89.3	
89.2	89.1	
98.5	89.3	
88.6	89.1	
76.9	47.5	
98.7	89.7	
98.9	88.9	
97.1	89.5	
87.2	88.1	
9.1	99.6	
89.2	89.7	
98.7	88.9	
97.9	89.1	
99.1	88.7	
98.1	98.6	
79.1	99	
97.5	89.7	
87.2	89.7	
99.1	98.4	
37.7	58.6	
87.2	89.1	
99.3	89.5	
96.5	89.3	
98.7	79	
97.5	99	
97.9	89.5	
99.1	99	
98.5	89.5	
99.3	86.7	
98.7	99.2	
98.7	99.4	
99.1	89.5	
89.2	89.7	
99.3	89.1	
98.9	89.1	
98.9	98.8	
99.1	69.1	
86.8	89.7	
85.2	89.3	
98.7	89.1	
98.1	99.2	
98.3	58.4	
76.1	99.4	
99.1	99.4	
98.9	97.2	
98.7	89.3	
99.1	89.7	
98.1	79.4	
97.7	89.7	
98.9	99.4	
58.6	89.7	
98.9	78.6	
97.7	89.7	
97.9	89.5	
99.3	89.3	
98.5	78.8	
99.1	99.2	
99.3	89.5	
98.7	78.6	
87.6	98.4	
99.1	89.5	
98.3	89.7	
98.7	66.3	
97.9	89.3	
98.3	89.7	
99.1	89.7	
68.6	89.5	
99.1	89.1	
83.2	79.2	
98.5	79	
99.1	89.5	
78.1	99	
99.1	88.7	
98.5	88.9	
99.1	89.7	
98.9	88.5	
98.1	79.6	
57.1	78.8	
79.3	99	
87.4	79.6	
98.7	99.4	
99.3	88.7	
78.5	99	
46	98.8	
98.3	99.6	
7.8	99.2	
64.6	98.2	
98.7	89.3	
98.5	98	
75.9	98.8	
96.5	99.4	
97.9	98.8	
96.5	99.2	
55.3	99.2	
99.3	98	
97.7	98.2	
98.3	57.6	
97.5	99.4	
98.5	89.7	
75.3	89.5	
87	89.7	
98.7	79.6	
99.1	89.1	
96.5	99.4	
99.3	89.3	
96.9	89.5	
99.3	98.2	
99.1	98.4	
97.9	89.5	
98.3	89.7	
88.4	99.6	
98.1	89.7	
96.1	98.4	
98.5	99.6	
98.5	99.6	
82.6	89.7	
99.1	98.6	
77.5	89.7	
87.8	89.7	
98.7	98.8	
85.6	99.2	
76.7	88.9	
98.7	99.2	
98.9	99.6	
99.1	99.4	
89	99.6	
92.3	78.6	
99.1	89.1	
99.1	98.4	
87.8	88.3	
97.7	89.5	
87.8	99.6	
99.1	99.6	
98.5	99.6	
98.1	99.4	
74.5	97.8	
98.9	88.9	
93.9	98.2	
98.3	99.2	
97.3	99.4	
99.3	99.2	
86.4	99.4	
98.7	99.6	
98.7	99.2	
98.1	96.6	
98.7	89.5	
99.1	99	
97.7	98.4	
99.1	98.4	
76.7	99	
95.5	99.6	
79.3	88.5	
98.9	99.2	
99.1	99.6	
99.1	89.5	
78.9	88.7	
47.2	99.6	
87.6	99	
89	99.2	
96.7	79.6	
97.9	89.7	
97.9	89.3	
97.3	99.6	
99.1	99.6	
46.8	98.6	
97.5	99	
97.3	99.4	
98.5	99.6	
98.1	79.6	
97.5	98.4	
99.1	68.9	
98.9	99.6	
78.3	89.7	
98.3	89.3	
98.3	99.6	
78.7	79.4	
99.1	99	
97.7	87.7	
99.1	89.5	
99.3	78.6	
97.9	98.6	
99.1	88.9	
98.9	98.8	
98.1	99.2	
98.1	88.3	
99.1	89.5	
99.1	99.2	
98.7	87.9	
98.5	99.2	
56.5	78.4	
98.3	89.7	
99.1	89.7	
98.5	99.2	
-2.3	99.6	
98.3	89.3	
98.1	79.4	
98.9	47.9	
