84.2	89.7	
32.3	79.4	
54.9	89.7	
87.6	89.7	
86.4	89.7	
52.5	89.7	
94.3	61.7	
97.5	89.7	
68.2	79.6	
98.1	89.5	
97.1	88.5	
92.9	89.7	
98.9	89.7	
97.7	89.7	
97.5	89.7	
97.7	63.1	
97.3	89.5	
97.9	69.1	
98.9	89.5	
88.2	89.5	
99.1	89.5	
99.3	89.7	
99.3	89.7	
98.5	79.6	
95.3	89.7	
99.1	89.3	
98.5	89.7	
98.5	74	
99.1	89.5	
99.3	59	
99.1	89.5	
99.1	79.6	
99.3	79.6	
99.3	89.7	
99.3	79.6	
99.3	79.4	
88.8	89.7	
98.7	89.5	
99.3	89.7	
98.9	89.7	
99.3	89.7	
98.9	89.5	
99.1	89.7	
99.1	79.6	
99.3	89.7	
99.1	89.7	
89.2	79.6	
89	69.3	
99.1	89.7	
98.5	89.5	
99.1	89.3	
89.2	79.6	
98.9	89.5	
99.1	89.7	
99.3	89.7	
98.9	89.7	
99.3	89.7	
99.3	89.3	
99.3	89.1	
99.3	59.4	
98.7	89.7	
99.3	89.7	
97.9	89.7	
88.8	89.5	
99.3	89.7	
99.1	89.7	
99.3	89.7	
99.3	89.3	
89.2	89.5	
98.9	89.7	
99.3	89.7	
99.3	88.9	
99.3	88.9	
99.3	89.7	
99.1	79.6	
98.7	89.7	
99.1	89.1	
99.1	79.4	
98.5	89.7	
98.9	89.1	
99.1	89.5	
89.2	89.1	
97.9	89.7	
98.9	89.7	
99.1	89.7	
99.1	79.6	
99.3	89.5	
98.9	89.1	
99.1	89.5	
99.1	89.7	
99.3	89.5	
98.9	89.7	
98.7	89.7	
99.1	89.3	
98.9	89.7	
99.3	89.7	
98.9	89.7	
99.3	89.7	
98.7	89.7	
99.1	89.5	
99.3	79.2	
98.7	69.5	
98.5	89.7	
98.7	79.2	
99.3	89.7	
99.3	89.7	
99.1	89.7	
99.3	89.5	
89	89.3	
98.9	89.7	
99.1	79.4	
99.3	89.7	
99.1	89.7	
99.3	89.7	
99.1	89.7	
99.3	79.4	
99.3	89.5	
98.9	89.7	
98.7	89.3	
99.1	89.7	
89.2	89.7	
98.5	79.2	
99.3	89.7	
99.3	89.7	
88.8	99.6	
99.1	89.7	
99.3	89.5	
88.8	79.4	
98.5	79.6	
88.6	89.5	
99.3	89.7	
99.3	89.7	
98.3	79.6	
99.3	89.7	
99.3	79.6	
98.7	89.7	
99.3	89.5	
99.1	89.3	
99.1	89.7	
86.8	89.7	
99.1	89.7	
99.3	89.7	
98.7	79.4	
99.1	89.7	
99.1	89.7	
98.9	79.6	
99.3	79.6	
88.8	89.7	
99.1	89.7	
99.1	89.5	
99.3	89.7	
99.3	89.7	
98.9	89.5	
99.1	89.7	
98.7	89.7	
99.3	88.9	
88	79.2	
99.1	89.5	
89.2	89.5	
99.3	79.4	
99.3	79.6	
79.1	79.6	
98.9	89.5	
99.3	69.3	
99.3	78.6	
99.1	89.5	
99.1	89.7	
99.3	89.7	
89	89.1	
98.3	89.5	
89	89.7	
99.1	89.5	
98.7	89.7	
98.7	89.7	
98.9	69.5	
99.3	79.4	
99.3	89.7	
98.7	89.5	
98.9	79.6	
99.3	89.7	
98.3	88.9	
99.1	89.7	
78.7	89.7	
99.3	89.7	
88.6	89.7	
99.1	89.7	
89	89.3	
99.1	89.7	
99.3	89.7	
98.9	89.7	
88.6	89.3	
98.3	79.4	
99.3	89.7	
99.3	89.3	
98.5	59.2	
99.3	89.5	
88.6	79.2	
87.6	89.7	
99.3	89.7	
99.1	79.6	
98.9	89.7	
99.3	89.5	
99.1	89.7	
88	89.7	
98.7	79.6	
99.3	89.7	
99.1	79.4	
98.5	79.4	
98.7	79.2	
99.3	89.7	
99.3	59	
99.3	89.7	
99.3	89.1	
99.3	89.5	
99.3	89.7	
99.1	89.7	
98.9	89.7	
98.7	89.7	
98.9	79.2	
98.9	89.5	
98.9	79.6	
99.3	89.7	
99.1	68.9	
99.1	89.7	
98.9	89.7	
99.1	89.7	
99.1	89.3	
99.1	89.5	
99.1	89.7	
99.3	29.1	
99.1	89.7	
98.3	89.7	
98.9	69.5	
98.5	89.7	
99.1	89.7	
99.1	78.4	
98.7	89.7	
99.3	89.7	
99.3	79.2	
99.1	79.6	
88.8	89.7	
69	79.4	
99.1	89.7	
99.1	89.5	
98.9	89.7	
99.3	79.2	
99.3	89.7	
98.7	89.3	
87.6	89.3	
99.1	89.7	
78.9	89.7	
87.4	89.7	
99.3	89.7	
99.1	89.7	
99.1	59.4	
99.3	79.6	
98.7	89.5	
99.3	89.3	
98.9	79.6	
99.1	89.7	
98.7	79.4	
98.9	89.7	
99.1	89.1	
99.3	89.7	
98.1	89.3	
89	89.7	
98.5	89.7	
99.3	88.9	
89	89.7	
99.1	89.5	
99.3	89.7	
99.3	89.5	
98.9	89.7	
99.1	89.5	
98.9	89.7	
98.9	89.7	
99.3	89.7	
99.3	89.7	
88.8	79.4	
89.2	89.5	
89	78.4	
97.9	89.7	
98.7	89.5	
98.3	89.7	
99.3	79.4	
99.1	89.5	
99.3	89.7	
99.1	89.7	
98.7	89.7	
99.1	89.7	
99.1	89.3	
99.1	89.7	
99.3	89.7	
99.3	89.7	
98.9	88.9	
99.3	89.5	
99.3	79.2	
99.3	89.7	
99.1	89.7	
99.3	89.5	
99.1	89.7	
99.1	89.7	
98.1	79.6	
99.1	89.5	
68.6	89.7	
88.8	89.3	
98.9	79.4	
99.1	79.6	
99.1	89.5	
99.3	89.7	
99.1	89.7	
99.1	79.6	
99.1	79.2	
98.7	89.7	
98.9	89.7	
99.3	89.5	
98.3	79.6	
99.1	89.7	
99.1	89.5	
99.1	89.7	
78.7	89.7	
99.3	89.5	
99.3	89.7	
98.9	89.3	
89	79.4	
99.3	89.7	
99.1	79.6	
99.3	89.5	
89.2	89.7	
88.8	89.7	
87.8	89.7	
88.6	89.3	
98.3	89.7	
99.3	89.5	
98.9	79.6	
98.9	79.4	
99.1	89.7	
98.9	89.7	
99.3	79.4	
99.1	89.7	
98.5	89.7	
78.9	89.7	
99.3	89.7	
98.7	89.5	
99.1	89.7	
99.3	79.4	
99.1	89.7	
98.9	89.7	
99.3	89.7	
99.3	79.4	
98.9	69.3	
88.8	89.7	
98.9	69.5	
98.7	89.5	
99.3	89.7	
99.1	88.7	
89	79	
98.3	89.7	
99.1	89.5	
99.3	69.5	
99.3	89.5	
98.9	89.5	
99.1	89.5	
78.7	89.7	
99.1	89.3	
98.9	89.7	
99.3	88.7	
99.1	89.7	
99.3	89.7	
89	79.6	
99.1	89.5	
99.1	89.7	
99.3	89.5	
98.3	79.6	
99.3	89.7	
89.2	39.2	
78.5	89.5	
98.1	88.9	
99.1	89.7	
98.5	79.6	
98.7	89.7	
99.3	88.9	
99.1	89.7	
99.1	89.7	
98.7	89.5	
98.9	89.7	
99.1	89.7	
98.1	89.7	
99.3	89.7	
99.1	89.7	
99.3	89.7	
99.3	89.7	
98.5	89.7	
98.9	89.7	
99.1	89.5	
99.3	89.7	
98.9	89.7	
98.9	79.6	
98.9	89.7	
99.1	89.5	
99.1	79.4	
99.1	89.5	
99.1	89.7	
88.8	79.4	
99.3	79.6	
99.3	89.7	
99.1	79.4	
99.1	89.1	
99.1	88.7	
99.3	89.7	
99.1	79.6	
99.1	89.7	
98.7	89.5	
99.3	89.5	
89	89.5	
99.1	89.7	
99.3	79.4	
89	89.7	
99.3	89.5	
99.3	79.4	
99.1	89.5	
98.9	89.7	
89	89.7	
99.3	89.7	
99.3	89.5	
99.1	79.6	
99.3	79.6	
99.3	79.6	
98.9	89.7	
89.2	79.6	
89.2	89.7	
99.1	89.5	
98.7	89.7	
99.3	89.5	
88.8	89.5	
88.8	89.7	
99.3	89.7	
99.3	89.7	
98.9	89.7	
99.3	89.5	
98.5	89.7	
98.9	89.5	
99.3	89.7	
99.1	89.7	
99.3	79.6	
89.2	89.7	
99.3	69.5	
99.3	89.7	
99.3	79.4	
99.1	89.7	
99.3	89.7	
99.3	89.5	
88.8	89.7	
99.1	89.7	
98.5	89.7	
78.7	89.7	
99.3	89.7	
98.7	79.6	
98.3	89.7	
99.3	79.6	
99.3	79.6	
98.9	88.5	
98.3	89.5	
99.1	89.7	
99.3	69.3	
99.3	89.7	
99.1	89.7	
98.9	89.7	
99.3	89.3	
99.1	89.7	
66.6	89.7	
99.3	89.7	
99.3	89.7	
98.9	89.5	
99.1	89.7	
99.1	89.7	
98.9	79.6	
89	99.6	
99.3	89.7	
99.3	89.7	
98.9	89.5	
99.3	89.7	
99.3	89.3	
99.3	89.5	
99.3	89.5	
99.3	89.7	
99.1	89.7	
99.1	89.7	
98.7	79.6	
99.1	89.7	
99.3	89.7	
98.3	89.7	
98.7	89.7	
99.1	89.3	
89	89.5	
98.7	89.5	
98.9	89.7	
99.3	89.7	
99.3	89.7	
98.7	79.4	
