97.3	89.5	
65	89.5	
96.1	97.6	
67.8	99	
98.5	99.6	
95.9	99.4	
66.8	97	
97.1	89.7	
96.3	99.4	
97.1	99.6	
98.1	93.6	
99.3	98.4	
97.5	88.9	
98.3	99.4	
98.7	99.4	
97.1	99.4	
98.9	99.4	
86.8	99.4	
98.1	99.6	
98.9	99.6	
98.7	99.4	
99.3	89.3	
98.9	89.7	
97.5	97.6	
98.7	99.4	
98.3	98	
96.5	99	
98.7	99.2	
97.3	89.3	
98.5	89.5	
97.5	89.5	
98.7	99.6	
98.5	98.8	
96.3	99.2	
98.9	98.8	
88.4	99.2	
98.5	98.6	
97.7	89.5	
96.7	89.5	
97.5	98.8	
98.9	99.6	
98.5	97.6	
96.5	68.3	
95.5	99.6	
99.1	58.8	
98.5	88.7	
98.9	79.4	
48.6	98.8	
98.1	98.6	
98.5	97	
98.9	99.6	
68.4	89.3	
99.3	89.7	
99.1	88.9	
98.7	99.6	
97.9	98.4	
98.7	89.5	
99.1	99.6	
99.3	88.7	
98.7	89.1	
98.9	89.7	
99.3	79.2	
98.1	89.1	
97.9	89.7	
99.3	79	
98.7	79.4	
99.3	99	
98.7	89.7	
98.3	99	
99.1	99.6	
99.3	89.1	
98.5	99.6	
96.9	99.6	
89	99.2	
68.6	87.7	
97.7	98.8	
99.3	99.6	
57.9	98.6	
98.9	79.2	
98.3	89.5	
97.9	79	
97.1	99.4	
98.3	69.3	
57.5	89.1	
78.7	99	
99.3	98.4	
98.9	99.4	
99.1	89.3	
98.5	69.3	
96.9	99.6	
89	99.2	
98.5	89.3	
98.5	98.4	
98.7	49.1	
87.6	99.4	
98.9	99.4	
95.9	79.2	
99.1	99.6	
98.9	88.7	
99.3	88.9	
97.3	99.6	
98.5	68.5	
99.1	89.5	
98.9	89.7	
89	99.6	
67	78.8	
99.3	89.7	
98.9	79.2	
99.3	89.7	
98.5	99.6	
98.1	89.1	
98.7	89.5	
98.9	98.8	
99.1	78.2	
89.2	99.4	
86.6	89.3	
78.7	79.6	
89.2	89.5	
89	98.8	
89	98.6	
89	89.3	
99.3	88.5	
88	99.6	
89	78.8	
87.2	88.3	
78.9	99.6	
98.7	89.1	
88.8	99.6	
99.1	99.6	
98.9	89.5	
88.8	99.6	
98.3	89.3	
98.9	78.4	
98.3	99.6	
66.2	99.4	
98.7	99.4	
98.9	99.4	
98.1	79.4	
99.1	98.6	
98.9	98.2	
98.3	99.4	
99.3	99.4	
99.3	99.6	
79.1	98.4	
99.1	89.3	
88.2	99.4	
99.1	99.6	
88.8	99.4	
88.8	99.4	
99.1	99	
99.3	99.6	
99.1	99.2	
98.1	99.4	
99.1	99.4	
89.2	78	
99.3	99.6	
98.1	99	
98.7	98.4	
99.3	99	
99.3	98.8	
98.5	97.4	
98.9	88.9	
98.9	89.7	
79.1	99.6	
97.9	89.5	
98.1	89.7	
98.5	89.5	
98.9	99.6	
98.3	97.4	
89.2	99.4	
89.2	98.2	
89.4	98.8	
89.2	99.2	
97.3	99.4	
98.9	99.2	
78.9	79.4	
99.3	88.9	
98.9	99.4	
68.8	89.7	
97.3	89.7	
97.3	89.7	
89.2	89.7	
99.1	99.4	
96.7	99.4	
97.9	79.4	
88.6	88.5	
97.5	99.6	
99.1	79	
88.8	99.6	
99.1	99	
99.3	99.6	
98.9	99.6	
99.3	89.7	
98.7	99.2	
97.9	99.6	
97.9	99.2	
98.3	99.6	
98.3	89.1	
98.5	89.5	
98.7	98.8	
77.1	59.2	
98.7	89.7	
98.9	88.9	
79.5	89.3	
98.7	89.7	
56.7	89.5	
97.7	99.6	
45.6	89.5	
98.9	99.4	
68.6	89.1	
98.9	89.1	
79.1	99.2	
97.3	89.3	
98.9	69.5	
97.7	99	
98.7	99.4	
98.5	89.3	
87.2	98.2	
98.9	99.6	
75.5	89.5	
97.3	99.6	
98.7	99.6	
88.6	68.5	
99.3	98.8	
99.3	79.6	
97.3	88.9	
85.8	89.5	
98.5	69.5	
99.1	89.7	
99.3	99.2	
98.9	89.1	
98.7	89.7	
99.3	89.7	
98.9	89.7	
98.9	99.4	
98.1	89.7	
36.7	69.5	
88.4	89.1	
78.9	89.7	
98.1	49.3	
75.7	89.3	
86.6	99.2	
97.9	89.5	
97.1	99.4	
97.5	79.4	
98.9	89.1	
87.2	98.6	
98.9	89.3	
98.5	89.5	
98.9	79.4	
98.1	79.6	
98.3	99.6	
78.3	78.6	
79.1	78.8	
98.5	99.6	
78.9	99.4	
97.7	99.6	
98.5	98.4	
62.8	99.6	
99.3	99.4	
98.9	98.8	
98.5	98.8	
98.9	99.2	
99.1	99.4	
69	99.6	
98.7	99.4	
98.7	89.1	
98.9	89.7	
98.3	99.6	
99.3	87.9	
99.1	99.6	
99.1	99	
99.1	99.4	
68.8	99.6	
68.6	99.6	
98.5	89.1	
98.7	99.6	
69.2	99.2	
98.5	99	
98.7	99.6	
99.1	89.1	
89.2	89.7	
99.3	99.6	
99.3	98.8	
99.3	88.5	
98.5	89.7	
99.3	67.9	
69.2	99.6	
89.4	99.4	
98.9	99.6	
97.5	89.3	
98.9	99.4	
98.3	99.4	
99.3	99.4	
96.7	98.4	
98.7	89.7	
99.3	89.1	
77.5	98.2	
95.9	99.6	
97.9	88.9	
87.6	98.6	
97.9	98.6	
76.9	98.4	
98.7	89.1	
98.5	99	
99.3	99.2	
98.9	99.6	
99.1	89.3	
98.7	99.4	
97.5	99.2	
98.3	97.4	
97.5	78.8	
98.3	99.4	
78.5	98.4	
98.9	99	
98.5	78.6	
98.9	99	
99.1	99.6	
99.1	89.7	
98.7	99.4	
97.3	99.6	
98.7	89.3	
78.3	99.4	
98.7	77.4	
69.4	99	
98.9	99.6	
97.9	99.6	
98.5	99	
98.1	89.5	
98.5	99.4	
98.5	99.2	
98.5	99.4	
88.4	89.1	
99.3	99	
97.3	99.6	
98.7	98.4	
99.3	88.9	
97.9	98.2	
88.6	99.2	
97.3	69.1	
98.7	89.1	
89.4	99.4	
98.5	99.6	
88.4	99.4	
67.4	99	
87.6	88.9	
58.3	99.6	
98.7	99.6	
98.7	89.7	
98.1	98.8	
88	99.6	
97.1	99.2	
77.5	99.6	
87.4	89.5	
99.1	87.7	
98.3	78	
78.1	99.6	
78.5	89.7	
98.1	99.4	
89.4	99.6	
87.2	88.9	
98.7	99.2	
98.9	89.3	
98.1	78.6	
98.7	99	
98.9	88.7	
88.4	89.3	
98.9	89.1	
89	78.8	
99.3	99.6	
97.9	99.4	
99.1	89.5	
88.8	89.1	
99.1	89.3	
98.7	38.6	
98.9	88.7	
88	58.2	
98.9	89.5	
97.5	89.7	
98.7	99.4	
99.3	89.7	
89.2	77.6	
88	89.5	
99.1	99.4	
99.1	89.5	
97.5	98.8	
88.8	99.6	
98.9	89.1	
98.5	89.5	
97.5	89.3	
99.3	79.4	
97.5	99.6	
97.5	87.7	
88.8	89.7	
98.3	89.5	
98.7	88.5	
78.1	69.5	
99.1	89.5	
97.7	99.4	
99.1	79	
98.9	77.4	
96.3	88.9	
99.3	77.4	
98.5	98.6	
98.9	88.5	
97.5	99.2	
97.1	88.5	
88.8	89.5	
98.9	98.8	
98.9	99.6	
98.1	99.6	
88.6	99.4	
97.3	99.2	
99.3	99.4	
98.3	88.9	
87.6	99.4	
89	89.7	
97.1	99.6	
98.3	99.6	
99.3	79.2	
69	99.4	
99.3	99.4	
98.7	99.6	
98.7	99	
96.9	99.4	
89.2	99	
67.2	98.8	
98.5	99.6	
88	99.6	
79.1	98.4	
99.1	98.6	
99.3	79.2	
86.4	98.2	
57.7	99.2	
88.6	99.6	
98.9	99.6	
99.1	99	
78.9	98.6	
97.7	99	
99.1	99.4	
98.5	97.6	
89	98.8	
99.1	99.2	
77.1	99.4	
98.1	99.6	
98.9	99.4	
99.1	99.4	
99.1	79.4	
97.7	99.4	
99.1	89.3	
98.9	99.2	
78.1	99.6	
89.2	89.3	
78.7	69.1	
69.2	99.4	
99.3	98.4	
99.3	88.9	
68.2	99.6	
67.6	99.4	
87.4	99.6	
99.1	99.4	
99.3	98.6	
98.7	89.5	
57.5	98	
98.5	99.6	
89.2	89.1	
97.7	99.4	
97.5	99.6	
58.1	99	
97.1	99.6	
86	79.2	
97.5	89.5	
98.7	99.4	
99.3	98.8	
98.5	99.6	
98.9	98.8	
98.5	89.1	
79.1	99	
96.3	89.7	
98.3	89.5	
88.8	99.6	
98.9	99.2	
88.4	99.6	
98.7	99.6	
98.7	99.2	
89.4	99.6	
98.5	79.6	
98.9	89.1	
99.3	89.5	
98.5	99.6	
97.9	99.6	
68.2	99.6	
98.5	99.6	
98.3	99.2	
76.7	99.4	
98.5	89.5	
98.3	99	
87.2	98.6	
99.3	99	
98.3	99.4	
