31.9	89.3	
73.3	95	
74.7	72.6	
99.1	89.7	
96.3	87.3	
95.9	99	
67.4	99.4	
98.3	99.4	
-5.3	84.7	
98.9	99.4	
72.9	98.6	
98.5	99	
96.7	99.2	
98.5	99.4	
87	89.7	
88.4	99.4	
77.7	99.4	
97.1	99.6	
89	99	
98.7	88.7	
88.4	89.1	
98.5	95.8	
98.1	88.7	
99.3	98	
99.1	99.4	
83.8	99.2	
98.3	89.3	
99.3	99.4	
98.3	99.6	
99.1	99.6	
98.5	99.4	
98.7	89.3	
98.7	98.8	
97.9	99	
98.7	99.2	
98.3	98.8	
88.8	99.2	
98.3	99	
88.6	89.5	
97.5	68.9	
85.4	89.5	
86.6	99.6	
98.5	98.4	
99.1	89.3	
97.7	79.2	
97.7	99.2	
98.5	99.6	
78.3	78.6	
98.3	99.6	
76.9	89.5	
98.9	99	
99.1	98.4	
99.1	88.7	
98.7	89.3	
98.9	88.7	
97.5	77.6	
98.7	99.4	
98.9	87.9	
99.3	99.2	
98.5	97.6	
97.5	99	
98.5	89.7	
98.1	99.2	
98.9	99.6	
99.3	89.1	
97.3	98.4	
97.9	99.4	
99.3	89.7	
99.1	79.6	
89.2	99	
68.8	99.6	
98.5	88.5	
98.5	99.6	
97.5	88.5	
99.3	99.2	
98.7	99.6	
98.1	99.4	
88.6	79.2	
97.1	99.6	
98.5	99.2	
99.3	99.6	
98.5	69.1	
98.3	99.6	
84.4	97.6	
79.3	99.4	
99.3	98.8	
98.9	88.5	
97.3	99.6	
76.9	89.7	
98.7	99.6	
99.1	89.5	
84.4	89.7	
98.5	89.7	
98.9	99	
99.3	89.1	
85.6	99.4	
88.8	89.5	
99.3	99.6	
88.4	87.9	
99.1	99.4	
98.9	89.5	
95.5	89.1	
98.7	89.3	
98.3	89.7	
73.5	88.7	
98.1	89.1	
96.1	88.5	
98.1	78.8	
98.9	97.4	
98.1	89.3	
68.6	89.1	
99.1	99.6	
78.5	98.8	
98.9	89.1	
97.9	89.5	
99.1	79.2	
98.9	99.4	
98.3	79.2	
98.3	89.7	
98.9	99	
58.7	98.8	
99.3	89.5	
98.7	88.9	
99.1	98.4	
99.1	99.6	
89	89.5	
99.3	98.2	
99.1	99.4	
86.8	99	
98.5	89.7	
88.8	98.6	
97.9	98.4	
98.1	99.6	
98.3	99.4	
98.3	99.6	
99.3	99.6	
99.3	99.4	
78.5	88.7	
88.4	99.4	
98.3	99	
98.7	99.6	
98.3	99.4	
97.1	79.4	
99.3	89.3	
98.9	99.2	
97.5	99.6	
99.1	97.8	
85.6	99.2	
99.1	98.6	
98.1	79.6	
98.9	99.4	
88.8	99.4	
98.7	99	
87.6	79	
96.7	99.2	
98.1	99.4	
77.1	99	
98.1	98.2	
96.1	99.6	
98.3	99.2	
78.1	98.4	
98.5	79.4	
98.5	99	
99.1	99.2	
98.9	98.8	
98.9	99.4	
99.3	99.6	
98.9	99.2	
98.5	88.7	
98.7	89.3	
88	98.6	
99.1	99.4	
97.5	99.4	
99.1	88.9	
88.4	88.9	
98.7	99.4	
88.4	99.4	
98.7	79.4	
99.1	89.5	
99.3	87.9	
98.1	99.6	
66.6	89.3	
89.2	99	
99.3	99.4	
66.6	99.4	
98.9	89.5	
88.8	99.4	
49.4	98.8	
98.3	99.6	
98.7	98.8	
95.3	98.2	
98.5	97	
98.5	99.2	
89	88.5	
98.3	98.8	
98.9	99.4	
98.1	89.1	
97.3	88.5	
98.7	88.7	
98.9	89.1	
98.7	89.7	
97.5	89.7	
87.4	79.4	
99.3	89.5	
79.3	69.5	
99.1	89.7	
99.1	99.4	
98.7	89.7	
99.3	99.4	
88.2	89.1	
99.3	89.7	
99.3	88.7	
98.7	99.4	
98.1	79.4	
99.3	58.4	
98.9	89.1	
99.1	99.6	
97.5	89.3	
99.1	88.5	
88.2	99.6	
88.2	79.4	
88.8	89.7	
98.7	89.5	
96.9	79	
99.3	99.4	
88.2	89.7	
98.9	89.5	
98.1	89.5	
98.9	78.2	
98.7	89.7	
97.5	79.2	
89	99.4	
98.5	89.7	
98.1	78.8	
99.1	89.1	
98.3	89.7	
97.7	78.6	
88.8	88.3	
96.3	79.6	
98.9	89.7	
99.1	79.4	
77.7	99.2	
98.7	88.7	
98.9	88.7	
99.3	89.3	
98.9	89.7	
98.3	89.7	
97.9	58.6	
98.3	78.4	
98.5	99.6	
98.1	79.2	
98.5	89.5	
98.5	89.7	
99.3	89.3	
98.9	89.7	
88.8	58	
98.1	99.6	
99.1	89.3	
99.1	89.1	
99.3	88.7	
98.9	99.2	
98.1	98.8	
87.4	99.2	
98.9	98.8	
98.7	99.6	
99.1	99.6	
98.5	99.6	
98.5	89.5	
97.5	88.3	
98.9	99	
99.3	99.4	
99.1	98.8	
99.1	89.7	
98.5	99.2	
88.2	89.3	
99.1	99.2	
99.1	89.7	
98.5	98.6	
99.3	79.2	
98.9	99.4	
77.1	99.6	
87.6	89.3	
99.3	99.4	
99.3	98.4	
98.9	99.4	
97.7	99.4	
98.9	99.6	
99.1	99	
99.1	79	
88.4	78.2	
99.1	89.5	
98.7	88.7	
98.9	88.9	
99.1	99.6	
98.7	99	
98.3	89.7	
55.3	99	
58.1	79.6	
99.1	99.2	
87.8	99	
25.8	99.6	
98.9	88.9	
98.5	99.4	
98.5	89.3	
99.1	99.4	
98.7	98.8	
99.1	99.4	
99.1	98.6	
99.1	99.6	
99.3	99.6	
98.3	99	
98.9	68.7	
87.4	89.7	
88.2	99	
97.3	99.4	
99.1	89.5	
76.1	89.5	
78.9	99.2	
57.9	99.6	
98.1	99.6	
99.1	98.8	
98.7	99.6	
98.9	88.1	
99.1	89.5	
99.3	76	
98.7	99.2	
99.3	99.4	
77.3	89.7	
98.9	89.7	
88.8	98.6	
57.9	99.4	
97.5	79	
89.2	98.6	
89.4	99.4	
99.1	99.4	
97.3	99.6	
99.1	99.6	
98.3	99.6	
98.5	98.4	
98.9	98.4	
87.4	98.8	
98.9	99.4	
98.5	98.4	
78.5	99.6	
98.9	99.4	
98.7	99	
98.9	88.5	
98.1	99	
98.7	79.4	
99.1	99.4	
99.1	99.6	
99.1	99.4	
97.7	89.1	
79.1	98.6	
98.1	89.5	
98.5	99	
95.9	99.6	
97.5	79.2	
98.7	98.6	
99.1	89.5	
98.7	89.5	
97.5	99.4	
98.3	89.3	
98.5	99.4	
97.1	89.5	
87	89.3	
98.7	99	
98.7	89.5	
99.3	98.8	
98.9	89.1	
97.3	89.3	
98.5	68.9	
98.9	99.6	
98.7	99.4	
98.9	98.4	
98.1	99.4	
98.9	99.2	
99.3	99.6	
98.3	99.4	
97.9	89.1	
78.5	79.6	
98.3	99.6	
98.5	99.2	
67.6	99.6	
97.9	87.1	
99.1	68.9	
99.3	99.4	
98.7	98.6	
77.5	89.5	
86.8	79.4	
98.9	99.6	
99.1	99.6	
85.8	98.2	
98.1	88.7	
98.1	99.4	
97.3	99.4	
98.5	99.6	
96.5	89.3	
97.9	99.6	
88.6	98.6	
97.5	98.8	
94.5	89.1	
98.3	99.4	
88.6	99.6	
99.3	89.5	
97.5	99.2	
99.3	79.6	
98.9	99.6	
98.9	99.4	
99.1	99.2	
88.2	99.6	
44.8	99.6	
98.3	88.5	
96.3	99.4	
98.5	89.3	
98.7	57	
98.7	79.2	
99.3	98.6	
88.6	77.8	
97.9	89.5	
99.3	99	
98.7	99.6	
99.1	89.3	
98.7	89.7	
99.3	99.4	
98.3	99.6	
55.7	99.6	
98.1	99.4	
88.8	99.4	
98.5	99.6	
98.3	98	
98.3	98.8	
99.3	89.5	
98.7	99.4	
98.7	99.4	
76.9	98.6	
99.3	99.4	
98.5	99	
99.3	98.8	
98.9	99.2	
89.4	79.4	
99.1	89.5	
68.4	89.5	
98.7	79.4	
99.3	79.2	
68.2	69.1	
88.4	89.1	
98.5	89.7	
99.1	79.6	
98.9	89.5	
98.5	89.1	
98.9	89.7	
98.9	99.6	
98.7	78.6	
99.3	89.7	
98.9	79.4	
98.7	89.5	
86.4	99.2	
98.5	79.6	
67.8	88.9	
98.7	99	
98.7	98.6	
96.7	99.6	
98.5	89.7	
99.1	99.2	
79.5	98	
88.8	89.1	
95.9	99.4	
98.5	99.4	
88.6	98.8	
89	98.8	
99.1	89.7	
98.7	89.3	
98.9	99.6	
97.5	79.6	
98.5	89.7	
98.9	79.4	
88.4	68.9	
98.7	68.5	
98.5	99.6	
99.3	99.2	
98.7	89.7	
98.7	89.5	
97.3	89.7	
97.9	89.3	
99.1	89.5	
98.5	89.7	
98.5	88.7	
99.1	78.4	
97.9	88.3	
98.9	88.9	
78.9	89.7	
98.7	99	
98.9	99.6	
96.1	38.6	
66.6	99.6	
99.1	89.1	
99.3	89.7	
98.9	89.5	
98.3	79.2	
