69.5	99.6	
96.7	99	
47.6	99.4	
56.3	99.6	
99.3	98.8	
97.9	89.7	
78.1	98.8	
97.5	99.2	
98.7	98.8	
95.1	98.8	
98.9	99.6	
98.9	89.5	
98.9	99.6	
79.3	99.2	
78.7	99.4	
98.5	99.4	
99.3	99.4	
76.9	99.6	
97.3	89.5	
97.9	99	
78.5	99.6	
98.9	88.7	
98.5	99.4	
98.5	99.4	
99.1	99.4	
98.7	98.4	
89.4	79.2	
79.1	99.6	
98.3	87.9	
78.5	98.2	
98.5	99	
98.1	89.7	
78.9	99.4	
98.5	89.5	
98.5	99.4	
98.1	99	
87	99.4	
97.5	99.6	
95.3	98.4	
98.3	99	
98.9	98.8	
99.1	99.4	
69	99.6	
98.1	99.6	
97.5	98.6	
97.5	99.6	
98.1	99.2	
98.9	99	
99.3	99.4	
99.1	99.6	
98.7	88.9	
99.1	99.6	
98.7	99.4	
99.1	99.4	
98.5	99.4	
88.6	89.5	
77.7	99.2	
98.9	89.3	
98.5	99.4	
99.3	99.6	
98.7	99.6	
99.1	99.6	
98.7	89.7	
99.3	79.2	
89	99.6	
98.3	99.6	
97.3	99.6	
98.5	99.6	
99.3	99.6	
98.9	88.9	
99.1	99.4	
99.1	89.5	
98.3	99.4	
98.3	89.5	
99.1	98.4	
99.1	89.5	
98.9	88.7	
99.1	99.6	
98.9	89.7	
98.7	99.4	
98.9	99.4	
98.9	98.8	
99.1	99.2	
99.1	88.7	
98.9	99.6	
88.2	99.4	
99.3	99.4	
98.7	99.4	
98.9	99.4	
98.7	99.4	
79.3	99.6	
98.7	89.7	
98.5	88.5	
98.1	99.6	
98.9	99.4	
96.7	79.6	
88.8	89.7	
98.9	89.7	
88	89.7	
98.3	98.8	
99.1	99.6	
99.3	79.4	
99.1	69.5	
99.1	99	
58.3	89.7	
78.5	89.7	
89	98.6	
99.3	89.5	
99.1	89.7	
87	88.3	
98.9	89.5	
98.3	99.4	
98.7	89.7	
99.1	89.5	
98.9	89.7	
88.8	79	
87.2	88.9	
99.3	89.3	
98.5	89.3	
97.9	99.4	
99.1	99.6	
98.1	98.4	
89.2	98.6	
99.1	99.6	
99.1	98.8	
98.3	89.3	
88.4	99.2	
99.3	99.4	
99.3	79.2	
99.1	89.7	
98.9	88.5	
98.7	87.5	
88.4	89.7	
98.1	88.9	
98.9	89.7	
98.7	59	
89.2	99.6	
78.7	99.6	
98.7	78.6	
98.1	99.2	
98.9	99.6	
98.5	68.9	
98.9	98.8	
99.1	89.5	
77.7	99.6	
99.1	89.1	
97.9	99.6	
98.9	99.4	
98.7	99.6	
99.3	89.3	
99.1	99.4	
98.7	99	
99.1	99.6	
89	99.4	
88.2	89.3	
98.7	99	
98.9	99.6	
99.3	78	
98.3	78	
99.3	88.1	
99.3	88.9	
67.6	99.6	
89.4	99.6	
88	99.4	
98.7	99.2	
99.3	99.6	
98.5	99.6	
58.5	99.6	
89.2	99.6	
68.8	99.6	
98.5	99.4	
89.2	79	
97.5	99.6	
99.3	99.6	
99.3	99.6	
88.6	89.5	
99.1	99.2	
87	99.2	
98.9	99.6	
97.7	99.6	
99.3	99.4	
97.7	99.6	
98.7	99.4	
88.4	89.7	
98.9	88.7	
98.9	99.6	
98.9	99.6	
99.1	99.4	
79.1	99.2	
88.2	99.6	
97.7	89.3	
98.9	99.6	
98.1	99.4	
89	99.4	
98.3	99.4	
76.7	99.4	
68.8	98.8	
88.8	99.6	
99.1	89.7	
98.5	99.2	
98.9	89.3	
99.3	99.6	
99.1	99.2	
99.3	89.5	
98.1	89.5	
97.9	89.1	
99.1	99.6	
99.3	99.6	
97.9	98.8	
98.5	99.6	
98.3	89.7	
98.9	99.6	
98.3	89.1	
98.7	99.2	
57.3	99.4	
98.5	99	
89	99.4	
99.3	99	
99.3	99.6	
98.3	89.5	
98.7	99.4	
88.8	99.6	
99.3	99	
89.2	99.4	
98.9	98.8	
99.3	89.5	
99.3	98.6	
88.4	99.6	
88.8	99.2	
99.3	99.4	
98.7	99	
99.1	98.6	
98.3	89.7	
98.7	99.6	
99.1	99.2	
98.7	99.4	
99.1	89.7	
98.9	99.4	
99.3	89.5	
98.1	99.2	
99.3	99.4	
98.5	99.6	
99.3	99.2	
99.3	89.7	
98.7	99.2	
98.9	99	
99.1	98.8	
77.7	99.6	
98.9	78.8	
98.9	99.2	
88.6	99.4	
98.5	96.8	
98.7	89.3	
98.9	99.6	
99.3	99.6	
97.5	89.5	
98.7	79.4	
98.9	99.4	
89.2	89.7	
98.7	79.4	
99.1	99	
99.3	99.4	
98.9	88.3	
89.2	89.7	
98.7	99.2	
99.1	99.2	
99.3	99.6	
98.5	99.6	
98.5	89.1	
98.9	98	
98.9	99.2	
98.9	99.6	
98.7	99.2	
98.9	99.2	
98.5	99.4	
89.2	99.6	
98.5	99.4	
97.9	99.4	
78.9	89.5	
98.7	99.4	
99.3	99.2	
98.7	89.3	
98.9	99.6	
99.1	99.2	
98.7	99.6	
79.3	89.5	
88.4	88.5	
98.1	99.2	
97.3	79.4	
98.1	99.4	
78.7	99.6	
96.1	89.5	
98.9	99.2	
99.3	78.2	
98.7	89.1	
99.1	99.4	
99.3	89.7	
98.1	89.3	
98.1	89.7	
98.7	89.7	
97.9	98.8	
98.1	99.4	
99.1	89.7	
98.7	99.6	
98.5	99.2	
97.3	68.9	
98.9	89.5	
98.9	99.6	
99.3	89.3	
99.3	99.2	
98.7	89.3	
88.6	89.7	
98.9	99.2	
99.1	89.7	
98.7	78.8	
78.3	89.7	
98.7	99.4	
89	99	
88.8	99.6	
99.1	99.6	
99.3	89.5	
98.9	99.6	
88.8	99.6	
99.1	99.6	
99.3	99.6	
98.3	99.6	
99.1	89.5	
97.7	99.4	
98.5	89.7	
99.1	99.6	
98.9	99	
88.6	88.9	
98.7	99.6	
98.7	99.4	
99.1	79.6	
98.9	99.4	
99.1	99.2	
99.3	68.5	
98.5	98.6	
98.7	99.2	
87.4	99.6	
47.4	99	
99.1	99.2	
89	99	
78.5	99.4	
88.8	99.6	
98.5	99.6	
89.2	99.4	
89.4	99.4	
98.9	99.4	
99.3	99	
98.9	99.2	
99.3	99	
98.7	99.6	
99.1	99.6	
98.5	99.6	
98.5	98.8	
99.1	99.4	
99.3	98.6	
99.3	99	
98.7	89.7	
98.7	99.6	
89.2	89.7	
99.3	89.3	
99.1	99.2	
99.1	99	
98.9	99.6	
68.6	99.2	
88.8	89.1	
98.5	99	
99.3	99.4	
98.7	99	
88.8	99.4	
89	99.6	
98.1	99.4	
98.9	99.4	
88.4	99.6	
98.9	89.5	
99.1	98.2	
99.1	89.7	
99.3	99.6	
99.3	89.7	
98.7	99.6	
89	89.5	
99.3	99.6	
89.2	99.4	
98.9	99.6	
78.7	98.8	
99.1	99.2	
89.4	89.3	
99.3	89.5	
88	89.5	
89.4	79.2	
79.1	89.5	
98.7	99.4	
98.9	99.6	
79.1	98.8	
88.4	99.4	
97.9	79.2	
97.7	99.2	
96.7	98.6	
98.3	99.4	
97.7	89.5	
99.3	99.6	
89.4	99	
98.9	99.4	
99.3	98.8	
99.3	89.7	
98.5	89.1	
98.7	89.7	
98.9	79.6	
98.7	89.7	
99.1	89.7	
78.3	89.3	
98.5	79.6	
98.7	99.4	
99.3	99.6	
58.7	89.3	
98.9	99.6	
89.4	89.5	
99.1	89.7	
99.3	89.5	
79.1	89.5	
98.9	79.4	
98.5	89.1	
98.5	89.7	
76.7	99.2	
88.8	99.4	
98.9	99.6	
99.1	89.5	
58.7	99.6	
99.1	99.6	
99.1	99.2	
99.1	89.3	
99.3	99.4	
98.1	99.6	
98.5	99.2	
99.3	99.6	
98.5	99.4	
99.1	89.3	
98.5	78.8	
78.7	89.1	
99.3	89.7	
99.1	89.7	
88.6	89.5	
99.1	89.7	
87.6	99.2	
98.9	99.4	
98.5	89.7	
98.5	98.4	
98.7	79.6	
97.3	89.7	
99.1	99.4	
98.7	89.7	
89	89.7	
99.3	79.4	
99.1	99.6	
58.7	99.6	
99.3	89.7	
98.5	99.6	
99.1	89.7	
98.9	79.2	
87.8	89.7	
98.9	89.5	
88.8	89.3	
98.7	89.3	
79.5	89.7	
88.4	89.7	
98.5	98.8	
98.9	79.6	
89.2	99.4	
99.3	99.6	
99.3	48.1	
88.6	89.3	
99.1	99.6	
89	99.4	
97.7	99.6	
99.3	88.9	
98.5	98.6	
99.1	99.6	
98.7	89.3	
99.3	99.6	
99.1	89.7	
98.1	89.7	
89.4	99.6	
98.9	99.6	
99.1	88.7	
88.2	99.6	
99.3	99.2	
99.1	99.6	
98.3	99.6	
99.1	88.7	
89.4	89.1	
87.8	99.4	
99.1	99.6	
98.9	99.4	
97.3	99.6	
69	99.4	
99.3	99.4	
89.2	99.6	
