16.4	99.4	
77.1	86.2	
66.8	99.2	
68.8	84.9	
97.7	66.5	
79	99.6	
80.6	99.6	
98.1	88.3	
97.5	99.2	
89	99.6	
87.6	99.4	
85.6	89.7	
95.7	99.4	
96.5	99.6	
84.8	89.5	
97.9	99.4	
78.7	99.6	
98.5	99.6	
98.3	99.4	
98.5	98.2	
75.5	98.6	
89	87.3	
75.7	99.4	
99.1	99.4	
95.5	99.4	
99.1	98.6	
78.3	99.4	
98.9	99.6	
95.9	99.4	
96.9	89.3	
97.1	89.1	
88.6	89.1	
98.7	99.6	
97.7	99.2	
97.7	98.6	
98.1	78.6	
66.2	99.2	
98.9	99.4	
99.1	99.4	
99.1	99	
88.6	99.6	
98.7	78.8	
98.1	99.6	
99.1	99.4	
98.1	89.7	
98.5	99.2	
88	99.4	
88.4	99.4	
95.7	99.6	
98.9	99.6	
98.5	99.6	
98.7	99.2	
98.7	99	
99.3	99.4	
78.5	99.4	
77.3	99.4	
98.7	88.9	
87.8	99.2	
94.7	99.6	
78.3	99.6	
97.7	99	
98.1	89.3	
87.4	98.4	
98.5	89.5	
98.5	99.6	
98.5	86.7	
98.5	99.4	
98.3	99.2	
97.7	87.7	
98.9	99	
98.3	99.4	
88	99.4	
98.5	99	
99.1	99.2	
98.1	98.8	
98.5	89.7	
98.5	99	
98.1	68.5	
97.3	99.4	
99.3	99.2	
99.1	99.4	
98.1	99	
98.9	89.5	
97.7	99.4	
97.7	99.2	
98.3	99.6	
99.3	99.4	
98.1	99.6	
98.9	99.6	
98.7	99.6	
99.1	98	
77.5	98.6	
59.1	98.8	
98.7	99.4	
87	78.6	
96.3	99	
98.7	89.5	
99.1	89.3	
98.5	99	
88.8	99	
97.7	98.8	
89.2	98.2	
98.7	99.4	
98.5	99.2	
99.1	99.6	
98.5	98.4	
98.5	99.6	
98.9	99.6	
98.9	99.4	
98.9	99.2	
97.1	99	
98.5	88.9	
98.9	99.2	
98.3	99.4	
98.7	99.6	
98.7	99	
97.9	99.6	
98.7	99	
99.1	98.8	
99.3	99	
98.3	98.8	
96.5	99.4	
98.9	99.2	
98.7	99.6	
98.9	99.2	
98.7	99.6	
97.9	99.4	
98.9	99.2	
98.5	89.7	
98.5	89.3	
99.1	99.4	
79.1	99.6	
98.9	99.6	
86.8	98	
98.7	99.2	
98.1	97.6	
99.1	99	
98.7	98.4	
88.8	98.8	
98.9	99	
98.9	99.6	
97.1	89.1	
98.7	88.9	
98.1	89.3	
98.1	89.5	
98.7	97	
98.7	99	
98.9	99.4	
98.9	88.7	
98.1	99.4	
98.5	87.3	
88.6	98.4	
98.1	88.9	
97.7	99.4	
98.3	99.6	
95.7	99.6	
98.1	98.2	
97.7	98.6	
99.1	98.6	
97.1	99.4	
98.7	99.6	
97.7	98.2	
99.1	89.5	
99.1	89.7	
98.9	89.5	
99.3	98.6	
98.3	88.3	
97.3	88.5	
98.1	99.2	
98.9	89.7	
88.8	89.7	
98.7	89.7	
95.9	89.3	
98.7	78.4	
58.5	99	
97.9	99.4	
97.5	79.2	
94.9	89.7	
98.5	89.3	
98.3	89.7	
99.1	79.6	
99.1	79.2	
97.9	89.5	
97.3	79.6	
89	58.4	
98.9	99.4	
99.3	99.6	
99.1	99.2	
98.7	88.9	
98.5	89.7	
98.5	99.4	
87.8	89.5	
98.5	89.1	
99.3	58.4	
99.1	99.2	
86.6	89.7	
98.9	89.7	
98.5	89.7	
99.3	99.2	
87.8	89.5	
98.9	89.3	
97.7	89.5	
99.1	89.5	
99.3	89.7	
97.9	89.7	
99.3	89.7	
98.9	98.6	
78.7	99	
98.9	89.7	
89	99.6	
99.1	88.9	
98.9	89.3	
98.9	99.6	
98.5	89.7	
98.5	89.7	
88.4	68.3	
98.5	99	
97.9	88.7	
98.9	99.2	
97.1	99.4	
99.1	89.3	
98.7	99.4	
98.3	99.2	
97.1	99.6	
98.5	88.9	
67.8	99.6	
98.7	99.2	
98.3	99.4	
98.3	99.6	
99.3	99.6	
99.3	99.6	
99.3	99.4	
98.9	99.2	
98.3	99.6	
78.5	78.6	
98.9	99.6	
99.1	99.2	
98.5	99	
99.1	99.2	
98.7	99.6	
98.1	96.8	
78.9	89.3	
98.5	99.6	
96.3	98.4	
98.9	99	
99.1	88.1	
98.3	98.8	
99.3	99.6	
98.7	99.4	
98.5	99.2	
98.1	79.2	
98.9	99.4	
99.3	99.4	
57.9	97.8	
86.8	89.7	
98.3	89.7	
88	99.4	
98.7	89.7	
98.9	99.4	
95.5	89.5	
98.7	99.6	
97.1	67.1	
87.8	99.4	
98.5	99	
99.1	99.2	
98.7	99.4	
88.4	88.9	
99.1	79.4	
99.1	99.2	
98.1	89.3	
88.6	96.8	
97.5	89.5	
98.5	99.6	
98.7	97.6	
97.3	99.2	
88.8	99.4	
98.9	89.1	
99.1	98.2	
98.3	99.6	
78.3	88.5	
99.1	98.8	
88	89.5	
69	89.7	
97.7	89.1	
98.7	89.1	
98.7	89.3	
98.1	99.4	
97.7	98.6	
99.3	99.6	
98.7	99.4	
98.1	98.8	
98.7	79.2	
78.5	99.2	
97.3	97.8	
88.4	88.7	
99.1	89.5	
86.2	98.8	
98.7	78.4	
99.3	98.6	
98.3	88.7	
97.7	89.7	
98.7	89.3	
98.7	99.4	
89.2	89.5	
99.1	99	
88.4	99.4	
98.3	89.5	
98.9	78.6	
79.3	89.1	
98.9	99	
96.7	89.3	
98.9	99.4	
89.2	99.6	
99.3	99.6	
98.7	99.6	
98.3	89.5	
99.1	79.2	
95.5	88.5	
98.7	99.2	
99.3	99.4	
98.5	99	
78.7	99.4	
98.3	99.4	
97.9	99.4	
88.4	99.2	
75.7	99.4	
97.7	99.6	
99.3	99.6	
89	98.8	
98.7	89.5	
97.5	79.6	
99.1	99.6	
98.3	99.6	
99.1	89.1	
96.9	89.7	
98.7	89.5	
98.7	99.2	
98.3	89.5	
99.1	99.4	
97.9	89.3	
99.3	98.4	
98.7	99.6	
99.3	89.7	
88.4	89.5	
98.5	79.2	
98.7	99.6	
99.3	99.2	
99.3	79	
98.5	99.6	
99.1	99.6	
97.9	99.6	
98.9	87.9	
89.4	99.4	
98.7	99.6	
98.3	99.6	
87.2	99.6	
99.1	99.6	
65.6	79.2	
97.5	99.6	
98.3	98.6	
99.1	89.3	
99.1	99.6	
98.1	99	
97.5	88.3	
99.1	89.5	
98.7	99.6	
98.5	99	
99.3	99.6	
99.1	99	
98.9	99.2	
99.1	99	
88.6	99.4	
98.9	99.2	
79.3	99.6	
98.9	89.5	
99.3	89.1	
99.1	89.7	
98.9	98.8	
95.9	99.4	
76.3	89.7	
89	89.3	
86.2	99.6	
99.3	99	
88.6	89.7	
77.3	99.4	
98.3	89.7	
88.4	99.2	
98.7	88.7	
47	89.5	
99.3	89.7	
98.9	98.8	
98.5	99.6	
79.1	88.9	
98.9	99.2	
98.9	88.7	
86	89.7	
97.5	89.5	
99.1	79.4	
98.9	99.4	
99.3	99	
99.1	98.8	
99.3	98.6	
98.1	98.8	
99.1	99.2	
98.5	78.4	
99.3	89.5	
98.9	99.6	
99.1	79.2	
98.1	89.7	
87.6	99	
98.9	88.9	
89.4	78.4	
98.5	99.2	
99.1	99.4	
76.7	89.7	
97.9	89.5	
98.7	89.7	
98.5	89.5	
97.9	78.4	
98.7	89.1	
99.3	99.6	
68	99.6	
99.1	99.2	
98.7	99.4	
98.9	78.2	
99.1	98.8	
99.3	89.7	
88	98.8	
99.3	99	
68.4	89.7	
98.5	89.7	
88	99.4	
89	89.3	
95.5	99.4	
99.1	99.4	
99.1	89.1	
98.7	99.2	
96.7	99.4	
99.1	89.7	
89	99.6	
99.1	89.1	
88.8	89.1	
98.9	98.6	
98.3	89.5	
98.1	89.1	
99.1	99.6	
88.8	98.2	
98.9	99	
99.1	99.2	
98.7	99.4	
68.4	99.6	
98.5	99.4	
98.9	98.8	
98.7	99.4	
99.1	89.7	
99.3	79.4	
99.1	89.3	
98.7	89.5	
99.1	89.5	
99.1	89.5	
98.9	89.7	
99.1	99.4	
97.9	98.8	
24.6	99.2	
98.5	99.4	
79.1	89.5	
99.3	89.7	
67.2	89.1	
68.2	89.7	
89.2	89.5	
79.1	78.4	
76.9	79.6	
99.1	99.6	
98.7	89.7	
98.9	78.4	
98.9	88.9	
98.3	89.7	
87.8	78.8	
99.3	99.6	
89.4	89.7	
99.3	89.5	
99.3	88.9	
98.3	99.2	
97.5	88.3	
88.8	99.4	
87.2	89.5	
97.5	87.3	
98.7	89.3	
99.1	88.3	
98.7	59	
98.5	99.4	
98.5	99.4	
99.1	99.6	
88.8	89.1	
89.2	68.7	
99.1	99.6	
98.9	99.6	
98.7	99.4	
97.9	99.6	
99.3	99.4	
