50.3	99	
68.2	79.4	
97.1	89.7	
98.3	99.6	
88.6	98.6	
1.6	86.5	
78.1	99.4	
96.5	99.4	
97.1	99.6	
86.2	89.7	
99.1	83.7	
75.6	98.8	
97.9	99.2	
99.1	98	
89.2	99.2	
98.3	99	
85.4	98.8	
97.1	98.6	
97.9	89.1	
79.3	99.4	
83	98.2	
98.1	87.3	
98.3	89.1	
98.3	98.8	
98.9	89.5	
98.1	89.1	
98.5	79.6	
98.7	99.6	
95.5	89.7	
97.9	96.8	
98.9	99.6	
96.9	99	
98.7	98.6	
99.3	99.6	
98.5	78.6	
98.5	89.7	
99.3	98.8	
98.7	99.2	
98.9	99.6	
98.9	89.5	
98.1	88.9	
97.7	89.5	
98.7	99	
98.5	99.2	
99.1	99.6	
97.1	99.2	
97.5	99.4	
97.7	99.4	
98.5	99.6	
98.7	99.6	
98.9	98.6	
77.7	89.7	
99.1	99	
99.3	88.1	
98.3	99.6	
98.5	99.6	
78.9	89.5	
98.3	99.4	
99.3	98.4	
98.7	99.6	
98.1	99.4	
99.3	79.4	
98.3	99.4	
99.1	97.8	
98.9	99.4	
98.9	99.6	
76.1	99.4	
97.7	99.6	
97.7	89.5	
98.9	89.5	
97.1	99.6	
97.7	99.4	
79.3	99.6	
97.1	99.6	
98.7	79.6	
88.4	99.6	
99.1	99.6	
98.9	98.8	
98.1	89.5	
98.3	99.4	
99.3	99.6	
98.5	99.6	
99.3	99.2	
98.7	99.4	
98.3	89.3	
98.9	78.2	
99.1	98.8	
98.9	99.6	
99.1	99.2	
98.7	99.4	
98.9	99.4	
79.3	78.8	
96.1	99.6	
97.5	88.5	
99.1	99.6	
98.9	89.3	
87.2	99.2	
88.4	99.4	
98.9	99.2	
98.9	99.6	
98.7	99.6	
98.3	99.6	
86.8	99.4	
99.1	99.6	
98.9	99.6	
88.2	98.8	
77.3	89.7	
99.1	99.4	
99.1	99.6	
97.7	89.3	
97.9	88.9	
88.2	99.6	
99.3	99.6	
87.2	88.7	
98.7	88.9	
88.6	99.4	
99.1	99.4	
88.8	89.5	
98.1	89.7	
98.5	98.6	
99.1	88.9	
87.4	89.3	
98.7	99.4	
99.3	99.6	
99.1	99.2	
98.1	99.2	
99.1	99.4	
79.1	99.6	
99.3	99.4	
99.1	99.6	
98.9	88.9	
97.7	89.3	
98.5	89.7	
99.1	98.8	
99.3	98.8	
98.3	99.2	
99.3	99.2	
98.1	89.7	
98.9	99.6	
88.2	89.5	
98.7	89.7	
99.1	96.8	
98.3	99.6	
98.9	69.1	
99.3	99.2	
99.3	99	
98.7	99.6	
98.3	99.4	
98.5	99.2	
98.9	99.4	
98.3	99.4	
97.7	99.6	
98.9	99.4	
98.1	98.8	
98.5	88.3	
98.1	99.4	
96.9	89.7	
98.1	98.8	
99.1	99.2	
99.1	99.4	
77.7	99.6	
99.1	98.4	
98.9	99.6	
98.5	99.6	
98.7	99	
98.9	88.3	
99.1	99.6	
98.9	99.4	
98.9	96.4	
98.3	99.6	
99.3	89.5	
98.7	99.2	
99.1	89.1	
99.1	98.8	
99.1	99.6	
98.5	89.5	
98.1	88.9	
98.9	99.4	
78.1	99.4	
99.3	99.4	
99.1	89.3	
98.3	89.7	
99.3	99.6	
99.3	88.1	
89	99.4	
98.9	99.4	
98.9	99	
99.1	99.6	
98.1	99	
99.3	87.9	
99.1	99	
99.1	99.6	
98.7	88.5	
99.3	99	
99.1	98.8	
77.3	99.6	
88.2	89.7	
98.9	88.5	
97.3	99.6	
99.3	99.4	
98.9	89.5	
99.1	99.4	
99.3	99.2	
98.9	89.3	
98.3	99.2	
98.9	99.2	
98.3	88.9	
87.4	87.9	
98.5	89.5	
98.5	99.6	
99.1	99.2	
98.7	99.4	
98.9	99.6	
98.7	99.4	
99.3	99.6	
98.5	99.6	
98.9	99.6	
97.3	89.5	
88.8	97.4	
99.3	88.7	
79.1	99	
98.9	97.6	
99.1	99.6	
98.9	99	
98.9	88.7	
99.3	98.4	
99.1	99.6	
98.7	99.6	
98.5	88.9	
99.3	99.4	
98.9	99.6	
89	99.2	
98.9	99.4	
98.7	99.2	
98.5	99.4	
89.2	99.6	
99.1	99.6	
99.1	99.2	
99.1	89.3	
98.7	97.8	
98.5	99.4	
98.5	99.6	
98.9	99.2	
97.9	88.9	
96.9	99	
68.6	99	
98.5	99	
97.5	99.6	
98.9	99.6	
88.4	99.2	
99.1	99.6	
98.9	99	
99.3	98.6	
98.1	99	
99.3	98.8	
98.1	88.9	
99.1	99.2	
98.7	99.4	
97.5	99.2	
96.3	99	
98.9	99.4	
87.8	88.9	
98.7	98.6	
98.3	99.6	
98.9	89.7	
98.9	99.6	
99.1	99.2	
99.1	99	
96.5	98.8	
88.2	98.4	
98.7	99.2	
98.5	89.1	
98.3	89.3	
97.9	99.6	
98.5	89.5	
99.3	89.7	
98.9	87.1	
97.5	99.6	
98.7	78.8	
98.9	98.4	
98.3	97.6	
98.5	99.4	
78.7	88.7	
99.1	99.4	
64	99.4	
98.7	99.2	
98.5	98.4	
98.5	99.4	
88	89.1	
95.9	98.8	
99.3	87.1	
98.7	98.4	
97.7	99.4	
98.9	99.2	
98.9	89.7	
97.7	99.4	
98.1	99.4	
98.7	89.3	
98.1	99.4	
98.9	98.6	
97.7	99.4	
98.9	99.6	
97.5	89.7	
99.3	99.6	
98.9	89.3	
98.5	89.1	
98.5	99	
99.3	99.6	
98.3	89.5	
98.7	99.6	
98.3	88.5	
98.7	88.9	
98.9	99.4	
98.5	99.4	
98.7	99.6	
99.3	99.6	
98.5	88.9	
67	98.8	
98.1	99.4	
88.4	99.6	
99.1	98.6	
99.1	89.3	
88.2	99.4	
99.1	99.4	
99.1	89.1	
98.9	99.2	
98.5	89.1	
87.4	99.6	
98.3	98.6	
98.5	98.8	
98.9	99.6	
98.9	97.6	
88.2	88.9	
98.9	99.2	
98.3	99.4	
88	99.2	
97.5	98	
98.9	89.7	
97.7	99.2	
98.5	99.4	
97.9	89.7	
98.3	88.3	
98.7	99.6	
98.7	99.6	
98.1	99.4	
99.3	89.5	
98.1	99.6	
98.9	99	
98.3	99.6	
98.9	99.4	
97.7	79.2	
98.5	99	
77.1	99.6	
98.3	99.6	
98.5	99.4	
98.7	99	
99.1	99.6	
98.9	99.4	
98.9	99.6	
98.5	79.2	
98.9	99.2	
99.3	79.2	
98.1	99.4	
98.9	99.4	
98.1	98.4	
98.5	99.2	
98.7	89.7	
99.1	99.2	
98.9	98.8	
99.1	89.7	
89.4	99.4	
98.7	89.3	
99.3	86.9	
98.3	88.9	
98.9	99.6	
88.2	99.6	
99.1	99.6	
98.3	99.6	
98.1	78.8	
98.9	88.1	
99.1	99.4	
99.1	99.2	
98.7	88.9	
99.1	99.4	
97.9	89.5	
88.4	89.3	
98.3	99.4	
98.5	89.7	
99.1	99	
98.9	99.6	
98.3	99	
99.3	98.6	
99.1	99.4	
97.7	99.6	
98.1	99.6	
98.1	99.4	
98.5	99.2	
99.3	99	
98.5	99.2	
99.3	99.6	
98.5	88.5	
98.7	98.4	
99.1	79.2	
66.8	99.6	
98.1	99.4	
99.3	99.6	
99.3	99.6	
69	99.6	
99.3	89.1	
98.9	89.1	
98.7	89.5	
98.5	99	
99.1	79	
99.3	89.3	
98.7	88.9	
97.5	89.5	
99.1	99.4	
99.3	99.6	
88.2	89.3	
87.6	98.6	
98.7	99.6	
99.1	99.6	
97.3	99.2	
99.3	99.4	
99.3	99	
99.3	99.6	
99.3	99.2	
99.1	99.6	
99.3	98.4	
99.1	88.5	
97.9	89.1	
97.9	99.4	
97.9	99.6	
98.5	98.2	
78.3	79	
98.9	99.4	
99.3	79.2	
99.3	99.4	
97.5	99	
98.1	98.8	
98.7	79.2	
98.9	89.5	
98.7	99	
99.3	99.6	
97.5	99.6	
89	88.3	
98.9	99.2	
99.1	99.6	
98.7	98.6	
98.5	89.5	
99.3	78.8	
98.9	99.4	
98.7	99.6	
98.9	89.5	
98.1	99.4	
98.7	89.5	
98.7	79.4	
86	99.6	
89.2	89.7	
99.1	99.2	
98.7	99	
98.3	89.3	
98.9	99.2	
99.1	99.6	
97.5	99.2	
98.9	99.6	
89	89.7	
88.8	99.4	
99.3	99.4	
99.3	87.7	
97.7	99	
88.6	99.6	
99.1	89.5	
98.7	99.4	
98.5	98.8	
98.1	99.4	
98.7	97.8	
97.5	88.5	
99.3	98.4	
99.1	99	
99.1	99.6	
89.4	99.2	
98.9	99.4	
98.9	99.6	
99.1	99.4	
98.3	99.6	
98.7	99.2	
99.3	99.4	
87.6	99	
98.7	89.3	
99.1	99.6	
97.3	79.2	
99.3	78.8	
99.1	99.6	
99.1	99.6	
98.1	99.4	
99.1	99.4	
98.5	87.9	
99.1	98.8	
97.5	99.6	
