46.8	87.3	
42.8	89.5	
80	89.7	
96.7	88.3	
98.3	67.9	
99.3	88.5	
85.8	99.4	
95.1	88.7	
86.6	99.6	
98.3	98.6	
99.3	99.2	
97.5	88.5	
98.3	99.6	
99.3	89.5	
99.1	99.6	
87.6	89.7	
99.1	99.6	
99.1	99.6	
99.3	99.6	
99.1	99.6	
99.3	99.4	
99.1	99.6	
99.3	99.2	
98.9	99.6	
99.3	99.6	
99.3	99.4	
99.3	99.6	
99.3	99.6	
99.3	99.2	
99.3	99.6	
98.5	99.6	
97.7	89.5	
98.5	99.6	
99.1	99.6	
99.1	99.6	
98.7	99.6	
98.5	99.6	
99.3	99.4	
98.9	89.7	
98.5	99.6	
98.7	99.4	
99.1	99.4	
99.1	99.4	
98.9	89.7	
99.3	99.6	
98.1	99.6	
99.1	99.2	
99.1	89.7	
99.3	99.4	
99.3	99.6	
99.1	99.4	
99.3	99	
99.1	99.6	
98.7	99.6	
99.3	99.6	
99.3	99.4	
98.1	99.2	
99.3	99.6	
98.5	99.4	
99.3	99.6	
98.9	99.2	
98.7	99.6	
99.1	99.6	
99.3	99.6	
98.5	99.4	
98.9	99.6	
99.3	99.4	
99.3	99.6	
98.5	99.6	
99.1	99.6	
99.1	89.5	
99.1	99.4	
99.3	99.6	
99.1	99.6	
99.3	99.6	
99.1	99.6	
98.5	99.4	
99.1	99.4	
98.7	99.4	
98.5	99.6	
98.9	99	
99.3	89.7	
99.3	99.6	
99.1	99.6	
98.9	89.5	
99.1	99.6	
99.1	99.4	
99.1	99.6	
99.3	99.4	
99.3	89.5	
99.3	99	
98.9	99.6	
98.9	99.6	
98.7	99.4	
99.1	89.5	
99.3	99.6	
99.3	99.6	
99.1	89.5	
99.1	89.5	
98.9	99.2	
99.3	99.6	
99.1	98.4	
99.1	99.6	
99.3	89.5	
99.1	99.6	
99.1	99.6	
99.1	99.4	
99.3	99	
98.7	99.4	
99.3	99.4	
98.3	99.6	
98.9	89.5	
98.7	99.6	
99.3	99.2	
99.3	99.4	
98.5	99.6	
99.3	99.6	
99.3	99.2	
99.1	99.2	
99.3	99.4	
99.1	88.7	
98.9	99.6	
89.2	99.6	
99.1	99.2	
99.1	89.5	
99.1	99.6	
99.3	89.5	
98.7	99	
98.9	99.2	
99.3	99.4	
98.9	99.4	
98.7	99.6	
99.1	99.4	
98.9	99.6	
99.3	99.6	
99.3	99.6	
99.3	99.4	
99.3	89.7	
99.3	99.4	
98.9	99.6	
99.3	99.6	
99.1	99.2	
99.3	99.6	
98.9	99.4	
99.3	99.6	
98.9	99.6	
99.3	99.4	
98.7	99.6	
98.5	89.7	
98.5	89.7	
99.1	88.1	
99.3	99.4	
99.1	89.7	
98.9	89.5	
99.3	98.8	
99.1	99.6	
98.9	99.6	
98.5	99.2	
88.4	98.8	
99.1	89.7	
99.3	99.4	
99.3	99.6	
99.1	99.6	
98.7	99.4	
99.1	99.6	
99.1	99.6	
99.3	99.2	
99.1	99.4	
99.3	99.6	
98.5	89.3	
99.1	99.6	
99.3	79.2	
98.7	99.6	
98.9	99.4	
99.1	99.4	
99.1	89.5	
98.3	99.4	
99.1	99.4	
99.3	99.4	
98.7	99	
99.1	99.6	
99.3	99.6	
99.3	98.6	
98.9	99.6	
99.3	99.6	
98.9	79.6	
98.9	89.5	
99.3	99.6	
99.1	99.4	
99.3	99.6	
98.9	89.5	
98.5	99.6	
98.9	99.6	
99.1	99.6	
98.9	99.6	
99.3	99.4	
99.3	99.2	
98.9	99.6	
98.9	99.6	
99.3	89.7	
99.3	99.6	
99.1	99.6	
98.9	99.6	
78.1	99.6	
99.1	99.4	
99.1	99.6	
99.1	99.6	
98.9	99.4	
99.1	99.4	
99.1	89.3	
99.3	99.2	
99.1	99	
99.3	99.6	
98.7	79.2	
98.9	89.7	
99.1	99.2	
99.3	99.2	
99.3	99.4	
98.5	99.4	
99.3	89.7	
99.1	99.6	
98.9	99.2	
99.3	99.4	
99.1	99.4	
99.3	99.4	
99.3	99.6	
99.3	99.6	
99.1	99.6	
97.7	89.7	
99.1	89.7	
99.3	99.6	
99.1	99.4	
99.3	99.6	
99.3	99.4	
98.9	99.4	
99.1	99.2	
98.9	99.6	
99.3	99.6	
99.3	99.4	
99.3	99.6	
99.3	99.6	
99.1	99.6	
98.9	89.3	
99.3	99.4	
98.7	99.6	
99.1	99.6	
99.3	99.4	
98.9	99.6	
99.3	89.3	
98.9	89.7	
98.9	99.6	
99.1	89.5	
99.1	99.4	
99.3	99	
99.3	89.7	
99.1	99.4	
98.7	99.4	
99.3	99.2	
99.1	89.5	
99.3	99.6	
99.1	99.4	
98.7	99.4	
99.1	99.4	
98.5	89.5	
98.7	89.7	
98.9	99.6	
99.3	99.6	
99.1	99.6	
99.1	99.4	
98.7	99.4	
99.1	99.2	
99.3	89.5	
99.3	99.6	
99.3	99.6	
98.9	99.6	
99.3	99.6	
99.3	99.6	
99.1	99.6	
98.9	99.4	
99.3	98.8	
99.1	99.6	
98.7	99.6	
99.1	99.4	
99.1	99.2	
99.1	99.2	
99.3	99.6	
98.5	99.2	
98.7	99.6	
99.1	99.4	
99.1	99.2	
99.1	99.6	
99.1	99.6	
99.3	99.6	
98.7	99	
98.9	99.4	
99.3	99.2	
98.7	99.6	
99.3	99.2	
99.3	89.7	
98.7	79.2	
98.9	99.4	
99.3	99.6	
98.9	99.2	
99.1	99.4	
99.3	99.6	
99.3	99.6	
98.5	99.6	
99.3	99.6	
99.1	99.4	
98.9	99.6	
99.1	99.4	
97.7	99.6	
98.9	99.6	
99.3	99.2	
98.9	99.2	
98.5	99.6	
99.1	99.4	
98.7	89.7	
99.3	99.4	
99.3	99.2	
99.1	99.4	
99.3	99.6	
99.3	99.2	
99.3	99.4	
99.1	99.4	
99.1	89.1	
76.9	99.6	
99.1	99.4	
99.3	99.6	
98.9	99.6	
99.3	99.6	
99.3	99.6	
99.1	99.6	
99.3	99.4	
99.3	99.6	
98.5	99.2	
99.3	89.7	
99.1	99.4	
98.7	89.7	
99.1	89.7	
99.1	89.5	
99.3	89.7	
99.3	99.6	
98.5	89.5	
99.1	99.4	
98.3	89.5	
98.7	89.7	
98.7	89.5	
99.1	99.2	
99.3	99.6	
99.1	99.2	
99.1	99.2	
99.1	89.5	
99.3	99.4	
99.1	99.2	
99.1	99.6	
99.3	99.6	
99.3	99.6	
98.5	99.2	
98.9	99.4	
99.3	99.4	
99.1	99.4	
99.3	99.4	
99.3	99.4	
98.9	99.4	
98.7	99.2	
98.7	99	
99.1	99.4	
99.3	98.8	
98.7	99.6	
99.1	99.4	
98.7	99	
98.1	99.4	
99.3	99.6	
97.9	99.6	
99.3	99.6	
99.1	99.4	
99.1	99.6	
89	99.6	
99.1	99.2	
87	99.6	
99.1	99.6	
99.1	89.5	
99.1	99.4	
99.3	89.5	
99.1	99.6	
99.3	99.6	
99.1	99.6	
98.9	99.4	
99.3	99.6	
99.1	99.4	
67.2	99.4	
98.7	99.6	
99.1	99.6	
98.5	99.4	
99.1	99.4	
99.3	99.2	
98.9	99.6	
99.3	99.4	
99.1	99.6	
88.8	99.6	
99.3	99.6	
99.3	99.4	
98.9	98.4	
98.7	99.6	
98.1	99.6	
98.7	89.5	
98.9	99.6	
99.3	99.6	
99.1	99.6	
99.3	99.6	
98.9	89.7	
98.5	89.5	
98.5	99.6	
78.7	99.6	
99.1	89.5	
98.9	99.4	
98.7	99.4	
98.7	99.6	
98.9	89.1	
99.3	99.6	
98.5	99.4	
99.1	89.7	
99.1	99.6	
99.1	89.5	
98.9	99.4	
98.9	99.6	
99.1	99.6	
99.3	89.5	
98.3	99.4	
97.3	89.7	
99.1	99.6	
98.9	99.4	
98.9	89.7	
99.3	89.7	
99.3	99.4	
98.9	99.6	
98.9	99.6	
89.2	99.6	
98.9	89.5	
99.1	99.2	
98.5	99.2	
99.1	89.7	
98.7	99.6	
99.3	99.6	
98.7	99.6	
99.3	99.4	
98.7	99.6	
99.1	99.4	
99.3	99.6	
99.3	99.6	
99.1	99.4	
99.3	99	
99.1	89.1	
98.9	99.6	
99.3	99.6	
99.3	99.2	
98.9	99.2	
99.1	99.2	
98.9	99.4	
98.1	99.4	
98.9	99.6	
99.1	99.2	
99.1	99.4	
99.3	99.6	
99.3	99.4	
99.1	98.8	
99.1	99.4	
99.1	99.6	
98.7	99.6	
99.1	99.6	
98.9	99.4	
99.1	89.7	
98.3	89.5	
99.1	99.6	
98.7	99.4	
99.1	99.6	
99.3	99.4	
98.5	99.6	
99.1	99.4	
99.3	99.6	
99.3	99.6	
98.7	99.4	
98.9	99.6	
98.9	89.1	
98.9	99.6	
98.9	99.2	
97.7	99.6	
99.1	99.6	
98.9	99.6	
99.1	99.6	
99.1	99.6	
99.1	99.4	
98.7	99.2	
88.8	99.2	
98.9	99	
99.3	99.4	
98.9	89.5	
98.9	99.4	
98.7	99.6	
