55.8	79	
78.5	89.5	
88.2	91.6	
88.6	79	
20.4	98.6	
12.8	99.6	
97.3	89.5	
89.2	99.2	
90.9	99.6	
98.3	88.9	
99.1	88.9	
88.6	98	
98.3	99.2	
88.6	97.4	
96.9	68.5	
76.5	99.4	
96.3	98.8	
93.5	89.3	
97.1	87.5	
98.7	99.6	
86.4	89.7	
96.5	99.6	
97.3	96.8	
99.1	89.1	
98.5	99.2	
98.5	97.6	
96.3	78	
97.3	76.2	
99.1	98.4	
99.1	68.9	
98.9	89.3	
88.8	87.5	
98.3	99.6	
96.9	99.6	
95.9	99.4	
98.5	99.6	
93.7	58	
96.3	99	
98.3	98.8	
98.9	98.8	
97.5	88.9	
97.9	98.8	
97.1	99.2	
99.1	89.1	
98.1	99.2	
96.7	99.4	
98.3	88.1	
98.3	99	
97.7	79	
87.2	99.4	
88	88.9	
78.9	78.8	
97.3	98.8	
97.1	98	
87.6	99.2	
99.3	98.6	
97.9	77.8	
98.3	89.5	
98.9	88.3	
97.9	88.7	
66.4	98.8	
98.7	98.6	
98.3	99.4	
77.3	99.6	
94.9	99	
98.7	99	
75.7	99.6	
78.3	89.5	
77.3	99.6	
88.8	89.3	
97.7	89.1	
97.5	97.4	
99.1	89.1	
99.1	87.7	
98.5	99	
97.9	99	
98.7	99.6	
99.1	99.2	
98.3	87.9	
99.3	89.5	
98.7	99.6	
96.3	98.8	
98.1	98.2	
96.9	99.4	
98.9	99.6	
99.1	99.4	
87.6	98.2	
98.5	99.4	
98.7	89.5	
97.1	99.2	
87.6	99.2	
98.7	68.7	
97.9	99.2	
99.3	99.2	
88.4	97.4	
98.5	89.5	
98.7	99.2	
99.3	88.9	
86.2	99.4	
96.1	99.6	
98.7	99.6	
97.5	89.1	
78.3	79	
77.5	99.4	
97.5	99.4	
98.7	99	
78.5	89.5	
98.7	89.7	
89.4	89.7	
97.7	99	
96.1	99.4	
97.9	99	
98.5	98.4	
98.7	89.7	
78.5	89.3	
98.7	89.1	
98.5	99.4	
98.9	99.4	
97.7	99	
98.5	98.6	
98.7	98.8	
98.3	99	
96.7	89.5	
98.9	99.4	
98.9	89.1	
99.1	99.2	
47.8	88.9	
98.3	89.3	
79.1	99.4	
97.9	99	
78.1	78	
98.5	99.2	
42.6	99.2	
98.9	68.7	
97.9	99.4	
98.5	89.5	
97.5	99	
96.7	89.7	
99.3	99.2	
68.8	97.8	
98.3	98.4	
98.7	79.2	
98.5	99.6	
96.9	99.4	
98.9	77.8	
97.5	99.4	
88	99.6	
87.6	99.6	
99.3	89.5	
98.3	99.6	
97.3	99.4	
46	99.2	
99.3	87.7	
78.7	89.7	
78.9	78.6	
99.1	99.4	
96.5	88.1	
98.3	68.5	
97.9	98.8	
97.9	89.1	
98.9	79	
99.1	89.5	
99.1	89.1	
97.1	99.2	
97.9	99.4	
99.1	99.6	
98.9	99.6	
87.4	88.7	
97.5	99.4	
98.5	99.6	
77.1	89.7	
88.8	78.8	
98.7	89.7	
98.7	99	
96.9	79.2	
68.8	98.8	
57.3	89.7	
97.9	68.7	
89.2	99	
88.2	99	
98.1	97.8	
68.6	99.2	
97.5	98.2	
96.5	68.7	
98.9	99.6	
97.3	89.7	
99.1	57.8	
85.8	79.4	
98.1	97.6	
97.5	98.8	
98.7	99.6	
98.9	99.2	
79.1	79.4	
99.1	89.5	
56.1	89.7	
57.7	78.8	
98.3	89.7	
98.1	89.3	
74.7	89.7	
99.3	89.3	
98.1	89.1	
79.3	79.4	
97.9	89.5	
96.1	79	
99.3	98.6	
99.1	79.6	
99.1	89.1	
98.5	98.6	
98.3	89.3	
98.9	99	
99.1	89.3	
58.1	97.8	
99.1	89.7	
87.6	98.8	
89	88.5	
67.6	69.3	
99.1	99.4	
98.9	98.8	
96.5	99.6	
98.5	78.4	
99.1	88.5	
87.6	99.4	
97.7	99.2	
78.3	99.4	
98.9	89.1	
97.1	89.5	
99.1	87.3	
97.1	89.5	
95.5	89.1	
89	99.2	
98.5	98.2	
88.4	99.6	
97.9	99.6	
89.2	99.6	
98.1	78.6	
97.7	98.6	
89	99.4	
99.3	99.2	
68.2	98.4	
98.7	99.6	
89	99.6	
99.1	87.3	
89	99.4	
78.3	88.9	
98.7	89.1	
98.3	99.6	
98.7	99.2	
98.7	99.2	
98.1	88.3	
98.9	97.6	
97.7	89.1	
99.1	98.4	
96.7	99.2	
98.5	99	
88.2	99.6	
98.1	99.6	
77.1	89.1	
97.5	99.2	
98.5	99.2	
97.9	99	
88.8	99.4	
97.7	98.8	
95.1	89.1	
88	89.3	
65.6	99	
99.1	98.2	
98.5	98	
98.3	99	
77.3	88.5	
98.5	89.1	
39.1	89.5	
99.3	89.1	
79.1	97.6	
77.5	97.6	
89.2	88.9	
98.3	89.3	
99.3	97.4	
58.7	99	
87	89.3	
99.1	78.8	
86.8	99.6	
75.5	89.5	
96.9	89.3	
98.9	79.4	
98.9	89.1	
98.9	79.2	
99.1	98.6	
98.5	88.9	
98.5	99.6	
87.2	79.4	
98.1	78	
85.2	99.4	
58.1	49.3	
99.1	88.9	
76.7	99.6	
95.5	89.3	
98.5	89.5	
88.2	99.6	
97.5	99	
98.9	98.8	
79.1	98	
87.8	99.2	
89	87.3	
97.7	88.9	
77.5	99.4	
97.9	98.4	
98.9	98.4	
99.3	99.6	
89	99.6	
88.2	99	
98.9	88.3	
89.4	98.4	
99.1	88.7	
89	89.7	
98.7	78.6	
88.4	88.1	
98.7	97.6	
99.1	89.5	
98.7	68.9	
88.4	88.7	
79.3	99.6	
97.5	98.8	
99.3	87.7	
99.1	99	
97.7	98.2	
98.1	78	
88.8	99.4	
98.9	99.4	
97.9	99.4	
98.5	88.7	
98.5	99.4	
98.7	99.2	
97.3	99.6	
99.1	99.4	
99.1	99.6	
98.7	88.9	
99.1	88.9	
87.8	98.6	
98.7	89.3	
98.1	99.6	
66	88.9	
98.7	99	
98.1	99.4	
87.2	89.5	
98.1	89.7	
97.3	89.7	
69.2	89.3	
96.5	97.4	
89	99.6	
96.7	98.4	
99.1	99.6	
99.1	89.1	
62.6	99.6	
88.8	78.6	
88.6	99.4	
57.7	99.6	
98.7	69.3	
99.1	99.6	
98.9	89.7	
68.8	99	
87.2	98.6	
97.9	99.6	
98.3	98.6	
88	99.6	
98.5	98.8	
98.3	88.7	
98.9	99	
89.2	99.6	
97.5	79	
98.9	99.4	
99.1	89.3	
98.5	98.2	
97.9	89.3	
57.1	89.3	
98.1	89.5	
98.5	99.4	
98.9	99.4	
99.3	89.7	
98.3	89.5	
97.3	99.4	
98.7	88.9	
96.3	88.5	
98.3	78.2	
68	78.8	
88.4	99.4	
99.1	99.6	
88.4	88.3	
89	99.6	
98.5	98.8	
97.3	89.3	
99.3	98.4	
96.7	99.2	
98.7	98.6	
97.3	77.8	
98.1	98.2	
78.5	99.4	
98.5	99.6	
98.1	89.5	
98.1	99	
99.3	99.2	
98.9	88.3	
98.5	78.8	
98.9	88.7	
98.1	99	
48	89.5	
98.3	99.2	
98.9	88.3	
88.6	99	
98.5	98.2	
89.4	58.4	
99.1	78.6	
67	78.4	
97.9	99.6	
88.2	98.4	
98.1	99.4	
98.3	99	
98.1	89.3	
98.1	99.2	
97.1	98.6	
95.1	99.4	
99.1	89.3	
97.7	98.8	
79.3	99.6	
98.5	88.5	
68.2	89.7	
98.9	98.6	
98.9	89.5	
99.3	98.8	
68	99	
61.8	99.4	
79.3	88.7	
98.9	79.4	
98.9	98	
99.1	99.6	
77.9	99.6	
99.3	98.8	
98.9	99.4	
89.2	78.8	
97.9	99.4	
88.4	88.7	
98.7	99.6	
98.1	99.6	
99.1	89.7	
77.9	99.6	
98.7	99.4	
27.6	88.5	
95.5	89.5	
89.4	99.4	
79.5	99.4	
98.1	89.1	
88.2	98.8	
98.7	99.4	
66.6	99.4	
97.7	88.9	
97.7	89.1	
87.8	99	
98.7	89.7	
98.3	89.3	
88.4	98.4	
78.1	89.1	
98.7	99.2	
99.1	89.5	
96.7	57	
98.7	98.8	
88.8	99	
98.7	99	
98.9	99.4	
98.9	77.6	
98.5	68.7	
98.5	99.4	
99.3	88.9	
77.3	99	
98.5	98.6	
98.7	99.4	
98.1	89.7	
98.9	98	
85.4	89.7	
97.9	89.3	
98.7	98.2	
85.6	77.2	
99.3	88.1	
98.7	99	
98.1	99.2	
99.3	99.4	
87.4	99.4	
97.9	99	
68	99.2	
98.9	98	
95.7	89.5	
98.3	98.6	
98.3	88.7	
99.3	99.2	
94.1	98.8	
97.3	77.8	
79.3	89.7	
77.7	89.5	
88.4	99.4	
79.1	89.7	
95.1	88.5	
97.7	88.9	
