56.9	89.7	
93.7	89.7	
79.1	74.6	
64.2	89.7	
96.1	79.6	
69	89.7	
98.5	89.5	
98.1	89.7	
98.7	88.1	
98.5	89.7	
97.1	89.7	
88	89.3	
87.2	89.7	
98.3	89.5	
96.1	59.4	
94.7	59	
96.1	79.6	
81	89.3	
96.3	79.6	
98.7	89.7	
99.1	76.8	
97.5	89.5	
97.3	89.7	
89.2	89.7	
98.1	89.7	
99.1	89.5	
99.1	99.2	
99.1	89.7	
97.1	99.6	
98.7	89.7	
99.1	89.3	
99.1	89.7	
98.9	89.7	
99.3	89.7	
99.1	89.7	
98.7	89.7	
99.3	89.3	
99.3	89.5	
98.9	89.7	
98.9	89.7	
98.7	89.7	
98.9	79.4	
98.5	89.7	
99.3	89.7	
99.1	89.7	
89	79.2	
86.8	89.3	
98.9	89.7	
98.7	86.9	
87.6	79.6	
98.5	79.4	
98.9	89.7	
99.1	89.7	
99.1	89.7	
98.7	79.4	
98.7	89.7	
99.1	89.7	
98.9	89.5	
99.3	89.7	
99.3	84.1	
99.1	89.5	
98.7	99.4	
99.3	89.7	
99.1	89.7	
98.1	79.2	
99.1	89.7	
98.9	89.7	
99.1	89.7	
99.3	89.7	
99.3	89.3	
98.1	89.5	
98.7	89.5	
98.7	89.7	
89	89.5	
99.3	89.7	
98.9	89.7	
99.3	89.7	
99.3	89.7	
99.1	89.7	
98.7	89.5	
98.7	79.6	
98.7	89.5	
99.3	79.4	
98.9	89.5	
89	89.7	
99.1	79.6	
98.9	89.5	
97.9	89.3	
99.3	89.7	
99.1	89.7	
98.5	89.5	
99.3	89.5	
99.3	79.6	
99.3	89.7	
89.2	89.7	
99.1	89.7	
98.5	89.7	
98.9	79.4	
99.1	99.6	
98.9	89.5	
99.1	89.7	
98.7	89.3	
99.3	99.6	
99.1	98.4	
99.1	89.3	
98.9	79.6	
99.3	89.5	
98.5	79	
99.3	79.6	
98.3	77.2	
98.7	89.7	
99.3	79.4	
98.9	79.4	
98.7	89.3	
99.3	89.7	
98.5	79.6	
99.3	79.6	
98.9	89.7	
99.3	89.1	
99.1	89.3	
99.3	89.5	
99.3	89.7	
99.3	89.3	
99.1	79.6	
99.1	79.6	
99.1	89.5	
98.7	89.5	
98.7	89.7	
98.9	79.6	
98.1	89.7	
98.7	99.6	
98.5	79.6	
99.3	89.3	
99.1	89.7	
99.1	89.7	
98.7	89.7	
98.7	79.6	
99.1	89.7	
99.3	89.7	
98.3	89.7	
99.3	89.7	
99.3	89.7	
99.1	89.7	
99.1	89.7	
99.1	89.5	
98.9	89.7	
99.1	89.7	
98.9	99.6	
99.1	58.8	
98.3	89.7	
99.3	79.4	
99.1	89.7	
98.9	89.1	
99.1	88.9	
99.3	89.7	
99.1	89.7	
99.3	89.7	
99.3	89.5	
99.3	89.7	
98.7	89.5	
98.7	89.1	
99.1	89.7	
99.1	89.3	
99.3	79.6	
98.5	99	
99.1	89.7	
99.3	89.7	
99.1	89.5	
99.1	89.7	
98.9	89.7	
88.6	89.1	
99.3	89.3	
99.1	89.7	
99.3	89.7	
99.3	89.5	
98.7	99.4	
98.9	89.5	
99.1	89.7	
89	99.4	
98.7	69.5	
97.5	99.6	
98.9	79.4	
99.1	89.5	
99.3	79.2	
98.9	79.6	
98.5	89.7	
98.9	89.5	
98.7	79.6	
89	89.7	
97.7	89.5	
98.9	89.5	
98.9	89.7	
99.1	89.7	
98.7	89.7	
98.7	79.6	
99.1	89.5	
99.3	79.2	
99.3	89.7	
99.3	89.1	
99.1	89.5	
99.3	79.6	
98.7	99.6	
98.7	99.6	
98.7	89.7	
99.3	89.7	
99.1	89.1	
98.9	89.5	
99.3	89.7	
98.9	89.7	
98.9	99.6	
99.3	89.7	
99.1	89.5	
98.3	89.7	
99.3	79.4	
99.3	78.8	
99.3	98.8	
98.5	69.5	
99.3	89.7	
98.7	89.7	
98.3	99.4	
99.1	89.7	
89.2	89.7	
99.1	89.5	
88.6	99.2	
99.1	89.3	
99.1	89.7	
98.9	89.3	
98.7	89.7	
99.3	89.7	
99.3	79.6	
98.9	89.5	
99.1	79.4	
99.3	89.5	
99.1	89.7	
98.5	69.5	
98.9	79.6	
99.3	88.7	
98.7	89.5	
99.3	89.7	
98.5	79.4	
98.7	79.6	
99.1	89.7	
98.7	89.5	
98.1	79.6	
99.1	89.5	
99.1	89.7	
98.5	99.4	
89.2	89.7	
98.7	89.7	
99.1	89.3	
98.9	89.5	
97.9	89.7	
99.3	89.5	
99.3	89.7	
98.7	89.7	
99.3	79.6	
99.1	89.5	
99.1	89.3	
98.9	89.5	
99.3	79.4	
99.1	89.1	
99.1	89.7	
99.3	88.9	
99.1	89.7	
97.9	89.7	
99.1	89.7	
98.1	89.5	
99.3	89.3	
99.1	89.7	
99.3	89.5	
99.3	89.3	
99.1	89.7	
99.3	99.6	
98.7	89.5	
98.9	89.5	
99.3	89.7	
99.3	89.3	
98.9	89.3	
98.9	78.2	
99.3	89.7	
99.3	89.7	
99.3	89.7	
99.1	89.7	
98.7	79.6	
98.9	89.7	
99.3	89.5	
88.6	69.1	
98.5	89.7	
98.7	99.4	
99.3	89.7	
99.1	69.5	
98.5	89.5	
98.9	88.9	
98.9	89.5	
99.1	89.3	
99.3	89.5	
98.5	89.7	
99.1	79.6	
99.1	89.5	
98.7	88.9	
98.9	89.7	
99.1	79.2	
98.5	89.5	
97.3	98	
98.5	99.6	
89.2	79.6	
99.1	89.7	
99.3	89.7	
98.9	89.5	
99.3	89.7	
98.7	89.7	
99.1	89.3	
98.9	89.7	
99.1	89.7	
98.9	89.7	
99.1	89.7	
99.1	79.6	
99.1	89.5	
99.1	89.7	
99.1	79.4	
98.9	99.2	
99.1	89.7	
98.9	99.4	
88.8	89.7	
98.5	89.7	
99.3	89.7	
87.4	89.7	
77.5	89.7	
98.3	79.6	
99.3	89.5	
99.1	89.5	
98.1	89.5	
99.3	89.5	
98.7	89.7	
99.3	89.1	
88.8	89.7	
99.3	89.7	
98.9	89.7	
99.3	89.7	
99.1	89.7	
87.2	69.5	
99.3	89.3	
98.5	89.7	
89.2	89.7	
98.9	89.7	
98.9	89.7	
98.9	89.7	
98.9	89.7	
99.1	99.6	
99.1	89.3	
99.1	89.7	
98.1	79.4	
99.1	89.5	
98.9	89.3	
99.1	89.7	
98.9	89.7	
99.1	89.7	
98.9	89.7	
99.3	79.4	
99.3	79.6	
68	89.5	
98.9	89.7	
99.3	89.7	
99.1	89.7	
99.3	89.7	
98.9	89.7	
99.3	79.6	
99.3	99.6	
99.1	99.6	
99.1	89.7	
99.1	89.7	
99.1	89.7	
99.3	89.5	
98.5	89.7	
98.7	79.4	
99.1	89.7	
99.1	99.6	
88.6	89.7	
99.1	89.5	
99.1	89.5	
98.9	89.5	
89.2	88.1	
78.9	89.7	
99.3	89.5	
88.8	89.7	
98.7	89.3	
99.1	89.5	
88.4	89.7	
99.1	89.3	
98.7	89.7	
98.5	89.3	
99.1	89.7	
99.3	89.5	
99.3	79.6	
99.1	79.6	
99.3	79.6	
99.1	89.5	
99.1	79.4	
99.3	89.3	
98.9	89.3	
98.9	89.7	
99.1	89.7	
98.9	79.6	
99.1	78.8	
99.3	89.5	
98.7	89.7	
99.1	89.7	
98.7	89.3	
99.1	89.7	
99.3	89.5	
99.1	89.7	
99.1	69.3	
89.2	99	
98.9	89.3	
98.9	89.5	
99.3	89.7	
99.3	89.3	
99.1	89.7	
98.7	89.7	
99.3	89.7	
98.9	89.7	
99.3	89.7	
99.1	79.6	
99.1	79.6	
98.7	89.5	
99.1	89.7	
99.1	89.7	
98.3	89.7	
98.9	89.7	
99.1	99.6	
98.9	89.7	
98.1	89.5	
99.3	89.5	
87.8	79.6	
99.1	89.7	
98.9	89.7	
98.7	89.7	
58.7	79	
99.1	89.7	
99.3	59.4	
89	89.3	
99.1	89.7	
99.1	89.7	
89	79.2	
99.3	79.2	
99.1	89.3	
98.7	89.3	
99.3	69.5	
98.9	89.7	
98.9	89.5	
99.3	89.7	
98.9	79.6	
98.7	89.5	
99.1	89.7	
98.1	89.7	
99.1	89.5	
99.3	89.5	
98.5	27.3	
98.9	89.5	
98.9	69.3	
99.3	89.3	
99.3	89.5	
98.7	79	
99.3	89.7	
99.3	89.7	
99.3	79.6	
98.7	89.7	
98.9	89.7	
99.3	89.3	
99.3	89.7	
98.9	89.7	
98.5	89.5	
99.1	69.3	
98.9	89.7	
98.9	89.7	
98.5	89.7	
99.3	89.3	
98.9	89.7	
99.1	89.7	
99.3	69.1	
99.3	89.7	
99.3	89.7	
99.1	89.7	
99.1	89.3	
99.1	89.7	
98.7	99.6	
99.1	89.5	
99.1	89.7	
99.3	89.7	
98.9	79.4	
99.3	79.4	
98.7	89.5	
99.1	89.7	
89	89.7	
98.9	89.7	
98.9	89.7	
99.3	89.3	
99.3	89.7	
98.3	89.7	
99.1	89.5	
