77.1	89.7	
4.5	98.4	
98.7	97.4	
98.7	99.4	
55.1	88.7	
44.8	89.5	
98.9	89.7	
68.8	87.1	
98.9	79.4	
87.8	99.6	
72.7	99.6	
97.5	99.2	
98.7	99.6	
96.3	97.2	
88.4	98.6	
98.7	98	
98.7	68.3	
98.7	99.4	
99.3	99.2	
97.1	99.4	
98.5	99.6	
85.8	78.8	
98.9	99.2	
97.9	99.6	
99.3	98.6	
98.1	98.8	
97.3	88.7	
98.1	99.4	
98.9	99	
98.5	89.3	
98.7	99.4	
97.5	89.3	
98.1	99.6	
98.3	99.6	
99.1	99.2	
98.5	79.4	
99.3	99.6	
99.3	99.4	
98.7	89.3	
97.7	99.4	
99.1	79	
97.7	99.6	
88.6	79	
99.1	99.6	
98.5	99	
65	98.2	
97.1	99.2	
98.7	87.5	
87	89.3	
99.3	89.3	
98.9	99.4	
98.5	98.8	
98.1	99.4	
99.3	97.8	
99.1	88.3	
96.7	79.2	
98.7	98.8	
98.9	99.6	
99.1	88.1	
98.9	99.4	
66	99	
99.3	99	
88.4	99.2	
88.6	99.4	
98.9	99.4	
99.1	79	
58.9	89.5	
98.5	89.7	
99.1	99.4	
98.5	96.4	
98.9	99	
77.9	99.6	
97.5	89.1	
98.7	98.6	
89.2	88.5	
98.9	99.4	
97.7	99	
98.7	98.6	
99.3	99.2	
97.5	99	
98.5	89.5	
89	99.4	
98.5	99.6	
97.7	98.8	
98.9	99	
99.1	99.6	
88.4	89.3	
68.4	99.4	
86.2	99.4	
98.5	99.6	
98.5	88.7	
98.9	99.4	
97.7	89.3	
98.9	89.5	
98.7	99.6	
98.5	89.1	
99.1	88.5	
99.1	89.5	
98.9	89.7	
97.1	89.5	
98.7	89.7	
98.1	98.4	
98.3	89.3	
99.3	99.4	
99.3	99.4	
86	99.4	
66.4	99	
98.5	99.6	
96.5	99.6	
98.9	99	
97.7	99.4	
57.5	88.3	
97.3	99.6	
67.6	89.5	
99.3	99.6	
68	97.8	
97.5	98.8	
98.7	99.2	
99.3	99.4	
98.7	99.2	
98.9	98.6	
98.3	88.7	
98.9	89.7	
99.1	89.7	
88.8	98.8	
88.8	99.4	
98.7	98.8	
97.3	99.6	
98.9	89.7	
98.5	99.6	
98.3	89.7	
89.4	79.4	
98.7	89.7	
69	99.4	
97.9	78.8	
97.9	99.4	
99.3	69.1	
99.1	98.4	
97.9	89.7	
95.9	98	
99.3	89.7	
99.1	88.5	
98.9	87.7	
87.8	99.4	
98.7	79.4	
89	89.1	
65.8	89.3	
98.3	89.7	
98.9	69.3	
98.5	89.1	
98.9	87.1	
99.1	89.5	
99.1	99	
98.5	79.4	
87.4	89.7	
98.1	89.5	
88.8	99.6	
99.1	99	
87.4	99.2	
86.4	99	
97.3	99.2	
87.4	99.4	
69.4	77.2	
98.9	99	
85.8	99.4	
99.1	99.4	
97.1	77.4	
98.3	62.5	
89.4	98.4	
98.7	99.4	
78.9	89.7	
96.5	99.2	
99.1	69.5	
78.9	88.9	
96.9	99.6	
98.7	89.7	
88	89.5	
97.9	99.6	
98.1	79	
98.9	89.7	
97.3	99.4	
99.3	99.4	
99.1	79	
98.9	78.4	
88.6	89.7	
99.3	99.4	
97.7	89.1	
98.5	88.9	
97.7	99.6	
98.5	79.2	
99.1	99.4	
69	89.5	
98.1	79.4	
98.1	88.9	
57.5	79.4	
98.3	99.6	
98.3	89.7	
69	99	
97.1	99.6	
98.5	89.5	
98.9	78.8	
88.4	79.2	
99.3	99.6	
97.7	67.1	
77.1	97.2	
99.1	88.9	
97.5	89.1	
89.2	89.7	
99.1	89.3	
98.9	89.5	
87.8	89.5	
87.8	68.7	
98.7	99.6	
98.9	89.5	
96.3	99.4	
98.3	89.5	
77.5	99.6	
97.7	89.5	
98.9	98.4	
77.7	99.2	
98.3	89.1	
68.2	87.5	
98.9	88.3	
99.1	89.3	
98.9	99.4	
78.1	99	
99.3	88.7	
98.7	99.6	
98.9	89.7	
79.5	78.8	
98.3	99.6	
58.9	79	
88	99	
99.3	99.4	
98.9	99.6	
98.3	89.3	
89.2	98.6	
78.9	79.6	
98.5	69.1	
79.1	89.5	
36.3	69.3	
99.3	99.6	
98.1	99.2	
99.1	99.6	
98.5	99.6	
98.7	89.5	
78.5	89.1	
98.7	99	
98.5	88.9	
88.8	89.1	
99.1	89.1	
99.3	99	
99.1	99.6	
98.9	99.2	
99.1	99.2	
97.9	79	
97.5	99.6	
97.7	99.2	
99.1	99.6	
78.1	99.2	
98.7	99.2	
78.3	89.7	
98.7	89.3	
99.1	99.4	
99.3	99.4	
98.1	98.8	
99.1	99.4	
98.5	99.4	
99.3	99.2	
88.6	88.7	
98.3	99.2	
89	99.4	
68.4	88.7	
98.5	89.5	
68.6	99.6	
98.7	99.2	
99.3	99	
89.4	89.3	
88.4	89.5	
97.9	89.3	
97.7	89.1	
96.7	89.3	
99.3	99.6	
98.3	99.6	
98.5	89.3	
98.3	89.7	
99.1	89.3	
89	99.6	
98.1	99.6	
98.5	89.7	
98.9	88.1	
98.5	99	
98.7	78.8	
98.3	99	
98.9	99.4	
86.6	88.3	
56.1	88.3	
79.1	99.2	
99.1	98.2	
88.8	89.7	
99.1	99.2	
48.4	98.6	
88.2	88.3	
97.7	99.2	
87.2	99.4	
98.3	89.5	
98.5	89.7	
88	87.7	
99.1	89.5	
98.1	89.5	
89.4	68.1	
99.3	99.4	
76.5	98.8	
67.2	98.6	
88.6	99.6	
87.8	99.2	
98.7	78	
97.7	89.5	
98.1	98.8	
98.3	98.8	
98.1	98.4	
98.7	99.2	
97.9	98.8	
78.1	89.3	
99.1	99.6	
78.3	99	
98.9	78.2	
68	89.3	
67.6	89.1	
97.9	89.5	
98.5	89.7	
98.7	69.3	
88.8	99.6	
98.9	99.4	
98.3	89.5	
98.3	98.8	
77.7	79	
97.3	98.4	
97.9	99.4	
56.9	99.4	
97.9	79	
78.1	98.8	
98.9	99.6	
88.2	99.2	
98.9	99.6	
58.5	99.2	
74.1	89.3	
78.3	89.1	
99.3	89.3	
98.9	99.6	
98.1	99	
98.9	79	
99.1	99.2	
98.9	99	
98.9	99.6	
53.5	99.6	
98.7	88.9	
97.3	99.6	
98.7	99.4	
98.7	89.5	
98.9	99	
99.3	99.6	
88.8	99.6	
88.8	99.4	
88.6	98.2	
77.5	98.2	
96.3	99.6	
89.2	99.6	
99.1	98.8	
98.1	88.5	
68.4	89.3	
97.7	88.9	
97.7	99	
98.9	99.2	
68.2	89.1	
97.7	89.7	
98.3	78	
98.1	89.3	
97.1	98.4	
98.1	99.2	
98.5	89.7	
87.8	89.5	
89.2	88.7	
98.9	89.1	
79.1	98.4	
98.5	79.4	
97.9	99.6	
99.1	98.8	
99.3	89.7	
76.7	99.6	
89.2	79.2	
98.7	99.2	
97.9	98.6	
98.9	99.2	
78.5	78.4	
98.7	99.2	
88.2	89.3	
99.3	89.5	
68.6	79.2	
67.8	79.6	
97.1	89.5	
75.7	89.7	
97.7	98.6	
99.1	99.6	
89	98.6	
98.7	89.3	
98.3	99.4	
97.9	99.2	
88.2	89.3	
98.5	89.7	
98.7	98	
47.4	99.2	
89.4	99.4	
98.3	89.7	
99.3	67.9	
99.1	99.4	
98.5	99.6	
98.7	99.6	
98.7	99.6	
98.7	79.4	
99.3	99.6	
47.8	99.4	
78.9	78.2	
87	79.4	
88.8	99.4	
98.7	99.2	
97.9	99.6	
58.3	79	
98.5	99	
89.2	88.9	
86.2	99.4	
87.4	87.9	
98.9	78.4	
77.7	99.6	
79.1	99.6	
98.9	99.4	
99.1	99.4	
86.4	89.3	
99.1	89.1	
98.7	99.6	
88.8	99.6	
99.1	89.5	
86.6	78.8	
76.9	99.6	
98.7	89.5	
99.1	99	
77.3	99.2	
86.4	89.1	
98.5	99.4	
99.3	98.8	
98.5	99	
97.9	69.3	
95.7	99.4	
98.9	88.9	
89	87.7	
99.1	88.9	
97.5	98.8	
97.9	99	
98.7	98.2	
87.8	99	
98.9	99.6	
79.3	98.8	
98.5	99.4	
99.1	89.5	
99.1	88.1	
99.3	89.7	
98.9	89.7	
89.4	88.5	
68.4	89.1	
88.8	87.5	
98.3	89.7	
99.1	89.7	
88.4	89.5	
96.1	89.5	
98.5	67.3	
98.9	89.7	
96.9	79.6	
89.4	89.7	
89	89.3	
88.4	89.1	
88.8	89.7	
77.5	69.3	
98.5	89.7	
99.1	89.7	
98.7	89.7	
98.5	89.7	
98.7	69.5	
77.3	99.6	
79.3	79.2	
98.3	89.5	
97.7	89.7	
98.9	99.6	
37.5	99.4	
79.1	89.7	
98.9	99.4	
99.1	99.2	
98.9	78.4	
78.9	99.2	
98.3	37.4	
98.5	89.7	
