87.4	89.7	
76.9	89.7	
94.7	98.8	
78.3	99.2	
95.7	86.7	
88.6	89.7	
97.1	99.6	
72.7	89.5	
98.3	89.5	
98.9	79.2	
98.7	89.7	
99.1	99.4	
99.1	99.2	
88.4	89.3	
96.9	69.5	
97.9	79.2	
99.1	78.8	
99.1	89.5	
99.3	89.5	
98.9	89.7	
99.1	99.6	
96.9	99.6	
98.7	95.8	
97.9	99.2	
99.1	89.5	
88.2	89.7	
88.2	99.4	
98.7	78.6	
88.4	89.3	
97.7	89.3	
87	99.6	
99.1	99.4	
88.2	89.5	
99.1	68.7	
97.5	88.9	
98.5	88.9	
89	89.5	
98.9	89.5	
99.3	99.4	
99.1	99.6	
98.7	88.7	
98.7	99.6	
98.7	99.4	
99.1	99.6	
89	99.6	
98.5	88.9	
88.6	88.1	
98.5	79.4	
98.9	99.4	
98.7	89.7	
78.1	79.6	
97.9	79.4	
99.3	89.7	
98.3	79.6	
58.3	88.7	
98.3	88.5	
89.2	58.8	
99.1	89.7	
99.3	99.4	
97.7	89.5	
98.5	99.6	
98.3	99.6	
89	89.7	
97.5	89.3	
99.1	99.4	
98.9	99	
98.7	99.6	
98.9	99.4	
98.1	99.2	
76.1	88.5	
98.5	99.2	
99.1	99	
85.8	99.6	
97.5	99.2	
85	88.3	
99.1	79.2	
97.3	99.4	
98.5	98.8	
98.9	89.7	
88.6	99.6	
98.7	99.4	
96.9	99.6	
98.5	88.1	
99.3	99	
98.5	78.8	
98.3	88.3	
99.3	99.6	
98.3	98.8	
87.8	99.6	
98.1	99.6	
98.9	99.4	
99.3	99.4	
99.1	98	
99.3	99	
98.5	99	
98.7	88.9	
98.9	89.7	
97.7	99.2	
98.9	88.9	
99.3	98.8	
98.7	68.7	
88.6	99.6	
99.3	88.9	
98.9	99	
89	99.6	
99.1	99.6	
99.3	89.3	
98.9	98.8	
98.9	89.5	
99.1	99.6	
85.8	99	
98.3	98.6	
99.1	99.4	
99.1	99.4	
99.1	99.4	
99.3	89.5	
99.1	89.7	
98.9	87.3	
98.7	99.4	
99.3	38.8	
99.3	89.7	
98.7	99.4	
78.5	99.2	
88.4	98.8	
99.3	89.7	
98.3	89.5	
98.3	99.2	
98.9	89.5	
99.3	99	
87.8	68.1	
98.9	88.9	
98.1	99.6	
88.4	89.3	
89	99.4	
89	78.8	
88.2	99.4	
99.3	99	
99.3	99.2	
98.9	89.3	
99.3	89.7	
98.1	99.2	
99.1	79.4	
99.3	99.4	
97.1	89.7	
98.7	68.5	
69	89.5	
69.2	88.9	
97.9	99.6	
89	89.7	
98.9	89.5	
98.5	88.9	
86.8	99.6	
98.1	88.9	
87	89.7	
88.6	89.7	
98.9	99.4	
99.1	99.6	
99.1	89.5	
98.9	89.3	
89	69.1	
99.3	99.4	
99.3	99.6	
99.1	89.7	
98.9	99.4	
98.9	99.2	
98.9	99.4	
99.3	89.5	
98.9	99.6	
88.4	99	
98.3	99.2	
98.5	89.5	
98.9	79.2	
99.1	99.2	
98.3	88.1	
97.1	89.7	
98.7	99.6	
96.7	79.2	
88.4	99.6	
98.1	99.2	
88.8	68.9	
98.5	99.4	
88.8	89.3	
99.1	89.3	
98.9	88.5	
99.1	99.2	
98.7	99	
78.9	68.7	
98.5	99.2	
99.1	89.7	
88.8	99.6	
99.1	89.3	
98.9	98.2	
98.9	88.7	
99.1	99.2	
99.1	89.7	
99.1	98.6	
98.9	99.2	
98.1	99.4	
66.8	99.2	
87.2	88.9	
99.1	99.2	
98.7	99.2	
99.3	99.4	
98.9	89.7	
98.9	99.6	
98.9	99.6	
99.3	99.2	
98.9	99.6	
97.9	98.8	
87.2	99.6	
98.5	99.6	
88.8	98.8	
98.1	89.1	
98.9	99.6	
98.1	98	
98.3	99.6	
98.5	99.4	
77.9	99.6	
99.3	99	
98.7	98.8	
89.4	99.2	
89.2	99.6	
98.3	98.8	
98.5	99.2	
99.1	99.4	
99.3	89.3	
98.9	99.4	
99.3	99.6	
99.1	99.4	
99.3	89.7	
99.1	99.2	
99.1	99.4	
79.3	99.2	
99.3	89.5	
98.5	89.3	
99.1	89.7	
99.3	88.7	
67.2	79.2	
98.9	79	
98.9	79.4	
99.3	99.4	
99.1	98.6	
98.9	99.4	
97.3	99.2	
98.9	99.6	
98.5	98	
98.7	99.6	
98.1	99.6	
88.4	89.3	
28	98.4	
98.9	99.2	
98.5	99.6	
98.9	88.9	
99.1	87.7	
98.5	99.6	
89.2	98.2	
98.3	99	
98.5	89.1	
98.7	99.2	
99.3	99.4	
98.3	99.6	
86.2	89.3	
66.6	89.5	
88.6	99.2	
99.1	79.4	
99.1	98.8	
99.3	99.4	
97.9	99	
99.3	99.6	
99.1	99.4	
98.7	99.4	
99.1	99.2	
99.1	99.4	
99.1	99.4	
89.4	79.4	
98.9	99.4	
99.3	99.4	
99.3	99.6	
96.9	99.2	
98.3	98.4	
88.8	99.6	
99.1	99	
99.1	78.4	
98.1	99.6	
99.1	99.6	
98.9	89.7	
99.3	98.4	
98.9	99.6	
86.2	79.4	
87.2	88.9	
99.1	98.8	
99.3	99	
88.6	99.6	
99.3	99.6	
77.3	89.7	
98.7	98.2	
99.3	98	
98.1	89.5	
98.1	99.4	
97.9	99.2	
98.9	89.1	
89.2	99	
99.3	99.2	
99.3	89.7	
98.1	99.6	
98.7	89.3	
98.1	99.6	
99.3	89.5	
98.7	99.4	
98.9	89.5	
98.7	98.8	
98.5	79.4	
89	99.6	
98.1	99.2	
99.1	79.6	
97.7	79.6	
98.9	99.6	
98.5	99.6	
97.1	99.2	
98.5	99.6	
87.8	89.5	
98.9	98.8	
98.5	99.4	
98.7	99.6	
99.1	89.5	
97.9	88.9	
87	89.7	
77.7	99.4	
98.5	89.5	
99.1	98.8	
99.1	99.6	
96.1	99.2	
98.9	89.7	
98.7	99.6	
99.1	89.7	
98.9	99.6	
98.9	98.8	
99.1	99.4	
98.7	99.4	
99.1	99	
98.1	98.4	
89	99.4	
98.9	99.4	
99.1	79.2	
99.1	99	
98.7	89.7	
98.9	99	
86.8	88.1	
88.4	99	
97.7	79.6	
89.2	98.8	
98.9	99.2	
98.9	89.5	
86.8	99.2	
68.8	78.6	
97.7	99.6	
98.1	89.7	
97.7	89.7	
89	89.7	
89.2	89.3	
98.7	88.9	
97.9	99.6	
98.1	99.4	
98.3	99.4	
98.7	99.4	
98.7	99.2	
98.3	89.1	
97.5	99.4	
67.2	99.4	
89.2	79.4	
98.9	98.8	
99.3	89.3	
98.9	99.6	
98.9	89.7	
89	89.7	
89	89.5	
98.1	79.4	
88	78.8	
98.9	89.7	
99.1	89.5	
66.8	89.7	
98.5	79.6	
98.1	89.7	
99.3	79.6	
97.9	89.3	
98.7	99.6	
99.1	99.2	
99.1	99.4	
99.3	89.7	
99.1	99.4	
96.7	99.2	
98.7	99.4	
99.1	99	
99.3	99.6	
99.1	89.5	
98.3	99	
98.5	99.6	
98.1	99.4	
98.7	99.4	
98.3	99.4	
97.7	99.6	
98.1	99.6	
99.3	89.7	
99.1	99.4	
98.7	99.6	
99.3	99.2	
88	99.4	
98.9	89.7	
76.9	98.2	
98.9	99.6	
98.7	89.3	
98.9	99.6	
87.4	99.6	
88.4	99.2	
87.8	99.6	
68.6	89.7	
99.3	99.6	
99.1	99.4	
88.8	89.5	
99.1	99.6	
98.1	99.6	
98.7	89.7	
99.3	99.6	
99.1	99.4	
98.3	99.4	
78.3	99.2	
99.1	99.6	
98.3	89.3	
99.1	99.6	
98.7	99.4	
98.9	99.2	
98.5	99.6	
98.9	99	
88.8	97.8	
99.3	89.5	
99.3	89.3	
99.3	89.7	
99.1	89.5	
98.9	99.4	
98.1	89.7	
89.4	99.4	
98.9	99.2	
89	98.8	
97.7	99.6	
97.7	99.6	
97.9	89.5	
98.7	89.5	
99.1	99.6	
98.5	99.6	
87.6	99	
99.1	99.6	
78.7	99.2	
78.3	99.6	
89.2	79.4	
99.1	89.5	
99.3	99	
88.8	99.4	
99.1	99.4	
99.3	99.2	
98.1	99.6	
98.7	99.2	
99.3	99.2	
99.3	89.1	
89.4	88.9	
99.3	99.4	
98.5	89.3	
99.3	99.6	
99.3	69.1	
98.9	89.1	
78.5	88.9	
86.8	88.5	
98.5	89.7	
88.8	89.7	
98.5	89.7	
99.1	89.5	
98.7	89.5	
89.4	88.9	
58.3	78.8	
99.3	89.7	
98.3	89.7	
99.3	98.6	
98.1	89.5	
98.9	89.5	
87.8	89.7	
97.7	98.8	
99.1	69.1	
78.3	79.4	
98.3	79	
98.5	99.6	
99.1	99.6	
98.7	99.4	
97.3	69.5	
98.7	89.7	
97.7	89.7	
98.5	79.4	
99.3	99.6	
98.9	98.8	
89	78.6	
98.3	99.4	
99.3	99	
