86.4	99.6	
45	89.7	
85.8	89.5	
88	99.6	
-45.4	89.3	
76.9	99	
91.5	89.5	
90.9	99.4	
77.9	96	
75.7	79.6	
74.9	79	
97.9	89.3	
96.5	97.4	
74.7	99.4	
88.6	99.6	
98.3	79	
74.7	99.6	
96.5	99	
98.5	97.8	
98.5	98	
69.1	89.5	
33.5	98.6	
95.3	99.2	
97.3	89.1	
88	97.6	
92.9	99	
85	98.4	
99.3	88.9	
99.1	88.7	
77.9	86.9	
89	98.8	
97.7	99.4	
97.1	99	
99.1	88.9	
99.3	89.7	
77.3	88.1	
98.1	92.6	
98.7	89.3	
98.5	98.6	
98.7	89.5	
97.5	99.2	
99.3	59.4	
98.3	98.8	
96.9	99.6	
87.8	99.4	
98.5	99.2	
98.9	99	
97.5	89.3	
95.5	99.6	
98.5	99.2	
98.5	98.6	
95.9	98.6	
98.9	88.9	
99.1	98.8	
78.9	88.3	
98.9	98.4	
98.1	98.4	
76.7	99.2	
98.5	98.8	
97.3	98.8	
98.7	99	
98.9	99	
98.5	99.6	
97.9	89.1	
98.1	99.4	
98.9	89.7	
95.1	79.6	
98.9	88.9	
97.3	77.8	
98.3	99.2	
88.4	89.7	
98.9	99.6	
89.2	89.7	
98.9	99	
99.3	88.1	
98.7	99.2	
98.9	78.8	
99.1	99.6	
98.3	89.1	
98.7	97.6	
98.5	98.6	
97.3	99.4	
98.7	99	
98.9	99.6	
98.1	88.5	
78.7	99.4	
98.3	99	
99.1	99.4	
97.7	99.2	
97.9	99	
98.5	99.4	
78.3	99	
98.7	99.4	
88	98	
98.1	99	
98.9	89.5	
98.5	99.2	
89.4	99.6	
98.9	99	
59.1	99.6	
89	89.1	
98.9	89.5	
99.1	99.6	
99.3	89.3	
98.3	98.8	
67.2	99.6	
98.7	99.6	
99.3	99.4	
98.1	99.6	
97.1	89.7	
97.5	89.3	
85.4	98.8	
87.8	89.5	
98.7	88.7	
98.9	98.6	
78.3	98.6	
98.5	99.4	
98.9	98.4	
86.6	99.2	
88.6	99.6	
69.2	99.2	
98.5	97.2	
99.1	99.4	
99.3	98.4	
78.1	98.4	
98.7	98.6	
99.3	99.6	
88.6	98.8	
99.1	99.6	
89.4	88.3	
98.5	99.6	
97.7	89.7	
88.6	98.8	
98.7	99.6	
99.1	89.5	
99.1	99.2	
98.1	99.4	
89.2	89.5	
98.7	98.8	
88.2	88.3	
98.5	89.3	
98.7	98.4	
79.5	99	
97.7	99.2	
99.1	89.1	
67.4	88.5	
98.9	98.8	
67.4	99.6	
77.3	89.3	
97.9	99.4	
98.1	99.4	
88.4	99.2	
98.9	99.6	
97.5	69.5	
98.3	89.1	
98.3	99.2	
88.6	89.5	
99.1	89.5	
98.1	99.6	
99.3	99.4	
79.3	89.7	
98.7	99	
67	98.8	
98.1	99.2	
98.1	99.2	
88.2	89.3	
99.1	99.6	
46.6	88.7	
98.7	99.4	
99.1	99.4	
57.3	79.4	
98.7	99.6	
98.1	79.4	
98.9	99	
98.7	99.4	
98.5	89.5	
97.7	99.4	
98.3	99.4	
99.1	99	
98.9	99.4	
99.3	99.4	
97.7	99.6	
98.5	98.6	
99.3	98.2	
99.1	99.2	
98.5	88.1	
66.8	99.6	
98.5	99.6	
98.1	89.3	
97.9	99	
97.9	98.2	
98.1	99.6	
96.5	99	
78.1	99.4	
99.1	98.6	
98.1	88.7	
86	99.4	
96.9	88.7	
78.3	98.8	
97.7	99.6	
99.1	99.6	
77.9	99.2	
89.2	89.7	
99.1	99.2	
99.1	99.6	
96.3	99.6	
98.7	99.2	
77.5	98	
78.5	98.4	
88.4	99.6	
98.7	78.8	
98.5	99.4	
99.1	98.8	
98.7	88.3	
99.1	99.4	
99.1	68.9	
98.7	99	
88.6	79.2	
98.9	88.9	
99.1	99.6	
88.4	99.2	
99.1	99.4	
96.3	98.8	
78.7	89.3	
68.6	89.5	
98.9	87.9	
98.7	87.9	
99.3	99.6	
98.9	99.2	
78.9	99.4	
99.1	99.2	
98.7	99.4	
97.9	97.8	
98.7	99	
96.9	89.3	
98.3	89.5	
98.5	99.4	
99.1	99	
69	99.2	
98.5	99.4	
98.5	99.6	
99.1	89.1	
97.3	98.2	
68.2	99.6	
58.5	98.8	
98.9	89.5	
98.5	99	
98.3	98.6	
99.3	99	
98.3	98.2	
98.9	99.6	
57.5	89.5	
77.7	99.4	
88	88.9	
98.9	88.7	
99.1	99.6	
99.1	89.7	
99.3	89.1	
97.9	89.3	
88.6	99.2	
78.9	89.7	
98.3	78.6	
79.3	99.4	
99.3	98.8	
97.7	79.2	
98.3	99.2	
66.6	89.5	
86.4	89.5	
98.7	97.8	
67.6	99.6	
98.3	99.6	
98.9	99.2	
97.9	99.4	
99.3	99.6	
98.9	99.2	
99.1	99.6	
99.1	99.6	
99.3	99.6	
98.9	89.5	
97.9	98.8	
88.4	99.4	
67.2	99.6	
99.3	99.6	
89	89.7	
98.5	99.6	
98.5	88.9	
98.5	99.4	
98.7	99.4	
98.5	89.3	
76.9	98.2	
56.7	99.4	
98.7	98.6	
98.9	99.6	
88.8	88.7	
88.2	88.5	
97.5	99.4	
97.1	99.6	
57.9	99.6	
98.1	99.4	
34.7	98.8	
98.7	89.1	
57.1	99.2	
99.1	99.2	
98.9	89.3	
98.7	99.4	
98.5	99.4	
68.2	88.5	
96.1	99	
99.3	78.6	
98.5	98.6	
98.7	99.6	
98.7	89.3	
98.1	99.2	
88.4	99.4	
98.3	99.4	
99.1	99.2	
78.3	98.8	
97.1	99.2	
99.3	99.6	
98.1	99.6	
98.1	99.6	
67	99.6	
98.1	99.2	
98.9	99	
97.1	99.6	
96.9	98.2	
98.7	99.2	
99.3	98.4	
97.5	97.8	
99.3	69.5	
98.9	99	
98.5	99.4	
97.7	99.2	
88.4	99	
99.3	89.1	
98.9	98.8	
96.7	78.2	
98.3	98.6	
76.7	79.4	
69	99	
98.5	99.4	
98.1	98.4	
98.7	98.6	
67.8	99.6	
98.3	98.8	
96.7	89.7	
99.1	89.5	
98.9	99.2	
99.1	69.5	
97.7	97.2	
89.2	99.4	
98.7	99	
89	99	
98.1	89.1	
98.7	99.6	
98.3	99.6	
98.5	99.6	
99.3	69.3	
97.5	99.4	
98.9	99.4	
68.8	77	
98.9	99.4	
99.3	99.4	
98.1	69.5	
98.5	99	
98.9	99.4	
86.4	99.6	
97.1	98.8	
86.2	89.7	
98.1	97.8	
97.3	99.2	
79.1	99	
99.1	88.7	
77.1	88.7	
98.3	99.6	
97.9	99	
98.5	99.2	
76.1	99.2	
97.1	98.6	
96.3	98.8	
99.1	99.6	
88.8	99.4	
99.1	99.2	
87.4	89.3	
99.1	99.2	
88.8	89.7	
88.8	77.4	
99.1	99	
99.3	89.3	
98.3	99.2	
98.7	99.6	
78.3	89.1	
98.1	98.4	
66.8	99.6	
87.6	98.4	
97.7	99.4	
97.3	98.8	
98.9	89.5	
98.1	99.4	
99.1	99	
97.7	99.2	
98.9	98.8	
98.9	99.6	
98.9	69.3	
98.9	99	
98.5	99.6	
78.1	99.4	
99.1	98.6	
98.9	99.6	
89	99	
98.3	99.2	
87.4	89.7	
77.9	88.3	
99.3	99.4	
77.5	99	
98.3	99.4	
96.5	88.7	
99.3	99.4	
98.9	99.4	
97.7	99.6	
98.9	87.9	
98.9	99.4	
88.4	89.7	
99.1	89.1	
88.8	99.2	
99.1	99.6	
57.5	88.9	
98.7	99.4	
98.3	86.9	
99.3	99.6	
67	99.6	
98.7	99.6	
98.7	99.2	
98.9	88.5	
87.6	98	
99.1	99.6	
97.5	99.6	
99.3	98.8	
98.5	89.7	
98.7	98.4	
99.3	99.6	
97.9	99	
98.9	98.8	
98.7	98.8	
88.8	99.6	
88.4	89.1	
88.8	99.6	
97.7	99.2	
98.5	99.6	
98.9	99.2	
99.3	99	
98.5	98.8	
98.7	98.4	
77.5	89.5	
88	89.7	
66.2	98.8	
97.9	99.4	
97.7	99.2	
98.5	99.4	
98.9	99.4	
99.3	99.6	
99.1	99.6	
89	99.6	
77.3	99.2	
88.8	98	
98.9	99.4	
98.7	98.4	
99.3	99.2	
98.7	58.2	
99.1	99	
98.9	99.4	
99.3	79.6	
98.9	79.4	
88.8	99.6	
67.4	99.4	
68.2	78.4	
98.3	89.7	
99.3	89.5	
99.3	79	
77.7	99.6	
97.1	99.6	
98.9	99.4	
99.1	99.2	
88.6	99.2	
98.7	97.8	
98.5	89.7	
99.1	98.8	
88.2	89.7	
97.7	89.3	
98.9	99	
88	89.3	
88.6	99.6	
78.5	98	
98.5	98.6	
89	87.9	
89.4	99.6	
88.6	89.7	
96.3	99.4	
77.1	99.4	
98.7	98.8	
