39.8	89.3	
99.1	69.1	
91.5	65.4	
88.8	84.7	
97.3	99.4	
95.9	89.7	
96.9	89.5	
91.7	89.5	
78.7	89.5	
98.3	89.7	
87.4	99.2	
87.6	79.4	
88	89.7	
98.9	89.7	
95.9	89.7	
76.7	89.7	
98.7	79.6	
97.5	99.4	
98.1	79	
98.1	88.5	
88.2	99.6	
98.9	86.9	
96.7	99	
95.7	89.3	
58.1	99	
98.9	99.6	
97.7	99.2	
96.9	99.6	
96.5	98.4	
98.1	98.8	
98.7	99.4	
99.1	99.4	
93.1	96.2	
98.5	99.6	
98.3	99.6	
99.3	99.6	
97.7	88.7	
98.1	99.6	
99.1	99.4	
97.7	89.7	
99.1	99.6	
98.3	89.5	
65.4	99	
95.7	98.4	
97.3	99.2	
98.7	99.4	
99.3	98.8	
98.9	99	
98.7	89.5	
98.7	99.4	
98.1	99.2	
98.1	99.6	
98.3	99	
78.9	99	
98.9	99.2	
97.7	99.4	
98.5	89.5	
89	99.6	
98.7	99.4	
97.7	99.2	
99.1	99.6	
98.9	99.6	
98.9	99.4	
98.7	89.7	
99.1	99.6	
99.3	99.6	
99.1	89.5	
87.6	98.8	
98.3	99.4	
98.7	99	
98.9	99.4	
99.1	99	
98.7	89.3	
98.3	88.7	
98.5	99.4	
97.7	79.6	
99.1	99.6	
88	99.6	
99.1	99.2	
96.5	99.2	
98.9	99.6	
98.5	99.6	
98.9	99.6	
98.9	99.6	
99.3	89.5	
99.3	99.4	
98.7	89.7	
98.9	99.6	
98.3	96	
97.7	99.6	
98.9	99.6	
89.2	99.4	
99.1	88.9	
99.1	99.4	
98.9	99.2	
99.1	98.2	
98.5	99.6	
98.9	99.6	
98.5	99.4	
99.3	89.1	
98.9	89.1	
98.9	99.4	
98.9	98.6	
98.9	88.3	
98.7	99.4	
98.7	98.2	
97.5	98.8	
99.1	99.6	
99.3	89.7	
98.7	99.4	
98.9	98.8	
97.7	89.3	
98.7	89.3	
99.3	98.8	
98.9	99.6	
98.9	99.2	
98.5	99.4	
98.7	98.4	
98.7	99.6	
99.1	99.6	
98.7	99.6	
98.9	99.6	
98.9	89.1	
96.3	99.2	
99.1	89.7	
99.3	89.7	
98.5	98.8	
98.9	99.2	
98.5	99.4	
97.5	99.6	
99.3	99.4	
98.7	99.4	
98.5	99.6	
99.3	99.6	
99.1	88.5	
99.1	99	
98.5	99.4	
99.3	99.6	
99.3	99.2	
98.5	88.5	
98.9	99.4	
98.5	99	
98.7	99.6	
98.7	99.2	
88.8	89.7	
87.2	89.1	
98.5	98.4	
98.3	99.6	
97.1	99.4	
98.9	89.3	
99.3	99.6	
98.9	89.7	
98.1	89.3	
98.9	89.7	
98.9	99.6	
97.9	99.2	
99.1	99.6	
98.9	99.6	
98.7	79.6	
98.9	99.6	
99.1	89.3	
98.5	99.4	
97.3	99	
99.1	99.2	
99.3	99.2	
99.3	89.7	
99.3	99.4	
99.1	99.4	
99.1	99.6	
99.3	98.8	
98.7	89.5	
78.7	99.4	
99.3	99.6	
99.1	88.7	
98.3	99.4	
99.1	99	
99.1	99.6	
98.9	99.2	
98.1	99.6	
98.7	89.3	
99.3	99.6	
99.1	99.2	
98.3	99.4	
98.9	99.6	
99.1	89.5	
99.3	99.6	
99.3	99.6	
96.9	99.6	
98.5	99.4	
98.9	99.2	
98.9	99.4	
99.1	99.6	
98.3	99.4	
78.7	98.8	
97.9	99.4	
98.7	98.8	
98.9	99	
99.1	99.4	
99.3	89.3	
99.1	89.3	
99.1	99.2	
99.1	89.5	
98.5	99.4	
99.1	98.8	
98.7	99.4	
98.7	88.7	
99.1	99.6	
98.9	99.2	
98.5	99.4	
99.3	99	
79.3	99.6	
99.1	88.9	
98.5	99	
99.3	99.2	
98.7	99.4	
98.9	79.6	
98.7	89.1	
98.5	99.4	
98.5	99.4	
99.1	99.2	
98.5	67.5	
98.9	98.4	
98.5	99	
99.1	98.6	
98.9	89.5	
99.1	99.4	
98.9	99.4	
98.3	98.8	
98.7	99.4	
99.3	99.2	
98.9	99.6	
99.3	99.6	
99.1	99.6	
98.7	98.8	
98.9	89.1	
98.1	99.2	
98.9	99.6	
98.7	99	
97.5	99.2	
99.1	88.5	
99.3	99.6	
98.7	99.6	
99.3	99.4	
98.9	89.7	
99.3	99.4	
98.5	89.5	
99.3	99.6	
98.1	98.2	
99.3	89.5	
98.1	99.4	
98.3	89.7	
88.4	99.4	
99.3	99.6	
98.5	99	
98.9	89.7	
99.1	99.6	
98.7	99.6	
88.2	88.9	
97.3	99.4	
98.9	89.3	
98.9	89.1	
78.5	89.5	
99.1	99.6	
98.7	99.6	
99.1	89.3	
98.3	99.4	
98.7	99.2	
98.5	99.6	
98.1	88.1	
98.1	99.2	
99.3	99.6	
97.9	99.6	
98.9	99	
98.7	99	
98.5	99.6	
97.5	89.3	
98.9	89.1	
99.1	99.4	
99.1	99.4	
98.7	99.6	
98.3	99.4	
98.5	99.6	
99.1	99.6	
98.9	99.2	
98.7	78.8	
98.9	99.6	
99.3	89.7	
97.5	89.5	
98.1	99.4	
99.1	99.4	
98.7	99.2	
98.9	88.5	
99.1	99.4	
98.7	99.6	
99.1	99.4	
99.1	79.4	
99.3	99.4	
97.9	89.1	
98.9	88.7	
98.7	99.6	
98.9	99.2	
98.9	99.6	
99.3	89.3	
98.7	99.2	
98.5	99.2	
99.1	99.2	
98.3	99.6	
99.3	99.6	
98.3	89.7	
99.1	98.6	
98.1	99.4	
99.1	99.2	
98.3	89.3	
99.3	99.2	
99.3	99.6	
87.8	99.6	
99.1	99.6	
98.7	98.8	
99.3	99.6	
98.3	89.5	
98.5	99.6	
98.7	99.6	
98.3	99.6	
99.3	79.4	
98.9	99.6	
98.9	99.2	
99.3	89.3	
98.9	89.3	
98.5	99.2	
99.3	89.3	
89.2	99.6	
99.1	98.2	
98.9	99.6	
78.5	89.7	
99.3	99.6	
99.1	99.4	
99.1	99.4	
99.3	98.4	
98.7	99.4	
98.3	99.6	
88.2	99.6	
98.1	99.4	
87.2	79.4	
99.1	89.7	
98.3	98.8	
99.1	98.8	
98.7	89.7	
98.1	89.7	
99.1	89.5	
99.1	99.6	
98.7	99	
79.1	99	
99.1	99.4	
99.1	99.6	
98.3	99.2	
87.2	99	
99.3	89.5	
98.7	99.4	
98.7	99.2	
99.3	99.6	
98.5	99.2	
99.1	99.6	
99.1	88.9	
99.1	98.8	
98.9	99.6	
97.9	89.7	
98.9	79.4	
98.1	99.4	
99.1	88.5	
99.3	89.7	
98.7	99.6	
99.1	89.7	
68.6	98.8	
97.9	99.6	
98.3	99.2	
99.1	99.6	
99.3	99.6	
98.7	89.7	
98.5	79.4	
98.5	89.3	
99.1	99.6	
99.1	99.6	
99.3	89.3	
99.3	99.6	
99.3	99.2	
98.1	98.4	
99.3	99.2	
97.3	99.4	
98.7	98.8	
99.3	99.4	
99.1	99.2	
78.9	99	
99.3	89.5	
98.9	99.4	
97.3	89.3	
98.9	99.4	
97.9	99.6	
97.9	99.6	
98.9	89.5	
99.3	99.2	
97.5	99.6	
99.1	99.2	
98.9	99	
89	99.2	
98.9	88.7	
98.1	89.1	
98.7	99.6	
98.5	99.6	
98.9	99.6	
99.3	89.7	
98.7	99.6	
99.3	99.4	
99.1	99.4	
98.7	89.7	
97.7	89.5	
99.3	89.5	
99.1	89.1	
98.5	79.6	
99.1	99.6	
99.1	99.6	
98.3	99.2	
99.1	99.2	
98.9	99.4	
99.1	98.8	
96.7	99.6	
89	88.9	
98.7	99.2	
98.5	99.4	
98.7	99.6	
98.5	99.2	
99.1	99.4	
98.9	99.6	
99.3	99.6	
97.7	99.6	
89.4	99.4	
97.3	99.2	
99.1	99.6	
99.1	99.2	
98.9	99.4	
99.1	79	
99.1	88.9	
98.3	99.2	
98.9	99.6	
97.3	99.6	
98.9	99.4	
99.3	99.6	
98.9	99.6	
97.9	89.5	
98.5	99.6	
98.5	99.4	
97.7	99.2	
99.1	99.6	
99.3	99.4	
99.3	99.2	
98.9	99.4	
98.9	99.2	
99.1	99.4	
98.9	99.6	
99.1	99.2	
99.3	89.7	
98.7	89.7	
99.1	99.2	
98.9	99.2	
99.1	99.2	
99.1	99.4	
98.5	98.4	
98.9	88.9	
98.9	98.6	
99.1	99.6	
98.9	88.7	
98.9	99.2	
99.3	87.9	
99.1	99.6	
98.9	99.4	
98.1	99.6	
97.9	89.7	
98.9	99.2	
98.7	99.4	
77.3	78.4	
98.9	99.6	
98.7	99.2	
98.5	99.2	
99.3	99.6	
99.1	99.6	
99.3	89.3	
99.1	99.6	
99.3	79.2	
98.3	99.4	
99.1	99.6	
87.8	99.6	
97.1	99.4	
89.4	89.7	
98.3	89.5	
99.1	99	
98.7	99.6	
99.1	99.4	
88.4	99.6	
98.7	99.2	
99.3	99.6	
98.9	99.2	
