76.5	99.4	
97.9	89.5	
54.9	99.4	
96.7	99.6	
75.5	97	
88	98.6	
98.9	99.6	
98.7	99	
99.3	99.6	
97.3	99.4	
98.9	99.6	
96.5	79.2	
98.9	99.4	
98.5	99.6	
98.9	99.4	
99.1	99.6	
88	99.2	
98.9	99.4	
99.1	99.6	
99.1	99.6	
89.4	89.5	
99.3	99.6	
99.1	99.4	
99.1	99.6	
99.1	99.2	
98.9	99.4	
98.9	99.2	
99.1	99.6	
99.1	99.4	
99.1	99	
99.3	99.6	
99.3	99.4	
98.7	99.6	
88.6	95	
99.3	99.6	
89	99.4	
98.9	99.6	
98.9	99.6	
99.3	99.6	
98.5	99.6	
99.1	95.6	
99.3	99.4	
99.3	89.5	
99.1	89.5	
98.5	99.4	
99.1	96.6	
99.3	99.6	
99.3	99	
99.3	99.4	
98.9	89.3	
98.9	99.6	
99.3	99.4	
89.4	99.6	
98.9	99.2	
99.1	99.4	
99.3	99.6	
99.3	99.6	
98.9	99.6	
99.1	89.5	
99.1	99.2	
99.3	99.4	
99.3	99.4	
99.3	99.6	
98.9	99.6	
89	99.4	
99.3	99.6	
98.9	89.5	
98.7	89.5	
99.1	89.5	
98.3	99.4	
99.1	99.6	
88.6	99.6	
98.9	88.5	
99.3	99.2	
99.1	79.4	
99.3	99.4	
99.1	99.4	
98.9	99.6	
99.3	99.4	
89.2	99.4	
99.1	99.6	
97.9	89.7	
98.5	99.6	
99.3	99.6	
98.9	99.4	
98.7	99.6	
88.8	99.4	
78.9	99.6	
99.3	99.6	
99.3	99.4	
89.2	99.6	
99.3	99.6	
99.1	89.5	
99.3	99.6	
58.5	99.6	
88.6	99.6	
79.5	99.6	
58.9	99.6	
99.1	99.6	
99.3	99.6	
99.3	99.4	
99.3	89.5	
99.3	99.6	
98.9	99	
98.3	99.6	
99.1	99.6	
99.3	99	
99.3	99.4	
98.5	99.6	
99.3	99.6	
98.9	99.6	
99.1	99.6	
98.9	99.6	
98.5	99.6	
98.9	99.2	
99.1	99.4	
98.7	99.6	
99.3	89.5	
99.3	99.6	
99.3	99.4	
99.3	99	
98.5	99.2	
98.5	99.6	
99.1	99.4	
99.3	99.2	
99.1	99.6	
99.1	99.6	
98.5	89.5	
99.1	89.5	
99.3	99	
99.1	99.6	
99.1	99.6	
88.6	99.6	
98.5	79.2	
67.6	99.6	
98.7	99.4	
86.6	99.6	
99.3	99.6	
98.9	99.6	
99.3	99.4	
99.3	87.9	
99.1	69.3	
99.3	89.7	
99.1	89.7	
99.1	89.7	
99.3	99.4	
89.2	99.6	
99.3	99.4	
99.1	99.4	
98.9	99.6	
98.3	99.6	
98.9	99	
99.3	89.7	
99.1	99.6	
99.3	99.2	
99.1	99.6	
99.1	99.6	
99.1	99.2	
99.3	99.6	
99.3	99	
99.3	99.4	
99.1	99.4	
99.1	99.4	
99.1	99.4	
99.3	99	
99.1	99.4	
99.3	99.6	
98.5	99.6	
98.9	99.2	
89.2	99.6	
98.7	99.4	
98.9	99.6	
98.7	99.4	
99.3	99.6	
78.7	99.4	
98.9	99.6	
89.2	99.4	
99.3	88.9	
98.5	89.7	
98.9	99.6	
98.5	99.4	
99.1	89.5	
99.3	79.4	
98.5	99.4	
98.9	99.2	
98.7	99.6	
98.7	89.5	
99.3	99.6	
98.9	99.6	
98.9	99.4	
99.1	99.4	
98.7	99.6	
98.1	99.6	
99.1	99.6	
99.1	99.6	
98.1	99.6	
99.3	89.7	
99.3	99.6	
99.1	89.7	
99.1	99.4	
99.3	99.6	
98.9	99.6	
98.3	99.6	
99.3	99.6	
99.3	99.6	
99.3	99.4	
98.9	99.4	
99.3	99.6	
99.3	99.6	
98.9	89.5	
98.7	99	
99.1	89.5	
99.3	79.6	
98.9	99.6	
99.3	99.6	
99.3	99.4	
99.3	99.2	
98.9	99.6	
98.9	99.6	
88.6	89.7	
99.1	99.6	
98.9	99.4	
99.3	99.2	
99.3	99.6	
99.3	99.6	
99.1	99.6	
98.7	89.5	
99.1	99.4	
99.1	99.6	
99.3	99.2	
99.3	99.4	
99.3	98.8	
98.9	99.6	
99.3	99.6	
99.3	99.6	
98.5	99.6	
99.3	99.2	
98.5	99.6	
89.2	99.4	
99.3	88.7	
99.3	89.5	
89	89.5	
99.3	89.5	
99.3	99.6	
99.1	99.6	
99.1	89.1	
99.1	98.2	
99.3	99.6	
98.3	79.2	
99.1	89.7	
89	88.1	
99.1	89.7	
88.8	89.7	
98.9	89.3	
99.1	99.4	
99.1	89.7	
89.2	79.4	
99.1	99.6	
98.7	99.4	
99.3	89.7	
99.3	89.3	
98.9	89.7	
99.3	99.2	
99.1	89.5	
99.1	89.7	
99.3	89.7	
98.9	89.7	
98.7	79.6	
89.4	89.7	
89	99	
99.1	89.7	
99.3	99.2	
99.1	99.6	
88.8	99.6	
99.3	99.4	
99.1	99.6	
89.2	99.6	
98.3	99.6	
99.3	99.4	
99.3	89.7	
99.1	99.4	
99.3	79.6	
99.3	99.6	
88	99.4	
98.9	89.3	
88.8	99.4	
99.1	99.4	
99.1	99.6	
99.3	99.6	
99.3	99.6	
98.5	99.4	
99.3	99.2	
99.3	99.6	
99.3	99.2	
98.7	99.4	
99.1	99.6	
99.1	99.4	
99.1	99.4	
99.3	99.6	
98.9	99.4	
99.3	99.6	
98.9	99.6	
99.1	99.2	
98.9	89.7	
99.1	99.2	
98.7	99.4	
98.9	89.7	
98.3	99.6	
98.5	99.6	
99.3	99.6	
98.7	89.5	
99.3	99.4	
99.1	89.1	
98.7	99.4	
99.1	99.6	
99.1	99.4	
99.1	99.6	
99.1	99.6	
98.9	99.4	
99.1	99.6	
98.7	99.4	
99.1	99.2	
98.5	99.4	
98.7	89.7	
99.3	99.2	
98.7	99.4	
98.5	89.7	
99.3	89.7	
98.5	89.7	
98.9	89.5	
98.9	99.4	
99.3	89.7	
99.3	99.6	
99.3	99.6	
98.9	89.7	
89.2	99.6	
99.3	99	
99.3	99.4	
88.8	99.2	
98.3	99.6	
89	99.6	
99.3	99.2	
99.1	99.4	
98.9	99.6	
98.9	99.6	
99.3	89.7	
99.1	99.6	
98.9	99.6	
99.3	99.6	
98.9	89.7	
99.3	99.6	
98.9	99.6	
98.9	99.4	
99.3	99.6	
99.3	99.4	
99.1	99.6	
99.3	99.6	
97.5	99.6	
99.1	99.6	
99.3	99.6	
98.3	99.4	
99.1	99.6	
98.9	99.6	
99.3	99.2	
99.3	99.6	
88.8	99.2	
98.9	99.4	
98.7	88.9	
88.6	99.6	
99.3	89.7	
98.9	88.9	
97.9	89.5	
99.1	89.5	
89	89.5	
99.3	89.7	
99.3	99.6	
98.7	99.6	
99.3	89.7	
99.1	89.7	
99.1	89.7	
99.1	89.7	
99.1	89.7	
98.9	89.7	
99.1	89.7	
89.2	89.5	
47.6	99.6	
99.3	89.7	
79.1	89.5	
99.3	89.5	
99.1	89.5	
89.2	89.7	
88.8	89.5	
89	89.7	
99.3	69.5	
68	89.5	
98.9	79.4	
99.3	89.5	
99.1	99.4	
98.5	99.6	
99.3	89.7	
99.1	89.7	
99.1	89.7	
88.8	89.7	
99.1	99.6	
89.2	99.6	
99.3	99.6	
99.3	99.4	
98.9	99.4	
88.8	99.6	
99.3	99.6	
99.1	88.9	
99.3	99.6	
99.1	99.6	
99.1	99.6	
99.3	99.2	
99.3	99.6	
99.1	99.6	
79.1	89.3	
99.1	99.4	
99.3	99.4	
97.9	89.1	
98.7	99.4	
98.9	98.8	
98.7	89.1	
99.1	79.6	
99.1	79.6	
78.7	89.7	
99.1	89.7	
99.1	89.7	
99.1	89.7	
99.3	89.7	
99.3	89.7	
99.3	89.3	
99.3	89.7	
98.9	89.5	
87.2	79	
99.3	99.6	
99.3	99.6	
99.1	99.4	
99.1	99.2	
99.3	89.3	
99.3	79.6	
79.3	99.6	
98.9	89.5	
99.1	89.7	
98.9	89.3	
99.3	89.7	
99.3	99.2	
99.1	89.7	
99.3	89.5	
89	99.6	
78.7	89.7	
99.3	89.7	
89	89.7	
99.3	89.5	
78.9	89.7	
98.7	99.4	
99.1	89.7	
89.4	89.7	
98.5	99	
98.9	99.4	
98.9	99.6	
99.1	99.6	
99.3	99.4	
99.3	99.6	
98.9	89.5	
98.5	99.6	
99.1	99.2	
88.6	99.4	
98.7	99.6	
99.3	99.6	
98.5	99.4	
88.8	99.4	
78.5	99.6	
99.3	89.7	
99.1	99.2	
98.9	99.6	
89.2	89.5	
98.3	99.6	
99.3	99.6	
89.4	99.6	
99.3	99.6	
99.1	99.2	
99.1	99.6	
99.3	79.4	
99.1	99.4	
98.9	99.6	
99.1	99.6	
88.6	89.5	
99.1	99.6	
99.3	99.4	
99.3	99.2	
99.3	99.4	
98.7	99.6	
98.7	99.6	
98.9	89.3	
99.3	99.6	
98.9	89.1	
98.5	89.5	
89	99.6	
