86	83.4	
58.5	99.4	
72.1	89.5	
88.8	89.7	
92.1	89.7	
96.7	89.7	
98.9	89.7	
94.9	89.3	
95.7	89.7	
98.9	99.4	
98.5	89.7	
99.3	99.4	
98.5	99.4	
98.9	89.7	
98.9	89.7	
98.5	89.7	
99.1	89.7	
99.3	89.5	
99.1	89.5	
99.1	89.7	
99.3	89.5	
98.7	89.7	
99.3	79.4	
98.3	79.6	
98.9	99.6	
99.1	89.7	
99.3	99.6	
78.3	89.7	
99.3	89.7	
98.9	79.6	
99.3	89.7	
98.9	89.7	
99.3	89.7	
99.3	99.2	
99.3	99.6	
99.3	79.4	
99.3	89.5	
99.1	69.5	
99.3	89.7	
99.3	89.5	
89	89.7	
88	89.5	
99.1	89.3	
99.1	89.5	
99.1	89.7	
88.8	89.7	
99.1	89.7	
88.8	89.7	
99.3	89.7	
99.3	89.5	
98.7	89.7	
99.1	89.7	
99.1	79.6	
98.9	89.3	
99.3	89.7	
89	89.5	
99.3	89.7	
99.1	69.5	
88.8	89.7	
99.1	89.7	
99.3	79.4	
99.3	89.7	
98.9	89.7	
99.1	89.5	
99.1	89.7	
99.1	99.6	
99.1	89.7	
98.7	89.7	
99.3	79.6	
98.9	89.7	
99.3	99.6	
98.3	99.6	
99.3	89.7	
99.3	89.7	
99.1	89.7	
99.3	89.5	
79.3	79.6	
98.7	89.7	
99.3	89.7	
99.3	89.5	
68.8	79.4	
99.1	89.7	
99.1	89.7	
99.1	89.7	
99.3	89.7	
99.3	89.7	
99.3	89.5	
99.3	89.5	
98.5	59.4	
99.3	89.7	
99.3	89.7	
98.9	89.7	
99.3	89.7	
89	79.6	
99.1	89.5	
98.9	89.7	
99.3	89.7	
98.9	89.7	
98.9	89.7	
79.1	99.4	
99.3	99.6	
99.3	89.7	
99.1	99.6	
99.1	89.7	
98.9	89.7	
99.3	89.7	
89.4	89.7	
89.4	89.7	
98.9	89.7	
99.1	79.2	
99.1	69.3	
99.3	89.5	
99.3	99.4	
99.1	79.4	
99.1	89.7	
99.3	89.7	
99.3	89.5	
88.6	89.3	
99.3	89.7	
98.7	69.1	
98.9	89.7	
79.5	89.7	
99.3	89.7	
99.3	89.7	
99.3	89.5	
98.9	89.7	
79.1	99.6	
99.3	89.7	
98.9	89.7	
99.3	89.3	
98.5	89.7	
99.3	89.5	
98.5	89.7	
98.9	89.3	
99.1	89.7	
98.7	89.7	
99.3	89.5	
99.1	89.3	
99.1	79.2	
99.1	89.7	
99.3	89.7	
98.9	99.6	
99.1	89.7	
89	89.7	
98.7	89.3	
88.8	89.7	
99.3	89.3	
99.3	89.7	
99.3	89.3	
99.1	89.7	
99.3	89.7	
99.1	89.7	
99.3	89.7	
98.7	89.7	
99.1	89.7	
99.3	88.5	
99.3	89.7	
99.1	99.6	
98.9	89.5	
79.3	89.7	
99.1	89.5	
89	89.5	
99.1	89.7	
99.1	89.7	
99.1	69.5	
99.3	99.4	
98.9	89.7	
99.1	99	
98.3	89.7	
79.1	89.7	
98.9	89.7	
99.1	89.5	
99.3	99.6	
99.3	89.5	
99.1	89.7	
99.3	89.5	
99.1	89.7	
99.3	79.6	
89.4	79.6	
99.3	89.5	
97.9	99.6	
99.3	89.7	
98.9	89.7	
99.3	89.7	
99.1	89.7	
97.3	69.3	
98.9	89.5	
99.3	89.1	
99.3	99.4	
99.3	79.6	
99.1	89.7	
99.1	89.7	
99.1	89.5	
99.1	89.5	
99.1	89.5	
99.3	99.4	
99.1	89.7	
99.1	99.2	
99.1	99.6	
99.3	89.7	
99.3	89.5	
99.3	99.6	
99.1	99.6	
99.3	99.4	
98.5	99.4	
99.1	89.7	
99.1	99.4	
78.7	99.4	
98.7	99.4	
99.1	99.6	
99.1	99	
99.3	99.6	
98.9	99.6	
98.9	99.4	
99.1	99.6	
98.9	99.6	
98.9	99.6	
99.1	99	
89.2	99.6	
99.3	99.4	
99.1	99.6	
99.3	89.5	
98.7	89.7	
99.1	99.6	
99.1	99.6	
89.4	99.6	
99.3	99.6	
98.7	99.4	
98.7	89.7	
98.7	89.7	
99.1	89.7	
88.6	99.2	
98.7	99.6	
99.1	99.6	
98.9	99.6	
89.4	99	
78.9	99.6	
99.3	99.6	
99.3	99.6	
98.9	99.6	
99.1	99.4	
99.1	99.4	
98.5	99.6	
98.9	99.4	
99.1	99.6	
99.1	89.3	
98.7	99.4	
98.7	89.5	
99.1	99.4	
98.7	89.3	
99.1	89.7	
98.9	99.4	
89.4	99.6	
99.1	99.4	
99.1	89.7	
99.1	99.6	
89.2	99.6	
98.9	99.2	
99.3	79.4	
99.1	89.7	
99.1	89.3	
89.4	89.7	
99.1	89.5	
99.1	99.4	
98.9	99.6	
98.7	99.6	
98.9	99.6	
88.8	99.6	
99.1	89.5	
99.3	99.6	
99.3	99.2	
98.7	99.4	
98.1	99.2	
99.1	99.6	
99.3	79.4	
99.3	99.6	
99.3	99.4	
98.7	99.6	
99.3	99.6	
99.3	89.7	
99.1	99.6	
98.5	99.2	
98.7	99.6	
99.3	89.7	
99.3	99	
89.2	99.2	
98.9	68.7	
99.3	99.6	
99.1	99.6	
89.4	99.4	
99.3	99.4	
98.9	89.5	
99.1	99.6	
99.1	99.2	
69.4	99.2	
99.1	99.6	
99.3	99.4	
98.9	99.6	
99.3	99.6	
99.3	99.6	
98.9	99.6	
99.1	99.6	
98.9	89.7	
99.3	99.4	
99.3	99.4	
98.5	89.1	
98.5	99.6	
99.1	99.6	
99.3	99.6	
98.9	89.5	
99.3	99.6	
99.1	99.6	
98.5	99.2	
99.1	99.2	
99.3	99.4	
99.3	99.6	
99.3	99.4	
98.7	99.6	
99.3	89.5	
99.1	99.6	
99.3	99.6	
99.1	99.6	
99.1	99.6	
99.1	99.6	
98.9	89.7	
99.1	99.6	
99.1	89.5	
98.3	99.6	
99.3	99.6	
99.1	99.6	
99.3	99.6	
99.1	99.6	
99.1	99.6	
99.1	89.7	
99.3	99.6	
99.1	99.6	
99.3	99.2	
99.3	99.4	
99.3	79	
99.1	99.6	
99.1	99.2	
98.9	99.6	
98.5	99.6	
98.5	99.6	
98.9	99.6	
99.3	69.3	
99.1	99.2	
99.3	99	
89	99.6	
99.1	99.4	
99.3	99.6	
99.1	99.2	
97.9	99.2	
99.3	99.4	
98.5	99.6	
99.3	89.5	
99.3	99.6	
99.1	89.5	
98.9	89.7	
98.7	89.7	
99.3	99.4	
89.2	99.6	
99.3	99.6	
99.1	89.5	
99.3	89.5	
98.7	99.6	
98.5	89.7	
99.3	99.4	
99.3	89.3	
99.3	99.6	
99.3	99.6	
99.3	99.6	
99.1	99.4	
98.9	79	
99.3	89.7	
98.9	99.6	
98.9	89.7	
99.1	99.4	
99.3	99.4	
99.1	89.7	
99.3	89.7	
99.1	89.7	
99.3	89.7	
99.1	99.4	
99.3	99.6	
99.1	99.6	
99.3	99.6	
98.5	99.4	
99.1	99.4	
99.1	99.6	
99.1	89.7	
98.9	79	
99.3	99.6	
99.3	99.6	
99.1	89.7	
98.9	89.5	
98.9	99.6	
98.9	99.6	
99.1	99.6	
99.3	99.2	
99.3	99.6	
99.1	99.2	
88.8	99.6	
98.7	99.6	
99.1	89.3	
99.1	89.7	
98.9	99.6	
99.1	89.3	
99.3	99.4	
98.9	99.6	
99.3	99.2	
98.5	99.6	
99.1	99.6	
98.9	99.6	
99.3	89.7	
99.3	89.7	
99.3	99.4	
99.1	89.7	
88.8	99.4	
89.2	99.4	
88.8	99.6	
98.9	99.6	
99.3	88.5	
89	89.7	
99.3	89.7	
88.8	89.7	
99.3	79.4	
99.1	89.7	
99.1	89.7	
99.1	89.7	
99.1	89.7	
89	89.5	
99.3	89.3	
99.3	89.7	
99.3	89.7	
99.3	99.6	
99.3	79.6	
98.9	89.5	
89	89.7	
99.1	89.7	
99.1	79.4	
99.3	99.2	
89	99.6	
89.4	88.7	
99.1	89.7	
99.3	99	
98.7	99.6	
99.3	89.3	
99.3	99.4	
99.1	99.6	
89.4	99.4	
99.3	89.7	
99.1	69.3	
99.3	99.6	
99.3	99.6	
98.9	99.4	
99.1	99.6	
99.1	99.4	
99.1	99.6	
99.1	89.5	
98.5	99.6	
99.3	99.6	
79.1	99.6	
98.7	89.7	
99.3	99.6	
99.3	99.4	
99.1	99.2	
99.3	89.1	
89.2	99.4	
98.5	79.6	
99.1	99.6	
98.9	99.4	
99.3	99.4	
99.1	89.5	
99.1	79.4	
89.4	99.6	
99.1	99.6	
99.1	99.4	
99.1	88.9	
99.3	99.6	
99.1	89.7	
99.3	89.1	
99.3	99.6	
98.5	89.5	
99.3	89.5	
99.3	99.4	
99.1	98.8	
98.9	79.2	
99.3	99.6	
99.3	99.6	
99.3	99.4	
99.1	89.7	
99.1	99.2	
99.1	89.7	
98.9	89.7	
99.3	89.5	
89.4	89.7	
98.7	89.7	
99.3	79.6	
99.3	89.3	
