84	89.1	
65.6	95.8	
97.7	89.7	
98.5	89.5	
97.3	89.5	
98.5	99.2	
65	89.3	
97.9	99.4	
88.4	99.2	
88.4	99.6	
97.9	99.6	
99.1	89.3	
98.1	89.3	
88.4	89.5	
99.3	99.4	
98.7	99.6	
78.3	89.5	
78.7	89.7	
98.3	89.7	
97.5	89.7	
96.7	99.4	
76.1	99.6	
88	99.6	
99.1	78.8	
99.1	99.4	
99.3	88.7	
75.9	89.3	
98.9	98.8	
98.5	99.4	
99.3	99.4	
89.4	99.2	
99.3	89.3	
88.4	59	
99.3	99.6	
68.8	89.3	
99.3	79.4	
58.3	89.7	
98.9	98.6	
99.3	99.4	
98.7	89.5	
98.5	98.4	
89.2	99.4	
98.1	88.7	
99.1	89.5	
78.1	98	
97.9	89.1	
98.9	99.4	
98.1	99.4	
99.3	99	
99.3	99.2	
98.7	99.2	
99.3	99.4	
78.9	89.3	
98.9	89.7	
98.7	88.1	
97.3	99.4	
97.5	99.4	
89.2	99.4	
77.1	89.7	
98.9	99.2	
98.5	99.4	
96.7	79.2	
99.1	99.4	
98.3	89.3	
99.1	98.2	
96.9	99	
99.3	89.7	
74.9	89.3	
98.9	99.2	
99.3	79.2	
98.9	68.5	
98.9	86.7	
69.2	78.6	
99.1	99.6	
97.1	89.7	
98.9	99.2	
98.9	89.3	
87.4	89.7	
99.3	99.6	
98.9	99.2	
98.7	99.6	
97.3	79.4	
99.1	89.5	
79.1	88.5	
88.8	99.6	
99.1	88.9	
99.3	99.2	
68.8	99.2	
99.3	99.2	
99.3	99.4	
98.5	89.5	
99.3	99.4	
99.3	99.6	
99.1	99.2	
78.7	99.4	
69	99.2	
88.6	99.6	
89	99.4	
88.8	99.6	
79.1	89.1	
89.4	88.1	
68.6	99.2	
88.8	89.7	
88.6	89.5	
48.8	79.4	
98.3	89.7	
98.7	48.7	
78.3	88.9	
87.8	99.6	
99.1	89.1	
95.9	99.2	
99.1	99.2	
97.9	89.3	
98.3	89.5	
98.1	78.4	
99.1	89.1	
99.3	99.6	
97.3	89.5	
98.5	99	
98.7	99	
98.1	89.1	
97.1	99.6	
88.4	99.4	
98.7	99.6	
97.3	98.6	
88.4	99.2	
97.5	89.7	
98.3	99.2	
98.5	99.4	
98.7	98.8	
78.9	99.6	
96.9	99.4	
98.9	99.2	
98.9	99.6	
98.3	99.6	
98.5	99.6	
99.3	98.6	
98.7	99.2	
98.3	99.4	
99.1	98.8	
98.7	89.3	
98.5	99.2	
99.3	99.6	
98.7	98.6	
98.3	98.8	
79.1	99.6	
99.1	99.6	
89	89.7	
98.5	79	
98.7	89.5	
99.1	89.5	
98.1	99.6	
98.5	79.2	
99.1	98.4	
98.9	79	
99.1	99.6	
89.2	89.7	
89.4	99.6	
99.3	89.7	
78.9	79.2	
78.7	89.7	
98.7	79	
99.3	99.6	
98.5	57.4	
97.5	79.6	
99.1	99.6	
99.3	99	
98.9	99.2	
98.7	88.5	
99.1	89.3	
98.5	99.6	
97.3	99.6	
88	98.6	
99.1	99.4	
98.7	99.4	
98.1	88.9	
89	99.6	
98.5	99.6	
88.6	99	
99.1	99.6	
98.7	78.2	
98.5	89.5	
98.1	99.2	
98.5	79.4	
99.1	99.6	
99.1	99.6	
98.5	99.6	
97.5	99.6	
99.1	89.7	
99.3	99.2	
98.3	99.6	
98.9	99.6	
99.3	99.6	
98.9	99.2	
98.1	99.4	
99.1	99.4	
98.5	99	
97.7	89.5	
98.7	99.6	
99.3	99.4	
98.9	99.6	
99.3	99	
98.7	89.7	
98.9	99.6	
98.9	99.4	
98.3	99.6	
98.9	99.2	
99.1	89.3	
99.3	99.2	
89.4	99.4	
98.3	99.2	
89	99.6	
79.1	99.6	
98.7	87.9	
85.8	89.5	
98.5	98.4	
99.3	99.6	
98.9	89.1	
99.1	99	
78.5	99.4	
98.9	68.7	
88.6	89.7	
98.7	89.7	
99.3	89.5	
99.1	89.5	
77.9	89.7	
98.7	89.5	
78.7	98.8	
98.9	89.1	
88.8	89.5	
98.5	79.6	
98.3	89.5	
98.9	79.4	
78.7	99.6	
99.1	89.7	
88.6	99.4	
88	88.9	
98.7	89.7	
98.1	99.4	
88.8	89.7	
98.9	89.7	
89.4	99.6	
88.6	99.6	
99.1	99.4	
99.1	99	
98.9	99.6	
98.9	99.2	
99.1	89.7	
98.1	89.5	
98.7	99.4	
99.3	99.4	
89	89.7	
98.9	89.7	
99.1	79.6	
99.3	89.5	
98.1	99.4	
68.8	89.1	
49	99.6	
97.1	99.4	
98.9	99.4	
87.6	99.6	
98.7	79.2	
97.9	99.2	
97.5	99.6	
69	99.4	
98.7	99.6	
78.7	99.6	
98.5	89.7	
99.3	99.2	
98.9	99.4	
98.3	79.2	
99.3	88.5	
97.9	99.4	
56.5	99.4	
98.9	89.3	
88.8	99.6	
98.3	89.7	
99.3	99.2	
99.1	99	
98.5	99.4	
97.3	99.6	
99.3	99.6	
99.3	99.2	
99.1	98.8	
88.6	89.7	
99.1	99.6	
99.1	98.8	
98.9	89.7	
98.3	99.6	
98.3	79.4	
97.7	89.7	
89.4	89.1	
88.6	98.6	
98.3	89.3	
98.9	89.3	
98.9	89.5	
89.4	99.4	
99.1	99.2	
99.3	99.6	
98.9	99.4	
88.2	99.2	
98.9	99.4	
98.5	99.6	
98.3	99.6	
99.3	99.6	
99.3	98.8	
98.9	98.8	
97.1	99.6	
98.7	98.8	
99.1	89.5	
98.1	99.6	
98.9	99.6	
99.1	99.2	
89.4	89.7	
98.9	89.5	
99.3	99.4	
99.1	89.5	
98.9	89.1	
98.5	99.2	
98.9	89.3	
97.9	68.7	
99.1	99.6	
99.1	89.1	
99.3	99	
98.3	99.4	
88.2	99.2	
98.9	99.2	
78.9	89.5	
78.3	68.7	
98.7	89.5	
99.1	89.7	
98.1	79.2	
98.5	89.5	
98.3	99.6	
97.1	89.3	
99.1	99.6	
97.7	99.4	
97.7	99.4	
99.1	99.6	
98.9	99.6	
98.7	99.4	
98.5	88.9	
78.1	99.6	
99.1	99.2	
89.4	99.2	
67.8	99.6	
98.7	99.6	
99.3	99.4	
98.9	99.6	
98.7	98.8	
98.9	99.4	
98.9	89.7	
99.3	99.4	
98.7	99.6	
98.5	89.5	
99.3	98.8	
98.9	69.3	
98.3	99.6	
99.3	99.4	
99.3	99.6	
97.9	99.4	
99.3	99.6	
99.3	89.1	
99.3	99.6	
99.1	99.6	
98.9	99.6	
88.8	88.7	
89.4	99.6	
99.1	99.4	
95.7	89.3	
98.7	99.4	
99.1	67.9	
99.1	89.3	
98.9	99.6	
97.9	89.5	
99.3	89.5	
98.9	89.5	
99.3	99.4	
98.7	99.4	
87.6	89.1	
98.9	89.1	
98.9	98.4	
99.1	99.6	
99.3	89.7	
78.9	99	
98.5	99.4	
98.7	99	
89.4	79.4	
99.1	89.1	
98.9	99.4	
78.5	89.5	
89.4	99.4	
99.1	99.4	
98.3	79.2	
99.1	98.8	
89.4	89.5	
99.1	99.6	
98.1	99.4	
89	99.4	
79.5	79.2	
99.1	89.7	
99.1	89.1	
99.1	89.7	
98.9	99.6	
98.5	89.5	
98.9	89.5	
98.9	89.7	
98.5	89.7	
98.7	89.3	
98.7	89.3	
88.4	89.7	
98.1	99.6	
99.1	99.4	
99.1	89.7	
99.1	98.2	
97.7	89.5	
99.3	88.9	
98.7	98.6	
98.9	89.7	
78.9	69.5	
98.9	89.7	
99.3	89.7	
99.1	88.9	
88.6	89.5	
98.9	89.5	
88.6	89.7	
98.9	99	
98.7	89.7	
99.3	89.5	
99.1	99.6	
99.1	89.3	
99.1	79.2	
99.3	99.4	
99.1	89.5	
87	89.5	
98.3	99.6	
99.3	89.7	
99.1	98.6	
98.7	79.6	
78.1	98.8	
99.3	99.4	
98.9	99.4	
99.3	89.5	
98.1	99.4	
98.7	89.7	
89.4	69.5	
97.7	88.1	
99.1	99.2	
97.5	69.5	
98.9	89.7	
99.3	89.7	
99.1	99.4	
98.7	79.6	
99.1	79.2	
98.3	99.4	
98.5	89.5	
98.9	99.6	
98.7	99.4	
98.9	89.5	
97.9	99.4	
99.1	99.4	
78.9	78.8	
98.5	99	
88.6	69.3	
98.5	98.2	
99.1	98.8	
88.4	79.4	
98.5	89.7	
98.5	79.2	
99.1	89.1	
88.6	98.8	
99.3	79.6	
89.2	89.5	
99.1	89.5	
99.1	99.6	
98.5	99.6	
89.4	79	
97.9	89.7	
98.9	88.9	
88.4	79.4	
98.7	99	
99.1	99.6	
79.3	99.2	
98.7	89.1	
97.7	88.9	
99.1	89.7	
98.9	89.1	
99.1	89.7	
98.7	89.7	
88	89.5	
99.3	89.7	
98.3	78.8	
58.9	89.5	
99.3	89.5	
99.3	89.7	
88.6	99.6	
98.7	99.2	
99.1	89.1	
99.3	99.4	
99.1	99.6	
