11	89.7	
43	88.7	
97.7	98	
89	89.7	
96.9	96.2	
82.6	89.3	
77.5	99	
98.5	98.8	
95.3	98.8	
98.5	98.2	
97.5	99.4	
89	99.6	
89.2	98.6	
98.5	98.6	
98.1	89.5	
75.5	88.9	
98.9	99.6	
76.7	99.2	
88.6	99.4	
78.7	99.4	
98.5	89.1	
96.9	97.8	
87	99.2	
97.7	99.6	
99.1	98	
95.9	99.4	
87	89.7	
78.9	97.4	
99.3	99.6	
89.2	99	
98.5	99.6	
98.7	89.3	
89	99.4	
99.1	89.1	
98.5	89.3	
99.1	99.4	
87.8	99.4	
56.5	99.6	
98.5	89.3	
99.1	99.4	
99.1	98.6	
88.8	99	
99.3	99.4	
98.7	99.6	
98.1	99.6	
99.3	89.7	
98.5	99.4	
98.9	99.2	
99.1	99.4	
98.7	99.4	
68.4	99.2	
99.1	99.2	
98.3	89.5	
77.9	99.6	
98.9	99.2	
77.9	99.4	
86.8	79.4	
98.3	88.1	
98.5	96.4	
66.8	79.4	
99.3	98.6	
99.3	79.4	
98.3	89.7	
98.9	99.6	
99.1	89.7	
99.3	78.4	
98.7	99	
98.7	78.8	
97.9	79.2	
77.1	99.2	
99.1	99.6	
78.3	99.6	
97.1	89.1	
98.7	89.7	
99.1	88.9	
98.7	98.8	
98.9	89.3	
78.9	99.6	
78.5	89.5	
99.1	98.6	
98.7	89.1	
86.6	99.6	
97.7	99.6	
99.3	99.6	
99.3	99.6	
99.1	89.7	
98.1	99.6	
99.3	89.5	
99.1	99.6	
99.3	99.6	
98.9	99	
98.9	99.4	
99.1	89.5	
98.5	89.5	
89	99.6	
99.3	99.6	
46.6	97.8	
99.3	89.1	
99.1	67.5	
99.1	99.4	
98.9	99.6	
98.5	98.2	
69.2	89.3	
98.9	99	
98.9	89.5	
98.9	89.3	
48.8	99.4	
98.1	98.2	
99.3	98.2	
98.9	99.4	
99.1	99.6	
98.7	89.3	
98.9	99.4	
96.7	99.4	
98.9	89.7	
98.7	99.4	
87.4	89.5	
99.3	79.6	
87.4	89.7	
78.5	98.8	
98.7	89.5	
98.7	99.2	
79.5	89.3	
98.3	99.4	
89	99.2	
88.6	99.6	
99.3	99.2	
56.9	89.7	
99.3	89.5	
98.7	89.7	
99.1	58.8	
98.9	99.6	
98.7	99.4	
98.1	99.2	
98.5	99.4	
58.9	79.4	
98.9	89.1	
98.7	89.7	
98.3	79.4	
99.3	89.1	
99.3	99.2	
99.3	99	
99.3	99.4	
99.1	88.7	
99.1	99.4	
99.3	99.4	
99.3	78.8	
98.1	89.5	
99.1	99.6	
98.9	99.6	
98.7	88.7	
99.1	89.1	
98.7	79	
98.7	99	
98.5	69.3	
99.3	99	
99.1	99	
88.6	99.4	
88.6	89.5	
98.3	99.4	
98.7	99.4	
99.1	99.4	
99.3	99.6	
98.5	89.3	
99.1	99.6	
98.7	99.4	
98.5	99.2	
99.1	99.2	
98.5	99.2	
99.1	99.4	
98.7	99.6	
88.8	99.4	
97.7	79.4	
99.3	89.1	
99.1	99.2	
99.1	99.2	
97.5	89.5	
99.3	89.7	
99.1	99.4	
98.3	89.7	
98.3	98.8	
98.3	88.9	
98.9	98.6	
97.3	79.6	
99.1	98.4	
98.9	99.6	
99.1	89.7	
99.1	99	
98.7	89.7	
98.3	89.7	
99.1	99	
98.7	88.9	
98.5	89.3	
98.5	78.4	
98.9	99.6	
98.9	89.5	
99.1	89.7	
99.1	99.6	
99.3	98.4	
88.8	89.5	
68.8	89.7	
99.3	99.6	
78.7	98.8	
99.1	99.6	
97.9	89.1	
89.4	89.5	
99.1	99.6	
98.9	99.6	
89.2	89.3	
87.2	99.2	
98.9	99	
89	89.3	
88.2	99.6	
99.3	99.6	
98.5	99.2	
98.5	99.6	
88.8	98.8	
79.1	79.2	
77.5	99.4	
99.1	99.2	
99.1	99.4	
99.1	99.6	
98.5	99.6	
89	99.6	
99.3	99.6	
88.4	99	
98.7	88.9	
98.5	89.7	
78.9	99.6	
88.2	69.5	
98.9	99.6	
88	99.6	
99.3	99.6	
98.7	99.4	
78.5	99	
99.3	69.5	
75.7	89.5	
98.1	98.8	
98.9	99.2	
98.5	99.4	
98.5	99.6	
98.5	99	
99.1	99.2	
98.5	98.8	
98.5	79.4	
98.1	89.5	
99.1	79	
99.1	98	
79.1	99.6	
89	99	
98.7	98.2	
79.1	79.4	
99.1	98.6	
99.3	99.4	
98.9	88.7	
98.9	98.8	
99.1	99.6	
98.9	99.4	
98.3	99.6	
79.1	89.7	
98.9	99	
88.6	99.6	
88.4	99	
99.3	99.2	
89	89.7	
99.3	99.6	
98.1	99.4	
98.7	99	
98.7	89.3	
99.3	89.3	
99.1	99.6	
99.1	89.3	
78.7	89.7	
98.5	78.2	
99.3	89.1	
99.3	99.6	
88.4	89.5	
98.7	99.4	
58.3	89.7	
98.9	99.4	
98.9	89.3	
98.9	79.2	
98.1	89.7	
87	89.3	
78.1	79.4	
98.7	99.4	
98.9	69.1	
99.1	99.4	
79.1	89.1	
98.9	89.3	
98.5	89.7	
98.1	99.4	
99.1	79.2	
99.1	89.3	
98.5	89.7	
58.9	89.3	
98.9	89.7	
99.3	89.7	
89.4	89.5	
98.9	99.4	
99.3	89.5	
98.3	98	
98.5	99.6	
89.2	99.6	
98.3	79.6	
97.9	89.5	
79.1	88.7	
98.9	89.7	
98.9	99.4	
99.3	99	
98.5	88.9	
88.4	79	
98.9	89.3	
88.6	99.2	
98.1	79.2	
98.1	89.3	
88.8	89.5	
98.7	89.7	
99.3	89.5	
99.3	89.5	
98.5	99.4	
99.1	89.3	
99.1	89.7	
89.2	89.1	
99.1	89.7	
99.1	89.7	
99.1	89.7	
98.9	79.4	
98.5	99.6	
98.7	89.5	
98.9	99.2	
88.4	79.2	
69.4	99.6	
99.1	79	
89.2	99.2	
98.5	89.7	
98.7	68.9	
98.9	89.5	
98.9	89.7	
98.9	99.6	
99.3	99.4	
99.1	89.5	
68.4	99.4	
98.7	99.2	
99.1	99	
98.5	89.3	
87.2	88.5	
99.1	99.4	
98.3	79.4	
98.9	79.4	
99.1	88.9	
78.7	89.5	
99.3	98.8	
99.3	89.5	
36.7	99.2	
87.8	98.4	
99.1	89.5	
98.7	98.8	
89.4	89.5	
98.5	99.4	
98.9	99	
98.9	98.6	
89.4	79	
89.2	98.6	
88	99	
99.3	98.4	
99.1	68.9	
98.9	89.7	
99.1	99.6	
98.9	89.5	
98.1	89.5	
98.5	78.8	
99.1	79.2	
98.5	98.4	
89	79.2	
99.3	78.8	
98.9	89.7	
99.3	99.4	
99.3	89.5	
88.6	89.3	
88	99.4	
98.7	99.4	
98.9	89.5	
97.9	88.1	
77.5	89.1	
89	99.6	
89	99	
99.3	99.6	
98.1	99.2	
99.3	99.6	
98.5	99.6	
98.5	99.4	
98.3	98.6	
97.7	99.6	
98.9	79.4	
98.9	98.8	
98.1	99.4	
99.1	99.4	
98.7	99.4	
98.1	89.7	
88.8	99	
98.7	89.7	
98.3	68.9	
89.2	78.4	
98.5	89.7	
89	99.6	
97.7	89.7	
98.9	89.3	
98.3	89.7	
88.6	99	
99.1	89.7	
88.8	98.2	
98.5	89.7	
99.1	99.4	
98.3	89.7	
87.6	99.4	
89.2	79.4	
57.9	89.7	
87.6	88.9	
68.4	89.5	
86.8	99.6	
98.5	99.6	
99.1	89.5	
98.7	79.4	
99.3	89.7	
98.9	89.3	
88.2	89.5	
98.3	89.7	
78.3	89.7	
99.3	99.6	
68.8	99.6	
88.8	99.4	
97.7	99.2	
99.3	89.7	
98.5	99.4	
98.5	79.2	
88.6	89.7	
78.7	99.4	
98.7	99.6	
99.1	99.6	
98.7	89.3	
59.3	88.9	
98.5	89.5	
78.9	99.6	
78.3	79.4	
99.3	79	
98.5	99	
98.9	89.1	
89.2	78.8	
98.9	89.7	
98.7	99	
88.8	99.4	
98.1	99.4	
78.9	99.2	
98.7	89.7	
98.7	89.7	
98.9	89.7	
98.7	99.4	
98.3	79.6	
98.5	99.2	
98.9	88.9	
98.7	99.6	
99.1	99.2	
89.2	99.4	
98.9	99.6	
78.9	89.1	
99.1	99.6	
98.5	87.5	
99.1	89.7	
98.7	89.7	
98.3	89.3	
97.9	89.1	
96.7	79.2	
89	89.7	
99.3	99.4	
98.9	88.9	
98.7	89.5	
99.1	89.5	
97.5	88.3	
98.3	89.7	
98.3	89.3	
98.5	99.6	
99.3	98.8	
99.3	99.2	
98.9	98.8	
98.5	99.6	
89.4	98	
99.3	68.5	
98.3	99.4	
89	98.2	
78.9	99.4	
98.5	98.8	
48.6	89.7	
97.9	88.7	
99.3	89.7	
88.8	99.6	
76.1	99.4	
97.7	89.3	
97.7	89.7	
98.7	89.3	
