84.8	89.1	
25	89.7	
86.3	99.6	
31.3	99.2	
95.3	99.4	
85.6	99.6	
97.1	99.4	
82.8	99.6	
56.6	99.6	
98.9	99.4	
88.8	99.4	
99.3	99.2	
88.4	99.6	
98.1	99.6	
99.1	99.6	
98.5	99.6	
98.9	98.6	
98.9	90.8	
99.1	99.6	
99.1	99.6	
99.1	89.5	
99.1	99.4	
89.2	99.4	
99.3	89.3	
99.3	99.4	
99.3	99.2	
99.1	99.4	
99.1	99.6	
99.3	89.5	
98.9	99	
99.1	99.6	
99.3	99.6	
98.9	99.6	
99.3	88.7	
98.3	99.2	
99.3	98.2	
98.9	99.6	
99.1	99.6	
99.3	99.6	
98.5	99.4	
99.1	99.2	
99.3	99.6	
99.1	89.5	
99.3	99.4	
99.1	89.5	
99.1	99.2	
99.3	99.6	
98.7	88.7	
98.9	99.6	
97.9	79.6	
98.9	99.2	
99.1	99.4	
98.9	99.4	
99.1	87.7	
98.9	87.3	
99.3	99	
89	99.6	
99.1	99.4	
99.3	99.6	
99.3	99.4	
98.7	99.6	
99.1	99.4	
98.7	99.4	
99.3	99.6	
89.2	89.7	
98.9	99.4	
89.2	99.6	
99.3	99.6	
99.1	98.8	
98.9	89.5	
99.1	99.4	
98.9	99.6	
98.3	99.2	
89	99.2	
99.3	99.4	
98.9	99	
99.3	99.2	
99.3	99.6	
89.2	79.2	
98.9	99.4	
99.3	99.4	
99.1	89.5	
88.8	79.6	
99.1	99.6	
99.3	99.4	
98.9	99	
99.1	99.6	
98.7	89.7	
99.1	99.2	
99.3	99.6	
99.3	79.4	
99.3	99.6	
98.5	98.6	
88.8	99.6	
99.3	99.2	
98.9	99.2	
99.3	99.6	
99.3	99.2	
99.3	99.4	
98.9	99	
99.3	99.2	
98.9	99.2	
99.1	99.4	
99.3	99.6	
99.3	99.6	
89.2	99.6	
98.5	99.2	
99.3	99.4	
99.3	99.6	
99.3	99.4	
98.9	99.6	
98.9	99.6	
99.3	99.6	
98.3	88.9	
99.1	99.6	
98.5	89.1	
99.3	99.4	
99.3	99.4	
99.3	99.6	
99.1	99.6	
99.1	99.4	
99.1	99.6	
99.3	99.4	
97.5	99.6	
99.3	99.6	
99.3	99.6	
88.8	99.2	
99.3	89.7	
99.1	99.6	
99.1	99.6	
98.7	99.6	
98.9	99.6	
98.3	99.4	
99.1	99.6	
99.1	99.6	
99.3	99.6	
98.3	99.6	
98.9	99.2	
98.9	99.6	
97.5	99.4	
99.1	99.2	
99.3	99.4	
99.1	99.4	
98.5	99.2	
98.9	99.6	
99.3	99	
99.3	89.5	
99.1	79.4	
98.7	89.7	
99.1	89.7	
98.9	89.7	
99.3	89.3	
99.1	89.5	
98.9	79.6	
99.1	89.7	
99.1	99.2	
99.3	99.6	
98.9	89.5	
98.3	99.6	
99.3	89.7	
99.3	89.7	
98.5	89.5	
99.1	79.4	
99.3	99.6	
99.3	99.4	
99.1	99.6	
88.8	99.4	
98.9	89.3	
99.1	89.5	
98.3	89.1	
98.9	99.6	
99.3	99.6	
99.3	99.6	
98.9	99.6	
98.3	99	
98.9	99.4	
99.1	99	
99.3	99.6	
98.9	89.5	
97.9	99	
99.1	99.6	
99.3	99.6	
99.3	99.4	
99.3	99.6	
98.7	99.2	
99.1	99.6	
89	99.4	
99.1	99.6	
98.9	99.6	
98.1	99.4	
98.9	99.2	
99.1	99.4	
98.7	99.6	
98.3	99.2	
99.1	99.6	
98.5	99.6	
88.2	89.7	
99.3	99.2	
99.3	99.4	
89.2	99.6	
89.2	99.6	
89.2	89.5	
99.1	99.6	
79.3	99.6	
99.3	99.4	
98.7	99.4	
89	99.6	
99.3	99.6	
98.9	99.2	
98.3	99.6	
99.3	99.4	
99.1	99.6	
99.1	99.6	
89	99.6	
98.7	99.6	
99.3	99.4	
99.3	89.3	
99.1	99.2	
99.3	99.6	
99.3	99.6	
99.3	99.4	
99.3	89.1	
99.3	99.2	
89.2	99.6	
99.3	99.6	
98.9	99.4	
99.3	99.6	
99.3	99.4	
99.3	99.4	
98.9	99.4	
99.1	99.6	
99.3	99.6	
99.1	99.4	
99.3	89.3	
89.2	99.4	
99.3	99.2	
99.3	99.6	
99.3	99.6	
99.3	99.6	
98.9	99.6	
99.3	99.4	
99.3	99.4	
99.1	99.4	
98.9	98.8	
99.3	99.2	
99.3	99.6	
98.1	99.2	
99.3	99.2	
89.2	99.6	
99.3	99.4	
98.9	99.4	
78.7	99.6	
99.3	99.6	
99.3	99.6	
99.3	99.6	
99.1	99.6	
78.7	89.3	
99.3	98.8	
98.7	99.6	
99.3	99.6	
98.5	99.4	
99.1	99.6	
98.9	89.7	
99.3	99.6	
87.8	99.4	
98.9	99.2	
98.1	99.4	
99.3	99.2	
99.3	99.6	
99.1	89.1	
99.1	99.4	
99.3	99.4	
99.1	99.6	
98.7	99.6	
99.3	99.6	
99.3	89.7	
99.3	89.1	
98.9	99.6	
98.5	99.4	
99.3	99.6	
99.3	99.4	
99.3	99.2	
99.1	99.6	
99.3	99	
98.1	89.7	
98.7	99.6	
98.9	99.4	
99.3	99.4	
99.1	99.6	
99.3	99.6	
99.1	99.6	
99.3	99.6	
99.3	99.2	
98.9	89.5	
99.3	99.6	
99.3	99.4	
99.3	68.5	
99.3	99.6	
99.3	99.6	
99.3	99.4	
98.5	99.6	
99.3	99.4	
98.5	99.2	
99.3	99.6	
99.3	99.6	
99.1	99.4	
99.1	99.6	
99.3	99.4	
99.1	99.4	
99.3	99.6	
99.3	89.5	
99.3	79.2	
99.1	89.1	
58.9	99.4	
99.3	89.5	
98.7	99.4	
99.1	99.6	
99.3	99.2	
99.3	99.4	
99.3	98.8	
98.9	99	
99.3	99.6	
99.1	99.4	
99.1	99.6	
88.8	99.4	
98.7	99	
99.3	99.4	
98.7	99.6	
99.1	99.4	
99.3	99.6	
98.9	99.4	
98.7	99.6	
98.9	89.7	
99.3	99.6	
98.9	99.6	
99.3	99.6	
98.7	99.2	
99.3	99.6	
99.3	89.7	
98.7	99.6	
98.9	99.6	
99.3	99.6	
98.7	99.4	
99.1	89.3	
98.7	99	
99.1	98.8	
98.9	99.6	
98.5	99	
98.9	99.6	
98.5	99.6	
98.1	79	
98.9	99.2	
99.3	99.6	
99.1	99.2	
98.3	99.4	
99.3	89.7	
99.3	99	
99.1	99.4	
99.3	99.4	
99.3	79.2	
98.7	99.6	
99.1	99.4	
87.8	99.6	
99.1	99.4	
99.1	99.4	
99.3	99.6	
99.1	89.5	
99.3	99.4	
98.9	99.2	
99.3	99.6	
98.7	99.4	
99.1	99.6	
99.1	99.4	
99.1	99.6	
99.1	99.6	
99.3	99.4	
98.9	99	
98.7	99.2	
99.3	99	
98.7	99.6	
99.3	99.4	
99.1	89.5	
99.3	99.6	
98.7	89.5	
99.3	99.4	
98.3	99.6	
99.1	89.1	
98.9	99.4	
99.3	99.4	
99.3	89.1	
98.5	89.7	
98.9	98.8	
99.3	89.1	
98.9	99	
99.1	99.6	
99.3	99.6	
99.1	99.6	
99.3	99.4	
99.1	99.4	
99.3	99.6	
99.3	99.2	
98.9	99.4	
98.3	99.6	
99.3	99.4	
99.1	99.6	
99.1	99.4	
98.9	99.6	
99.1	99.6	
99.3	98.8	
98.9	99.6	
98.9	99.6	
98.7	99.6	
99.3	99.4	
99.1	99.6	
99.3	89.7	
99.3	99.4	
98.9	99.6	
98.9	99.2	
99.3	79	
99.1	99.4	
99.3	99.2	
99.3	99.4	
98.7	99.6	
98.9	99.4	
99.3	89.3	
99.3	99	
99.1	99.6	
99.3	99.6	
99.3	99.6	
99.3	99.4	
98.7	99.6	
99.3	99.6	
99.3	99.4	
99.3	99.6	
99.3	99.6	
98.7	99.6	
98.7	99.4	
98.7	99.4	
99.3	89.1	
98.7	99.2	
98.5	99.6	
98.5	89.7	
99.3	89.7	
99.3	89.7	
99.1	99.6	
98.9	98.4	
99.1	99.4	
99.3	99.6	
99.1	99.2	
98.5	89.5	
98.7	89.7	
99.1	89.7	
99.1	88.7	
98.9	79.6	
99.3	99.6	
99.1	89.7	
99.3	89.7	
99.3	79.4	
99.3	79.4	
99.3	89.7	
99.1	89.1	
99.1	89.5	
98.9	89.7	
99.1	89.5	
98.7	89.7	
99.3	89.5	
97.9	79.4	
98.9	89.1	
98.7	99.6	
99.3	89.3	
99.3	99.4	
99.1	99.6	
99.1	89.7	
98.9	99.6	
98.5	99.4	
99.1	99.4	
99.1	99	
99.1	99.2	
99.3	99.4	
99.3	89.7	
99.3	89.7	
99.1	99.6	
99.3	99.6	
99.3	79.6	
98.9	99.6	
99.3	89.7	
97.1	99.6	
99.3	89.7	
99.3	99.4	
99.1	99.6	
99.3	99.6	
99.1	99.4	
98.7	89.7	
98.3	89.5	
99.1	99.6	
98.9	79	
99.1	99.2	
98.3	99.6	
99.3	99.6	
98.7	89.7	
