72.3	89.3	
90.9	89.7	
89.2	89.1	
53.9	99	
52.3	89.1	
96.3	78.8	
98.7	99.6	
99.1	99.6	
96.9	99.2	
98.3	99.6	
82.2	88.3	
87.8	99.4	
98.5	98.4	
89.4	76.6	
98.7	99.4	
96.5	89.7	
98.5	99	
99.1	99.6	
99.1	99.6	
95.7	98	
98.9	99.6	
97.5	89.3	
97.7	89.5	
99.1	96.8	
99.3	85.7	
99.1	99.4	
85.4	99.6	
98.9	99.4	
98.9	89.5	
97.5	99.4	
99.3	99.6	
98.9	99.4	
99.1	99.6	
98.5	99.2	
88.6	99.6	
98.7	78.4	
98.9	99.4	
98.9	89.7	
99.1	99.4	
99.1	99.4	
98.5	79.4	
66.8	98.8	
96.9	99.4	
98.3	89.7	
99.3	89.7	
99.1	99.4	
98.9	99.4	
98.9	99.6	
98.9	99.4	
99.3	99.4	
99.1	89.7	
99.1	98.2	
97.9	99.4	
98.7	95.4	
98.7	99.4	
99.3	99.6	
98.3	99.6	
99.1	79.4	
78.1	99.2	
98.5	99	
99.3	99.4	
97.9	99.4	
98.9	99.2	
98.7	99.4	
98.9	89.3	
97.1	77.6	
99.1	89.5	
97.7	99.6	
99.1	98.8	
98.1	99.6	
98.9	99.6	
99.1	89.1	
99.1	99	
98.3	99.2	
98.5	99.4	
98.3	88.9	
98.7	99.4	
98.5	89.5	
98.9	99.2	
79.1	99.6	
86.6	99.4	
99.1	99.4	
99.3	99.4	
99.3	79.4	
99.1	97.8	
99.3	88.5	
89	89.7	
97.9	99.2	
98.9	99	
99.3	99.2	
99.1	89.3	
99.1	97.8	
99.1	89.3	
98.3	99	
97.9	99.4	
88.6	99.4	
98.7	99.6	
98.5	99.6	
99.1	99.6	
98.7	97.6	
98.9	97.6	
99.3	99.6	
79.1	69.1	
98.5	78.4	
97.7	99.6	
98.7	99.6	
88.6	99.6	
98.9	99.4	
98.9	99.4	
88	99	
98.7	89.5	
98.5	99.2	
98.9	99.4	
98.7	99.4	
98.9	98.6	
98.9	98.8	
99.1	99.4	
98.7	99.6	
88.4	99.4	
97.9	99.4	
89.2	89.7	
98.7	99.6	
98.3	99.4	
97.3	99.4	
98.9	88.5	
98.7	89.7	
98.3	99.6	
98.9	79.4	
99.3	99.2	
79.3	89.3	
89	99.6	
86	89.3	
78.7	99.4	
98.3	89.7	
79.1	99.6	
89.2	98.8	
89.2	99.6	
98.7	89.7	
99.1	99.2	
98.5	99.6	
88.4	99.4	
99.1	99.4	
99.3	99.6	
98.9	99.6	
99.1	99.6	
88.4	89.1	
99.1	99.6	
99.3	99.6	
98.9	98.8	
98.7	89.7	
98.7	99.6	
76.9	99.6	
98.5	99.4	
98.3	99.4	
98.9	99.6	
99.3	99.2	
99.3	89.5	
79.3	99.4	
99.1	99.6	
88.2	99.2	
99.3	99.4	
88.6	79.4	
97.3	99.4	
98.7	98.8	
98.9	89.5	
98.7	99.6	
98.7	98.2	
99.3	99.6	
88.2	99.2	
98.9	99.6	
89	99	
98.5	99.2	
87.4	99.4	
97.9	99.2	
98.7	89.5	
97.7	89.5	
98.3	99.2	
99.3	99	
99.1	99	
78.9	99.6	
98.5	99.2	
98.9	88.9	
99.3	99	
98.7	99.6	
99.3	89.3	
89	99.4	
98.9	98.8	
98.5	99.6	
99.3	99.6	
98.5	99	
99.1	89.5	
99.1	99	
99.1	99.2	
87	99.6	
98.9	99.4	
89	89.5	
98.7	89.3	
99.3	89.7	
99.3	89.3	
98.9	98.8	
98.7	98.8	
98.7	89.5	
99.1	99.6	
99.3	99.4	
89.2	99.4	
98.9	99.2	
99.1	99.6	
98.9	99.4	
98.5	99.2	
98.3	98.8	
99.3	97.6	
98.7	89.7	
99.1	99.4	
98.9	99.4	
99.1	78.2	
99.1	89.7	
99.1	99.6	
89.2	89.5	
98.5	99.4	
98.9	99.4	
98.1	79.4	
98.9	89.3	
88.4	99.6	
98.9	99.4	
99.3	99.4	
99.1	99.6	
99.3	89.7	
98.9	98.8	
99.1	89.5	
78.9	99.2	
98.9	99.6	
98.5	99.6	
98.9	99.6	
98.9	79	
99.3	99.2	
98.7	99.4	
99.1	99.4	
88.4	99	
98.7	98.6	
79.5	99.6	
98.7	99.6	
97.7	79.4	
98.5	99.4	
69.2	99.6	
98.3	99.2	
68.4	79.2	
98.7	99	
98.9	79.4	
98.9	99.2	
98.9	99.6	
98.7	99.6	
99.3	89.7	
98.3	98.8	
99.3	89.3	
98.9	99.2	
98.7	99.4	
98.3	99.4	
98.5	99.2	
98.9	99.2	
98.5	99.6	
97.7	99.6	
96.7	89.1	
99.1	89.5	
97.7	99.4	
98.7	99.6	
99.3	89.5	
99.3	99.2	
88.2	99.6	
98.5	89.3	
98.5	98.6	
69.2	99.6	
99.1	79	
99.3	99.2	
99.3	89.3	
98.5	99.2	
89.2	99.6	
98.9	99.6	
78.7	89.5	
98.3	87.7	
98.9	89.5	
88.6	99.4	
99.3	89.7	
99.3	98.6	
97.9	99	
98.3	99.2	
97.9	99.4	
99.1	99.6	
98.9	99.4	
89.2	99.6	
97.5	89.5	
87.4	89.7	
99.3	89.1	
88.6	89.7	
99.1	98.8	
99.1	98.6	
98.5	89.7	
99.3	99.2	
87.8	99.6	
99.1	99.6	
99.1	98.8	
98.7	99	
99.1	99.2	
97.7	99.2	
99.3	99.6	
98.9	99.6	
99.1	89.7	
98.9	99.4	
98.7	98.6	
99.3	89.3	
47.4	99.6	
98.5	99.4	
97.7	99.2	
99.1	99.2	
99.3	99.6	
98.7	99.4	
88.8	99.2	
88.6	99.6	
98.5	99.6	
98.3	99.6	
89	99.4	
99.1	99	
98.7	99.4	
99.3	99	
99.1	99.4	
98.7	99	
98.7	78.4	
98.3	99.2	
88.8	99.4	
99.1	99.4	
98.3	99.6	
98.5	99.6	
98.7	99.2	
88.6	89.7	
98.5	89.5	
89.2	89.7	
68.4	99.6	
98.1	89.3	
88.8	99.4	
99.1	99	
99.1	99.4	
98.3	99.4	
99.3	99.2	
98.9	89.3	
98.3	99.4	
89.4	99.4	
98.9	99.6	
99.3	99.2	
98.7	99.4	
98.9	99	
99.1	99.6	
98.7	89.1	
99.1	99	
98.7	99.6	
88.2	98.8	
98.9	99.6	
99.1	99.4	
99.1	99.4	
99.1	89.5	
89	89.7	
99.1	99.2	
98.5	99.6	
99.3	99.6	
98.3	98.8	
99.3	99.4	
99.3	99.2	
99.1	98.2	
99.3	88.9	
98.9	99.2	
99.1	99.6	
99.3	99.6	
98.9	99.6	
99.1	99	
88.2	99	
98.7	88.7	
98.5	99.6	
98.9	99.2	
99.3	89.5	
99.3	89.7	
99.1	99.4	
99.3	99	
99.3	98.8	
98.7	99.6	
99.1	98.6	
99.1	99.2	
99.1	99.6	
99.1	98.8	
99.3	99.6	
98.7	99.6	
98.9	99.4	
99.1	99.4	
98.7	99.6	
98.5	99.4	
99.3	98.8	
98.3	99.4	
78.9	99.2	
99.1	99	
99.1	99.2	
98.5	99.6	
98.7	89.3	
69.2	99	
98.5	89.1	
99.1	89.7	
88.4	99.6	
98.3	78.8	
99.3	89.7	
99.3	99.6	
88.4	89.5	
98.9	89.5	
99.1	98.6	
98.1	99.6	
99.1	99.6	
98.5	99.4	
79.1	98.8	
78.3	99.6	
98.5	99.2	
99.1	99.4	
99.1	89.5	
99.3	99.4	
99.1	99.4	
99.3	99.6	
98.7	99.2	
98.1	99.6	
99.3	99.4	
98.9	99.4	
99.1	99.2	
78.1	98.8	
98.9	99.2	
99.1	99.2	
96.7	99	
98.9	88.9	
99.3	99.4	
99.3	99.6	
88.2	99.6	
99.1	79	
99.3	99	
99.1	99.6	
99.3	99	
98.7	99.4	
98.9	89.1	
98.9	99.4	
99.3	89.5	
99.1	99.6	
98.9	99.6	
99.3	99.4	
98.7	99.2	
98.9	89.1	
99.1	99.6	
89	89.7	
99.1	98.8	
98.9	99.6	
98.9	99.2	
99.3	98.6	
79.1	98.8	
99.3	99.2	
99.1	98.6	
88.4	89.7	
98.5	99.4	
98.9	98.4	
99.1	99.4	
99.3	99.4	
98.7	99.2	
98.7	78.6	
99.1	99.6	
99.3	89.7	
98.9	99.6	
99.1	99.6	
99.3	89.1	
99.1	89.3	
99.3	99.6	
88.6	99	
99.1	89.3	
98.9	99.6	
98.9	89.7	
98.5	99.4	
98.3	99.2	
98.9	99.2	
98.9	99	
99.3	99.6	
79.1	99.4	
99.1	89.7	
98.9	99.6	
89.2	99.6	
99.1	79.4	
98.7	99.6	
98.3	99.6	
99.1	99.6	
88.4	99.4	
99.1	97.6	
98.9	99.4	
99.3	99.6	
98.9	79.4	
98.1	99.6	
99.1	99.6	
99.1	79.6	
98.9	99.4	
99.1	89.1	
98.9	99.6	
98.7	99.2	
98.7	89.1	
99.1	99	
