75.1	89.7	
94.7	89.7	
97.5	99.6	
65.6	99.6	
95.1	89.5	
98.7	99.6	
98.3	79.6	
99.3	89.5	
78.1	89.7	
78.9	89.5	
87	79.4	
99.1	99.6	
98.3	89.7	
89.2	99.6	
99.3	99.6	
99.1	89.7	
99.1	99.6	
89	99.4	
98.7	99.2	
99.3	99.6	
99.3	99.6	
89	89.7	
88.8	99.6	
99.3	99.6	
98.7	89.5	
97.9	79.4	
99.1	89.7	
99.1	99.6	
98.9	89.7	
99.1	89.1	
99.1	99.4	
99.1	98.8	
99.3	89.7	
99.1	89.5	
99.3	89.7	
98.9	79.4	
99.1	89.7	
99.3	68.9	
99.1	99.4	
98.9	89.7	
99.3	89.7	
98.9	99.6	
98.9	89.7	
79.1	99.6	
99.1	99.6	
99.1	99.4	
98.7	89.7	
99.1	89.5	
99.1	89.5	
98.9	89.7	
99.3	79.6	
99.3	89.7	
99.3	99.6	
98.7	89.7	
99.3	89.7	
48.2	99.6	
99.1	89.5	
99.3	89.7	
98.7	89.7	
98.5	79.6	
98.7	89.7	
99.3	99.4	
98.9	89.7	
99.3	99.6	
98.9	99.6	
99.3	89.7	
88.8	89.7	
99.3	92.6	
99.3	89.7	
99.1	89.1	
99.1	79.6	
99.3	99.4	
98.9	69.5	
99.1	89.7	
99.3	89.7	
98.9	79.2	
99.1	99.4	
98.7	89.5	
99.1	89.5	
99.3	99.2	
98.9	89.7	
99.3	89.7	
89.2	89.5	
99.1	89.7	
99.1	88.3	
98.9	99.6	
99.1	99	
88.6	99.4	
88.8	99.6	
88.8	79.6	
99.3	99.6	
99.3	89.7	
99.3	89.5	
99.3	89.7	
99.1	99.4	
99.1	99.6	
98.9	99.2	
99.3	99.6	
99.3	99.6	
99.1	89.5	
99.1	89.7	
89	99.6	
98.9	89.7	
99.3	99.4	
99.3	99.2	
98.9	99.4	
98.9	99.6	
89.4	99.2	
99.3	89.5	
99.3	99.6	
99.3	99.6	
79.1	89.7	
99.3	89.7	
98.5	99.6	
99.1	89.5	
99.3	99.4	
99.3	99.4	
98.9	89.7	
99.1	99.6	
78.3	99.6	
99.3	89.7	
89.2	99.4	
99.3	89.7	
98.7	89.5	
98.5	89.7	
89.2	89.7	
79.5	99.4	
98.5	99.6	
89.2	99.6	
79.1	99.6	
99.3	99.6	
99.1	89.5	
99.3	89.5	
99.1	99.6	
99.3	99.6	
78.9	99.4	
99.3	99.4	
99.1	99.6	
99.1	99.4	
99.1	99.6	
99.1	99.4	
99.3	99.4	
99.3	99.2	
89.2	99.6	
89	99.6	
87.8	89.7	
98.9	99.6	
89	99.4	
99.3	99.6	
99.3	99.6	
99.1	89.7	
89	99.4	
99.3	89.7	
99.3	99.6	
98.9	99.6	
99.3	89.7	
99.3	99.4	
99.3	99.6	
99.3	89.5	
99.3	89.3	
99.1	99.6	
98.7	99.4	
99.3	99.6	
99.3	99.6	
98.9	89.5	
99.1	99.6	
98.9	99.6	
89	99.6	
89	99.6	
99.3	99.6	
99.3	98.8	
98.7	99.6	
68.2	89.7	
99.3	99.6	
99.3	89.7	
99.3	89.5	
99.3	99.6	
99.3	99.6	
99.3	89.7	
89.2	99.6	
98.7	99.6	
98.5	89.3	
98.9	99.4	
98.9	99.6	
99.1	99.2	
99.3	89.7	
89.2	89.7	
98.9	99.4	
99.3	99.6	
99.1	89.7	
99.3	99.6	
99.3	99.6	
99.3	89.5	
99.3	99.6	
89	99	
88.8	89.3	
89.2	99.6	
99.3	89.7	
99.1	99.6	
98.9	89.3	
98.7	89.7	
99.1	99.4	
99.3	99.4	
98.9	99.6	
89	89.7	
99.1	99.6	
99.1	99.4	
99.3	89.5	
99.3	99.6	
89	89.5	
99.3	99.6	
99.3	99.6	
99.3	89.7	
88.6	99.4	
99.1	99.6	
99.1	99.6	
99.1	99.4	
99.3	99.4	
89.2	99.6	
99.3	99.4	
99.1	88.7	
99.1	99	
99.3	99.2	
89.2	99.6	
98.9	99.2	
99.3	89.7	
99.3	99.6	
99.3	99.6	
88	89.5	
98.9	99.6	
78.9	99.6	
98.9	99.6	
98.9	99.6	
99.3	89.5	
98.5	89.7	
99.3	99.6	
99.3	99	
99.1	99.4	
99.1	99.6	
99.1	89.7	
98.9	99.6	
98.7	89.7	
99.3	79.4	
99.1	99.6	
99.3	99.2	
99.3	99.6	
99.3	89.1	
99.1	89.7	
98.9	99.6	
99.1	99.4	
99.3	89.7	
99.3	99.6	
99.3	99.6	
99.1	99.6	
99.3	99.6	
99.1	99.6	
99.3	99.6	
99.1	99.2	
99.1	79.4	
99.1	89.7	
98.5	89.7	
99.1	89.1	
89.2	99.6	
98.9	99.4	
99.1	99.6	
99.1	99.4	
79.1	79.2	
88.6	89.7	
99.3	89.7	
99.3	89.7	
99.1	89.3	
99.1	89.5	
99.3	89.5	
99.3	89.5	
99.3	89.1	
99.3	89.7	
98.9	89.7	
89	89.7	
99.1	89.7	
99.3	89.7	
99.3	99.6	
99.3	89.7	
99.3	89.7	
99.3	89.5	
79.1	99.6	
98.9	89.7	
99.3	99.4	
88.8	89.7	
99.1	89.7	
99.1	89.5	
99.1	89.7	
99.1	89.5	
89	89.5	
99.3	89.7	
89.2	89.7	
99.1	89.7	
99.1	99.6	
99.3	89.3	
99.1	89.5	
99.3	89.7	
99.3	89.7	
99.3	89.7	
99.3	89.7	
99.3	99.6	
98.9	89.7	
99.1	99.6	
99.3	79.6	
78.9	89.7	
89	89.3	
77.9	89.7	
99.1	89.5	
98.9	99.4	
98.9	89.7	
99.3	99.6	
89	89.5	
99.1	89.5	
89	88.3	
99.3	99.6	
98.9	99.6	
99.3	99.6	
99.3	99.6	
99.3	99.4	
98.7	99.6	
98.9	99.6	
99.1	99	
99.3	89.3	
99.3	99.6	
89	79.2	
99.1	99.6	
98.9	99.6	
99.1	99.4	
98.9	99.2	
98.9	99.6	
99.3	99.6	
99.1	89.7	
99.3	99.4	
99.1	99.4	
98.9	99.6	
99.3	89.7	
99.3	99.6	
99.1	99.4	
99.3	99.6	
98.5	99.6	
99.3	99.4	
99.1	99.2	
99.3	99.6	
98.9	99.6	
98.9	99.4	
99.3	99.6	
99.3	89.5	
99.3	99.6	
98.9	99	
99.3	99.6	
99.3	99.6	
99.3	99.6	
99.3	99.6	
98.9	99.6	
99.3	99.6	
99.3	99.2	
98.7	89.3	
99.3	99.6	
99.3	99.6	
89	99.6	
99.1	99.6	
98.9	89.7	
89.4	99.4	
99.1	99.6	
99.3	99.2	
99.3	99.4	
98.9	99.4	
99.3	99.6	
99.3	99.6	
99.1	99.6	
98.3	99.6	
99.3	99.6	
99.3	99.6	
98.9	99.4	
99.1	99.6	
99.3	99.4	
99.3	99.6	
98.9	99.2	
99.3	99.4	
99.3	98.8	
99.1	99.6	
99.1	99.6	
89	89.5	
99.1	89.5	
99.1	99.6	
99.3	99.4	
98.9	99.4	
98.9	99.6	
98.9	99.6	
98.9	99.6	
99.3	99.4	
98.9	99.2	
99.1	89.5	
89	99.4	
99.3	99.2	
99.1	99.6	
99.1	99.4	
98.9	99.4	
97.3	89.5	
98.9	99.6	
98.9	99.6	
99.1	89.5	
99.1	99.6	
99.1	99.6	
99.1	99.4	
88.8	99.6	
98.7	99.6	
99.1	99.4	
99.3	99.4	
89.2	99.6	
99.1	99.6	
88.8	99.4	
99.1	99.6	
98.9	99.6	
89.2	89.7	
99.1	99.6	
88	99.2	
88.4	99.4	
99.1	99.6	
99.3	99.6	
99.3	89.7	
99.3	99.6	
99.3	89.5	
99.1	99.6	
99.3	99.6	
99.3	99.6	
88	99.6	
99.3	99.6	
99.3	99.6	
99.3	99.6	
99.3	99	
99.3	99.4	
68.8	99.4	
99.3	99.4	
89.4	99.6	
99.1	89.5	
88.8	99.6	
99.3	99.4	
99.3	99.6	
99.1	99.6	
99.3	89.5	
99.3	99.4	
99.3	99.6	
98.3	99.6	
99.3	99.6	
98.9	99.6	
98.9	99.6	
98.9	99.4	
99.1	99.6	
99.1	99.4	
99.1	99.6	
98.9	99.4	
99.3	89.7	
99.3	99.4	
98.5	99.4	
98.7	89.3	
89.2	99.4	
99.1	99.6	
98.5	79.2	
99.3	99	
98.9	99.6	
99.1	99.2	
99.1	99.4	
89.4	99	
99.3	99.6	
78.9	89.5	
98.9	99.6	
99.3	89.5	
99.1	99.2	
99.3	99.4	
99.1	89.7	
98.9	99.6	
98.7	89.5	
99.1	99.6	
99.3	89.5	
88	99.6	
99.1	99.4	
99.3	89.7	
99.3	89.7	
98.7	79.6	
98.9	89.7	
99.3	69.5	
99.1	79.4	
98.9	89.7	
99.1	89.5	
99.1	79.4	
99.3	89.7	
99.3	89.3	
88.4	89.5	
99.3	89.5	
99.3	89.5	
89.4	89.5	
99.3	89.7	
99.3	79.6	
99.3	89.7	
98.9	89.7	
99.1	89.5	
