72.5	89.7	
96.7	83.7	
66.8	87.9	
97.7	89.3	
76.3	87.9	
97.5	86.9	
98.7	86.9	
95.1	84.7	
99.3	89.7	
96.1	89.7	
98.1	88.9	
97.1	87.5	
93.7	80.5	
98.9	87.5	
98.9	85.9	
95.9	96	
96.7	79	
96.9	88.5	
99.1	89.1	
96.9	88.9	
97.7	86.5	
98.9	99.4	
99.1	78.8	
97.9	88.7	
78.3	89.7	
98.9	86.1	
98.9	87.3	
99.3	89.5	
98.7	82.9	
89.2	89.5	
85.8	88.1	
98.7	88.5	
96.3	74.9	
99.1	86.5	
89	84.7	
98.9	88.5	
74.9	89.5	
98.1	89.1	
89	86.7	
95.5	98	
99.1	76.2	
98.9	88.9	
99.1	63.3	
97.3	88.3	
88.2	87.3	
99.3	88.5	
99.3	89.5	
99.1	89.5	
98.7	78.6	
99.1	89.1	
99.1	88.9	
97.5	89.3	
99.1	89.3	
98.9	89.3	
98.5	89.1	
99.3	89.1	
78.3	87.9	
99.3	89.1	
99.3	78.2	
98.3	89.5	
98.5	88.9	
99.3	79.2	
99.3	88.5	
98.9	89.7	
99.3	89.7	
99.1	79.4	
98.5	98.8	
99.3	99.6	
98.7	99.6	
99.1	99.6	
99.1	89.7	
88.6	99.6	
99.3	89.7	
98.9	89.5	
99.3	99.6	
99.3	99.6	
99.3	89.5	
99.1	99.6	
98.9	99.6	
98.9	99.6	
98.1	99.6	
99.3	99.4	
99.3	89.7	
99.3	99.6	
99.3	99.2	
98.5	89.7	
98.9	89.7	
99.3	99.6	
99.3	99.6	
99.3	99.6	
98.9	99.6	
98.9	99.6	
98.3	99.6	
99.1	99.4	
99.3	79	
99.3	99.6	
98.5	89.7	
98.9	99.4	
99.3	99.4	
98.5	69.3	
99.3	99.6	
99.1	99.6	
99.1	99.6	
99.3	89.7	
99.3	89.7	
99.3	89.7	
99.3	99.6	
99.3	99.6	
98.9	89.5	
99.3	99.2	
99.1	99.6	
99.3	99.6	
99.3	98.6	
99.3	99.6	
99.1	99.6	
98.7	99.6	
99.1	99.4	
99.1	99.2	
99.1	89.7	
98.9	99.6	
99.3	99.6	
99.3	99.6	
98.9	99.6	
98.7	89.7	
99.1	99.6	
99.1	99.6	
99.3	89.5	
98.3	99.6	
99.1	99.6	
99.1	99.6	
99.1	99.4	
99.3	99.6	
99.3	89.5	
99.3	99.4	
99.3	99.6	
99.3	99.6	
99.1	89.7	
99.3	99.6	
99.3	89.7	
99.1	99.4	
99.3	99.4	
99.3	79.6	
99.3	89.7	
99.3	99.6	
98.5	99.6	
99.1	99.6	
99.3	99.6	
99.3	99.4	
99.3	89.7	
99.3	89.7	
99.3	99.6	
99.3	89.3	
99.3	99.4	
98.7	79.6	
99.1	89.7	
99.1	89.7	
99.1	99.6	
99.1	99.2	
99.3	99.6	
98.9	99.6	
99.3	99.6	
99.1	89.7	
99.3	99.6	
99.3	89.3	
98.9	99.6	
99.1	89.7	
99.3	99.6	
99.3	99.6	
99.3	78.6	
89	99	
99.3	99.4	
98.9	99.6	
99.3	99.6	
99.3	99.4	
98.9	99.6	
99.1	99.6	
99.3	99.6	
99.3	99.6	
99.3	89.5	
99.3	99.6	
99.1	98.8	
99.1	89.5	
99.3	89.3	
98.9	99.6	
99.1	99.4	
99.1	99	
99.1	99.2	
99.1	89.3	
99.3	99.2	
98.9	99.6	
98.9	89.7	
99.3	89.7	
99.3	99.6	
99.1	89.7	
99.3	99.6	
99.1	89.3	
99.1	99.4	
99.3	99.6	
99.3	79.4	
99.1	89.5	
99.3	99.6	
99.3	99.2	
99.3	99.6	
99.3	99.4	
98.9	98.8	
99.3	99.2	
99.3	99.6	
99.3	89.7	
98.7	99.6	
99.3	99.6	
99.3	89.5	
99.3	89.7	
99.3	99.6	
99.3	99.6	
98.9	99.4	
98.7	89.7	
99.1	89.5	
99.1	89.5	
99.1	99.6	
99.3	99.6	
99.3	99.6	
99.1	89.7	
99.3	99.6	
99.3	89.7	
98.3	89.7	
99.3	89.7	
99.1	99.6	
99.3	99.6	
98.9	99.6	
98.9	99.6	
99.1	99.6	
99.1	99.6	
98.9	99.6	
99.3	99.2	
99.3	99.2	
99.1	89.7	
98.3	99.6	
99.3	99	
99.3	99.6	
99.1	99.6	
99.3	89.5	
99.3	99.6	
99.1	89.7	
99.1	99.6	
98.9	99.6	
99.1	89.7	
98.5	99.4	
99.3	99.4	
99.1	99.4	
99.3	99.6	
98.9	99.4	
98.5	89.5	
99.1	99.6	
99.3	89.5	
98.9	99	
99.1	99.6	
98.7	89.7	
99.3	89.5	
99.3	99.6	
98.9	99.2	
99.1	89.7	
99.3	99.4	
99.1	99.2	
99.3	89.5	
98.9	89.7	
99.3	99.6	
99.1	89.7	
99.1	99.6	
99.3	89.7	
98.7	99.6	
99.3	99.6	
99.3	99.6	
98.9	99.6	
99.3	99.6	
98.7	99.6	
99.1	99.6	
99.3	99.6	
99.3	99.4	
99.1	89.7	
99.3	79.6	
99.1	99.6	
99.3	99.6	
99.3	99.4	
99.3	99.6	
99.3	99.6	
99.1	99.4	
99.3	89.1	
99.1	99.6	
99.1	99.6	
99.1	99.6	
99.3	99	
99.1	89.5	
99.3	99	
99.3	99.6	
99.1	89.5	
99.3	89.1	
98.7	99.6	
98.5	99.4	
99.3	99.6	
99.1	99.6	
99.1	89.7	
99.3	89.5	
98.7	99.6	
99.1	99.2	
99.1	99.6	
99.1	99.6	
99.3	99.6	
99.1	99.6	
99.1	89.3	
98.7	99.6	
98.9	89.7	
99.1	99.2	
98.7	89.7	
99.1	99.6	
99.3	99.6	
98.7	99.6	
99.1	89.5	
98.9	99.6	
99.3	89.7	
99.3	99.6	
99.3	99.6	
99.3	99.4	
99.3	89.1	
98.9	89.1	
99.3	89.5	
99.3	99.4	
98.3	99.6	
99.3	99.6	
99.3	99.2	
99.3	89.7	
99.3	99.6	
98.9	89.7	
99.1	69.5	
99.3	89.5	
99.3	99.6	
99.3	99.6	
99.1	99.6	
98.9	89.7	
99.3	99.6	
99.1	99.6	
99.3	99.6	
98.7	99.6	
99.3	89.7	
99.1	99.6	
99.3	89.7	
99.3	99.6	
98.9	99.6	
99.1	99.4	
99.1	99.6	
99.1	99.6	
98.9	89.7	
99.3	99.2	
99.3	99.6	
98.9	79.4	
99.1	99.6	
99.1	99.6	
99.3	79.6	
99.3	89.7	
99.1	99.6	
99.3	99.4	
99.3	89.7	
99.1	99.2	
99.1	99.6	
98.5	99.6	
99.1	99.6	
98.5	99.6	
99.3	99.4	
99.3	99.6	
99.3	99	
98.9	89.7	
99.3	99.6	
98.9	99.6	
99.1	99.4	
99.1	99.6	
98.9	99.6	
99.3	99.6	
99.3	99.4	
99.3	99.6	
99.3	99.2	
99.1	99.4	
99.3	89.7	
99.3	99.6	
99.3	89.7	
99.1	99.4	
99.3	79.2	
99.1	99.2	
99.3	99.6	
99.3	99.4	
98.5	99.6	
99.3	99.6	
98.9	99.6	
99.3	99	
98.1	99.6	
99.3	99.6	
99.3	99.6	
99.3	89.3	
99.3	99.6	
98.7	99.6	
99.3	89.5	
99.3	99.6	
98.7	99.6	
99.3	99.2	
99.1	99.6	
97.9	99.4	
98.5	99.6	
99.3	89.7	
99.1	99.6	
99.3	79.4	
99.3	89.7	
99.3	99.6	
99.1	89.7	
98.9	99.6	
99.3	89.7	
98.9	99.6	
99.1	99.6	
98.9	89.5	
99.3	99.4	
97.9	99.6	
99.3	99.4	
99.1	99.6	
99.1	99.6	
98.9	89.7	
99.1	99.2	
99.1	99.4	
99.3	89.7	
99.1	99.6	
99.3	89.7	
99.1	99.6	
99.1	89.7	
99.3	99.6	
99.3	99.4	
99.3	99.6	
99.3	99.4	
99.1	89.7	
98.9	99.6	
98.9	89.7	
99.1	99.4	
98.9	99.4	
99.3	89.7	
98.5	99.2	
99.3	99.2	
99.1	99.6	
98.9	99.6	
98.7	99.2	
99.3	79.6	
99.3	89.7	
99.3	89.3	
99.1	89.5	
98.5	99.6	
99.1	98.8	
99.1	99.6	
99.3	99.6	
99.1	99	
99.1	99.4	
99.3	99.6	
99.3	99.6	
99.3	99.6	
98.9	99.6	
99.3	99.6	
99.1	89.7	
99.3	99.6	
99.1	99.6	
99.1	89.5	
98.1	99.6	
99.3	99.4	
99.3	99.4	
99.3	89.7	
99.3	99.6	
99.3	99.6	
99.3	79.6	
99.1	99.6	
99.1	99.6	
99.1	99.6	
99.3	99.4	
99.3	89.7	
99.3	89.5	
99.3	99.6	
98.9	99.6	
99.3	89.7	
99.3	89.3	
98.9	99.2	
98.9	99.6	
99.1	99	
99.3	99.4	
99.1	99.6	
99.3	99.6	
99.3	99.6	
98.9	99.6	
98.9	89.7	
99.1	99.6	
99.1	99.6	
98.9	99.6	
99.3	89.7	
99.3	89.7	
99.3	99.4	
99.3	99.6	
99.1	89.5	
99.1	99.2	
99.3	99.6	
99.1	69.5	
