47.8	87.9	
65.9	94.4	
96.3	99.4	
97.9	97.6	
99.1	99.4	
93.7	99.6	
57.9	99.4	
86	99.2	
34.1	87.9	
98.9	99.6	
98.7	99.4	
89	99.6	
76.5	99.4	
58.3	98.6	
98.7	89.1	
88.6	99.2	
98.9	89.1	
98.9	99.4	
98.9	89.7	
99.1	89.7	
89.2	99.2	
34.3	99.2	
99.1	99.6	
98.5	89.5	
99.3	99.4	
88.4	98.8	
88.2	99.4	
88	99.2	
88.6	99.2	
87.6	89.5	
98.5	99.4	
97.5	68.3	
98.9	99.6	
97.5	99.4	
98.1	99.6	
89.2	99.4	
98.9	99.6	
76.1	89.7	
95.7	98.8	
67.2	99	
98.7	98.8	
99.1	69.5	
89.2	99.4	
89	89.5	
98.5	99.2	
98.5	99.6	
98.9	99	
99.1	89.3	
86.2	99.2	
89	99.6	
98.9	89.5	
97.7	99	
99.1	99.6	
88.8	99.4	
99.3	99.6	
56.9	89.7	
99.1	99.2	
99.1	99.6	
98.5	89.5	
77.9	99.6	
98.9	99.6	
98.1	98.6	
99.1	79.4	
98.5	99.4	
98.9	88.3	
98.1	99.6	
99.1	98.6	
98.7	99	
98.7	99.6	
96.9	99.4	
99.1	99.2	
98.5	79.6	
99.1	99.2	
48	99.6	
98.9	99	
88	79.4	
99.1	98.6	
88.4	89.3	
78.1	99.6	
99.1	99.6	
96.3	98.8	
89.2	99	
98.7	99.2	
88.6	99.6	
87.6	99	
99.1	89.3	
48.2	99.4	
88.8	88.7	
97.9	98.2	
98.5	79.2	
98.9	99.2	
97.5	99	
48.8	99.6	
98.3	99.4	
87.4	89.3	
98.3	99.4	
99.1	99.4	
98.7	99.6	
99.3	89.7	
76.7	98.6	
98.9	88.9	
99.1	98.6	
88	99.6	
99.1	79	
98.5	99.2	
98.9	79.6	
98.5	99.4	
89.2	98.8	
98.9	89.7	
98.7	99.2	
98.7	99.6	
98.7	99.6	
98.7	99.6	
98.9	89.7	
99.1	98	
99.1	89.5	
88.4	99.4	
98.5	99.2	
98.9	99.6	
98.5	89.7	
97.7	89.7	
98.7	89.3	
98.3	99.4	
98.5	99.4	
98.5	99.6	
99.3	89.3	
69	87.7	
88	89.3	
98.9	89.7	
99.3	99.2	
98.9	89.5	
98.5	99.2	
68.8	99.2	
98.1	99.6	
98.3	79.2	
98.9	99.6	
99.1	99.2	
99.3	98.8	
99.3	89.5	
98.7	99.4	
98.9	99.2	
99.1	89.5	
87.8	89.7	
77.9	99.4	
98.7	66.7	
99.1	99.2	
98.9	99	
88.6	98.8	
98.7	99.4	
87.6	99	
77.7	88.9	
98.9	99.4	
97.5	99.6	
89	99.6	
97.9	79	
98.5	79.4	
99.1	99.6	
98.7	89.1	
98.7	89.7	
98.5	89.5	
98.5	89.1	
98.7	88.9	
99.1	99.2	
99.1	99.2	
98.5	99.4	
97.5	98.8	
98.9	99.2	
98.9	89.5	
99.1	99.4	
98.3	89.1	
99.3	89.5	
98.7	89.7	
89	99.4	
98.1	99.6	
99.3	89.3	
98.1	99.6	
98.7	88.9	
88.8	99.6	
88.4	68.7	
98.1	99.6	
99.1	79	
99.1	98.2	
98.1	99.6	
98.5	99.4	
99.3	89.3	
98.3	99.2	
88.6	99.4	
98.7	88.7	
46	99.4	
88.2	99.6	
89	89.5	
98.7	99.2	
58.9	99	
97.5	99.4	
98.7	99.6	
98.7	98.4	
97.1	78.4	
78.5	88.7	
98.5	88.9	
99.3	98.8	
98.7	99.6	
98.5	78.6	
97.3	98.2	
97.3	89.1	
88.6	99.4	
99.1	99.6	
98.7	68.5	
98.5	89.3	
98.7	99.4	
99.3	89.5	
78.3	89.3	
98.7	59	
89	99.6	
99.1	99	
99.1	99.4	
99.3	99.6	
98.7	89.7	
97.7	99.6	
98.1	89.7	
97.1	99.6	
98.9	99.6	
99.3	89.3	
78.5	99.2	
98.9	89.7	
79.3	99.4	
99.1	98.8	
99.1	89.3	
98.9	99	
58.7	99.4	
99.1	89.5	
97.1	88.1	
89	98.2	
99.1	99.2	
98.7	99.2	
98.1	99.6	
98.1	89.7	
99.1	79.4	
98.9	88.9	
98.9	79.2	
77.5	88.5	
99.3	99.6	
98.9	99.2	
97.7	99.6	
98.9	99.6	
98.7	89.3	
97.9	89.5	
98.9	99.6	
89.2	99.2	
98.1	89.7	
99.1	89.7	
87.8	99.6	
97.9	88.5	
86.2	98.6	
99.3	98.8	
99.1	89.3	
99.3	78.2	
99.1	99.6	
98.7	89.5	
98.3	89.7	
98.5	79.4	
89	99.6	
98.7	79.4	
98.5	99.4	
98.7	89.7	
98.3	89.7	
98.7	89.5	
99.1	79.6	
99.1	88.7	
98.5	78.8	
99.1	79.6	
98.3	97.8	
98.9	89.7	
99.3	89.5	
99.3	89.5	
98.9	89.3	
99.1	99.2	
89.2	99	
99.1	99.6	
98.9	89.7	
99.3	99.6	
98.3	89.1	
99.1	89.7	
89.2	98.4	
98.9	99.2	
99.3	99.6	
98.7	99.4	
77.9	99.4	
98.9	89.7	
78.9	99.2	
99.1	99.2	
98.9	99.2	
89.2	99.2	
99.1	89.5	
99.3	89.5	
98.7	79.2	
97.9	89.3	
98.9	88.9	
67.4	89.7	
99.1	57.6	
98.9	99.6	
98.9	79.4	
98.9	99.6	
99.1	89.5	
99.3	99	
98.3	89.5	
78.9	99.4	
99.1	99.4	
89.4	99	
98.7	99.4	
88.8	89.3	
88.4	88.5	
98.5	99.4	
87.8	99	
66.8	78.4	
79.3	88.9	
99.1	99.4	
97.3	68.1	
98.3	89.7	
76.9	78.4	
98.3	99.4	
97.9	88.7	
98.9	99.2	
87.6	99.4	
88.6	89.5	
98.1	89.5	
98.1	88.5	
97.1	99.4	
98.7	98.6	
99.3	99.6	
57.3	89.3	
99.1	99.4	
97.9	87.7	
98.7	99.2	
99.3	99.4	
76.9	99.4	
98.3	99.4	
98.5	89.5	
99.3	98	
99.1	99.4	
83.8	99	
98.7	89.7	
88.8	99	
98.5	99.6	
98.5	99	
97.7	98.8	
98.9	99	
89	99.4	
98.1	89.5	
89	88.9	
98.5	89.3	
99.1	79.6	
98.7	99.4	
98.7	89.1	
97.3	99.6	
97.7	89.5	
97.9	89.7	
99.1	89.5	
97.9	79.6	
99.1	99.4	
79.3	99.6	
98.9	98.8	
97.7	69.5	
86.8	89.5	
89.2	99	
98.9	79.6	
99.3	89.3	
97.3	99.2	
95.5	79.4	
97.7	99.4	
98.3	99.6	
98.9	99.4	
99.3	89.3	
97.7	89.7	
98.5	98.6	
98.5	89.7	
98.9	98.2	
99.3	89.3	
99.3	89.7	
98.9	89.3	
97.7	89.7	
98.9	89.7	
87.2	89.1	
97.9	99.6	
98.3	89.7	
97.9	89.5	
98.7	89.1	
97.5	89.7	
99.1	99.6	
99.1	99.6	
99.3	99.6	
98.5	89.7	
99.1	89.7	
88.8	99.4	
98.7	89.7	
98.5	89.7	
99.3	99.2	
98.7	99.4	
76.9	97.4	
99.1	89.3	
99.3	89.7	
98.5	89.7	
97.9	79.6	
99.3	89.5	
88.6	89.3	
65	78.6	
68.2	79.2	
98.3	89.7	
89.2	99.6	
98.1	99	
98.9	99.4	
98.9	99.2	
98.7	99.6	
99.3	99.6	
99.3	99.4	
89	78.6	
86.2	89.5	
98.9	99.4	
97.9	99.6	
89.4	99.4	
99.1	99.4	
89.2	99.4	
99.1	99.6	
98.9	89.5	
97.9	99	
79.1	88.7	
98.7	89.5	
98.1	89.7	
98.7	89.7	
89	98.2	
86.4	69.5	
98.9	98.8	
99.3	99.2	
97.7	99.2	
98.9	78.6	
89	89.3	
79.1	99.2	
88.8	99.4	
99.1	99.6	
99.1	98.8	
98.9	99.4	
98.9	88.9	
98.7	89.7	
97.3	99.2	
98.9	99.4	
89.4	79	
98.3	99.6	
99.3	99.4	
78.1	99.2	
98.3	99.6	
98.5	99.6	
98.5	89.3	
89.4	99	
99.1	89.7	
67.6	99.4	
98.7	99.2	
98.7	89.7	
48.6	68.1	
99.1	99.6	
96.9	99.4	
88.6	89.1	
99.3	99.6	
98.1	79	
88.6	99.4	
98.5	89.7	
99.1	99.4	
99.1	99	
97.7	99.2	
98.1	99.2	
99.1	89.7	
98.7	99.6	
89.4	99.4	
97.7	99.2	
99.3	99.4	
79.5	99.6	
98.5	89.5	
27.4	99.2	
97.5	99.6	
98.9	99.6	
99.1	99.6	
98.9	99	
99.1	89.1	
98.9	79.2	
79.1	99.4	
98.7	99.4	
68.8	89.5	
98.5	99.2	
76.5	99.4	
98.9	89.1	
98.5	88.7	
99.1	99.4	
69.2	99.4	
99.1	99.4	
97.7	89.5	
99.1	78.6	
89	99.2	
98.1	89.3	
98.3	89.5	
98.7	99.4	
97.9	99.6	
97.7	98.8	
