37.7	77	
57.1	87.9	
88.4	89.7	
96.1	99.4	
98.1	99.2	
98.9	99.2	
96.9	99.6	
79.4	88.7	
99.1	99	
97.9	88.3	
98.7	89.3	
97.9	89.7	
99.1	78.8	
88.2	98.8	
99.1	89.1	
99.1	97	
96.3	96.6	
98.3	89.7	
96.5	89.5	
98.3	99	
98.7	99.2	
88.8	99.4	
35.1	89.3	
98.1	89.7	
98.1	78.4	
99.1	99.2	
97.5	89.5	
98.1	89.7	
99.3	89.7	
86.2	79.6	
95.9	89.5	
98.7	87.9	
98.7	98.8	
97.9	99	
56.3	48.7	
97.1	89.3	
98.7	88.7	
98.5	58.8	
86.8	76.6	
98.5	99.4	
88.2	89.1	
98.5	96.8	
98.7	99.6	
98.3	89.3	
97.9	98.2	
99.1	89.5	
95.5	99.6	
98.3	99.6	
97.5	98.8	
99.3	89.5	
84	87.9	
98.5	88.7	
97.3	87.3	
97.7	97	
96.5	99.6	
95.5	89.3	
98.5	99.4	
97.9	99.6	
97.1	89.5	
97.9	99.6	
98.1	89.7	
97.5	89.5	
98.7	99	
96.3	78	
98.5	98.6	
75.1	89.1	
98.3	99.4	
96.9	98.8	
98.9	99.4	
97.1	99.6	
87	79	
98.9	78.6	
55.5	89.5	
97.5	76.8	
96.9	99.2	
95.5	99.2	
88.2	99.6	
94.7	88.5	
98.1	99.6	
98.5	99.2	
98.9	99.6	
96.9	98.4	
95.1	99.4	
98.3	89.7	
72.3	88.7	
87.2	98.8	
76.5	99.4	
97.3	88.3	
99.3	89.5	
94.9	89.7	
88.4	88.7	
75.3	98.6	
98.1	79.6	
99.3	99.2	
99.1	89.5	
99.3	98.6	
96.3	98.6	
98.9	89.1	
85.2	89.5	
98.3	99.6	
75.7	78.4	
77.9	88.7	
98.7	89.7	
98.3	99	
97.7	89.5	
97.9	99	
97.3	98.6	
77.9	88.9	
47	99.2	
98.7	69.1	
89.4	89.3	
98.9	99.4	
78.5	88.9	
89.4	78.8	
99.3	79.6	
70.3	79.2	
98.7	99	
75.1	89.3	
99.3	79.4	
88.8	99.6	
99.3	99.4	
98.5	98	
89.2	88.9	
98.9	89.3	
98.7	98.8	
68	99.4	
88.8	98	
98.7	98.2	
97.3	99.6	
78.1	99	
78.9	88.9	
98.3	98.2	
99.1	89.3	
97.1	88.9	
98.9	89.7	
79.5	98.6	
98.7	89.1	
98.7	98.6	
98.9	89.5	
98.5	99.2	
87.2	89.7	
97.5	99.6	
97.1	99	
99.1	89.3	
74.9	58.6	
87.4	88.7	
96.5	89.7	
78.1	88.9	
66.8	99.4	
99.3	99	
26	99.4	
98.9	88.9	
96.9	99.4	
63.6	99.4	
98.7	99.4	
77.7	99.4	
98.1	78.2	
99.3	89.7	
98.7	99.6	
98.3	89.3	
98.5	98.6	
98.9	99.2	
97.1	98.6	
98.9	89.5	
98.3	78.2	
98.5	89.7	
98.9	99.6	
97.9	89.7	
99.3	88.9	
79.3	58.8	
55.1	68.5	
99.1	99	
74.5	96.6	
69.2	99.2	
98.5	68.5	
98.7	98.6	
89.4	99.6	
89	97	
98.1	99.2	
97.7	99	
84.2	96	
98.1	99.2	
79.3	99.2	
43.8	99	
98.7	79	
89.2	99.6	
98.9	88.1	
99.3	99.2	
65.8	99.6	
78.1	99.2	
77.9	97.8	
98.5	99.6	
77.3	99.4	
76.1	99.4	
98.5	97.6	
77.9	89.1	
98.1	79.4	
98.7	99.4	
98.5	99.4	
53.3	89.1	
97.1	99.4	
97.9	89.5	
97.3	89.5	
98.7	87.9	
99.3	99	
99.1	99.2	
98.7	99.4	
98.1	88.5	
97.7	99.2	
97.1	99.2	
98.9	78.4	
98.3	99.4	
88.2	98.4	
97.7	89.1	
98.7	98.2	
98.7	89.5	
99.1	88.5	
98.7	99.4	
99.1	99.6	
98.7	78	
96.5	99.4	
68	99.6	
98.3	99.2	
97.5	99	
98.7	99.6	
47.8	98.6	
96.9	89.7	
96.9	99.6	
97.3	79	
95.7	98.2	
88	98.6	
98.5	89.5	
98.1	99.4	
98.7	89.5	
99.1	99.6	
68.4	89.1	
98.1	99.4	
88.2	78.8	
98.9	99.6	
88.2	99.2	
98.9	88.9	
67.8	89.5	
67.8	88.9	
66.4	99.6	
98.9	88.9	
98.1	89.5	
98.5	99.4	
88.8	88.5	
98.7	89.7	
99.3	79.2	
98.7	69.5	
98.5	89.5	
95.9	89.5	
99.1	89.7	
98.9	98.6	
98.3	99.6	
76.7	89.1	
98.3	88.1	
99.1	99.6	
86	89.5	
99.1	97	
99.1	99.6	
95.7	89.3	
67.8	68.5	
99.3	89.7	
76.5	78.8	
96.1	69.3	
96.7	89.7	
98.1	89.5	
67.2	79.6	
98.7	89.7	
98.7	89.7	
88.6	88.9	
78.5	99.2	
56.1	98.6	
31.1	89.7	
99.1	58.4	
98.5	99.2	
48.6	89.5	
96.5	99.4	
97.9	78.8	
99.1	89.7	
98.7	99.4	
97.9	99.2	
96.1	88.5	
96.9	89.5	
98.5	89.7	
98.1	89.7	
88	89.7	
57.5	99.6	
97.1	89.5	
98.5	99.4	
56.1	89.5	
98.9	79.6	
98.7	99.4	
88	89.3	
98.9	89.7	
98.3	89.5	
98.7	87.5	
87.2	88.9	
78.5	89.7	
77.9	59.2	
98.5	79	
98.9	89.1	
98.9	99.6	
73.9	79.6	
89	79.2	
98.9	99.6	
98.7	79.6	
77.9	89.3	
75.5	89.7	
99.3	99.2	
98.5	89.5	
98.5	89.5	
97.7	79.4	
98.7	89.7	
98.1	79	
76.7	98.8	
76.9	88.3	
88.4	99.2	
99.1	69.5	
69	68.5	
69	89.1	
98.9	76.4	
98.3	89.7	
98.1	78.8	
77.5	99.6	
97.9	99	
75.9	99.2	
88	89.5	
98.3	68.1	
78.5	89.5	
55.7	68.9	
97.7	99.2	
98.3	89.3	
98.9	89.3	
88.8	99.4	
78.9	99.2	
98.5	98.8	
37.1	78.6	
96.9	98.8	
65	99.4	
97.9	89.7	
98.7	88.1	
69	89.1	
97.5	99.4	
98.7	79.6	
99.3	99.2	
86.8	99.2	
98.3	79.6	
99.3	89.3	
43.8	99.2	
97.3	99.4	
99.1	98.8	
63.6	89.7	
37.7	99.2	
57.5	89.1	
98.3	99.2	
99.1	89.3	
98.1	99.6	
88.6	89.3	
98.5	98.6	
98.3	99.2	
98.3	99.6	
85	99.2	
96.9	98.6	
97.3	99	
98.7	89.1	
88.6	99	
97.9	69.3	
99.3	99.4	
98.5	89.5	
98.9	99.4	
98.1	99	
58.9	99	
96.9	99	
98.1	99.4	
98.5	99.6	
98.9	99.4	
88	98	
97.1	89.5	
99.1	57	
98.9	86.9	
98.7	99.4	
89	98.4	
98.3	99.2	
97.3	98.8	
97.1	36.2	
88.2	89.3	
99.3	89.7	
98.5	89.5	
77.7	47.5	
58.1	89.5	
79.1	89.7	
78.9	79	
89.2	99.6	
88.8	87.7	
72.5	78.8	
76.3	99.2	
98.7	78.4	
98.5	69.1	
97.5	89.5	
98.3	89.1	
97.1	99.4	
98.9	89.1	
94.7	87.9	
88.2	99.4	
97.9	89.7	
98.5	99.4	
99.3	89.5	
97.3	89.7	
99.1	68.1	
99.1	79	
98.9	99.6	
97.1	99.4	
98.9	88.1	
98.9	68.9	
78.7	98.6	
88.2	99.2	
98.3	99	
95.5	88.5	
88	89.1	
98.9	97.4	
98.1	88.5	
97.1	99.2	
99.1	95.6	
98.1	99.2	
97.7	69.5	
99.1	99	
78.7	79.2	
66.8	79.6	
99.3	99.6	
88	89.7	
98.9	99.4	
97.7	79	
97.5	99.4	
79.3	79.2	
98.5	99.2	
57.3	89.1	
84.4	99.4	
59.1	68.9	
25.2	88.7	
98.7	99	
96.5	89.5	
38.3	98.8	
58.5	99.2	
98.7	89.5	
78.1	99	
98.3	97.8	
98.3	89.3	
99.3	99.6	
96.7	99.6	
97.5	89.5	
99.3	68.1	
88	89.5	
99.3	98.8	
87	99.4	
97.3	89.5	
98.3	99.2	
88	99	
88.6	99.4	
48	79.2	
99.3	99.2	
88.4	99.6	
97.3	99.6	
68.2	99.6	
58.5	99.6	
97.3	98.8	
97.1	78	
98.7	97.6	
98.9	98.6	
79.3	99	
28	98.4	
98.7	89.7	
97.7	97.8	
97.5	79.6	
98.5	79	
98.5	89.1	
79.3	87.7	
88.6	88.7	
98.9	68.1	
98.3	89.7	
78.1	89.3	
98.3	99.6	
99.1	89.3	
98.7	98.4	
98.7	87.9	
76.3	78.8	
88.8	77.8	
85.2	89.7	
88	88.3	
99.3	98	
79.1	79	
88.4	99.2	
96.5	98	
98.7	99	
87.6	99.4	
88.8	98.4	
47.8	99.4	
78.5	99.6	
