74.1	99.4	
55.1	89.7	
63.4	89.7	
92.9	89.7	
97.7	89.7	
98.9	79.4	
98.5	89.5	
99.1	79.6	
99.3	89.5	
88.4	84.3	
99.3	89.7	
98.9	89.7	
99.1	89.5	
88.8	79.6	
99.3	89.7	
99.3	89.7	
99.1	99.6	
99.3	89.3	
98.3	79.6	
99.1	89.5	
99.3	89.7	
99.1	89.7	
99.3	89.7	
99.3	89.1	
99.1	79.2	
99.3	99.6	
99.1	99.6	
99.3	89.7	
98.7	98.2	
99.3	89.7	
98.7	89.7	
89.4	89.7	
77.5	89.3	
99.1	89.5	
89.2	89.7	
99.3	89.3	
99.3	89.7	
98.9	89.5	
99.1	89.7	
99.1	89.7	
99.3	89.3	
99.1	89.7	
98.7	89.5	
99.3	79.6	
89	79.6	
98.5	89.5	
99.3	89.7	
99.1	89.7	
98.7	89.7	
88.4	89.5	
88.2	99.6	
99.1	99.2	
99.1	99.2	
88.8	89.7	
98.3	89.5	
77.3	89.7	
56.2	99.4	
97.3	99.4	
84.6	89.7	
98.7	89.7	
88	89.7	
97.9	89.7	
99.1	89.7	
66.6	89.7	
89.7	79.4	
99.3	99.6	
98.7	89.7	
99.3	89.7	
98.1	89.7	
89.2	89.5	
99.1	89.5	
87.8	89.7	
88.4	89.7	
97.7	89.7	
99.3	89.7	
97.3	89.7	
99.3	89.5	
98.9	89.7	
98.9	99.6	
99.3	89.7	
99.3	89.7	
98.7	89.7	
89.2	89.7	
98.9	79.2	
99.1	89.1	
79.1	89.3	
67.4	89.7	
99.3	89.7	
69.2	89.7	
98.5	89.7	
78.3	89.5	
99.3	79.6	
99.3	89.7	
99.3	89.7	
98.3	99.6	
98.9	89.5	
99.3	89.5	
99.3	89.3	
87.2	89.7	
99.3	89.5	
96.9	89.3	
99.3	89.3	
99.1	89.7	
98.7	79.4	
99.1	89.7	
68.8	89.5	
79.3	98.2	
99.1	99.4	
99.1	99.4	
99.3	99.6	
98.9	79.2	
99.3	99.6	
99.3	99.6	
99.3	89.7	
88	89.5	
98.9	89.7	
99.3	89.3	
99.1	89.7	
98.7	89.3	
99.3	89.5	
99.1	89.7	
99.1	79.2	
99.1	89.5	
99.3	79.2	
99.3	99.4	
98.9	99.6	
99.3	99.2	
98.5	89.7	
98.5	98.8	
99.1	89.7	
99.1	89.7	
99.1	99.2	
99.3	99.6	
99.3	99.6	
97.3	99.2	
98.7	99.6	
99.3	99.2	
99.1	99.6	
98.3	99.4	
98.7	99.6	
88.6	88.9	
99.1	89.7	
99.1	98.2	
98.3	89.5	
97.7	99.6	
89.2	99.6	
97.9	99.6	
98.5	99.6	
98.9	99.4	
79.5	89.5	
99.3	99.6	
99.3	79.6	
98.7	99.4	
99.3	89.7	
99.3	99.6	
99.3	99.6	
78.5	99.4	
98.5	99	
99.1	89.7	
98.9	89.7	
99.1	89.5	
98.7	89.5	
99.3	99.6	
98.5	99	
99.1	99.6	
99.1	89.1	
78.7	99.6	
99.1	99.6	
97.9	99.6	
98.7	99.6	
99.1	89.5	
98.7	99.6	
98.7	89.3	
99.1	99.6	
79.1	79.6	
98.5	89.7	
78.5	99.6	
99.3	99.6	
79.3	79.2	
98.7	88.7	
98.7	89.7	
99.1	89.5	
88.6	89.7	
98.9	88.9	
99.3	99.2	
89.2	89.5	
99.3	88.1	
79.3	99	
88.6	88.1	
99.1	79	
99.1	99.4	
99.1	89.5	
99.3	89.3	
99.3	99.4	
98.9	89.3	
99.3	89.7	
99.1	99.2	
99.3	99.4	
99.1	99.6	
99.3	89.3	
98.9	89.7	
99.3	89.7	
99.3	99.6	
99.1	99.4	
77.7	99.4	
98.9	89.7	
98.9	99.4	
99.1	99.2	
99.3	89.7	
99.1	99.6	
99.1	99.4	
77.5	99.6	
99.3	99.6	
79.1	99.6	
99.3	99.6	
99.1	99.4	
99.1	99.6	
98.9	88.9	
99.3	99.2	
98.5	79.4	
79.3	99.4	
98.1	99.4	
99.3	99.4	
98.9	99.4	
99.3	97.8	
99.3	79.2	
89.2	89.5	
99.3	89.7	
99.3	89.7	
98.7	99.4	
98.5	99.4	
98.7	99.6	
99.3	99.6	
99.1	99.4	
99.1	99.6	
99.1	99.6	
99.1	99.4	
99.1	99.4	
97.9	89.7	
89.2	99.6	
99.3	99.2	
98.7	99.4	
99.3	89.3	
98.9	89.1	
98.9	89.5	
98.3	89.3	
98.7	89.1	
99.3	89.7	
98.3	89.3	
98.7	99.6	
99.3	99	
99.3	99.4	
99.3	99.4	
98.9	99.2	
89.4	99.2	
99.3	99.4	
89	89.7	
99.1	99.6	
99.1	99.6	
99.3	99.6	
89	89.5	
89.2	99.4	
99.3	99.4	
99.1	99.6	
78.9	99.6	
99.3	99.6	
89	99.4	
98.9	99.4	
98.7	99.4	
98.5	99.4	
99.1	99.6	
99.3	99.6	
98.9	99.4	
99.3	99.6	
99.3	89.7	
99.3	99.6	
98.9	89.3	
99.1	89.5	
98.1	99.6	
99.1	99.4	
99.3	89.5	
99.3	99.6	
88.8	99.4	
99.3	99.6	
98.5	89.7	
99.3	99.4	
98.5	99	
99.1	89.5	
98.9	88.7	
98.3	99.4	
98.7	99.4	
98.9	99.2	
99.3	89.7	
89.2	99.4	
98.7	99	
98.9	89.5	
99.1	89.1	
98.5	89.5	
99.1	99.6	
99.3	79.4	
98.5	99.6	
99.1	99.6	
99.3	99.6	
99.3	89.7	
99.1	99.6	
99.3	88.9	
88.8	99.6	
89.2	89.5	
99.3	99.4	
88.6	99.6	
89	99.6	
99.1	99.4	
99.3	99.6	
99.3	89.7	
89.2	89.7	
98.9	99.6	
97.9	99.6	
98.5	99.4	
99.3	99.4	
98.7	89.7	
99.1	58.4	
99.3	99.6	
88.8	99.2	
99.3	99.6	
99.3	99.6	
98.5	79.6	
98.9	99.6	
99.1	99.6	
98.7	79.6	
98.7	79.2	
99.1	89.5	
89	89.7	
99.3	99.6	
99.1	99.2	
78.9	89.7	
78.9	99.6	
97.9	79	
89.2	89.7	
98.7	79.6	
88.6	89.5	
99.3	99.2	
98.9	89.7	
88.8	89.5	
99.3	89.7	
99.3	89.7	
98.9	89.5	
98.7	89.7	
99.1	79.6	
99.1	89.7	
98.9	89.7	
99.3	89.5	
99.1	89.3	
99.3	89.7	
99.3	89.7	
99.1	89.7	
99.3	89.7	
99.1	88.7	
99.3	89.7	
99.1	89.7	
99.3	89.7	
98.7	89.7	
99.3	89.5	
98.7	99.4	
98.5	89.7	
99.1	89.7	
99.1	89.7	
99.3	99.2	
98.9	89.7	
98.3	89.5	
99.3	89.7	
99.1	89.7	
99.1	79.4	
99.1	99.6	
98.5	99.4	
99.3	79.4	
99.3	89.5	
99.3	89.7	
99.1	89.7	
99.1	89.7	
99.1	89.5	
99.1	79.6	
99.1	89.7	
98.9	89.7	
98.7	89.7	
99.3	89.7	
99.1	89.7	
99.1	89.7	
98.9	89.7	
99.3	89.7	
99.3	89.7	
99.1	79.2	
98.9	89.7	
99.3	89.7	
99.3	69.5	
99.1	89.3	
99.3	99.6	
99.1	89.7	
99.3	89.5	
89	89.7	
99.3	89.7	
99.3	89.7	
97.9	89.7	
89.2	89.3	
78.5	89.7	
99.3	79.4	
99.1	89.7	
98.3	89.7	
99.1	79	
97.5	79.4	
99.1	98.4	
99.1	99.6	
98.7	99.4	
99.1	99.4	
98.9	99.6	
99.1	99.6	
99.3	99.6	
99.3	99.6	
99.3	99.6	
99.3	99.4	
99.3	89.7	
99.3	89.5	
98.9	89.5	
98.9	89.5	
99.3	89.7	
99.1	89.5	
98.7	89.7	
98.9	79.6	
99.3	99.6	
98.9	89.5	
98.7	89.5	
99.3	89.7	
99.1	89.3	
99.3	79.2	
99.3	89.3	
99.1	89.7	
98.7	79	
88.4	89.3	
98.9	89.5	
98.9	89.3	
68.8	89.7	
99.3	89.3	
98.5	89.7	
99.3	89.7	
98.5	89.5	
99.3	89.5	
98.9	89.7	
99.1	89.7	
89.2	89.7	
99.3	89.7	
98.5	89.5	
99.1	89.5	
98.9	89.5	
99.3	89.7	
99.1	79.4	
99.1	89.7	
99.3	89.7	
98.9	99.6	
99.3	89.7	
99.1	89.5	
98.5	89.7	
99.3	79.6	
99.1	89.5	
99.1	89.5	
99.3	89.5	
99.3	89.5	
99.3	99.4	
99.3	89.3	
98.9	89.3	
98.5	89.7	
99.3	89.5	
99.1	89.7	
98.9	89.1	
97.3	99.6	
99.1	89.7	
98.7	99.6	
98.3	99.4	
98.9	99.6	
99.1	99.6	
99.1	89.7	
98.9	99.4	
99.1	99.4	
98.9	99.6	
99.1	99.6	
99.3	99.6	
99.3	89.7	
99.1	99.2	
99.1	99.2	
99.1	89.5	
99.3	89.7	
98.3	89.7	
98.9	89.7	
99.3	99.6	
99.3	99.6	
98.1	99.6	
99.3	89.7	
98.9	98.6	
98.7	99.6	
99.3	89.3	
98.9	89.3	
99.3	69.3	
