63.4	87.1	
97.5	79	
78	98.8	
99.1	89.1	
86.6	88.9	
96.9	99	
87	79.4	
98.9	99	
97.5	99.6	
98.3	98.8	
86.6	99.6	
99.3	89.5	
98.9	99	
98.9	99.4	
98.5	99.6	
99.1	89.7	
99.1	99.6	
98.9	99.4	
98.7	99.6	
98.7	99.6	
99.1	99.6	
99.3	99.4	
98.5	89.1	
98.9	89.7	
98.7	89.5	
98.9	76.6	
87.6	99.6	
99.1	99.4	
99.1	99.2	
98.7	99.4	
99.3	99.2	
99.3	98.4	
99.3	99.6	
99.1	99	
98.5	99.6	
98.7	99.6	
99.3	89.7	
99.1	99.4	
98.9	99.6	
98.3	99.6	
99.1	98.2	
98.9	99.6	
99.1	99.6	
99.3	99.6	
99.1	99.6	
98.9	99.6	
98.9	99.2	
98.7	99	
79.1	89.3	
99.3	99.6	
99.1	99.2	
98.5	99.4	
99.3	99.4	
99.1	99.6	
99.3	99.4	
99.1	99.6	
99.1	99.4	
98.9	99.2	
98.5	99.4	
99.3	99.6	
98.9	99.6	
98.9	99.4	
98.5	99.6	
99.3	79.4	
99.1	99.4	
88.4	89.5	
98.7	99.4	
99.1	99.4	
98.9	89.5	
99.3	99.2	
99.1	99.4	
98.7	99.6	
99.1	99.6	
88.8	89.5	
98.9	99.4	
89	99.6	
99.1	99.2	
99.3	99.6	
99.1	99.6	
99.3	99.6	
99.1	89.7	
99.3	99.2	
99.1	99	
98.7	99.4	
99.1	99.6	
99.1	99	
99.1	99	
89.4	99.4	
98.9	99.6	
99.3	89.5	
99.3	99.6	
99.1	99.4	
99.3	99.6	
99.1	99.6	
98.1	99	
99.1	89.5	
99.3	99.6	
99.3	99.2	
99.1	99.6	
99.3	99.6	
99.1	89.7	
99.3	99.6	
99.3	99.4	
99.1	99.6	
99.3	99.6	
98.9	99.6	
98.9	99.6	
98.3	99.6	
99.3	99.6	
99.3	89.7	
99.3	99.6	
99.1	99.2	
98.5	99.6	
98.7	99.4	
99.3	99.6	
98.9	89.7	
99.3	88.9	
98.5	99.6	
98.7	99	
99.3	99.6	
99.3	99.2	
98.7	99.4	
99.1	99.4	
98.9	99.4	
99.1	89.3	
98.7	99.6	
98.5	99.6	
98.3	99.6	
99.3	79.6	
98.7	89.7	
98.7	89.5	
98.7	79.2	
99.1	89.7	
99.1	89.7	
99.3	79.4	
97.9	99.6	
98.7	89.5	
99.3	99.4	
99.3	89.5	
99.3	88.9	
99.1	89.7	
99.1	99.6	
99.1	99.6	
98.9	99.4	
98.5	99.4	
99.3	99.4	
99.1	99.4	
98.9	99.4	
99.1	89.7	
98.1	98.8	
99.3	99.6	
98.9	89.3	
98.7	99.4	
98.9	89.5	
99.1	99.2	
98.9	99.6	
99.3	79.4	
98.5	99.6	
98.7	99.6	
98.9	89.5	
99.1	89.5	
98.5	89.7	
98.9	89.5	
99.3	99.6	
99.3	89.5	
99.3	99.6	
99.1	79	
98.3	89.7	
98.7	99.6	
98.9	89.3	
99.1	89.5	
98.7	89.7	
98.7	89.7	
99.1	89.7	
99.1	89.7	
98.3	89.1	
98.5	89.5	
98.9	89.1	
99.1	79.6	
98.9	69.5	
99.1	89.1	
99.3	89.7	
98.9	99.4	
98.3	99.6	
88.8	99.4	
99.3	89.5	
99.1	99.2	
98.5	99.6	
89.2	89.7	
98.7	99.6	
98.9	99.6	
99.1	99.6	
79.1	89.7	
99.3	99.4	
98.9	89.7	
88.6	99.6	
98.9	99.6	
99.3	99.6	
99.1	99.6	
99.1	99.6	
98.9	99.6	
99.3	99.6	
99.1	99.4	
98.9	89.7	
99.3	89.7	
99.3	89.3	
99.3	99.2	
99.1	99.6	
98.7	99.4	
97.9	89.7	
99.3	89.7	
98.9	89.7	
99.3	99.6	
99.3	99.6	
98.9	99.6	
99.3	99.6	
89.2	99.4	
99.1	89.3	
99.3	99.6	
99.3	89.7	
99.3	99.6	
99.3	99.6	
99.3	99.4	
89	79.6	
99.1	89.5	
99.3	89.7	
98.5	89.5	
99.3	99.4	
88.8	89.3	
99.3	89.7	
99.1	99.6	
79.3	99.6	
88.4	89.7	
98.5	99.6	
99.1	99.4	
99.3	89.5	
99.3	99.4	
99.1	98.6	
98.9	99.4	
89.2	99.4	
99.3	99.6	
98.7	99.6	
99.3	99.6	
99.3	89.7	
99.3	89.3	
99.1	69.1	
99.3	99.6	
98.5	89.7	
89.4	69.5	
98.9	89.5	
99.1	89.7	
99.3	99.6	
99.3	99.6	
98.9	89.5	
88.2	99	
99.1	89.5	
99.3	99.6	
99.3	89.7	
88.8	79.4	
99.1	99.6	
98.5	99.4	
99.1	89.7	
99.1	89.3	
99.3	89.7	
98.7	99.4	
99.1	99.6	
98.7	99.6	
99.3	99.6	
98.9	99.6	
99.3	99.6	
99.3	89.5	
99.1	99.6	
99.3	99.2	
99.1	99.4	
98.1	89.1	
98.9	99.6	
99.3	99.6	
99.3	89.7	
99.3	99.6	
99.1	89.5	
99.3	99.6	
99.3	99.4	
98.7	89.7	
98.9	89.5	
99.1	89.7	
99.1	99.6	
98.9	99.4	
99.1	89.7	
99.3	99.6	
99.1	99.2	
99.3	79.6	
99.3	89.7	
98.3	99.6	
88.8	89.7	
99.3	89.7	
98.7	89.7	
99.1	99.6	
88.8	99.6	
98.9	99.6	
98.5	89.3	
99.1	89.7	
98.9	89.5	
98.5	99.4	
98.9	89.5	
99.1	89.7	
99.1	89.5	
99.1	89.7	
99.1	89.7	
99.3	89.5	
98.9	79.2	
98.9	89.7	
99.3	89.7	
98.7	89.7	
99.1	99.6	
99.3	79.6	
98.9	89.7	
98.1	99.6	
99.1	89.7	
99.3	89.7	
98.7	89.7	
99.3	79.6	
99.1	79.6	
98.9	89.7	
98.7	89.3	
99.3	89.7	
99.3	89.7	
99.1	89.7	
99.1	89.7	
98.5	89.5	
98.9	89.3	
98.3	89.5	
99.3	89.7	
98.9	89.5	
98.9	79.4	
99.1	99.6	
98.7	99.6	
98.1	99.4	
89	89.5	
99.3	99.4	
99.3	99.2	
99.3	89.7	
99.1	99	
99.3	89.7	
99.3	89.5	
99.1	89.7	
98.9	89.1	
98.9	89.7	
99.3	89.7	
99.3	99.6	
99.1	99.2	
98.7	89.7	
99.3	89.7	
99.3	99.4	
98.3	89.5	
99.1	89.7	
99.1	89.7	
99.3	99.4	
99.1	89.7	
98.9	79.6	
99.3	89.5	
99.1	99.6	
98.9	89.7	
98.7	89.5	
98.7	99.4	
98.9	89.7	
98.5	89.7	
99.3	89.7	
99.1	99.2	
98.9	89.7	
99.3	89.7	
98.9	89.1	
99.3	99.6	
99.3	89.7	
99.3	89.7	
98.9	89.7	
99.3	89.3	
98.9	89.7	
98.9	89.5	
99.1	79.6	
99.1	79.6	
96.7	88.9	
99.3	99.2	
99.3	99.6	
98.9	99.6	
99.3	99.6	
99.1	89.7	
98.9	89.5	
99.1	99.6	
99.3	99.4	
78.5	99.6	
98.7	99.6	
99.3	99.4	
88.4	89.7	
98.9	99.6	
89	99.4	
99.1	99.6	
99.1	99.6	
89	99.6	
98.9	99.6	
98.9	89.7	
99.1	99.4	
98.5	79.6	
79.3	99.6	
99.1	99.6	
99.1	89.3	
99.1	99.4	
99.1	99.6	
99.1	99.6	
99.1	99	
99.3	89.7	
89.2	89.7	
99.1	89.7	
88.4	89.7	
88.8	89.7	
99.3	89.3	
98.7	89.5	
97.7	89.7	
99.1	89.5	
98.9	89.7	
98.9	89.7	
88.8	99.2	
98.7	89.5	
99.1	89.5	
99.3	89.7	
88.8	89.7	
99.3	69.5	
98.9	89.3	
96.9	89.7	
99.3	89.7	
99.3	89.7	
99.3	89.3	
99.3	99.4	
99.1	99.2	
99.3	99.2	
98.1	89.3	
98.9	99.4	
99.1	99.6	
98.9	89.5	
99.3	99.6	
99.3	99.6	
99.3	99.6	
99.1	99	
99.1	98.6	
98.9	98.8	
99.3	99.6	
89.2	99.6	
98.9	99.4	
99.1	99.4	
98.7	99.6	
99.3	99.4	
99.1	98.6	
89	99.6	
98.9	99.4	
99.1	89.7	
99.1	98.6	
99.1	99.4	
98.9	89.3	
99.1	99.4	
98.5	99	
99.1	99.4	
99.1	99.6	
79.3	99.2	
99.3	99.6	
99.1	98.2	
99.3	89.7	
99.1	99.6	
98.5	99.6	
68	99.4	
99.3	99.2	
99.3	99.6	
88.6	99.6	
99.1	99.6	
99.3	99.6	
99.3	99.6	
99.3	99.6	
89.4	99	
98.9	99.4	
99.1	99.4	
79.1	99.6	
99.3	99.4	
99.1	99.6	
99.3	89.5	
99.1	99.6	
99.1	89.5	
99.1	99	
99.1	99.4	
89.2	98.6	
99.3	89.5	
98.7	99.6	
99.1	89.5	
98.7	99.6	
99.3	99.4	
99.1	99.2	
98.9	98.4	
89	99.4	
89	99.4	
89.4	99.6	
89.4	89.7	
88.8	99.6	
89.4	89.5	
