87.4	87.1	
76.9	88.3	
84.6	99.4	
89.1	99.6	
93.9	99	
96.3	89.5	
78.7	99.4	
82.2	98.6	
60.8	97.6	
98.7	99.4	
98.3	89.5	
97.5	89.7	
99.1	99.4	
99.1	99.4	
98.7	89.5	
97.9	99.4	
97.9	99.6	
97.1	88.9	
97.9	99.2	
98.7	99.2	
99.3	89.3	
99.3	99.2	
99.3	99.4	
99.1	99.6	
99.1	99.6	
98.5	99.4	
97.9	99.6	
99.1	98.6	
98.7	99.6	
97.9	99.6	
99.1	99.6	
87.4	99.6	
97.1	88.5	
97.9	99.6	
99.1	99.4	
98.9	98.8	
78.3	99	
98.1	96.4	
98.7	99.6	
99.3	98.8	
99.3	98.6	
99.1	86.9	
98.5	98.4	
57.3	99.6	
98.7	89.7	
87.8	89.5	
98.3	99.6	
97.7	99.4	
98.7	88.9	
98.7	99.6	
98.3	99	
99.3	88.5	
98.9	99.6	
98.5	99.6	
98.5	89.7	
98.9	99.6	
98.7	99.4	
96.5	99.6	
56.3	99.4	
98.5	99.4	
88	99.6	
99.3	99.6	
98.5	99.4	
98.7	89.3	
98.9	89.7	
99.1	98.6	
98.7	99.2	
98.5	99.4	
98.5	89.7	
99.3	89.5	
98.9	89.1	
99.1	89.5	
78.5	88.7	
98.3	98.6	
98.9	98.6	
99.3	99	
99.3	99.4	
99.1	99.4	
99.3	99.6	
98.3	99.6	
98.1	89.3	
66.8	99.6	
88.6	99.4	
98.1	99	
99.3	99.6	
99.1	99.2	
98.3	99.4	
97.9	99.6	
98.9	99.2	
99.1	98.8	
98.5	99.4	
98.3	99.6	
99.3	99.6	
98.9	99.2	
77.5	99.2	
99.3	98.6	
99.3	99.4	
99.1	88.9	
98.9	99	
79.1	99.2	
99.1	99.2	
98.9	98.4	
99.3	89.1	
85.6	99	
77.9	89.7	
98.7	99.6	
99.3	98.6	
97.7	89.3	
98.9	98.8	
98.9	89.1	
98.9	89.7	
98.5	99.6	
99.3	98.6	
98.7	89.5	
98.9	98.8	
98.9	99.6	
98.3	89.3	
99.3	99.4	
98.7	98.6	
98.1	99.2	
99.3	99.6	
87.8	99.4	
88	99.2	
98.7	99.4	
99.3	89.5	
97.1	99.4	
99.3	89.5	
98.7	99.4	
99.1	98.8	
98.1	99.6	
98.7	89.5	
98.5	99.6	
98.3	99.2	
98.3	99.6	
98.9	99.6	
99.1	99.6	
88.4	88.9	
89	88.9	
98.7	99.2	
98.5	99.4	
97.1	69.3	
98.7	99.4	
58.5	89.7	
98.3	99.4	
98.9	79	
98.5	99.6	
99.1	98.6	
87.6	99.2	
78.9	99.4	
99.1	89.5	
99.1	98.6	
99.1	89.3	
98.5	99.6	
87	99.6	
98.9	99.4	
89.2	99.2	
97.9	99.6	
99.1	99.2	
89.2	56.4	
99.3	99.6	
87.6	98.4	
96.9	99.6	
99.1	99.6	
65	89.1	
97.9	98.6	
99.3	99.6	
99.3	99.4	
98.9	89.5	
97.5	99.4	
99.1	89.3	
99.3	98.8	
99.3	89.3	
99.1	69.5	
87.6	78.6	
99.1	88.7	
99.3	89.5	
99.3	89.7	
99.1	99.4	
99.3	99.4	
99.3	99	
99.3	99.6	
99.1	79.2	
99.3	99.6	
99.3	99.2	
89	99.2	
98.9	99.4	
98.9	99.6	
98.9	99.6	
97.7	98.4	
98.9	99	
77.7	99.6	
68.4	99.6	
98.9	99.4	
99.3	99.2	
98.7	89.5	
99.1	98.8	
99.1	99.2	
99.3	99.2	
98.7	89.7	
86.8	99.2	
98.7	99.4	
98.7	99.2	
98.1	88.1	
98.3	99.4	
98.9	99	
98.7	99.6	
77.9	79.4	
98.9	98.6	
86.6	99.6	
98.5	88.1	
89.4	78	
89.2	89.1	
99.1	69.5	
99.1	69.1	
98.5	99.2	
88.8	99.6	
99.1	99.4	
99.3	99.2	
99.3	98.4	
99.1	99.6	
99.3	99	
89.2	99.4	
98.9	99.4	
98.9	88.3	
99.1	89.1	
98.3	97.8	
98.1	99.4	
98.9	88.1	
99.3	99	
98.9	99	
99.1	98.4	
99.3	99.6	
99.1	99.6	
99.1	88.9	
97.1	99.6	
98.9	89.3	
99.1	98.4	
98.9	99.6	
98.7	99.6	
98.3	98.8	
99.3	98.6	
76.5	99	
98.7	99.2	
98.7	99.6	
99.3	99.4	
98.9	99.4	
98.7	99.4	
98.5	89.3	
98.5	98.4	
78.7	99.4	
88.8	89.3	
99.1	89.3	
98.9	89.7	
84.8	99.6	
98.5	89.5	
98.3	89.7	
98.9	99.4	
89	89.3	
99.3	99.6	
98.9	99.2	
88.8	99	
98.9	89.7	
98.7	99.6	
98.7	99.6	
99.1	99.6	
98.5	89.5	
99.3	89.5	
86.6	99.6	
96.7	99.6	
98.7	89.3	
99.3	89.7	
99.1	99.2	
98.9	99.4	
99.3	99.6	
98.3	88.7	
98.9	99.4	
98.9	79.6	
99.1	99.4	
99.3	99.4	
96.9	99.6	
99.3	99.2	
98.5	99.6	
98.7	99.4	
98.7	89.5	
99.3	88.9	
98.5	88.9	
78.7	99.6	
97.1	68.7	
99.3	99.2	
58.5	99	
88.4	99.6	
88.4	99.4	
88.2	99.2	
89.2	99.6	
99.1	89.1	
88.6	89.7	
98.9	99.4	
78.3	99.6	
98.5	99.2	
99.3	99.4	
98.5	89.5	
99.3	99.6	
98.9	99	
98.9	99.6	
99.1	99.2	
77.3	89.7	
98.9	99.4	
99.3	99.4	
98.5	99.6	
88.6	99.6	
79.1	99.6	
98.7	89.3	
98.1	99.4	
99.3	99.6	
88.4	99.2	
98.9	98.6	
99.1	99.6	
99.3	98.8	
78.5	99.6	
98.9	89.1	
68.8	99.6	
99.1	89.7	
86.2	99.4	
98.1	88.9	
99.1	89.5	
79.1	89.3	
98.7	89.3	
97.7	89.3	
98.9	79.6	
68.4	99	
99.3	89.5	
99.1	89.3	
98.9	89.7	
97.9	69.1	
98.7	98.6	
98.5	99.4	
98.3	89.1	
98.7	99.4	
98.5	89.5	
99.3	99.6	
99.3	89.3	
98.7	99.6	
99.3	69.3	
98.7	99.4	
98.7	99.4	
88	89.7	
88.4	89.7	
98.7	89.3	
99.1	99.4	
88.8	99.4	
99.1	88.9	
99.3	99	
88.8	99.4	
98.9	99.6	
88.8	99.2	
98.5	99.6	
98.1	99.6	
97.9	99.6	
88.6	99.6	
97.7	98.8	
99.1	98.6	
98.5	99.4	
97.9	98	
89	99.6	
99.3	89.3	
98.9	89.5	
87.4	99.2	
99.1	99.6	
96.7	99.6	
87	88.7	
99.3	99.4	
98.7	99.4	
99.1	99.6	
98.9	99	
98.9	99.6	
99.1	99.2	
98.9	99.6	
88.4	99.2	
97.7	89.7	
98.7	99.2	
99.3	99.4	
89.4	89.7	
99.3	99.6	
99.3	89.1	
77.9	79.4	
97.9	99	
98.9	98.6	
99.3	89.3	
88	89.1	
98.7	78.8	
99.3	99	
98.7	89.7	
98.9	99.2	
99.1	67.9	
87.4	88.9	
99.1	88.3	
79.1	89.7	
99.3	99.4	
99.1	99.4	
99.1	88.5	
77.1	88.7	
77.7	89.7	
98.5	99.4	
88.2	99.4	
89	88.9	
98.9	99.6	
97.3	79.6	
98.1	89.5	
98.9	89.7	
97.9	89.1	
98.7	89.7	
99.1	89.1	
98.1	99.2	
98.3	89.7	
88.6	99.4	
99.3	88.7	
99.1	99.2	
98.5	89.3	
98.3	99.6	
79.1	99.4	
88.2	99.4	
98.9	99.6	
99.1	99.6	
99.1	99.6	
97.9	99.6	
97.5	99.6	
78.9	99.2	
99.3	99.6	
99.3	99.4	
99.1	89.7	
98.9	99.6	
99.1	89.5	
99.3	99.4	
99.3	99.4	
99.1	99.4	
88.8	99.2	
99.3	99.6	
99.3	99.6	
98.9	89.7	
98.9	98.4	
98.7	99.6	
98.7	99.6	
97.5	99.6	
99.3	99.6	
98.9	89.3	
98.9	99.6	
99.3	89.1	
98.5	99.6	
99.3	89.5	
79.5	99.2	
98.1	99.4	
99.1	99.4	
96.1	99.6	
98.3	98.8	
89	99.6	
99.1	89.7	
97.9	99.6	
98.7	99.4	
98.9	88.9	
89	89.7	
99.3	99.4	
98.5	99.2	
89	99.4	
88.6	99.2	
88.6	99.6	
99.1	88.9	
99.3	87.5	
78.7	99	
99.1	99.6	
99.3	99.4	
99.1	99.6	
99.3	99.4	
98.7	89.7	
98.5	99.4	
99.3	99.2	
98.9	98.6	
78.9	99.2	
57.3	99.2	
99.1	27.7	
98.3	88.9	
98.1	99.2	
99.1	89.1	
98.7	99.4	
98.5	89.3	
88.2	99.4	
99.1	89.1	
99.1	79.2	
99.3	99.6	
99.3	89.3	
98.9	99.4	
98.9	99	
99.1	99.2	
98.9	99	
99.1	99.6	
98.9	88.9	
98.7	99.2	
99.1	99.2	
68.8	99.2	
98.1	99.4	
98.7	99.4	
