94.1	79	
30.7	99.6	
97.9	99.6	
76.5	99.4	
73.6	76.2	
88	99.6	
97.9	98.8	
87.2	99.4	
98.5	99.4	
97.9	99.6	
97.3	99.6	
76.5	89.7	
99.3	99.4	
99.3	89.7	
88	89.5	
98.1	99.2	
87.8	99.6	
88.8	99	
88.6	99.6	
78.7	99.6	
99.1	99.6	
99.3	99.4	
98.9	99.6	
99.3	89.3	
79.1	99.6	
99.3	99.6	
99.3	99.6	
99.1	99.4	
89.2	99.4	
99.1	99.4	
98.7	98	
99.1	99.6	
99.3	99.6	
88.8	99	
67.6	99	
98.7	99.2	
99.3	99.2	
98.5	99.4	
98.7	89.3	
88.8	89.7	
98.9	79.4	
98.5	99.6	
99.1	99.4	
98.9	99.6	
99.3	99.6	
78.5	99.6	
99.3	99.6	
99.3	99.4	
99.1	99.2	
98.7	99.6	
99.3	89.5	
98.7	99	
99.3	89.7	
98.9	99.4	
99.1	99.4	
99.3	99.2	
99.1	99.6	
68.8	89.1	
99.1	99.2	
88.4	89.5	
99.3	99.4	
99.1	88.9	
99.3	99.6	
89.2	89.7	
99.1	99.2	
99.3	89.5	
99.1	89.7	
98.9	89.7	
98.7	89.5	
88.2	89.7	
98.9	89.7	
99.3	69.5	
99.1	89.5	
99.3	89.7	
99.3	89.3	
99.3	69.3	
98.5	89.5	
99.1	79.4	
88.6	89.7	
98.5	89.7	
99.3	89.7	
99.3	89.5	
99.1	89.7	
99.1	89.7	
98.7	89.7	
99.3	89.7	
98.9	89.1	
98.9	89.5	
99.3	89.7	
99.3	89.7	
98.9	89.7	
99.3	79.6	
99.3	89.7	
99.3	89.5	
99.3	89.7	
99.1	89.7	
89.2	89.5	
98.9	89.1	
99.1	89.7	
98.7	89.7	
99.1	89.7	
89	89.7	
99.3	89.7	
98.9	89.7	
99.3	89.5	
98.9	89.7	
99.3	89.7	
99.1	89.7	
98.7	79.4	
89.2	79.4	
99.1	89.7	
98.9	99.6	
89.2	89.5	
89.2	99.6	
99.1	99.6	
99.1	99.6	
89.2	99.6	
98.7	99.4	
98.9	99.4	
99.1	99.6	
99.3	99.4	
79.1	89.5	
98.7	99.6	
98.9	99.2	
99.3	99.6	
99.3	99.6	
99.3	89.5	
99.3	99.4	
99.1	89.5	
99.1	79.6	
88.6	99.6	
98.7	89.5	
99.3	99.4	
98.7	89.3	
79.1	99.4	
99.3	99.2	
99.3	99.4	
79.1	99.6	
98.9	99.6	
89.2	99.6	
89	99.6	
99.1	98.8	
98.9	89.7	
99.1	99.4	
98.5	89.7	
98.7	89.7	
99.1	98.8	
98.9	99.6	
98.9	99.4	
78.3	89.5	
88.2	89.7	
98.5	99.4	
89.2	89.7	
99.3	89.7	
99.1	89.5	
88	89.7	
98.5	89.7	
99.1	89.7	
99.3	89.7	
88.8	89.7	
98.7	89.7	
99.1	99.6	
98.1	89.7	
98.9	89.5	
89.2	99.4	
98.9	89.7	
99.3	89.7	
88.8	89.7	
99.3	89.5	
98.9	89.5	
88.8	89.7	
98.9	99.4	
99.3	89.7	
99.3	89.5	
98.9	89.3	
88.6	89.7	
99.1	99.6	
99.1	99.6	
99.3	89.3	
99.3	89.3	
89	89.5	
98.3	89.7	
99.1	99.6	
99.1	89.5	
99.3	89.7	
99.3	89.5	
99.3	89.3	
98.9	79.6	
97.9	99.6	
99.3	99.6	
99.3	89.5	
99.3	99.2	
99.3	89.5	
99.3	89.7	
98.9	99.4	
99.3	99.6	
99.3	89.7	
98.9	99.6	
98.9	99.6	
98.7	99.4	
99.1	99.4	
98.9	89.7	
98.9	99.6	
98.9	89.5	
99.3	99.4	
99.1	99.4	
99.1	99.4	
88.8	89.7	
99.1	89.7	
99.1	89.7	
98.1	89.7	
99.3	89.7	
99.1	89.7	
99.3	99.4	
99.1	89.7	
98.7	89.7	
99.3	79.6	
99.1	89.5	
99.3	89.7	
98.9	89.7	
98.7	89.7	
98.9	89.7	
99.1	89.5	
98.9	89.7	
99.1	89.7	
99.1	89.7	
98.9	89.7	
98.7	89.3	
99.3	89.5	
98.7	89.7	
99.3	89.7	
98.9	89.7	
98.9	99.6	
98.5	89.3	
98.9	89.7	
99.1	89.7	
89.2	99.2	
99.3	99.6	
98.3	99.2	
99.3	99.6	
99.3	99.6	
99.3	89.1	
99.3	89.7	
98.7	99.6	
98.7	99.6	
99.1	99.6	
98.9	99.2	
99.1	99.4	
98.9	89.7	
88.6	89.7	
98.5	89.7	
89.2	99.4	
99.3	89.5	
88.8	89.7	
98.9	89.7	
99.3	89.5	
98.7	89.5	
99.3	89.7	
99.1	79.2	
99.3	99.6	
98.5	89.1	
98.9	99.6	
98.9	99.6	
98.9	89.5	
98.5	99.6	
98.9	99.6	
98.9	99.6	
98.9	99.6	
99.3	89.5	
99.1	99.6	
99.3	99.6	
98.7	99.6	
98.9	99.6	
99.1	89.7	
88.6	99.6	
89.2	99.6	
99.3	99.6	
98.5	99.6	
99.1	89.5	
98.9	99.4	
99.3	99.6	
98.9	99.6	
99.1	99.6	
99.3	99.6	
99.3	89.7	
99.1	89.7	
98.9	99.6	
98.9	99.6	
99.1	89.7	
98.5	99.6	
99.1	89.3	
99.3	99.4	
98.9	99.4	
99.3	89.7	
98.5	89.5	
99.3	99.6	
99.3	99.4	
98.9	99.6	
99.3	99.6	
98.9	99.6	
99.1	89.5	
89.4	89.7	
99.1	99.6	
98.9	99.6	
98.7	89.7	
98.9	99.6	
89	89.7	
99.3	99.4	
99.1	99.2	
98.9	99.4	
98.9	89.7	
99.1	89.3	
98.5	99.6	
99.1	99.6	
99.1	99.6	
99.3	99.6	
99.3	89.7	
99.1	99.6	
98.3	89.7	
99.3	89.7	
98.9	99.6	
99.1	99.6	
99.1	99.6	
99.1	99.6	
87.8	89.1	
99.3	98.8	
98.9	99.4	
88.6	99.6	
99.3	99.4	
99.1	89.3	
99.3	89.7	
98.7	89.7	
99.1	89.7	
99.1	79.4	
99.3	89.7	
99.3	89.5	
98.9	99.4	
99.1	99.6	
99.3	99.4	
99.3	89.7	
99.1	79.4	
88.8	89.7	
98.7	89.5	
89	89.1	
99.1	89.5	
88.8	89.1	
98.9	89.5	
98.9	99.6	
99.3	89.7	
98.1	99.6	
98.5	89.3	
88.8	99.6	
98.9	99.6	
98.3	99.6	
98.5	89.7	
99.1	99.2	
99.1	99.6	
98.9	99.4	
99.3	99.6	
89.2	99.6	
99.1	89.7	
98.9	99.4	
99.3	99.6	
99.3	99.4	
89	89.1	
99.3	99.4	
99.3	99.4	
98.9	99.2	
98.9	99.6	
99.3	99.6	
99.3	99.2	
89.2	99.6	
98.3	99.2	
99.1	99.6	
99.3	79.2	
99.3	99.4	
99.3	99.4	
89	99.6	
99.1	89.3	
98.5	99.6	
98.9	89.7	
99.1	89.7	
99.3	89.7	
98.7	89.3	
99.3	99.2	
99.1	99.6	
68.6	89.7	
88.4	99.6	
99.3	99.2	
99.1	99.6	
88.4	99.4	
99.3	99.4	
99.3	99.6	
68.8	99.6	
78.9	99.6	
99.1	99.6	
99.1	99.2	
99.1	99.4	
88.4	89.7	
98.5	99.6	
99.3	99.4	
99.3	99.6	
98.3	99.6	
99.3	89.7	
78.9	89.7	
89.2	99.6	
89.2	89.7	
98.9	99.2	
89	99.4	
99.3	99.6	
99.1	99.6	
99.3	99.6	
89.2	88.7	
99.3	99.6	
99.1	99	
99.1	99.6	
99.1	79.6	
89.2	99.6	
99.3	89.7	
99.3	99.6	
98.9	89.3	
99.3	89.7	
99.1	89.7	
99.1	89.7	
99.3	89.3	
99.3	88.5	
99.3	99.2	
98.9	89.7	
98.7	99.4	
89	89.7	
89.2	99.6	
89	79.6	
88.2	89.7	
97.5	79.6	
99.3	89.7	
99.1	89.5	
98.9	79.6	
99.1	89.7	
98.9	89.7	
99.3	89.7	
99.3	79.6	
98.9	89.7	
79.3	89.5	
99.1	89.5	
99.1	99.6	
89.4	89.7	
98.9	89.7	
99.1	89.7	
98.9	89.7	
99.3	89.5	
98.9	89.5	
98.9	88.5	
99.3	89.5	
99.1	89.5	
89	99.4	
98.9	89.7	
98.9	99.6	
98.9	89.7	
98.7	89.5	
99.1	99.4	
99.1	89.3	
99.3	98.2	
98.7	89.7	
99.1	89.7	
99.3	79.6	
99.3	89.7	
99.3	89.7	
98.1	89.5	
99.3	89.5	
99.1	89.5	
98.5	99.6	
99.3	89.7	
99.3	89.7	
99.3	99.4	
99.3	89.5	
98.7	89.5	
88.2	79	
98.9	99.6	
99.1	89.7	
98.7	99.2	
99.3	89.5	
99.3	99.6	
99.1	99.6	
98.3	99.4	
99.1	99.6	
99.3	99.6	
89.2	99.6	
99.3	89.1	
99.3	89.3	
99.3	89.3	
99.1	99.6	
99.1	99.4	
99.3	99.6	
99.3	99.6	
89.2	89.5	
98.5	89.5	
99.3	89.5	
38.1	89.7	
98.9	69.3	
79.1	79.4	
