67.6	99.6	
75.5	99.6	
72.3	99.6	
87.1	99.6	
99.3	99.4	
95.5	99.2	
98.7	99.6	
97.5	99.2	
98.7	89.2	
99.3	99.6	
98.3	99.6	
99.3	99.2	
99.1	99.6	
99.1	99.4	
98.7	99.6	
98.9	99.6	
99.1	93.6	
99.3	99.6	
99.3	89.5	
99.3	99.6	
99.3	89.5	
99.3	99.6	
99.3	99.6	
98.9	99.6	
89.4	99	
99.3	99.6	
89.4	99.6	
99.3	99.6	
99.1	99.6	
99.3	99.6	
99.1	99.6	
98.5	99.6	
98.9	89.7	
89.4	99.6	
99.1	99.6	
99.3	99.6	
99.1	89.7	
98.9	99.4	
79.1	99.6	
99.3	89.5	
99.1	99.6	
98.7	99.6	
99.1	99.6	
99.3	99.6	
99.1	99.4	
99.3	99.6	
99.1	84.5	
98.5	99.6	
99.3	82.2	
99.3	99.6	
99.3	99.6	
98.9	99.6	
99.3	99.4	
99.1	99.6	
99.3	99.2	
98.9	99.4	
99.3	99.6	
99.1	99	
99.3	99.6	
99.3	99.6	
98.9	99.6	
99.1	99.4	
98.9	99.2	
98.9	89.7	
99.1	99.2	
99.3	99.4	
99.1	99.4	
99.1	99.2	
89.4	99.6	
98.5	99.6	
99.3	99.4	
99.3	99.6	
99.3	99.6	
99.1	99.6	
99.3	99.6	
99.3	99.6	
99.1	99.6	
98.9	99.6	
99.3	99.4	
99.3	89.5	
99.3	99.4	
99.3	99.6	
99.1	99.6	
98.9	99.4	
98.9	89.3	
99.3	89.3	
99.3	99.6	
99.3	99.6	
99.1	99.6	
98.9	99.4	
99.1	99.6	
99.3	99.4	
99.3	99.4	
99.3	99.6	
99.3	99.6	
98.7	99.6	
99.3	99.6	
98.9	89.5	
99.1	99	
98.9	99.6	
98.9	99.6	
99.1	99.6	
99.1	99.2	
99.3	99.6	
99.1	99.4	
99.1	99.6	
99.1	99.4	
99.3	89.7	
99.1	99.2	
99.3	99.4	
99.1	99.2	
98.5	99.6	
89	99.4	
98.7	99.6	
89.4	99.4	
98.9	99.6	
99.1	99.6	
89	99.6	
99.1	99.6	
99.1	99.6	
99.1	99.6	
89.4	99.6	
99.1	99.6	
99.1	99.6	
99.3	99.6	
99.3	99.2	
99.1	99.6	
98.9	99.6	
99.1	99.4	
99.1	99.6	
99.3	99.6	
99.1	99.4	
99.1	89.5	
99.1	99.6	
99.3	99.2	
99.3	99.6	
99.3	99.2	
99.3	99.6	
89.4	99.6	
99.1	99.6	
99.1	99.6	
99.1	99.6	
99.1	99.4	
99.3	89.7	
99.3	99.2	
99.3	99.2	
99.3	99	
98.9	89.7	
99.3	99.4	
99.1	99.6	
99.1	99.6	
89.2	99.6	
98.3	99.4	
98.9	99.6	
98.7	99.6	
99.3	99.6	
98.9	99.2	
99.1	99.4	
99.1	99.6	
98.7	99.6	
99.3	99.6	
99.1	99.4	
99.3	99	
99.3	99.4	
99.3	89.5	
99.1	99.6	
99.1	99.6	
99.3	99.2	
99.3	99.2	
99.3	99.6	
99.3	99.6	
98.9	99.2	
98.9	99.6	
99.3	99.6	
99.1	99.2	
99.3	99.6	
99.3	99.6	
89.4	99.4	
89.4	99.6	
99.1	99.6	
99.1	99.6	
99.1	99.6	
99.1	99.6	
99.3	99.6	
99.3	89.3	
89.2	99.6	
99.1	99.2	
99.1	99.4	
99.3	99.6	
99.1	99.6	
99.3	99.2	
99.1	99.4	
99.3	99.4	
99.3	99.6	
99.3	99.6	
99.3	99.2	
99.3	98.2	
99.1	99.4	
99.3	99.4	
99.1	99.2	
99.1	99.6	
99.3	99.2	
99.1	99.6	
99.3	99.6	
89	99.6	
98.9	99.4	
99.3	99.6	
99.3	99.6	
99.3	99.4	
99.3	99.6	
99.1	99.6	
99.3	99.6	
99.3	99.6	
98.9	99.6	
98.9	89.3	
99.1	99.6	
99.3	99.6	
99.1	89.1	
99.3	99.6	
98.9	99.6	
99.3	99.6	
99.1	99.6	
99.3	99.6	
99.3	99.6	
99.1	99.6	
99.1	99.6	
99.3	89.5	
99.3	99.4	
99.1	99.6	
99.1	99.6	
99.3	99.6	
99.1	99.4	
99.3	99.2	
98.9	99.6	
99.3	89.5	
99.3	98.4	
99.1	99.6	
99.1	99.6	
98.9	99.4	
98.7	99.6	
89.4	99.4	
98.9	89.7	
99.3	99.4	
99.3	99.4	
99.1	99.4	
99.1	99.6	
89.4	99.4	
99.1	99.6	
99.3	89.7	
99.3	99.6	
99.3	99.6	
99.3	99.6	
99.3	99.2	
99.3	99.6	
99.3	99.6	
99.3	99.6	
99.3	99.6	
99.3	99.6	
99.3	99.6	
99.3	99.6	
99.3	99	
99.3	99.6	
99.1	99.4	
99.3	99.6	
99.3	99.6	
99.1	99.6	
99.1	99	
99.1	99.6	
99.1	99.6	
99.1	99.4	
98.9	99.6	
99.1	99.6	
98.9	99.4	
99.1	89.1	
98.5	99.4	
99.3	99.4	
99.1	99.6	
99.3	99.4	
99.1	99.6	
99.3	99.2	
98.9	99.6	
99.1	99.4	
99.1	79.6	
98.9	99.6	
99.3	98.6	
99.1	99	
99.1	99.6	
99.1	99.6	
99.3	99.4	
99.1	99.4	
99.3	99.2	
99.3	99.4	
99.3	99.6	
99.3	99.6	
99.3	99.6	
99.3	99.6	
99.3	99	
99.3	89.7	
99.3	99.6	
99.1	99.6	
99.3	99.6	
99.1	99.6	
98.5	89.7	
99.1	89.3	
99.3	99.6	
99.3	99.6	
98.5	99.4	
98.9	99.6	
99.1	99.6	
99.3	99.6	
89.4	99.4	
99.3	99.4	
99.3	99.6	
99.3	89.5	
99.1	99.6	
99.3	99.6	
99.3	89.5	
99.3	99.4	
99.1	99.6	
99.3	99.6	
98.9	99.6	
99.3	99.6	
99.3	99.6	
99.1	99.4	
99.1	99.2	
89.4	99.6	
98.9	89.7	
99.3	99.6	
99.3	99.6	
99.3	99.6	
99.3	99.6	
99.1	89.7	
98.3	99.6	
99.3	99.4	
98.9	99.6	
99.1	99.6	
99.1	99.6	
99.1	99.6	
99.3	99.4	
99.3	99.6	
99.1	99.6	
99.1	99.6	
98.7	99.4	
99.1	89.7	
98.9	99.6	
99.3	99.6	
99.3	99.6	
98.9	99.6	
98.5	89.7	
99.3	99.6	
99.3	99.6	
99.1	89.1	
99.3	99.4	
99.3	99.6	
99.3	99.6	
99.3	99.2	
99.1	89.5	
98.9	99.6	
98.9	99.2	
99.3	99.6	
99.1	99.6	
99.3	99.6	
99.3	99.4	
99.3	99.6	
99.3	99.4	
99.1	89.5	
99.3	89.5	
99.3	99.6	
99.3	99.6	
99.1	99.6	
98.7	99.6	
99.3	99.6	
98.7	89.5	
99.3	99.6	
99.1	99.6	
99.1	99.6	
99.3	99.6	
99.1	99.6	
98.9	99.6	
99.3	99.6	
99.1	99.6	
98.9	99.6	
99.1	99.6	
99.3	99.6	
89.2	99.6	
99.3	89.7	
99.3	99.4	
99.1	99.4	
99.3	99.4	
99.3	99.6	
99.3	99.6	
99.1	99.6	
99.1	89.5	
99.3	99.6	
99.3	99.4	
99.3	99.6	
98.9	99.6	
99.3	99.4	
99.3	99.6	
98.9	99.6	
98.7	89.7	
99.3	99.4	
98.9	99.4	
99.3	99.4	
99.1	99.6	
99.3	99.6	
99.1	99.6	
99.3	99.4	
99.3	99.6	
99.3	98.8	
99.3	99.6	
98.9	89.3	
98.9	99.6	
99.1	99.2	
99.3	99.6	
99.3	99.6	
99.3	99.6	
99.3	99.4	
99.1	99.6	
99.3	99.6	
98.9	99.6	
99.1	99.4	
98.9	99.6	
99.3	99.6	
99.3	99.6	
99.3	99.6	
99.3	99.4	
99.1	99.6	
99.1	99.4	
98.7	99.6	
99.1	99.6	
99.3	99.6	
99.1	99.6	
99.1	99.4	
99.3	99.6	
99.3	99.6	
98.7	99.6	
99.1	99.6	
99.3	99.6	
99.1	99.6	
99.1	99.6	
99.3	99.4	
99.1	99.6	
99.1	99.6	
99.3	99.6	
99.1	99.6	
99.3	99.4	
99.3	99.4	
98.5	99.6	
99.3	99.6	
99.3	99.6	
99.3	99.4	
99.3	99.6	
99.1	99.6	
99.3	99.2	
99.1	99.4	
99.1	99.6	
98.7	99.6	
99.3	99.4	
99.1	99.4	
99.3	99.6	
99.3	99.6	
99.1	99.6	
99.3	99.6	
99.1	99.6	
98.9	99.6	
99.1	99.6	
99.3	99.6	
98.7	99.6	
99.1	99.6	
99.3	99.6	
99.1	99.4	
99.1	98.8	
99.3	99.6	
99.1	99.6	
99.3	99.6	
98.9	99.4	
99.3	99.6	
99.3	99.6	
99.1	99.4	
99.1	99.6	
99.1	99.6	
99.1	99.6	
99.3	99.6	
99.3	99.6	
79.3	99.4	
99.1	99.6	
99.3	99.4	
99.3	99.4	
99.1	99.4	
98.5	99.4	
99.1	99.4	
99.1	99.2	
99.3	99.6	
98.9	99.6	
99.1	99.6	
99.1	99.2	
99.1	99.6	
99.3	99.6	
99.3	99.2	
