83.8	78.2	
87.8	82.1	
98.9	89.5	
41	79.4	
98.1	89.3	
94.9	89.5	
76.9	79	
97.1	89.3	
65.8	86.9	
99.1	86.9	
98.7	88.9	
98.5	89.1	
98.1	88.5	
98.7	89.5	
98.3	89.5	
99.3	89.3	
98.9	89.5	
98.5	79.2	
99.3	89.5	
99.3	89.1	
98.9	88.7	
98.5	89.3	
99.3	68.5	
99.1	89.5	
99.1	88.7	
99.3	88.9	
98.7	79.4	
99.1	89.5	
99.3	89.3	
99.3	89.5	
99.3	89.3	
98.7	89.5	
99.3	89.5	
99.1	89.5	
99.3	89.5	
99.3	88.9	
99.3	89.3	
98.9	79.2	
99.3	89.5	
99.3	89.5	
99.3	79.4	
99.3	79.4	
99.1	89.1	
99.1	89.3	
98.7	89.5	
98.9	79.4	
99.3	89.5	
99.1	89.1	
99.3	89.5	
99.3	89.3	
98.3	89.5	
99.3	89.5	
99.3	68.9	
98.7	88.9	
99.1	79.4	
98.9	89.5	
99.3	79.4	
99.3	89.3	
99.3	79.2	
99.1	89.5	
99.1	89.5	
99.3	79.4	
99.3	89.1	
98.7	88.7	
98.9	89.5	
99.3	89.5	
99.3	89.5	
98.3	88.5	
98.9	89.5	
99.3	89.3	
99.3	89.5	
99.1	89.5	
99.1	89.1	
99.3	89.5	
99.1	89.1	
99.3	89.5	
99.1	89.5	
99.3	89.3	
99.3	79.4	
99.1	89.1	
99.3	89.5	
99.3	69.3	
99.3	89.5	
99.3	79	
99.3	89.5	
99.3	89.3	
99.3	88.9	
99.3	89.3	
99.3	89.5	
99.3	79.6	
99.3	69.3	
99.1	89.5	
99.3	89.5	
99.1	88.7	
98.7	79.2	
99.1	89.3	
98.7	79.4	
99.1	79.4	
99.1	89.1	
98.9	89.1	
99.3	89.5	
99.3	79.4	
98.9	89.1	
99.1	89.5	
98.9	89.5	
99.3	89.5	
98.9	89.5	
99.1	89.5	
98.5	89.5	
99.3	89.5	
99.1	89.3	
99.3	89.1	
99.1	79	
99.3	79.4	
99.3	79.4	
98.9	89.1	
99.3	89.5	
98.9	89.3	
99.1	89.5	
98.7	79.6	
99.3	89.5	
98.9	89.3	
99.3	89.3	
99.3	89.5	
99.3	89.5	
99.3	89.3	
98.7	89.5	
98.7	89.5	
99.1	89.5	
99.3	79.2	
98.3	79.2	
99.1	89.5	
99.3	79.4	
99.3	89.5	
99.1	89.3	
99.3	89.5	
99.1	78.8	
99.3	89.5	
99.1	89.5	
99.1	89.3	
99.3	89.3	
99.1	89.1	
99.3	89.7	
99.3	89.3	
98.7	89.5	
99.1	89.5	
89.4	89.3	
98.9	89.3	
99.3	89.5	
98.7	89.5	
99.3	89.1	
98.9	89.5	
99.3	89.5	
99.3	89.3	
99.1	89.7	
98.9	79	
99.3	69.1	
99.1	89.5	
98.7	89.1	
99.1	89.5	
99.3	89.3	
99.1	89.3	
99.1	88.9	
98.7	88.9	
99.3	79.4	
98.9	89.7	
99.1	89.1	
99.1	79.4	
99.3	89.3	
99.1	79.2	
99.3	89.5	
98.9	89.5	
98.3	89.1	
98.9	79.2	
99.3	89.5	
99.1	89.5	
99.1	79.4	
99.3	89.5	
99.3	89.5	
98.9	79.4	
98.9	89.5	
99.1	89.1	
99.3	89.3	
98.1	89.5	
98.7	89.3	
99.3	89.5	
99.3	89.5	
99.1	79.4	
99.3	89.3	
99.1	79.2	
99.1	89.1	
98.9	89.5	
99.1	89.5	
98.5	89.3	
99.3	89.3	
98.9	89.5	
99.3	89.3	
98.9	89.5	
98.9	89.5	
98.1	89.5	
99.1	89.1	
99.1	89.3	
99.3	89.5	
99.1	89.5	
98.9	89.3	
99.1	79.4	
98.9	89.3	
99.1	89.5	
99.3	89.5	
99.1	89.5	
98.9	89.5	
99.1	89.5	
99.1	89.7	
99.3	89.5	
99.3	79.4	
99.1	89.5	
98.9	89.5	
98.9	79.4	
99.1	89.1	
99.1	89.3	
98.7	88.9	
98.7	89.5	
99.3	89.1	
99.3	89.1	
99.3	89.5	
99.3	89.3	
98.9	79.4	
99.3	79.4	
99.1	89.5	
99.1	79.2	
98.5	89.3	
99.1	89.3	
99.3	79	
99.3	89.3	
99.3	69.3	
98.3	89.5	
99.1	89.5	
99.1	79.4	
99.3	89.5	
99.3	89.7	
99.3	89.5	
98.9	79.4	
99.3	89.5	
98.5	89.5	
98.9	89.5	
99.1	89.3	
98.5	89.5	
98.9	89.5	
99.1	89.5	
98.9	89.3	
99.3	89.1	
99.3	89.1	
89.4	69.3	
99.3	89.3	
98.5	79.4	
99.3	89.5	
99.3	89.3	
99.1	89.3	
99.1	89.5	
99.1	89.3	
98.9	89.5	
99.3	89.5	
99.1	89.3	
98.7	89.5	
98.5	89.3	
98.1	89.5	
99.3	89.5	
98.9	89.5	
98.9	89.3	
99.3	89.3	
99.1	89.5	
99.3	89.5	
99.3	89.5	
99.3	79.4	
98.7	89.3	
99.1	89.5	
99.3	89.5	
98.9	89.3	
98.7	89.3	
99.3	89.5	
99.3	89.5	
99.3	89.5	
99.3	89.3	
99.1	79.2	
99.3	89.3	
99.1	89.7	
99.1	89.3	
99.3	89.5	
99.1	89.5	
99.3	89.5	
99.1	89.5	
99.1	89.5	
99.1	89.5	
99.1	79.4	
99.3	89.3	
99.1	89.3	
99.1	89.1	
99.1	89.3	
98.9	89.3	
99.3	89.5	
99.3	89.5	
99.3	89.3	
99.3	79.2	
98.7	69.3	
99.1	79.2	
99.3	89.5	
99.3	89.3	
98.9	89.5	
99.1	79.4	
98.5	89.5	
98.9	89.3	
99.3	89.5	
99.1	89.5	
99.1	79.4	
98.9	79.4	
99.1	89.5	
99.3	89.3	
99.1	89.5	
98.3	89.3	
99.3	89.5	
99.3	89.5	
98.9	89.5	
98.7	89.5	
99.1	89.5	
98.9	89.5	
99.3	89.5	
99.3	79.4	
99.3	89.5	
98.7	79.4	
99.1	79.4	
99.3	89.5	
98.9	89.5	
99.3	89.5	
99.1	89.5	
99.3	89.7	
99.3	89.5	
99.3	89.3	
98.9	79.4	
99.3	89.5	
99.3	89.1	
99.3	89.7	
98.9	89.5	
98.7	88.5	
99.3	89.5	
99.3	89.5	
99.3	89.5	
99.3	89.5	
99.1	89.3	
99.3	89.5	
99.1	89.1	
99.3	59.2	
98.7	89.1	
99.1	89.3	
99.1	89.5	
99.3	79.2	
99.3	89.5	
99.1	89.5	
99.3	89.1	
99.3	89.5	
98.9	79.2	
98.9	89.3	
99.3	89.3	
99.1	89.1	
99.1	88.9	
98.7	89.5	
98.9	79.4	
99.1	89.5	
99.3	89.7	
99.1	89.5	
99.3	89.5	
99.3	78.6	
99.1	89.5	
99.3	89.5	
99.1	89.5	
99.1	89.5	
98.9	89.5	
99.1	89.5	
99.1	79.2	
99.1	88.9	
98.7	79	
98.9	89.3	
99.1	89.3	
99.3	89.3	
98.7	89.5	
99.1	89.3	
98.9	89.3	
99.1	89.5	
99.3	89.5	
99.3	89.5	
99.1	89.5	
99.3	89.5	
98.9	79.4	
99.3	89.3	
98.9	89.5	
99.3	89.3	
98.9	89.5	
99.1	79.2	
99.3	89.3	
99.3	89.5	
99.3	89.5	
99.1	88.5	
98.9	89.5	
99.1	89.3	
99.1	89.5	
88.6	79.4	
98.9	89.5	
99.3	89.3	
99.3	89.5	
99.3	89.5	
99.1	89.5	
99.3	89.5	
99.1	89.7	
99.3	89.3	
98.5	89.5	
99.3	89.7	
99.1	89.7	
99.3	89.7	
99.1	89.7	
99.3	89.7	
98.9	88.9	
98.9	99	
99.1	89.7	
99.3	89.7	
99.3	79.6	
99.1	89.5	
99.3	89.7	
99.3	89.7	
99.1	89.7	
99.3	89.7	
98.7	89.5	
99.3	89.7	
98.9	89.7	
99.1	89.7	
89.2	79.6	
99.1	89.1	
99.3	89.3	
99.3	89.5	
98.7	89.3	
98.9	89.7	
98.9	89.5	
99.3	89.7	
99.1	79.6	
98.9	89.7	
99.3	89.5	
98.9	89.7	
99.3	89.7	
99.3	89.7	
98.9	79.6	
99.3	89.7	
99.3	89.5	
99.1	89.7	
99.3	89.5	
99.3	89.7	
99.3	89.7	
98.9	89.1	
99.3	89.7	
98.7	89.7	
98.7	59.4	
98.7	89.5	
98.9	89.3	
98.7	89.7	
98.9	79.6	
98.9	89.7	
99.3	89.3	
99.3	79.6	
99.3	89.7	
99.3	89.7	
99.3	69.3	
98.9	79.6	
98.9	79.6	
99.3	89.7	
99.3	89.7	
99.3	89.7	
99.3	79.2	
98.5	89.7	
98.9	89.7	
99.3	89.7	
99.3	89.7	
99.1	89.7	
99.3	89.7	
99.1	89.7	
99.1	89.7	
99.1	89.3	
99.3	89.7	
99.3	89.7	
99.1	89.7	
98.7	89.7	
98.7	89.5	
99.3	89.5	
98.9	88.9	
99.3	89.7	
99.1	89.7	
98.5	89.7	
99.3	89.7	
99.1	79.4	
99.1	89.7	
99.1	89.5	
99.3	89.7	
99.1	89.5	
99.3	89.7	
