96.5	89.7	
67.2	89.7	
76.9	99.2	
77.7	99.6	
75.5	99	
98.5	99.6	
97.9	89.5	
98.1	99.6	
96.5	89.5	
99.1	99.4	
95.1	89.5	
88.2	99.6	
99.1	99.6	
99.1	99.2	
98.7	89.1	
99.3	89.7	
99.3	89.5	
99.3	99.6	
99.3	89.7	
99.1	99.6	
99.3	99.2	
99.3	99.2	
99.3	99.6	
98.7	99.4	
99.1	99.6	
98.7	99.6	
99.3	99.6	
89.2	89.5	
99.1	99.4	
99.1	99.4	
99.3	99.4	
99.3	99.6	
99.3	99.6	
98.1	99.6	
99.3	99.6	
99.1	99.6	
98.7	99.4	
99.3	99.4	
99.3	99.4	
99.3	99.6	
89.2	89.7	
99.3	99.6	
88.2	99.6	
89	99.4	
99.3	89.7	
99.1	99.6	
99.3	99.6	
99.3	99.4	
99.1	99.6	
98.7	99.4	
99.1	99.4	
99.1	99.6	
99.3	89.7	
99.3	99.6	
99.1	99.4	
99.1	99.6	
98.9	99.4	
99.3	99.6	
99.3	89.7	
98.9	99.6	
98.9	89.7	
98.7	99.4	
99.3	99.2	
99.1	99.4	
99.1	89.5	
99.3	99.4	
99.3	89.5	
99.3	89.7	
98.9	99.4	
99.3	99.6	
99.3	99.4	
98.7	99.6	
99.1	99.6	
89.2	99.6	
99.3	99.6	
99.3	99.6	
99.3	99.4	
99.1	99.6	
99.3	89.7	
99.3	99.6	
89	99.6	
99.3	99.6	
99.3	99.4	
99.1	99.6	
89.2	99.2	
99.3	99.6	
99.3	99.6	
99.3	99.6	
98.9	99.6	
98.7	99.4	
98.9	99.6	
99.3	99.4	
98.5	99.6	
98.9	99.6	
99.1	99.6	
99.3	99.6	
98.7	89.3	
99.3	89.7	
99.3	99.2	
99.3	99.6	
99.3	99.4	
99.3	99.6	
99.3	99.6	
99.3	99.2	
99.3	99.6	
98.7	99.4	
99.1	99.6	
99.3	99.4	
98.7	99.6	
99.3	99.4	
99.3	99.6	
99.3	99.6	
99.3	99.6	
99.3	99.6	
99.3	99.6	
99.3	99.6	
98.7	99.4	
99.3	99.6	
99.1	89.5	
89	99.6	
99.3	99.6	
98.9	99.6	
99.3	99.6	
99.1	99.4	
99.3	99.4	
98.7	99.6	
99.3	99.6	
99.3	99.6	
99.1	99.6	
98.9	99.6	
99.1	99.6	
99.3	99.6	
99.1	99.2	
99.1	99.6	
88.8	99.6	
99.1	99.6	
99.3	99.6	
99.3	99.2	
88.8	99.6	
98.9	99.6	
99.3	99.6	
99.1	99.6	
98.7	99.6	
89.2	99.6	
99.3	99.6	
99.3	99.6	
99.3	99.4	
99.3	99.6	
99.3	83.3	
99.3	99.6	
98.9	99.4	
99.3	99.6	
99.1	99.6	
99.3	99.4	
98.5	99.6	
99.3	99.6	
99.3	99.6	
88.4	89.7	
99.1	99.6	
98.9	99.6	
99.3	99.6	
99.3	99.6	
99.3	99.4	
99.3	99.6	
99.3	99.6	
99.1	99	
99.3	89.7	
99.3	99.4	
99.1	99.6	
99.3	99.6	
99.3	99.6	
99.3	99.6	
98.9	99.6	
98.9	99.6	
88.6	99.6	
99.1	99.6	
99.3	99.6	
99.1	99.6	
99.3	99.6	
99.3	99.2	
99.1	99.4	
99.1	89.3	
98.7	99.4	
99.3	99.2	
98.3	99.6	
99.3	99.6	
98.9	99.6	
99.3	97.4	
99.3	99.6	
89	99.6	
99.1	99.6	
98.9	99.6	
99.3	99.6	
99.1	99.6	
89.2	99.6	
98.9	99.6	
99.3	99.4	
99.1	99.6	
99.1	99.4	
99.1	99.6	
98.7	89.7	
99.3	99.4	
99.3	99.6	
98.9	99	
99.1	99	
99.3	89.5	
98.9	99.6	
99.1	99.6	
99.3	99.6	
99.3	99.6	
99.3	99.6	
99.3	89.5	
98.9	99.4	
99.3	99.6	
98.9	99.6	
99.1	99.2	
88.8	99.4	
99.1	99.6	
88.8	99.2	
99.3	99.6	
99.3	99.6	
99.3	99.2	
99.3	99.2	
99.1	99.6	
98.7	99.6	
99.3	99.6	
99.1	99.4	
98.9	99.4	
99.3	99.4	
99.3	89.7	
99.3	99.6	
99.3	99.6	
99.3	99.6	
99.3	99.6	
98.7	99.4	
99.3	99.6	
99.3	99.6	
99.3	99.6	
88.8	99.4	
99.1	99.4	
99.1	99.6	
99.1	99	
99.3	99.6	
99.1	99.6	
99.3	99.6	
99.3	99.2	
89	99.6	
99.1	99.4	
98.9	99.6	
99.3	99.6	
99.3	99.4	
99.3	99.6	
89	99.6	
99.3	99.2	
98.9	99.4	
99.3	89.5	
98.9	99.6	
99.1	99.6	
99.3	99.6	
99.1	99.6	
89.2	99.4	
99.3	99.4	
99.3	99.4	
98.9	99.6	
99.3	99.6	
98.9	99.6	
99.1	89.1	
99.1	99.4	
99.1	99.4	
99.3	99.4	
99.3	89.5	
99.3	99.6	
99.3	99.6	
98.7	89.5	
99.1	99.6	
99.3	99.4	
98.9	89.7	
99.1	99.6	
99.3	89.5	
89.2	99.6	
99.1	99.6	
99.1	99.6	
99.1	99.6	
88.8	99	
99.1	89.7	
99.3	99.4	
99.1	79.4	
99.3	99.6	
99.1	89.3	
99.1	89.5	
99.3	99.6	
99.3	99.6	
99.3	99.6	
99.1	99.2	
99.3	99.4	
99.3	99.6	
99.3	89.3	
99.3	89.5	
98.9	89.7	
99.1	89.7	
99.3	99	
99.3	99.6	
98.9	99.2	
98.9	99.6	
99.1	99.6	
99.3	99.6	
99.3	89.7	
99.1	99.2	
99.3	99.4	
99.3	99.6	
99.3	99.6	
99.3	99.6	
99.1	99.6	
99.3	99.6	
99.3	99.6	
99.1	99.6	
99.1	89.5	
99.3	99.6	
99.1	99.6	
98.9	99.6	
99.1	99.6	
99.1	99.6	
99.3	99.4	
99.1	99.6	
99.3	99.6	
99.3	89.7	
99.3	99.6	
99.1	99.6	
99.1	99.6	
99.3	99.6	
89.2	98.8	
99.1	99.6	
98.5	99.2	
99.3	99.4	
99.3	96.8	
99.3	99.6	
99.3	99.2	
98.9	99.2	
98.9	89.7	
98.9	99.6	
99.3	99.4	
99.1	99.4	
99.1	99.4	
99.3	99.6	
99.1	99.6	
99.1	99.6	
99.3	99.6	
99.3	99.4	
99.3	99.6	
99.1	99.6	
99.3	99.6	
99.1	99.6	
98.7	99.2	
99.1	99.6	
98.5	99.4	
99.3	99.6	
89	88.9	
99.1	99.4	
99.3	99.2	
98.9	99.6	
99.3	99.6	
77.5	99.6	
99.3	99.2	
99.1	99.6	
99.3	89.7	
99.1	99.6	
99.3	99.4	
99.3	99.6	
99.1	99.6	
99.3	99.6	
99.1	99.6	
98.7	99.4	
98.9	99.6	
98.7	99.6	
99.3	99.4	
99.3	99	
98.5	99.6	
99.1	99.6	
99.3	99.6	
99.1	99.6	
99.1	99.6	
98.9	99.6	
88.8	99.6	
99.1	99.6	
99.3	99.6	
99.1	99.6	
99.1	99.6	
99.3	99.6	
99.3	99.4	
99.3	99.6	
98.5	99.4	
98.9	79.6	
99.1	99.2	
99.3	99.6	
99.3	99.6	
99.3	89.5	
98.9	99.6	
99.1	99.6	
99.1	99.4	
99.3	99.4	
99.3	89.7	
99.1	99.6	
99.1	99.4	
99.3	99.6	
99.3	99.6	
98.9	99.6	
99.1	99.6	
99.3	99.6	
98.9	99.6	
99.3	99.4	
98.7	99	
99.3	99	
99.3	99.6	
99.1	99.6	
99.3	99.6	
99.3	99.4	
99.1	99.2	
98.7	89.7	
89.2	99.6	
98.9	99.6	
99.3	99	
98.7	99.6	
99.1	89.7	
99.3	89.5	
99.1	99.6	
99.3	89.5	
99.3	99.4	
98.9	99.6	
98.9	99.2	
98.5	99.6	
98.7	89.7	
89.2	99.6	
99.3	99.6	
99.1	99.6	
98.9	99.6	
99.3	99.6	
99.3	99.6	
98.9	99.4	
99.3	99.4	
99.3	99	
99.3	99.6	
99.1	99.6	
98.5	99.6	
99.3	89.7	
99.1	99.4	
99.1	98.4	
99.3	99	
99.1	99.4	
99.1	99.6	
99.3	99.6	
99.1	99.4	
97.9	99.6	
99.1	99.4	
99.3	89.5	
99.1	99.4	
99.1	99.6	
99.3	99.6	
98.9	99.6	
99.3	99.6	
99.3	99.4	
99.1	89.3	
97.9	89.3	
99.1	99.4	
99.3	99.6	
99.1	99.4	
99.3	99.2	
99.3	99.6	
98.5	89.5	
99.1	99.6	
99.3	99.6	
98.9	99.4	
99.3	99.4	
99.3	99.6	
99.3	99.6	
98.9	99.6	
99.3	99.4	
99.3	99.6	
99.1	99.6	
99.1	99.6	
99.3	99.6	
99.3	99.4	
99.3	99.6	
99.3	99.6	
89.2	99.4	
99.3	99	
99.3	99.6	
98.9	99.6	
99.1	99.6	
99.3	99.4	
99.3	99.6	
99.1	99.4	
98.9	99.6	
99.1	99.6	
98.9	99.6	
99.3	89.7	
98.7	99.4	
98.9	99.4	
98.9	99.6	
99.3	99.6	
99.3	98	
