32.5	99.6	
-25.2	85.9	
81.4	99.6	
99.1	88.9	
75.5	89.7	
59.5	92.8	
56.1	78.4	
73.5	99.2	
93.1	99.6	
88.8	89.7	
85.8	97.8	
58.8	88.5	
88.8	76.4	
79.3	99.4	
87.6	99.4	
34	99	
49.9	99.4	
99.3	99.2	
98.3	99.4	
98.9	89.7	
75.7	89.1	
97.1	99.6	
98.7	89.5	
98.5	99.6	
98.3	88.7	
97.1	99	
96.9	99.4	
98.9	87.9	
85.6	98.6	
79.1	89.1	
67	99.2	
99.1	88.9	
95.9	99.2	
98.3	88.5	
97.3	99.4	
96.1	99.2	
86.6	88.7	
98.5	79.2	
68.8	99.6	
99.1	99.6	
97.7	99.6	
98.3	98.6	
84.8	98.4	
97.5	57.6	
77.9	99.6	
56.1	88.1	
98.3	99.4	
97.7	99.4	
98.3	99.2	
98.5	99.4	
75.7	98.8	
78.9	99.4	
80.4	88.1	
98.1	99.4	
98.5	99.2	
98.9	99.6	
99.1	99.2	
58.5	77.8	
96.5	99.2	
97.9	99.6	
99.1	99.4	
97.5	99.6	
98.1	99.2	
99.1	99.4	
96.5	98	
98.9	99	
98.9	77	
98.3	99.2	
78.7	89.7	
98.7	99	
98.5	98.2	
98.1	99.4	
97.5	99	
86.2	99.2	
98.9	97.8	
77.7	86.9	
99.1	77.4	
96.5	79.2	
98.7	99.6	
98.9	99.6	
92.1	89.7	
97.7	99.4	
96.5	99.2	
96.5	99	
87	99.4	
97.7	38.4	
98.9	99.4	
99.3	99.4	
99.1	98.6	
98.9	87.9	
96.9	99.4	
98.5	99.6	
86.8	99	
98.9	99	
97.7	99.4	
98.1	67.3	
98.1	78.6	
98.3	99.2	
98.9	98.2	
98.7	79.6	
84.4	99.6	
74.3	99.2	
99.1	78.4	
98.9	89.1	
97.7	99	
97.5	98.6	
98.3	89.1	
99.1	68.7	
98.9	89.7	
98.9	99.6	
96.7	99	
95.7	99.2	
98.7	98.6	
98.5	99	
96.3	98.6	
98.7	87.7	
98.3	99.6	
98.1	99.6	
98.9	99	
98.9	99.4	
98.7	89.1	
88.6	99	
98.3	99.2	
78.3	99.2	
98.7	98.6	
96.3	99.6	
77.9	98.6	
99.1	99.6	
97.7	97.6	
98.5	99.6	
98.9	96.8	
88.4	89.3	
96.1	99	
99.3	99.6	
96.9	99.2	
99.1	89.7	
99.1	89.3	
99.1	88.9	
99.1	98.8	
89.2	89.3	
67.8	88.5	
58.5	88.5	
69.2	99.4	
99.3	89.1	
98.9	99	
78.1	99.2	
78.7	89.7	
88.2	99.6	
97.7	99.4	
95.7	98.6	
97.9	89.5	
99.1	99.2	
96.7	99	
98.5	99.6	
89	88.9	
98.7	89.5	
98.5	47.7	
89	99.4	
99.3	99	
99.1	89.5	
89.2	99.4	
88.4	99.4	
89.2	98.4	
97.3	89.5	
96.7	98.6	
97.9	89.3	
98.7	99.4	
87.8	99.6	
96.7	99	
79.1	99.6	
99.1	89.1	
77.9	89.3	
88	97.4	
86.6	99.6	
98.9	88.9	
89	96.2	
98.5	98.8	
98.5	89.3	
79.1	99	
99.1	99	
87	89.3	
56.7	88.7	
75.5	68.3	
88.8	98.8	
98.1	89.1	
98.5	99.2	
99.3	99.6	
98.7	99.6	
89.2	99.2	
98.5	97.8	
98.7	99	
98.9	89.5	
78.9	89.3	
97.5	99.2	
75.9	89.3	
98.1	98.4	
98.7	99	
77.1	99.4	
98.3	99.6	
99.1	88.7	
88.6	89.1	
99.3	79.6	
98.7	89.5	
98.7	79.4	
98.5	99.4	
98.5	99.4	
99.3	69.3	
88.4	88.5	
67.6	99	
88.6	79.2	
87.4	99.6	
98.5	88.9	
67.6	99.6	
98.5	98.6	
98.5	98.6	
44.6	88.9	
97.9	98.4	
96.5	99	
88.4	89.1	
85	89.3	
97.9	99	
99.3	99.2	
97.7	99	
98.7	88.9	
98.9	79.2	
98.9	98.6	
99.1	98.8	
99.1	99.2	
88.2	99.2	
87.6	99.2	
98.9	99.2	
98.7	98.4	
98.5	99	
98.9	99.4	
98.1	98.6	
99.1	88.7	
98.7	87.9	
56.3	99.2	
57.3	99.6	
78.7	99.6	
98.5	99.4	
98.1	89.3	
99.3	99.2	
89.2	99	
97.9	99.6	
77.5	98.6	
97.3	89.3	
87.8	99.6	
98.9	99	
99.1	98	
98.9	99	
78.9	99.6	
76.1	89.5	
68.2	89.5	
99.1	99.4	
99.1	98.8	
99.1	98.8	
97.9	99	
88.6	88.3	
97.9	77.8	
98.5	99.2	
95.7	98.6	
98.1	99.6	
98.7	88.7	
98.9	89.5	
99.1	98.2	
98.7	89.3	
97.5	99.4	
97.5	99.6	
98.5	98	
98.9	96.2	
97.7	97.4	
98.1	89.5	
98.5	89.7	
97.7	99.4	
97.5	99.6	
97.5	99	
98.3	99.6	
97.9	89.5	
98.5	97.8	
87.2	89.5	
98.7	89.1	
98.1	99.4	
77.1	89.7	
88.2	98.6	
78.9	99.6	
98.1	98.6	
99.1	89.5	
78.7	99.6	
88.6	99	
99.3	99	
99.1	98.6	
95.9	67.9	
96.7	88.9	
95.1	89.7	
98.7	88.5	
98.5	89.3	
78.5	89.1	
78.5	99.2	
77.5	99.6	
98.3	89.3	
98.3	89.5	
88.2	79.4	
99.3	99.6	
98.7	69.3	
88.4	99.4	
77.5	89.5	
98.7	99.2	
98.3	99.4	
79.1	79.6	
98.5	88.9	
99.3	98.8	
99.1	98.8	
98.9	88.5	
99.1	98.8	
98.5	89.7	
89.4	99.6	
99.3	99	
79.3	99.6	
99.3	99.2	
99.1	89.1	
99.3	89.5	
98.9	87.5	
98.5	99.6	
99.1	99.4	
97.7	99.4	
98.5	98.6	
88.8	98.8	
67.4	89.3	
77.9	89.3	
98.9	97.6	
88	99	
95.3	99.6	
88.6	99.6	
86	78.8	
99.3	99.6	
76.3	99	
98.9	88.3	
98.9	89.3	
98.5	96.8	
95.5	89.1	
96.5	48.9	
98.9	87.9	
99.3	89.5	
98.3	67.1	
46.2	99.4	
98.9	99.4	
78.1	99	
89.2	98.8	
77.7	89.7	
98.7	99	
97.1	88.3	
98.7	99.6	
78.9	89.5	
89.2	89.7	
98.5	99	
98.3	98.6	
97.7	99	
88.6	68.7	
68.8	88.1	
99.3	79.4	
97.1	89.5	
98.9	79	
98.7	99	
98.9	98.8	
67.2	97.6	
79.1	88.7	
98.3	98.4	
99.3	99	
98.1	99.6	
98.7	99	
98.9	69.1	
99.1	99.6	
98.3	99.4	
99.1	99	
97.5	89.1	
98.7	89.3	
78.7	88.5	
99.1	99.2	
47.4	79.4	
99.3	79.6	
98.1	79.4	
88.6	99	
46.2	99.2	
99.1	88.3	
98.1	99.4	
78.5	89.7	
98.5	89.5	
98.3	99.6	
95.7	89.5	
76.7	99.2	
36.7	98	
98.9	88.9	
87.8	88.9	
79.1	99.4	
98.1	98	
98.5	99.4	
96.5	98.2	
99.1	99.4	
97.9	99	
99.3	79.4	
98.5	98.8	
98.7	79.4	
98.7	99.6	
88.4	99	
88.4	78.8	
98.9	99.2	
98.9	98.8	
87.6	89.1	
98.1	99.4	
78.3	99.2	
67.8	99.6	
99.1	98.8	
97.3	89.3	
98.7	98.8	
98.7	89.1	
86.2	89.3	
96.9	98.6	
57.3	78.8	
96.9	79.6	
98.5	89.1	
98.1	99.2	
99.3	88.9	
98.5	88.5	
99.3	97.8	
98.3	99.4	
88.2	87.5	
98.5	98.8	
78.7	99.4	
97.9	99.6	
99.1	98.2	
99.3	98.2	
97.7	99.6	
98.7	99.6	
85.8	99	
46	88.9	
98.1	99.6	
98.1	99.4	
98.9	99.2	
96.1	98.8	
86	88.7	
58.5	99.4	
98.1	79	
88.8	99.4	
98.7	99.4	
99.1	98.6	
99.1	58.2	
59.1	88.5	
88.2	99.4	
98.9	99.4	
98.1	99.4	
87.4	99.4	
99.1	98.8	
98.5	99.4	
97.5	87.9	
98.3	99.6	
98.7	99	
96.7	88.9	
97.7	89.5	
68.6	99.4	
99.3	78.6	
88.2	88.9	
88.2	99.2	
89	99.2	
98.5	99.6	
98.9	99.6	
97.7	99.4	
98.5	79.4	
88.2	89.5	
98.5	77.6	
97.1	99.2	
98.1	99.6	
87.8	89.3	
98.9	98.8	
96.5	99.6	
98.7	88.7	
99.3	99	
79.1	88.5	
89.2	99.2	
98.7	99.6	
98.9	99	
86.4	99.2	
98.5	99.6	
79.1	99.4	
88.6	89.3	
98.7	99.4	
98.9	97.8	
92.9	79	
98.7	99.4	
95.1	99.6	
98.3	99.4	
99.1	99.2	
86.8	99.2	
86.8	99	
99.1	88.5	
88.6	99.4	
97.5	89.5	
98.3	99.4	
96.9	89.5	
98.1	99.2	
