64.8	89.5	
76.1	99.6	
99.1	99.4	
98.5	99.4	
61.4	99	
97.5	99.6	
98.9	99.6	
98.5	99.6	
98.1	99.6	
97.5	99.6	
99.3	99.6	
99.1	89.7	
99.3	99.6	
88.8	99.4	
99.3	99.6	
99.1	99.6	
99.3	99.6	
89.4	89.5	
89	93.4	
99.1	99.6	
99.1	99.6	
99.3	99.6	
88.8	99.4	
99.1	89.5	
99.3	99.6	
99.3	99.6	
99.3	99.6	
99.3	99.6	
89.2	99.6	
99.3	99.6	
98.9	99.6	
98.9	99.4	
99.1	99.2	
99.3	99.6	
99.3	99.6	
99.1	99.6	
99.1	99.6	
88.4	99.6	
98.5	99.6	
99.3	99	
99.1	99.4	
99.3	99.6	
99.1	79.6	
99.3	99.6	
89.2	99.6	
99.1	99.2	
89.4	99.6	
99.3	99.4	
99.3	99.2	
98.7	99.6	
99.1	99.6	
99.1	99.6	
99.3	99.4	
99.1	99.6	
99.1	99.2	
99.1	99.4	
89.2	89.7	
98.9	88.9	
99.3	99.4	
88.2	99.6	
99.3	99.6	
98.9	79.2	
99.3	99.2	
89.4	99.4	
88.6	99.4	
89.2	99.6	
99.1	99.6	
98.9	99.6	
98.9	99.6	
99.3	99.6	
99.3	99.4	
98.7	99.6	
99.1	99.6	
99.1	99.6	
98.9	99.6	
99.3	99.6	
99.3	99.6	
99.3	99.6	
79.1	99.2	
99.3	99.6	
98.9	99.6	
99.1	99.6	
99.1	99.6	
99.3	99.6	
99.1	99.6	
99.3	99.2	
99.1	89.5	
89	99.6	
98.9	99.6	
89.4	99.6	
99.3	99.4	
99.1	99.6	
99.1	99.6	
99.1	99.4	
99.1	99.6	
99.1	99.4	
99.3	99.4	
99.3	99.6	
88.6	99.4	
99.3	89.7	
89.2	99.6	
99.3	99.2	
99.3	99.4	
99.1	99.6	
99.3	99.6	
98.9	99.2	
99.1	89.7	
89	89.5	
99.1	89.5	
88.8	89.5	
98.9	99.6	
99.1	99.6	
99.3	99.6	
79.1	99.2	
98.5	99.6	
99.1	99.6	
99.3	99.6	
99.3	89.5	
99.1	99.6	
99.1	99.6	
99.1	99.6	
99.3	99.6	
99.3	99.4	
99.3	99.6	
99.3	99.6	
99.3	99.6	
99.3	99.6	
99.1	99.6	
99.3	99.6	
98.7	99.4	
98.3	99.6	
89	99.6	
99.3	99.6	
87.8	99.6	
99.3	99.6	
99.3	99.6	
99.1	99.4	
99.1	99.4	
99.1	99.6	
99.1	99.6	
89.2	99.6	
99.3	99.2	
99.1	99.2	
99.3	99.6	
99.3	98.8	
99.3	99.4	
99.3	99.6	
98.9	99.4	
99.3	89.7	
99.1	89.7	
99.1	99.6	
89.2	99.6	
88.2	99.6	
99.1	89.7	
89.2	99.6	
99.3	99.4	
99.3	99.6	
98.9	89.3	
99.1	99.4	
98.7	99.6	
99.3	99.6	
98.9	99.6	
99.3	99.4	
99.3	89.7	
98.9	99.6	
89	99.6	
99.1	99.6	
99.3	98.8	
99.3	99.6	
99.1	99.6	
99.3	89.7	
99.3	99.6	
99.3	89.7	
99.3	99.6	
99.3	99.6	
99.3	99.6	
99.3	99.2	
99.3	99.4	
99.3	99.4	
88.2	99.6	
99.3	99.6	
99.3	99.4	
99.3	99.6	
99.1	99.6	
99.3	99.6	
98.9	99.6	
99.1	99.6	
99.1	79.2	
99.1	99.4	
99.3	99.2	
99.1	89.3	
98.9	79.4	
99.1	99.6	
99.3	99.6	
99.3	99.4	
98.7	99	
99.3	98.2	
99.1	99.6	
99.3	99.2	
99.1	99.4	
99.3	99.6	
58.5	99	
99.3	99.6	
99.3	99.6	
99.3	99.6	
99.1	99.2	
58.9	79.6	
99.3	99.6	
99.3	99.6	
99.3	99.4	
89.2	99.6	
99.3	88.5	
99.1	99.6	
99.3	99.6	
88.8	99.6	
99.1	99.2	
99.3	99.6	
99.1	99.4	
99.3	99.6	
99.3	99.6	
99.3	99.4	
99.3	99.6	
99.3	99.4	
78.7	89.7	
99.1	99.6	
99.3	89.5	
99.3	99.6	
99.1	99.6	
99.1	99.4	
99.1	99.6	
99.1	99.4	
99.1	99.6	
99.3	99.4	
99.1	99.6	
89.2	99.6	
99.3	99.4	
99.1	99.6	
99.1	99.4	
98.9	89.7	
98.9	89.7	
99.1	89.7	
89.4	99.6	
99.1	99.2	
99.3	99.6	
99.3	99.6	
99.3	88.3	
99.3	99.4	
99.3	89.5	
99.1	99	
99.1	99.4	
98.9	99.6	
99.3	99.6	
99.3	99.6	
99.1	89.5	
99.3	99.4	
99.3	99.4	
99.3	99.6	
99.1	99.6	
79.1	99.6	
99.1	99.6	
99.3	99.6	
99.1	99.6	
99.3	99.6	
99.3	99.6	
99.1	99.2	
99.3	99.6	
98.9	89.3	
98.5	99.6	
98.9	99.4	
69	99.6	
99.3	99.6	
99.3	99.6	
99.1	99.2	
89.2	99.4	
99.3	99.6	
99.3	99.6	
99.3	98.8	
98.9	98.6	
99.3	98.6	
98.9	99.6	
99.3	99.6	
99.3	99.6	
88.8	89.7	
98.9	99.4	
99.3	99.6	
99.1	89.5	
99.3	99.6	
99.3	89.5	
89.2	99.6	
99.3	89.3	
99.3	99.4	
99.1	99.6	
98.7	99.4	
99.3	89.7	
98.7	89.1	
99.1	89.5	
99.3	99.6	
88.2	99.6	
78.7	99.4	
99.3	99.4	
99.3	99.6	
99.1	99.6	
98.7	99.6	
98.9	89.7	
99.1	89.7	
98.9	89.1	
99.1	99.6	
99.3	99.4	
89	99.4	
99.1	99.4	
78.9	99.6	
79.1	99.4	
89	99.6	
99.1	99.4	
99.3	99.6	
99.3	99.6	
99.1	99.6	
99.3	89.7	
98.3	99.6	
99.3	99.6	
89.2	99.6	
99.3	98.6	
99.1	99.4	
99.3	99.6	
98.9	99.6	
99.3	99.6	
99.3	99.2	
99.3	99.6	
99.1	99.6	
99.1	99.4	
99.1	89.7	
98.5	99.2	
99.1	99.6	
98.7	99.6	
99.1	99.6	
98.3	99.4	
89.2	79.2	
99.1	79.2	
99.1	99.6	
99.3	89.7	
99.3	79.6	
98.7	99.6	
98.9	89.5	
98.9	99.6	
99.3	99.4	
99.1	99.6	
99.1	99.6	
89.4	99	
99.3	99.4	
99.1	99.6	
99.3	99.6	
99.3	99.6	
98.9	99.4	
99.3	99.4	
99.1	99.6	
99.3	99.6	
98.9	99.6	
89.4	99.2	
99.1	99.6	
99.3	99.6	
99.3	99.6	
99.3	99.6	
89	99.2	
99.3	99.6	
99.1	99.6	
98.7	99.6	
99.3	99.6	
99.1	99.6	
88.6	99.2	
99.3	99.4	
99.3	99.4	
99.3	99.4	
99.1	99.6	
98.9	99.6	
99.1	99.6	
99.1	99.4	
99.1	99.6	
98.7	99.6	
99.1	99.2	
99.3	89.3	
99.1	99.4	
99.1	89.5	
99.3	99.2	
98.7	79.6	
99.3	89.5	
99.3	89.7	
99.3	89.7	
99.3	89.1	
99.3	99	
99.1	99.4	
98.9	99.6	
79.1	99.4	
98.9	89.5	
98.9	99.6	
99.1	89.7	
98.5	99.6	
99.3	99.6	
99.1	89.7	
98.3	99.6	
99.1	99.4	
98.9	99.6	
99.1	99.6	
99.3	99.6	
99.3	99.6	
98.9	99.4	
99.3	89.5	
79.1	99.6	
99.3	99.2	
99.3	99.6	
99.1	99.6	
99.3	99.6	
98.9	99.6	
99.1	99	
99.3	99.6	
98.9	99.6	
99.3	99.6	
99.3	99.6	
99.1	99.6	
99.3	99.6	
99.1	99.6	
99.1	99	
99.1	99.6	
99.3	99.6	
99.1	99.4	
99.3	88.9	
99.3	99.4	
78.7	99.6	
99.1	89.5	
69	99.6	
99.3	99.6	
98.7	99.6	
98.9	89.7	
89.2	99.6	
98.3	99.6	
99.1	99.4	
99.3	99.4	
98.9	99.6	
89.4	99.6	
99.3	99.6	
68.8	99.6	
99.3	99.6	
88.8	99.6	
99.3	99.6	
99.3	99.6	
89	99.6	
78.7	99.4	
99.3	99.6	
89	99.6	
99.1	99.6	
98.9	99.4	
89.2	99.6	
99.3	99.6	
78.7	99.6	
99.3	99.4	
99.1	99.6	
99.3	99.6	
99.3	89.7	
99.3	99.6	
99.1	99.6	
99.3	99.6	
99.3	89.5	
99.3	99.2	
99.1	99.4	
88.8	89.7	
99.3	99.2	
99.1	89.5	
99.1	99.6	
99.1	99.6	
98.9	99.6	
99.1	99.6	
99.3	99.6	
99.3	99.6	
99.1	99.6	
99.3	99.6	
99.1	99.6	
88.8	89.5	
99.3	99.6	
99.1	99.6	
99.3	99.6	
99.3	99.4	
99.1	99.6	
99.3	99.6	
99.3	99.4	
99.3	99.6	
99.1	99.6	
98.3	99.6	
99.3	99.2	
99.1	99.6	
98.9	99.6	
98.7	99.6	
99.1	89.5	
99.3	99.4	
99.1	99.6	
99.3	99.4	
99.3	99.6	
98.9	99.4	
99.1	99.4	
99.1	99.4	
98.7	99.6	
99.3	99.2	
