18.4	99.6	
76.1	84.5	
77.3	99.6	
98.1	98.4	
36.7	88.9	
96.9	99.6	
99.3	89.3	
5.4	97	
96.9	98.8	
99.3	89.5	
88.2	89.3	
89	88.5	
98.5	99.4	
98.9	89.7	
98.9	88.3	
97.3	99.4	
98.7	89.5	
97.9	89.3	
67.4	67.1	
58.3	98.8	
87.6	79.2	
98.3	88.9	
88.6	88.1	
99.1	88.5	
87.6	99.2	
98.5	98.4	
85	98.6	
77.7	89.5	
99.3	99.6	
87.8	89.3	
35.7	99.4	
86.8	88.1	
85.8	99	
98.7	89.5	
98.5	89.3	
98.9	88.3	
98.3	88.3	
98.1	99.4	
98.1	98.4	
98.5	99.4	
75.9	99.4	
99.1	89.5	
96.5	98.8	
98.1	99.2	
97.1	97.6	
96.5	99.2	
97.5	67.1	
98.9	79.6	
97.3	99.6	
97.9	98.4	
95.5	89.7	
99.3	89.7	
76.7	89.5	
99.3	99.6	
98.9	99.6	
98.7	89.7	
98.1	89.3	
97.5	88.9	
97.7	88.5	
98.9	99.6	
77.5	99.2	
98.9	99.6	
98.9	89.3	
99.1	98.2	
57.1	69.5	
87.2	99	
99.1	79.6	
98.7	89.7	
87.8	89.1	
57.5	98.8	
97.5	97.2	
97.9	99.6	
95.1	99.6	
87	89.7	
99.1	88.9	
97.1	99.6	
94.9	88.3	
87.8	79	
98.3	98	
87.4	78.8	
96.5	99.2	
88.6	99.2	
98.9	99.6	
98.1	99.2	
98.5	99.4	
95.1	88.7	
87.6	99.6	
98.7	89.7	
75.7	99.4	
99.3	89.7	
98.9	89.7	
98.9	99.6	
98.7	88.9	
99.1	79.2	
97.7	89.3	
98.9	99.6	
98.7	89.3	
59.3	89.3	
99.3	99.6	
98.5	98.4	
98.5	98.6	
98.3	89.5	
98.3	99.6	
76.9	99.2	
97.5	99	
98.7	99.6	
97.1	89.3	
78.7	89.7	
86.8	89.7	
98.5	88.9	
99.3	88.7	
99.1	88.9	
40.8	89.7	
97.9	79.4	
95.1	99.2	
58.3	69.1	
98.9	99.6	
65.6	99.4	
91.5	99.4	
97.9	89.3	
10.3	87.9	
96.7	89.7	
98.7	98	
89	77.8	
89	88.9	
98.5	89.3	
98.1	98.6	
98.3	79.2	
67.4	99	
97.3	99.6	
88.8	99.2	
88.4	78.8	
99.1	98	
98.9	88.7	
98.7	78.4	
99.1	99.4	
98.5	78.8	
94.3	89.5	
98.1	89.7	
84.6	79	
98.3	99	
98.3	68.7	
88.6	99.4	
88.4	99.6	
97.3	99.4	
99.1	98.6	
99.1	99.2	
89	79.2	
97.9	89.3	
98.7	99.6	
97.9	99.2	
96.3	99	
98.7	89.7	
88.8	88.9	
99.3	99.6	
98.7	88.9	
97.5	98.4	
87.8	99.6	
98.5	99.6	
97.9	99.4	
99.3	99.6	
96.3	99.6	
78.1	99.4	
97.7	99.6	
85.6	88.9	
66	88.1	
97.7	99	
99.3	78.6	
98.7	98.6	
98.5	99.4	
79.3	99.6	
83.8	88.9	
99.1	79	
98.1	89.1	
68.4	89.5	
87	85.3	
99.3	78.8	
98.5	89.5	
58.7	89.7	
98.5	99.2	
97.3	89.7	
98.1	89.3	
97.9	99.6	
98.1	79.2	
79.1	89.3	
68.8	89.1	
98.7	68.9	
98.7	89.7	
97.7	89.1	
76.1	89.5	
98.9	89.3	
98.9	89.7	
98.9	79.4	
99.1	89.1	
97.7	99	
97.5	99.4	
88.8	78.8	
97.9	99.4	
99.1	79.2	
98.1	98.8	
99.1	86.9	
98.7	89.3	
97.9	99.6	
78.1	88.9	
97.7	99.4	
89	99	
98.9	88.9	
65.2	99	
88.6	68.9	
57.5	98	
97.5	99.2	
98.5	89.5	
99.1	98.4	
98.9	99.4	
98.9	99	
98.9	99.6	
86.2	88.1	
89	99.6	
98.5	98.8	
89.4	99	
68.2	89.1	
99.3	99.2	
88	98.8	
77.7	89.3	
97.7	98.4	
98.3	99.2	
96.5	99.4	
78.9	99.2	
57.7	99	
98.9	99.2	
97.9	99.2	
98.7	99.4	
98.7	77.8	
98.7	98.8	
98.1	99	
98.1	99.4	
98.5	99.4	
89.2	99.6	
99.1	99.4	
98.5	69.3	
98.7	99.2	
86.2	89.7	
78.7	79.4	
98.1	78.6	
97.5	99.4	
98.9	99	
76.1	98.2	
98.1	79	
96.3	89.3	
86.6	99.6	
98.3	99.2	
98.1	89.5	
35.5	99.4	
78.7	99.2	
99.1	89.5	
34.5	99.4	
99.1	98.8	
88.2	99	
75.5	89.5	
96.1	99.4	
78.7	99.6	
98.9	99.4	
98.5	99.4	
88.6	98.8	
98.5	98.8	
98.3	99.6	
79.1	89.5	
97.9	89.1	
98.3	89.1	
78.7	58.4	
56.1	89.5	
97.9	99.4	
88.4	99.6	
74.9	98.6	
89	99	
76.5	87.5	
78.7	89.7	
96.1	99.6	
88.8	89.3	
97.5	89.5	
96.5	99.2	
96.7	99.2	
89.4	99	
65	88.9	
85.6	98.8	
98.5	98.2	
99.1	98.8	
97.5	89.7	
98.9	89.7	
68.4	99.4	
68.4	89.1	
88.8	49.3	
89.4	68.7	
88.6	99.6	
98.9	89.7	
98.3	99.4	
88.6	79.4	
98.7	79.4	
95.7	89.3	
98.5	79.4	
98.5	89.5	
98.1	99.6	
98.9	99.6	
98.3	79	
98.7	99.2	
88	99.6	
98.1	89.1	
89.2	99.6	
98.5	88.5	
97.5	86.5	
98.9	98.6	
88	99.2	
98.1	99.4	
98.5	89.3	
98.1	99.6	
98.9	99.4	
96.9	89.7	
97.9	99.6	
96.9	99.2	
76.1	98.4	
58.9	89.3	
54.9	99.2	
78.9	99.2	
88.2	99.4	
96.3	99	
99.3	89.5	
89	99.2	
57.5	89.1	
97.9	98.6	
86.6	99.4	
68.4	98.6	
99.1	88.7	
88.6	99.2	
89.4	99.6	
97.9	99.6	
78.5	99.4	
89.4	99.4	
79.3	89.3	
48	99.6	
99.3	98.6	
99.1	89.3	
99.1	99.2	
99.3	89.5	
75.5	88.9	
98.3	58.8	
89.2	89.1	
98.9	78.4	
98.9	99.6	
58.3	98.8	
98.1	99.2	
77.9	99.4	
68.8	88.7	
98.9	99.4	
76.7	89.3	
98.1	98.8	
97.9	68.9	
88	89.5	
5.4	99.2	
98.7	99.6	
65.6	89.3	
96.3	67.1	
98.7	89.7	
98.9	99.4	
99.1	99.4	
77.1	99.6	
98.3	98.6	
98.7	68.5	
98.9	79.2	
97.5	78.4	
99.3	89.5	
97.5	79.2	
78.1	99.4	
97.7	89.7	
87.4	99.2	
78.9	99.2	
99.3	88.3	
98.3	99.4	
88.4	99.4	
97.5	98.6	
77.3	99.4	
78.9	98.8	
99.3	88.3	
86.2	99.6	
57.3	99.2	
99.1	99.6	
98.3	99.4	
68	99.4	
97.7	98.8	
96.7	89.7	
99.1	89.1	
93.5	99.2	
98.9	99	
99.3	99.2	
59.1	89.1	
98.3	97.6	
98.5	89.1	
77.1	89.7	
98.3	98.2	
86.2	98.8	
98.9	86.9	
98.3	88.5	
98.7	78.8	
78.9	99	
97.9	99.4	
97.7	46.5	
99.1	98.8	
98.3	98	
98.3	99.2	
98.5	99.4	
99.3	77.4	
97.3	98.8	
79.3	89.7	
88	99.4	
97.5	99.2	
98.9	89.7	
99.1	89.7	
98.3	89.3	
66.4	98.8	
94.9	79.4	
98.9	89.5	
87.6	89.7	
99.1	89.5	
98.9	79	
95.5	99.6	
83.6	89.7	
99.1	69.3	
98.7	77.6	
96.7	89.3	
87.8	79.6	
87.4	98.8	
79.3	89.7	
97.9	99.2	
98.7	78.6	
98.5	78.4	
97.5	76.8	
98.7	88.9	
65.4	89.7	
87.8	89.7	
98.9	88.5	
98.9	89.5	
89.4	89.5	
88.6	89.7	
98.1	89.7	
98.3	89.5	
96.1	89.1	
88.6	79.4	
87.2	59.2	
88.8	99.2	
99.1	99.2	
78.9	99.4	
98.9	89.5	
97.3	98.2	
88	88.5	
78.7	88.9	
97.3	98.6	
68.8	99.4	
77.9	99.6	
99.3	79.2	
68.2	98.8	
78.7	99.2	
98.5	89.3	
69	79.4	
88.6	89.3	
98.5	88.7	
89.2	89.7	
67.2	99.6	
99.1	88.5	
76.3	89.1	
99.1	89.7	
98.5	99.6	
77.7	99	
98.3	88.9	
88.8	89.5	
87.8	89.7	
89	89.3	
88	99.6	
98.5	98.8	
97.7	89.7	
68.2	89.3	
98.7	89.5	
98.9	99.6	
98.5	99.6	
98.5	89.3	
85.8	79.2	
99.3	79.4	
99.1	84.9	
75.9	88.3	
97.5	89.5	
98.1	99	
98.7	89.5	
75.3	98.4	
97.9	88.3	
97.9	89.7	
86.4	67.5	
98.3	88.7	
99.1	88.5	
98.3	98.6	
98.9	89.7	
97.1	99.2	
68.8	99.4	
