93.5	86.1	
77.5	97.4	
98.5	88.9	
98.9	99.6	
97.5	99.4	
87.6	89.5	
88	99.6	
99.1	99.4	
58.1	99.6	
79.1	89.1	
48	88.7	
86.8	99.6	
75.7	99.2	
96.5	89.5	
98.9	99.6	
99.1	99.2	
99.1	99.4	
98.9	99.4	
79.5	99.4	
98.5	99.2	
98.9	89.7	
98.5	99.6	
98.1	99.6	
97.9	89.7	
98.9	99.6	
99.3	89.5	
98.9	89.5	
99.1	99.6	
98.7	99.6	
99.1	99.6	
99.3	99.2	
97.5	99.6	
99.1	99.2	
98.7	99.6	
99.1	99.2	
98.7	99.6	
99.1	99.6	
98.5	99.2	
99.1	98.6	
98.5	98.6	
99.3	99.2	
99.3	99	
99.1	99.2	
99.3	99.6	
98.9	89.5	
99.3	99.6	
99.3	99	
99.1	99.6	
97.5	99.4	
98.3	99.6	
99.3	99.4	
99.3	99.4	
99.3	99.6	
99.1	99.4	
98.3	99.6	
99.3	99	
98.9	99.6	
99.1	99	
98.9	99.4	
98.3	99.6	
98.7	99.2	
99.1	99.6	
99.1	99.6	
98.7	99.6	
98.9	99.4	
99.1	89.3	
98.7	99.6	
98.9	99	
99.3	99	
99.3	99.6	
98.7	99.6	
99.1	99.4	
98.5	99.4	
98.9	79.4	
98.9	99.6	
99.3	88.9	
99.1	99.6	
98.7	89.7	
89	89.5	
99.3	99.4	
99.1	99.6	
98.7	89.1	
98.5	99.6	
99.3	89.7	
99.1	99.6	
99.1	99.6	
98.7	89.3	
98.1	99.4	
98.9	99.6	
98.9	99.2	
99.3	89.5	
99.3	99.4	
99.3	99.6	
98.7	99.4	
88.2	99.6	
99.3	99.4	
99.1	99.2	
98.9	99.2	
99.1	99.6	
99.3	99.6	
98.9	99.6	
99.1	99.2	
98.5	99.6	
99.1	99.4	
89	98.8	
99.3	99.2	
79.3	99.6	
98.1	99.2	
99.3	99.6	
98.5	99.6	
99.3	89.7	
98.9	88.5	
99.1	99.6	
98.7	89.7	
89.2	99	
99.3	99.6	
98.9	98.6	
99.3	99.6	
99.3	99.6	
77.5	99.6	
99.3	99.4	
99.3	99.6	
99.1	99.6	
98.7	99	
98.5	89.7	
99.3	99.6	
99.1	99.6	
88.6	99.6	
99.3	89.5	
98.7	89.1	
97.5	89.7	
99.3	99.6	
89.2	89.5	
99.3	89.7	
98.9	89.1	
97.5	99.6	
99.1	99.6	
99.1	89.3	
78.7	99.6	
99.1	99.6	
99.1	99.6	
98.3	99.4	
98.7	99	
99.3	99.6	
99.3	99.6	
88.8	99.4	
99.1	99	
99.1	99.6	
99.1	99.6	
99.3	89.7	
98.9	89.5	
98.5	89.7	
99.3	99.6	
98.7	99.2	
98.9	99	
99.3	89.7	
99.3	89.7	
99.1	89.1	
99.1	89.7	
99.3	89.5	
99.1	89.5	
99.1	89.3	
99.3	89.3	
99.1	99.2	
98.3	99.4	
98.9	99.4	
99.3	99.6	
98.9	99.4	
99.1	99.6	
99.3	99.2	
98.9	99.6	
98.5	99.6	
99.1	99.6	
99.1	99.6	
98.9	99.6	
99.3	99.6	
99.3	89.7	
89	99.4	
98.9	99.4	
88.8	79.2	
88.8	48.5	
99.1	99	
99.1	89.7	
99.1	99.6	
99.1	99.6	
99.3	99.6	
89	99.4	
89	99.4	
98.5	99.6	
99.1	89.5	
98.9	99.6	
99.3	99.6	
99.1	99.2	
98.9	99.6	
99.3	89.7	
99.3	98.8	
99.1	88.9	
99.3	89.7	
99.1	99.4	
98.7	99.6	
99.1	99.6	
99.1	98.8	
99.3	99.4	
98.9	99.6	
99.3	98.8	
99.1	99.4	
99.3	99.4	
99.1	99.6	
98.3	79.6	
98.9	99.6	
99.1	89.3	
88.4	89.7	
98.9	99.6	
99.1	89.5	
98.9	89.1	
98.5	99.6	
97.9	99.4	
98.9	99.4	
99.1	98.8	
99.1	99.2	
99.1	89.3	
99.1	99.4	
99.3	89.3	
99.3	99.6	
98.9	99.6	
99.3	99.2	
99.1	99.6	
99.1	99.2	
99.3	89.7	
99.3	98.8	
99.1	99	
99.3	99.6	
99.1	99.4	
98.9	99.6	
99.3	99.6	
88.8	99.6	
99.1	89.7	
88.2	99.6	
98.7	99.6	
99.3	99.6	
99.1	99.6	
99.3	99.6	
98.3	99.6	
98.7	99.4	
98.7	99.6	
99.1	99.4	
98.5	99.4	
97.9	99.6	
99.3	99.6	
99.3	99.4	
99.1	89.5	
99.1	99.6	
98.7	99	
98.9	89.5	
99.3	99.6	
99.3	99.2	
99.3	99.6	
99.1	89.7	
99.3	99.6	
69	99.4	
89.4	99.4	
99.1	99.6	
99.1	99.4	
99.3	99.6	
99.3	99.4	
98.7	99.6	
98.5	99.6	
98.3	99.6	
99.3	99.6	
88.6	99.6	
98.9	99.4	
89.4	99	
89.2	99.4	
99.1	99.2	
99.3	99.4	
99.3	99.4	
99.1	99.2	
99.1	99.4	
99.1	99.6	
99.1	99.4	
99.1	99.4	
99.1	99.6	
89.2	99.6	
99.1	99.4	
99.1	99.6	
98.9	99.6	
99.1	99.6	
89.4	99.6	
99.3	89.3	
99.3	99.6	
98.9	99.6	
99.3	99.6	
99.1	99.6	
99.3	99.2	
99.1	99.4	
98.9	98.8	
99.1	99.4	
99.1	99.4	
98.9	99.2	
99.1	99.4	
98.7	99.6	
99.1	99.4	
99.3	99.6	
98.7	99.6	
99.1	99.6	
99.1	99.4	
79.3	98.6	
89.4	99.6	
68.6	99.6	
89	99.6	
79.1	89.1	
89.4	99.4	
89.2	99.6	
88.8	99.6	
98.9	99.6	
99.1	99.4	
99.3	89.3	
99.3	99.4	
97.9	99.6	
99.1	99.6	
98.9	99.6	
98.5	99.2	
99.1	99.6	
98.7	89.7	
98.9	99.6	
98.7	89.7	
99.3	89.7	
78.3	89.1	
89.2	89.7	
99.3	89.7	
98.7	98.4	
99.3	99.2	
99.1	99.6	
98.7	99.4	
99.3	99.4	
99.1	89.7	
99.1	89.5	
99.1	89.7	
99.1	89.7	
99.3	89.7	
99.3	89.7	
89.4	89.7	
99.3	99.4	
79.1	89.7	
99.1	89.5	
99.1	89.7	
99.1	99.2	
99.1	89.5	
99.3	89.5	
99.3	99.6	
99.1	89.7	
99.1	99.2	
99.3	98.6	
98.9	98.6	
99.1	99.6	
99.1	98.8	
99.1	99.2	
99.3	98.6	
98.7	99.4	
98.5	89.7	
99.1	99.6	
99.1	79.4	
98.7	99.4	
99.3	99.6	
99.3	98.8	
98.5	89.5	
98.7	99.4	
98.9	99.4	
99.3	99.6	
98.5	99.6	
98.9	99.6	
98.9	99.4	
98.3	99.6	
99.1	99.6	
99.1	99.4	
98.5	89.5	
98.9	99.4	
99.3	99.6	
99.1	99.4	
79.3	99.6	
99.3	89.5	
99.3	99.4	
98.7	99.2	
99.1	99.4	
78.9	99.6	
99.1	99.6	
88.8	99.4	
89.2	99.6	
89	99.6	
79.1	99.4	
99.3	99.2	
99.3	99.6	
89	99.6	
88.4	99.6	
99.3	99.2	
99.1	99.4	
99.3	99.6	
99.3	99.6	
99.3	99.4	
99.1	99.6	
99.3	99.6	
99.1	99.6	
98.9	99.6	
99.3	99.2	
99.1	99.6	
98.9	99.4	
98.9	99.4	
99.1	99.6	
98.9	99.6	
99.3	89.5	
98.3	98.8	
98.7	89.7	
99.3	99.6	
99.3	99.4	
99.1	99	
98.7	99.6	
99.3	99.4	
98.5	99.2	
78.5	89.5	
98.9	99.4	
98.5	99.6	
98.9	89.3	
88.2	99.6	
98.9	99.4	
99.3	99.6	
98.5	99.4	
98.1	99.4	
99.3	99.2	
99.1	99.4	
98.9	99.4	
99.3	89.7	
98.7	99.6	
99.3	99.2	
87.6	99.6	
99.1	99.4	
99.3	99.4	
99.1	99.6	
99.3	99.4	
99.3	99.4	
99.3	99.6	
99.3	99.6	
99.3	99.6	
98.9	99.6	
99.1	99.4	
98.9	99.6	
98.9	99.6	
99.1	99.2	
98.7	99.6	
98.7	99.4	
98.9	99.6	
99.3	99.4	
98.9	78.8	
79.3	99.4	
97.7	99.6	
99.3	99.6	
98.7	89.5	
98.9	99.2	
99.3	89.3	
99.3	98.6	
98.5	99.6	
98.9	99.6	
99.1	99.2	
99.1	99.2	
99.1	99.6	
98.9	99.6	
99.3	99.2	
98.9	89.5	
98.9	99.4	
99.1	99.4	
98.5	99.4	
98.9	99.6	
98.9	99.4	
99.1	89.7	
99.3	79.4	
98.9	89.5	
99.1	99.6	
99.3	99.6	
99.3	99.6	
98.9	99.6	
98.5	99.6	
98.9	89.5	
98.9	99	
99.3	99.6	
99.3	99.6	
98.9	99.6	
98.7	99.2	
99.1	99.6	
99.3	99.4	
98.7	99.4	
99.3	99.6	
98.7	99.4	
98.9	98.6	
99.3	99.6	
98.5	88.9	
99.3	99.2	
98.7	89.5	
98.9	99.4	
98.3	99.6	
99.1	99	
88.8	99.6	
