25.4	79.2	
87.6	88.7	
64.4	89.5	
84.6	89.7	
85.2	88.9	
86.4	89.5	
95.7	89.7	
98.5	87.3	
96.9	99.6	
85.2	89.7	
99.3	79.4	
88.2	79.6	
99.1	78.8	
87.4	89.1	
98.7	89.7	
99.3	99.2	
89	98.8	
88.4	97.4	
97.5	89.7	
98.5	68.5	
99.3	89.5	
68.6	89.7	
98.5	88.9	
98.7	89.5	
98.5	79.4	
69	89.7	
97.1	89.3	
98.9	89.5	
95.3	79.4	
98.5	88.7	
97.9	76.8	
99.3	99	
98.7	99	
89	88.7	
99.3	99.6	
88.6	59	
86.8	99.6	
95.3	89.5	
98.5	99	
99.1	99	
96.9	88.9	
98.5	99.6	
98.9	88.1	
97.9	99	
98.5	98.4	
98.9	89.7	
99.1	99	
98.9	99.6	
97.7	99.4	
98.7	99.4	
97.3	99.2	
98.9	78.8	
98.1	89.5	
97.7	89.7	
98.3	67.9	
99.1	99.4	
98.9	88.9	
98.3	88.3	
88.6	87.7	
98.5	89.7	
97.7	89.3	
87.2	89.7	
99.3	99.2	
99.1	99.4	
99.1	99.4	
98.3	99.2	
98.9	89.3	
98.7	99.6	
98.5	99.2	
99.1	99.6	
98.9	99	
98.5	99.4	
99.1	99.4	
86.8	99.6	
98.9	99.6	
98.1	88.3	
99.1	99	
99.1	89.3	
97.3	99.2	
98.9	59	
98.7	89.7	
99.3	89.7	
98.7	89.3	
98.9	99	
99.1	89.7	
88.8	99.6	
99.1	88.7	
98.7	89.7	
99.3	88.9	
98.3	78.4	
87.6	99.6	
99.1	89.5	
98.3	89.7	
98.9	89.7	
98.9	89.7	
98.9	89.7	
98.7	89.3	
98.9	89.5	
99.3	99.6	
98.9	99.4	
98.9	98.8	
99.1	89.7	
97.3	99.6	
98.1	89.7	
97.9	89.5	
99.1	89.3	
98.9	99.6	
97.5	89.7	
88.6	89.5	
97.5	79	
99.3	99.6	
98.3	89.7	
98.1	88.7	
98.7	89.3	
78.7	99.2	
98.7	99.6	
99.3	99	
79.5	89.7	
98.1	99.6	
98.7	99.4	
98.7	99.4	
99.1	99.6	
99.1	99.2	
99.1	66.1	
89.2	99.6	
98.3	99.6	
87.6	99.2	
99.3	99.4	
99.1	99.4	
98.7	99.2	
99.1	99.6	
99.1	89.3	
98.9	78.6	
97.3	89.5	
98.7	99.6	
98.9	99.4	
99.1	89.5	
97.9	89.5	
67.4	89.3	
89.2	98.4	
99.1	89.7	
57.9	99.4	
98.7	89.7	
98.5	79	
96.1	99.2	
98.7	99.6	
97.9	79.4	
97.9	89.5	
98.9	89.3	
56.9	99.4	
99.1	89.1	
98.9	99.6	
88.4	79.2	
98.7	99.2	
86.8	99.2	
98.9	89.7	
98.5	99.6	
99.3	68.9	
98.7	89.7	
89	99.6	
88	89.7	
79.1	89.1	
88.2	89.1	
99.3	99.4	
99.1	99.6	
99.1	66.9	
99.1	77.6	
88.8	99.6	
97.3	99.4	
98.5	79.2	
88	99.6	
99.3	99.2	
99.1	99.4	
97.9	88.7	
98.9	98.8	
99.3	99.6	
98.9	89.5	
96.3	89.5	
98.7	89.1	
99.1	88.5	
98.1	99	
99.3	99.4	
97.7	89.7	
86	99	
98.9	99.4	
96.7	98.6	
98.1	99.6	
97.9	88.5	
98.9	99.4	
98.1	99.4	
98.5	98.4	
98.3	99	
99.1	99.6	
98.3	99.4	
77.1	99.6	
98.1	98.8	
98.1	89.7	
99.3	99	
98.3	88.9	
97.1	99	
98.5	89.1	
98.1	89.7	
99.1	89.7	
98.1	89.5	
99.1	99.6	
97.9	89.1	
98.1	99.2	
98.9	79.6	
97.3	99.4	
97.5	99.6	
78.5	88.9	
99.1	89.3	
97.5	99	
97.9	99.6	
89.2	99.2	
98.3	99.6	
88	79.2	
89.4	99	
78.5	99.6	
88	89.1	
98.1	99.4	
97.7	99	
68.8	99	
98.7	89.7	
88.8	88.3	
98.9	99.4	
98.7	89.1	
99.3	88.9	
98.1	89.7	
98.9	89.5	
99.1	98.8	
98.7	89.7	
98.7	88.3	
78.5	99.4	
98.5	99.6	
98.7	89.5	
88.6	99.4	
99.3	89.7	
98.7	99.4	
98.9	99.4	
98.5	89.5	
99.1	99.4	
89	99	
99.1	88.9	
99.1	89.3	
98.1	88.5	
87.8	89.7	
97.9	99.4	
99.1	89.7	
88.6	89.3	
76.3	99.4	
99.1	99.6	
98.3	89.5	
99.1	99.6	
97.7	89.3	
98.1	68.1	
98.3	98.8	
99.1	89.3	
98.7	89.3	
97.1	99.6	
99.3	89.7	
99.1	99.6	
98.9	99.2	
97.9	99.4	
68.6	88.9	
97.3	99.4	
98.9	89.3	
98.9	99.6	
99.1	78.8	
98.5	99.4	
99.1	99	
99.1	99.6	
98.9	79.6	
79.1	98.8	
98.3	99.4	
95.9	99.4	
78.5	99.4	
99.1	99.4	
99.3	99.6	
88.8	99.6	
99.1	99.6	
98.7	99.4	
98.1	99.2	
99.1	99.6	
99.1	88.9	
98.1	89.5	
98.3	99.2	
99.1	99.6	
98.9	89.5	
99.1	99	
98.7	99.6	
99.1	99.6	
99.1	98.8	
98.5	99.4	
98.9	99.6	
99.1	89.3	
99.3	99.6	
99.3	79.2	
99.1	99.6	
99.3	99.6	
98.5	78.8	
99.1	99.6	
99.1	99.4	
89	99.4	
88	99.6	
98.9	99.4	
98.9	99	
99.3	98.6	
99.1	89.3	
98.9	98.6	
99.3	99.4	
98.9	99.4	
98.9	98.2	
98.7	99.2	
68.2	99.4	
98.1	89.5	
98.1	79.4	
98.5	79.4	
98.3	89.5	
79.3	68.9	
98.9	99.6	
98.1	89.7	
98.5	99.2	
78.3	99	
97.7	89.7	
98.1	89.7	
78.5	98.8	
97.5	88.7	
57.3	75	
86.8	99.2	
99.1	99.4	
98.9	98	
89.4	99.4	
99.3	99.2	
98.9	99.2	
98.9	99.4	
88.4	89.1	
98.9	99.4	
69.2	99.6	
86.2	97.8	
99.1	99.4	
99.1	99.6	
98.7	99.6	
99.1	99.4	
99.3	99	
98.9	88.9	
99.1	89.7	
98.9	99.6	
88.8	99.4	
99.3	98.6	
98.9	99.4	
99.3	99.2	
98.1	99.4	
98.5	99.4	
99.3	99.6	
96.7	99.4	
98.9	88.1	
99.3	89.1	
99.3	99.6	
99.3	89.5	
99.3	99.2	
97.3	99.4	
99.3	99.4	
98.9	89.5	
99.1	77.8	
98.9	89.3	
89.2	99.6	
99.1	99	
79.3	99	
98.9	99.6	
98.7	99.4	
98.1	89.1	
98.9	89.7	
96.1	99.6	
88.4	68.7	
96.9	99	
99.1	89.3	
97.7	99	
89.4	99.4	
47.4	89.3	
69.4	99	
98.7	99.6	
95.7	99.4	
87.6	99.6	
98.9	99.6	
87.6	89.5	
89.2	99.6	
97.3	89.3	
98.9	99.4	
97.7	98.8	
98.3	89.1	
98.7	89.7	
77.9	99.4	
88.6	89.1	
98.3	89.7	
98.9	89.7	
98.9	88.5	
99.1	99.4	
98.7	99.6	
98.9	99.6	
88.8	89.5	
98.7	99	
99.1	89.7	
97.1	89.7	
98.9	89.7	
98.7	99.6	
98.9	99.4	
98.9	99.4	
96.5	89.5	
38.1	89.7	
99.1	99.6	
98.9	99.6	
98.9	99.6	
98.7	99.6	
98.7	99.4	
68	79.4	
98.9	99.6	
97.9	79	
77.7	99.6	
67.6	89.7	
69.2	89.7	
99.3	99.6	
98.9	99.6	
98.1	89.5	
78.3	99.4	
98.9	99.4	
98.5	89.1	
98.9	89.1	
89	89.5	
98.3	78.8	
87.8	89.7	
99.3	89.7	
99.1	89.5	
97.9	78	
98.3	89.5	
98.5	99.4	
99.1	78.8	
99.3	89.1	
98.3	99.4	
99.3	89.1	
99.1	99.4	
48.2	99.4	
98.1	99.4	
98.3	89.7	
99.1	78	
98.7	89.5	
99.3	89.3	
98.9	79.6	
98.3	98.8	
98.3	96.8	
99.1	99	
88.6	78.4	
99.3	89.5	
77.9	89.5	
97.1	89.5	
96.7	89.5	
98.9	89.5	
97.5	79.2	
89.4	89.5	
99.1	77.2	
98.1	68.1	
27.4	79.6	
88	99.4	
89	99.4	
88.6	89.5	
99.3	89.5	
97.9	89.5	
99.3	89.5	
98.7	99.4	
98.5	99.6	
97.9	99	
98.7	99.2	
98.3	79.6	
96.7	79.6	
98.5	89.5	
98.9	99.4	
98.5	79.6	
98.9	78.8	
98.5	99	
98.9	79.2	
99.1	89.1	
98.7	99.4	
96.1	89.5	
99.3	98.8	
98.7	99	
97.7	99.2	
97.9	99.6	
98.7	89.7	
98.9	99.6	
87.6	99	
67.2	99.6	
98.9	99.6	
97.5	89.1	
99.1	99.2	
99.3	99	
98.5	99.4	
99.1	89.7	
99.3	99	
98.3	99.6	
98.1	88.5	
