57.5	89.3	
86.2	89.7	
88.8	89.5	
75.9	99.6	
98.1	99.6	
94.3	99.6	
82.6	99.4	
98.3	89.5	
87.4	99.6	
87.2	89.5	
99.3	89.5	
99.1	99.4	
99.1	99	
98.9	99.6	
98.9	99.6	
99.1	99.6	
89.2	89.3	
98.7	99.6	
79.1	98.4	
98.7	99.4	
99.1	89.5	
99.1	99.6	
99.1	99.6	
99.1	99.4	
98.9	89.7	
99.3	99.4	
99.3	79.6	
88.8	75	
99.3	99.2	
99.1	99.4	
99.3	98.4	
99.3	89.7	
87.2	99.2	
88.4	99.4	
98.9	99	
98.9	99.6	
98.9	89.5	
88.6	99.4	
99.1	88.9	
97.9	89.7	
99.3	99	
99.3	99.6	
99.1	88.1	
98.7	99.4	
88.4	99.4	
99.1	99.6	
98.1	89.7	
99.1	99.6	
98.5	89.1	
99.1	89.3	
98.1	89.5	
89.2	99.4	
99.1	99.4	
98.1	99.2	
99.1	99.6	
88.8	98	
98.9	99.6	
68.8	98.8	
98.9	99.6	
99.3	99.2	
89.2	99.6	
99.1	99.4	
99.1	99.6	
98.5	99.4	
98.5	89.5	
88.8	99.6	
99.3	99.6	
99.1	99.6	
98.9	99.4	
89.2	89.7	
98.7	99.2	
98.9	99.6	
99.3	99.2	
89.2	99.4	
98.1	99.6	
88.8	99.6	
99.1	99	
68.4	99.6	
89.2	99.4	
98.7	99.6	
98.7	99.4	
99.1	89.7	
99.3	99.4	
88.8	99.6	
99.3	99.6	
98.7	99.4	
99.1	99.4	
99.1	99.6	
87.2	99.6	
69	99.6	
99.3	99.6	
99.3	99.6	
99.1	89.5	
99.1	99.6	
98.5	88.5	
98.9	99.4	
88.2	99.6	
99.3	99.6	
99.3	99.4	
98.9	99.6	
99.1	89.7	
99.3	98.6	
87	98.8	
99.1	89.5	
98.9	99.6	
99.3	99.4	
99.3	89.5	
98.7	99.4	
99.1	99.6	
99.3	89.5	
99.1	99.6	
99.3	98.8	
88.6	89.7	
89	99.4	
89.2	99.6	
99.3	99.6	
99.3	99.4	
99.1	99	
87	89.5	
78.7	99.4	
99.1	99.4	
89	99.6	
89.2	99.6	
98.9	99.4	
99.1	99.6	
98.9	99.4	
99.3	89.5	
99.3	99.4	
98.9	99	
89.2	99.4	
77.5	99.6	
98.9	98.6	
78.5	99.6	
88.6	99.6	
99.1	79.4	
99.1	89.5	
89.2	99.6	
99.3	99.6	
98.5	99.6	
99.3	99.6	
98.7	99.4	
99.3	99.4	
99.1	99.6	
98.7	99.6	
98.3	99.6	
99.1	99.6	
99.1	99.6	
99.3	99.6	
98.1	99.4	
99.1	99.4	
99.3	89.1	
98.9	99.4	
99.1	99.6	
97.5	99.6	
97.1	99.6	
99.3	99	
99.1	89.7	
99.3	98.6	
99.3	99	
98.9	98.8	
99.3	99.2	
99.1	99.4	
98.9	98.6	
97.3	99.4	
99.3	99.6	
99.3	99.4	
99.3	99.6	
97.9	99.4	
99.3	99.4	
99.3	99.6	
99.3	99.4	
99.1	89.1	
89	99.6	
99.3	99.2	
99.1	99.6	
98.5	99.4	
98.9	99.2	
99.3	99.6	
99.3	99	
98.9	99.6	
99.1	99.4	
98.7	89.5	
99.3	99.4	
89.4	99.4	
88	99	
99.3	99.6	
98.5	99.6	
99.1	99.2	
98.9	99	
99.3	99	
99.1	99.6	
98.9	99.6	
78.7	98.8	
99.3	99.6	
99.3	99.6	
99.1	89.7	
89.2	99.4	
99.3	99	
99.3	99.6	
98.5	98.8	
99.3	89.5	
99.1	99.6	
89	99.2	
99.3	89.5	
99.1	99.4	
99.3	98.6	
79.1	89.5	
89	99.6	
97.7	99.6	
99.3	99.6	
99.1	99	
98.9	99.2	
89	99.6	
98.9	89.7	
98.9	99.6	
99.3	99	
99.3	99.4	
99.3	99.6	
99.3	99.4	
99.3	89.3	
99.3	89.1	
98.7	89.7	
98.9	99.6	
99.1	89.3	
99.1	79.6	
99.3	89.7	
98.9	89.5	
99.3	88.9	
99.3	89.7	
99.1	99.4	
99.3	89.7	
99.3	89.7	
99.1	89.7	
99.1	89.1	
99.3	89.5	
78.5	89.7	
99.1	88.7	
99.1	99.6	
99.3	99.4	
99.1	99.2	
88.8	99.4	
98.7	99.6	
88.6	98.2	
99.1	89.3	
99.1	99	
99.1	99.6	
87.4	99.4	
99.3	99.6	
89	99.6	
98.7	89.3	
99.3	99.4	
98.9	89.3	
99.3	99.6	
99.1	99.6	
98.9	99.6	
99.3	89.5	
99.3	99.4	
99.1	99	
89	99.6	
99.1	99.4	
88.8	99.4	
99.3	89.3	
99.3	89.3	
78.9	89.5	
98.5	99.4	
99.1	99	
99.3	99.6	
99.3	99.6	
99.1	99.6	
99.1	99.6	
99.1	99.2	
89	99.6	
99.3	99.2	
99.3	99.6	
99.1	99.6	
99.3	99.4	
99.1	99.6	
89	99.6	
98.9	99.6	
99.3	99.6	
98.9	99.2	
99.1	99.6	
99.3	99.6	
99.3	99	
89	99.4	
98.9	89.3	
89.2	89.7	
98.7	99.4	
89.2	99.6	
99.1	88.9	
99.1	99.6	
88.6	99.6	
99.3	99.6	
98.9	99.2	
88.8	99.4	
89.2	99.4	
99.3	99.4	
99.3	98.8	
99.3	99.4	
99.3	99.2	
89	99.2	
99.3	99.4	
99.3	89.5	
99.3	88.7	
99.3	98.8	
99.1	89.5	
98.9	89.3	
98.9	89.7	
99.3	89.5	
89.2	89.7	
98.3	89.7	
99.1	98.6	
99.1	89.7	
78.7	99.4	
99.3	59.4	
99.3	79.4	
99.1	89.5	
99.1	79.4	
99.1	99.6	
98.5	99.6	
99.1	99.4	
99.1	99.6	
89.4	89.7	
99.3	99.4	
99.1	99.4	
98.7	99	
98.5	99.2	
98.7	99.6	
98.5	99.6	
99.1	99.6	
88.8	99.4	
99.1	89.1	
99.3	99.6	
99.3	89.1	
99.3	89.5	
99.1	99.4	
99.3	99.6	
98.9	98.8	
89.2	89.7	
99.3	99.6	
99.1	99.6	
79.1	99.2	
98.7	99.2	
99.1	99.4	
78.7	99.6	
87.4	89.5	
89.2	99.6	
88.6	99.4	
98.7	98.8	
99.3	99.4	
89.2	89.5	
99.3	99.6	
99.3	89.1	
99.3	99.4	
88.8	99.6	
77.9	87.1	
99.3	89.5	
99.1	99.6	
65.4	99.4	
99.1	99.6	
98.9	89.3	
89	99.6	
89.4	99.6	
98.9	89.5	
99.3	99	
99.3	99.6	
98.7	99.4	
98.9	99	
77.5	88.9	
99.3	99.2	
99.1	98.8	
99.3	99.6	
99.1	99.6	
99.1	99	
98.9	99	
99.1	89.7	
99.3	99.4	
99.3	99.4	
99.1	89.7	
99.3	99.6	
98.9	99.6	
99.3	99.6	
98.9	88.9	
88.6	98.6	
98.9	99.4	
99.3	99.6	
99.3	99.6	
98.9	99.4	
99.3	89.3	
98.7	89.7	
99.3	99.6	
98.9	99.6	
99.1	99.4	
98.5	89.7	
99.3	99.2	
98.7	99.2	
99.1	99.6	
98.9	99.2	
88.8	99.6	
98.7	89.5	
98.9	99.6	
89.4	89.5	
99.3	99.6	
99.1	99.6	
88.8	99.4	
98.7	99.6	
98.3	99.4	
89.2	99.4	
99.3	89.5	
99.1	99.4	
98.7	99.2	
97.5	99.6	
99.3	99.4	
98.3	99.4	
99.3	99.4	
99.3	99.6	
98.5	99.6	
98.9	99.4	
78.5	99.4	
99.3	99.6	
98.5	99.4	
98.7	99.6	
98.7	88.9	
98.3	99.6	
98.7	99.4	
99.3	99.4	
99.3	99.6	
98.7	99.2	
99.3	99.6	
99.3	89.5	
99.3	99	
99.1	99.6	
99.1	99.6	
99.1	99.6	
99.1	99.4	
98.7	88.9	
99.3	89.7	
98.5	99.4	
98.9	99.4	
88.6	99.6	
98.5	88.7	
99.3	99.6	
98.7	99.6	
98.3	98.8	
99.1	99.6	
89.2	99.4	
98.5	88.9	
99.3	99.2	
98.3	99.4	
99.1	99.6	
88.8	99.2	
98.7	99.4	
99.3	99.2	
98.7	99.6	
88.8	99.6	
99.1	99.4	
98.5	99.4	
98.9	99.6	
88.8	99.6	
99.1	99.4	
99.1	99.2	
68.8	99.6	
87.8	99.4	
99.3	99.2	
98.9	99.6	
99.1	99.6	
99.3	89.3	
98.9	99.6	
89	99.6	
98.9	99.4	
99.3	99.4	
99.1	89.5	
98.9	99.6	
98.5	89.1	
89.2	99.4	
78.9	99.4	
98.9	99.6	
89	98.8	
99.1	89.7	
99.3	99.6	
88.8	99.4	
98.9	89.1	
99.1	99.4	
99.3	89.5	
99.1	99.4	
99.3	99.4	
99.3	99.4	
99.1	89.5	
89.2	99.6	
98.7	99.6	
98.5	99.6	
99.3	99.6	
99.3	99.6	
99.1	99.2	
98.9	99.6	
99.1	99.4	
99.1	99.6	
99.3	89.7	
99.3	99.6	
99.1	89.7	
