42.8	99.4	
96.3	89.3	
57.1	79	
97.9	98.2	
86.2	57.8	
97.5	99.2	
97.7	99.4	
99.1	97.2	
84	89.7	
98.7	99.2	
64.2	97.6	
97.3	99.6	
98.9	98	
93.1	99.6	
99.3	89.7	
95.3	98.6	
98.3	99.6	
96.7	98.8	
88.6	89.7	
98.7	99.2	
96.7	99.6	
98.5	99	
97.7	99.6	
99.1	99.2	
96.7	87.9	
87.6	99.6	
98.7	99.6	
99.1	99	
97.1	86.3	
98.5	99	
98.1	99.6	
99.1	99.6	
96.3	99.6	
97.5	98.8	
99.3	99.6	
98.3	99.2	
98.5	89.3	
97.9	96.4	
97.9	78.8	
98.7	87.1	
98.9	99.2	
99.3	98	
98.9	89.1	
88.8	97.8	
97.7	97.6	
97.5	99.6	
98.5	89.1	
98.7	99.6	
98.1	97.6	
99.1	99	
74.7	89.5	
99.1	97.8	
98.9	98.6	
99.1	79.4	
96.7	98.8	
99.1	99.4	
99.3	99.4	
99.3	99.4	
98.9	99.2	
97.1	89.7	
88	88.9	
99.3	88.7	
97.1	99.2	
96.9	99.6	
98.9	99.4	
99.1	99.4	
97.9	99.2	
99.3	99	
88.8	89.7	
97.7	99.6	
87.8	99.6	
98.9	99.2	
99.1	99	
97.7	99.2	
98.9	89.5	
98.7	88.9	
97.5	99.6	
99.3	99.6	
98.5	99.4	
98.5	99.4	
96.1	99.4	
98.7	99.2	
46.8	89.7	
98.9	99.6	
98.9	99.4	
98.9	89.7	
99.1	88.7	
99.1	88.9	
98.9	99.4	
99.1	99.6	
98.5	99.4	
98.9	99.6	
98.9	99.2	
97.1	98.8	
98.9	99.2	
99.1	99.2	
98.9	99.2	
99.1	99.2	
98.5	99.6	
98.5	99.4	
97.9	98.8	
99.1	89.3	
99.1	99.6	
98.9	89.5	
99.3	99.6	
97.7	89.3	
98.9	98.6	
97.9	99.4	
98.7	89.1	
98.7	89.3	
86.2	97.8	
99.1	99.4	
99.1	99.6	
98.7	89.5	
98.7	99	
97.7	89.5	
99.3	99.6	
98.9	99.4	
98.1	99.6	
98.9	99.6	
98.3	99.4	
89	79.2	
99.1	99.6	
99.1	99	
97.5	99.4	
98.7	99.2	
99.1	88.3	
98.9	89.5	
88.4	88.9	
98.7	99.6	
98.7	99.6	
98.9	99.4	
97.3	99	
88.8	99	
99.1	99	
98.9	99.4	
98.9	97.4	
98.5	99.4	
98.9	88.7	
98.1	99.6	
98.7	99.2	
98.5	89.1	
98.9	99.6	
88.6	89.3	
98.7	89.5	
98.7	89.3	
98.9	99.6	
97.9	99.2	
98.3	99.6	
99.3	99.6	
98.7	98.8	
98.7	98.6	
98.3	89.7	
98.7	99.2	
98.1	99.2	
97.7	89.3	
99.3	89.7	
98.1	98.6	
88.8	87.7	
87.8	99.2	
97.7	68.5	
99.3	98.2	
98.3	99.4	
98.9	99.2	
89	98.8	
97.7	99.2	
89.2	99.6	
67.8	99.4	
99.3	99.4	
98.1	99.4	
98.7	99.6	
99.1	99.4	
97.9	99.6	
98.1	99.6	
98.9	99.4	
99.1	79	
98.9	88.9	
98.1	88.9	
98.7	98.4	
98.9	99	
99.1	89.1	
98.5	99.6	
98.9	99.4	
97.3	99.4	
97.7	89.7	
98.1	89.5	
97.7	98.8	
99.3	99.4	
99.1	98.8	
99.1	99.6	
98.9	89.7	
99.1	88.9	
98.9	99	
97.3	99	
97.9	89.7	
98.5	99.4	
97.1	89.7	
98.5	99.2	
99.1	88.1	
98.5	97.6	
98.3	99.2	
98.7	99.6	
99.1	99.4	
85.8	89.1	
98.9	89.7	
89	99.2	
99.1	99.6	
98.7	99.4	
98.9	99.4	
98.7	88.3	
98.3	99.4	
98.1	89.1	
58.3	98.2	
99.1	99.2	
99.1	99.4	
99.1	99.2	
98.7	98.8	
98.3	99.6	
87.8	99.4	
99.3	99.4	
98.5	89.7	
98.5	89.1	
98.9	99.2	
98.3	89.5	
98.5	99.6	
99.3	79	
98.9	89.5	
98.5	89.3	
98.7	89.3	
99.1	99.2	
99.1	89.3	
98.7	89.5	
98.1	79.6	
98.5	88.9	
98.9	99.4	
98.1	98.6	
98.5	99.4	
98.3	98.6	
97.7	89.7	
98.9	88.9	
97.9	99.6	
99.1	98.6	
98.1	99.4	
88.6	97.6	
99.3	89.5	
98.1	89.5	
99.3	97	
98.1	99.6	
99.1	98.6	
98.7	98.8	
97.5	99.6	
96.3	99.6	
98.9	79	
98.5	89.3	
99.3	98.4	
98.9	97.8	
98.3	89.3	
99.3	99.4	
98.7	99.4	
98.9	99.6	
99.1	99.2	
99.1	79.2	
77.9	89.3	
97.9	89.7	
88.4	77.8	
98.9	89.7	
98.3	89.3	
97.9	99	
98.7	99.6	
89.4	89.1	
88.2	99	
98.5	99.4	
98.5	99.4	
69.4	89.3	
88.4	99.6	
99.3	99.2	
99.1	89.1	
77.9	89.5	
97.7	78.6	
77.9	98.2	
98.1	99.6	
98.9	89.3	
98.7	99.6	
98.9	68.5	
98.1	99.6	
89.2	99.6	
88.6	99.4	
97.7	89.7	
98.5	99.4	
98.7	99.4	
88.4	79	
98.7	88.3	
98.7	99.2	
89	98.4	
98.5	99.4	
99.3	99.2	
79.1	99.6	
99.3	89.7	
87.8	99.2	
98.1	98.4	
98.7	99	
97.7	99.6	
89.4	78.8	
89.2	79.2	
98.5	99	
99.1	99	
99.3	99.6	
78.5	99.4	
99.1	99.4	
98.7	88.9	
98.3	99.4	
98.5	89.7	
98.7	99.2	
99.1	97.8	
86.8	99.4	
97.3	88.9	
98.7	89.3	
98.9	99.4	
98.9	99.6	
99.1	99.6	
97.9	99.2	
98.7	98	
99.1	99.6	
88.4	99.2	
87.6	89.3	
98.3	98.6	
98.5	99.6	
98.9	99	
98.1	99.6	
88.8	98.4	
98.9	98	
99.3	89.7	
98.3	89.5	
98.5	89.5	
78.1	99.4	
99.3	99.2	
97.5	98.8	
98.7	99.4	
98.9	89.1	
98.9	78.8	
77.7	99.4	
98.5	89.5	
89	89.3	
98.3	99.6	
99.3	99.6	
98.9	99.6	
98.7	99.6	
89.2	99.4	
98.9	98.8	
98.7	99	
78.1	89.5	
98.5	89.1	
68.6	99.4	
98.5	88.9	
98.1	89.5	
98.3	89.5	
98.9	99.6	
98.9	89.7	
99.3	89.5	
86.2	89.1	
98.5	99.4	
98.9	99	
99.1	99.4	
98.7	99.2	
99.1	78.8	
98.9	89.5	
99.1	99.2	
87.6	99.4	
98.3	89.5	
97.9	78.4	
87.8	88.7	
97.9	89.1	
98.3	98.6	
98.3	89.1	
99.3	89.5	
98.5	89.1	
98.3	99.2	
98.7	99.4	
99.1	89.1	
98.1	88.3	
89.4	99.4	
99.3	89.5	
99.1	99.4	
98.9	89.3	
98.5	89.1	
88	99.4	
99.1	79.4	
99.1	89.3	
99.3	99.2	
99.1	98.8	
97.7	98.8	
98.1	98.8	
88.8	99.4	
99.3	89.5	
98.7	98.2	
99.3	99.4	
88	99.6	
98.9	89.5	
98.9	98.4	
75.5	99.4	
97.7	99.6	
98.3	79.2	
98.7	89.7	
99.3	98.6	
98.9	89.3	
98.7	98.4	
98.3	99.2	
99.3	99.6	
99.1	99.6	
98.7	99.6	
97.5	99.4	
98.9	99.4	
98.3	99.2	
98.5	99.4	
98.7	99.6	
98.7	66.7	
98.9	99	
97.1	99.2	
98.9	99.4	
99.1	99.2	
99.3	99.2	
99.3	99	
89	99.4	
98.9	99.4	
98.9	79.4	
97.7	99.6	
99.3	99.2	
98.1	99.2	
58.3	89.1	
98.9	99	
98.7	99.4	
99.3	97.8	
97.5	89.3	
95.7	89.5	
98.9	99.6	
99.3	99.4	
98.9	88.9	
99.1	89.1	
97.7	78.4	
98.9	99.4	
98.7	99	
98.7	99	
98.7	99.6	
98.7	99.2	
98.7	99.4	
98.5	99.4	
98.9	99.4	
98.7	89.1	
98.9	99.4	
98.7	99.2	
86.6	88.7	
98.3	99.6	
98.9	99.4	
98.9	99.6	
98.9	99	
98.9	89.7	
98.7	98	
98.9	89.7	
98.5	99.6	
78.5	99	
98.7	89.3	
99.1	98.6	
99.1	99.6	
88.2	99	
97.7	99.4	
98.7	99.2	
98.5	99.6	
98.1	97	
88.8	99.4	
87.6	99.4	
99.3	99.6	
99.1	99.6	
99.1	99.6	
88.4	99.6	
89.4	89.7	
98.7	99	
98.7	99.2	
98.9	99.4	
99.1	77.2	
99.1	89.1	
88.2	89.5	
96.1	99.2	
98.5	89.5	
99.1	99	
99.1	99.6	
88.4	89.3	
99.1	99.2	
98.1	89.1	
88.6	98.8	
98.9	89.5	
99.3	99.4	
98.7	89.3	
98.9	89.1	
85.8	88.9	
96.7	88.9	
98.5	99	
98.9	89.5	
98.9	89.7	
98.9	99.4	
78.5	88.9	
