99.3	99.6	
98.7	99.6	
98.1	88.9	
89	89.5	
99.3	99.4	
98.5	99.6	
99.3	99.4	
99.1	99.2	
98.7	89.3	
98.7	99.4	
99.1	89.7	
98.5	99.6	
97.7	89.3	
89	89.3	
98.7	99.4	
88.6	89.5	
98.9	89.5	
89.2	99.6	
99.1	99.4	
99.1	99.6	
78.3	99.4	
98.3	99.4	
99.3	98.8	
98.7	99.4	
89.2	99	
88.4	99	
99.1	99.6	
89	99.6	
99.3	89.7	
99.1	99.4	
98.9	89.5	
89.2	99.6	
99.1	89.7	
89.2	99.6	
98.9	88.7	
88.2	99.6	
89.4	99	
99.1	99.6	
98.9	88.9	
78.1	99.6	
98.9	99.6	
99.1	99.6	
87.8	99.6	
99.1	99.4	
99.1	99.6	
99.1	99.4	
99.3	99.2	
69	99.2	
98.7	99.4	
98.9	88.9	
99.3	99.4	
98.9	98.8	
99.3	99	
98.9	89.1	
89.4	99.6	
89	99.2	
99.1	99.6	
99.1	99.6	
78.9	99.2	
78.7	99.4	
89	98.8	
98.7	99.6	
98.9	99.4	
98.7	99.4	
98.5	99.6	
99.1	88.7	
89.4	99.4	
99.3	99	
99.3	89.5	
99.1	99.6	
99.3	99.4	
98.9	89.7	
98.1	99.4	
79.1	88.5	
99.3	99.6	
99.1	89.3	
99.3	99.6	
99.1	99.6	
99.3	99.4	
99.1	79.2	
99.1	89.3	
99.3	99.4	
89.4	99.6	
57.7	99.4	
99.1	99.2	
88.4	99.2	
78.5	98.6	
98.3	99.6	
99.1	99.4	
99.1	99.2	
98.9	98.6	
99.1	99	
99.3	99	
99.3	89.5	
99.1	99.2	
99.3	99.6	
98.9	88.7	
99.1	99.2	
68.8	99.2	
99.3	99.6	
99.1	99	
98.7	99.4	
89	89.5	
88.6	79.2	
98.3	99.6	
78.7	99.4	
98.7	79.6	
99.3	99.2	
98.7	99.6	
99.1	99.6	
98.7	99.4	
98.5	99.6	
99.3	99.4	
88.8	89.3	
99.1	99.2	
97.5	99.4	
98.7	99.6	
98.5	89.5	
98.7	89.7	
88.8	99.6	
88.6	99.6	
68.2	99.6	
99.3	99.6	
98.9	99.6	
89	99.6	
98.5	99.2	
99.1	99.6	
89.2	89.3	
87	98.8	
99.3	99.6	
79.1	99	
98.9	88.9	
99.3	99.6	
99.3	98.6	
98.3	99	
98.9	89.5	
98.9	99.4	
78.5	88.3	
99.1	99.6	
79.1	99.6	
99.3	89.7	
99.1	99.4	
99.3	99.4	
98.9	99.2	
89.2	99.6	
89.2	99.4	
99.1	99.6	
99.3	99.6	
89	99.4	
98.9	99.4	
99.3	99.6	
98.9	99.6	
98.7	99.4	
99.3	99.6	
99.3	99.4	
48.8	99.4	
98.9	99.2	
99.1	89.3	
99.3	89.7	
58.3	99.4	
98.5	89.3	
99.1	78.8	
88.8	99.6	
99.1	99.2	
99.3	99.4	
87.6	99.4	
79.1	99.4	
99.3	99.2	
98.9	89.3	
99.3	99.2	
99.3	99.6	
79.1	89.1	
88.4	99.4	
98.9	99	
99.1	99.2	
79.1	99.2	
88.4	89.3	
98.1	99.6	
98.5	99.6	
98.9	89.1	
99.3	99.6	
98.9	99.6	
88.8	99.6	
98.9	89.7	
88.6	98	
88.8	99.6	
79.3	89.3	
98.9	99.4	
89.2	89.3	
99.1	79.2	
98.5	99.6	
98.7	89.5	
99.1	99.4	
99.1	99.6	
89.2	89.5	
88.8	89.5	
88.4	99.2	
99.1	99.6	
89.4	99.2	
98.5	99.2	
99.3	99.4	
98.9	99.2	
89.2	99.6	
99.3	99.4	
99.1	89.7	
68.6	99.6	
99.3	68.3	
98.5	99.6	
98.7	99.4	
99.1	99.6	
99.1	99	
98.7	99	
88.6	99.6	
99.1	99.6	
99.3	99.6	
98.7	99.6	
79.1	98.6	
88.8	89.1	
89.2	99.2	
99.3	99.4	
99.1	89.3	
89.4	79.2	
89.2	99.4	
98.9	99.6	
98.7	99.2	
88.4	99.6	
99.1	99.6	
79.1	99.4	
99.3	99.6	
99.3	79.2	
98.7	99.2	
99.3	99	
98.9	99.4	
99.1	99.6	
89.2	99.6	
99.1	99.4	
89	99.4	
99.1	99	
88	99.6	
99.1	89.1	
98.7	89.3	
97.3	99.4	
98.5	98.6	
87.6	99.4	
98.9	99.6	
79.5	99	
89.4	89.5	
98.7	99.6	
89.4	99.4	
88.4	99.6	
58.5	99.6	
98.5	99.6	
99.3	88.9	
98.5	99.2	
99.1	99.2	
98.9	89.3	
99.3	99.6	
89.2	99.6	
99.1	89.5	
99.3	89.1	
89	99.6	
98.7	99.4	
99.3	89.7	
99.3	89.5	
97.9	88.7	
99.3	99.6	
99.3	89.1	
98.7	99.6	
98.9	99.6	
88.4	89.3	
99.3	98.4	
99.3	99.6	
98.9	99.2	
99.3	89.7	
98.9	98.8	
89	99.6	
99.1	99.2	
89.2	99.2	
98.9	89.5	
99.1	99.4	
97.5	89.1	
99.3	99.6	
89.4	99.6	
78.9	99.2	
89.4	99.4	
99.3	99.6	
69	99.6	
99.3	88.7	
99.3	99.6	
88.4	99.4	
88.4	99.4	
98.9	99.4	
99.3	99.6	
79.1	89.3	
98.9	79.4	
89.2	89.5	
99.1	99.6	
98.5	99.6	
58.1	99.6	
98.5	89.1	
99.3	89.3	
98.7	99.6	
99.1	98.8	
99.1	99.6	
99.1	99	
99.1	89.7	
88.8	99.2	
99.1	99.2	
99.3	99.2	
98.7	99.4	
99.3	99.6	
99.1	99.4	
98.9	99.2	
88.8	99.4	
99.1	99.6	
99.3	99.6	
99.3	99.6	
88.6	99.4	
97.5	99.6	
98.9	98.8	
98.5	99.6	
99.3	89.5	
98.7	99.4	
99.1	99.6	
99.3	99.4	
87.2	99.4	
89.2	99.2	
99.3	89.3	
98.9	99.6	
78.7	99.6	
98.9	99.2	
99.1	99.2	
98.3	99.4	
99.1	99.2	
99.1	99.4	
89.4	99.6	
89.2	88.9	
89	99.6	
98.9	99.2	
99.3	89.5	
89	99.4	
98.9	89.5	
89.2	99.4	
89	99.4	
98.7	99.6	
99.1	78.6	
88.6	89.1	
99.3	89.3	
98.7	99.6	
88.4	89.5	
89.4	99.6	
99.1	99.6	
98.7	99.6	
99.3	99.6	
88.6	99.6	
98.5	99.6	
69.2	99.2	
99.3	99.6	
98.9	89.5	
98.9	99.6	
78.9	88.9	
79.3	98.8	
99.1	89.3	
98.1	99.4	
98.9	89.7	
78.3	99.4	
99.1	99.6	
88.4	89.3	
99.3	79.4	
99.3	99.2	
99.1	97.8	
88.4	99.6	
99.3	99.4	
98.9	99.6	
99.3	79.4	
88.8	89.7	
99.1	99.2	
99.3	79.6	
99.3	89.5	
99.1	89.5	
97.7	99.4	
88.2	99.4	
98.5	99.2	
99.3	99.2	
99.3	99.6	
99.3	99.6	
89.2	99.4	
89.2	99.6	
89	98.8	
99.3	79.2	
98.9	89.7	
99.1	89.7	
88.2	99.2	
78.9	99.6	
68.8	99.6	
99.3	99.4	
89	99.4	
99.3	99.6	
88	99.2	
99.3	89.3	
99.1	98.8	
99.1	89.5	
98.9	99.4	
99.1	99.6	
88.6	99.2	
99.1	99.4	
88.2	99.4	
99.3	99.4	
98.5	88.9	
99.3	89.5	
99.1	99.2	
98.9	99.6	
88.8	99.6	
99.3	99.2	
99.3	99.4	
78.9	99.6	
99.1	99.6	
88.6	99.6	
99.3	99.2	
88.8	89.5	
88	89.5	
99.1	89.3	
99.3	99.6	
89.2	79.2	
99.1	99.6	
99.1	99.6	
98.9	99.4	
67.8	99.6	
99.1	99.4	
98.3	99.4	
88.6	89.3	
88.8	89.7	
88	99.4	
99.1	99.6	
98.5	99	
99.3	99.4	
99.3	99.2	
88.8	99.6	
99.1	99.6	
68.8	89.5	
87.8	99.6	
99.3	99.6	
98.5	89.7	
88.6	99.4	
99.1	89.1	
89	89.3	
89	99.6	
98.9	99.4	
89	89.7	
99.1	89.3	
98.5	99.2	
98.3	99.6	
99.1	99	
99.3	99.4	
99.3	99.4	
99.1	99.4	
99.3	99.2	
89.2	99.6	
98.7	99.6	
79.1	99	
99.1	99.4	
98.9	99.6	
99.1	89.7	
89	99.4	
99.3	89.7	
99.1	99.4	
99.3	99.6	
99.3	99	
97.9	99.6	
99.1	99.2	
99.3	99.6	
99.3	89.7	
98.9	89.5	
99.3	88.7	
98.9	99.6	
97.9	99.2	
99.3	99.4	
99.1	99.4	
89	99.4	
99.3	99.4	
99.1	99.4	
99.1	99.6	
99.3	99.6	
88.6	99.4	
89	99.4	
98.3	79.6	
67.8	99.4	
98.9	99.2	
69.2	99.6	
98.9	99.6	
88.8	99.6	
99.3	99.6	
99.3	99.4	
99.3	88.9	
88.2	89.5	
98.9	99.2	
99.1	78.6	
99.3	99.2	
99.1	89.3	
98.9	99.6	
89.2	99.2	
99.3	99.4	
98.7	99.6	
89	99.4	
88.2	99.4	
99.3	89.7	
88.8	99.6	
99.1	99.6	
88.6	99.4	
99.1	89.3	
98.9	99.4	
99.3	99.2	
99.1	99.2	
98.7	99.4	
98.9	89.7	
98.3	99.6	
68.4	89.7	
98.7	89.7	
99.3	99.6	
99.3	98.2	
89	99.6	
99.3	99.6	
88.6	89.7	
98.9	99.4	
99.1	99.6	
99.3	99.6	
99.3	89.1	
99.3	99.4	
99.1	99.4	
88.4	99.4	
99.3	99.6	
77.7	99.6	
99.1	99.6	
98.9	89.5	
99.1	99.6	
98.9	99.4	
88.8	99.2	
99.1	99.6	
98.7	99.4	
88.8	89.3	
98.7	98.2	
98.9	99.6	
99.1	99.4	
99.1	99.4	
99.1	99.6	
89.2	99.6	
99.1	99.6	
89.4	99.6	
99.1	99.6	
98.5	98.6	
99.1	89.5	
88.8	89.7	
88.4	99.6	
99.3	89.1	
99.3	99	
98.9	99	
99.3	88.9	
99.3	99.6	
99.3	89.5	
98.7	99.6	
99.3	99.6	
99.1	89.5	
98.9	99.4	
99.1	89.5	
99.3	99	
78.7	99.4	
99.3	99.6	
98.7	98.2	
98.9	89.5	
98.9	99.4	
99.1	99.6	
99.3	99.6	
89.4	99.6	
98.5	89.5	
99.3	99.6	
98.1	99.4	
99.3	99.6	
99.3	99.2	
99.3	89.5	
98.9	99.6	
89.2	99.6	
98.9	99	
88.2	98.4	
79.3	99.6	
79.1	99.4	
89.4	99.4	
78.9	99.6	
98.9	99.4	
99.3	99.4	
99.1	99.2	
98.7	99.4	
89.2	99.6	
68.4	99.2	
98.9	79.4	
99.1	89.1	
99.3	99	
99.3	99.6	
89.2	99.4	
89.2	89.1	
88.8	89.7	
99.3	99.2	
98.9	99.6	
99.3	89.5	
99.1	99.6	
89.2	99.4	
98.1	99.4	
89.2	99	
89.2	79.2	
89.4	99	
88.8	89.5	
98.9	89.7	
88.6	89.3	
99.1	98.6	
98.9	99.6	
99.3	89.1	
99.1	98.8	
99.3	98.6	
89	89.7	
98.3	89.7	
78.9	99.4	
99.1	99.6	
98.9	99.2	
99.1	99.4	
99.1	99.4	
99.3	99.6	
89	99.6	
98.9	99.6	
99.1	99.6	
78.7	99	
89	88.9	
89.2	89.7	
99.1	89.1	
99.3	99.6	
98.7	89.3	
99.1	99.6	
89.2	99.2	
98.7	99.2	
98.9	99.2	
89.2	98.8	
99.1	89.5	
99.1	99.6	
88.8	99.6	
78.9	99.4	
99.3	89.5	
99.1	99.4	
98.9	99.6	
89	89.7	
88.8	99.6	
99.3	99.4	
99.3	89.3	
89.4	99.4	
89.2	99	
99.3	99.4	
78.9	99.2	
99.1	99.6	
88.2	99.6	
88.8	79.4	
98.9	99.6	
89	89.5	
98.9	99.6	
89.2	89.5	
99.1	89.5	
98.7	99.6	
99.1	98	
98.7	89.5	
88.4	89.7	
78.5	99.4	
98.3	99.4	
98.9	99.6	
98.9	99.2	
99.3	99.6	
89.4	99.2	
98.9	99.2	
98.7	99.4	
89.2	99.4	
99.1	99.6	
69.4	99.4	
88.2	99.2	
99.1	88.7	
98.9	99.6	
68.6	99.6	
98.9	99.6	
88.8	99.6	
89	98.8	
88.6	99.6	
99.3	99.2	
99.3	99.6	
99.3	99.6	
89.2	99.2	
99.1	99.2	
89	99.6	
88.8	99.6	
99.1	79.6	
88.8	89.3	
79.1	99.6	
79.1	99.6	
99.1	99.4	
89.4	79.2	
99.3	99.2	
98.7	99.4	
99.1	89.3	
99.3	99.4	
98.9	99.4	
77.7	99.2	
99.3	99.6	
98.9	89.3	
77.7	89.7	
68.6	99.4	
47.6	99.2	
99.1	99.2	
88.8	99	
99.3	99.6	
98.9	99.4	
99.3	99.6	
98.9	89.7	
69	99.4	
99.1	99.6	
78.1	99.4	
98.9	99.4	
98.5	99.4	
48.6	89.1	
98.7	99.2	
99.3	99.4	
99.3	99	
99.1	99.4	
99.3	89.3	
99.1	99.4	
58.1	99	
79.3	99.4	
89	99.4	
77.5	99.4	
98.5	99.6	
98.5	99.4	
96.5	99.4	
98.9	99.2	
88.6	99.4	
99.1	99.4	
88.8	99.6	
78.7	99.4	
99.3	99.6	
78.9	99.4	
78.1	99.4	
98.7	99.6	
98.9	99.2	
99.1	99.4	
98.9	99.6	
69	89.5	
99.1	99.6	
99.1	99.6	
98.7	99.6	
97.5	89.1	
98.7	99.6	
98.9	99.6	
99.1	99.6	
78.7	99.6	
98.7	79.4	
98.7	99.4	
98.1	99.4	
98.9	99.2	
99.3	89.1	
88.6	99.6	
79.3	99.4	
99.3	99.4	
99.1	99.4	
99.1	99.2	
99.3	99.6	
98.7	99.4	
99.3	89.5	
99.1	99.4	
88.6	89.5	
99.1	89.7	
98.9	99.6	
89	99.6	
99.1	99.4	
89	99.6	
99.1	99	
88.4	99.2	
98.9	99.6	
89.2	89.5	
68.8	99	
99.1	99.4	
99.1	89.3	
99.1	99.6	
99.3	99.4	
99.1	99.6	
98.9	99.6	
98.5	99.6	
88.8	99.2	
99.3	99.4	
98.7	99.6	
89.2	89.7	
89.2	99.2	
89.2	89.1	
88.8	99.6	
99.3	99.4	
99.3	99.6	
99.3	89.7	
99.3	99.4	
98.5	99.4	
99.3	89.7	
99.3	99.2	
99.3	99.6	
89.2	99.4	
77.7	99.6	
99.1	99.4	
89.2	99	
79.1	99.4	
99.1	99.6	
99.1	99.6	
89	89.5	
99.1	99	
99.3	99.2	
98.9	99.4	
78.3	99.6	
99.3	78.4	
98.9	99.4	
99.1	99.6	
98.7	98.8	
78.9	98.6	
89	99.6	
99.3	98.8	
99.3	99.6	
99.3	99.4	
79.1	99.4	
99.3	99.2	
99.3	99.4	
89.4	99.6	
98.9	99.2	
98.9	99.6	
99.1	99.4	
99.1	98.6	
88.8	99.6	
99.3	99.6	
88.4	99.2	
98.9	89.7	
89	99.4	
88.6	99.6	
98.7	99.6	
99.1	99.6	
99.1	99.4	
99.3	89.1	
99.1	88.9	
89.2	89.7	
78.9	89.1	
99.3	99.6	
79.1	99.4	
98.9	99.2	
99.3	99.4	
99.1	99.4	
99.1	99.2	
89.4	99.6	
97.5	99.6	
99.3	99.2	
98.9	99.6	
99.3	69.1	
98.7	89.7	
98.9	89.5	
98.3	89.5	
89.2	99.2	
98.9	99.4	
98.7	99.4	
99.3	99.4	
88.6	99.2	
99.3	99.4	
89.2	99.6	
99.1	99.2	
99.1	99.4	
99.1	99.6	
89	79.2	
99.1	99.4	
98.9	99.6	
98.7	99	
89.2	99.6	
88.8	89.5	
89.2	89.3	
89	98.8	
99.1	99.6	
79.3	99.4	
99.3	99.4	
99.3	98.8	
99.1	99.6	
89.4	99.6	
89.4	99.4	
99.1	89.5	
99.1	89.7	
98.9	89.7	
99.3	99.4	
88.8	99.6	
98.9	99.2	
89.2	99.6	
89.2	99.2	
98.9	89.3	
99.1	99.2	
99.3	99.2	
98.9	98.6	
88.6	99.4	
89	99.4	
99.3	89.5	
98.3	99.2	
97.9	99.6	
99.3	99.6	
98.9	99.4	
79.3	99.2	
98.9	99.4	
99.1	99.2	
98.7	99	
99.1	99.6	
98.3	89.3	
99.3	88.9	
88.8	99.6	
99.3	99.6	
98.7	99.6	
89.4	99.6	
88.6	98.8	
89.2	99.4	
89.4	99.2	
69.2	99.4	
98.9	89.1	
98.9	99.2	
98.9	99	
98.3	99.4	
98.3	89.3	
99.1	99.4	
99.3	99	
99.3	99.6	
99.3	99.6	
98.7	99.6	
57.9	99.6	
99.1	99.6	
79.3	89.7	
98.3	99.6	
99.1	99.4	
66.8	89.3	
88.6	89.1	
99.1	99.2	
98.9	99.2	
99.3	89.1	
98.9	99.6	
98.5	99.4	
98.7	99.6	
89	99.6	
89.4	99.2	
98.7	99.6	
89.2	99.2	
98.3	99.2	
99.1	99	
99.3	99.4	
79.5	99.6	
98.5	89.3	
88.8	89.5	
78.5	89.5	
89.4	99.2	
99.3	99.2	
98.5	99.4	
98.9	99.6	
97.9	99.4	
79.5	99.6	
79.1	89.5	
99.1	89.1	
98.9	99.6	
98.7	99.6	
89	99.4	
99.3	99.6	
99.3	99.4	
98.7	99.6	
99.3	89.5	
89	89.5	
69.4	89.7	
99.3	99.6	
98.5	99.4	
99.3	99.6	
49	99.6	
98.5	99.4	
89.2	99.6	
69.4	99.4	
99.3	99.2	
99.3	99.4	
89.2	99.6	
89.2	99.6	
88.4	99.4	
89.2	99.4	
99.1	99.4	
88.2	99.4	
89.4	89.7	
99.1	99	
99.3	88.9	
89	99.4	
98.7	89.3	
77.7	99.6	
99.1	89.7	
98.9	89.5	
99.1	99.4	
98.9	89.7	
68.6	89.1	
98.5	99.6	
99.3	79.4	
79.5	99.4	
98.7	99	
99.1	99.4	
99.3	99.6	
