98.9	99.4	
99.1	89.7	
99.3	99	
99.1	99.4	
97.7	99	
98.3	89.7	
98.9	99.4	
88.6	99.6	
98.3	99.4	
99.3	99.6	
99.1	79.6	
99.1	69.1	
99.3	99.4	
78.5	89.7	
88.8	99.6	
99.1	99.4	
99.1	98.6	
99.3	99.6	
68.2	99.6	
89.2	99.4	
99.3	99.6	
98.9	89.5	
99.1	89.5	
99.3	99.6	
99.1	99.6	
99.3	99.2	
99.1	99.6	
88	99.4	
88.8	89.3	
99.1	99.6	
99.1	99.4	
89	99.6	
99.1	99.4	
88.6	99.4	
88.6	99.6	
99.3	99.4	
99.1	89.5	
99.1	99.6	
98.7	89.7	
99.3	99.6	
99.1	99.4	
99.3	99.4	
98.7	69.5	
99.1	79.4	
77.1	89.7	
98.9	89.7	
98.7	98.8	
98.5	99.6	
99.1	99.4	
99.1	89.5	
99.3	89.5	
98.7	99.6	
98.9	99.2	
98.9	98.6	
88.6	88.9	
98.9	89.5	
88.8	89.3	
99.3	99.2	
99.3	99.6	
98.9	89.7	
88.4	89.5	
87.8	89.7	
99.1	99.4	
99.3	99.4	
99.3	99.6	
98.9	99.4	
98.1	89.3	
99.3	99.6	
99.3	99.6	
98.3	99.4	
88.4	99.4	
99.3	99.6	
89.2	99.6	
99.3	99.6	
88.8	99.6	
99.1	99.4	
88.6	99.4	
99.1	99.6	
99.1	99.4	
88.4	99.6	
88	99.4	
99.3	99	
99.1	99.6	
99.1	99.2	
99.3	99	
99.3	99.4	
99.3	99.6	
99.3	99.4	
99.1	99.6	
99.1	99.2	
98.7	99.4	
99.3	99.4	
98.3	99.4	
98.5	99.4	
98.5	89.1	
99.3	89.3	
98.5	99.2	
98.7	89.7	
68.2	99.6	
98.7	99.4	
78.1	99.4	
98.7	99.6	
99.1	99	
89.2	99	
89.2	99.6	
99.3	99.2	
98.9	89.1	
99.1	89.5	
99.3	99	
99.3	99.6	
99.1	88.5	
99.3	99.2	
98.3	99.4	
88	89.1	
67.4	93.2	
99.3	99.6	
98.7	99.6	
99.3	89.7	
78.9	89.5	
99.3	68.9	
99.1	99.6	
99.1	89.7	
89	99.6	
99.3	99.4	
99.1	99.4	
98.7	99.6	
88.8	79	
99.3	99.2	
99.3	99.6	
98.9	99.6	
99.1	99.4	
88.8	99.6	
99.1	99.6	
98.7	99	
99.3	79.4	
99.3	89.3	
79.3	99.6	
88.6	99.2	
99.3	99.6	
98.5	96.8	
98.5	99.4	
98.9	99.6	
98.5	89.7	
88	99.4	
98.3	99.6	
89.2	99.2	
99.3	99.6	
88.4	99.6	
89	89.3	
98.7	89.5	
97.3	99.6	
98.3	99.2	
98.9	99.4	
99.3	99.6	
99.3	69.5	
99.1	88.5	
99.3	99.6	
99.3	99	
99.1	99.4	
99.1	99.6	
98.9	99.6	
99.1	99.2	
99.1	99.6	
89	99.2	
99.3	99.6	
99.1	89.5	
99.3	89.7	
79.1	99.6	
99.3	89.3	
88.6	89.5	
99.3	99.6	
99.3	98.8	
98.3	99.6	
99.1	99.4	
99.1	99.6	
99.3	89.3	
89.2	99.6	
99.1	99.6	
99.3	99.6	
98.9	89.7	
98.7	99.4	
99.3	99.4	
99.1	99.6	
98.9	89.7	
99.3	99.4	
99.3	89.3	
98.7	98.8	
89	99.6	
89	99.6	
99.3	99.6	
99.3	99.6	
99.1	89.3	
99.1	99.4	
99.3	89.5	
89.2	99.2	
99.3	99.4	
99.3	99.6	
99.3	99.2	
88.8	99.4	
99.1	89.5	
98.7	99.4	
99.1	99.6	
99.1	99.6	
99.1	98.6	
99.3	99.6	
78.9	99.6	
88.4	99.6	
99.1	99.6	
88.8	99.6	
99.1	99.2	
97.5	89.7	
99.1	99.6	
97.3	99.4	
99.3	99.2	
88.4	89.3	
98.7	99	
98.9	99.2	
98.9	99.4	
99.3	99.6	
88.6	89.3	
88.6	89.7	
99.1	99.6	
99.3	99.4	
98.1	99.6	
98.9	99.2	
68.2	99.4	
98.7	99.6	
99.3	99.6	
89	89.5	
98.9	99.4	
88.8	89.5	
89	99.2	
98.9	99.6	
98.9	99.6	
89	99.4	
99.3	99.2	
99.1	99.6	
99.3	79.6	
99.3	99.6	
98.1	89.7	
87.6	99.2	
98.9	99.2	
88.6	99.4	
99.3	99.6	
99.3	89.7	
98.9	99.6	
99.1	99.6	
98.9	99.6	
99.3	99.6	
98.9	99.4	
79.1	99.4	
99.1	98.8	
97.9	99.6	
98.7	99.4	
97.9	99.6	
98.5	99.6	
87.8	89.5	
99.3	99.6	
99.1	89.7	
87.4	99.6	
98.3	99.6	
99.1	89.5	
99.3	99.4	
88.8	99.6	
88.4	79.4	
98.9	99.6	
77.7	89.1	
99.3	89.3	
99.1	99.6	
98.7	99.6	
99.1	89.3	
89	89.5	
99.3	99.6	
99.1	99.6	
98.9	89.1	
78.9	99.2	
99.3	79.2	
88.6	89.3	
99.1	98.8	
99.1	99.6	
99.3	99.4	
99.3	99	
98.9	85.3	
99.3	99.2	
98.1	99.6	
99.1	89.5	
99.3	99.2	
98.7	99.4	
88.2	89.5	
99.3	99.2	
98.9	89.7	
99.1	99.6	
98.9	89.5	
99.3	79.2	
99.3	89.5	
89	99.6	
98.7	99.6	
88.8	99.6	
99.1	98.8	
99.3	89.7	
98.9	99.6	
89.2	88.5	
99.1	79.4	
98.9	99.6	
99.1	99.6	
98.9	99.6	
99.3	99.6	
98.9	99.6	
88.6	99.6	
68.8	99.2	
99.1	99.6	
98.7	89.5	
99.1	99.2	
99.3	99.6	
79.1	89.7	
99.1	89.5	
88.2	98.8	
98.7	99.6	
98.9	99	
98.9	99.6	
88.4	99.6	
78.1	99.6	
99.3	99.4	
99.3	94.4	
87.6	89.3	
98.7	99.2	
98.7	99.6	
99.3	99.6	
88.6	99	
99.3	88.3	
98.5	89.5	
98.9	99.4	
88	99.6	
98.9	99.4	
99.3	89.3	
98.7	99.4	
99.3	99.6	
99.1	99.6	
99.1	98.8	
98.9	98.6	
88.6	79.2	
98.7	89.5	
88.4	99.6	
89	99	
99.1	99.4	
98.9	89.5	
88	99.6	
98.5	99.6	
76.3	89.3	
99.1	99.4	
99.3	99.6	
99.3	99.6	
89.2	99.6	
99.3	99.6	
99.3	99.4	
99.1	99.2	
98.7	88.5	
99.3	89.7	
99.1	79.4	
99.1	98.6	
99.1	89.1	
98.9	98.8	
99.1	99.6	
98.9	99.4	
98.3	99.6	
88.8	99.2	
88.4	89.3	
99.3	99.4	
98.9	99.6	
57.9	99.6	
99.3	99.6	
98.9	99.6	
67.8	99.4	
98.7	99.6	
99.3	99.4	
99.3	99.6	
99.3	99.4	
99.3	99.4	
99.3	99.4	
98.9	99.4	
99.1	99.6	
99.1	99.2	
99.1	99.6	
98.7	99.2	
99.3	89.7	
99.1	89.7	
98.9	99.6	
98.7	89.5	
98.5	99.6	
88.4	99	
99.1	99.6	
99.1	98.8	
99.1	89.3	
99.1	89.3	
98.9	99	
99.3	99.2	
88.4	99	
99.1	99.6	
99.1	99.6	
99.1	99.2	
96.5	99.4	
89.2	89.5	
99.3	99.4	
99.1	89.1	
99.3	99.4	
98.5	99.4	
99.3	99.6	
99.3	99.6	
98.7	99.4	
99.3	99.6	
99.1	99.6	
99.3	79.6	
98.9	99.4	
99.1	99.4	
98.9	86.6	
69	99.4	
99.1	99.2	
99.1	89.3	
99.1	99.6	
99.3	99.6	
99.1	99.6	
99.1	99.6	
99.3	99.6	
98.9	99.4	
98.9	99.6	
98.9	99.6	
98.5	99.4	
99.1	89.5	
99.3	99.6	
99.3	99.2	
78.7	99.4	
99.3	99.6	
98.9	99.6	
99.3	99	
98.9	99.4	
99.3	99.4	
99.1	99.6	
99.1	99.2	
98.9	98.6	
88.2	89.7	
88.4	99.2	
98.9	99.6	
98.9	94.8	
98.5	99.2	
99.1	89.1	
99.3	88.9	
99.1	99.4	
99.3	99.6	
99.3	99.6	
88.4	99.6	
98.7	89.5	
99.3	99.6	
98.7	99.4	
99.3	99.6	
88.4	99.4	
99.1	89.7	
99.3	98.6	
99.1	99.4	
98.9	99.2	
98.9	99.4	
99.3	99.2	
98.5	99.6	
89	89.7	
98.7	89.7	
88.2	99.6	
99.3	99.6	
88.8	79.4	
99.3	79.2	
99.1	99.6	
99.1	89.5	
99.3	89.1	
98.7	99.6	
98.7	99.6	
98.9	99.6	
99.3	99.2	
89.2	99	
78.5	89.7	
99.1	99.6	
99.3	99.6	
99.1	99.6	
99.1	98.8	
98.9	99.2	
99.1	99.6	
88.2	99.2	
99.3	99.4	
98.9	89.5	
99.1	99.6	
68.8	99.4	
88.8	99.6	
99.3	99.4	
98.7	99.6	
98.5	99.4	
99.1	89.1	
99.1	99.4	
98.5	99.6	
99.3	99.6	
99.3	99.4	
99.3	99.6	
88.8	99.6	
99.1	99.4	
99.3	99.6	
98.7	99.6	
98.9	99	
99.1	89.7	
99.1	99.4	
99.1	99.4	
89	99.6	
88.4	89.3	
98.5	99.6	
88	99.4	
99.1	79.6	
98.7	99.6	
98.9	99.2	
99.3	88.3	
99.1	99.6	
78.9	98.8	
79.1	99.6	
99.1	99.4	
99.3	89.7	
98.7	89.3	
98.5	99.4	
89	99.6	
88.4	99.6	
99.3	99.6	
98.5	99.6	
99.3	98.8	
59.1	99.4	
99.1	99.6	
98.7	99.4	
98.3	99.2	
99.1	99.6	
98.9	79.4	
98.5	89.3	
98.9	89.5	
99.3	79.4	
99.3	99.6	
97.3	99.6	
99.3	99.6	
98.9	78.8	
98.9	99.4	
99.1	99.4	
98.9	99.6	
99.3	99.6	
99.1	99.6	
99.1	89.3	
99.1	99.6	
99.3	99.2	
98.5	89.5	
88.8	89.7	
99.1	89.5	
89	99.6	
99.3	99.4	
98.9	99.2	
88.2	99.6	
99.3	99.6	
98.7	79.2	
99.1	99.6	
99.1	99.6	
98.7	99.4	
98.7	99.4	
99.3	99.4	
99.1	99.2	
99.3	89.7	
89	99.4	
99.3	99.2	
98.7	99.6	
79.3	99	
89.2	99.4	
98.9	99.6	
98.3	99.6	
99.3	99.6	
88.6	99.6	
98.5	89.7	
98.9	99.6	
99.1	99.4	
99.3	89.3	
89.2	89.7	
98.9	99.2	
98.9	99.6	
99.3	99.2	
88.6	99.6	
99.1	99.4	
98.7	99.6	
98.5	99.2	
99.3	99.4	
99.3	79.4	
99.1	89.3	
99.3	99.6	
99.1	89.1	
88.8	99.6	
99.1	89.3	
58.1	89.7	
99.1	89.7	
98.9	89.5	
98.7	89.7	
99.1	99.4	
99.3	99.2	
99.3	99.6	
99.1	79.6	
99.3	89.1	
99.1	99.6	
77.9	89.7	
99.3	98.6	
98.7	99.4	
99.1	79.4	
88.8	99.6	
68.8	99.6	
98.7	99.6	
99.3	99	
98.7	99.6	
99.1	89.1	
98.9	89.3	
99.3	99.6	
98.7	99.4	
98.7	99.4	
99.1	99.4	
87.8	99.6	
99.1	99.4	
98.7	99.6	
98.9	99.6	
99.1	99.4	
99.3	99.6	
87.6	99	
98.7	89.7	
99.3	99.4	
99.1	99.2	
98.3	99.6	
99.3	89.7	
99.1	99.6	
98.9	99.6	
99.1	99.6	
98.5	99.6	
99.1	99.6	
89	99.2	
99.3	86.1	
97.9	99.2	
99.3	89.7	
99.3	89.3	
99.1	99.6	
87	99.6	
99.3	99.6	
99.3	99.6	
89	99.6	
98.9	99.6	
99.3	79.6	
89.2	89.5	
99.1	99.6	
98.9	99.6	
89	99.2	
88	89.5	
99.1	99.4	
99.3	89.3	
89	99.4	
98.9	89.3	
99.3	69.3	
99.1	99.6	
99.3	89.5	
98.9	99.6	
99.1	89.7	
99.3	99.6	
99.1	89.1	
77.7	99.6	
88.8	88.9	
88.6	99.6	
99.1	99.4	
99.1	99.6	
98.5	99.6	
99.3	99.4	
99.1	99.6	
68.8	89.7	
99.3	89.7	
77.9	98.2	
89.2	99.4	
88.4	89.5	
99.3	99.6	
99.1	99.4	
48.2	99.4	
99.3	99.4	
98.7	99.6	
88.4	99.2	
99.1	99.6	
99.3	99.6	
99.1	99.6	
87.6	99	
88.6	89.7	
98.3	99.2	
99.1	89.7	
99.3	99.6	
98.9	99.4	
99.1	99.6	
98.9	99.4	
98.9	99.6	
98.9	99.4	
99.3	99.2	
98.9	99.6	
99.1	99.4	
98.9	99.6	
99.3	79	
89.2	99.6	
99.1	99.6	
99.1	99.4	
98.5	99.6	
99.3	99.6	
99.3	99.6	
99.1	89.7	
98.3	99.6	
99.1	89.5	
88.6	99.6	
98.9	99.6	
99.3	89.5	
99.3	99.4	
89	99.6	
99.3	99.6	
87.6	99.2	
98.7	89.7	
97.9	98.2	
98.9	99.6	
89.2	89.1	
98.5	88.9	
99.1	99.4	
99.3	99.4	
89	99.2	
99.3	99.6	
99.3	99.6	
99.3	99.6	
99.1	89.7	
98.5	99.4	
99.3	99.6	
89.2	99.2	
89	99.6	
99.3	99.6	
99.1	99.4	
77.3	99.4	
98.9	99.2	
99.3	99.2	
98.9	99.2	
68.6	99.6	
99.1	99.4	
99.1	78.8	
99.3	89.3	
99.3	99.6	
99.3	99.4	
88.6	89.7	
98.5	76.5	
98.9	89.8	
99.1	99.4	
89.2	79.6	
88.6	89.1	
99.3	99.2	
97.7	99.6	
98.9	99.6	
99.3	99.2	
99.1	99.4	
89	99.6	
99.1	99.4	
89.2	99.2	
99.1	99.6	
98.7	99.2	
99.3	99.4	
99.1	89.7	
98.7	99.6	
67.6	99	
98.9	99.4	
88.4	99.6	
99.1	89.3	
89	99	
98.7	89.7	
68.6	99.2	
99.3	99.6	
88.8	98.6	
99.1	89.7	
99.3	89.7	
99.1	99.4	
99.1	89.3	
99.3	89.7	
99.3	99.6	
57.9	99.6	
98.9	99.6	
98.7	99.4	
98.7	99.2	
98.3	99	
99.1	99.6	
99.3	99.6	
99.3	89	
99.1	99.2	
99.3	79.4	
88.8	99.6	
99.1	98.8	
78.9	99.6	
99.3	99.6	
99.1	99.6	
98.9	89.7	
98.7	89.7	
98.3	99.4	
98.9	99.4	
88.8	99.6	
88.6	99.6	
99.3	99.4	
99.1	99.6	
99.3	89.7	
99.3	99.6	
99.3	99.4	
99.1	89.7	
99.3	99.2	
99.1	99.4	
79.1	99.4	
88.2	89.7	
99.3	99.2	
89.2	99.6	
99.3	99.4	
77.7	99.6	
99.1	99.6	
98.1	89.7	
99.1	99.6	
99.1	99.6	
98.5	89.7	
98.5	99.4	
89.2	99.4	
99.3	99.4	
88.8	99.4	
98.9	89.3	
99.3	99.4	
99.3	89.5	
99.3	89.3	
98.9	99.6	
98.9	99.6	
99.1	99.6	
99.1	99.6	
98.9	99.2	
99.3	99.6	
89	99.2	
98.9	99.4	
98.9	99.4	
98.3	89.7	
68.6	99.6	
99.3	99.6	
98.9	99.6	
98.7	89.7	
87.8	99.6	
97.9	89.5	
98.9	99.6	
99.3	99.4	
99.3	99.6	
88.6	99.6	
98.7	89.7	
99.3	99.4	
99.3	89.7	
89.2	98.6	
78.5	89.3	
99.3	99.2	
99.3	99.6	
99.1	99.6	
98.1	99.2	
98.9	99.2	
99.1	99.4	
99.1	99.4	
98.7	88.5	
98.9	99.4	
99.3	99.6	
98.3	99.6	
98.7	99.6	
89.2	99.6	
99.3	99.6	
99.3	99	
99.1	98.8	
98.9	99.4	
98.7	99.6	
68.8	89.3	
88.2	98.4	
99.3	99.4	
99.1	89.3	
45.8	99.4	
99.3	99.2	
98.9	99.4	
99.3	99.2	
99.3	99.6	
98.5	79.2	
88	99.6	
88.8	89.7	
98.9	99.6	
89	99.4	
78.7	99.6	
78.5	99.4	
98.5	99.6	
99.1	99.6	
98.9	79.6	
88.8	89.7	
98.5	79.6	
98.7	99.2	
99.1	99.4	
99.1	99.6	
99.1	89.5	
99.1	78.8	
98.9	89.7	
88	99.6	
98.9	99.6	
99.1	99.6	
89	89.5	
88.8	89.3	
78.1	99.4	
99.3	88.9	
99.3	89.1	
99.3	99.6	
98.1	99.4	
98.9	99.4	
99.1	99.6	
99.3	99.2	
99.1	99.6	
98.9	99.2	
98.9	99.6	
99.1	79.6	
99.1	99.6	
99.3	89.5	
99.3	99.4	
98.7	99.6	
99.3	99.4	
99.3	99.4	
99.3	99.6	
99.3	99.6	
99.3	99.2	
99.1	99.4	
98.7	98.8	
88.8	99.4	
88.6	99.6	
99.3	99.6	
99.3	89.5	
98.9	99.6	
88.8	99	
99.3	99.6	
99.1	99.4	
99.1	99.4	
68.4	79.2	
89	99.6	
99.3	99.6	
99.3	79.6	
87.6	99.6	
88.4	99.6	
99.3	99.2	
99.3	99.4	
98.9	99.6	
99.1	99.4	
78.7	69.1	
98.5	99.6	
99.1	99.4	
88.6	99.6	
99.3	98.6	
78.7	99.6	
98.9	99.2	
99.3	99.6	
99.1	89.7	
98.9	89.5	
89	89.7	
98.9	89.7	
88.8	99.6	
57.7	99.6	
98.3	99.6	
98.7	99.6	
89	89.7	
86	98.8	
98.5	99.6	
98.9	98.8	
89.2	98.6	
99.3	89.7	
99.3	99.6	
99.1	89.5	
99.3	99.6	
99.3	99.4	
99.1	99.6	
99.1	99.4	
98.9	99.6	
98.7	99.4	
99.1	89.7	
99.3	99.2	
88.8	99.2	
99.3	99.4	
98.5	99.2	
99.1	99.6	
99.3	99.6	
99.3	99.6	
89	99.4	
98.9	88.3	
99.1	89.7	
78.7	99	
99.3	99.2	
99.1	79.6	
76.9	99.6	
99.1	99.6	
77.9	99.4	
98.3	99.4	
78.9	99.6	
88.4	99.6	
98.7	99.4	
88	89.7	
98.5	99	
98.7	99.6	
99.3	99.6	
99.1	89.5	
99.3	79.4	
88.8	98.8	
99.1	89.7	
