98.9	89.7	
99.3	89.7	
99.3	89.7	
98.9	89.7	
99.3	89.7	
99.3	89.7	
99.1	79.6	
99.1	89.5	
99.3	79.6	
99.3	89.7	
99.3	89.7	
99.1	89.7	
99.3	89.7	
99.3	89.5	
99.1	89.7	
99.3	89.5	
99.3	79.6	
98.7	99.6	
99.3	79.4	
99.3	89.7	
99.1	89.7	
99.1	89.7	
99.3	89.7	
98.9	79.4	
98.9	89.7	
99.3	89.7	
99.3	89.7	
99.3	89.7	
99.1	89.7	
99.3	79.6	
99.1	79.6	
99.3	89.7	
98.1	89.7	
98.9	89.7	
99.3	89.7	
99.1	89.5	
98.9	89.7	
98.7	79.4	
98.7	89.5	
99.3	89.7	
99.3	89.5	
99.1	89.7	
98.9	89.7	
99.3	89.7	
99.3	89.7	
99.3	89.7	
99.1	89.7	
99.1	89.7	
99.3	89.7	
99.1	89.7	
99.3	79.6	
99.1	79.4	
98.9	59.2	
98.5	89.7	
99.1	79.6	
99.3	79.4	
99.1	89.5	
99.3	99.4	
99.3	89.3	
99.1	89.7	
99.3	89.5	
99.3	89.5	
99.3	89.7	
99.3	89.7	
99.3	78.4	
98.7	79.6	
98.9	89.7	
99.1	89.7	
99.3	89.7	
99.1	89.7	
99.3	89.7	
99.1	79.4	
99.3	88.3	
99.3	89.7	
99.3	69.3	
99.3	79.2	
98.9	89.7	
89	89.7	
99.3	89.7	
99.3	89.5	
98.9	89.7	
99.3	89.7	
99.1	89.7	
99.3	89.7	
99.1	89.7	
98.9	89.7	
99.3	89.7	
98.9	89.7	
99.1	89.7	
99.3	89.1	
99.1	89.7	
99.3	89.7	
98.9	89.7	
99.1	89.7	
99.1	89.5	
98.7	89.7	
99.3	79.6	
99.3	89.7	
99.3	89.7	
99.3	89.5	
99.1	89.7	
99.3	79.6	
99.3	89.7	
99.1	89.7	
99.3	89.7	
98.9	89.7	
99.3	79.6	
98.9	89.7	
98.9	89.5	
99.1	89.7	
99.3	89.7	
99.3	89.7	
99.1	79.6	
98.7	89.7	
98.9	89.7	
99.3	79.4	
98.9	89.7	
99.3	89.7	
98.9	89.7	
99.1	79.4	
99.3	89.5	
99.3	89.7	
99.1	89.5	
98.9	79.6	
99.3	89.7	
99.3	89.7	
98.9	89.5	
98.9	89.7	
99.1	89.5	
98.9	99.6	
99.3	89.7	
99.3	89.7	
99.3	89.5	
99.3	89.3	
99.3	79.6	
99.1	99.6	
99.1	89.7	
99.1	99.6	
99.3	79.6	
99.1	89.3	
98.9	99.6	
99.3	89.7	
99.3	89.7	
99.1	89.7	
99.1	69.5	
98.7	89.7	
99.1	89.5	
99.3	89.7	
99.3	89.7	
99.3	89.5	
99.3	89.7	
99.1	89.5	
99.3	99.6	
98.9	89.7	
99.3	89.7	
98.7	89.7	
99.3	89.7	
99.3	89.7	
98.9	79.6	
99.3	89.7	
98.3	89.7	
99.3	89.7	
99.1	79.6	
99.1	99.6	
99.1	89.7	
99.1	89.5	
99.1	89.7	
98.1	89.7	
99.3	89.5	
98.7	89.7	
99.3	89.7	
99.3	89.7	
99.1	89.7	
99.1	79.4	
99.3	89.7	
99.1	79.6	
99.3	79.6	
99.1	89.7	
98.9	89.7	
99.3	79.6	
98.9	89.7	
99.3	89.7	
99.3	89.7	
99.3	89.7	
99.3	89.7	
98.9	89.7	
99.1	79.6	
99.1	99	
99.1	89.5	
99.1	89.7	
99.3	89.7	
99.3	89.7	
99.1	89.7	
99.3	89.7	
99.3	89.5	
99.1	89.7	
99.1	79.6	
99.3	89.5	
99.1	89.7	
99.1	89.7	
99.3	79.4	
99.3	89.7	
99.3	89.7	
98.7	89.5	
99.3	89.5	
99.3	89.7	
99.3	89.7	
99.3	89.7	
99.3	79.2	
99.1	69.5	
98.7	79.4	
99.1	89.7	
99.3	89.5	
99.3	89.7	
99.3	89.7	
99.1	99.4	
99.1	89.7	
99.1	89.7	
99.3	89.7	
98.7	89.7	
98.9	89.7	
99.3	89.7	
98.9	89.3	
99.3	89.7	
99.3	89.7	
98.7	89.7	
99.3	89.7	
99.1	89.7	
99.3	89.7	
99.3	89.7	
99.1	89.7	
98.9	89.7	
98.9	89.7	
98.1	69.5	
99.3	89.7	
99.3	89.5	
99.1	79.6	
89	89.5	
99.3	89.7	
99.1	89.7	
99.3	89.7	
98.7	89.5	
99.1	89.7	
99.1	79.6	
99.1	89.5	
99.1	89.7	
99.1	89.5	
98.7	79.6	
98.9	89.7	
99.3	89.5	
99.3	89.7	
99.3	89.7	
99.3	89.7	
99.3	89.5	
98.9	89.7	
99.3	89.7	
98.7	89.7	
99.3	89.5	
98.9	89.7	
99.1	89.7	
99.3	89.5	
98.9	89.7	
99.1	89.7	
89	89.7	
98.9	89.7	
98.9	79.6	
99.3	89.7	
99.1	69.5	
99.3	89.5	
99.3	89.7	
98.9	89.7	
99.3	89.7	
98.9	89.7	
98.7	89.7	
99.3	89.5	
98.7	89.7	
99.3	89.7	
99.3	89.5	
99.3	89.7	
99.1	89.7	
99.1	99.6	
98.9	79.6	
98.9	79.6	
99.3	89.5	
99.3	89.7	
99.3	89.3	
99.1	89.7	
99.3	89.7	
98.9	79.6	
99.1	89.7	
99.3	89.5	
98.9	89.7	
99.1	89.7	
99.1	89.7	
98.9	89.7	
99.1	89.7	
88.2	89.7	
99.3	89.7	
99.1	89.7	
98.9	89.7	
98.7	89.7	
99.3	89.7	
98.9	89.7	
98.9	79.2	
99.3	89.7	
99.3	89.7	
99.1	89.7	
99.1	89.7	
99.3	89.7	
98.7	99.6	
99.3	89.5	
99.1	89.7	
99.1	89.7	
99.1	89.5	
99.1	89.7	
99.3	89.5	
98.9	89.7	
99.3	79.4	
99.1	89.7	
99.3	79.6	
99.3	89.7	
99.3	89.7	
99.3	89.5	
99.1	89.5	
99.1	89.5	
99.3	89.7	
99.3	99.6	
98.7	89.7	
98.9	79.6	
99.1	89.3	
99.3	89.7	
99.3	89.7	
98.7	89.7	
99.3	89.5	
99.3	79	
98.3	79.4	
99.3	89.7	
88.6	89.7	
99.3	89.7	
99.1	89.7	
98.7	79.6	
99.3	89.3	
99.3	89.5	
99.3	89.7	
99.1	89.7	
99.3	88.9	
99.3	89.7	
99.3	79.6	
99.3	89.7	
98.7	99.6	
99.3	89.7	
99.3	89.5	
99.3	89.5	
98.9	89.7	
99.3	89.7	
99.3	99.6	
98.3	89.7	
99.1	89.7	
99.1	89.7	
99.1	89.5	
99.3	89.5	
99.1	89.7	
99.1	99.6	
99.3	89.7	
98.9	89.7	
98.9	89.5	
99.3	89.7	
98.9	89.7	
98.7	89.7	
98.1	88.1	
99.3	89.5	
99.3	89.7	
99.1	89.5	
99.3	89.3	
99.1	89.7	
99.1	89.7	
99.3	89.7	
88.6	89.7	
99.1	89.7	
98.9	89.7	
98.9	89.1	
99.3	89.7	
99.3	89.7	
99.3	89.7	
99.1	89.7	
99.1	99.6	
99.3	89.7	
99.1	89.7	
99.1	89.7	
99.3	89.5	
99.1	99.6	
99.3	79.6	
99.1	89.7	
98.7	89.5	
99.3	89.7	
99.1	89.7	
99.3	79.6	
99.3	89.5	
99.1	89.1	
99.3	89.5	
98.9	69.5	
99.3	89.7	
99.3	89.7	
99.3	89.5	
99.1	89.7	
99.3	89.5	
99.3	89.3	
99.1	79.6	
99.3	89.7	
99.3	89.7	
99.1	79.6	
99.3	99.6	
99.1	89.7	
99.3	89.7	
99.1	89.7	
99.3	89.5	
98.7	99.6	
99.3	89.7	
99.3	89.7	
99.3	89.7	
98.9	89.5	
99.3	89.7	
98.9	69.5	
99.1	89.7	
99.3	89.7	
99.1	79.6	
99.3	89.7	
99.3	89.7	
99.1	89.7	
98.9	79.6	
99.3	59.2	
99.1	89.7	
99.3	89.7	
99.1	89.7	
99.3	89.7	
98.3	89.7	
99.3	89.5	
99.3	79.6	
99.3	69.1	
99.3	89.7	
99.3	89.7	
99.1	89.7	
99.3	89.7	
99.3	89.7	
99.3	89.7	
99.3	79.4	
99.3	89.7	
99.3	89.5	
99.1	89.7	
98.9	89.5	
99.3	99.6	
99.1	79.6	
99.3	89.7	
99.3	89.7	
98.7	79.6	
99.1	89.7	
98.9	79.6	
99.1	79.6	
98.9	89.7	
99.3	89.7	
99.3	89.5	
99.1	89.7	
99.1	89.7	
99.3	89.7	
99.1	99.6	
99.1	89.7	
99.3	99.6	
99.3	89.7	
99.3	79.4	
99.3	89.7	
99.1	89.7	
99.1	89.7	
99.3	99.4	
99.3	89.7	
99.3	89.7	
99.3	89.7	
99.3	89.7	
99.3	89.7	
99.3	89.3	
98.7	89.5	
98.7	89.7	
99.3	89.7	
99.3	79.6	
99.3	89.7	
99.1	89.7	
99.3	89.7	
99.1	99.4	
99.1	89.7	
99.1	89.7	
98.9	89.7	
99.3	89.5	
99.1	89.5	
99.3	89.7	
99.1	89.5	
99.3	79.6	
98.9	89.7	
98.9	89.7	
99.1	89.7	
98.9	89.7	
98.7	89.7	
99.3	89.7	
99.1	79.4	
99.3	89.7	
99.1	89.7	
99.1	79.4	
99.3	89.7	
99.1	69.5	
98.9	89.5	
99.3	89.7	
99.3	99.6	
99.3	89.7	
98.9	89.5	
99.1	89.5	
99.3	89.7	
89	89.7	
99.1	89.3	
99.3	89.7	
99.3	89.7	
98.9	89.7	
98.9	89.7	
99.1	89.7	
99.1	89.7	
99.3	89.7	
99.1	89.7	
99.3	89.7	
99.3	89.7	
99.1	89.7	
98.9	89.7	
98.9	89.5	
99.3	79.6	
99.3	89.7	
99.1	89.5	
99.1	89.7	
98.9	89.7	
99.3	89.5	
99.3	89.7	
99.1	89.7	
99.3	89.7	
99.3	89.7	
99.3	89.7	
99.3	89.7	
98.9	89.5	
99.3	89.7	
99.3	89.7	
99.3	89.5	
99.3	79.6	
99.1	89.7	
99.3	89.5	
99.1	89.7	
99.1	89.7	
99.1	79.6	
99.1	89.5	
99.3	89.7	
99.1	89.7	
98.9	79.6	
99.1	99	
98.9	89.5	
99.3	89.7	
99.1	89.5	
99.3	89.7	
99.1	89.7	
99.1	79.6	
99.3	89.7	
98.9	89.7	
99.3	89.7	
98.9	79.6	
98.9	89.7	
98.5	89.7	
99.3	89.3	
98.9	89.7	
99.1	89.7	
99.1	89.7	
99.3	89.7	
98.9	89.7	
99.3	89.7	
99.3	89.7	
98.7	89.3	
99.3	79.6	
98.9	89.7	
98.7	79.4	
98.7	89.7	
99.1	89.5	
99.3	89.7	
99.3	89.7	
99.3	89.7	
99.1	89.7	
98.9	89.5	
99.3	89.7	
99.3	69.3	
99.1	79.6	
98.7	89.5	
98.9	89.5	
99.3	89.7	
99.3	89.7	
99.3	89.5	
99.3	69.5	
98.9	89.7	
99.1	89.5	
99.3	79.2	
98.7	99.6	
98.9	89.5	
99.3	89.7	
99.3	89.7	
98.9	89.7	
99.3	89.5	
98.3	89.7	
98.9	79.4	
99.1	89.5	
99.1	89.7	
99.3	89.7	
98.9	79.6	
99.3	89.1	
98.9	79.4	
99.3	79.6	
99.3	89.7	
99.3	89.7	
98.7	89.7	
99.3	89.5	
98.9	89.7	
99.3	79.6	
99.1	89.7	
98.7	89.7	
98.7	79.6	
99.1	89.7	
99.3	89.5	
99.3	89.5	
99.3	89.7	
99.3	89.5	
98.9	89.7	
99.1	89.3	
99.3	89.7	
99.3	79.6	
99.1	89.7	
99.1	89.7	
99.3	89.7	
99.3	89.5	
98.9	89.7	
99.1	99.6	
99.1	89.7	
99.1	89.7	
98.7	89.5	
99.3	89.7	
99.1	89.7	
98.9	89.7	
98.7	89.7	
98.3	89.5	
98.9	99.4	
99.3	89.7	
99.1	89.5	
99.1	89.5	
98.9	89.7	
98.9	89.7	
88.8	89.7	
98.9	89.7	
99.3	79.6	
98.9	89.7	
99.3	69.5	
99.3	89.7	
99.1	89.7	
98.7	89.7	
99.1	79.6	
99.3	89.7	
99.1	89.7	
99.1	89.7	
98.3	89.7	
99.1	89.7	
98.9	89.7	
99.3	99.6	
99.3	89.7	
99.1	89.7	
99.3	89.5	
98.9	89.7	
99.1	89.5	
99.3	89.3	
99.1	89.7	
99.1	89.7	
99.1	89.7	
98.7	89.7	
98.9	69.5	
99.3	89.7	
98.5	89.7	
99.3	89.1	
99.3	89.7	
98.9	89.7	
99.3	89.1	
99.3	89.7	
98.9	89.7	
99.1	89.7	
98.9	79.6	
99.1	89.7	
99.1	89.7	
98.7	89.7	
97.9	89.7	
99.3	89.1	
99.3	89.5	
99.3	89.5	
99.3	89.7	
99.3	89.7	
98.7	89.7	
99.3	89.7	
99.3	89.7	
98.7	79.6	
99.3	89.7	
99.1	89.7	
99.3	89.7	
98.5	89.3	
99.3	89.7	
99.1	89.7	
99.3	89.7	
99.3	89.5	
99.3	89.5	
98.7	99.6	
99.3	89.5	
99.3	69.5	
98.9	89.3	
99.3	89.7	
99.3	99.6	
99.3	89.7	
99.3	89.5	
99.3	89.7	
99.3	89.7	
99.3	89.5	
99.1	89.7	
99.1	89.5	
98.9	79.6	
99.3	89.7	
98.9	89.5	
99.3	89.7	
99.3	89.7	
99.3	89.7	
99.1	89.7	
98.7	89.7	
98.7	89.5	
99.3	89.7	
99.3	89.5	
99.1	79.4	
99.1	99.6	
99.1	89.5	
99.3	89.7	
99.3	89.7	
99.1	89.7	
99.1	99.4	
99.1	79.6	
99.1	89.5	
99.3	89.7	
98.5	89.7	
99.1	89.7	
99.3	89.7	
98.9	69.5	
99.1	89.7	
99.3	79.6	
99.1	89.7	
99.3	89.5	
99.1	89.7	
99.3	89.5	
99.1	89.7	
98.7	89.7	
99.1	89.5	
99.3	89.7	
99.3	89.7	
99.3	89.7	
99.3	89.3	
99.3	89.7	
99.1	89.5	
99.1	89.5	
99.3	99.6	
99.1	79.6	
98.9	89.7	
99.1	89.3	
99.1	89.7	
99.3	89.7	
99.3	89.7	
99.1	79.6	
99.3	89.7	
98.7	89.7	
99.3	89.7	
99.3	79.6	
99.3	89.7	
99.3	89.7	
98.7	89.7	
98.7	89.7	
98.9	89.7	
99.3	89.7	
98.9	99.2	
99.1	89.3	
99.3	89.7	
98.5	89.7	
99.1	89.7	
98.9	89.7	
99.3	89.5	
99.1	89.7	
99.3	89.7	
99.3	89.7	
98.9	89.5	
98.9	89.7	
99.1	89.7	
99.3	89.7	
99.3	89.5	
99.3	89.7	
88.8	89.7	
99.1	89.7	
99.3	89.7	
99.1	89.7	
98.9	89.7	
99.3	89.7	
98.3	89.7	
98.7	89.5	
98.7	89.5	
98.9	89.5	
99.1	89.7	
99.3	89.7	
99.3	89.3	
99.3	89.5	
99.3	89.7	
99.3	89.7	
99.3	79	
99.3	79.6	
99.1	89.7	
99.1	79.6	
99.1	89.7	
99.1	89.7	
99.1	89.7	
99.3	69.3	
99.1	89.5	
99.3	89.7	
98.9	79.6	
99.3	89.7	
99.3	89.5	
98.9	89.5	
99.1	79.6	
99.3	89.5	
99.3	79.2	
99.1	89.7	
99.3	89.7	
98.7	89.7	
99.1	89.7	
98.9	89.7	
99.3	69.5	
98.9	79.6	
99.3	89.7	
99.1	89.7	
99.1	89.7	
99.1	79	
99.3	89.7	
99.3	89.5	
99.1	89.7	
99.3	89.7	
98.9	89.1	
99.3	89.7	
98.9	89.7	
98.9	89.7	
99.3	89.5	
99.3	79.6	
99.1	89.7	
99.1	89.7	
99.1	89.7	
99.1	89.7	
88.8	79.6	
98.9	89.7	
99.3	89.7	
99.3	79.4	
99.3	89.7	
99.1	79.2	
98.9	89.7	
98.7	89.5	
98.9	79.6	
99.3	89.7	
98.9	89.7	
99.1	89.5	
99.3	89.7	
99.3	89.7	
99.1	89.7	
98.9	89.7	
99.1	89.7	
99.3	89.5	
98.9	89.5	
99.3	79.4	
98.7	89.7	
99.1	79.6	
99.3	89.5	
99.1	89.7	
99.3	89.7	
99.1	89.7	
99.3	99.4	
99.1	79.4	
99.1	89.7	
98.9	89.7	
98.7	89.7	
99.3	78.8	
99.1	89.7	
99.1	89.3	
99.3	89.7	
99.1	89.7	
98.7	89.7	
99.3	89.7	
99.1	89.7	
99.3	89.5	
99.3	89.5	
98.9	89.5	
99.3	89.5	
99.3	89.5	
99.1	89.7	
99.3	89.7	
99.1	89.7	
99.3	89.7	
99.3	89.7	
99.1	79.2	
99.1	89.7	
98.7	79.6	
98.7	69.3	
99.3	89.5	
98.7	89.7	
98.3	89.7	
98.9	99.6	
99.1	89.7	
99.3	89.7	
99.3	89.7	
99.3	89.5	
99.3	89.7	
99.3	89.7	
99.3	89.5	
99.1	89.7	
98.9	89.7	
98.9	89.7	
99.3	89.5	
99.3	89.7	
98.7	89.7	
99.3	89.5	
99.3	68.7	
99.1	89.7	
98.9	89.5	
99.3	89.7	
99.1	89.3	
99.1	89.7	
99.3	89.7	
98.5	89.7	
99.3	89.7	
99.1	89.7	
98.5	89.7	
99.1	89.7	
99.3	89.7	
98.9	89.7	
99.3	89.7	
99.1	99.4	
99.1	89.7	
99.1	99.6	
99.3	89.5	
98.9	89.7	
99.1	89.7	
99.3	89.3	
99.1	89.7	
99.3	89.7	
99.1	89.5	
98.7	89.7	
99.1	89.5	
99.3	89.5	
99.1	89.7	
99.1	89.5	
99.1	79.6	
99.3	89.7	
99.1	79.4	
99.3	99.4	
99.3	89.7	
99.1	89.7	
99.3	89.5	
98.7	89.7	
98.9	79.6	
98.9	89.7	
99.1	99.6	
99.1	89.7	
98.7	88.9	
98.9	89.5	
99.3	89.7	
99.3	89.7	
99.1	89.7	
99.3	89.5	
98.7	89.7	
99.1	89.7	
98.9	89.5	
98.5	89.7	
98.7	89.5	
99.3	79.6	
99.3	89.7	
98.9	89.7	
99.3	89.7	
99.3	89.7	
99.3	89.7	
99.3	89.7	
99.3	89.3	
99.3	89.7	
99.1	89.7	
99.1	79.6	
99.3	89.7	
99.3	89.7	
99.3	89.7	
98.7	79.6	
98.7	89.5	
99.3	89.7	
99.3	89.7	
99.1	79.6	
