98.9	89.5	
97.9	89.7	
99.1	99.6	
98.5	89.5	
98.7	89.5	
99.1	99.6	
99.1	89.5	
99.3	89.7	
98.9	99.2	
99.1	89.3	
98.5	89.7	
98.5	89.7	
87.8	89.5	
98.5	89.5	
99.1	89.7	
99.3	79.4	
98.9	99.2	
99.3	99.2	
98.3	99.6	
98.9	99.6	
98.1	99.6	
99.3	89.1	
98.9	99.2	
99.1	99.4	
88.4	99.6	
98.9	79.4	
99.3	99.6	
99.3	89.7	
98.5	89.3	
98.7	98.6	
98.7	89.5	
97.9	99.2	
87.4	89.7	
97.9	99.6	
98.5	99.4	
99.3	99.4	
98.9	89.3	
99.1	99.6	
98.3	99.6	
99.3	89.7	
97.5	89.7	
99.3	99.4	
98.7	99.4	
98.9	98.6	
98.5	99.4	
99.3	79.6	
97.7	89.5	
98.9	99.2	
99.1	89.7	
99.3	99.4	
98.5	99.4	
97.5	99.4	
98.5	89.7	
99.1	68.5	
98.5	99.4	
99.3	99.6	
99.1	98.8	
98.7	99.6	
99.1	99.4	
98.9	89.3	
99.3	78.8	
98.3	89.5	
88.2	89.5	
98.9	98.8	
98.5	99.4	
98.7	89.7	
99.1	99.2	
98.5	79.6	
98.5	99.2	
99.1	99.6	
98.3	99.4	
98.7	89.7	
97.7	99.2	
99.3	99.2	
99.1	99.2	
98.7	68.9	
98.5	99.6	
98.5	99.4	
98.5	69.5	
99.3	99.4	
98.9	89.7	
99.3	99.6	
99.3	89.3	
99.3	89.5	
98.5	99.6	
98.1	99.6	
98.7	89.5	
99.3	99.2	
99.1	99.6	
99.3	99.6	
98.1	69.5	
99.1	99.2	
99.3	89.7	
99.3	99.4	
97.9	99.2	
98.1	99.4	
98.3	99.4	
98.3	99.2	
99.3	89.7	
98.7	99.6	
99.1	99.6	
98.9	99.4	
88.8	89.7	
98.7	99.6	
98.5	89.5	
98.9	99.4	
98.9	99	
98.7	89.3	
99.1	89.7	
98.9	99	
98.1	99.4	
98.7	89.7	
99.3	89.3	
99.1	98.8	
99.3	99	
98.5	89.5	
98.5	89.5	
99.1	99.2	
98.7	99.6	
99.1	99.6	
98.9	89.7	
98.9	89.7	
99.1	99	
98.7	89.3	
98.3	89.7	
97.5	98.8	
99.3	99.6	
98.7	99.4	
98.9	99.4	
99.1	98.8	
99.1	99.6	
99.1	78.8	
99.3	79	
99.1	99.2	
98.1	99.2	
98.1	99.6	
98.7	89.5	
98.9	99	
87.4	89.5	
98.5	89.1	
99.1	89.1	
99.1	79.6	
99.1	89.7	
98.7	99	
99.1	89.5	
98.1	89.5	
98.9	79.6	
98.7	89.7	
98.7	89.5	
99.3	98	
98.7	89.7	
97.9	98.6	
99.3	99.6	
99.1	78.2	
99.1	89.7	
98.5	99.6	
99.1	79.6	
98.9	99.6	
99.1	99.6	
99.1	99.4	
99.1	89.5	
98.9	89.5	
97.9	99.6	
99.3	98.4	
98.9	99.2	
99.1	99.2	
99.3	99.6	
98.5	89.5	
99.3	89.7	
97.9	99.6	
99.1	89.7	
99.1	89.3	
98.9	99.6	
95.7	89.5	
99.1	99.2	
99.3	99.4	
99.3	99.4	
98.9	99.6	
99.1	99.4	
98.9	99.6	
98.7	79.4	
99.3	89.7	
98.9	99.6	
99.1	99.2	
98.9	79.6	
98.5	89.7	
99.1	99.2	
99.1	99.6	
99.3	89.7	
98.9	79.4	
98.9	89.5	
99.1	89.3	
97.5	99.2	
98.5	99.6	
98.5	99.4	
98.7	89.3	
99.1	88.7	
97.7	99.6	
99.3	89.1	
98.7	89.7	
98.3	98.6	
99.3	79.6	
98.7	99.6	
99.1	89.7	
98.5	89.5	
98.1	89.7	
98.5	89.7	
98.5	99.6	
98.9	99.6	
98.7	99.6	
98.3	89.7	
98.7	99.6	
99.1	89.5	
99.1	79	
98.3	89.3	
99.1	99	
98.7	89.5	
99.3	99.2	
98.9	99.4	
99.3	88.5	
98.5	89.5	
97.3	99.4	
98.9	99.2	
99.3	89.5	
98.3	89.7	
99.3	99.6	
98.1	89.3	
99.1	99.4	
98.5	99.6	
99.3	89.7	
99.1	99.4	
99.1	99.2	
99.3	99.6	
98.9	89.3	
99.3	79.2	
98.9	89.1	
99.3	99.6	
98.9	89.7	
98.9	78.8	
99.1	88.7	
98.9	89.7	
99.1	99.6	
99.1	99.2	
98.3	99.2	
99.1	99	
88.8	99.6	
99.3	88.7	
99.1	99.6	
99.1	89.3	
98.7	99.4	
99.1	89.7	
97.9	79.4	
98.9	99.6	
99.1	99.6	
98.9	99.4	
98.5	89.7	
99.3	99.6	
98.9	99.2	
99.1	89.1	
99.3	99.4	
98.9	89.7	
99.3	89.7	
98.1	99.2	
98.9	89.7	
98.5	99.6	
98.9	89.3	
98.9	89.7	
98.5	89.1	
88.8	88.9	
99.1	99.4	
97.9	88.9	
99.1	88.9	
98.7	89.1	
98.7	79.6	
98.5	99.6	
99.3	99.6	
98.7	99.4	
98.3	99.6	
98.9	98.8	
99.1	89.3	
98.9	99	
98.9	89.5	
99.3	99.6	
99.1	99.6	
99.1	89.7	
98.7	99.4	
99.1	99	
99.1	89.3	
99.1	79.4	
98.1	89.7	
98.7	89.7	
98.7	99.4	
98.7	99.6	
99.3	99.6	
99.3	99.6	
99.1	99.6	
99.3	89.5	
98.5	99.6	
98.1	79.2	
98.7	89.7	
98.5	79.4	
98.3	99.6	
99.3	89.5	
98.7	99.6	
99.3	89.5	
99.1	99.6	
99.3	99.6	
98.3	89.7	
98.7	99.6	
98.3	89.7	
98.9	89.5	
98.1	88.7	
98.9	99.6	
88.8	99.4	
98.3	99.2	
99.1	99.6	
98.7	99.2	
98.5	98.8	
98.3	89.7	
99.3	89.5	
99.1	99.2	
99.1	89.7	
98.7	89.7	
98.1	99.6	
98.5	89.5	
99.3	99.6	
99.3	89.5	
99.3	89.7	
99.1	99.4	
99.1	89.3	
99.3	89.7	
98.5	89.3	
99.1	99.6	
98.5	99.6	
99.3	99.6	
99.3	99.6	
98.3	99.6	
98.9	99.4	
98.9	89.7	
99.1	99.4	
97.3	99.6	
99.1	89.7	
98.3	99.6	
99.1	89.5	
99.1	89.7	
98.9	99.2	
99.3	89.7	
98.3	99.4	
88.6	89.7	
88.4	79.6	
98.3	89.7	
98.7	79.6	
98.7	99.6	
99.1	99.2	
98.5	89.3	
99.1	89.5	
99.3	99.2	
99.3	89.7	
98.9	99.6	
98.9	99.6	
98.1	89.7	
99.3	99.2	
99.1	99.2	
98.7	89.7	
99.1	89.7	
98.9	89.5	
98.5	99.6	
98.1	89.3	
99.3	79.6	
98.9	99.4	
99.3	79.4	
99.3	89.5	
99.1	89.1	
98.9	99.4	
98.9	79.2	
98.7	89.1	
97.9	89.7	
99.3	99.6	
99.3	79	
99.3	99.6	
99.3	99.6	
98.9	78.6	
99.1	99.6	
99.1	99.4	
98.7	89.7	
98.5	89.3	
98.9	99.2	
99.1	89.3	
98.7	89.5	
99.3	98.8	
99.1	88.9	
99.1	99.4	
99.1	99.2	
98.9	99.4	
99.1	99.6	
99.3	89.5	
99.3	99.2	
98.5	79.6	
99.1	99.4	
98.9	99.6	
99.1	89.3	
99.3	79.4	
98.9	79.4	
98.1	99.6	
98.3	89.7	
99.1	99.2	
98.9	79.4	
88.4	69.3	
98.1	99.6	
99.3	89.7	
98.9	99.6	
98.5	89.7	
99.3	79.2	
88.2	89.5	
99.1	99.2	
99.1	98.8	
99.1	89.5	
97.9	99.4	
99.1	99.4	
98.9	89.3	
98.7	99.6	
99.1	88.9	
99.1	89.5	
97.9	89.1	
99.1	89.3	
99.3	79.4	
88.4	99.4	
99.3	99.6	
98.3	78.8	
98.9	99.2	
99.3	89.7	
88.6	89.1	
97.9	99.4	
97.9	89.5	
99.1	89.7	
99.1	89.3	
89.4	99.4	
98.7	89.7	
98.5	89.7	
99.1	89.7	
98.9	99.6	
99.1	89.5	
99.3	99.4	
98.5	69.5	
99.3	99.4	
98.7	89.7	
99.1	99.4	
99.1	99	
98.7	99.4	
98.9	99.6	
97.5	79	
99.1	89.7	
98.9	99.2	
99.3	89.3	
98.7	89.7	
99.1	99.6	
98.7	88.7	
98.9	89.3	
99.1	99.6	
98.7	89.7	
98.5	99.4	
97.9	99.6	
98.5	89.3	
99.3	99.6	
99.1	99.6	
99.1	99.4	
99.3	88.1	
99.1	99.4	
97.9	89.7	
99.1	99.4	
99.1	99.6	
98.3	99.4	
98.7	89.5	
98.9	99.4	
98.5	99.6	
99.3	89.7	
98.9	89.7	
99.1	99.4	
99.1	89.5	
99.1	99.4	
99.1	89.7	
98.3	88.3	
98.7	99.4	
99.3	99.6	
98.3	99.4	
99.3	89.5	
98.7	99.4	
98.3	89.7	
99.3	89.5	
98.7	99.2	
99.1	89.5	
99.3	79.6	
98.9	99.4	
58.5	99.6	
99.1	99.6	
99.1	99.4	
98.9	99.2	
98.3	99.2	
99.1	89.5	
98.5	99.6	
99.1	89.5	
98.5	99.2	
98.5	99.2	
98.7	99.6	
98.7	99.6	
99.1	99.4	
98.7	99.4	
98.9	89.5	
99.3	98.4	
89.2	89.3	
99.1	99.6	
99.3	99.6	
99.1	99.6	
98.5	89.5	
98.7	99.2	
88.8	89.3	
98.9	99.6	
98.9	89.7	
99.1	99.6	
99.3	89.5	
98.7	89.7	
99.1	99.6	
99.1	99.4	
99.3	89.1	
99.1	89.1	
99.1	99.2	
98.9	89.7	
98.7	89.7	
99.3	99.4	
99.1	89.7	
99.1	89.5	
98.7	99.4	
97.9	99.6	
98.1	99.4	
98.5	99.4	
99.3	89.3	
99.3	99	
99.3	89.7	
98.9	89.5	
88	99.2	
99.3	88.9	
99.3	99.4	
98.7	88.9	
99.1	99.6	
99.1	99	
99.3	89.7	
99.1	89.7	
98.1	99.4	
99.1	99.4	
98.9	78.4	
98.9	89.7	
98.7	89.7	
98.9	99.6	
98.5	99.6	
98.7	79.6	
98.9	99.4	
98.1	99.6	
99.3	89.7	
99.1	99.2	
99.3	99.2	
98.9	89.7	
98.7	79.6	
99.1	69.5	
98.3	89.5	
97.9	99.6	
97.5	99.6	
99.3	79.2	
98.9	89.3	
99.1	99	
97.5	89.7	
99.3	89.3	
99.3	99.4	
98.9	99.4	
98.9	99.4	
89	99.4	
89.4	99.4	
98.5	89.5	
99.3	99.2	
98.7	79.4	
98.9	99.6	
98.3	99.6	
98.9	89.7	
99.1	99.6	
99.1	99.6	
99.1	99.2	
99.1	99.6	
98.5	99.2	
99.1	88.9	
98.5	99.6	
98.7	99.4	
98.7	79	
98.9	99.6	
98.9	79.6	
99.1	89.3	
99.1	99.6	
98.9	89.7	
99.3	89.3	
99.1	89.5	
99.3	99.2	
86.4	89.7	
98.9	99.6	
99.1	99.2	
98.9	89.7	
98.7	89.7	
99.1	89.5	
98.9	99.6	
97.5	89.1	
87.8	89.7	
99.1	99.4	
98.9	99.6	
98.7	99.4	
98.9	99.4	
99.3	89.7	
98.5	89.3	
99.3	99.4	
98.1	89.7	
98.9	99.6	
98.9	89.7	
98.9	99.6	
98.7	99.4	
99.3	99.4	
99.3	79.4	
99.1	89.5	
98.7	89.3	
98.1	99.4	
98.3	89.7	
99.1	99.6	
98.7	99.6	
98.7	89.7	
97.7	99.2	
98.9	99.6	
99.1	79.6	
99.1	99.6	
98.7	99.6	
98.9	99.6	
99.1	99.4	
99.3	89.7	
98.5	99.6	
98.5	99.6	
99.3	99.6	
99.3	89.5	
98.9	99.4	
98.7	89.5	
98.9	99.2	
98.1	89.7	
98.5	89.5	
98.5	89.3	
99.3	99.6	
99.3	99.4	
98.9	89.5	
99.1	99.4	
98.7	99.4	
99.3	87.7	
98.7	99.4	
98.3	99.6	
99.3	69.1	
98.9	79	
96.5	89.5	
97.9	89.7	
98.5	99.6	
98.9	99	
99.3	99	
99.1	99	
99.3	89.3	
98.1	99.2	
97.9	99.6	
99.1	99.4	
98.3	99.6	
88.8	99.4	
99.1	99.6	
98.9	89.1	
98.7	89.1	
99.3	99.6	
98.7	79.4	
99.3	89.7	
98.3	89.5	
98.7	79.4	
98.3	99.6	
98.5	89.7	
99.3	89.5	
98.5	99.6	
98.9	99.4	
98.5	99.6	
99.1	99.6	
98.7	99.2	
98.9	98.6	
99.3	99.4	
99.1	99.4	
99.3	89.3	
99.1	89.7	
99.1	79.6	
99.3	99	
98.7	79.2	
99.3	99.4	
99.1	89.7	
99.3	99.6	
98.1	99.6	
98.9	89.7	
99.3	99.4	
98.1	89.5	
99.3	99.2	
97.7	99.4	
98.5	99.4	
98.1	89.3	
98.9	68.7	
98.9	99.6	
98.7	99.2	
99.3	99.6	
98.9	99.4	
98.5	99.4	
97.9	89.3	
98.9	99.6	
98.9	99.6	
99.1	89.3	
99.1	99.6	
98.9	99.6	
98.9	79.2	
99.1	99.4	
98.9	89.7	
98.5	99.4	
99.3	89.7	
99.1	89.7	
98.9	89.7	
98.5	89.7	
99.1	89.7	
99.3	99.6	
99.1	99.6	
98.5	99.6	
99.3	99.4	
98.7	99.6	
98.9	99.6	
99.3	89.5	
98.5	99.4	
98.7	99.6	
98.1	99.2	
99.3	89.7	
99.1	89.7	
99.3	99.6	
98.3	99.6	
99.1	99.6	
99.1	89.7	
89	99.2	
98.7	99.4	
99.3	89.5	
99.1	99.2	
99.3	99.4	
98.9	99.6	
99.1	79	
99.1	89.7	
98.9	89.3	
78.1	89.7	
99.1	99.4	
98.9	99.6	
99.3	89.7	
98.7	99.4	
98.9	89.5	
98.9	99.6	
99.1	99.4	
98.5	79	
98.7	89.5	
99.1	99.4	
98.7	98.6	
99.3	89.7	
87	89.7	
99.3	98.8	
99.3	79.4	
98.3	89.5	
99.3	99.2	
98.9	99.2	
97.9	99	
99.1	89.7	
99.3	89.7	
98.7	89.7	
99.3	89.3	
99.3	99.6	
98.9	89.1	
99.1	99.2	
99.1	89.3	
98.9	89.5	
99.3	89.3	
98.7	89.5	
99.3	99.4	
98.7	99.4	
98.9	89.7	
98.9	99.4	
99.1	89.5	
99.1	89.3	
98.7	98.4	
98.5	99.6	
99.1	99.2	
98.9	99.2	
97.3	89.3	
99.1	99.6	
99.1	99.4	
98.5	89.7	
99.3	89.3	
98.5	89.7	
98.7	58.8	
99.3	99.6	
98.7	99.2	
98.9	99.6	
98.9	99.6	
99.3	99.6	
98.1	99.4	
97.9	89.7	
99.3	99.4	
99.1	99.4	
98.5	99.6	
98.9	99.4	
98.9	89.5	
98.3	89.7	
99.1	89.7	
98.5	99.2	
99.1	98.8	
99.1	99.6	
97.9	89.7	
97.7	99.6	
99.1	99.6	
98.5	99.4	
99.1	99.6	
98.7	89.7	
98.5	89.3	
99.3	99.4	
99.1	89.7	
99.1	99.4	
99.1	99.2	
99.3	99.6	
99.3	99.6	
98.9	89.7	
99.3	79.4	
98.9	89.5	
99.1	99.6	
99.3	89.7	
98.5	89.5	
98.3	99.6	
98.9	99.6	
98.9	89.5	
98.5	99.4	
98.7	99.6	
97.7	99.6	
99.3	99.6	
98.3	99.2	
98.9	99.6	
97.3	99	
98.7	89.7	
99.1	99.4	
99.1	79.6	
98.7	99.2	
99.1	99.6	
98.7	89.7	
88.4	99.6	
98.9	99.4	
98.7	99.6	
98.7	79.6	
98.1	69.5	
99.1	99.4	
98.9	99.6	
99.3	99.6	
98.5	99.4	
98.9	98.8	
98.7	99.6	
98.7	88.3	
99.1	99.6	
99.1	99.6	
99.3	99.4	
99.1	79.6	
98.9	89.5	
98.9	89.7	
99.3	79.4	
99.3	89.5	
98.9	79.4	
99.1	99.6	
98.9	99.4	
98.9	99.4	
98.1	99.6	
99.3	89.5	
98.3	99	
98.1	89.3	
99.3	79.6	
99.1	99	
99.1	99.6	
98.3	89.7	
99.1	99.6	
99.3	99.6	
97.3	89.7	
99.1	99.6	
99.3	89.5	
98.3	99.6	
98.9	99.4	
98.9	99.2	
98.7	99.6	
98.3	99	
97.3	89.5	
99.3	89.3	
98.9	99.4	
97.9	99.4	
98.7	99.6	
98.5	99.6	
97.7	79.4	
98.1	99.4	
99.1	89.7	
99.3	99.4	
98.7	98	
98.3	79.2	
97.3	99.6	
98.9	98.8	
99.1	89.7	
99.3	89.1	
98.1	99.6	
98.7	99.4	
99.3	99.6	
99.3	89.5	
98.9	79.6	
98.9	99.2	
99.3	79.6	
67.8	89.7	
99.1	89.5	
98.9	89.5	
99.3	99.4	
99.1	99.6	
98.3	89.5	
99.1	89.7	
97.9	99.4	
98.1	99.2	
99.3	89.7	
99.1	99.2	
98.7	89.7	
99.3	99.6	
97.1	89.7	
99.3	99.4	
98.7	89.3	
98.7	99.6	
98.9	99	
98.3	99.2	
98.7	79.2	
98.3	89.7	
98.9	89.7	
97.9	89.1	
98.7	99.6	
98.3	89.7	
99.3	98.4	
99.1	79.6	
98.5	89.7	
98.9	99.6	
98.9	99	
98.5	79.4	
97.9	99.2	
99.1	99.2	
97.9	89.7	
99.1	79.6	
99.1	89.7	
99.3	59.2	
98.5	79.6	
98.3	89.7	
98.7	89.5	
98.1	89.7	
99.1	99.4	
98.9	99.2	
99.1	99.4	
99.3	99.4	
99.1	99.6	
99.1	89.1	
99.1	88.9	
98.5	99.4	
98.9	99.6	
98.9	99.6	
99.3	99.6	
99.3	99.6	
99.3	99.6	
98.3	89.7	
98.7	99.2	
99.3	88.9	
99.3	99.6	
98.5	99.6	
99.1	89.7	
99.1	89.5	
98.7	99.2	
99.1	59.2	
99.1	89.7	
97.5	99.6	
98.7	99.6	
99.3	99.6	
98.9	79.4	
98.3	99.4	
77.1	89.7	
98.7	89.3	
98.7	89.7	
98.1	99.6	
98.5	99.2	
98.1	99.6	
98.7	89.7	
99.3	88.7	
98.9	99.4	
99.1	98.6	
98.5	99.4	
98.9	89.5	
98.9	98.2	
98.9	79.6	
98.9	89.7	
99.1	89.5	
