99.1	88.9	
98.7	99.6	
99.1	99.6	
99.3	99.6	
98.9	98.6	
98.1	99.2	
99.1	99.6	
98.9	99.6	
99.3	99.6	
98.9	99.6	
99.3	99.6	
97.7	99	
98.9	99.4	
99.3	99.2	
99.1	99.6	
99.1	89.3	
99.1	99.6	
99.1	89.5	
98.5	99.4	
99.1	99	
99.3	99.6	
97.9	99	
99.1	89.5	
99.3	99.6	
89	88.9	
99.3	98.6	
98.1	99.6	
99.3	99.6	
98.9	99.4	
98.9	99.6	
98.7	99.6	
99.1	79	
88.4	99.6	
89	99.6	
98.7	98.8	
99.3	99.6	
99.1	89.5	
99.1	89.1	
98.3	89.1	
99.3	89.3	
98.7	99.4	
98.9	98.6	
99.3	99.4	
99.1	99.4	
98.7	99.2	
98.9	99.6	
99.3	99.4	
99.3	99.6	
98.1	99.6	
98.9	88.7	
98.9	89.5	
98.9	98.6	
99.1	89.5	
99.1	99.2	
98.7	99.4	
99.3	99.2	
99.3	99	
99.3	99.2	
99.3	98.8	
99.3	99.6	
98.7	99.6	
99.3	99.4	
99.3	99.6	
98.9	99.6	
99.3	99.6	
98.9	99.2	
99.3	99.6	
99.1	89.3	
99.3	99.4	
98.9	88.7	
99.3	99.6	
99.1	89.1	
99.1	99.4	
88.4	99.6	
99.1	99.6	
98.5	99.6	
89.4	98.8	
99.1	99	
98.9	89.7	
98.7	99.6	
98.9	99.6	
98.1	99.2	
99.3	99.2	
99.3	89.7	
98.7	89.5	
99.1	99.6	
99.1	99.6	
99.1	99	
98.9	98.6	
99.1	99.2	
99.1	89.3	
99.1	76	
99.3	99	
99.1	89.1	
99.1	79	
99.1	89.7	
99.1	99.6	
99.1	99.6	
98.9	98.8	
98.3	99.6	
98.9	99.2	
98.5	89.3	
97.7	99.6	
98.3	98.4	
99.1	99.6	
98.7	89.1	
98.7	99.6	
99.3	89.7	
99.1	99.6	
99.1	99.4	
97.1	89.7	
79.1	99.4	
99.1	89.5	
98.7	99.4	
98.9	89.5	
99.3	89.1	
98.5	99	
98.7	99.6	
99.1	99	
99.1	99.4	
99.1	99.6	
99.1	99.6	
99.1	99.6	
98.9	99.6	
99.3	99.6	
99.3	99.2	
99.3	99.4	
98.9	89.5	
98.5	99.4	
99.1	99.4	
99.1	98.2	
88.8	99.6	
98.9	89.7	
98.5	98.4	
88.4	89.5	
98.5	99.2	
98.9	99.6	
99.3	99.4	
77.5	99.6	
98.7	89.1	
98.9	99	
99.1	99.6	
99.3	99.2	
98.9	99.6	
99.3	99.6	
77.9	99.4	
98.5	99	
99.3	99.6	
98.7	98.6	
99.1	99.6	
98.7	99.6	
99.1	99.2	
99.1	99.2	
99.3	99.4	
99.1	99	
99.3	98.4	
99.1	99.6	
98.9	99.4	
99.1	99.4	
99.3	99.6	
89.2	68.5	
98.5	99.6	
98.7	89.7	
98.9	99.4	
99.3	99.6	
98.7	99.6	
98.9	99.6	
99.3	99.6	
98.9	99	
99.3	99.4	
99.1	99.4	
97.5	69.3	
99.3	99.6	
99.3	99.6	
99.1	99.4	
99.1	99.6	
98.7	99.4	
98.9	98.6	
99.3	99.6	
98.5	99.6	
99.3	88.7	
99.1	99.6	
99.3	99.4	
99.3	99.6	
98.5	99.4	
99.3	99.6	
99.1	89.1	
99.1	89.3	
97.9	99.6	
99.1	89.3	
99.3	99.6	
98.5	99.4	
98.9	99.6	
98.9	99.6	
98.9	99.6	
99.1	99.6	
98.9	89.5	
99.1	99.6	
98.9	99.4	
99.1	99.6	
98.5	99.4	
99.3	99.2	
99.3	99.6	
98.9	78.6	
99.1	99.4	
99.1	89.5	
99.3	89.7	
99.1	99.2	
99.3	88.9	
98.7	99.4	
89.2	98	
97.5	99.4	
98.7	99.6	
98.7	99.6	
98.7	89.3	
98.5	99.6	
98.9	88.9	
88.6	98.8	
98.5	99.6	
99.3	99.4	
98.9	89.7	
88.8	99.4	
99.1	99.6	
99.1	99	
76.1	89.7	
88.8	99.4	
98.5	99.6	
99.3	79.4	
98.9	98.8	
99.1	89.3	
99.3	98.4	
98.9	99.6	
98.9	99.2	
98.9	99.6	
89.2	99.6	
99.3	88.7	
98.9	99.6	
99.1	99.6	
98.3	99.4	
99.3	99.4	
98.7	99.6	
89	89.5	
97.3	99.4	
98.1	99.6	
98.9	99	
98.7	99.4	
99.1	89.5	
99.3	99.4	
76.5	99	
98.5	89.7	
99.1	99.4	
99.3	99.2	
98.7	99.2	
99.3	99.6	
98.1	99.4	
99.1	88.9	
99.1	99.6	
98.9	99.4	
98.7	99.6	
99.3	99.6	
98.9	99.4	
98.7	99.4	
99.3	99.4	
98.9	99.4	
98.9	88.7	
98.9	99.6	
98.5	98.6	
98.9	99.6	
99.1	99.4	
99.3	99.4	
98.9	96.6	
99.3	99.4	
99.1	98.8	
87.4	89.3	
98.9	99.4	
99.3	99.6	
99.1	99.6	
99.1	99.6	
98.9	99.6	
99.1	99.4	
99.1	99.2	
99.3	99.2	
98.7	89.7	
98.3	88.9	
98.9	99.4	
99.1	99.6	
99.1	99.6	
99.3	99.6	
99.1	99.4	
99.1	99.6	
98.1	99.2	
89	89.5	
99.3	99.6	
98.7	89.7	
99.3	99.4	
78.1	99.6	
98.7	99.6	
98.5	99.2	
98.9	89.5	
99.3	99.4	
98.9	99.2	
99.3	88.9	
98.9	99.2	
98.9	88.3	
98.9	99.6	
99.3	99	
98.9	99.6	
98.9	89.7	
99.1	99.4	
98.3	99.6	
99.3	99.4	
98.7	89.3	
99.3	99.2	
99.1	98.6	
97.9	99.4	
99.3	98.8	
98.9	89.5	
99.3	99.6	
98.9	99.6	
99.3	99.6	
98.9	99.6	
99.3	98.4	
98.1	99.4	
99.3	99.4	
98.9	89.1	
98.9	99.4	
98.5	99.4	
99.1	99	
99.3	99.2	
99.1	99.6	
98.9	79.4	
98.3	99.6	
99.3	99.2	
99.3	99.6	
98.9	99.4	
88.6	89.5	
99.3	99.6	
98.9	99.6	
99.1	99.6	
98.9	99.6	
78.3	89.3	
99.3	89.7	
99.1	99.4	
98.3	98.8	
99.1	89.5	
99.1	69.1	
98.9	88.9	
98.7	99.2	
99.3	99.6	
98.7	99.6	
98.7	99.4	
98.7	99.4	
99.1	98.8	
98.9	99.6	
99.3	99.6	
99.3	99.6	
86.8	98.4	
98.7	78.8	
99.1	89.1	
99.3	99.6	
98.1	99.6	
99.3	99	
99.1	88.3	
98.7	99.2	
98.1	99.6	
99.1	99.6	
99.3	99.4	
99.1	99.6	
98.7	99.6	
99.1	98.2	
99.3	89.1	
98.7	99.4	
96.7	99.6	
98.1	99.4	
99.3	98.2	
99.3	99.4	
99.3	89.7	
99.1	99.4	
99.3	99.4	
99.3	99.6	
98.7	99.4	
98.9	99.2	
99.1	99.2	
99.1	99.6	
98.7	99.4	
99.1	99.6	
99.1	99.6	
99.3	99.6	
99.3	99.6	
98.9	99.6	
98.5	89.5	
99.1	99.4	
98.7	98.8	
99.3	86.1	
98.5	89.5	
98.9	99.2	
99.3	99.2	
98.7	99.2	
98.7	89.7	
98.7	99.4	
99.1	99.4	
99.1	99.6	
99.3	89.7	
98.1	99.6	
98.7	99.6	
98.3	88.3	
98.3	99	
99.1	99.6	
98.9	99.6	
99.3	99	
99.1	99.4	
98.9	99.6	
98.1	87.9	
99.3	99.2	
99.3	99.4	
98.9	99.4	
99.1	89.1	
98.5	99.4	
99.3	99.4	
97.9	99.6	
98.7	99.4	
99.1	99.6	
99.3	99.6	
98.9	99.6	
98.5	99.6	
99.1	99.2	
99.1	99.6	
99.1	99.6	
98.7	99.4	
99.3	89.1	
98.7	99.4	
99.3	99.6	
88	99.6	
89.2	89.7	
99.1	98.6	
97.9	99.4	
99.3	99.6	
99.3	99.6	
99.3	98.6	
99.3	99	
98.9	99.6	
99.1	99.4	
98.5	99.2	
98.7	99.2	
99.1	99.2	
99.1	99.6	
99.1	99.4	
99.3	99.6	
99.1	99.6	
99.1	89.1	
98.9	89.5	
99.1	99.4	
99.1	99.4	
99.3	98.2	
99.1	99	
98.1	99.6	
99.3	99.2	
99.1	99	
99.1	99.2	
99.1	87.9	
99.3	99.6	
89	98.6	
98.7	98.8	
99.3	99.6	
99.1	99.6	
99.3	89.3	
98.3	98.8	
99.1	78	
99.1	79.4	
99.3	99.4	
99.1	99.4	
98.5	99.6	
98.9	89.7	
99.1	99.2	
99.3	88.9	
98.9	99.6	
88	99.2	
99.1	99	
99.3	99.6	
98.9	99.6	
99.1	99.6	
99.3	89.5	
98.9	99.6	
99.1	99.2	
99.3	99.6	
89	99.2	
99.3	99.2	
98.9	99.2	
99.1	99.6	
98.5	99.6	
99.3	99	
98.9	99.6	
98.5	99.4	
99.3	99.4	
99.3	89.5	
99.1	99.4	
98.9	99	
98.5	99.6	
99.3	99.6	
99.1	89.5	
99.1	99.6	
98.1	99.6	
98.5	99.4	
99.3	99.6	
98.9	89.5	
99.3	99.6	
98.9	99.6	
98.7	99	
98.5	99.2	
78.7	99.4	
98.9	99.4	
98.9	99.2	
99.3	98.8	
99.3	99.2	
99.3	89.7	
99.1	98.8	
99.1	57.6	
99.3	99.6	
99.1	98.6	
77.5	99.6	
98.5	99.6	
99.3	99.6	
99.3	89.5	
98.7	89.5	
99.1	89.7	
98.7	99.4	
98.9	89.3	
99.3	99.2	
98.9	89.3	
98.9	99.4	
99.1	99.6	
98.9	89.5	
99.1	99.2	
98.7	89.5	
98.9	88.7	
98.1	99.2	
99.1	99	
98.7	98.6	
99.1	98.4	
97.9	99.6	
98.9	98.8	
98.9	99.4	
99.1	99	
89	98.6	
98.9	98.6	
99.3	99.4	
98.9	99.2	
88.6	99.6	
98.9	89.7	
99.3	98.8	
99.3	99.6	
98.5	99	
98.9	99.6	
98.5	99.6	
99.1	99.6	
98.9	99.6	
89.2	99	
99.1	99.6	
98.9	99.6	
98.3	99.4	
99.1	98.8	
98.5	99.4	
98.9	99.6	
98.9	99.6	
99.1	99.6	
99.3	99.6	
99.1	99.2	
99.3	99.2	
98.9	98.8	
99.3	99.4	
99.1	99.6	
98.7	99.6	
98.3	99.6	
98.3	99.6	
99.1	89.7	
99.1	99.4	
98.5	99.6	
98.7	99.6	
98.9	99.6	
77.3	89.5	
99.1	99.6	
99.3	99	
98.7	99.6	
99.3	99	
98.9	99	
99.1	89.1	
99.3	99.6	
99.3	99.6	
98.9	99.2	
99.1	99.4	
99.1	99.4	
98.5	99.4	
99.3	99.2	
99.1	99.6	
99.1	99.4	
98.5	99.6	
98.9	99.6	
87	99.6	
98.7	89.7	
99.3	99	
98.9	89.5	
98.7	99.6	
99.3	99.6	
98.9	99.6	
99.1	99.6	
97.9	99.6	
99.1	99.6	
98.5	99.6	
99.1	89.3	
99.3	99.4	
98.9	99	
99.1	99.2	
98.3	99.6	
98.1	99.6	
98.1	89.3	
99.1	99.6	
98.9	99.4	
99.1	99.6	
98.9	99.6	
99.1	99.6	
99.1	99.6	
99.3	99.6	
97.5	99.2	
98.9	89.3	
99.3	99.6	
99.3	99	
98.9	89.3	
99.1	99.4	
98.5	99.6	
98.7	99.2	
99.1	99.4	
97.5	99.4	
98.9	89.7	
98.5	89.7	
98.7	99.6	
99.1	99.6	
98.7	99.6	
98.9	89.7	
98.9	99.4	
99.3	99.2	
99.3	99.4	
98.7	99.6	
99.3	89.7	
98.7	99.2	
97.9	99.6	
99.3	99.6	
98.5	89.7	
99.1	98.2	
99.1	99.4	
99.1	99.6	
99.3	99.4	
99.3	99.6	
99.3	99.4	
99.1	99.4	
98.5	89.3	
98.7	99.6	
98.9	98.8	
99.3	99.6	
99.3	99.6	
98.9	89.5	
98.9	99.4	
99.1	99.6	
99.3	89.7	
99.3	89.7	
98.9	99.6	
98.5	99.6	
98.9	99.4	
99.3	99.6	
68.6	98.4	
99.1	88.5	
98.5	78	
99.1	89.3	
98.5	99.6	
98.7	98.8	
88.8	99.6	
98.9	99.6	
98.5	99.6	
99.3	99.4	
99.1	99.4	
98.9	89.7	
99.1	89.3	
99.3	99.6	
99.1	99.4	
98.9	99.6	
99.1	99	
99.3	99.4	
98.9	99.6	
99.1	89.5	
99.1	99.6	
99.3	99.4	
99.1	99.4	
98.9	89.3	
99.1	99.6	
98.9	99.6	
99.1	99	
99.1	88.3	
98.9	99.6	
99.3	98.6	
99.3	89.5	
99.3	99.2	
98.7	99.6	
98.3	99.6	
99.1	99.6	
99.1	98.6	
98.5	99.6	
99.3	99.6	
98.1	89.7	
98.7	99.4	
98.5	99.4	
99.1	99.6	
99.3	89.1	
98.7	89.7	
99.3	99.6	
99.3	99.6	
99.3	99.6	
99.3	78.2	
98.7	99	
98.7	99.4	
98.9	99.6	
99.1	89.1	
98.5	99.6	
98.7	99.6	
98.9	69.3	
99.1	99.6	
99.1	97.8	
98.9	99.6	
98.5	89.7	
99.3	99.6	
99.1	99.4	
99.1	98.2	
89	99.4	
98.7	99.6	
99.1	99.6	
98.5	99.4	
99.3	99.6	
98.7	99.6	
78.9	99.4	
99.1	99.6	
97.5	89.3	
67.2	98.2	
88.8	99.2	
99.1	99.6	
99.3	88.9	
97.1	99.4	
99.3	98.6	
96.7	89.5	
98.1	99.6	
98.5	89.3	
98.9	99.2	
99.1	99.4	
99.3	69.3	
89.4	98.2	
86.8	98.8	
98.9	89.5	
99.1	99.6	
98.7	89.3	
99.3	89.7	
98.5	89.7	
98.7	99.4	
99.1	98.4	
99.3	99.6	
99.3	99.6	
99.1	99.2	
98.3	98.8	
99.3	99.6	
99.3	98.8	
86.8	99.2	
98.9	99.4	
99.1	99.6	
99.1	99.2	
99.3	99.6	
98.9	99.6	
98.9	99.4	
99.3	99	
99.3	99.6	
98.3	89.1	
98.9	99.4	
99.1	99.6	
99.1	99.6	
98.9	99.4	
99.1	99.6	
98.5	99.6	
98.7	99.6	
97.9	99.6	
99.1	99.2	
99.3	99.6	
99.1	99.6	
99.1	99.6	
99.1	99.6	
99.1	89.5	
98.9	99.4	
99.1	89.1	
99.1	99.6	
98.7	98.6	
88.4	79.2	
99.1	99.2	
98.9	99.4	
98.9	78.8	
99.3	99	
99.1	99.4	
98.9	99.4	
99.1	99.2	
88.4	89.7	
99.1	99.6	
99.3	99.2	
98.9	99.6	
99.3	99.6	
98.5	99	
89.2	99.4	
99.3	89.7	
98.3	99	
98.7	99.4	
98.5	89.5	
99.1	98.6	
98.3	99.4	
99.1	99	
99.3	99.6	
99.1	99.4	
99.1	99.2	
99.1	99.4	
99.3	89.5	
99.3	99.6	
88.6	99.6	
99.3	99.6	
98.5	99.4	
99.3	88.9	
98.3	99.2	
99.1	99.6	
98.9	99.6	
98.3	89.1	
99.3	99.6	
99.3	88.7	
98.9	99.4	
98.3	99.4	
98.3	99.2	
99.1	99.4	
99.1	99.6	
99.3	89.5	
98.7	99.6	
99.1	99.4	
98.7	99.2	
99.3	99.6	
98.7	89.3	
98.9	88.3	
99.3	88.9	
98.7	99.2	
99.1	99.6	
98.9	99.2	
98.7	99.4	
98.7	99	
98.3	99.6	
98.5	99.4	
98.9	99.6	
99.3	99.4	
99.1	99.4	
99.3	99.4	
99.1	89.5	
99.1	99.4	
98.7	99	
99.1	99.2	
98.7	88.3	
98.5	99.6	
99.3	99.6	
98.9	99.4	
98.9	89.3	
99.1	98.6	
99.3	99.6	
99.1	89.7	
99.1	98.6	
99.3	99.4	
98.7	99.4	
99.3	99.6	
98.9	99.6	
98.9	99.6	
99.3	99.6	
99.3	99.4	
99.3	98.6	
99.3	98.4	
98.9	78.2	
99.3	99.4	
98.5	99.4	
98.7	99.6	
99.1	99.4	
98.7	99.4	
99.3	99.6	
98.9	99.6	
98.9	99.4	
99.1	99.6	
89.2	99.4	
99.3	89.5	
99.3	99.6	
98.7	99.6	
99.1	99.2	
99.3	99.6	
99.3	99.6	
99.3	99.6	
98.9	99.6	
99.3	99.6	
99.3	99.2	
99.3	99.2	
99.3	99.4	
98.9	99.4	
98.5	99.2	
99.1	99.6	
99.1	99.6	
99.1	99.4	
98.9	99.4	
99.1	99.4	
98.7	89.7	
88.8	99.2	
97.1	99.6	
98.7	98.8	
99.3	99.6	
99.1	99.4	
99.3	99.4	
99.1	99.4	
98.9	99.6	
99.3	99.6	
98.9	99.2	
98.9	99.6	
99.1	99.6	
98.5	99.6	
97.7	99.6	
98.5	99.6	
99.1	99.6	
97.9	99.2	
99.1	99.6	
98.9	98.8	
99.3	99.6	
98.7	99.2	
99.1	89.1	
98.7	99.6	
99.3	99.6	
98.1	99.6	
99.3	99.6	
99.1	99.6	
98.3	99.6	
99.1	99.6	
98.7	99.6	
99.1	89.7	
98.5	99.6	
98.5	99.6	
98.9	89.5	
98.3	78.4	
87.2	98.2	
98.9	99.6	
97.5	99.6	
98.5	99.6	
99.1	99.6	
99.1	78.6	
99.1	89.3	
98.9	89.3	
98.9	99	
99.1	99.2	
88.4	99.4	
99.3	99.6	
99.3	99.4	
98.9	89.7	
98.9	88.5	
99.3	99.4	
99.3	99.2	
99.1	99	
98.7	99.2	
99.3	98.4	
99.3	99.6	
98.7	99.6	
98.7	98.6	
98.9	97.8	
99.1	99.6	
99.3	99.6	
98.9	98.6	
99.1	99.4	
98.5	99.4	
98.1	99.6	
99.3	99.6	
99.1	99.4	
98.9	98.6	
77.9	98.8	
98.9	99.4	
98.7	99.6	
99.1	98.8	
98.7	99	
98.7	99.6	
98.9	99.4	
99.1	99.6	
98.5	99.2	
98.9	99.4	
98.3	99.6	
99.1	99.6	
98.5	99.4	
99.1	99.6	
99.1	89.3	
99.3	98.8	
99.3	89.7	
98.5	98.4	
98.7	99.2	
98.9	99.6	
99.1	99.6	
98.7	88.9	
88.8	99.6	
