98.5	88.9	
99.3	99.4	
98.5	99.4	
99.3	99.4	
98.5	89.7	
98.7	99.2	
99.1	89.5	
98.5	99.6	
98.1	88.3	
97.9	89.7	
99.1	99.4	
98.3	99.6	
99.1	79.6	
99.3	99.6	
98.7	89.3	
99.1	79.2	
98.5	99.6	
98.5	69.1	
98.9	89.3	
99.3	99.6	
98.9	99.6	
99.1	99.6	
99.3	79.6	
99.1	99.4	
88.8	89.5	
99.3	79.2	
98.7	99.4	
98.7	89.7	
98.9	99.4	
99.1	78.6	
99.3	98.8	
98.7	99.6	
98.9	79.4	
98.9	89.5	
99.3	99.4	
99.3	89.7	
99.3	89.7	
99.3	78.8	
98.5	89.7	
89.4	79.2	
99.1	99.6	
99.3	89.7	
98.3	99.6	
99.3	88.5	
89	98.6	
98.5	89.7	
98.7	99.2	
98.5	99.6	
99.1	69.5	
99.1	99.4	
98.1	89.3	
98.7	99.6	
98.5	79.4	
98.9	79.6	
99.1	89.5	
99.3	89.5	
98.9	99.6	
98.7	89.7	
98.1	99.4	
98.9	99.4	
99.1	99.6	
98.9	99.6	
99.1	89.7	
97.7	89.5	
98.5	99.6	
98.7	99.2	
88.4	89.7	
98.9	99.4	
99.1	99.6	
98.7	89.1	
98.5	99.2	
99.3	99.4	
98.7	99.6	
99.3	89.7	
97.9	99.6	
98.9	79.4	
99.3	89.5	
99.3	78.8	
99.1	99.6	
89	89.7	
97.1	99.6	
99.1	88.9	
98.7	89.5	
99.1	99	
98.9	78.8	
99.1	78.8	
99.3	89.5	
99.1	89.7	
98.7	99.6	
99.1	99.6	
96.1	99	
98.3	89.5	
98.5	59.2	
97.1	99.6	
99.1	89.7	
97.7	89.5	
98.9	99.6	
99.3	89.3	
98.7	89.5	
99.1	89.5	
98.7	99.4	
99.1	79.4	
77.5	99.4	
99.3	98.8	
99.1	99.2	
98.3	89.3	
97.9	99.2	
97.1	89.3	
97.7	89.7	
99.1	79.6	
99.1	99.6	
98.7	99.6	
98.1	99	
99.3	99.6	
98.7	89.5	
99.3	79.6	
88.8	89.7	
98.5	89.7	
98.3	99.2	
98.7	46.9	
98.7	99.4	
99.1	99.4	
99.3	99.6	
98.7	99.6	
99.1	98.6	
99.1	99.6	
99.1	89.5	
98.5	89.5	
98.9	99.2	
99.3	89.7	
99.3	79	
59.3	99.6	
88.2	89.7	
98.9	99.6	
98.7	89.7	
99.3	99.6	
98.3	58	
97.9	89.1	
99.3	79.4	
98.5	99.4	
97.5	89.5	
98.9	89.7	
99.3	79.2	
99.3	89.3	
98.9	89.3	
99.1	99.4	
98.9	89.3	
98.5	99.4	
99.3	89.1	
99.1	99	
97.1	79.6	
98.7	69.5	
99.1	89.7	
98.9	78.8	
99.3	89.5	
99.3	99.2	
99.3	89.1	
98.5	79.4	
98.3	99.4	
98.9	89.7	
98.3	99.4	
98.7	89.7	
99.3	99.6	
98.7	89.7	
98.5	89.7	
89.2	99.2	
99.1	79.4	
99.1	79.4	
98.9	99.6	
98.5	89.7	
98.3	99.6	
98.7	89.7	
98.9	89.5	
99.3	89.5	
99.1	89.5	
98.9	99.2	
98.7	99.2	
98.9	99.6	
98.9	99.4	
98.9	89.5	
88.6	99.4	
98.7	89.3	
99.3	99.6	
99.1	89.7	
98.9	88.9	
99.1	99.4	
99.3	89.5	
98.9	89.7	
99.3	99	
99.1	99.6	
99.1	79.6	
98.9	89.7	
99.1	89.7	
97.7	99.6	
98.3	79.4	
99.3	99.6	
99.3	89.5	
97.1	99.2	
99.1	69.5	
77.7	99.4	
99.3	99.6	
99.1	89.7	
98.9	89.3	
99.3	89.3	
98.9	99.6	
98.7	79.2	
98.9	79.6	
99.3	99.6	
97.7	98.4	
98.7	99.6	
98.5	89.5	
89	99.6	
98.9	99.6	
99.3	79	
98.7	88.7	
99.3	89.7	
98.9	99.6	
98.3	99.6	
99.1	89.7	
99.1	99.4	
99.3	89.3	
99.3	99.6	
97.9	89.5	
99.3	99.4	
99.3	99.4	
99.1	88.7	
98.7	99.4	
99.3	99.4	
88.8	89.7	
99.3	99.6	
98.3	99.4	
98.9	89.3	
99.3	99.4	
99.1	99.2	
98.7	99.4	
98.3	89.5	
98.7	89.3	
98.9	89.7	
99.1	89.7	
99.3	79.6	
98.9	79	
98.9	99.4	
98.7	79.6	
99.1	99.6	
99.3	89.7	
98.7	99.4	
98.7	99.6	
99.3	99.2	
98.3	88.9	
98.9	99.2	
98.3	89.5	
99.1	99.2	
99.3	99.6	
98.7	79.2	
97.7	88.7	
99.3	89.7	
99.1	89.7	
98.7	89.1	
98.3	99.6	
97.5	99.6	
99.3	99.4	
98.3	89.3	
98.1	79.4	
88.4	89.3	
98.9	89.3	
98.7	99.4	
99.1	89.5	
99.3	99.2	
98.7	89.7	
98.9	99.6	
79.1	89.1	
99.3	89.7	
98.7	99.6	
98.5	79.2	
98.5	89.7	
98.5	89.5	
99.3	99.6	
99.3	89.3	
99.1	99.4	
99.3	99.4	
99.1	98.6	
99.1	89.3	
88.8	57.8	
98.9	99.2	
98.5	89.5	
98.9	99.2	
88.8	89.5	
98.9	89.5	
98.5	98.8	
98.9	99.6	
98.1	99.6	
99.1	89.7	
98.7	79.2	
98.9	79.6	
98.9	99.4	
99.1	89.3	
99.3	99.6	
99.3	69.3	
99.3	99.6	
98.5	99.6	
99.1	89.7	
98.5	99.6	
98.9	89.7	
98.3	89.5	
98.7	99.6	
99.3	89.7	
58.9	79.6	
99.1	88.7	
99.1	89.7	
98.5	99.6	
98.9	99.2	
89	99.6	
98.9	89.7	
99.3	89.5	
98.5	79	
98.9	89.7	
98.9	79.6	
98.1	99.6	
97.9	89.7	
98.7	89.7	
99.3	79.2	
98.9	79.2	
98.3	89.1	
98.3	99.2	
98.9	98.2	
99.1	79.6	
98.9	99.4	
99.1	99.6	
98.5	89.7	
98.9	99.4	
98.7	89.7	
98.9	99.4	
99.3	99.6	
99.3	99.2	
98.5	99.4	
98.7	99.4	
98.5	77.2	
98.3	89.7	
98.7	89.7	
99.3	99.2	
99.1	89.5	
98.5	79.2	
98.9	99	
99.1	99.4	
99.1	79.6	
98.5	89.5	
98.9	89.7	
98.7	99.6	
98.7	89.5	
99.1	99.6	
88.6	99.4	
98.3	88.7	
98.7	89.3	
98.9	99.4	
98.7	69.3	
98.5	79.6	
98.3	99.6	
98.9	87.7	
99.3	89.7	
98.1	89.7	
98.3	79.6	
98.3	88.5	
98.9	79.2	
97.9	79.2	
99.1	89.1	
98.3	99.4	
98.9	99.6	
98.3	99.6	
98.9	89.7	
98.7	99.4	
99.1	99.6	
99.1	99.2	
98.9	89.7	
99.3	79.2	
98.9	99	
98.7	89.7	
98.7	89.7	
99.1	89.3	
99.3	99.4	
99.3	99.6	
99.1	99.6	
98.9	89.7	
98.5	99.6	
98.9	99.6	
98.9	99.6	
99.1	89.5	
98.9	89.7	
99.3	99.4	
98.5	99.2	
99.3	99.6	
88.6	99.2	
88.2	89.5	
98.7	89.1	
99.3	99.6	
96.9	89.7	
98.5	99.6	
99.3	99.4	
98.9	99.6	
98.5	89.7	
97.9	99.2	
99.1	99.6	
98.7	79.6	
98.7	99.6	
97.7	89.3	
99.3	89.7	
88.2	89.3	
98.9	99.4	
98.1	99.6	
76.1	99.6	
99.3	99.2	
98.5	89.5	
99.3	89.3	
99.3	99	
98.9	99.4	
97.9	89.5	
98.9	98.6	
98.7	89.7	
98.9	99.6	
99.1	89.7	
99.3	89.7	
98.9	89.5	
98.1	99.6	
98.1	68.5	
99.1	89.7	
99.3	68.7	
99.1	89.5	
88	99.4	
99.1	99.4	
99.1	69.5	
98.3	89.7	
98.7	88.5	
99.1	99.2	
98.7	99.6	
89.2	89.5	
98.9	89.7	
56.7	89.5	
99.1	99.4	
98.7	99.2	
99.1	99.4	
86.4	99.6	
98.3	89.7	
99.3	99.6	
97.7	99.6	
98.1	79.6	
99.1	89.7	
99.3	89.7	
98.9	79	
99.1	99.6	
97.9	99.4	
99.1	89.7	
98.7	99	
99.3	99.4	
98.9	79.2	
98.1	89.7	
96.9	79.6	
99.1	99.4	
99.1	99.4	
98.9	89.3	
98.7	89.1	
88.6	89.7	
98.3	99.6	
99.1	89.3	
79.3	98.8	
97.5	99.6	
98.7	68.1	
98.9	89.7	
99.1	79.4	
98.5	89.7	
98.9	99.4	
99.1	98.6	
98.9	79.2	
78.9	89.7	
89	89.5	
98.3	47.9	
99.1	77.8	
99.1	99.6	
98.9	89.5	
98.3	89.5	
99.3	89.3	
99.1	99.6	
88.6	89.1	
99.1	82.7	
97.7	89.7	
98.9	99.4	
99.3	99.6	
98.7	99.4	
78.9	99.6	
98.9	99.4	
99.3	79.4	
98.1	89.5	
98.9	99	
98.3	98.8	
99.1	99.6	
98.9	89.7	
98.7	79.6	
99.1	99.4	
89.4	89.1	
99.3	89.7	
99.1	79.2	
99.1	99.6	
98.5	79.4	
98.7	88.9	
99.1	79.4	
98.9	89.5	
89.4	99.4	
98.9	89.5	
99.3	99.6	
98.3	99.6	
99.3	99.6	
99.1	89.3	
99.3	99.6	
98.9	99.4	
99.1	99.4	
99.1	89.7	
98.5	99.6	
99.3	99.4	
98.7	79.6	
99.1	99.6	
99.3	79.6	
98.9	99.2	
98.9	99.6	
98.9	79.6	
86.6	89.7	
99.3	99.2	
99.3	99.6	
98.9	99.2	
99.3	99.6	
98.3	99.4	
88.2	99.4	
99.3	69.5	
98.5	99.6	
97.9	89.5	
89	99.4	
98.5	99.4	
98.3	99.2	
98.3	99	
99.3	89.7	
99.1	99.6	
98.7	99.4	
98.5	99.4	
98.5	99.6	
98.3	99.6	
99.1	89.5	
98.3	99.2	
97.1	89.7	
99.3	99.6	
98.5	89.5	
98.7	99.4	
99.1	89.3	
99.3	89.5	
98.7	89.5	
98.7	89.5	
98.9	99.2	
89.2	89.3	
98.9	99.6	
98.9	89.3	
99.1	79	
97.9	89.7	
98.9	99.6	
98.9	89.5	
98.9	99.6	
98.7	89.5	
98.9	88.9	
98.3	89.7	
98.9	99.6	
98.5	89.5	
98.9	99.6	
88	89.5	
99.1	89.7	
98.1	99.4	
98.9	99	
99.1	89.5	
98.9	89.5	
98.5	89.5	
99.1	99.2	
99.3	99.6	
98.3	99.6	
98.5	79.4	
99.3	99.4	
98.5	99.6	
98.7	89.7	
98.9	79.6	
98.7	79.6	
99.1	89.1	
98.3	99.6	
98.9	89.5	
99.1	99.6	
99.3	89.5	
98.1	99.4	
99.3	89.7	
98.5	99.6	
98.1	89.3	
98.1	99.6	
99.3	89.7	
99.3	89.5	
98.9	89.7	
98.9	99.6	
99.1	99.4	
98.9	99.6	
98.5	99.4	
99.1	99.4	
98.5	99.6	
98.7	99.4	
98.3	99.6	
98.9	99.4	
88.2	99.6	
98.3	99.2	
98.5	89.7	
99.1	89.3	
86.4	78.6	
98.9	89.5	
99.3	99.6	
98.9	79.6	
99.3	89.1	
98.9	99	
99.1	99.4	
99.1	89.3	
99.3	89.5	
98.7	89.5	
98.5	99.6	
98.5	99.6	
98.9	89.5	
99.3	99.6	
99.1	99.4	
99.1	79.4	
99.1	99.6	
98.9	89.5	
99.1	89.3	
97.7	99.2	
99.3	89.5	
99.1	99.4	
98.9	79.6	
99.3	99.4	
87.8	79.4	
99.1	99.6	
99.1	89.7	
98.7	99.6	
99.1	99.6	
98.5	89.5	
99.3	89.3	
99.1	79.4	
99.3	78.8	
98.7	99.2	
99.3	99.6	
99.3	78.8	
98.9	78.8	
98.7	99.6	
98.7	99.4	
98.5	89.7	
99.3	89.7	
99.1	99.2	
98.5	89.3	
99.1	98.8	
98.9	89.7	
99.3	99.4	
99.1	99.2	
99.1	99.2	
99.3	89.3	
99.3	99.4	
99.3	79.6	
99.3	89.7	
98.1	89.5	
98.9	99.6	
98.9	79.6	
98.9	99.2	
98.5	99.4	
99.3	99.4	
99.3	98.8	
99.3	99.6	
99.1	89.7	
99.1	99.4	
98.7	89.7	
99.3	89.3	
99.3	99.4	
98.5	99.4	
99.1	89.1	
98.1	99.6	
97.5	99.4	
99.1	89.7	
98.1	89.5	
98.7	79.6	
99.3	98.8	
98.1	99.6	
98.9	99.6	
99.1	99.6	
98.5	98.8	
98.3	99.4	
99.1	99.6	
98.9	99.6	
98.7	99.4	
99.3	99.2	
99.1	79	
98.7	89.5	
99.1	99	
99.3	89.7	
88.8	99.4	
98.9	99.4	
98.9	89.3	
98.5	89.3	
98.9	99.4	
99.1	99.2	
99.1	99.6	
99.1	99.4	
98.9	89.5	
98.1	99.4	
98.9	99.4	
99.3	99.4	
98.9	99.6	
88.8	89.3	
98.5	69.3	
99.3	68.9	
98.1	88.9	
88.8	99.6	
88.6	99.4	
99.3	99.4	
99.3	99.4	
99.1	89.7	
98.7	89.7	
98.5	89.3	
99.1	89.3	
99.3	99.6	
98.7	89.7	
99.1	99.4	
98.9	89.5	
99.1	89.5	
98.7	99.4	
98.5	99.6	
98.9	99.6	
99.1	79	
99.3	89.3	
88.8	99.6	
99.3	59.4	
99.1	79.4	
98.9	99.6	
99.1	89.7	
88	99.6	
98.5	89.7	
99.3	99.6	
99.1	79.6	
99.3	89.7	
99.3	59	
98.3	99.2	
98.7	89.7	
99.3	99.2	
86.4	99.6	
98.7	89.7	
98.7	99.4	
98.9	68.9	
98.9	89.3	
88.6	89.7	
98.7	89.1	
99.3	99.4	
98.5	99.4	
99.3	99.6	
98.3	76.4	
67.8	99.4	
99.3	99.4	
99.1	99.6	
78.9	89.7	
99.1	89.7	
98.9	99.4	
99.1	99.6	
97.5	99.2	
99.1	99.6	
98.7	99.6	
98.5	88.9	
98.9	89.7	
99.3	99.6	
97.7	99.6	
98.1	98.8	
98.7	89.7	
99.1	98.8	
97.9	88.7	
98.5	89.7	
99.1	99.2	
97.5	89.3	
98.5	99.4	
98.9	89.7	
99.1	89.7	
98.5	89.3	
99.1	99.6	
98.5	99.4	
98.3	99.4	
99.3	69.3	
99.1	99.4	
99.3	99.6	
98.9	89.7	
98.3	79.6	
98.7	99.6	
98.5	89.3	
99.1	89.7	
99.1	99.6	
99.3	99.4	
97.9	99.6	
99.3	99.6	
99.1	89.5	
99.3	79.6	
97.9	99.4	
99.3	89.1	
98.1	99.6	
99.1	99	
99.3	99.4	
98.3	89.7	
88.4	89.3	
98.5	89.3	
99.1	89.1	
99.1	99.6	
99.1	89.5	
99.3	89.5	
99.3	78.6	
98.5	99.2	
99.3	79.4	
98.7	59.2	
99.3	99.6	
98.3	89.7	
99.1	89.3	
98.9	99.6	
99.3	78.8	
99.3	59.2	
98.1	99.2	
98.9	89.7	
98.7	89.7	
98.5	89.3	
99.1	99.4	
99.3	98.8	
99.1	89.7	
98.1	89.7	
98.9	99.6	
99.3	99.4	
99.3	89.5	
99.1	89.7	
98.7	99.2	
78.9	89.7	
88.4	99.6	
99.3	89.5	
99.1	79	
99.3	99.6	
99.1	99.6	
98.5	99.4	
98.9	89.7	
98.7	99.2	
98.9	89.7	
98.9	99.6	
98.9	99.4	
99.1	98.8	
99.3	89.5	
98.3	89.3	
99.1	99.6	
89.2	99.6	
99.3	99.4	
99.1	99.4	
99.1	89.5	
98.9	89.3	
99.1	99.6	
99.1	79.6	
99.1	99.6	
99.3	89.1	
98.9	99.4	
99.3	99.6	
98.3	79.6	
99.3	89.7	
98.9	99.4	
99.1	99.6	
99.3	99.6	
88.6	99.4	
99.1	89.3	
99.3	89.5	
99.1	98.8	
99.1	99.6	
98.7	99.4	
99.1	89.5	
99.3	79.4	
99.1	89.7	
99.3	89.5	
98.9	99	
98.7	88.7	
98.5	99.4	
98.5	99.4	
99.1	99.4	
99.3	89.7	
98.5	99.6	
98.9	89.1	
99.1	79.6	
99.3	99.2	
99.3	99.4	
98.5	87.9	
99.3	99.4	
99.1	79.4	
98.7	99.2	
99.1	68.7	
98.9	99.6	
98.7	89.5	
99.1	89.3	
98.7	89.3	
99.1	99.4	
99.1	99	
99.1	89.5	
99.3	89.7	
97.9	99.6	
98.5	79.4	
99.1	99.4	
99.1	99.6	
96.9	89.7	
99.3	99	
98.7	99.6	
99.3	99.6	
98.9	99.6	
99.1	99.2	
99.1	99.6	
98.7	79.2	
99.1	99.4	
99.1	79.4	
98.9	99.6	
99.3	99.6	
98.5	99.4	
98.5	89.7	
98.9	89.7	
99.1	89.1	
99.1	99.6	
98.9	99.4	
99.1	99.2	
97.9	89.5	
99.3	87.9	
98.5	99.6	
99.3	99.6	
99.3	99	
98.9	99.4	
98.9	99.6	
99.3	99.6	
99.3	99.2	
98.9	88.7	
98.7	99.2	
99.1	79.4	
99.1	89.1	
98.1	89.5	
98.7	88.7	
98.7	89.7	
98.9	89.1	
99.1	89.5	
98.9	99.6	
88.2	99.4	
98.7	99.4	
99.3	99.4	
98.1	88.9	
98.9	99.2	
98.1	99.6	
98.7	99.6	
99.1	89.5	
99.1	89.5	
98.5	99.4	
97.1	79.6	
98.7	99.4	
98.5	99.4	
98.5	89.5	
98.9	89.1	
98.5	99.6	
99.1	99.4	
88.8	89.5	
99.1	99.6	
99.3	99.4	
99.3	99.6	
89	89.3	
98.7	78.8	
98.7	99.6	
99.1	89.7	
99.1	79.4	
97.9	99.4	
99.1	99.6	
98.9	99.2	
98.5	89.5	
88.4	99.6	
99.3	89.1	
99.1	69.5	
98.9	99.6	
98.7	79.2	
98.7	99	
98.3	89.7	
69	89.3	
99.3	99.6	
98.9	89.5	
98.7	99.6	
99.1	69.5	
98.5	89.7	
99.3	99.4	
99.1	99.6	
98.3	89.7	
99.3	89.3	
99.1	89.7	
98.7	99.4	
98.9	89.3	
75.9	99	
89.2	89.7	
98.7	99.4	
99.3	99.6	
99.1	99.6	
99.3	99.6	
99.3	99.6	
99.3	99.6	
98.9	87.9	
98.3	99.2	
