99.1	89.7	
98.5	89.5	
98.3	89.1	
99.3	79.2	
99.3	89.7	
98.5	89.5	
98.5	89.7	
98.7	89.7	
89.2	89.7	
98.1	99.4	
98.9	79.6	
99.1	89.7	
88.4	89.5	
98.9	79.6	
99.1	78.8	
98.9	89.7	
99.1	99.6	
98.9	89.7	
77.9	89.3	
99.1	79.2	
99.1	89.7	
98.9	89.1	
98.7	99.6	
98.7	89.5	
99.1	79.4	
98.3	89.3	
99.1	89.7	
99.3	89.5	
98.7	89.7	
99.3	99	
99.1	89.7	
98.1	89.3	
99.3	79.6	
99.1	89.7	
99.3	89.5	
98.5	89.7	
98.9	99.4	
98.9	79	
99.3	89.5	
99.1	88.9	
98.3	89.3	
98.9	89.3	
99.1	89.5	
89.2	89.7	
98.1	89.5	
99.1	89.5	
97.7	89.3	
98.9	89.7	
98.7	99.6	
98.9	89.7	
99.3	88.7	
98.9	79.2	
98.9	89.7	
99.3	99.4	
99.1	89.5	
98.7	79.6	
98.1	89.7	
99.3	79.6	
98.9	99.6	
99.3	79.4	
97.9	89.3	
98.1	89.5	
98.1	89.1	
99.1	89.5	
98.5	79.4	
98.5	89.5	
98.9	88.7	
98.9	69.5	
99.1	89.7	
99.3	99.2	
98.3	89.1	
99.3	99.6	
98.7	89.1	
98.7	89.7	
88.6	89.5	
99.3	89.5	
98.9	89.7	
99.3	89.7	
98.5	89.7	
99.1	89.5	
98.7	79.6	
96.3	99.6	
99.1	89.7	
99.3	89.7	
98.9	89.7	
98.9	99.6	
99.1	79.6	
99.1	99.6	
99.3	89.3	
99.1	68.7	
98.9	89.5	
98.9	89.5	
99.3	79.4	
78.7	89.7	
98.7	89.7	
98.7	89.7	
78.9	79.2	
99.3	89.5	
98.9	89.7	
89.2	89.7	
99.3	99.6	
99.1	89.7	
68.8	79.4	
89	89.3	
99.1	89.7	
99.1	99.6	
98.9	89.7	
99.1	79.4	
99.1	89.7	
98.9	99.6	
99.1	89.5	
98.9	89.7	
98.1	89.7	
88.6	79.6	
98.1	99.4	
98.5	89.5	
98.9	99.6	
98.7	89.7	
99.1	79.4	
99.1	99.4	
97.9	99.4	
89.2	89.5	
99.3	89.7	
99.3	89.7	
98.7	89.3	
98.5	89.5	
98.9	89.5	
89	99.4	
99.3	89.5	
99.1	89.3	
98.9	89.7	
99.1	68.9	
88.4	99.6	
98.7	89.5	
89	99.4	
99.1	89.7	
98.5	89.3	
68.4	99.6	
99.3	89.5	
99.3	89.7	
89.2	89.5	
99.1	79.6	
89	89.7	
97.7	89.7	
98.9	99.4	
89.2	79.6	
99.1	89.3	
99.1	79.4	
98.9	89.3	
98.3	99.2	
99.1	89.7	
99.3	89.5	
99.1	89.3	
97.9	89.3	
98.9	98.6	
98.5	89.7	
99.1	89.3	
79.3	89.7	
99.1	99.4	
99.1	79.6	
99.1	89.7	
98.5	79	
99.1	89.7	
99.1	89.1	
58.7	89.7	
97.9	79.6	
99.3	89.3	
99.3	99.6	
99.3	89.7	
99.3	89.1	
99.1	79.4	
98.5	99	
99.3	79	
99.3	98.6	
98.7	89.7	
99.3	88.9	
28	79.6	
88.4	89.5	
98.9	89.7	
98.9	99.6	
98.5	89.5	
88.6	89.3	
99.3	89.7	
99.1	89.7	
98.5	89.7	
98.9	89.7	
89	99.2	
99.3	99.4	
99.1	89.7	
68.2	99.6	
99.1	89.7	
98.5	89.7	
99.3	88.9	
98.1	89.3	
98.9	89.5	
98.7	89.7	
88	78.4	
97.9	99.4	
99.3	99.6	
89	89.3	
98.5	89.7	
98.9	89.3	
98.9	79.6	
97.5	89.3	
98.9	89.7	
99.1	89.7	
99.3	99.4	
98.3	88.9	
98.3	99.4	
99.3	89.3	
99.1	79.6	
98.9	89.7	
99.1	69.1	
98.7	89.5	
98.7	79.6	
97.7	89.7	
98.9	99.4	
88.8	89.7	
98.5	89.3	
98.5	89.5	
98.9	79.2	
89.2	79.6	
98.9	89.7	
99.3	89.5	
87	79.4	
99.1	89.5	
98.9	89.7	
99.1	89.7	
99.1	89.7	
99.1	89.7	
99.3	89.7	
99.3	89.5	
97.5	89.3	
99.1	68.9	
98.3	89.5	
98.9	89.5	
97.9	99.4	
99.3	99.2	
68.2	79.4	
98.7	79.4	
99.1	89.5	
99.3	89.7	
99.1	89.5	
99.3	89.5	
88.6	79.6	
99.1	99.6	
99.3	79.6	
98.5	99.2	
97.9	79.6	
98.9	79	
98.9	99.6	
98.5	89.7	
99.1	99.4	
98.7	79.2	
97.7	69.5	
99.3	89.3	
87.4	89.5	
98.5	89.5	
99.3	89.7	
99.1	89.7	
99.1	89.7	
89.2	89.5	
99.3	79.4	
99.3	88.9	
99.1	89.7	
99.1	89.3	
99.3	89.7	
98.7	99.6	
99.3	89.7	
98.7	89.7	
98.5	88.7	
99.3	89.5	
99.1	89.7	
99.3	99.6	
98.9	89.5	
99.3	89.7	
99.3	99.6	
98.1	89.5	
99.1	89.5	
99.3	89.5	
99.3	89.7	
98.9	89.7	
99.3	89.7	
98.9	89.5	
99.1	79.6	
98.7	89.5	
98.9	79.6	
99.3	89.7	
68.8	89.7	
98.5	89.7	
99.3	79.4	
98.7	89.7	
98.7	79.2	
99.1	99.6	
99.3	99.6	
99.3	79.4	
89	88.7	
98.9	99.4	
99.3	99.6	
99.1	99	
99.1	89.5	
98.5	89.3	
98.9	89.7	
99.1	89.7	
98.5	89.7	
88.8	89.7	
98.9	89.5	
98.7	89.5	
99.1	89.1	
99.3	89.7	
99.1	87.9	
98.5	89.5	
98.9	79.2	
98.7	99.4	
99.1	89.7	
99.3	89.5	
99.1	99.6	
78.9	89.7	
99.3	79.6	
99.1	89.7	
98.7	89.7	
99.3	89.3	
98.3	79.4	
99.3	88.9	
99.3	69.5	
99.1	99.4	
99.1	89.7	
98.5	89.3	
99.3	79.6	
99.1	89.5	
99.1	79.6	
98.3	89.3	
98.3	89.5	
99.1	89.7	
98.9	89.1	
88.4	89.3	
99.1	89.7	
98.9	89.7	
78.9	89.7	
98.7	89.7	
99.3	89.7	
98.9	89.1	
98.3	99	
98.7	89.7	
98.1	89.5	
99.3	88.9	
99.3	79.6	
99.1	89.7	
98.9	89.5	
98.9	99.4	
98.9	89.7	
98.3	89.5	
99.1	89.5	
99.3	99.6	
98.5	69.1	
99.3	79.6	
99.3	89.7	
78.1	89.5	
98.5	89.7	
99.1	89.7	
98.5	89.7	
99.1	89.5	
98.9	89.7	
99.3	99.2	
98.7	89.7	
99.3	89.7	
79.3	89.7	
99.1	99.4	
98.3	89.5	
99.1	89.5	
98.9	88.3	
99.1	89.7	
99.3	89.5	
98.9	88.9	
99.3	89.5	
99.3	89.5	
99.1	89.7	
98.1	79.4	
99.1	89.5	
96.3	99.2	
99.1	89.7	
98.9	89.7	
99.1	89.5	
99.1	89.7	
98.5	89.7	
99.1	98.4	
99.3	79.6	
99.1	89.5	
98.5	79.6	
99.1	79.4	
97.3	79	
98.7	89.7	
98.9	79.2	
99.3	79.2	
99.3	79.4	
99.3	99.6	
99.1	99.4	
99.1	89.3	
89	89.7	
99.3	89.7	
99.1	89.7	
79.1	89.7	
98.7	79.4	
98.3	99.2	
98.3	79.6	
99.1	89.7	
99.3	99.4	
88.4	99.6	
98.7	99.4	
78.9	89.5	
98.9	99.4	
98.9	89.5	
98.7	99.4	
98.5	89.7	
99.3	89.3	
88.8	89.5	
98.7	89.3	
98.7	89.3	
98.9	89.5	
99.3	89.7	
99.1	89.5	
99.1	89.7	
98.7	89.7	
99.1	99	
98.7	89.3	
99.1	89.7	
98.9	89.7	
98.7	99.4	
98.9	99.4	
89.4	89.7	
89	89.5	
88.6	88.9	
88.6	99.2	
99.1	99.4	
98.9	89.3	
99.1	99.2	
99.1	89.7	
98.9	89.5	
99.1	89.7	
99.1	89.7	
98.7	88.9	
99.1	79.6	
88.4	69.1	
99.3	99.6	
99.3	79.6	
97.9	89.7	
99.3	79.6	
99.3	89.7	
97.9	89.7	
99.3	79.6	
99.1	89.7	
99.3	89.3	
98.7	89.7	
98.7	69.5	
99.3	89.7	
99.3	89.7	
99.1	89.7	
98.1	89.7	
99.1	89.7	
88.2	89.7	
98.5	89.5	
99.3	99.4	
89	98.8	
97.9	89.7	
78.5	69.3	
98.9	99.2	
97.9	89.7	
98.3	89.7	
99.1	98.8	
98.7	89.7	
98.9	79.6	
98.9	89.7	
98.7	99.4	
99.1	89.5	
98.7	99.6	
99.1	69.3	
99.1	89.7	
78.5	79.4	
89.4	89.7	
98.5	89.5	
98.9	99.4	
97.7	89.7	
98.5	89.7	
99.3	89.7	
89	89.7	
98.3	89.5	
98.9	89.7	
98.9	89.7	
98.7	89.3	
89.2	89.7	
98.5	89.7	
99.1	89.5	
98.9	68.7	
99.3	98.8	
98.7	89.3	
99.3	89.7	
99.3	99.2	
99.3	99.4	
98.9	89.3	
98.1	99.2	
98.5	89.1	
98.9	89.7	
99.1	89.7	
89	99.6	
97.5	89.5	
98.7	89.5	
99.3	89.7	
98.5	99.6	
99.3	99.6	
98.5	89.7	
98.9	89.1	
98.7	89.7	
99.3	89.7	
98.9	99.6	
97.9	89.7	
98.1	89.7	
78.7	89.7	
98.7	89.1	
99.1	89.7	
98.9	79.2	
99.3	79.4	
99.3	79.2	
99.3	89.5	
98.9	79.6	
98.1	89.7	
99.1	89.7	
89.2	89.3	
99.3	89.5	
99.3	89.7	
98.7	99.6	
99.1	89.5	
98.7	98.6	
98.3	89.3	
98.1	88.9	
99.1	89.5	
78.7	69.3	
98.9	89.7	
99.3	88.9	
98.5	99.4	
99.3	79.6	
98.9	89.7	
98.9	89.7	
99.3	89.7	
99.3	89.3	
99.3	89.3	
99.1	89.7	
98.9	89.5	
99.1	99.2	
98.7	89.5	
99.3	89.5	
88	99.4	
99.1	89.5	
89.4	89.1	
99.1	89.7	
99.1	79.4	
99.3	99.4	
99.3	89.5	
99.1	99.4	
99.1	89.5	
98.5	99.2	
99.1	89.3	
99.1	89.7	
99.3	88.9	
99.1	89.7	
99.3	99.6	
99.1	99.6	
67.4	89.7	
88.6	89.7	
98.9	99.4	
98.3	89.3	
88.2	89.7	
88.8	89.1	
98.7	89.7	
99.3	79.6	
99.3	99.4	
99.3	89.7	
98.5	89.7	
98.9	89.3	
98.9	89.7	
98.3	79.4	
99.1	79.4	
99.3	89.3	
99.3	88.7	
99.3	89.7	
98.9	68.9	
99.3	99.2	
99.3	89.7	
98.1	89.7	
99.1	99.6	
99.3	79.2	
98.9	89.5	
99.1	89.5	
98.7	89.5	
98.9	89.7	
98.3	89.7	
98.7	89.7	
89	88.7	
98.5	99.4	
98.5	89.7	
98.7	79.4	
99.1	99.4	
98.9	89.5	
99.3	79.4	
78.9	79.6	
99.1	59.4	
99.3	89.7	
89	89.7	
97.9	69.5	
99.3	89.7	
99.3	79.6	
98.9	89.7	
98.5	89.3	
99.3	99.4	
98.9	89.7	
87.6	99.4	
98.9	89.3	
99.3	89.7	
98.7	89.7	
98.9	79.2	
99.3	59.2	
99.1	89.3	
98.9	89.1	
99.1	89.7	
88.6	89.7	
99.3	69.5	
98.9	89.7	
98.9	99.6	
98.9	89.3	
98.1	89.7	
99.1	99.4	
98.7	89.5	
99.3	89.1	
99.3	89.7	
99.3	99.2	
99.1	89.5	
98.3	99	
98.9	89.7	
99.3	89.1	
99.1	89.7	
99.3	89.5	
99.1	89.7	
99.3	88.9	
98.9	79.4	
98.7	89.7	
98.7	89.5	
98.9	89.7	
99.1	89.7	
99.1	99.4	
98.7	99.6	
98.5	89.5	
89.2	88.9	
88.8	99.6	
98.5	89.3	
98.7	89.7	
79.1	89.5	
97.9	89.7	
78.1	89.3	
99.1	99.6	
99.3	89.7	
99.3	99.6	
99.1	89.5	
99.1	89.5	
98.7	89.5	
98.7	79	
98.9	89.3	
99.1	99.6	
98.9	89.7	
99.1	89.7	
98.7	89.7	
98.9	89.7	
98.7	89.5	
98.9	99.4	
99.3	99.4	
99.1	78.4	
98.9	89.7	
98.9	79	
99.3	69.3	
99.1	89.7	
99.3	88.9	
98.7	99.6	
88.8	89.7	
99.3	89.7	
98.3	89.7	
98.7	89.3	
99.3	89.5	
99.3	89.7	
99.3	89.7	
78.9	89.7	
89.2	89.7	
99.1	89.5	
99.1	99.4	
99.1	68.9	
99.1	89.5	
98.9	89.7	
99.1	99.6	
98.9	89.7	
89.2	89.7	
98.7	89.7	
98.7	89.7	
99.1	88.5	
99.3	89.5	
99.1	89.7	
59.1	79.2	
98.5	99.6	
99.1	89.5	
99.1	99.2	
99.3	89.3	
98.9	89.1	
98.7	89.7	
98.7	79	
98.7	89.7	
98.9	89.5	
98.9	89.7	
98.9	99.6	
98.7	99.6	
98.5	89.5	
67.4	89.7	
87.8	48.5	
98.3	99.4	
78.9	88.3	
99.1	89.7	
89	89.5	
98.5	89.7	
99.3	99.6	
98.5	89.3	
99.3	89.7	
99.1	89.7	
78.5	69.3	
98.7	89.7	
99.1	99.4	
88.2	99	
99.3	89.7	
99.1	89.3	
98.9	99.6	
78.3	89.5	
99.3	79.2	
98.9	89.5	
98.9	99.6	
98.1	99.6	
88	69.3	
98.7	59.4	
99.3	89.1	
98.9	89.5	
99.1	89.1	
99.1	89.7	
88.2	99	
99.1	79.4	
98.9	89.3	
98.7	89.5	
99.3	89.5	
99.1	79.6	
99.3	99.4	
99.1	89.5	
98.9	79.6	
89	89.7	
88	89.7	
98.9	89.7	
99.1	89.5	
98.5	99.4	
98.3	89.7	
99.3	99.4	
98.9	89.3	
98.9	89.7	
99.3	89.7	
99.3	89.7	
98.9	99.4	
98.9	99.6	
88.8	89.3	
98.9	79.6	
99.1	89.3	
99.3	89.7	
98.9	99	
88.6	89.1	
87.8	89.7	
99.3	99.4	
99.1	98.4	
99.1	89.5	
89	99.4	
98.9	79.6	
97.9	99.4	
99.3	89.5	
88.6	89.7	
99.3	99.6	
98.9	89.3	
99.3	99.2	
99.1	99.6	
99.3	99.4	
99.3	89.7	
98.7	89.7	
96.9	99.4	
99.1	89.5	
99.1	79.6	
99.1	89.3	
99.1	89.7	
99.3	89.7	
98.9	99	
98.5	89.7	
98.3	89.7	
98.7	89.7	
99.3	89.3	
99.1	99.6	
99.3	79.4	
99.3	89.5	
99.1	89.7	
98.9	89.5	
88.4	58.8	
98.7	89.5	
98.9	99.2	
98.9	89.5	
98.5	89.7	
98.5	89.5	
99.3	89.7	
97.9	89.3	
99.1	89.7	
99.3	69.5	
99.1	89.3	
48.2	89.7	
99.3	89.7	
88.6	99	
99.3	89.5	
98.9	89.7	
99.1	89.5	
99.3	89.5	
99.1	89.7	
89	89.5	
99.1	89.7	
97.9	89.7	
99.1	89.7	
98.7	99.6	
98.9	69.1	
98.5	99.6	
98.9	79.6	
98.3	99.2	
97.9	99.4	
98.5	69.5	
98.5	99.4	
97.7	99.4	
58.5	89.7	
87.4	89.7	
89.4	99.6	
98.7	89.1	
88.8	99.6	
99.1	79.2	
88.6	89.7	
99.3	99.6	
89.4	89.7	
99.1	88.9	
99.1	89.5	
99.1	89.7	
99.1	89.7	
99.3	99	
99.1	99.4	
98.9	89.5	
99.3	89.7	
99.3	69.5	
98.9	99.4	
98.9	89.5	
99.3	89.7	
99.3	99.4	
99.1	99.6	
99.1	89.5	
98.3	79.6	
99.1	89.7	
47.4	89.7	
99.1	89.7	
98.7	89.7	
98.9	89.7	
98.9	89.3	
98.7	89.7	
98.7	89.7	
89.2	98.4	
99.3	89.7	
98.1	89.7	
99.1	89.7	
99.3	79.4	
98.9	89.5	
98.1	89.5	
99.1	89.5	
99.1	89.7	
98.5	79.6	
99.1	99.6	
99.1	89.5	
58.1	89.7	
98.5	88.9	
98.9	89.5	
99.1	89.5	
99.3	89.7	
98.7	89.5	
98.9	89.5	
98.3	89.5	
99.3	89.5	
99.1	89.3	
99.1	89.5	
98.9	99.4	
98.9	89.5	
97.1	79.6	
99.3	89.5	
98.9	99.6	
99.3	79.6	
99.1	79.6	
98.5	89.7	
99.1	89.7	
99.1	89.5	
99.1	99.6	
97.7	89.7	
99.3	89.3	
98.5	89.7	
98.7	79.2	
99.3	99.6	
98.9	89.1	
99.1	89.7	
98.5	89.3	
98.9	99.4	
98.7	89.7	
98.7	89.7	
68.6	79.4	
98.5	89.7	
99.3	89.7	
68.6	99.2	
99.3	79.6	
98.9	89.7	
98.3	89.7	
99.3	99.6	
99.1	89.5	
99.3	89.5	
98.9	89.5	
68.2	89.7	
99.3	89.7	
98.7	59	
99.3	79.6	
98.5	89.7	
99.3	99.6	
88.8	99.6	
99.1	89.3	
98.1	99.6	
99.3	89.7	
98.9	99.2	
98.7	89.3	
99.1	89.7	
79.1	69.5	
99.1	89.7	
98.5	89.7	
99.1	89.7	
99.3	89.7	
97.5	89.5	
99.1	99.6	
99.1	89.7	
99.1	89.7	
99.3	89.7	
98.9	89.7	
88.6	99.6	
99.3	89.7	
99.1	99.6	
88.8	89.5	
99.3	89.5	
98.3	99.4	
98.1	79.4	
98.7	68.7	
99.1	99.6	
99.1	89.7	
99.3	89.7	
99.3	89.7	
98.9	89.7	
99.1	98.8	
99.3	89.7	
88.4	89.1	
98.5	89.7	
98.9	89.5	
99.1	89.7	
88.6	89.7	
99.1	89.5	
99.3	99.4	
98.9	79.6	
99.3	89.7	
99.3	89.1	
98.7	79.6	
99.1	89.5	
98.9	99.4	
78.5	89.7	
99.1	89.5	
98.7	89.7	
88	89.7	
99.3	99.4	
99.1	79.2	
98.9	89.7	
99.1	79.6	
99.3	89.7	
98.7	99.4	
99.3	89.7	
68.8	79.6	
98.7	99.6	
99.1	68.7	
98.7	89.1	
97.9	69.1	
98.5	99	
98.7	79	
98.3	89.7	
98.3	89.7	
99.3	79	
99.1	99.2	
