89.2	89.7	
98.9	89.7	
99.1	89.7	
99.3	89.7	
89.2	79.4	
98.9	89.7	
89.2	89.7	
99.3	89.7	
99.3	99.6	
99.1	89.7	
98.9	89.7	
99.3	89.7	
99.1	89.7	
98.9	89.7	
99.1	89.7	
99.3	89.7	
99.1	89.7	
98.9	79.6	
99.3	89.7	
99.1	89.3	
99.1	89.7	
99.3	99.6	
99.3	89.7	
99.3	89.7	
99.1	89.7	
98.9	89.7	
99.3	89.7	
99.3	89.7	
99.3	79.6	
99.3	89.7	
69	89.7	
99.3	89.5	
99.3	89.7	
99.1	99.6	
99.1	89.7	
99.1	89.7	
99.3	89.5	
98.7	89.5	
99.3	89.7	
99.3	79.6	
99.3	89.7	
99.3	89.7	
99.3	89.7	
99.3	89.7	
99.3	89.7	
89.2	89.5	
89.2	89.5	
99.1	89.7	
99.3	89.7	
99.1	89.7	
99.3	89.7	
99.3	89.7	
99.1	89.7	
99.1	89.7	
99.1	89.7	
99.1	79.6	
99.3	89.7	
99.1	89.5	
89.2	89.7	
87.8	89.7	
99.3	89.7	
99.3	99.4	
99.3	99.6	
99.3	89.7	
99.3	89.7	
-30	69.5	
99.1	89.7	
99.1	89.5	
79.1	89.7	
99.3	89.5	
99.1	89.7	
99.1	89.5	
68.6	79.6	
99.3	89.7	
99.3	89.7	
89	89.7	
99.3	89.5	
99.1	89.7	
99.1	89.7	
99.3	89.7	
99.3	89.7	
98.9	89.7	
99.1	79.6	
99.1	89.7	
99.3	89.7	
99.1	89.7	
99.3	89.7	
98.9	89.7	
98.9	89.7	
99.3	89.7	
99.3	89.7	
99.3	89.7	
98.7	89.7	
99.3	89.7	
98.9	89.7	
99.1	89.7	
99.3	89.7	
99.3	89.7	
99.3	89.7	
99.3	79.6	
99.1	89.5	
99.1	89.7	
99.1	89.7	
98.9	79.6	
99.3	89.7	
99.3	89.7	
99.3	89.7	
99.1	89.7	
99.3	89.7	
79.1	89.7	
99.3	89.7	
99.3	89.7	
99.3	89.7	
99.1	89.7	
99.3	89.7	
99.3	89.7	
99.1	89.5	
98.7	89.5	
99.3	89.7	
98.9	89.7	
99.3	89.3	
99.3	89.7	
99.3	89.7	
99.1	89.7	
98.9	89.7	
99.1	89.7	
98.9	89.7	
89	99.6	
99.1	89.5	
99.3	89.5	
99.3	89.7	
99.1	89.7	
99.3	79.4	
99.1	89.7	
99.3	99.6	
99.1	99	
89.2	99.6	
89.4	89.5	
99.3	89.5	
99.3	89.7	
89.2	89.7	
99.3	89.5	
98.9	89.7	
99.1	89.7	
99.3	89.7	
99.3	89.7	
99.3	89.7	
99.3	89.7	
99.1	89.3	
98.7	89.7	
99.3	89.5	
99.3	89.7	
99.3	89.7	
99.3	89.7	
69	89.7	
99.3	89.5	
99.3	89.5	
99.3	89.5	
99.3	89.7	
99.3	79.6	
99.3	89.7	
89.2	89.5	
99.3	89.7	
98.9	89.5	
99.3	89.7	
89.2	89.7	
98.9	89.7	
99.1	99.6	
99.3	79.6	
99.3	89.7	
99.1	89.7	
99.3	89.5	
99.1	89.7	
99.3	89.5	
99.3	89.7	
99.3	89.7	
69	89.7	
99.3	89.7	
89.2	89.7	
99.3	89.7	
99.1	99.6	
99.3	79.6	
89.4	79.6	
99.3	89.7	
99.3	79.6	
99.3	89.7	
99.3	79.6	
99.3	89.7	
99.3	89.7	
99.3	89.5	
99.1	89.7	
99.1	69.5	
99.3	89.7	
99.3	89.7	
89.4	89.5	
99.3	89.7	
99.3	79.6	
99.3	89.7	
99.1	89.7	
98.9	89.7	
99.3	89.7	
99.3	89.7	
99.3	89.5	
99.1	79.6	
99.3	89.7	
99.1	89.7	
99.1	79.4	
99.3	89.3	
99.3	89.7	
99.3	89.7	
99.3	89.7	
99.1	89.7	
99.1	89.7	
99.1	89.5	
98.9	89.7	
99.1	89.7	
89.4	89.7	
99.3	89.7	
99.3	89.7	
98.7	89.7	
99.3	89.7	
98.9	99.4	
89	79.4	
99.3	89.7	
99.3	89.7	
89.2	79.6	
99.1	89.3	
98.9	89.7	
99.1	89.7	
99.3	89.7	
99.3	89.7	
99.1	89.7	
99.3	89.7	
99.1	89.7	
99.3	89.7	
99.3	89.7	
99.3	89.7	
99.1	89.5	
99.3	89.3	
89.2	79.6	
89	89.7	
99.3	89.7	
99.1	89.7	
89.2	89.7	
99.3	79.4	
99.3	89.7	
98.7	79.6	
98.9	89.7	
99.3	89.7	
99.3	89.7	
99.1	79.6	
89.4	89.7	
99.3	89.7	
99.3	89.7	
89.2	89.7	
99.3	89.7	
99.1	89.7	
99.3	89.7	
99.3	89.5	
99.3	89.7	
99.3	89.7	
99.1	79.6	
78.9	89.7	
98.9	89.7	
99.1	89.7	
89.2	69.5	
99.3	89.7	
99.3	89.5	
99.3	89.7	
99.3	89.7	
99.3	89.7	
99.3	89.5	
99.3	89.5	
99.3	89.7	
99.1	79.6	
99.3	99.6	
99.3	89.7	
99.3	89.7	
99.3	89.7	
98.9	69.5	
99.3	69.3	
99.3	89.7	
99.3	79.6	
89.2	89.7	
99.1	89.7	
99.3	89.7	
99.3	89.7	
98.9	89.7	
99.1	89.7	
99.3	69.5	
99.1	89.7	
99.1	89.5	
99.3	89.7	
99.3	89.7	
98.7	89.7	
99.1	89.7	
89.2	89.7	
99.3	89.7	
99.3	79.6	
99.1	89.5	
89	69.1	
99.1	89.7	
99.1	89.7	
99.3	89.5	
99.3	99.6	
99.3	89.7	
99.3	89.7	
99.1	89.5	
89	99.6	
78.9	89.7	
89.2	89.7	
89.4	89.7	
99.3	89.7	
99.3	89.7	
99.3	89.7	
99.1	78.8	
99.3	89.7	
99.3	89.7	
99.1	89.7	
98.9	89.7	
99.3	89.7	
98.9	89.7	
99.3	89.7	
99.3	89.7	
99.3	89.7	
99.3	89.7	
98.9	89.7	
99.1	89.7	
99.3	89.7	
99.1	89.7	
88.8	89.7	
99.3	79.4	
98.9	99.6	
98.7	89.7	
99.1	89.7	
99.3	89.7	
99.3	89.3	
99.3	89.7	
99.3	89.7	
99.1	89.7	
99.1	89.7	
99.3	89.7	
99.3	89.7	
89.4	89.1	
99.3	89.7	
89.2	89.7	
99.1	89.7	
99.1	89.7	
99.3	89.7	
99.3	89.7	
99.3	89.7	
99.3	89.5	
99.3	89.7	
99.3	89.5	
99.3	89.7	
98.9	89.7	
99.3	79.6	
98.9	89.5	
99.3	89.7	
99.1	89.7	
99.3	89.7	
89.3	89.7	
98.7	89.7	
99.3	89.7	
99.3	89.7	
99.3	79.2	
99.3	89.5	
89	89.7	
99.1	89.7	
99.3	89.3	
99.3	89.5	
99.3	79.4	
98.9	89.7	
99.1	89.7	
99.3	89.7	
99.3	89.7	
99.3	89.5	
99.3	89.7	
99.3	89.7	
99.3	79.6	
99.3	89.5	
89.2	89.7	
88.8	99.6	
99.1	89.7	
99.3	89.5	
99.3	89.5	
99.3	89.5	
99.3	89.7	
99.3	89.7	
98.7	89.7	
99.3	89.7	
99.3	89.7	
99.1	89.7	
99.3	89.7	
89	89.7	
99.3	89.7	
99.1	89.7	
99.3	89.5	
99.3	89.7	
89.2	89.7	
99.1	89.5	
99.3	89.7	
99.3	89.7	
99.3	89.7	
99.3	89.7	
89	89.7	
99.1	89.7	
89	79.6	
99.3	89.7	
99.3	89.7	
99.3	89.7	
99.3	79.6	
99.1	89.7	
98.9	69.5	
99.3	89.7	
98.9	89.7	
99.3	99.6	
98.9	89.7	
99.3	89.7	
99.1	89.7	
98.9	89.7	
99.1	89.7	
99.3	89.7	
99.3	89.7	
89.2	89.7	
89.2	79.6	
99.3	89.7	
99.3	89.7	
99.1	89.5	
99.3	89.7	
85.6	89.5	
99.3	89.5	
99.3	79.6	
99.3	79.6	
99.1	89.5	
99.1	89.7	
99.1	89.7	
99.1	79.6	
99.3	89.7	
99.3	89.7	
99.3	79.6	
99.3	89.7	
99.3	89.7	
99.3	89.7	
98.7	89.7	
99.3	89.7	
99.1	89.7	
99.1	89.7	
99.3	89.7	
99.3	89.7	
89.2	79.6	
89.4	89.7	
99.3	89.7	
99.3	89.5	
99.3	89.7	
88.8	89.5	
98.7	89.7	
98.9	89.7	
99.3	89.7	
99.1	89.7	
99.1	89.7	
99.3	89.7	
99.3	89.7	
99.3	89.5	
99.3	89.5	
99.3	89.7	
99.1	69.5	
99.1	89.5	
99.3	89.7	
99.3	89.7	
99.3	89.7	
99.1	89.7	
99.1	89.7	
99.3	89.7	
99.3	89.7	
99.3	89.7	
99.3	89.3	
99.3	89.7	
99.1	89.7	
89.2	89.7	
98.9	89.7	
99.1	99.4	
99.3	89.7	
99.3	89.7	
99.3	79.6	
89.4	79.6	
98.7	89.7	
99.3	89.7	
99.3	89.7	
99.1	89.7	
89.4	89.7	
99.3	89.7	
89.2	89.7	
99.3	89.7	
99.3	89.7	
99.3	89.7	
99.3	89.7	
99.3	89.5	
99.3	89.7	
89.2	79.6	
89.2	89.1	
99.1	89.7	
99.3	99.6	
99.3	89.5	
89	89.5	
99.3	89.5	
99.3	89.7	
99.3	89.7	
99.1	89.3	
99.3	99.4	
99.3	89.7	
99.3	89.7	
99.1	89.7	
99.3	89.5	
99.3	79.4	
99.3	89.7	
99.3	89.5	
98.9	89.7	
99.1	99.4	
99.3	89.7	
99.1	89.7	
99.3	89.7	
89.4	89.7	
99.3	99.6	
98.9	89.7	
99.3	89.7	
99.3	89.7	
99.3	89.5	
99.1	89.7	
99.1	89.7	
88.6	89.7	
89.2	89.7	
99.3	89.7	
99.3	89.7	
99.1	89.7	
99.3	99.4	
99.3	89.7	
98.5	89.7	
88.8	89.7	
99.3	89.7	
99.1	89.7	
89	89.7	
89.2	89.7	
99.3	89.7	
99.3	79.2	
98.7	99.6	
69.4	89.7	
99.3	89.7	
99.1	89.7	
99.3	89.7	
99.3	89.7	
99.1	89.7	
99.3	89.7	
99.1	89.5	
99.1	89.7	
99.3	79.6	
89.2	89.7	
99.3	78.5	
99.1	89.5	
99.1	89.7	
99.3	89.3	
99.3	89.7	
99.3	89.7	
99.1	89.7	
99.1	89.7	
99.3	89.5	
98.9	89.7	
99.3	89.5	
99.1	89.7	
99.3	89.5	
99.3	89.7	
99.1	89.7	
99.3	89.7	
99.3	89.7	
98.9	89.7	
99.1	89.7	
99.3	89.7	
99.3	89.5	
89.2	89.7	
99.1	89.7	
98.9	89.7	
99.3	89.7	
99.1	89.7	
99.3	89.5	
98.7	89.5	
99.3	89.7	
89.4	89.5	
99.3	79.6	
99.3	89.7	
99.3	89.7	
99.3	89.7	
99.3	89.7	
99.3	89.1	
99.1	89.7	
99.1	99.6	
99.3	89.7	
99.3	89.7	
99.3	89.7	
99.3	89.7	
99.3	89.7	
98.9	99.4	
99.3	89.7	
98.9	89.7	
99.3	99	
99.3	89.7	
89.4	89.7	
89.2	89.5	
98.7	79.4	
99.3	89.7	
89.4	89.7	
99.3	89.7	
99.1	89.7	
98.9	89.7	
79.1	89.7	
99.1	89.7	
99.3	89.7	
99.1	89.7	
99.1	95.6	
99.3	89.7	
99.3	89.7	
99.3	89.7	
99.1	89.5	
89.2	89.7	
99.3	89.7	
99.3	89.7	
99.1	89.7	
99.3	79.4	
98.9	79.6	
98.9	89.3	
99.3	89.7	
99.3	89.7	
99.1	89.7	
99.3	89.7	
99.3	89.7	
77.9	99.6	
99.1	89.7	
89	89.7	
99.1	89.7	
99.3	89.7	
99.3	89.7	
99.3	59.2	
99.3	99.6	
98.9	89.7	
99.3	89.7	
98.3	89.7	
99.3	79.4	
98.9	89.7	
99.3	89.7	
89	89.7	
98.9	89.7	
99.3	89.7	
99.3	89.7	
99.3	89.5	
99.3	89.7	
99.1	89.7	
99.3	89.5	
99.3	89.7	
98.9	89.7	
89.4	89.7	
99.3	99.6	
99.1	89.7	
99.1	89.5	
99.3	89.5	
99.3	89.7	
89.2	89.7	
99.3	89.7	
89.2	79.6	
99.3	89.7	
99.3	89.5	
99.3	89.7	
99.1	89.5	
99.3	99.6	
99.1	89.7	
99.3	89.7	
98.9	89.7	
99.3	89.7	
99.1	79.6	
99.3	89.7	
99.3	89.7	
99.1	89.7	
99.3	79.4	
99.1	89.7	
99.3	89.7	
99.3	89.7	
89	89.5	
99.3	89.7	
99.1	79.6	
99.3	89.5	
99.3	89.7	
99.3	89.7	
99.3	89.7	
99.1	89.7	
99.1	89.5	
99.3	89.7	
99.3	89.7	
99.3	89.7	
99.3	89.7	
99.1	69.3	
99.1	89.7	
99.3	89.7	
99.3	89.3	
99.1	89.7	
99.3	89.7	
89.4	89.7	
99.3	89.7	
99.1	89.5	
99.3	79.6	
99.1	89.5	
98.9	89.7	
99.3	89.7	
99.3	89.7	
99.1	88.9	
99.3	89.7	
99.3	89.5	
89.2	89.7	
99.1	79.6	
99.3	99.6	
99.1	89.7	
99.3	89.7	
99.3	89.7	
99.3	89.5	
99.1	89.7	
89	89.7	
89.2	69.5	
99.3	89.7	
98.7	89.5	
99.3	89.7	
89.2	89.7	
99.1	89.5	
99.1	89.7	
98.9	89.7	
99.3	89.7	
99.3	89.7	
99.1	89.7	
99.1	89.7	
99.3	89.7	
99.1	89.7	
98.7	89.7	
99.3	89.7	
99.3	89.5	
99.3	89.7	
99.3	89.7	
98.7	89.5	
99.1	89.7	
99.3	89.7	
98.9	89.7	
98.7	89.7	
99.1	89.7	
98.9	89.7	
99.3	99.6	
99.1	89.7	
99.3	89.7	
99.3	89.7	
99.3	79.6	
99.1	89.7	
89.2	89.7	
99.3	89.7	
99.3	89.7	
99.1	89.7	
99.3	89.7	
98.9	89.5	
98.7	89.7	
98.5	89.7	
99.3	89.5	
99.3	89.7	
99.3	89.7	
99.1	89.7	
99.1	89.5	
98.9	99.6	
99.3	79.6	
99.3	87.3	
89.2	89.5	
99.3	89.7	
99.1	89.7	
99.3	89.5	
98.7	89.7	
99.3	79.6	
99.3	89.5	
99.3	89.7	
99.3	89.7	
99.3	89.7	
99.1	89.7	
58.9	89.7	
98.9	89.7	
99.1	89.7	
99.1	89.7	
99.3	89.7	
99.3	89.7	
99.3	99.2	
98.7	89.7	
98.9	89.7	
99.1	89.7	
99.3	89.7	
89.2	89.7	
99.1	89.7	
99.1	89.7	
99.3	89.3	
89.2	89.5	
99.1	99.4	
99.3	99.6	
99.1	89.7	
99.1	89.7	
99.3	89.7	
99.1	89.5	
99.3	89.7	
99.1	79.6	
99.3	89.5	
99.1	89.7	
99.3	89.7	
99.3	79.6	
99.1	89.5	
99.1	89.1	
99.1	89.7	
89.2	99.6	
99.3	89.7	
99.1	99.4	
99.3	89.7	
99.3	89.7	
99.3	99.4	
99.3	89.7	
99.1	89.7	
99.1	89.7	
99.3	89.7	
99.3	89.7	
99.3	89.7	
99.3	89.7	
99.1	89.7	
98.7	89.7	
99.1	89.7	
99.3	89.7	
99.1	89.7	
99.1	89.7	
99.1	89.5	
99.3	89.7	
78.9	89.7	
99.3	89.5	
99.3	89.7	
99.3	88.9	
99.3	89.7	
99.3	89.7	
99.3	89.7	
99.3	89.7	
99.1	89.7	
99.3	89.7	
99.3	89.7	
99.1	89.7	
89.2	89.7	
99.1	89.7	
99.1	89.7	
99.3	89.7	
99.3	89.7	
99.3	89.7	
89.2	89.5	
99.1	89.7	
99.3	89.7	
99.3	89.7	
99.3	89.7	
99.3	89.5	
99.3	89.7	
99.1	89.7	
99.1	89.7	
89.4	89.5	
89.2	89.7	
79.1	89.7	
98.7	89.7	
99.1	89.7	
89.2	89.7	
99.3	89.7	
99.3	89.7	
99.3	89.7	
89.2	89.3	
99.3	89.7	
98.9	89.7	
98.9	89.7	
99.3	79.4	
99.3	89.5	
99.1	89.7	
99.3	89.7	
99.3	89.5	
99.3	89.3	
99.3	99.6	
99.3	89.7	
99.3	89.5	
99.1	89.7	
99.1	89.7	
99.3	89.7	
99.1	89.7	
99.1	79.6	
99.3	89.5	
99.3	89.7	
99.3	89.7	
99.3	79.4	
99.3	89.7	
99.1	89.7	
99.3	99.6	
99.3	89.7	
98.5	89.7	
98.7	89.7	
99.1	89.7	
99.3	89.7	
99.1	89.7	
99.3	89.7	
99.3	89.5	
98.9	89.7	
99.3	89.7	
99.1	89.7	
99.1	79.4	
99.3	89.7	
99.3	89.7	
99.3	89.7	
99.1	89.7	
89.2	89.7	
98.9	89.7	
99.1	89.5	
98.9	89.5	
99.1	89.7	
89	79.6	
99.1	79.4	
99.3	89.7	
99.1	89.7	
99.3	89.7	
99.1	89.7	
99.3	89.7	
89.2	89.7	
99.3	89.7	
99.3	99.6	
99.3	89.7	
99.3	89.7	
99.1	89.5	
89.2	89.7	
99.1	89.7	
99.3	89.7	
99.3	89.7	
89	89.7	
99.1	89.7	
88.8	89.7	
99.3	89.7	
98.9	79.6	
99.3	89.7	
99.1	79.6	
99.3	89.5	
98.9	89.7	
99.3	89.7	
99.3	89.1	
88.8	89.5	
99.1	89.7	
99.3	99.6	
99.3	89.7	
99.3	89.5	
99.3	89.7	
99.1	99.6	
99.3	89.7	
89	89.7	
99.3	89.5	
99.3	79.4	
98.7	79.6	
99.3	89.7	
99.3	79.4	
99.3	89.7	
99.3	89.7	
99.3	89.5	
99.3	89.3	
99.3	89.5	
99.1	89.7	
99.3	89.7	
99.1	79	
99.3	89.5	
99.3	79.6	
99.1	89.1	
99.1	89.7	
99.1	89.7	
99.1	89.7	
99.3	89.7	
99.3	79.6	
99.1	89.7	
99.1	89.7	
99.1	89.7	
99.1	89.7	
99.3	89.5	
99.1	89.5	
88.6	89.7	
98.9	89.1	
99.3	89.7	
99.1	89.7	
98.9	89.7	
99.3	89.7	
98.9	89.7	
99.3	89.5	
99.3	89.7	
98.9	89.7	
99.3	89.7	
99.1	89.7	
99.3	89.7	
99.3	89.7	
99.3	89.7	
99.3	89.7	
99.3	89.7	
99.3	89.7	
99.1	89.7	
99.3	89.7	
