98.9	89.7	
99.3	89.7	
99.3	79.4	
98.7	79.4	
99.3	89.5	
98.7	89.5	
98.7	89.3	
99.3	89.7	
99.3	89.7	
99.1	99.4	
99.1	79.4	
99.1	89.3	
99.3	79.4	
98.9	89.7	
99.1	89.7	
98.9	98.8	
99.1	89.3	
99.1	89.7	
99.3	89.7	
99.1	89.5	
99.3	79.6	
99.1	79.6	
99.1	89.5	
88.6	89.7	
89	89.7	
99.1	89.7	
99.3	89.7	
98.5	89.5	
99.3	98.8	
98.9	89.3	
99.3	89.7	
99.1	89.7	
98.9	89.7	
99.3	79.6	
99.1	89.7	
89	89.7	
98.9	89.5	
89	89.7	
99.3	89.5	
98.9	89.5	
98.5	78.6	
99.3	89.7	
98.7	89.7	
99.1	89.5	
99.3	89.7	
98.9	88.9	
99.3	89.7	
98.9	89.7	
99.3	89.7	
99.3	89.7	
98.9	89.7	
98.7	89.7	
88.8	99.6	
99.3	88.3	
99.3	89.5	
89.2	88.9	
99.3	79.6	
99.3	89.7	
99.3	89.7	
69	89.5	
89.2	79.6	
88.8	89.7	
99.3	89.7	
99.3	89.5	
68.8	89.3	
99.1	99.6	
99.3	89.7	
99.3	89.7	
98.9	89.7	
99.3	89.7	
99.3	89.7	
99.1	89.5	
99.1	89.5	
99.1	89.3	
99.3	79.6	
99.3	89.7	
98.9	89.7	
99.1	89.7	
99.3	89.7	
99.3	89.7	
98.3	98.8	
99.3	89.7	
99.3	89.5	
99.3	79.2	
99.3	89.7	
89.2	89.7	
88.8	89.7	
99.3	99.2	
99.1	89.5	
88.2	79.2	
99.3	89.7	
88.2	89.7	
98.9	89.7	
99.3	89.7	
99.3	89.7	
99.1	88.7	
99.1	99.2	
99.3	79.6	
89.2	69.1	
99.3	99.6	
99.3	69.5	
98.3	89.7	
99.3	89.7	
98.7	89.7	
89	89.7	
99.1	89.5	
89	89.7	
99.3	89.7	
98.7	89.7	
99.3	79.6	
99.1	89.7	
99.3	89.5	
99.3	89.7	
98.9	89.5	
99.3	79.6	
99.1	89.5	
99.3	89.5	
99.3	89.7	
88.8	89.7	
99.3	89.7	
98.9	89.7	
99.3	89.7	
99.3	89.7	
99.3	69.5	
98.7	89.7	
99.3	89.7	
99.3	89.7	
99.3	89.7	
99.3	99.6	
99.3	89.3	
99.1	89.7	
99.3	89.7	
99.1	89.7	
78.9	89.7	
99.1	89.7	
99.3	99.6	
99.3	99.6	
98.7	69.3	
99.1	79.2	
99.3	89.7	
99.3	89.1	
99.3	89.7	
89.2	89.5	
99.3	89.7	
98.5	89.7	
99.3	89.7	
99.1	89.7	
99.3	89.5	
99.3	79.4	
99.3	79.6	
99.3	79.6	
98.9	89.5	
98.9	89.7	
99.1	89.7	
98.9	99.4	
99.1	89.7	
99.3	88.7	
99.3	89.7	
98.9	89.7	
99.3	88.9	
89	89.7	
99.3	89.7	
99.3	89.7	
99.3	89.7	
89.2	89.5	
99.1	89.7	
99.3	89.7	
99.1	89.5	
99.3	89.5	
88.2	88.7	
99.1	89.7	
99.3	79.4	
99.1	89.7	
98.9	79.4	
99.3	99.6	
68.8	89.3	
99.1	99.4	
98.9	79.6	
98.5	89.7	
99.3	89.7	
99.3	89.1	
99.3	89.7	
99.3	89.7	
99.3	99.6	
99.3	89.7	
98.7	89.7	
99.3	89.7	
89.2	79.6	
99.1	89.7	
98.9	89.7	
99.3	89.7	
99.3	89.5	
99.1	89.7	
98.9	89.7	
88.8	89.5	
98.7	89.7	
89.2	89.7	
99.1	89.7	
98.7	89.5	
99.1	79.4	
98.9	89.5	
78.9	89.7	
99.3	89.7	
98.9	79	
99.1	89.7	
88	89.7	
98.9	89.7	
98.9	89.5	
98.7	89.7	
98.1	89.7	
99.3	79.6	
89.2	89.5	
99.3	89.7	
99.3	89.7	
97.7	99.2	
99.1	89.7	
99.1	89.7	
98.7	89.7	
99.3	69.3	
88.6	89.7	
98.9	89.7	
99.1	89.7	
98.9	89.7	
99.1	79.6	
99.3	79.4	
99.3	89.5	
99.1	99.6	
99.3	99.6	
88.8	79.6	
98.9	89.7	
98.9	89.5	
99.1	89.7	
99.3	89.7	
99.3	79.6	
99.1	89.7	
98.5	89.7	
99.3	99.2	
99.3	89.7	
99.1	89.7	
99.3	89.5	
99.3	88.5	
99.3	89.5	
99.3	89.7	
98.7	98.6	
99.3	89.5	
98.7	89.5	
99.3	99.6	
98.9	89.7	
79.1	79.4	
99.3	89.7	
98.9	89.3	
99.3	79.6	
99.1	99.4	
99.3	89.7	
99.3	89.7	
99.1	89.5	
99.1	89.7	
99.3	89.7	
99.1	89.7	
98.9	89.3	
98.9	89.7	
99.3	89.5	
99.3	49.3	
99.3	79.4	
99.3	89.7	
99.3	89.7	
99.3	89.5	
99.3	89.7	
99.3	89.7	
99.3	89.7	
99.3	89.7	
98.9	89.5	
78.9	99.6	
99.3	89.7	
88.8	89.5	
99.3	89.7	
99.3	79	
99.3	89.7	
99.3	89.7	
99.3	79.6	
89	99.6	
99.1	78.8	
98.7	89.5	
99.1	79.6	
78.9	99.6	
99.3	79.2	
98.7	89.5	
99.1	89.5	
88.8	89.7	
98.9	89.7	
98.9	89.7	
99.1	79.4	
98.9	89.7	
98.9	79.4	
88.8	89.5	
89.2	89.7	
99.3	99.6	
89.2	89.7	
99.3	89.7	
89	89.7	
99.3	89.7	
99.3	89.5	
89	79.6	
99.1	79.4	
98.7	79.4	
99.1	59	
99.3	89.7	
89	89.7	
98.9	88.5	
99.3	89.7	
99.1	89.7	
98.9	99.4	
98.7	89.3	
99.3	79.6	
89	89.7	
99.3	89.7	
99.3	89.5	
99.3	79.6	
99.1	89.7	
98.7	99.6	
98.9	89.7	
98.5	89.3	
98.7	78.8	
98.9	89.1	
88.8	89.7	
99.3	79.6	
99.3	98.8	
99.1	89.7	
99.3	79.6	
98.1	89.5	
98.7	79.6	
89.2	78.2	
99.1	89.5	
99.3	89.5	
99.3	89.7	
99.3	99.6	
88.8	89.7	
89	79.6	
99.3	89.7	
99.3	89.7	
89.2	89.7	
89.2	99.6	
99.3	99.4	
99.1	89.5	
98.9	89.7	
99.3	79.6	
99.3	89.7	
89	89.1	
99.1	79.4	
99.3	89.5	
88.2	69.5	
99.1	89.7	
89.2	79.6	
98.9	89.7	
89.2	89.7	
99.1	89.7	
98.9	89.7	
99.3	79.6	
99.3	89.7	
99.3	79.6	
99.3	89.7	
99.1	89.7	
99.1	89.7	
99.3	89.5	
99.3	89.7	
99.1	89.7	
89.2	99.2	
99.1	89.7	
99.3	89.7	
99.3	89.7	
98.5	79.4	
99.3	89.7	
99.1	89.7	
99.1	89.7	
99.1	89.7	
68.8	99.6	
99.1	89.5	
98.1	99.6	
98.7	89.7	
98.9	89.7	
99.1	89.7	
79.3	99.6	
99.1	89.5	
99.3	89.7	
89	89.7	
98.3	99.6	
98.9	99.4	
99.3	79.4	
98.7	99.4	
99.3	89.5	
98.5	89.7	
89.2	99.6	
99.1	79.6	
98.9	79.6	
99.3	89.7	
98.9	89.3	
99.3	89.7	
88.6	89.7	
99.3	79.4	
99.3	89.5	
99.1	89.7	
99.1	89.5	
99.3	89.7	
98.9	89.7	
98.9	89.7	
99.3	89.7	
98.9	99.4	
99.1	89.5	
99.3	89.7	
99.1	89.5	
98.9	89.7	
99.3	79.4	
99.3	79.6	
99.1	89.1	
99.1	79.6	
99.1	89.7	
89	79.4	
88.8	99	
99.1	89.5	
99.1	89.7	
98.9	99.4	
99.1	89.7	
98.9	89.7	
99.1	99.6	
89.2	89.7	
98.9	89.7	
99.1	89.5	
99.3	89.7	
99.1	88.7	
99.3	89.7	
99.3	87.7	
99.3	89.3	
99.3	89.7	
98.9	89.7	
99.1	79.6	
99.3	89.7	
99.3	89.7	
99.3	99.4	
99.1	89.7	
99.1	99.6	
99.3	89.5	
89.4	99.6	
98.9	89.7	
89	89.7	
99.1	89.7	
99.3	89.7	
99.1	89.7	
99.3	89.7	
99.1	89.7	
99.1	89.7	
88.8	89.7	
88.2	89.7	
89	89.7	
97.9	89.7	
99.3	79.6	
98.9	89.7	
99.3	99.6	
98.7	89.7	
99.3	99.4	
89.2	89.7	
98.9	69.5	
99.1	89.7	
98.9	89.7	
99.3	99.6	
98.9	89.5	
99.1	89.1	
99.3	99.6	
99.3	99.6	
98.9	89.7	
98.7	79.6	
99.3	69.1	
99.3	89.5	
88.2	88.9	
99.1	89.7	
99.1	89.7	
99.1	79.6	
89.2	89.7	
98.9	89.5	
89.2	89.7	
98.9	89.7	
89.2	89.5	
58.5	79.4	
99.3	98.8	
97.9	89.5	
99.1	89.7	
99.1	89.7	
99.3	89.7	
99.1	89.7	
98.7	89.7	
99.3	89.7	
99.3	89.3	
99.3	79	
78.7	79.4	
89.2	79.6	
99.3	89.7	
98.9	89.7	
98.5	79.4	
88.6	89.7	
99.3	79.6	
99.3	79.6	
99.1	89.5	
99.3	79	
99.1	89.7	
99.3	89.7	
99.3	89.5	
99.1	79.2	
99.3	89.7	
98.9	79.6	
99.3	89.3	
98.9	89.7	
99.1	89.7	
88.8	89.7	
99.3	89.7	
99.3	89.1	
88.6	89.7	
98.9	79.4	
99.3	89.7	
99.3	99.4	
98.5	89.7	
99.3	89.5	
98.9	79.6	
99.1	88.7	
99.3	89.7	
99.1	89.7	
99.3	89.7	
89.2	89.7	
79.1	99.6	
99.1	89.7	
98.9	78.6	
98.7	89.5	
99.3	89.5	
99.1	89.7	
99.3	89.3	
89.2	79.6	
99.3	89.7	
89.2	89.5	
89.2	89.7	
98.9	89.7	
99.3	79.6	
99.1	89.3	
99.1	89.1	
97.7	89.3	
89	89.5	
99.1	79.4	
99.3	69.3	
99.3	89.7	
99.1	99.6	
99.1	79.4	
99.1	89.5	
99.3	89.3	
99.1	79.6	
79.1	99.6	
98.9	89.7	
99.1	89.7	
99.1	89.7	
99.3	89.7	
99.1	89.7	
99.3	99.6	
99.3	89.5	
98.9	89.7	
99.1	79.4	
99.3	79.2	
99.1	87.7	
99.3	89.7	
99.3	89.7	
78.3	89.7	
98.9	89.5	
89.4	89.7	
99.1	89.7	
99.3	89.7	
98.9	89.7	
99.3	88.9	
99.1	89.7	
99.1	99.6	
99.1	89.7	
99.3	89.7	
99.3	89.7	
98.5	89.7	
99.3	89.3	
99.3	88.9	
99.3	89.7	
98.9	89.7	
89	88.9	
78.9	89.7	
79.1	89.7	
98.9	89.7	
99.3	89.7	
89	89.7	
98.7	89.7	
99.1	89.7	
98.9	89.3	
98.9	99.6	
99.3	89.7	
99.3	79.6	
88.4	89.5	
99.3	89.5	
99.1	89.7	
99.1	89.5	
98.9	89.7	
99.3	89.7	
99.1	79.6	
98.9	59.4	
99.1	99.6	
98.5	99.6	
88.8	89.3	
99.3	89.7	
69.2	89.7	
98.7	89.7	
99.1	89.3	
98.9	99.6	
99.3	89.5	
99.3	89.7	
89.2	89.7	
99.1	89.7	
98.9	89.5	
99.1	79	
98.9	79.4	
99.3	89.5	
89.2	89.7	
99.1	79	
99.3	79.6	
99.3	89.7	
99.3	89.7	
98.9	89.7	
99.3	79.6	
89	89.7	
99.3	79.6	
68.2	89.7	
89.2	69.5	
98.9	89.5	
99.3	89.7	
99.3	89.7	
99.3	89.7	
99.3	89.7	
99.1	89.7	
88.6	89.7	
99.1	69.5	
99.3	89.5	
97.9	59.4	
99.3	79.4	
99.1	89.3	
99.1	89.5	
99.3	89.7	
88.8	89.7	
99.3	89.7	
89.2	89.7	
99.3	89.7	
99.3	89.7	
89.2	89.7	
88.8	89.5	
98.9	79.6	
89.2	89.7	
99.3	89.5	
99.3	89.7	
99.1	79.6	
98.9	69.5	
98.7	88.7	
98.9	79.4	
99.3	69.3	
79.1	89.7	
99.3	99.6	
98.9	79.6	
99.3	89.7	
98.9	79.4	
99.3	89.7	
99.3	89.7	
99.1	89.7	
99.3	89.5	
99.1	89.7	
79.1	89.7	
99.3	79.6	
99.3	89.7	
99.1	89.7	
98.7	89.7	
99.3	89.7	
99.3	89.7	
98.1	89.7	
99.3	89.7	
98.5	79.6	
99.1	89.5	
99.3	99.2	
99.1	89.7	
99.3	89.7	
98.9	89.7	
99.1	89.7	
99.1	88.7	
99.1	79.4	
99.3	88.5	
99.3	89.7	
89	79.4	
99.1	89.7	
68.4	89.5	
79.1	99.4	
98.9	99.6	
99.3	89.7	
99.1	89.5	
99.1	89.7	
99.3	88.9	
89.2	79.6	
99.3	89.7	
99.3	89.7	
99.3	79.6	
79.3	89.7	
99.3	79.4	
99.3	89.7	
88.8	89.7	
99.1	89.7	
99.3	89.1	
98.5	89.5	
99.3	89.5	
98.9	99	
98.9	89.7	
99.1	79.6	
99.3	89.7	
99.1	88.5	
98.7	89.5	
89.2	69.5	
99.1	79	
99.3	89.5	
99.3	89.1	
99.3	79.6	
99.3	89.7	
98.7	89.3	
98.9	89.7	
99.3	89.3	
99.1	89.7	
99.3	79.6	
99.1	98.6	
89	89.7	
99.3	59.2	
98.9	89.7	
99.3	89.7	
99.1	89.7	
99.1	89.5	
99.3	89.5	
98.9	89.5	
99.1	79.6	
99.1	89.7	
99.3	89.5	
99.1	89.7	
98.5	79.4	
99.1	89.7	
99.3	79.4	
99.3	89.5	
99.3	79.6	
99.3	89.7	
99.1	99.4	
99.1	89.7	
89.2	89.7	
99.3	89.7	
88.4	99.6	
99.1	99.6	
99.3	89.5	
99.3	89.7	
99.3	89.7	
99.1	89.7	
99.3	89.7	
99.1	89.7	
99.3	89.7	
99.1	89.7	
68.6	89.7	
99.3	89.7	
99.3	79.6	
89	89.7	
99.1	89.3	
99.3	89.7	
99.1	99.6	
99.3	69.5	
99.3	89.5	
98.9	89.7	
98.7	89.3	
99.3	89.5	
99.1	89.7	
99.1	89.5	
98.9	89.7	
98.7	89.7	
99.1	89.7	
99.1	89.5	
99.3	89.5	
99.1	89.7	
98.7	99.6	
99.3	89.7	
99.3	89.7	
98.5	89.5	
98.7	69.5	
88.4	89.7	
78.9	89.5	
98.9	89.7	
99.3	89.7	
99.3	89.7	
99.3	89.7	
99.1	99.4	
99.1	89.5	
99.3	89.7	
99.3	89.7	
99.3	89.5	
98.9	99.4	
98.9	89.3	
99.3	89.7	
98.9	89.5	
98.3	99.6	
99.3	69.3	
99.1	69.5	
99.3	69.3	
98.5	89.7	
89	89.5	
99.1	89.5	
98.7	99.4	
77.7	89.7	
88.8	89.7	
99.3	99.4	
89	79.6	
89.2	89.7	
99.1	98.2	
99.1	89.7	
99.1	89.5	
99.3	89.7	
88.6	88.9	
99.1	89.7	
98.5	89.7	
99.3	89.7	
98.7	88.7	
99.1	79.6	
68.6	89.7	
89.2	79.6	
99.1	79.6	
99.1	89.5	
99.1	89.7	
99.3	89.7	
99.3	79.4	
99.1	89.7	
99.3	89.7	
99.3	79.4	
99.1	88.7	
99.1	89.7	
89	89.5	
98.7	89.7	
99.3	99.6	
99.3	99.6	
99.3	89.5	
98.5	89.5	
78.9	88.7	
99.3	89.7	
99.3	89.7	
99.1	89.7	
99.1	88.7	
99.3	88.5	
98.9	89.7	
98.9	89.7	
99.3	89.7	
99.1	89.7	
98.9	89.7	
99.3	89.7	
98.7	89.5	
98.9	88.7	
99.1	89.7	
98.9	99.6	
99.3	79.6	
99.3	89.5	
98.9	89.7	
99.3	89.5	
99.3	69.5	
99.1	79.2	
99.3	89.7	
89	79.6	
99.3	89.7	
99.1	89.7	
99.1	89.5	
88.8	89.7	
99.3	89.5	
79.1	89.7	
99.3	89.7	
99.3	99	
98.5	89.7	
99.3	89.7	
99.3	89.7	
98.9	89.7	
89.2	89.7	
99.3	89.7	
99.1	99.6	
98.9	88.3	
99.3	99.6	
98.7	99.4	
99.1	89.7	
99.3	89.7	
99.3	89.7	
99.1	89.7	
78.1	89.7	
99.1	99.6	
99.1	69.3	
98.9	89.1	
99.1	89.7	
99.1	89.7	
99.3	89.5	
99.1	89.5	
99.3	89.5	
99.3	89.7	
99.3	89.1	
98.9	79.2	
99.3	79.6	
98.9	99.6	
99.1	89.3	
99.3	89.7	
98.9	79.4	
98.9	89.7	
99.3	88.3	
99.1	79.6	
99.3	89.7	
98.9	88.9	
99.3	89.7	
98.7	99.6	
98.9	89.5	
99.3	89.7	
99.3	89.7	
99.1	89.5	
99.1	89.7	
99.3	89.7	
98.3	88.9	
99.1	89.7	
99.3	79.4	
99.3	69.3	
98.5	89.7	
99.3	89.7	
99.3	99.2	
99.3	89.7	
99.1	79.6	
99.1	89.7	
98.1	89.7	
98.7	89.3	
99.3	89.7	
99.1	89.7	
89.4	89.7	
77.5	79.6	
99.1	88.7	
99.3	89.7	
88.4	89.7	
99.1	89.7	
98.5	68.9	
89	79.6	
99.3	89.5	
99.3	89.7	
97.9	79.6	
99.3	89.5	
99.3	89.7	
99.1	89.7	
99.3	89.7	
99.1	89.5	
99.1	89.7	
99.1	89.7	
98.7	89.1	
99.3	89.5	
99.3	89.5	
99.3	89.7	
99.3	89.7	
98.5	89.7	
99.3	89.7	
89.2	89.7	
89.2	89.7	
99.3	89.7	
99.1	89.7	
99.3	99.4	
99.3	89.3	
99.3	99	
99.1	88.1	
99.3	89.7	
99.1	89.7	
78.9	89.7	
98.9	79.6	
98.9	89.7	
99.3	79.6	
98.3	89.7	
99.3	89.7	
99.3	99.6	
99.1	89.7	
89	89.7	
99.3	89.7	
99.3	89.3	
98.9	89.7	
99.1	89.1	
99.3	89.5	
99.1	89.5	
99.3	99.6	
68.8	79.6	
99.3	89.7	
99.1	89.7	
99.1	89.7	
99.3	79.4	
98.9	89.7	
99.3	89.7	
98.9	89.7	
99.1	89.5	
99.3	89.7	
99.1	89.5	
99.1	89.5	
99.3	79.4	
99.3	89.7	
99.1	89.5	
98.9	89.5	
87.8	89.7	
98.7	69.3	
