98.1	99.4	
99.1	89.7	
98.5	99.4	
98.9	99.4	
99.1	99.6	
99.3	89.7	
99.1	99.6	
99.3	89.7	
99.3	89.7	
99.3	99.6	
99.3	99.6	
99.1	99.6	
99.1	99.6	
99.3	99.4	
99.1	99.2	
99.3	89.5	
98.9	89.7	
99.3	99.6	
99.3	99	
99.3	99.4	
99.1	99	
87.2	99.6	
98.5	89.7	
88.2	79.2	
99.1	89.5	
99.1	89.1	
99.3	99.6	
99.3	99.6	
98.9	89.7	
99.1	99.6	
99.1	99.6	
99.3	89.7	
99.1	89.5	
98.9	99.6	
99.1	89.3	
99.1	99.6	
99.3	99.4	
99.1	89.5	
99.1	89.7	
99.1	99.4	
98.9	89.7	
99.3	99.6	
99.1	89.5	
98.9	99.6	
98.9	99.4	
99.3	89.3	
98.9	99.6	
98.9	89.7	
98.7	99.6	
98.9	99.6	
99.3	99.4	
99.1	99.4	
99.1	79.4	
98.9	89.7	
99.1	99.6	
99.3	89.7	
99.3	99.6	
99.3	98.8	
99.1	89.7	
99.1	99.6	
98.9	99.4	
99.1	89.5	
99.3	78.8	
98.7	99.6	
99.3	89.1	
99.3	99.4	
98.7	89.1	
99.3	89.5	
99.3	99.4	
98.9	89.7	
98.9	99.6	
99.3	99.2	
98.9	99.6	
98.9	99.6	
99.3	99.6	
99.3	99.6	
99.1	89.3	
99.1	99.6	
99.3	89.7	
98.9	99.4	
99.1	89.7	
99.3	99.6	
98.9	99.6	
99.3	99.6	
98.7	89.5	
99.3	99.6	
98.9	99.4	
99.3	89.5	
99.3	99.6	
99.3	79.4	
98.7	99.6	
99.1	99.6	
87	89.7	
99.3	89.5	
98.1	89.7	
98.5	99.2	
99.3	99.6	
99.3	99.6	
99.3	99.6	
99.3	99.6	
99.3	99.6	
99.1	99.2	
99.1	89.7	
99.3	89.7	
98.9	99.4	
99.3	99.6	
98.9	99.6	
99.3	99.6	
99.3	89.3	
99.3	89.5	
99.3	89.7	
99.3	99.6	
98.9	99.6	
99.3	99.4	
99.1	99.4	
99.3	99.2	
99.3	89.5	
99.3	89.7	
99.3	99.4	
98.9	79.6	
98.9	99.6	
98.7	99.6	
98.9	89.3	
98.7	89.7	
98.9	88.9	
98.9	89.7	
99.1	99.6	
98.7	89.7	
98.3	99.6	
99.3	99.6	
99.1	89.3	
99.1	99.2	
99.1	99.6	
98.3	89.7	
98.9	99.6	
99.1	99.6	
99.1	99.4	
98.5	99.4	
98.1	99	
98.5	99.6	
98.9	99.6	
99.3	99.2	
98.9	99.6	
99.3	89.7	
99.1	99.4	
98.9	99.6	
98.9	79	
99.3	98.8	
99.3	99.6	
99.1	99.4	
99.1	89.5	
98.7	99.6	
98.9	99.6	
99.3	89.7	
99.3	89.5	
98.7	89.7	
99.1	99.2	
99.3	99.4	
99.1	89.7	
98.7	89.5	
99.3	99	
98.1	89.7	
98.9	99.6	
99.1	99.4	
99.3	89.5	
99.1	99.6	
98.9	99.2	
87.8	89.5	
98.7	89.7	
98.5	89.7	
99.1	89.7	
99.1	99.2	
98.7	99.6	
98.9	89.7	
99.3	99.4	
99.1	99.6	
98.7	89.1	
99.1	89.5	
99.3	89.7	
99.3	89.7	
99.3	99.6	
99.3	99.6	
99.3	99.6	
98.9	99.6	
99.3	99.2	
99.3	99.6	
99.3	79.6	
98.9	89.5	
99.3	99.2	
99.1	99.6	
99.3	99.6	
99.1	89.7	
99.1	99.2	
98.9	99.6	
98.7	99.6	
99.1	89.5	
99.1	79.4	
99.3	89.7	
99.3	99.6	
97.9	99.6	
99.1	89.7	
99.3	79.6	
88	99.4	
99.1	89.7	
99.3	99.6	
98.7	99.6	
98.9	99.4	
99.3	99.2	
98.7	99.6	
77.5	99.6	
98.9	88.9	
98.9	99.6	
99.3	89.7	
99.1	89.3	
99.1	89.7	
99.3	79.6	
87.6	89.7	
98.7	99.6	
98.9	99.6	
99.1	99.4	
99.3	79.6	
99.3	89.5	
99.1	89.7	
98.9	99.4	
99.1	89.5	
98.9	89.7	
99.1	99.4	
99.3	99.6	
99.3	99.6	
99.3	99.4	
99.3	89.7	
99.3	99.2	
99.1	99.6	
99.1	99.4	
99.3	99.6	
99.1	89.7	
99.1	99.2	
98.9	99.6	
99.3	99.6	
99.1	99.2	
99.3	99.4	
99.1	89.5	
99.1	89.1	
99.3	99.6	
99.1	89.5	
99.3	99.4	
98.9	99.2	
99.3	89.1	
99.1	79.4	
99.3	89.7	
99.3	89.7	
99.1	69.3	
99.3	99.4	
99.3	89.7	
98.7	99.6	
98.9	89.7	
99.3	89.5	
99.3	89.7	
99.1	89.7	
99.1	89.3	
98.1	99	
99.3	99.4	
99.3	99.4	
99.3	99.6	
98.9	99.6	
99.1	99.6	
99.1	99.4	
98.9	89.5	
99.3	89.7	
99.3	99.6	
98.7	99.6	
99.1	99.6	
98.7	89.7	
99.1	89.7	
99.3	99.4	
99.3	99.6	
99.3	99.6	
98.9	99.2	
99.1	99.4	
99.1	89.5	
99.1	89.5	
99.1	99.4	
99.1	99.6	
98.7	79.6	
99.3	99.6	
99.3	89.7	
99.1	89.5	
99.3	89.5	
98.7	99.4	
99.1	99.6	
99.1	99.6	
98.5	99.4	
99.3	99.4	
99.3	99.6	
98.7	79.6	
99.3	99.6	
98.9	89.7	
99.1	99.6	
98.9	99.4	
98.5	99.4	
98.9	99.4	
99.3	89.3	
99.1	99.6	
98.9	98.8	
99.1	89.3	
99.1	99.6	
99.3	89.7	
99.3	88.9	
99.3	99.6	
99.1	99.6	
98.5	99.4	
99.1	99.6	
98.5	99.4	
99.1	99	
99.1	99.6	
98.9	89.5	
99.3	89.7	
99.1	99.4	
99.1	69.3	
99.3	99.6	
99.3	99.2	
98.9	99.6	
99.1	99.6	
99.1	89.7	
99.1	99.2	
99.3	89.5	
87.2	99.6	
99.3	99.6	
99.3	99.4	
99.3	89.5	
99.1	99.4	
99.3	99.6	
99.3	89.7	
98.7	99.6	
98.9	89.7	
99.3	89.7	
99.1	99.6	
99.3	99.2	
99.1	99.6	
99.1	89.7	
99.3	89.7	
99.1	99.4	
99.1	89.7	
99.3	99.6	
99.3	99.6	
88.2	89.7	
99.3	99.6	
99.1	99.6	
99.1	98.8	
98.9	99.4	
98.5	99.6	
99.3	99.2	
98.9	99.6	
99.1	99.2	
98.9	89.7	
99.3	99.6	
98.9	99.6	
99.3	99.4	
99.1	99.2	
99.3	99.6	
77.1	99.6	
98.9	99.4	
99.3	99.6	
97.9	99.6	
99.1	99.4	
99.3	99.6	
98.7	89.5	
99.3	88.9	
98.3	99.2	
99.3	89.1	
99.1	79.4	
98.9	99.2	
99.1	99.4	
98.9	89.5	
99.3	99.6	
99.1	99.6	
99.1	89.5	
99.3	99.2	
99.1	89.1	
98.9	89.7	
99.3	89.1	
98.9	99.6	
99.3	89.7	
99.1	89.7	
99.3	99.4	
99.1	99.6	
87.8	99.6	
99.1	89.7	
99.3	89.5	
99.3	89.7	
98.5	99.4	
99.3	89.5	
99.3	99	
98.9	98.6	
99.1	99.6	
99.3	89.7	
99.1	99.6	
98.7	89.5	
98.7	99.4	
99.3	99.4	
98.3	89.5	
98.9	89.5	
99.3	79.4	
99.3	99.2	
98.3	89.5	
98.5	99.2	
99.3	99	
98.9	99.6	
99.1	99.4	
99.1	99.4	
99.3	89.7	
98.5	99.4	
98.5	99.6	
98.7	99.6	
99.1	99.2	
99.1	99.6	
99.3	99.6	
99.3	89.7	
99.1	89.7	
98.7	99.4	
99.3	99.2	
99.3	99.6	
99.1	99.6	
99.3	79.4	
98.9	99.6	
99.3	89.3	
99.1	89.5	
99.1	99.4	
99.1	99.6	
99.1	99.6	
98.7	99.4	
98.7	99.6	
99.3	99.6	
99.3	99.6	
99.1	99.6	
99.3	99.4	
99.1	99.4	
99.3	99.4	
98.9	89.7	
99.3	99.6	
87.6	89.7	
99.3	99.4	
98.7	99.4	
99.1	89.5	
99.1	99.6	
98.9	89.7	
99.1	89.7	
98.7	99.6	
99.1	89.7	
99.1	99.6	
99.1	99.6	
99.1	89.7	
99.1	99.6	
99.1	68.9	
98.9	89.7	
99.3	99.2	
98.9	89.1	
99.1	69.1	
99.1	89.7	
99.1	79.6	
99.3	89.7	
98.9	99.4	
99.3	99.2	
98.9	99.4	
99.1	99	
98.9	89.7	
98.9	99.6	
98.9	89.7	
99.1	99.6	
99.3	99.4	
99.3	99.6	
99.3	99.6	
98.7	99.4	
99.3	99.4	
98.3	99.6	
99.3	99.4	
99.1	99.6	
98.9	89.7	
99.1	99.6	
99.1	99.6	
99.1	99.6	
99.1	99.4	
99.1	99.6	
99.1	99.6	
99.1	99.6	
99.1	99.4	
98.5	89.5	
99.1	89.3	
98.9	79.4	
99.3	99.6	
99.1	99.4	
98.9	89.5	
98.9	99.6	
99.1	98.6	
99.3	99.6	
99.3	99.4	
99.1	69.5	
98.9	99.6	
98.9	79.4	
99.1	89.5	
98.9	99.6	
98.9	99.4	
99.3	99.6	
99.3	99.4	
99.3	99.6	
99.1	89.7	
99.1	99.6	
99.3	99.6	
99.1	99.6	
99.3	99.4	
99.3	89.5	
99.3	99.6	
99.3	89.1	
99.1	99.2	
99.1	99.2	
99.3	99.6	
99.3	99.6	
99.1	99.4	
99.3	89.7	
99.3	99.4	
99.3	89.5	
99.3	99.6	
97.9	69.5	
99.3	99.6	
98.9	99.6	
98.7	89.5	
99.1	99.6	
98.3	89.5	
99.3	89.7	
99.3	99.4	
98.7	99	
99.1	89.7	
98.7	99.4	
99.3	99.6	
98.7	89.7	
98.7	99.4	
98.9	99.6	
98.9	89.7	
99.1	99.6	
98.9	99.6	
99.3	89.7	
99.3	99.4	
98.7	99.6	
98.9	89.5	
98.9	99.6	
99.1	99.6	
98.5	79.4	
99.1	99.4	
99.3	99.6	
98.9	89.7	
99.3	99.6	
99.3	99.4	
87.8	89.7	
99.3	99.6	
98.9	79.6	
99.3	99.2	
99.1	99.6	
99.3	99.2	
99.3	99	
99.3	99.6	
99.3	89.5	
99.1	59.4	
99.3	99.6	
99.3	99.6	
98.3	99.6	
99.3	89.5	
99.3	99.4	
99.1	99.6	
99.1	99.6	
99.3	89.7	
99.3	99.4	
98.5	99.6	
99.1	89.7	
98.9	99.6	
99.1	89.5	
99.3	99.2	
99.1	99.6	
98.9	89.7	
99.3	89.7	
99.3	89.5	
99.3	79.4	
99.3	89.7	
97.3	99.6	
99.3	89.3	
99.3	99.2	
99.3	99.6	
99.3	89.7	
98.9	99.4	
99.1	89.3	
98.9	99.6	
99.1	89.7	
99.1	99.4	
99.3	99.4	
99.1	99.6	
99.1	89.7	
99.3	89.5	
98.7	99.6	
99.1	89.5	
99.3	99.2	
99.1	89.5	
99.3	99	
99.1	89.5	
99.1	99.6	
99.3	99.6	
99.1	89.7	
98.9	99.2	
99.1	89.3	
98.9	99.6	
98.9	79	
98.9	89.3	
98.9	89.7	
99.1	89.7	
99.3	99.6	
99.3	89.7	
98.5	89.7	
98.9	99.2	
99.3	79.6	
98.9	99.6	
99.3	99.6	
98.7	99.2	
99.3	99.4	
99.1	99.6	
99.3	89.5	
99.3	99.4	
99.3	99.2	
98.9	99.4	
99.1	99.2	
99.3	99	
99.3	99.6	
99.1	99.6	
99.1	99.4	
99.3	99.4	
98.7	99.2	
99.1	99.6	
99.3	99.4	
99.1	89.5	
99.3	99.4	
99.1	99.4	
97.7	99.4	
98.5	89.7	
99.3	99.4	
98.7	99	
98.9	89.7	
98.9	99.6	
99.1	99.6	
99.3	99.6	
98.9	99.6	
99.1	89.3	
99.1	79	
99.3	99.6	
98.9	99.6	
99.1	79.4	
99.3	99.6	
99.3	89.3	
98.7	99.4	
99.1	99.6	
99.3	99.6	
99.1	89.7	
99.1	89.7	
98.9	89.7	
99.1	99.4	
98.7	89.5	
98.7	89.3	
98.5	99.4	
98.9	89.7	
99.3	89.7	
98.9	99.6	
99.3	79.4	
98.9	99.6	
99.3	99.6	
99.1	99.6	
98.9	99.6	
98.5	89.5	
98.7	98.4	
99.1	99.6	
99.1	99.4	
98.9	89.5	
98.9	89.7	
99.3	99.2	
99.3	99.2	
87.8	99.6	
99.3	99.6	
98.9	99.6	
99.3	89.7	
99.1	99.6	
98.7	99.6	
98.3	99.6	
99.1	99.6	
98.7	99.4	
98.7	99.4	
99.3	99.6	
99.1	99.4	
98.5	99.6	
99.1	89.5	
98.1	99.6	
98.7	89.5	
99.3	99.6	
98.9	99.6	
99.3	99.6	
99.3	99.6	
98.9	99.6	
98.9	89.7	
99.1	99.4	
99.1	99.4	
99.1	99.4	
99.1	99.6	
99.1	99.4	
99.3	99.6	
99.3	99.4	
98.9	99.6	
99.3	99.2	
98.9	99	
99.3	99.6	
99.1	99.6	
99.1	99.4	
99.1	99.6	
99.3	99.6	
99.1	99	
99.3	89.7	
99.1	99	
99.3	99.4	
99.1	99.4	
99.3	99.4	
99.3	99.6	
98.9	59	
99.3	89.7	
99.3	99.4	
99.3	99.6	
98.9	89.7	
99.1	89.7	
99.1	99.6	
98.9	99.4	
98.7	99.4	
99.1	99.6	
99.3	89.5	
99.3	89.1	
99.3	99.6	
98.9	99.4	
99.3	99.2	
99.3	99	
99.3	99.6	
99.1	99.6	
99.3	99.2	
97.9	89.7	
99.1	89.7	
98.9	89.7	
98.9	79	
99.1	99.4	
99.3	89.7	
99.3	99.6	
99.1	99.2	
99.1	99.2	
99.3	99.6	
99.1	99	
99.1	99.6	
99.3	99.6	
99.3	89.5	
98.7	89.5	
99.3	99.6	
99.3	89.5	
98.9	89.7	
87.8	99.4	
99.3	99.6	
99.3	99.4	
98.3	89.7	
99.1	99.6	
98.9	89.5	
99.1	99.6	
99.1	89.7	
98.9	89.5	
98.9	89.5	
99.3	99.6	
99.1	99.4	
98.9	99.6	
99.3	99.6	
99.3	89.7	
98.9	69.5	
98.9	89.7	
99.3	99.2	
98.9	99.4	
99.1	99.6	
99.1	99.4	
99.3	99.6	
99.1	79.6	
98.9	99.4	
99.1	99.2	
99.1	99.6	
99.1	99.4	
99.3	89.7	
99.3	89.5	
99.1	99.6	
98.7	99.6	
99.3	99.6	
99.1	99.6	
99.3	99.2	
98.9	89.5	
99.1	99.6	
99.1	89.7	
99.1	99.6	
99.1	99.2	
99.3	99.4	
99.3	99.4	
99.3	89.7	
98.9	89.5	
98.9	99.6	
99.1	99.4	
99.1	99.6	
99.3	99.6	
99.3	99.6	
99.3	99.6	
98.7	89.5	
99.1	99.4	
98.9	99.6	
99.3	89.5	
99.3	99.4	
98.9	89.5	
99.3	99.6	
99.1	89.5	
98.9	99.4	
99.3	89.5	
99.1	79.4	
99.3	89.7	
99.3	99.6	
99.3	99.6	
98.9	99.6	
99.1	99.6	
99.3	89.3	
98.5	89.5	
98.7	99.4	
99.1	89.5	
98.9	99.6	
99.1	89.3	
99.1	99.2	
98.9	99.6	
99.3	99.6	
99.1	99.2	
99.3	99.6	
99.3	99.4	
99.3	99.6	
98.9	89.7	
98.9	89.5	
99.3	79.4	
99.1	99.6	
98.9	89.5	
98.9	99.2	
99.3	79.6	
99.3	99.6	
99.3	99.6	
99.1	99.6	
99.3	89.7	
98.9	99.6	
99.3	99.6	
99.3	89.7	
99.1	99.6	
99.1	99.2	
99.3	99.6	
99.3	99.6	
99.1	99.4	
98.9	99.4	
99.3	99.2	
99.1	99.4	
98.9	99.6	
99.3	99.6	
98.9	99.2	
99.3	79.4	
98.9	89.7	
99.3	99.4	
98.5	89.7	
99.3	99.6	
87.8	79.6	
99.1	89.3	
99.3	89.7	
98.9	99.6	
99.3	89.7	
99.1	99.6	
99.3	99.6	
99.3	89.7	
98.7	99.4	
99.1	99.2	
99.3	99	
98.9	89.5	
99.3	99.4	
98.9	79.6	
98.7	89.5	
99.3	99.4	
99.3	99.6	
99.3	99.6	
99.3	69.5	
98.3	99.4	
99.3	89.3	
99.3	99.6	
99.3	99.6	
98.7	99.2	
99.3	99.6	
98.9	89.5	
99.1	78.6	
99.3	99	
99.1	79.6	
99.1	79.2	
99.3	89.7	
98.9	99.4	
99.1	99.4	
99.1	99.4	
98.7	89.5	
99.3	99.6	
99.1	99	
98.7	99.6	
98.7	88.7	
99.1	99.6	
98.9	89.7	
98.9	99.6	
98.7	99.6	
99.1	89.7	
98.9	99.4	
99.1	89.5	
99.3	89.7	
99.1	99.4	
99.3	99.6	
98.9	99.6	
99.1	99.6	
98.9	99.4	
99.1	59	
99.1	98.8	
98.7	89.5	
99.1	99.6	
99.1	99.6	
99.3	99.6	
99.3	99.6	
99.1	99.4	
99.3	99.6	
99.3	89.5	
99.1	99.6	
98.7	99.6	
99.3	99.6	
99.1	99.6	
99.3	99.6	
98.1	99.6	
99.3	99.4	
98.9	99.6	
99.1	99.4	
99.1	89.7	
99.3	99.6	
99.1	99.4	
98.7	99.4	
99.1	99.6	
98.9	89.7	
98.7	99.2	
99.3	89.7	
99.3	99.6	
98.7	99.4	
98.9	89.7	
99.3	99.6	
99.3	89.3	
99.1	88.7	
98.9	99.6	
98.7	99.6	
98.7	99.6	
99.1	99.4	
99.3	99.2	
98.9	99.6	
98.9	89.7	
98.5	89.7	
99.3	89.3	
99.1	89.5	
99.3	89.5	
98.5	78.6	
99.3	98.8	
99.1	99.4	
98.5	89.5	
99.1	99.6	
99.1	79.6	
98.7	89.7	
99.1	99.6	
98.1	99.4	
99.1	99	
99.1	89.7	
99.3	89.7	
98.7	89.7	
99.1	99.6	
97.7	99.6	
99.3	99.6	
99.3	88.9	
98.9	79.6	
99.3	89.7	
99.3	99.6	
99.3	99.6	
99.1	89.7	
99.3	99.4	
99.3	99.4	
99.3	99.2	
98.9	89.7	
99.1	89.7	
99.3	99.6	
99.3	88.9	
98.7	89.7	
99.1	99.6	
99.1	99.6	
98.9	99.6	
98.9	79.4	
99.1	99.6	
