99.1	89.5	
99.1	89.5	
98.7	89.3	
98.9	89.1	
99.1	89.3	
99.1	89.5	
98.9	89.5	
99.1	89.3	
99.1	79	
99.3	89.7	
98.9	89.5	
99.3	89.3	
99.3	89.1	
99.3	89.5	
98.7	88.9	
99.1	89.5	
99.1	79.4	
99.3	89.3	
99.3	89.5	
99.3	89.3	
99.3	89.5	
99.3	89.5	
99.1	89.5	
99.1	89.5	
98.5	89.5	
99.3	79	
99.1	89.5	
98.5	79.4	
98.9	89.5	
99.3	89.1	
99.1	89.5	
99.3	89.5	
98.7	89.5	
99.1	89.5	
99.3	89.5	
98.7	89.1	
98.3	58.6	
98.7	89.3	
99.1	79.4	
99.3	89.5	
99.3	89.3	
99.3	89.5	
99.3	79	
99.1	89.5	
99.1	79.4	
99.3	89.5	
99.3	89.5	
99.3	89.5	
99.3	79.4	
99.3	89.5	
99.3	89.3	
99.3	89.5	
99.1	79.2	
99.1	88.9	
99.3	89.5	
99.3	79.2	
99.3	89.3	
99.1	89.1	
99.1	89.3	
99.3	89.5	
98.9	89.5	
99.3	89.5	
98.5	79.4	
98.7	88.9	
99.1	89.5	
99.1	69.1	
98.5	79.2	
99.3	89.5	
99.3	89.3	
99.1	89.3	
99.1	89.5	
99.1	89.1	
99.1	89.3	
98.9	89.7	
98.9	79.4	
98.9	89.5	
99.3	89.5	
98.9	89.5	
99.3	89.5	
99.3	89.3	
99.1	89.5	
99.3	89.5	
99.3	89.5	
99.1	89.5	
99.3	89.5	
99.3	89.3	
99.1	79.4	
99.3	89.5	
99.1	89.5	
99.1	89.5	
99.1	89.5	
99.1	88.9	
99.3	79.4	
99.3	89.3	
99.3	89.5	
99.3	89.5	
99.1	89.3	
99.3	89.5	
99.3	79.2	
98.7	79.4	
99.1	69.3	
99.3	89.5	
98.9	89.5	
99.1	89.5	
99.1	79.2	
99.3	89.5	
99.1	89.3	
98.5	79.4	
99.3	89.5	
99.3	89.5	
98.9	89.5	
99.1	89.3	
98.5	89.5	
99.1	89.1	
99.1	89.5	
97.3	89.5	
99.1	89.5	
99.3	89.3	
99.3	89.5	
99.1	89.5	
99.1	89.3	
98.7	89.5	
99.1	79.2	
99.1	89.5	
98.9	89.3	
98.9	89.5	
99.3	89.3	
99.3	89.5	
99.3	89.5	
97.9	89.5	
99.3	89.5	
99.3	89.5	
98.7	89.1	
99.3	79.2	
99.3	89.1	
98.9	89.5	
99.3	89.3	
99.3	89.5	
98.9	89.3	
99.3	89.5	
98.9	89.7	
99.3	89.3	
98.7	89.1	
99.1	89.3	
98.9	89.5	
99.1	89.5	
98.7	89.5	
98.3	89.5	
99.3	89.3	
99.1	89.5	
99.3	89.5	
98.7	89.5	
98.9	89.5	
98.7	89.5	
99.3	89.5	
99.3	89.3	
99.3	89.1	
99.1	89.5	
99.3	89.5	
99.3	89.5	
99.3	79.4	
99.1	89.3	
99.3	89.5	
99.1	79.4	
99.3	89.5	
99.3	89.5	
99.1	89.5	
99.3	79	
99.3	89.5	
99.3	89.5	
99.3	89.5	
98.9	89.3	
99.3	89.5	
99.3	89.5	
99.3	89.5	
99.3	89.5	
99.1	89.3	
99.3	89.5	
98.9	89.5	
99.3	59	
98.9	79.4	
99.3	89.5	
98.9	89.3	
99.1	89.5	
99.3	89.5	
99.1	89.5	
98.9	89.3	
99.1	89.5	
99.1	89.5	
99.3	89.3	
99.1	79.2	
99.1	89.5	
99.3	89.5	
98.9	79.2	
99.3	89.3	
99.3	89.3	
99.3	88.9	
99.1	89.5	
99.1	89.3	
98.7	89.5	
99.1	89.5	
99.3	89.7	
99.3	89.5	
99.3	89.5	
99.3	89.5	
99.3	89.3	
99.3	89.5	
99.3	89.5	
98.7	89.5	
99.3	89.5	
99.1	89.5	
99.3	89.5	
99.1	89.5	
99.3	89.3	
98.7	89.3	
98.9	89.3	
98.7	89.5	
99.3	89.5	
99.3	89.5	
99.3	79.2	
99.3	89.5	
99.3	89.5	
99.3	79.6	
99.1	89.7	
99.3	89.5	
99.3	89.3	
98.9	89.5	
99.3	79.4	
99.1	89.3	
99.3	89.1	
99.3	89.3	
99.1	89.3	
98.9	89.5	
99.3	89.5	
99.1	89.5	
99.3	79	
99.1	89.3	
99.1	89.5	
99.1	89.3	
99.3	89.5	
99.3	79.2	
99.3	89.3	
99.3	89.5	
99.3	89.5	
99.3	89.3	
99.3	89.5	
99.1	89.5	
99.1	89.5	
99.3	89.5	
99.3	69.3	
99.1	89.5	
99.1	89.5	
99.1	79.4	
99.3	89.3	
98.9	89.3	
99.3	89.5	
99.3	89.5	
99.3	89.5	
98.9	89.3	
99.3	89.5	
99.3	89.5	
99.3	89.5	
99.3	89.3	
99.1	89.3	
99.3	89.1	
99.3	89.7	
99.3	79.2	
99.1	89.5	
99.3	89.5	
99.3	89.5	
99.3	88.9	
99.3	89.5	
99.1	89.5	
99.3	89.5	
99.3	89.3	
99.1	89.5	
98.7	89.5	
99.3	89.3	
99.3	89.5	
99.3	89.5	
99.3	89.5	
99.3	89.5	
99.3	89.5	
98.7	89.1	
98.9	89.3	
99.3	89.1	
99.3	89.5	
99.3	89.5	
99.3	89.5	
98.9	89.5	
99.1	79.6	
99.1	89.5	
99.3	89.5	
99.1	89.5	
98.9	79.4	
99.3	89.5	
99.3	89.3	
98.9	89.5	
99.3	89.5	
99.1	88.7	
99.3	89.5	
99.3	89.3	
99.3	89.5	
99.1	89.3	
99.3	89.3	
99.1	89.5	
98.9	89.5	
99.3	79	
99.1	89.5	
98.7	89.5	
99.3	89.5	
98.9	89.3	
98.9	89.3	
98.7	79.4	
99.3	89.3	
99.3	89.3	
99.1	89.5	
99.1	89.5	
98.9	89.5	
98.9	89.5	
99.1	89.5	
99.1	89.5	
99.3	89.5	
99.1	89.1	
99.1	79.2	
98.9	89.5	
99.1	89.3	
98.5	89.5	
99.1	89.5	
99.3	89.5	
99.1	89.7	
99.3	89.5	
99.3	89.5	
99.3	89.3	
98.9	89.5	
99.3	78.8	
99.3	89.5	
98.7	89.5	
99.3	79	
99.1	89.5	
99.1	89.5	
99.1	89.5	
99.1	79.2	
99.3	89.3	
99.3	89.5	
99.3	89.3	
99.3	89.5	
99.3	79.4	
99.1	89.3	
99.3	89.5	
99.3	89.3	
98.9	88.9	
99.1	89.5	
99.1	89.5	
99.1	79.6	
99.1	89.5	
99.3	89.3	
99.1	69.1	
99.3	89.3	
99.3	79.2	
99.1	89.5	
99.1	89.3	
99.3	89.5	
99.3	79.4	
99.3	89.5	
99.3	89.5	
99.1	89.5	
99.3	89.5	
98.7	79	
99.1	89.5	
99.3	79.2	
99.1	89.3	
99.3	79.2	
99.3	79.6	
99.3	89.3	
98.5	89.5	
99.1	89.3	
99.3	89.5	
98.9	89.7	
99.3	79.4	
99.1	89.5	
99.1	89.5	
99.3	89.3	
98.9	89.5	
99.1	89.1	
99.3	89.5	
99.3	89.3	
99.3	89.5	
99.3	89.5	
99.1	89.5	
99.3	89.5	
99.3	79.4	
99.1	89.5	
99.1	89.3	
99.3	89.5	
99.1	89.3	
99.3	69.1	
99.3	89.3	
99.3	89.3	
99.3	79.4	
99.3	89.3	
99.3	79.4	
98.9	89.5	
98.7	89.5	
98.5	89.5	
99.1	79.4	
98.7	89.5	
99.3	79.4	
99.3	89.7	
99.1	89.5	
98.9	89.3	
99.1	89.3	
99.3	79	
99.1	89.5	
98.7	89.5	
98.9	89.1	
99.1	79.4	
99.3	89.5	
98.7	89.5	
99.3	89.5	
99.1	89.3	
99.3	79.2	
99.3	89.5	
99.3	89.3	
99.3	89.5	
99.1	89.5	
99.1	89.5	
99.3	89.1	
99.1	89.5	
98.9	79.4	
99.3	89.5	
99.1	89.3	
99.3	89.5	
99.1	89.5	
99.3	89.5	
98.7	89.5	
98.9	89.5	
98.7	89.3	
99.1	89.5	
99.1	89.3	
99.3	79.2	
98.9	89.5	
99.1	68.7	
98.9	78.8	
98.7	89.5	
99.1	89.3	
99.1	89.5	
99.3	89.5	
99.3	89.5	
99.3	79	
99.1	89.5	
98.9	89.3	
99.3	89.5	
99.3	89.3	
99.1	89.3	
99.3	89.5	
99.1	89.3	
99.3	79.4	
98.7	89.5	
99.1	89.3	
99.3	89.3	
99.1	89.5	
98.9	88.9	
99.3	79.4	
99.3	89.3	
99.3	79.4	
99.1	89.1	
98.1	89.5	
98.9	89.3	
99.3	89.5	
99.1	89.5	
98.9	89.5	
99.1	79.6	
99.3	89.5	
98.9	89.3	
98.9	89.7	
99.1	79.4	
99.1	89.5	
99.3	89.3	
99.3	89.1	
99.3	89.7	
99.1	89.5	
99.3	89.3	
99.1	89.5	
99.3	79.4	
98.9	89.5	
98.9	89.5	
99.1	89.5	
99.3	89.3	
99.3	89.5	
99.3	89.7	
98.7	89.5	
99.3	89.5	
99.3	89.3	
98.9	88.7	
99.1	89.5	
98.7	89.5	
99.3	89.5	
88.8	89.3	
99.3	89.5	
99.3	89.3	
99.3	79.4	
99.1	89.5	
99.3	89.3	
99.3	89.7	
98.9	89.5	
99.3	89.3	
99.1	79.2	
99.3	89.5	
99.1	89.5	
99.1	89.5	
99.1	69.3	
98.9	89.5	
99.1	89.5	
99.3	89.3	
99.3	89.5	
99.3	89.5	
98.9	89.3	
99.3	89.5	
99.3	89.5	
99.1	78.6	
99.3	89.3	
99.1	89.1	
98.9	89.3	
99.3	89.5	
99.3	89.3	
99.3	79.4	
99.3	89.5	
99.1	89.5	
99.3	89.5	
99.1	79.4	
99.1	89.5	
99.3	89.3	
99.3	89.5	
99.3	89.3	
99.1	89.5	
99.1	79.4	
99.1	89.5	
99.1	89.3	
98.9	89.1	
98.9	89.5	
98.7	89.5	
99.1	89.5	
98.9	79.4	
99.3	69.3	
99.3	89.5	
99.1	89.5	
99.3	89.5	
99.1	89.3	
98.7	89.7	
99.3	89.5	
99.1	89.5	
99.3	89.1	
99.1	89.5	
99.3	89.5	
99.3	88.9	
99.3	89.7	
99.1	89.3	
99.1	79.2	
99.3	79.2	
99.1	89.3	
99.1	89.7	
99.1	89.5	
99.3	79	
99.1	89.5	
99.3	89.5	
98.5	89.3	
99.3	69.3	
99.3	89.3	
99.3	89.5	
99.3	89.5	
98.9	89.5	
98.9	89.1	
99.3	89.5	
99.3	89.5	
99.3	89.5	
98.7	89.5	
98.9	89.5	
98.5	89.5	
98.9	89.5	
98.5	79.4	
99.3	88.7	
99.1	89.5	
99.3	89.3	
99.3	89.7	
99.3	89.5	
98.9	89.1	
99.1	99.4	
99.3	89.3	
99.1	89.5	
99.3	89.5	
98.9	89.5	
99.1	89.1	
99.3	89.1	
99.3	89.5	
99.1	89.1	
99.1	89.5	
99.3	89.3	
99.3	89.5	
99.1	89.5	
99.1	89.3	
99.3	89.5	
98.9	89.5	
99.3	89.5	
99.1	89.5	
99.1	89.3	
99.3	89.3	
98.1	89.5	
99.1	89.5	
99.1	89.5	
99.3	89.3	
99.1	79.4	
99.3	89.5	
99.3	89.5	
99.3	89.5	
99.3	89.5	
99.3	89.5	
99.3	89.3	
98.9	89.5	
98.9	89.5	
99.1	89.7	
98.9	89.3	
99.3	89.5	
99.1	89.3	
99.3	89.3	
99.3	69.3	
99.1	89.5	
99.1	89.5	
99.3	89.3	
98.7	89.5	
99.3	89.3	
99.3	89.1	
99.1	89.1	
98.9	88.7	
99.1	79.4	
99.1	89.5	
98.9	89.5	
99.3	89.3	
98.3	89.5	
99.3	89.5	
99.3	89.5	
98.9	89.5	
99.1	89.3	
99.1	89.5	
98.9	89.5	
99.1	89.3	
99.3	89.5	
99.3	89.5	
99.3	89.5	
99.3	89.3	
99.1	89.5	
99.1	89.5	
99.3	89.5	
99.3	89.5	
99.1	89.5	
98.9	89.3	
99.3	89.5	
99.3	89.5	
99.3	89.5	
99.3	79.2	
99.3	89.3	
99.1	69.3	
98.7	89.5	
98.9	89.5	
99.1	89.5	
99.1	79.4	
99.1	79.2	
99.3	89.5	
99.3	89.5	
99.3	79.4	
99.3	89.5	
99.1	89.5	
99.3	89.5	
98.9	89.5	
99.1	79.4	
99.1	89.5	
99.3	89.5	
99.1	89.1	
98.7	89.5	
99.3	89.5	
98.7	79.2	
99.1	89.5	
98.9	89.3	
98.9	89.5	
99.1	89.7	
99.1	89.5	
99.3	89.5	
99.3	88.9	
99.3	89.5	
99.3	89.5	
99.1	89.3	
99.1	88.7	
98.7	89.3	
98.9	89.5	
99.3	79.4	
99.1	88.9	
99.1	79.4	
98.7	89.5	
99.1	89.3	
99.1	89.5	
98.9	89.1	
98.9	89.5	
99.1	89.5	
99.1	79.2	
98.7	89.3	
99.1	89.5	
98.9	89.5	
98.7	89.3	
99.3	89.5	
98.9	89.5	
98.9	89.5	
99.3	89.3	
99.1	69.3	
99.3	89.5	
98.9	89.7	
99.1	89.5	
99.1	89.5	
98.9	89.3	
99.3	79.4	
99.3	89.5	
99.1	89.5	
98.9	89.3	
99.3	89.3	
99.3	89.5	
99.3	89.5	
99.1	88.9	
99.3	89.5	
99.1	79	
98.7	89.5	
98.7	89.5	
98.9	78.6	
98.9	79.2	
99.1	89.3	
99.1	89.5	
98.9	89.3	
99.1	89.5	
98.9	89.5	
99.1	79	
99.3	89.5	
99.1	89.3	
99.3	89.3	
99.3	89.3	
99.1	89.5	
98.9	89.5	
99.1	89.5	
99.1	89.5	
98.9	79.4	
98.9	79.2	
99.3	79.4	
99.3	89.5	
98.9	89.5	
99.1	89.5	
99.3	89.5	
99.3	89.3	
99.1	89.3	
99.3	89.5	
99.3	89.5	
99.3	89.5	
99.3	89.5	
99.3	89.5	
99.3	89.5	
98.9	89.5	
99.1	89.3	
99.3	79.4	
99.3	88.9	
99.3	89.5	
99.3	89.5	
99.1	89.5	
99.1	79.4	
99.3	89.5	
99.1	88.9	
99.3	69.1	
99.3	69.3	
99.3	89.5	
99.3	89.5	
98.9	89.3	
98.9	89.5	
99.3	89.3	
99.3	89.3	
99.3	79.2	
98.9	88.7	
99.1	79	
99.3	89.3	
99.3	79.4	
99.3	79.4	
99.3	89.3	
99.1	89.3	
98.9	89.1	
99.3	88.7	
99.1	69.1	
98.5	89.5	
99.1	89.3	
99.1	89.5	
99.3	89.5	
99.1	89.3	
98.9	89.5	
99.3	89.3	
99.3	89.3	
99.3	89.3	
99.3	89.5	
98.5	89.7	
99.1	89.5	
99.1	89.5	
99.3	89.3	
99.3	89.5	
98.9	89.1	
99.1	79.2	
99.3	89.5	
99.3	69.3	
99.1	89.5	
99.3	88.9	
99.1	89.3	
99.3	89.5	
98.9	89.5	
99.3	79.4	
99.1	89.5	
99.3	89.3	
98.9	89.5	
99.3	89.1	
99.3	89.1	
99.3	89.3	
99.1	79.4	
99.3	89.3	
98.9	89.5	
98.9	89.3	
99.3	89.5	
99.3	89.5	
99.3	89.7	
99.1	89.7	
99.3	89.5	
99.3	89.5	
99.1	89.5	
99.3	89.3	
99.3	89.3	
99.3	89.3	
99.1	79	
99.1	89.5	
99.1	89.5	
99.1	89.5	
99.1	89.5	
99.1	89.5	
99.1	89.1	
99.1	89.3	
99.3	89.5	
99.1	79.4	
99.1	89.5	
99.1	89.5	
99.1	89.5	
98.5	89.1	
98.9	79.4	
99.1	88.9	
99.3	89.5	
98.9	89.3	
98.7	89.5	
99.3	89.5	
99.1	59.2	
99.3	89.5	
99.1	89.5	
99.3	79.4	
99.3	79.6	
99.1	79.4	
99.3	89.5	
98.7	89.5	
98.9	89.5	
99.3	89.5	
99.1	89.5	
99.3	89.5	
99.3	89.5	
98.7	89.3	
99.3	89.5	
99.3	79.2	
99.3	89.5	
99.3	89.5	
99.1	89.5	
99.3	89.5	
98.9	89.5	
99.3	89.5	
99.3	89.5	
99.3	89.5	
99.1	89.5	
99.3	89.3	
99.3	89.3	
99.1	89.5	
99.3	89.5	
99.3	48.5	
99.3	89.5	
99.3	89.5	
99.1	89.1	
99.3	89.5	
99.3	89.5	
98.9	79.4	
99.1	88.7	
99.1	69.1	
99.1	89.5	
99.3	69.1	
99.1	89.3	
99.1	89.5	
99.1	89.3	
99.1	89.5	
99.3	79.4	
99.3	89.3	
99.3	89.3	
99.3	89.5	
99.3	89.5	
99.1	89.5	
99.1	89.5	
99.3	89.3	
99.1	89.5	
99.3	69.3	
99.1	89.5	
99.3	89.3	
98.9	89.7	
99.3	89.5	
99.3	89.3	
98.9	89.5	
99.3	89.3	
99.1	89.3	
99.1	89.5	
99.1	89.3	
99.3	89.5	
99.3	89.5	
98.9	89.5	
99.1	89.1	
99.1	79.4	
99.1	89.5	
99.1	89.5	
99.3	89.5	
98.9	89.3	
99.1	89.3	
99.3	89.5	
99.1	89.5	
99.1	89.5	
99.1	89.5	
99.1	89.5	
99.3	89.5	
99.3	89.5	
99.3	89.3	
99.3	88.7	
99.3	89.1	
99.3	89.5	
99.3	89.5	
99.1	88.9	
99.3	89.5	
99.1	89.5	
99.1	89.7	
99.3	89.5	
98.9	89.5	
99.1	89.7	
98.9	79.6	
99.3	89.3	
99.3	89.5	
99.3	89.5	
99.3	89.5	
99.3	79.4	
99.1	89.5	
99.3	89.3	
98.7	89.3	
99.3	89.1	
99.3	89.5	
99.1	79.2	
99.3	79.6	
99.3	89.3	
99.3	89.1	
99.1	89.5	
99.3	89.5	
99.1	89.3	
99.3	89.3	
99.1	89.5	
99.1	89.5	
98.3	79.4	
99.1	89.1	
99.3	89.5	
99.3	79.4	
99.3	89.5	
99.3	89.5	
98.5	89.3	
99.3	89.3	
99.3	89.5	
99.1	69.3	
99.3	89.5	
97.5	89.5	
99.3	88.9	
99.3	89.5	
99.1	89.5	
99.3	89.5	
99.3	89.5	
99.3	89.5	
99.1	89.5	
98.7	89.3	
99.1	89.3	
99.1	89.7	
99.3	89.1	
99.3	89.3	
99.3	89.3	
99.1	89.5	
99.3	89.5	
99.3	89.7	
99.3	89.5	
99.1	89.3	
99.3	89.5	
