98.9	99.2	
98.9	99.4	
99.1	99	
98.7	99.4	
99.1	99.4	
99.3	99.6	
99.3	99.6	
98.3	98.4	
99.1	99.6	
99.3	89.5	
99.1	99.6	
99.1	99.6	
99.3	99.6	
99.1	99.4	
99.1	99.6	
99.3	99.6	
99.3	99.6	
98.7	99.2	
99.1	99.4	
98.7	89.7	
98.3	99.4	
98.7	99.2	
98.9	99.6	
99.1	99.6	
99.1	99.6	
99.3	99.4	
98.5	99.6	
98.7	99	
99.1	99.6	
98.9	89.3	
98.7	89.7	
98.9	89.7	
98.3	99.4	
99.3	99.6	
99.3	99.4	
99.1	89.1	
97.3	99.6	
99.3	99.6	
98.9	89.7	
99.3	99.6	
99.3	89.7	
97.9	99.2	
99.3	89.5	
98.7	99.6	
99.1	88.7	
98.7	89.3	
99.3	99.4	
98.3	98.8	
98.9	89.3	
99.1	99.4	
88	99	
98.7	89.3	
99.3	89.3	
99.3	89.5	
99.1	99.6	
99.1	99.6	
98.7	99.6	
99.1	89.5	
97.7	99.6	
99.1	98.8	
99.3	98.4	
99.1	99.6	
99.3	99.4	
99.3	99.6	
99.3	99.2	
98.7	99.6	
98.1	99.2	
98.7	89.5	
98.5	99.6	
99.1	99.4	
98.9	99.4	
98.1	99.6	
99.3	89.5	
98.9	99.4	
99.1	99.6	
99.3	99.6	
98.9	99.6	
98.9	99	
98.9	99.6	
98.9	88.5	
99.3	99.6	
99.3	99.6	
99.3	99.4	
98.3	89.5	
99.1	99.4	
98.3	99.6	
99.3	99.6	
99.3	99.4	
99.3	99.6	
98.9	99.6	
98.9	89.7	
97.1	99.4	
98.9	98.8	
99.3	99.2	
99.1	99.4	
98.5	99.6	
88.2	99.6	
99.3	99.6	
99.3	89.1	
99.1	99.4	
99.1	99.4	
98.7	99.6	
99.3	99.4	
99.3	89.3	
99.3	99.2	
99.3	99.4	
98.9	89.3	
98.1	99.6	
98.9	99.4	
99.3	99.6	
98.5	99.6	
99.1	99.2	
99.3	99.4	
98.5	99	
98.7	89.3	
99.1	99.6	
99.1	99.6	
99.3	99.4	
98.9	99.6	
99.1	99.6	
98.5	99.6	
98.5	99.6	
99.1	99.4	
99.1	99.6	
98.9	89.3	
99.3	89.7	
99.1	89.3	
99.3	99.6	
99.3	99.2	
98.9	99.6	
99.3	99.6	
77.5	79.6	
98.7	99.6	
98.3	99	
99.1	99.6	
99.3	99	
99.3	99.6	
99.3	99.2	
98.5	99.4	
99.3	99	
99.3	99.6	
99.3	89.7	
97.7	99.4	
99.3	99	
99.3	99.4	
98.5	99.4	
99.1	99.6	
99.3	99.6	
98.9	99.2	
98.7	89.3	
98.9	99.2	
99.1	99.6	
88.6	89.3	
99.1	99.6	
98.1	99	
99.1	99.6	
98.5	99.4	
99.1	99.4	
99.3	89.3	
99.1	99.4	
99.3	99.6	
99.3	99.4	
99.3	99.6	
98.9	89.7	
99.3	99.6	
99.3	99.6	
87.8	99.4	
68	99.6	
98.5	89.5	
98.9	99.4	
99.1	89.7	
99.3	99.4	
98.3	99.6	
99.1	99.6	
99.3	89.5	
98.7	99.6	
99.3	99.6	
99.3	89.1	
98.9	99.6	
98.5	99.4	
99.1	99.6	
99.1	99.6	
98.5	99.4	
99.1	99.6	
99.3	99.4	
99.3	99.6	
99.3	89.7	
99.1	99.4	
99.1	89.1	
99.3	99.2	
98.5	98.8	
98.9	99.4	
99.1	89.3	
98.5	99.4	
98.9	99.6	
99.3	99.6	
98.7	99.6	
98.9	99.6	
99.3	79.2	
99.3	99.6	
98.9	99.6	
98.7	99.6	
99.3	99.2	
99.3	99.6	
99.1	79.4	
98.7	99.4	
98.3	99.6	
98.9	99.4	
99.3	99.6	
98.7	99.2	
98.9	89.1	
98.3	99.6	
99.3	99.2	
98.9	99.4	
68.2	99.2	
99.1	99.2	
98.9	99.6	
99.1	99.4	
99.3	99.6	
99.3	99.4	
98.7	99.6	
98.9	99	
99.1	99.4	
99.3	89.1	
99.3	89.3	
98.7	98.8	
98.7	99.6	
98.9	99.6	
98.7	79.4	
99.3	99.4	
99.3	99.6	
98.5	99	
98.3	99.6	
98.9	89.3	
97.5	99.4	
98.5	89.3	
88	99.2	
98.7	99.6	
88.2	99	
99.3	99.6	
99.3	89.7	
57.3	99.6	
99.1	89.5	
99.3	89.5	
99.3	99.6	
98.9	98.4	
99.3	99.6	
98.1	98.6	
99.1	99.6	
98.3	99.6	
99.3	89.3	
98.9	89.7	
99.3	99.6	
97.9	99.4	
98.9	99	
99.3	89.7	
99.3	99.6	
98.7	99.2	
98.9	99	
98.9	99.2	
97.9	99.4	
98.9	79.2	
98.9	99.4	
98.7	89.7	
99.3	99	
99.1	99	
98.9	89.3	
99.3	99.4	
99.3	99.6	
99.1	99.6	
99.1	99.4	
98.1	99.4	
98.9	99.4	
98.7	99.2	
99.1	99.6	
99.1	99	
99.1	79	
98.3	99.6	
99.1	78.6	
99.3	99.4	
99.3	99.4	
98.7	99.4	
99.3	99.6	
98.9	99.6	
99.3	99.4	
98.1	99.2	
98.9	99.6	
99.3	99.4	
99.1	99.2	
98.3	99.6	
98.9	99.4	
98.9	89.3	
99.1	98.8	
99.1	89.1	
99.1	99.6	
99.1	99.6	
98.1	99.4	
98.5	99.6	
99.3	99.6	
98.9	99.6	
88.8	89.3	
98.9	99.6	
98.3	89.7	
98.1	99.6	
97.5	99.4	
99.1	99.6	
98.9	99	
86.8	99.6	
98.1	99.4	
98.9	99.2	
98.9	99.6	
99.1	99.2	
99.3	98.8	
99.1	89.5	
99.3	99.6	
98.7	79.6	
98.7	89.5	
99.1	99.6	
99.3	99.4	
98.7	89.3	
98.9	99.2	
99.1	99.4	
98.7	99.6	
98.9	99.6	
97.9	99.6	
98.3	89.7	
98.7	98.8	
99.3	99.4	
99.1	99.6	
99.3	99.6	
99.1	89.3	
99.3	89.7	
97.7	99.6	
99.3	99.4	
98.5	89.5	
99.3	89.3	
98.7	99.2	
99.1	99.6	
99.1	99.6	
99.1	99.4	
99.3	88.9	
98.9	98.8	
99.1	99.6	
96.9	99.2	
99.3	99.4	
99.3	89.7	
98.9	89.7	
97.9	98.6	
99.3	99.4	
99.1	79.4	
99.1	99.6	
99.3	99.4	
97.7	99.6	
99.3	99	
98.7	99	
99.3	99.4	
99.3	99.2	
98.9	99.4	
98.9	99.6	
98.9	99.2	
98.9	99.6	
99.3	79.2	
99.1	89.7	
99.1	99.2	
99.1	99.6	
98.7	99.6	
98.5	79.2	
99.3	99.6	
99.1	89.1	
99.3	99.4	
98.7	99.6	
98.7	89.7	
98.9	89.5	
97.7	99.6	
98.7	99.4	
99.1	99.6	
99.3	99.4	
98.9	99.6	
99.3	99.6	
98.1	99.4	
98.7	99.4	
99.3	99.6	
98.5	99	
97.9	99.6	
98.5	88.9	
99.1	99.4	
98.7	99.6	
98.9	99.6	
98.9	99.6	
99.3	99.6	
87	99.6	
99.3	99.6	
98.9	99.2	
99.1	99.6	
99.1	99.6	
98.9	88.9	
99.3	89.5	
98.7	99.4	
98.9	99.4	
98.9	99.2	
99.1	89.5	
98.3	99.6	
98.3	99.4	
99.1	99.6	
88.6	99	
98.9	99.6	
99.3	99.6	
99.1	99.6	
99.3	99.6	
99.1	99.2	
99.3	99.4	
98.9	99	
98.5	98.8	
98.5	99.6	
99.3	99.6	
98.7	99.4	
98.9	99.2	
98.9	99.6	
99.1	99.4	
87.6	99.4	
99.3	99.6	
99.1	99	
98.7	99.6	
98.3	69.5	
96.9	99.4	
99.3	99.6	
98.9	99.4	
99.3	89.3	
98.9	98.8	
99.1	99.6	
99.1	99	
99.3	99.2	
99.1	99.6	
98.9	99.6	
99.3	99.6	
98.1	99.2	
99.3	89.1	
99.1	89.5	
99.1	99.6	
87.8	99.6	
98.7	99.6	
98.9	99.4	
98.3	98.6	
99.1	99.6	
99.1	99.4	
99.3	99.6	
99.1	99.6	
98.9	99.6	
99.1	99.2	
99.3	99.6	
99.1	89.5	
99.3	99.2	
99.3	99.6	
99.3	99.6	
78.3	99.6	
98.7	89.3	
99.3	89.7	
98.3	99.6	
99.3	99.6	
98.9	99.4	
99.3	89.5	
98.9	79.4	
99.3	99	
99.3	89.7	
99.1	99.4	
99.3	99.6	
99.3	99.6	
99.1	99.6	
98.5	99.6	
98.7	99.2	
98.9	99.6	
99.1	89.5	
99.3	89.5	
98.1	99.6	
98.9	99.4	
99.3	89.5	
99.3	99	
98.7	99.4	
99.1	99.6	
98.7	99.6	
99.3	89.5	
99.3	99.6	
98.9	99.4	
98.5	89.7	
98.9	99.6	
99.1	98.8	
99.1	99.6	
99.1	99.6	
98.9	99.4	
99.3	99.4	
99.1	99.6	
99.3	99.4	
99.3	99.4	
99.1	89.5	
98.9	99.6	
99.1	79.6	
98.9	99.6	
99.3	99.6	
99.1	89.1	
99.3	99.6	
99.3	99.6	
99.1	99.6	
98.9	88.3	
98.5	99.6	
99.1	99.2	
99.1	99.4	
99.1	99.4	
98.7	99	
99.1	99.2	
98.5	99	
99.3	99.6	
99.1	99.4	
98.7	98.8	
98.3	99.4	
99.1	99.6	
97.3	99.2	
88	99.6	
99.3	99.6	
99.3	99.4	
88.6	99.2	
98.3	99.4	
99.3	99.6	
87.6	99.6	
98.5	98.8	
98.9	89.7	
98.9	99.6	
99.1	99.2	
99.3	89.7	
99.3	99.4	
99.1	98.8	
98.9	99.6	
99.3	79.6	
98.5	99.4	
99.3	99.6	
99.1	99.6	
98.5	99	
98.7	88.1	
99.3	99.2	
99.3	99.4	
98.5	98.6	
99.1	99.6	
99.1	99	
99.3	89.5	
87.8	99.4	
98.7	99.4	
98.9	99.4	
98.9	99	
98.9	99.6	
97.9	99.6	
98.9	89.3	
99.3	99.6	
98.3	99	
98.3	88.7	
98.9	99.6	
98.5	99.2	
99.3	99.4	
99.3	89.7	
99.1	99	
99.3	99.6	
98.9	99.6	
99.1	98.8	
99.3	99.6	
98.5	99.6	
99.3	99.2	
98.9	99.4	
99.3	99.4	
98.7	79.4	
99.1	98.6	
99.1	99.6	
99.1	99.6	
98.5	99.6	
99.3	99.6	
99.1	99.6	
99.1	89.1	
99.1	99.6	
98.9	99.4	
98.7	99.4	
98.7	89.7	
98.7	99.4	
98.9	89.5	
99.3	99.6	
88	99.2	
99.1	89.7	
98.9	99.4	
99.1	99.4	
98.7	89.5	
99.3	99.4	
99.3	99.6	
99.3	89.7	
99.3	99.4	
98.5	99.2	
98.1	99.6	
99.3	99.6	
98.9	99.6	
99.1	99.4	
99.1	89.5	
99.1	99.2	
99.3	99.6	
99.1	99.6	
99.3	79.6	
99.3	99.6	
99.3	89.3	
99.3	99.2	
99.3	99.6	
98.5	99.2	
99.3	89.7	
99.3	99.2	
99.1	99.6	
99.3	99.4	
98.5	99.6	
99.3	99.6	
98.5	99.6	
99.1	99.4	
98.7	99.4	
99.1	99.6	
99.3	98.8	
99.3	99.4	
98.5	89.7	
98.9	99.2	
99.1	99.6	
99.1	99.4	
99.3	89.7	
99.1	79	
98.9	89.3	
98.7	68.7	
99.1	99.6	
99.1	99.4	
99.3	99.6	
98.9	89.7	
98.7	99.4	
99.3	99.4	
98.9	98.4	
98.7	99.6	
99.3	89.7	
98.9	79.4	
99.1	89.5	
99.3	99.6	
99.3	89.7	
99.1	99.6	
99.3	89.7	
99.3	99.2	
99.3	99.6	
99.1	99.4	
98.7	89.1	
99.1	99.4	
99.1	99.4	
98.7	99.4	
97.9	99.4	
99.3	99.6	
98.7	99.4	
98.9	88.7	
98.1	99.6	
98.1	99.6	
99.1	99.4	
98.9	99.6	
99.1	89.3	
98.9	99.6	
99.1	99.6	
99.1	89.7	
98.9	99	
99.3	79.4	
99.3	99.6	
99.1	99.2	
99.3	99.4	
98.9	99.2	
99.1	98.6	
99.1	99.6	
98.9	99.6	
99.3	99.4	
99.3	99.6	
99.3	99.4	
47.8	99.6	
99.1	99.4	
99.3	99.2	
98.7	79.4	
99.3	99.6	
99.1	99.6	
98.5	99.6	
99.3	89.5	
87.8	99.6	
99.3	99.4	
99.1	99	
79.5	99.6	
98.9	99.4	
99.1	98.8	
99.1	99.6	
98.9	99.6	
99.3	99	
98.7	89.5	
99.3	99.2	
97.7	89.5	
99.3	99	
98.5	99	
99.1	99.4	
99.3	99.6	
99.1	99.6	
98.9	99.4	
99.3	99.6	
98.1	99.4	
98.5	99	
99.3	99.2	
98.9	99.4	
98.3	99.2	
69	99.6	
98.9	99.6	
99.3	99.6	
98.7	99.4	
99.1	99.6	
98.5	99.6	
88.6	99.6	
98.9	89.7	
98.9	99.2	
99.3	99.6	
98.7	99.6	
99.1	99.4	
99.1	89.1	
98.7	99.6	
99.1	99.4	
98.5	89.3	
98.7	99.6	
99.3	99.6	
99.1	89.7	
98.7	99.6	
99.3	99.6	
99.1	99.6	
99.3	99.4	
98.5	89.5	
99.1	99.4	
98.9	99.2	
98.1	99.6	
98.5	89.1	
98.5	99.4	
99.1	99.6	
97.7	99	
97.7	99.4	
99.1	99.6	
87.8	99.6	
98.5	89.1	
99.3	99.2	
99.3	99.4	
98.5	99.4	
98.7	99.4	
99.1	99.4	
99.3	99.6	
98.9	99.4	
98.9	99.4	
98.9	99.6	
98.9	99	
98.7	89.5	
99.3	99.6	
99.3	99.6	
99.3	99.6	
98.7	99.6	
99.3	99.6	
99.3	99.6	
99.3	99.6	
99.1	99.6	
98.9	99	
98.9	99.6	
97.7	99.6	
99.1	89.1	
98.5	99	
98.3	99.6	
98.1	79.4	
98.7	99	
98.9	99.4	
98.9	99.4	
98.9	79.2	
98.9	99.4	
98.9	99.4	
99.1	89.7	
99.1	99.6	
99.3	99.4	
98.9	99.6	
98.7	99.6	
99.3	89.7	
99.3	99.6	
99.3	99.2	
99.1	99.4	
98.3	99.6	
99.1	99.2	
98.9	99.6	
98.9	99.6	
99.1	99.6	
99.3	99.4	
98.9	99.6	
99.1	89.3	
98.3	99.6	
98.9	99.6	
99.1	89.5	
99.3	99.4	
99.3	99.6	
99.1	79.6	
99.3	99.4	
98.7	99.6	
98.7	99	
98.5	89.5	
98.9	99.6	
99.3	89.5	
98.9	99.6	
98.9	99	
99.1	99.6	
98.7	89.5	
98.5	88.9	
98.7	99.6	
98.5	99.4	
99.3	99.2	
98.3	99	
99.3	99.4	
98.5	99	
99.1	99.2	
99.1	89.7	
99.3	99.6	
99.3	99.2	
88.4	99.6	
99.3	99.6	
99.1	99.6	
99.1	99.6	
99.3	99.6	
98.3	89.5	
98.3	99.6	
99.1	89.5	
99.1	89.7	
99.3	99	
98.9	99.4	
99.1	99.6	
98.9	99.6	
99.1	89.3	
99.3	99.2	
98.9	89.7	
99.3	99.6	
99.3	99.6	
99.1	88.9	
98.9	99.2	
99.1	99.6	
99.3	99.4	
98.7	99.6	
99.1	99.4	
99.3	79.6	
99.3	89.7	
98.7	99.2	
99.1	89.7	
98.7	99.6	
99.3	99.2	
98.9	99.4	
99.1	79.4	
99.1	99.6	
98.1	99.6	
98.5	99.6	
98.7	99.6	
99.1	99.4	
97.9	99.6	
98.5	98.6	
99.3	99.6	
99.1	99.6	
98.9	99.2	
99.3	99.2	
98.9	89.7	
99.1	99.4	
99.3	89.5	
99.3	99.6	
98.9	99.6	
98.3	99.4	
98.7	99.6	
98.3	99.6	
98.7	99.4	
99.3	99.6	
98.9	99.2	
99.1	99.6	
99.1	98.8	
99.1	99.4	
99.3	99.6	
88.6	99.4	
98.5	89.7	
99.1	99.6	
99.3	99	
98.9	99.6	
99.3	99.6	
98.9	89.7	
98.7	89.5	
98.9	99.6	
98.7	99.6	
99.1	99.4	
97.7	99.2	
98.3	99	
99.3	98.8	
99.1	99.6	
88.4	89.5	
97.5	89.7	
99.1	89.3	
99.3	99.6	
99.1	98.8	
68.6	99.6	
97.3	99.6	
99.1	79.6	
99.1	89.1	
99.3	99.4	
98.9	99.6	
99.1	99.6	
98.1	99.2	
99.3	89.7	
87.8	99.6	
99.3	79.6	
99.3	98.4	
98.9	99.6	
98.9	89.5	
98.5	99.6	
99.1	99.4	
99.3	99.4	
99.3	99.4	
98.9	99.6	
98.5	99.4	
99.1	99.2	
98.9	89.7	
98.9	99.2	
99.3	99.4	
99.3	99.4	
96.7	99	
99.3	99.6	
99.1	98.6	
98.9	99.4	
99.1	89.5	
98.9	99.2	
99.3	99.4	
98.7	99.4	
99.3	99	
99.3	99.6	
98.9	99.4	
99.3	99.6	
99.3	99.6	
98.5	99.2	
98.9	99.6	
98.5	99.6	
99.3	98.8	
98.9	99.6	
98.9	99.4	
99.3	99.6	
99.1	99.6	
99.3	89.7	
99.3	99.6	
99.3	99.6	
99.1	99.6	
99.3	99.6	
99.1	98.8	
99.3	99.6	
99.1	99.2	
98.9	99.4	
98.9	99.4	
99.1	89.3	
98.9	89.7	
99.1	99.4	
99.3	99.6	
99.3	99.2	
99.3	99.2	
98.9	89.3	
99.3	99.6	
98.9	99.2	
99.1	99.4	
99.1	99.6	
98.9	99	
99.3	99	
98.5	99.6	
98.5	98.6	
98.5	99.6	
99.1	89.5	
98.5	99.6	
99.1	99.6	
98.9	99.2	
98.9	99.6	
99.1	99.6	
99.3	99.4	
98.5	99.2	
98.9	99.4	
99.1	99.2	
98.9	98.8	
98.7	99.6	
99.3	99.2	
99.1	99.6	
98.9	99.2	
99.1	99.4	
98.3	99.6	
98.7	99.6	
99.1	99.6	
88.4	99.4	
99.3	99.6	
98.9	99.6	
99.1	99.6	
99.1	99.6	
99.1	99.4	
98.9	99.4	
98.9	99.6	
99.3	99.6	
99.1	99.6	
99.1	99.4	
98.5	89.7	
99.1	99.6	
99.1	99.6	
99.1	99.6	
99.3	99.6	
98.7	99.4	
