98.7	79	
98.7	89.7	
99.1	89.7	
98.9	89.1	
98.9	79.4	
99.1	89.1	
99.3	88.9	
88.4	89.7	
99.1	79.4	
99.3	89.7	
99.1	89.5	
99.3	89.1	
98.7	79.4	
98.9	79.2	
99.3	89.7	
98.7	89.5	
98.5	89.5	
99.1	89.7	
98.9	79.4	
98.7	89.7	
99.1	89.7	
98.5	89.5	
99.3	89.3	
98.1	79.6	
98.9	89.7	
99.1	89.7	
99.1	89.5	
98.3	68.9	
99.1	89.3	
89.4	78.6	
98.5	79.4	
88.8	89.7	
98.5	89.7	
98.5	89.7	
99.1	89.5	
97.5	69.1	
98.9	69.3	
98.5	89.5	
99.1	88.9	
98.5	89.7	
98.7	89.7	
99.1	89.5	
99.1	89.5	
99.3	89.7	
99.1	89.1	
98.7	89.3	
99.1	89.7	
98.9	89.7	
98.5	69.5	
98.9	99.6	
99.3	79.6	
99.3	79.6	
98.9	89.5	
98.9	89.3	
99.3	79.4	
98.3	89.5	
98.9	89.3	
99.1	89.7	
98.7	88.5	
97.9	99.6	
98.3	89.7	
99.1	79.4	
98.5	89.5	
98.5	89.5	
99.1	89.7	
98.1	89.7	
99.1	79.6	
98.9	79.6	
99.1	89.5	
98.9	89.7	
99.3	89.7	
98.9	79.6	
99.1	89.5	
98.5	69.1	
98.9	89.3	
99.1	88.3	
98.5	79.6	
98.9	89.7	
98.9	89.3	
98.7	89.7	
99.1	89.5	
98.7	79.6	
99.1	89.5	
98.7	89.1	
99.3	79.6	
96.5	89.1	
99.3	89.5	
98.7	89.7	
98.7	89.7	
98.9	89.7	
99.3	79.6	
99.3	89.7	
98.9	89.1	
99.1	89.5	
99.3	88.7	
99.3	89.7	
98.5	79.4	
78.3	88.9	
99.3	89.7	
98.3	78.8	
98.9	89.7	
98.3	89.7	
98.9	89.5	
97.9	89.7	
98.3	89.7	
98.5	89.7	
88.4	89.3	
88.6	79.6	
88.6	89.5	
89.2	59.2	
98.5	89.5	
98.5	79.6	
98.3	89.5	
87.6	89.5	
97.9	89.5	
98.9	89.7	
98.7	89.7	
98.1	89.7	
98.5	79.6	
98.3	89.5	
99.1	89.3	
99.3	79.6	
88.2	89.7	
78.1	89.7	
98.7	89.7	
99.1	79.4	
98.7	79.6	
98.5	69.3	
98.9	89.7	
98.3	89.5	
98.7	89.3	
99.3	89.7	
98.9	89.5	
78.7	89.5	
98.9	89.3	
99.3	89.3	
98.9	89.5	
99.1	89.7	
99.1	89.7	
99.3	89.7	
98.5	78.8	
97.9	89.7	
99.3	99.6	
98.9	89.1	
98.5	89.7	
97.9	79.4	
88.6	89.7	
99.1	89.3	
99.1	89.7	
99.1	79.4	
97.3	89.5	
98.7	89.7	
98.5	89.7	
98.9	79.6	
89	89.7	
99.1	89.7	
99.3	89.5	
98.9	89.5	
98.9	79.6	
98.3	79.6	
99.1	68.7	
98.9	89.1	
99.1	79.6	
99.3	58	
99.3	89.7	
99.3	89.7	
98.3	79.6	
99.3	89.7	
98.1	79.6	
99.3	89.5	
98.7	89.7	
98.7	89.5	
98.1	89.3	
98.9	89.7	
99.3	88.1	
98.3	79.6	
98.9	89.3	
98.3	89.7	
99.1	79.2	
98.9	89.7	
98.7	99.4	
98.9	79.6	
99.3	88.3	
99.1	89.5	
98.1	78.6	
99.1	79	
97.5	89.5	
88.8	89.5	
98.5	89.5	
98.9	89.7	
98.5	89.7	
97.5	89.7	
98.9	78.6	
88	89.7	
99.1	89.3	
99.1	99.2	
98.7	89.7	
98.5	79	
99.1	88.9	
98.7	89.7	
98.7	79.4	
98.7	69.5	
98.7	89.5	
99.1	89.7	
98.9	89.7	
99.3	89.7	
98.7	89.5	
99.3	79.4	
98.9	89.5	
97.9	89.5	
99.1	89.3	
99.1	79.4	
98.9	89.7	
78.5	68.7	
99.3	59	
99.1	79	
98.1	89.1	
99.1	79.4	
99.1	58.2	
87.4	89.7	
99.1	89.5	
98.5	89.7	
98.9	79.6	
99.1	89.7	
98.7	79.4	
98.9	89.7	
98.9	89.1	
98.9	89.5	
98.5	79.6	
98.5	89.7	
98.3	77.6	
98.9	88.9	
98.7	89.7	
99.1	89.5	
98.7	89.5	
99.1	89.7	
98.5	89.7	
97.9	88.7	
98.7	68.9	
99.3	89.7	
99.1	89.7	
99.1	89.7	
98.3	79.6	
98.9	79	
99.1	89.3	
88	89.5	
99.1	79.4	
98.7	89.5	
99.3	99.6	
98.5	58.4	
98.5	79.6	
98.7	89.5	
98.9	89.7	
98.9	89.7	
99.1	89.3	
99.1	89.7	
99.1	89.5	
98.7	79.6	
99.1	89.7	
98.5	89.7	
99.3	79.4	
99.3	79.6	
98.3	88.7	
98.3	99.6	
98.7	89.1	
98.1	89.7	
98.9	89.7	
98.7	89.7	
98.9	59.2	
99.3	89.7	
98.9	79	
98.9	89.5	
98.9	79.4	
98.7	89.5	
68.6	89.3	
98.3	89.7	
98.3	79.6	
98.9	89.3	
99.1	69.5	
98.9	89.1	
88.4	89.1	
98.9	89.5	
99.3	79.4	
99.3	89.7	
98.9	89.7	
57.5	89.3	
98.9	89.5	
99.1	89.5	
98.5	99.2	
99.3	68.9	
98.9	88.9	
99.1	89.1	
99.3	89.7	
99.1	89.7	
99.1	89.7	
99.1	79	
98.3	89.7	
99.3	89.5	
98.5	89.7	
98.5	89.7	
98.9	89.5	
89	89.5	
98.9	89.7	
98.1	89.7	
88	89.3	
99.3	89.7	
98.9	79.2	
88.8	89.7	
98.1	89.5	
99.3	89.3	
98.3	89.5	
98.5	79	
99.1	89.5	
99.1	89.7	
97.3	89.5	
98.9	89.3	
98.1	99.4	
97.9	89.5	
99.3	89.5	
99.1	89.5	
98.3	79.4	
98.7	88.7	
68.2	89.7	
99.1	89.5	
99.3	89.7	
98.7	89.7	
99.3	89.7	
98.7	89.7	
98.7	89.7	
99.3	89.1	
99.1	89.7	
98.9	79.4	
98.5	89.7	
99.1	89.7	
99.1	79.6	
79.1	89.7	
99.1	88.5	
87.8	89.7	
89.2	89.7	
99.1	89.7	
88.2	89.5	
99.1	79.4	
98.7	89.7	
99.3	89.7	
99.1	89.7	
97.3	89.5	
99.3	69.1	
99.3	79.6	
99.3	89.3	
97.7	89.7	
99.1	89.7	
98.9	89.7	
99.3	89.7	
97.7	59	
87.6	89.7	
98.9	89.7	
99.1	99.4	
98.7	89.7	
98.5	89.7	
98.7	79	
99.3	89.7	
98.7	89.7	
99.1	89.3	
98.9	88.9	
99.3	88.9	
99.3	89.7	
98.5	89.7	
99.3	79.6	
97.9	89.7	
99.1	89.1	
99.1	89.5	
98.9	89.7	
99.1	89.7	
99.1	79.6	
98.5	89.5	
98.7	89.5	
98.9	89.7	
99.1	89.7	
98.7	79.6	
98.9	89.1	
98.5	89.5	
99.3	89.7	
98.1	89.7	
98.7	89.5	
98.3	89.3	
98.7	89.3	
98.3	88.7	
99.1	89.7	
98.9	89.7	
98.7	89.7	
99.1	89.7	
99.1	89.7	
98.5	89.5	
99.3	48.7	
98.9	89.7	
98.5	89.5	
98.9	89.7	
98.9	89.7	
99.1	89.5	
99.1	89.7	
98.5	89.3	
99.1	89.7	
98.1	79.6	
98.7	99.2	
99.1	89.7	
98.7	89.7	
97.9	89.5	
98.5	88.9	
98.3	69.3	
87.4	79.6	
99.3	89.7	
88.4	79.2	
98.9	89.5	
98.9	89.7	
98.1	69.3	
77.9	89.7	
89.4	79.6	
99.3	89.7	
98.7	89.7	
98.9	79.4	
98.9	89.7	
89	79	
98.9	79.4	
99.1	89.7	
98.7	89.7	
97.9	89.7	
99.1	89.5	
78.7	89.7	
99.3	89.7	
99.1	89.3	
98.3	89.7	
98.7	89.5	
99.3	89.7	
98.3	89.5	
98.7	89.7	
98.9	89.7	
99.1	89.5	
99.1	89.7	
99.3	79.4	
99.3	79.4	
99.3	89.5	
99.1	89.5	
99.3	89.5	
97.7	89.7	
99.1	89.5	
98.1	68.9	
99.3	89.7	
98.9	89.5	
98.1	89.5	
77.5	69.3	
98.5	89.5	
98.7	89.5	
98.1	89.5	
99.3	89.5	
98.5	89.7	
89	89.1	
99.3	89.5	
76.1	89.7	
98.9	78.8	
99.1	89.5	
98.7	79.2	
98.9	89.5	
99.1	89.7	
99.3	89.7	
98.5	69.5	
97.9	88.9	
98.5	89.7	
99.3	89.5	
88.8	89.7	
98.7	89.7	
98.9	89.7	
98.3	89.5	
98.7	89.7	
99.3	89.7	
99.1	79.6	
98.1	89.7	
98.9	89.3	
99.1	99.2	
98.3	89.1	
98.5	89.5	
97.9	89.3	
99.1	79.2	
98.5	89.7	
98.7	89.7	
98.7	89.5	
98.9	79.6	
88.8	89.7	
98.5	89.7	
99.1	69.1	
98.1	89.7	
99.1	89.7	
99.3	99.6	
99.3	79.6	
98.9	89.7	
77.9	89.7	
98.9	89.7	
98.7	78.6	
98.1	79.6	
99.1	89.5	
98.9	79.6	
97.7	79	
99.1	89.7	
99.1	89.3	
98.5	89.7	
97.7	89.5	
98.3	79	
99.1	89.7	
98.7	69.5	
99.1	79.6	
98.9	89.7	
98.7	89.5	
98.9	79.2	
99.1	89.7	
88.8	89.3	
97.9	89.7	
99.1	89.5	
99.1	89.1	
98.1	79.6	
99.3	89.7	
98.1	89.1	
98.3	79.2	
96.9	89.7	
99.1	89.7	
98.7	89.3	
99.1	89.7	
99.1	89.5	
98.7	89.7	
87.4	89.5	
99.1	89.7	
98.5	89.7	
99.1	89.7	
98.3	89.7	
99.1	89.5	
97.3	69.3	
98.7	79.6	
98.9	89.3	
98.1	88.7	
98.7	79.6	
98.3	89.7	
99.1	89.5	
99.1	79.6	
99.1	58.8	
99.3	89.3	
98.9	78.8	
99.1	89.3	
97.5	89.5	
98.1	89.1	
98.5	89.7	
98.1	89.3	
99.1	89.5	
99.3	99.6	
88.8	89.5	
98.1	89.3	
84	79.6	
98.7	89.5	
99.1	79	
99.1	89.5	
99.3	89.7	
98.9	89.1	
97.9	89.5	
99.3	89.7	
99.3	68.9	
99.1	79.6	
98.3	89.3	
98.9	79	
98.5	89.5	
98.3	89.5	
98.7	89.7	
98.1	89.7	
99.3	89.7	
78.1	89.7	
98.5	89.5	
77.3	59.4	
99.1	89.7	
89	89.5	
64.4	89.7	
98.9	89.3	
98.5	89.5	
98.3	89.7	
98.9	89.5	
98.5	89.5	
97.5	89.5	
78.1	79.6	
97.5	89.3	
98.5	89.7	
98.5	89.7	
99.1	89.7	
99.3	79.2	
99.1	79.2	
99.1	79.2	
98.9	89.7	
99.1	69.5	
99.1	89.7	
98.9	99.2	
98.9	89.3	
98.5	89.7	
98.9	89.7	
99.1	89.5	
99.3	89.5	
97.9	89.5	
88.6	79.2	
98.5	89.7	
98.9	89.7	
98.9	89.7	
99.3	89.7	
98.3	89.7	
88.8	89.7	
88.2	89.3	
97.9	89.1	
98.9	89.5	
99.1	89.5	
98.5	89.7	
99.1	79	
99.1	89.7	
98.5	89.7	
99.1	89.5	
98.9	89.7	
89.4	68.9	
99.1	99.6	
99.1	89.5	
99.1	89.7	
99.3	79.4	
98.7	89.7	
99.1	89.5	
97.5	89.3	
99.1	69.3	
78.9	89.5	
88.8	89.7	
99.1	59.2	
99.1	89.5	
98.5	79.6	
99.3	79.6	
99.1	79	
76.5	89.5	
98.5	89.7	
99.3	79.6	
99.1	89.7	
89	79.6	
98.1	89.1	
97.9	89.7	
98.9	89.7	
88.6	89.7	
99.3	89.5	
99.3	89.7	
99.3	89.5	
98.7	89.5	
98.9	89.7	
98.1	79.6	
99.1	79.6	
99.1	89.7	
98.9	89.7	
99.1	89.3	
99.3	79.6	
98.9	89.5	
98.9	89.5	
78.9	89.7	
99.1	79.6	
99.3	79.4	
98.7	89.1	
97.7	79	
98.5	89.5	
99.1	89.7	
96.9	88.9	
98.9	89.5	
88.2	89.1	
98.3	89.5	
99.1	89.3	
98.5	89.7	
98.7	79.4	
99.3	89.7	
99.1	88.3	
88.4	89.7	
99.3	89.7	
98.7	79.4	
99.3	89.7	
99.3	89.7	
99.3	89.5	
78.7	69.3	
98.5	79.2	
98.9	79.2	
99.1	89.1	
98.9	78.6	
99.3	69.3	
99.1	89.5	
99.1	89.7	
98.7	89.5	
88.4	89.7	
77.9	69.3	
99.1	89.7	
98.9	79.6	
97.9	89.1	
78.3	89.5	
99.3	89.5	
98.7	79.6	
98.9	89.3	
99.1	89.7	
98.7	89.7	
98.9	69.5	
98.7	89.5	
88.6	79.2	
97.7	89.7	
99.1	89.3	
98.5	89.5	
98.9	49.1	
98.9	79.4	
98.3	79.2	
99.1	89.7	
97.7	89.7	
99.3	89.7	
99.1	79.6	
98.7	89.5	
89	89.3	
98.9	89.7	
99.3	89.3	
97.1	89.7	
98.3	89.5	
98.9	89.7	
99.1	69.3	
87	89.5	
98.5	88.9	
99.1	88.9	
99.1	89.7	
98.5	89.7	
98.9	79.6	
98.7	89.5	
98.5	89.7	
98.9	89.3	
87.8	89.3	
99.1	89.5	
98.5	89.7	
97.7	89.5	
98.7	89.5	
99.1	89.7	
98.3	89.7	
89.4	89.5	
98.9	79.4	
99.3	88.9	
99.1	89.3	
89.2	79.4	
98.5	89.7	
98.5	79.6	
98.9	89.7	
98.5	89.7	
99.3	78.6	
97.5	69.5	
99.3	89.3	
99.3	89.5	
99.1	89.7	
98.9	89.5	
98.5	78.8	
98.9	79.6	
99.1	89.5	
99.1	89.7	
78.5	79.6	
98.3	89.5	
99.3	89.7	
98.9	78.6	
98.7	89.5	
98.9	89.7	
98.3	79.6	
98.3	89.5	
98.7	89.7	
99.1	89.7	
98.9	89.7	
98.3	89.3	
99.3	89.5	
98.7	89.7	
97.5	89.7	
98.9	89.7	
99.1	89.5	
99.3	89.1	
77.9	89.5	
98.9	89.7	
99.1	89.7	
98.7	69.1	
99.1	89.5	
99.1	79.4	
87.4	78.4	
99.1	89.7	
98.1	89.7	
99.1	89.7	
98.9	89.7	
97.9	88.9	
99.3	69.1	
99.1	89.5	
98.3	89.7	
98.3	89.1	
97.7	69.3	
88	89.7	
98.7	89.7	
98.7	89.7	
98.7	89.7	
99.3	89.7	
98.7	89.7	
98.7	89.7	
98.5	78.8	
98.1	99.6	
98.9	89.3	
98.5	89.5	
98.9	89.7	
99.1	89.7	
99.1	88.9	
98.9	69.5	
99.3	89.3	
88.8	89.1	
98.9	79.4	
98.7	89.5	
97.7	78.6	
98.3	89.1	
99.3	89.7	
98.7	89.7	
89	68.9	
99.3	79.4	
99.1	79.6	
99.1	89.7	
98.3	89.3	
98.9	79.6	
98.1	89.3	
97.9	88.9	
99.1	79.6	
99.3	89.7	
97.9	88.9	
99.1	89.1	
97.9	89.7	
98.7	89.5	
97.9	89.7	
99.1	89.7	
98.9	89.5	
99.1	89.7	
88.6	79.6	
98.5	89.1	
98.9	89.3	
98.5	89.3	
99.1	79.4	
97.9	89.7	
89.4	89.5	
99.1	69.5	
98.9	69.5	
98.9	79.4	
98.5	89.5	
99.3	89.7	
99.1	79	
99.3	89.3	
98.1	79.6	
97.5	89.7	
99.3	69.1	
98.7	89.7	
99.1	89.7	
98.9	69.5	
99.1	79.4	
99.1	89.7	
89	79.6	
99.1	89.5	
98.3	68.5	
98.3	89.7	
99.1	89.7	
98.7	89.1	
96.3	89.7	
99.1	88.5	
99.1	79.4	
99.3	89.7	
98.3	89.7	
99.1	79.6	
98.7	89.5	
98.9	89.7	
98.9	79.6	
98.9	89.7	
98.9	89.7	
68.4	89.7	
87.8	89.7	
98.5	89.7	
98.7	79.2	
97.9	79.6	
99.1	89.5	
99.3	68.1	
99.1	89.7	
87.8	89.5	
98.5	79.4	
99.3	89.7	
99.1	89.7	
98.7	89.3	
98.5	79.2	
98.7	89.7	
99.3	89.1	
99.3	89.1	
99.3	69.5	
88.6	89.7	
98.5	88.9	
98.5	89.7	
98.7	89.7	
98.7	89.5	
98.1	89.7	
98.7	89.1	
99.1	69.3	
99.1	89.7	
98.3	89.7	
99.1	89.7	
99.3	48.1	
88.6	89.5	
99.1	89.5	
99.1	89.7	
99.3	89.5	
98.3	89.7	
98.7	89.1	
99.1	89.7	
99.1	69.1	
99.3	79.6	
98.5	78.8	
98.3	89.7	
98.7	89.7	
98.5	89.7	
97.9	89.1	
99.3	89.7	
89	89.5	
98.9	89.7	
98.5	79.6	
78.9	88.5	
99.1	79.6	
99.3	89.5	
98.5	89.7	
99.3	79.2	
98.3	89.7	
98.7	79.6	
99.1	89.7	
98.9	79.4	
99.1	79.4	
99.1	89.7	
98.5	89.7	
99.3	79.6	
98.9	89.7	
98.7	89.7	
99.3	79.6	
98.5	79.4	
98.7	89.3	
98.7	89.7	
99.1	79.4	
98.7	79.6	
88.8	89.7	
99.1	89.5	
98.7	89.1	
98.3	89.5	
98.7	89.7	
98.1	89.7	
98.9	89.7	
99.3	99.6	
98.5	89.7	
99.3	89.7	
98.9	89.5	
98.9	89.1	
98.9	89.7	
99.3	89.7	
99.1	89.5	
99.3	89.1	
98.7	89.7	
98.5	89.5	
99.3	89.7	
98.3	89.1	
98.3	89.7	
99.3	89.5	
98.9	89.5	
99.3	59.2	
99.1	89.7	
99.1	89.5	
99.3	79.4	
99.3	79.4	
99.3	89.7	
99.3	89.5	
88.4	79.2	
99.3	89.5	
99.1	78.8	
97.9	89.7	
98.9	89.7	
98.3	88.7	
88.2	89.7	
99.3	89.7	
98.1	89.5	
97.3	89.7	
98.5	89.7	
88.4	89.7	
98.9	79.6	
99.3	89.7	
76.9	89.7	
97.5	89.5	
98.3	89.5	
99.3	89.7	
99.3	89.7	
98.5	79.6	
99.1	89.7	
99.3	89.1	
98.9	89.5	
99.3	89.7	
99.1	89.7	
98.7	89.7	
98.1	89.7	
99.3	89.5	
98.7	89.7	
99.3	69.3	
98.1	89.7	
99.1	78.2	
98.9	89.7	
