99.1	88.9	
99.1	89.5	
99.1	89.5	
99.1	89.5	
99.1	89.5	
98.5	89.7	
98.5	99.6	
99.3	89.5	
98.9	79.6	
99.1	89.7	
99.3	79.6	
99.1	89.7	
98.7	79.6	
98.9	89.7	
99.3	89.5	
78.5	99	
98.7	89.7	
99.1	99.6	
99.1	89.1	
99.1	89.5	
99.3	89.5	
99.1	89.7	
99.3	89.7	
99.1	89.7	
97.9	89.7	
99.3	99.4	
99.3	89.7	
99.1	89.3	
99.3	88.7	
99.3	89.5	
98.7	89.7	
89	99.4	
99.1	88.7	
99.1	99.6	
98.7	99.2	
99.1	79.4	
98.9	89.7	
99.3	89.7	
99.3	89.5	
98.9	89.1	
99.1	89.7	
99.3	79.6	
99.1	89.7	
99.3	89.7	
99.3	78.8	
99.1	99.6	
98.9	89.7	
78.7	79.6	
99.1	79.2	
99.3	88.7	
99.3	89.7	
98.9	89.7	
98.7	89.7	
98.7	79.6	
99.1	89.7	
99.1	89.7	
99.1	89.7	
99.1	89.1	
99.1	79.6	
99.1	99.6	
98.3	89.7	
99.1	99	
98.9	99.6	
99.3	89.5	
99.3	88.3	
99.1	88.9	
99.3	79.2	
99.3	89.7	
99.3	99.6	
99.3	89.7	
99.1	99.4	
99.1	89.7	
98.9	99.6	
98.9	79.6	
99.3	89.7	
99.1	89.7	
99.1	99.4	
98.5	89.1	
99.1	89.7	
98.9	89.5	
98.9	89.1	
99.3	89.5	
98.7	89.7	
99.1	79.6	
99.3	79.4	
98.9	89.5	
99.3	99.4	
99.3	89.7	
98.5	89.7	
98.7	79.6	
98.9	89.7	
99.3	89.7	
97.9	89.7	
98.7	89.7	
99.1	89.7	
99.3	89.7	
98.9	89.5	
98.9	79.4	
99.3	89.7	
99.1	89.7	
98.7	89.7	
97.5	89.7	
98.7	89.7	
99.1	99.2	
98.5	78.8	
98.1	89.7	
98.9	89.7	
99.1	99.4	
99.3	89.7	
98.9	89.7	
88.6	99.6	
97.5	79	
99.1	99.4	
99.1	89.5	
98.5	89.7	
98.3	89.5	
99.1	89.1	
98.9	89.7	
99.3	89.7	
88.8	99.6	
87.2	89.7	
98.9	89.3	
99.3	99.4	
99.1	89.7	
99.3	99.2	
98.9	89.7	
99.3	89.7	
98.5	89.7	
98.5	88.5	
99.3	69.5	
99.1	89.7	
88.8	89.5	
98.9	89.7	
99.3	89.1	
98.9	89.3	
98.9	89.7	
98.5	89.7	
99.3	99.6	
98.9	68.7	
99.3	99.6	
99.3	99.6	
99.3	89.7	
99.3	89.7	
99.3	89.5	
99.3	99.2	
99.1	89.3	
98.9	89.5	
98.9	99	
99.3	89.7	
99.1	89.7	
99.3	89.7	
99.3	99.6	
99.1	99.6	
99.1	89.7	
99.3	89.7	
99.3	89.7	
98.1	89.7	
98.7	89.7	
98.9	89.7	
99.3	89.1	
98.7	89.5	
99.1	89.7	
98.7	89.7	
99.1	89.5	
99.3	89.3	
99.3	89.7	
99.3	99.6	
99.1	89.7	
99.3	79.6	
99.1	99.6	
99.1	89.7	
99.1	89.5	
98.3	89.1	
99.1	89.5	
98.7	89.7	
98.3	89.5	
99.3	89.3	
99.3	89.7	
99.3	89.3	
99.1	89.7	
98.5	89.5	
99.1	89.5	
99.3	89.5	
98.9	89.7	
98.5	79.6	
99.1	89.7	
99.3	89.5	
99.1	79.6	
99.1	89.5	
99.3	89.5	
99.3	89.7	
99.3	89.5	
98.5	89.7	
99.1	89.7	
99.3	89.3	
98.5	89.5	
98.9	89.3	
88.4	79.6	
99.3	99.6	
99.1	89.3	
98.7	89.7	
99.1	79.4	
98.7	89.7	
98.7	89.5	
98.7	89.7	
98.1	89.7	
98.7	79.6	
99.3	78.4	
97.9	89.3	
99.3	89.7	
99.1	99.6	
98.7	79.6	
99.3	99.6	
99.3	79.6	
99.1	79.4	
78.3	89.7	
98.1	89.5	
98.3	79.6	
99.3	89.7	
99.3	89.7	
98.9	89.7	
99.3	99.4	
99.3	99.6	
98.9	89.5	
99.1	99.4	
99.3	79.6	
99.1	89.7	
98.9	89.7	
88.4	89.5	
98.7	89.5	
98.9	89.7	
98.9	79.6	
99.1	89.7	
88.6	79.4	
98.3	79.6	
99.1	89.7	
99.3	79.4	
98.1	79.6	
99.3	79.6	
99.3	89.3	
98.9	89.3	
99.3	89.7	
99.1	89.7	
99.1	89.5	
99.1	89.5	
99.3	89.5	
99.1	79.6	
99.1	88.9	
98.9	79	
98.9	88.9	
98.7	89.5	
99.3	89.5	
99.1	89.7	
98.9	88.7	
88.4	79.4	
99.1	89.5	
98.9	89.7	
99.1	89.7	
99.3	99.2	
99.1	89.7	
99.1	89.5	
98.9	89.7	
99.1	89.5	
88.8	89.7	
99.1	89.5	
99.3	99.4	
99.1	99.6	
99.1	89.7	
99.3	89.5	
99.1	89.5	
98.7	89.3	
99.3	89.7	
98.9	89.5	
99.1	89.7	
99.3	89.3	
98.9	89.1	
99.3	88.9	
99.3	69.5	
98.1	79.6	
98.3	89.3	
99.1	99.4	
99.3	89.3	
78.1	88.7	
98.7	99.6	
99.1	89.7	
98.7	89.7	
98.9	89.7	
99.3	89.5	
99.3	89.5	
87.8	89.3	
99.3	89.7	
99.3	89.7	
99.1	89.3	
99.1	89.3	
99.3	89.7	
98.7	89.7	
99.1	89.5	
99.1	89.7	
99.1	89.7	
99.3	89.5	
98.7	89.7	
99.1	89.5	
97.9	79.4	
85.6	99.4	
98.3	89.7	
99.1	89.3	
98.9	89.7	
98.7	79.6	
99.1	79.4	
98.9	89.5	
69	89.1	
98.7	79.6	
99.3	89.3	
98.1	89.3	
98.9	87.5	
99.3	99.4	
99.1	89.3	
98.5	89.5	
98.7	89.1	
99.3	89.7	
98.7	79.6	
99.3	69.5	
99.1	79.6	
99.3	79.2	
99.3	89.5	
98.3	89.7	
98.9	89.3	
98.9	89.5	
99.3	89.7	
98.9	79.6	
99.3	99.6	
99.1	89.7	
98.7	89.7	
98.7	79.4	
98.9	99.6	
99.1	89.7	
98.5	89.5	
99.3	89.7	
99.3	89.7	
99.1	89.7	
99.1	89.5	
98.5	89.7	
98.5	89.7	
99.1	89.5	
99.1	89.7	
98.9	89.5	
98.7	89.7	
98.9	89.7	
97.9	89.7	
98.7	89.7	
98.5	79.2	
99.1	89.5	
98.9	89.7	
98.7	89.7	
99.3	89.3	
99.3	99.6	
99.1	99.4	
98.9	89.7	
98.7	89.7	
99.3	89.5	
99.1	89.1	
99.3	89.7	
99.3	89.7	
99.1	89.5	
99.1	89.7	
98.9	89.7	
99.1	89.7	
98.7	89.1	
98.9	89.7	
99.3	89.7	
98.9	89.7	
98.7	89.7	
99.1	89.5	
99.1	79.4	
98.9	89.7	
98.1	89.7	
98.7	99.6	
99.3	89.3	
98.5	89.5	
98.3	69.3	
99.1	99.2	
99.1	89.3	
98.9	99.4	
98.9	89.3	
99.1	89.7	
99.1	99.6	
98.3	79.4	
99.3	99.6	
88	89.7	
99.1	89.3	
99.1	89.3	
98.5	99.6	
99.1	89.3	
99.1	89.7	
99.3	99.6	
99.1	79.6	
98.5	79.6	
99.1	89.3	
98.9	87.9	
98.5	69.5	
98.7	99.6	
98.7	89.7	
99.3	89.7	
99.1	89.7	
98.9	89.7	
99.3	99.6	
98.9	89.5	
98.9	79.4	
98.9	79.2	
98.5	89.3	
99.1	99.6	
99.3	89.5	
99.1	89.7	
98.7	89.7	
98.5	98.6	
99.1	89.5	
99.1	99.6	
98.9	89.7	
98.9	89.3	
99.1	89.7	
99.1	79.6	
98.7	79	
98.7	89.7	
99.1	99.6	
98.5	89.5	
98.9	89.5	
99.1	69.1	
98.9	89.3	
98.5	98.4	
98.9	69.1	
99.1	79.4	
99.1	89.7	
99.1	89.7	
99.1	89.5	
99.3	79.6	
99.1	89.7	
99.3	89.5	
98.9	89.1	
99.1	99.6	
98.9	89.7	
99.1	89.7	
99.1	89.7	
99.1	89.7	
99.1	89.7	
99.3	89.7	
99.1	99.4	
98.9	89.3	
99.3	99.6	
99.1	89.7	
97.9	89.5	
99.3	89.5	
99.1	99.4	
99.1	89.7	
88.8	89.3	
99.1	89.5	
98.9	99.6	
88.6	89.5	
99.3	69.3	
99.1	99.6	
99.3	99.6	
98.9	89.7	
99.3	89.5	
99.1	89.7	
98.5	99.6	
98.5	89.7	
98.7	89.5	
98.5	89.7	
98.9	79.4	
99.3	69.3	
98.9	89.7	
99.1	89.7	
99.3	89.5	
98.9	89.7	
98.9	89.7	
99.3	89.3	
99.3	89.5	
99.1	79.2	
88.4	89.7	
98.7	99.4	
99.3	79.2	
99.1	89.7	
99.1	99.6	
98.3	89.7	
99.3	89.7	
99.3	99.6	
98.9	89.7	
99.1	89.7	
98.9	89.7	
99.3	99.6	
99.3	89.7	
98.7	89.5	
99.3	98	
99.3	89.5	
98.7	89.5	
88.8	99.6	
99.3	99.4	
99.3	99.2	
99.1	89.3	
98.5	89.7	
99.1	89.7	
99.3	89.3	
98.5	89.7	
88.6	79.2	
98.9	99.4	
98.9	59.2	
98.9	99.6	
99.1	89.7	
99.3	89.7	
98.9	89.7	
98.9	78.6	
99.1	89.3	
99.1	89.7	
99.1	99.4	
97.5	89.5	
98.5	89.7	
98.7	89.5	
99.1	79.4	
99.3	89.7	
98.7	99.4	
99.3	89.7	
98.9	79.4	
98.9	89.1	
98.7	89.7	
98.9	89.7	
98.9	89.5	
99.3	89.7	
98.5	89.7	
98.7	89.1	
99.1	89.5	
99.3	89.7	
99.3	89.7	
99.3	89.7	
99.1	89.7	
99.3	89.3	
99.1	89.3	
99.1	89.5	
87.8	99.6	
99.1	89.5	
99.1	89.7	
99.1	89.7	
99.1	89.3	
99.1	89.7	
99.3	99.6	
99.1	79.6	
98.9	89.7	
98.5	89.7	
98.7	99.6	
99.3	89.5	
99.3	68.9	
98.9	89.7	
99.3	89.3	
98.5	89.7	
89.2	89.7	
98.9	89.7	
99.3	89.7	
98.7	89.7	
99.1	89.7	
98.9	89.7	
98.9	59.4	
98.3	89.7	
98.9	99.6	
99.1	99.6	
99.1	89.3	
99.1	99.6	
78.5	89.5	
99.1	89.7	
99.3	89.7	
99.1	89.7	
98.7	89.7	
97.5	89.7	
98.9	89.7	
98.9	79.6	
98.9	69.3	
97.3	79.4	
98.9	89.7	
99.1	99.4	
98.9	89.3	
98.9	89.5	
98.9	89.5	
98.3	89.7	
99.3	89.5	
99.1	89.7	
99.1	89.7	
98.5	79.6	
99.1	89.7	
98.1	79.6	
99.3	89.3	
99.3	89.7	
98.7	89.5	
99.1	89.7	
99.1	89.7	
88.4	89.5	
98.9	89.3	
99.1	89.5	
98.5	89.7	
99.1	79.6	
98.7	89.3	
98.9	89.3	
98.1	79	
99.1	89.7	
99.3	89.3	
78.7	99.2	
98.7	89.1	
98.9	89.7	
98.7	89.7	
98.5	79.6	
89	89.1	
99.1	99.6	
98.5	89.7	
99.1	89.7	
99.3	89.7	
99.3	89.7	
99.3	89.7	
88.8	89.7	
98.3	89.7	
99.1	89.7	
98.7	99.6	
99.3	89.3	
99.1	89.7	
99.1	98.6	
99.1	89.7	
99.3	89.7	
98.7	89.3	
98.9	89.5	
98.9	89.3	
98.5	89.7	
98.5	89.7	
99.3	89.5	
99.1	79.6	
99.3	89.7	
98.3	89.5	
99.3	89.5	
98.7	89.5	
98.7	89.7	
98.7	79.6	
99.3	89.3	
99.1	89.5	
98.9	89.7	
98.5	89.7	
99.3	79.6	
98.9	89.7	
99.1	89.5	
99.3	89.7	
98.7	99.4	
78.5	89.1	
98.9	89.5	
99.3	99.6	
98.9	69.3	
98.5	79.6	
99.3	89.3	
98.5	89.7	
99.1	89.5	
99.1	89.7	
98.5	89.5	
99.3	89.3	
99.1	89.5	
98.9	89.7	
98.7	79.6	
98.7	89.7	
98.1	89.5	
99.1	89.7	
99.3	89.7	
99.3	89.7	
98.3	89.7	
98.9	99.6	
99.3	89.7	
99.3	89.5	
99.1	89.7	
99.1	89.7	
99.1	89.7	
99.1	89.5	
99.1	89.7	
99.1	89.5	
99.3	99.6	
99.1	89.7	
99.1	89.7	
99.3	89.7	
98.7	89.5	
99.1	88.7	
99.3	89.5	
98.3	89.7	
98.1	79	
99.3	89.7	
98.3	89.5	
89	89.7	
98.7	89.7	
89.2	89.7	
99.1	78.8	
99.3	99.6	
98.9	89.5	
98.9	89.7	
99.3	79.6	
99.1	79.6	
99.3	89.7	
99.3	89.7	
99.3	89.7	
98.9	89.7	
98.9	89.7	
99.3	89.7	
99.3	79.4	
88	99.4	
88.8	89.7	
99.3	89.3	
98.9	99.6	
98.9	89.7	
99.3	89.5	
99.3	79.4	
99.3	89.7	
98.5	79.2	
99.3	79.6	
99.1	89.7	
99.1	89.7	
99.3	99.4	
99.1	89.7	
98.7	89.7	
99.3	89.5	
99.3	99.6	
99.1	89.7	
99.3	79.6	
99.1	89.7	
98.3	89.7	
99.1	89.7	
99.3	89.1	
99.1	89.1	
99.1	89.7	
99.1	89.7	
98.9	89.5	
99.1	99.4	
99.3	99.6	
98.9	89.7	
98.9	89.5	
98.3	89.5	
98.7	79.6	
99.3	89.7	
98.9	89.7	
99.3	99.6	
99.3	79.2	
99.3	89.5	
99.1	89.7	
99.3	89.7	
99.3	99.6	
99.1	79.6	
97.9	89.7	
98.9	99.6	
96.7	89.7	
99.3	89.7	
99.3	89.7	
98.7	89.3	
98.9	89.7	
99.3	89.5	
98.1	89.7	
98.7	89.3	
98.9	89.5	
98.7	89.5	
98.9	79.4	
98.5	89.5	
98.9	79.6	
98.9	99.6	
98.9	89.5	
99.1	89.5	
98.9	79.4	
99.3	89.7	
97.9	89.3	
99.3	99.2	
98.7	89.7	
98.9	99.6	
98.7	89.7	
99.1	89.1	
99.3	89.3	
99.3	89.5	
98.9	79.4	
98.9	99.6	
98.9	89.7	
98.7	69.5	
97.9	79	
98.9	89.7	
99.1	89.5	
99.3	79.4	
99.3	89.7	
99.1	89.7	
99.3	89.5	
98.1	89.5	
99.3	79.6	
99.3	89.7	
98.7	89.7	
99.1	99.6	
98.9	89.7	
98.9	99.6	
99.3	89.3	
99.3	69.5	
98.9	89.5	
99.3	89.7	
98.3	99.4	
98.5	89.7	
99.3	89.3	
98.5	89.7	
99.1	88.9	
98.9	79.4	
99.1	99.6	
98.7	89.3	
99.3	89.7	
99.1	89.7	
99.3	89.7	
99.3	89.7	
98.7	89.5	
99.1	88.7	
99.3	99.4	
98.7	89.5	
99.1	79.4	
99.3	79.6	
99.1	89.7	
98.7	89.3	
98.3	89.7	
88.6	89.5	
99.3	99.6	
98.9	89.5	
98.5	79.2	
99.1	89.7	
99.1	89.7	
89	89.1	
98.9	99	
98.9	79.6	
98.9	89.5	
98.7	89.1	
97.9	89.7	
98.3	99.2	
78.9	89.7	
98.9	79.4	
99.1	89.5	
99.1	89.5	
98.3	89.7	
98.9	89.1	
99.3	89.7	
98.3	89.7	
99.3	79.2	
97.5	79.2	
98.5	89.7	
99.1	99.2	
99.1	89.7	
99.3	79.4	
99.3	89.7	
99.1	58.8	
99.1	89.5	
99.3	99.4	
98.9	99.4	
98.5	89.3	
98.7	89.7	
99.1	89.5	
98.7	89.5	
98.5	88.9	
98.9	89.1	
98.7	89.5	
99.1	89.7	
99.3	79.6	
88.8	89.7	
99.3	89.7	
99.1	89.1	
97.9	39.2	
98.9	89.5	
99.1	99.6	
98.9	89.7	
99.1	99.6	
98.9	89.5	
98.9	89.5	
99.1	89.3	
98.9	89.7	
98.7	99.4	
78.5	89.7	
98.9	89.7	
98.7	89.7	
99.1	89.7	
98.7	99.6	
99.3	89.5	
99.1	89.7	
98.9	89.3	
98.9	99.6	
98.9	89.5	
99.3	89.7	
98.7	89.7	
98.5	99.6	
99.1	89.7	
99.3	89.7	
99.1	89.7	
88.8	89.7	
99.1	89.7	
99.3	89.5	
99.3	89.5	
98.9	99	
99.3	79.4	
98.7	89.7	
98.9	79.6	
99.3	99.6	
98.7	58.6	
99.1	99.6	
99.1	89.7	
98.7	89.7	
99.3	89.7	
99.1	89.7	
99.1	99.4	
98.3	89.7	
98.7	89.7	
97.3	89.1	
99.1	89.7	
98.5	89.7	
99.1	79.2	
98.9	99.6	
98.5	89.5	
98.9	89.3	
99.1	99	
99.3	89.7	
99.1	89.7	
77.1	89.7	
98.9	89.7	
98.7	89.5	
99.1	99.6	
99.3	99.6	
98.9	79.2	
96.9	89.7	
99.3	89.7	
99.1	99.6	
99.3	79.6	
99.1	99.2	
99.1	89.1	
99.1	89.7	
99.1	88.7	
98.7	89.7	
99.3	89.7	
97.9	89.5	
99.3	89.5	
99.1	89.3	
98.7	89.1	
99.1	99.6	
98.7	99.6	
99.3	99.6	
78.7	89.7	
97.5	89.7	
99.1	99.6	
98.5	89.7	
98.7	89.5	
99.3	99.6	
99.3	89.5	
98.7	89.3	
99.1	89.5	
98.7	99.6	
98.9	79	
99.1	89.5	
99.3	89.7	
99.3	89.7	
99.3	89.7	
98.9	79.6	
98.7	98.8	
99.3	89.5	
98.7	89.1	
98.9	99.4	
99.3	89.7	
99.3	89.5	
98.7	89.7	
99.1	89.5	
98.9	79.4	
98.9	89.5	
99.1	89.7	
99.1	89.5	
99.3	99.6	
99.3	89.5	
98.9	89.7	
99.3	89.7	
98.9	89.7	
88.8	99.6	
99.1	69.5	
99.3	79.4	
99.3	89.5	
98.7	99.6	
98.7	89.7	
98.3	89.5	
99.3	89.7	
98.7	89.7	
98.9	79.4	
98.7	69.5	
98.9	89.7	
99.1	99.2	
99.3	89.7	
99.1	89.5	
99.1	89.5	
99.1	89.7	
97.9	89.3	
99.1	89.3	
98.5	89.5	
99.1	89.7	
99.1	69.5	
99.3	89.7	
98.7	89.5	
98.3	99.6	
99.3	89.5	
99.3	99.4	
99.3	69.1	
98.9	89.7	
99.1	89.7	
98.9	89.1	
99.1	89.5	
99.3	89.5	
