98.7	89.7	
89.2	89.5	
99.3	89.7	
89.2	88.7	
99.1	89.7	
99.1	89.7	
99.1	89.5	
99.3	89.5	
99.1	89.7	
78.7	89.7	
99.1	89.5	
99.3	89.3	
99.3	89.1	
99.1	69.1	
99.3	89.7	
99.1	99.6	
89	89.5	
89.2	89.7	
78.7	89.7	
99.3	89.7	
68.6	89.3	
99.3	89.7	
99.3	79.4	
89	89.7	
89.2	79.6	
99.1	89.1	
99.3	79	
99.3	89.7	
99.1	89.7	
98.9	79.2	
89.2	89.7	
99.3	89.5	
99.1	89.5	
99.1	89.5	
98.9	89.5	
98.9	99.6	
99.1	99.4	
99.3	89.7	
99.3	89.7	
99.3	89.7	
99.1	69.1	
99.1	89.7	
99.1	69.3	
99.3	69.5	
99.3	89.5	
99.3	89.5	
99.1	89.7	
99.1	89.7	
99.3	89.5	
99.3	79.2	
99.3	89.7	
99.3	89.5	
99.1	89.1	
99.3	89.7	
98.9	89.5	
99.1	89.7	
98.9	89.5	
89.2	89.7	
89.2	89.7	
98.9	89.7	
99.3	89.7	
99.3	99.6	
99.3	89.7	
98.9	89.7	
99.3	89.5	
99.1	89.7	
99.3	89.7	
78.5	89.7	
99.3	79.4	
99.3	89.3	
98.5	99.4	
98.9	89.7	
99.3	89.7	
98.9	89.7	
98.9	89.7	
99.3	99.4	
89.2	89.7	
99.1	89.3	
99.1	89.5	
99.3	89.7	
99.1	79.6	
88.6	89.5	
99.3	89.7	
99.3	89.7	
98.9	89.7	
99.1	89.7	
98.7	69.3	
99.3	79.6	
98.7	89.3	
99.1	89.7	
79.1	89.7	
89.2	99.6	
99.1	89.5	
99.3	89.5	
99.1	89.7	
99.1	89.7	
99.1	79.6	
99.1	89.7	
99.3	89.5	
99.3	89.5	
89	89.7	
99.1	89.7	
99.3	89.7	
99.3	89.3	
99.1	89.7	
99.3	89.7	
98.9	89.7	
99.3	89.7	
99.3	79.6	
99.1	89.7	
98.9	89.7	
98.9	89.5	
98.9	89.7	
99.1	89.5	
99.3	99.6	
98.5	89.3	
88.8	89.7	
99.3	89.7	
99.3	99.6	
99.3	89.7	
99.3	89.7	
99.1	89.7	
99.3	99.2	
99.1	89.7	
99.1	89.7	
98.9	89.7	
99.3	89.5	
88.6	89.7	
98.9	79.4	
99.1	89.7	
98.9	89.7	
99.3	89.3	
99.3	89.7	
99.3	89.7	
88.6	89.5	
99.3	89.5	
98.9	89.7	
99.3	89.7	
98.9	89.7	
99.1	89.7	
98.7	89.7	
99.1	98.8	
98.5	89.7	
99.3	89.7	
99.1	89.7	
98.9	89.7	
89	99.4	
99.3	99.2	
99.3	78.4	
89.2	89.3	
78.7	99.6	
99.3	89.3	
78.9	89.7	
88.8	89.7	
99.3	99.4	
99.1	89.3	
99.3	89.7	
99.1	89.3	
99.1	89.7	
98.3	89.3	
99.3	79.6	
99.1	89.7	
99.1	89.7	
98.9	89.7	
99.1	89.5	
79.3	89.5	
99.3	89.7	
99.1	99.6	
99.3	89.5	
99.3	89.5	
78.9	89.7	
98.7	89.5	
98.3	89.7	
99.1	89.7	
99.1	89.5	
98.9	89.5	
99.3	89.7	
89.2	99.6	
99.1	99.4	
99.1	89.7	
99.1	89.7	
99.3	79.4	
89	89.7	
98.7	79.4	
99.3	89.7	
99.1	89.5	
98.7	89.7	
99.3	99.6	
99.1	99.6	
98.7	89.7	
99.3	89.7	
99.3	89.7	
99.3	89.7	
99.1	89.1	
99.1	89.3	
88.6	89.5	
99.3	79.6	
98.9	89.5	
99.1	89.7	
99.3	89.3	
99.1	89.5	
99.3	89.7	
99.3	99.6	
99.3	99.2	
89.2	89.3	
99.1	89.7	
99.3	89.3	
99.3	79.6	
99.1	89.7	
99.3	89.7	
99.3	79.4	
99.3	89.3	
88.8	89.7	
99.3	79.6	
99.1	89.3	
99.1	79.6	
99.3	89.7	
99.3	89.7	
99.3	89.7	
99.3	89.1	
99.3	89.5	
99.3	89.5	
99.3	89.5	
99.3	89.7	
88.6	89.7	
98.7	99.4	
99.1	89.7	
99.1	89.5	
89	89.7	
87.8	89.7	
99.1	89.7	
99.1	89.7	
78.7	89.7	
58.9	99.4	
99.3	89.3	
99.3	79.2	
99.1	89.7	
89.2	89.7	
89.2	89.7	
99.1	89.7	
99.3	88.9	
99.1	89.7	
99.1	89.7	
98.5	88.9	
98.9	89.7	
99.1	89.7	
98.9	89.7	
99.1	89.7	
98.7	89.5	
99.3	98.6	
89.2	89.5	
98.9	89.7	
99.3	89.3	
99.1	89.7	
89	89.5	
99.1	99.2	
99.3	89.5	
99.1	89.7	
99.3	89.7	
98.5	89.3	
98.9	89.7	
78.7	89.7	
98.9	89.7	
99.1	79.6	
99.3	89.7	
98.7	89.5	
98.9	89.7	
99.3	89.7	
99.1	89.7	
98.7	79	
99.3	89.7	
98.9	89.5	
99.3	89.3	
99.3	89.5	
99.1	89.7	
99.3	89.5	
88.8	89.5	
98.9	89.5	
99.3	89.7	
98.9	89.7	
88.6	89.5	
98.9	79	
87.6	89.5	
89.2	89.7	
99.1	89.7	
98.9	89.7	
99.3	89.5	
99.3	89.7	
99.1	89.5	
99.1	89.5	
99.3	89.7	
99.1	89.7	
99.3	89.7	
89	89.5	
89.2	89.5	
99.3	89.5	
99.1	89.1	
99.3	99.6	
99.3	89.1	
99.3	89.5	
99.1	89.5	
99.1	79.2	
99.1	79.6	
99.3	89.7	
99.3	89.7	
99.1	79.6	
98.7	89.5	
99.3	89.5	
98.9	89.5	
98.9	89.5	
99.3	99	
88.6	89.7	
99.3	99.4	
99.1	89.5	
99.3	89.7	
99.3	89.1	
88.4	89.7	
99.3	98	
99.3	89.7	
99.3	89.7	
99.3	89.3	
99.3	89.7	
99.1	89.3	
99.3	89.5	
99.1	89.7	
99.3	89.1	
99.1	89.7	
99.1	89.7	
98.9	89.7	
99.3	89.7	
89.2	89.7	
98.9	89.7	
99.3	89.7	
99.3	89.7	
99.3	89.7	
99.1	89.7	
89.2	89.7	
99.1	89.5	
98.7	89.3	
99.1	89.5	
99.1	89.7	
99.1	89.7	
99.3	89.5	
99.3	79.6	
98.5	88.7	
99.1	89.5	
99.3	69.5	
88.4	89.7	
98.7	89.1	
89	89.1	
98.9	89.5	
98.5	79.2	
99.3	89.7	
89	99.6	
79.1	89.7	
98.5	89.5	
99.3	88.9	
98.9	89.5	
99.1	89.7	
89	89.7	
98.9	89.5	
89.2	89.5	
89.2	79.4	
88.6	89.5	
99.3	89.5	
99.1	89.7	
89.2	89.1	
98.9	89.5	
99.1	69.1	
78.5	88.9	
99.1	99.6	
99.1	89.7	
79.1	89.5	
99.1	89.5	
99.1	89.5	
99.1	89.7	
99.1	88.9	
99.1	89.7	
98.9	89.7	
99.3	89.5	
99.3	89.7	
99.3	89.5	
89.2	89.5	
99.3	79.6	
99.3	79.4	
99.1	89.7	
98.7	89.7	
89.2	99.6	
99.3	89.3	
99.3	89.5	
98.9	89.5	
99.1	89.5	
99.1	89.5	
99.3	79.6	
99.3	89.7	
89	69.5	
88.8	79.6	
99.3	79.4	
99.1	89.7	
88.8	89.1	
98.5	79.2	
88.8	89.7	
99.1	79.6	
89.2	88.9	
99.1	69.1	
99.3	89.7	
99.1	89.1	
99.3	89.7	
99.1	89.7	
99.3	89.5	
99.3	79.6	
98.9	89.5	
99.1	89.5	
99.1	89.5	
89.2	89.1	
99.3	89.7	
99.3	89.7	
99.1	89.7	
89	99.4	
99.3	89.5	
88.6	89.7	
58.9	89.7	
98.5	89.7	
99.3	89.7	
98.3	89.7	
99.3	89.7	
99.3	79.6	
99.3	89.7	
99.3	99.6	
99.1	89.7	
88.6	89.7	
99.3	88.9	
99.1	89.7	
99.3	89.5	
98.7	88.9	
99.3	89.7	
99.1	89.3	
99.3	89.5	
99.1	89.7	
98.9	99.6	
99.1	79.6	
88.8	89.1	
98.9	89.7	
99.1	89.7	
98.7	79.4	
99.1	89.5	
89.2	89.5	
99.3	89.7	
99.1	88.9	
99.3	89.7	
99.3	89.7	
98.9	99.6	
99.1	89.5	
98.9	89.5	
99.1	79.2	
98.7	89.5	
98.7	89.7	
98.9	89.7	
98.9	89.7	
99.3	89.5	
89	89.7	
89.4	99.2	
99.3	89.7	
98.7	89.5	
99.3	89.7	
99.1	89.7	
88.8	89.7	
99.1	89.5	
99.1	89.7	
98.9	89.7	
99.3	99.6	
89.2	89.7	
98.9	89.1	
99.1	89.5	
99.3	89.5	
99.1	89.7	
99.1	89.7	
98.7	89.5	
99.1	89.7	
98.9	99.6	
98.7	89.5	
99.3	89.5	
98.9	79.2	
99.1	99.6	
99.1	89.5	
99.1	99.6	
99.3	89.7	
99.3	89.7	
98.5	99.4	
99.1	99.4	
99.3	79.6	
99.1	89.5	
99.3	89.5	
99.1	89.7	
99.3	89.7	
98.9	89.7	
99.1	89.7	
88.4	89.5	
99.3	89.7	
99.3	89.7	
99.3	89.3	
99.1	89.7	
99.3	89.7	
99.1	89.7	
99.1	99.6	
99.1	89.5	
99.3	89.7	
98.9	89.5	
99.3	79.2	
99.1	89.7	
99.1	89.7	
99.3	89.7	
99.3	89.7	
98.3	89.5	
99.1	89.7	
99.3	89.5	
99.3	89.7	
98.9	99.6	
99.3	89.5	
98.9	79.6	
98.9	99.6	
99.3	89.5	
98.1	89.1	
99.1	89.7	
99.3	89.7	
99.3	89.1	
99.3	89.7	
98.9	89.7	
99.3	89.7	
99.3	79.6	
99.1	89.7	
99.1	89.7	
89.2	89.7	
99.3	89.7	
99.1	99.4	
99.1	89.7	
78.7	89.7	
98.9	89.7	
99.3	89.7	
99.3	89.5	
99.3	89.5	
99.3	79.6	
99.3	79.6	
98.9	89.7	
98.9	89.5	
88.8	89.5	
99.3	89.7	
99.1	89.7	
99.3	99.6	
99.1	89.5	
99.3	89.7	
98.9	89.7	
99.1	89.7	
99.3	79.6	
98.5	79.6	
98.9	89.7	
98.9	89.5	
89	99.2	
99.3	79.2	
89.2	89.7	
89.2	89.3	
99.1	89.3	
98.9	89.3	
98.7	89.7	
99.1	79.6	
99.1	89.5	
99.1	89.7	
99.1	89.7	
99.1	89.5	
99.1	89.7	
98.9	79.6	
99.1	89.5	
99.1	89.1	
99.3	89.3	
98.7	89.7	
98.9	89.7	
99.3	89.5	
88.2	89.7	
99.3	89.7	
99.1	89.7	
88.8	89.7	
99.1	89.7	
89.2	89.7	
98.9	89.5	
99.3	79.6	
99.3	79.6	
99.3	79.6	
99.3	89.7	
99.3	89.5	
89.2	89.7	
99.3	89.7	
89.2	89.7	
99.3	89.5	
98.9	99.6	
99.3	79.4	
99.3	79.6	
99.1	99.6	
99.1	89.1	
99.3	89.7	
99.1	89.3	
99.1	89.7	
99.1	89.5	
98.9	89.7	
98.9	99.6	
98.9	89.7	
98.9	89.7	
99.3	89.5	
99.1	89.3	
99.1	89.7	
98.9	89.7	
99.3	89.5	
98.9	99.6	
99.1	89.7	
99.1	79.6	
99.3	89.7	
99.1	89.1	
98.9	89.1	
99.3	89.7	
99.1	89.7	
99.1	89.7	
98.9	89.7	
99.3	89.7	
99.1	89.7	
99.3	99.6	
98.9	89.7	
99.1	69.1	
99.3	89.7	
99.3	89.5	
99.3	89.7	
99.3	89.7	
98.9	89.5	
99.3	89.7	
99.1	89.7	
99.1	89.7	
98.9	89.7	
99.3	89.7	
88.6	89.7	
99.1	89.7	
99.1	89.7	
99.1	89.3	
98.7	89.5	
89.2	89.5	
99.3	89.7	
99.1	89.7	
99.3	89.7	
98.7	89.3	
99.1	89.7	
99.3	89.5	
78.9	89.7	
99.3	88.7	
99.3	89.7	
99.3	79.2	
98.9	89.7	
99.3	89.7	
99.3	69.1	
99.3	89.7	
98.7	99.6	
99.3	89.3	
99.3	89.5	
99.3	89.3	
99.3	89.7	
99.1	89.7	
99.3	89.3	
78.3	89.7	
98.9	89.7	
89.2	89.7	
88.6	89.7	
98.9	99.6	
99.1	89.7	
99.3	89.7	
89.2	79.6	
98.5	89.5	
99.1	89.7	
99.1	89.5	
99.1	89.7	
99.1	89.5	
98.3	89.5	
98.9	89.7	
99.1	89.7	
99.1	89.7	
98.9	89.5	
98.1	89.5	
99.1	89.5	
98.9	89.7	
99.1	68.5	
99.1	89.7	
99.1	89.7	
99.3	89.7	
89.2	89.3	
99.1	89.1	
98.5	89.5	
99.1	89.5	
99.1	89.7	
98.9	89.7	
99.3	89.7	
98.7	89.7	
99.3	79.6	
98.7	89.7	
98.9	89.7	
89	89.7	
98.9	89.7	
99.1	89.7	
99.3	79.4	
99.1	79.6	
98.9	89.5	
99.1	89.7	
99.3	89.1	
98.7	89.7	
99.3	89.7	
98.9	89.7	
99.3	89.7	
99.3	78.6	
99.3	99.6	
99.1	99.6	
98.5	89.7	
88.8	89.7	
99.3	79.4	
98.3	89.7	
98.9	89.5	
99.3	78.4	
89	99.6	
99.3	89.7	
99.3	89.7	
99.3	89.7	
98.9	89.7	
99.1	89.3	
98.9	89.5	
98.9	89.7	
99.1	89.7	
99.1	89.5	
99.3	89.5	
98.9	89.7	
99.3	89.7	
99.3	89.7	
99.1	79.6	
99.3	89.5	
99.3	99.4	
99.1	89.7	
89	89.7	
99.1	89.7	
98.9	89.7	
99.1	89.7	
99.3	89.7	
99.1	79.4	
98.5	89.7	
79.1	89.7	
78.7	89.7	
99.3	99.6	
99.1	89.5	
98.7	89.7	
99.3	89.7	
99.3	89.7	
99.3	89.7	
78.7	89.7	
89.2	89.5	
99.3	89.7	
99.3	78.8	
99.1	89.5	
98.9	89.7	
98.9	89.7	
99.1	89.5	
99.1	89.7	
77.9	99.4	
99.3	89.7	
99.1	89.7	
99.1	89.7	
99.1	89.7	
99.3	89.7	
99.3	89.7	
89.2	79.4	
99.3	89.7	
99.3	89.7	
99.1	89.7	
99.3	89.7	
99.3	89.7	
99.1	89.5	
89.2	79.6	
99.1	89.7	
99.1	99.6	
89.2	89.7	
99.1	89.7	
99.1	89.7	
98.7	89.5	
99.3	89.5	
88.4	89.5	
98.7	89.7	
98.9	99.6	
99.1	99.6	
98.9	89.5	
99.3	89.7	
89	89.7	
99.1	89.7	
99.3	89.5	
99.3	89.7	
98.9	78.8	
88.4	78.8	
98.5	89.7	
98.9	89.5	
99.1	79.6	
98.9	89.7	
98.7	89.7	
99.3	99.4	
99.3	89.7	
88.8	89.7	
98.9	89.3	
99.1	89.5	
99.3	99.6	
99.1	89.5	
98.9	69.1	
99.1	89.7	
98.7	79.6	
99.3	99.4	
98.9	89.7	
98.9	99.6	
99.3	89.7	
99.3	99.6	
98.9	89.7	
99.1	79.6	
89	89.5	
99.3	89.7	
99.1	79.4	
98.9	89.5	
99.3	89.7	
99.3	99.6	
99.3	89.7	
88.8	89.7	
99.3	89.5	
89	89.7	
98.7	89.7	
98.7	89.7	
99.3	89.5	
78.9	89.7	
99.3	89.7	
99.1	89.5	
98.7	89.7	
89.4	89.3	
79.3	89.7	
99.1	79.6	
98.7	89.5	
99.1	89.7	
98.9	89.7	
98.7	89.7	
98.7	89.7	
99.3	89.7	
98.9	79.6	
99.3	89.7	
78.9	99.4	
88.8	89.7	
99.3	89.7	
99.1	79.6	
99.3	89.7	
98.7	89.7	
99.3	89.7	
98.9	89.5	
99.3	89.7	
89.2	88.9	
99.3	89.7	
98.9	89.5	
99.3	89.7	
98.5	89.5	
98.9	89.7	
89	89.5	
99.3	89.5	
99.3	89.5	
99.3	89.7	
99.1	69.5	
99.3	89.7	
98.5	79.6	
99.1	99.6	
99.3	89.1	
98.9	89.7	
99.1	89.7	
99.1	89.7	
99.3	89.1	
99.3	89.5	
98.9	89.5	
99.3	89.7	
99.3	89.1	
98.7	89.5	
99.3	89.7	
99.3	89.5	
99.3	89.3	
99.3	89.5	
99.3	79.2	
98.3	89.7	
99.1	89.7	
98.7	89.7	
99.3	89.7	
99.1	89.5	
99.3	89.7	
89.2	89.3	
68	89.7	
98.9	89.7	
99.3	89.5	
99.3	89.7	
99.3	69.5	
99.3	89.7	
99.1	89.7	
99.1	89.7	
89	79.2	
77.5	89.7	
99.3	89.5	
99.3	89.7	
98.9	89.7	
89.2	89.5	
99.3	89.7	
88.6	89.1	
99.3	89.7	
99.3	89.7	
99.3	89.7	
98.7	89.7	
99.1	79	
89.2	89.7	
88.8	89.5	
99.3	89.7	
99.3	89.7	
99.3	79.6	
89.2	89.5	
99.3	79.6	
98.9	89.7	
99.3	89.5	
98.7	89.7	
99.3	89.7	
99.3	89.5	
98.5	79.4	
99.3	89.3	
78.9	89.1	
88.6	89.7	
99.3	79.6	
99.1	89.7	
99.1	89.7	
89.2	79.6	
99.3	89.7	
98.9	89.5	
99.3	89.7	
98.7	89.7	
99.1	89.7	
98.9	89.5	
89	89.7	
99.3	89.7	
99.1	89.1	
98.5	89.7	
99.3	89.7	
89.2	89.7	
98.9	89.7	
99.3	99.4	
89	99.4	
88.6	79.2	
99.3	99.6	
99.1	89.3	
99.3	89.7	
99.3	89.7	
99.1	99.6	
98.9	89.7	
99.1	89.7	
98.3	89.7	
99.3	89.7	
99.3	89.5	
99.3	89.7	
99.1	89.5	
89.2	89.7	
99.3	89.5	
98.9	89.5	
99.3	89.3	
98.9	89.7	
99.3	79.4	
89.2	89.7	
99.3	89.7	
99.3	89.7	
88.4	89.7	
99.1	89.7	
98.7	89.5	
99.3	78.8	
99.1	89.3	
98.9	89.7	
99.1	89.7	
88.8	79.6	
99.3	89.7	
98.7	89.7	
99.1	79.6	
97.5	89.7	
98.9	79.2	
99.3	79.6	
99.3	89.7	
98.9	89.7	
89.2	89.7	
89	89.5	
98.9	89.7	
99.3	89.7	
99.1	89.5	
99.1	89.5	
99.3	89.7	
99.3	89.5	
99.1	89.5	
99.3	89.7	
99.3	89.5	
89	79.6	
98.7	79.2	
99.3	89.7	
99.3	89.7	
