98.9	89.7	
79.3	89.7	
98.9	89.7	
89.2	69.5	
98.9	89.7	
98.5	89.7	
98.7	89.5	
98.5	99.4	
99.3	68.3	
98.9	89.7	
98.7	89.7	
98.7	89.7	
99.3	89.7	
99.3	89.7	
99.3	89.7	
99.3	89.7	
98.7	89.7	
98.9	79.6	
98.7	79.6	
99.1	69.5	
99.3	79.4	
98.9	89.5	
98.9	79.6	
98.7	89.5	
99.1	89.7	
98.7	89.7	
89.4	99.6	
98.7	89.7	
99.3	89.7	
99.1	89.3	
98.7	89.7	
98.9	89.7	
99.3	79.6	
99.1	89.5	
98.9	89.7	
99.1	79.4	
99.1	89.7	
89.2	79.6	
99.1	89.7	
99.1	89.1	
99.1	89.7	
98.9	89.7	
98.7	89.7	
98.9	89.5	
99.1	69.5	
98.9	89.7	
99.3	79.4	
99.1	89.7	
99.1	89.7	
99.1	89.7	
98.7	89.7	
99.1	89.5	
88.8	79.4	
89	59.4	
98.3	79.6	
99.3	89.7	
99.1	79.6	
99.1	89.7	
99.1	79	
99.3	89.7	
98.9	89.7	
99.1	99.6	
99.3	89.5	
99.3	89.7	
99.1	89.7	
99.3	89.7	
98.9	89.7	
98.9	89.5	
99.1	89.7	
99.1	89.7	
99.3	99.6	
99.1	89.7	
98.7	89.7	
99.3	89.7	
99.3	69.3	
98.9	69.3	
98.3	89.7	
99.3	79.2	
98.9	89.7	
99.3	89.7	
99.1	89.5	
99.1	89.5	
99.1	79.6	
99.1	99.4	
99.3	79.6	
99.1	89.7	
98.9	89.5	
99.3	89.5	
99.1	99.4	
99.3	89.5	
99.3	89.7	
98.9	79.4	
99.3	79.4	
99.1	69.5	
99.3	89.3	
99.3	99.4	
99.3	89.7	
99.3	89.7	
98.9	89.7	
98.9	89.7	
99.1	89.7	
99.3	89.7	
78.9	89.7	
99.3	89.7	
99.3	89.5	
88.6	89.7	
99.1	89.7	
98.1	89.7	
99.1	89.7	
99.3	89.7	
99.3	89.7	
99.1	89.7	
98.5	89.7	
98.3	89.7	
98.9	89.7	
99.3	89.7	
98.9	89.7	
99.1	89.5	
99.1	89.7	
99.1	89.7	
98.5	69.1	
98.9	89.7	
99.3	89.5	
98.9	89.7	
98.7	89.5	
99.1	89.1	
99.1	89.5	
99.1	89.7	
99.3	89.7	
99.1	89.7	
98.9	89.7	
99.3	89.5	
98.9	99.6	
98.9	89.5	
98.9	89.3	
99.1	79.6	
99.1	89.7	
98.9	89.7	
99.1	89.7	
99.3	89.7	
98.9	99.4	
99.1	89.7	
99.3	89.7	
99.3	89.7	
99.1	59.2	
99.3	89.5	
98.9	69.3	
99.1	89.7	
98.9	79.6	
99.3	89.5	
99.3	79.4	
78.9	89.7	
99.3	89.7	
99.3	89.5	
99.3	79.6	
99.3	89.7	
99.3	89.7	
99.3	89.7	
98.9	79.6	
98.9	79.6	
98.9	79.6	
99.1	69.5	
99.3	79.6	
99.1	89.7	
89.2	89.7	
99.3	89.7	
98.9	89.7	
98.7	69.5	
99.3	99.6	
99.3	89.5	
99.3	89.7	
99.3	89.7	
99.3	89.7	
98.9	89.7	
99.3	89.7	
99.3	99.6	
99.3	89.7	
98.5	89.5	
99.1	79.6	
99.3	89.7	
99.1	89.7	
98.9	89.5	
99.3	89.7	
99.1	89.7	
98.9	89.7	
99.1	79.6	
98.5	89.7	
99.3	69.5	
99.3	89.7	
98.7	99.6	
99.3	89.7	
99.1	89.7	
99.1	89.7	
98.1	89.7	
99.3	89.7	
99.3	89.7	
99.1	89.7	
99.3	89.7	
99.3	89.7	
98.9	89.7	
98.7	89.7	
98.7	89.7	
99.1	79.2	
99.3	69.5	
99.1	89.7	
99.3	89.5	
99.3	79.6	
98.9	89.7	
98.7	89.7	
98.7	89.7	
99.3	89.7	
98.3	89.7	
99.1	89.5	
98.9	89.5	
99.1	79.6	
99.3	89.7	
99.3	89.5	
99.1	99.6	
98.7	79.2	
98.9	89.7	
98.9	79.6	
98.9	89.7	
99.3	89.3	
99.3	89.5	
98.9	89.5	
99.3	89.3	
98.9	89.7	
99.1	89.7	
99.3	89.7	
97.9	79.4	
99.1	89.7	
99.3	89.7	
98.9	89.7	
89.2	89.7	
98.7	89.7	
99.3	89.7	
99.1	89.7	
99.3	89.3	
98.9	89.5	
99.1	88.9	
99.3	89.7	
98.9	89.7	
98.7	89.7	
98.9	89.7	
99.1	89.7	
98.5	89.7	
99.1	89.7	
99.3	89.7	
98.7	89.5	
98.9	89.5	
99.1	79.4	
99.3	89.7	
99.1	89.7	
99.3	89.5	
98.7	79.6	
99.3	89.5	
98.7	99.6	
99.3	89.7	
99.3	89.7	
99.3	79.6	
98.9	89.7	
98.9	89.7	
99.3	89.5	
99.3	89.7	
99.1	89.7	
99.3	89.7	
99.1	79.6	
98.9	89.7	
99.3	89.7	
99.3	89.7	
99.3	89.7	
99.3	89.7	
99.1	99.2	
99.3	89.5	
89	89.7	
99.1	89.7	
99.3	89.5	
99.3	89.7	
99.3	89.5	
99.3	89.3	
99.3	89.7	
98.9	89.7	
99.3	89.5	
98.7	69.5	
98.9	89.7	
99.3	89.5	
99.3	89.7	
98.7	89.1	
99.1	89.7	
99.1	89.7	
99.3	89.5	
99.1	89.5	
98.9	69.1	
99.3	79.6	
99.3	89.7	
99.3	69.3	
99.3	89.7	
99.1	89.7	
98.7	79.4	
88.6	89.7	
89.2	89.7	
99.1	79.4	
98.9	89.5	
99.1	89.5	
99.3	89.7	
98.9	79.2	
99.1	89.5	
88.8	79	
99.1	79.4	
98.9	89.7	
99.1	79.6	
87.8	89.7	
99.1	89.7	
99.3	89.7	
99.3	89.7	
99.1	79	
98.5	89.5	
99.1	89.7	
99.1	89.7	
99.1	89.5	
99.1	89.7	
99.1	89.7	
99.3	89.7	
99.1	89.7	
98.7	89.7	
99.3	89.7	
99.3	89.7	
99.3	89.7	
99.1	69.5	
99.1	69.5	
98.9	99.6	
99.3	89.7	
98.7	89.7	
99.1	89.7	
99.3	89.7	
98.9	89.5	
98.9	89.5	
99.3	89.5	
98.9	89.7	
99.3	89.7	
99.3	89.7	
88.8	89.3	
99.3	89.7	
99.3	89.7	
99.1	89.7	
88.8	89.7	
99.3	89.7	
98.9	89.7	
98.7	89.5	
98.9	79.4	
99.3	89.7	
99.3	79.6	
98.7	89.5	
89	89.7	
98.9	89.7	
98.9	89.5	
99.1	89.7	
99.1	89.7	
99.3	89.5	
98.9	89.7	
99.3	89.7	
88.8	89.7	
99.1	79.4	
99.1	89.7	
99.1	89.7	
99.3	79.2	
99.3	79.6	
99.3	89.7	
89.2	89.7	
99.3	89.7	
89	89.7	
99.3	89.7	
99.3	89.3	
99.3	89.7	
99.1	89.7	
98.7	89.7	
99.1	89.7	
98.9	89.7	
98.7	89.7	
99.3	89.7	
99.3	89.7	
99.3	99.6	
99.3	89.1	
99.1	79.4	
98.9	89.7	
99.3	89.5	
98.9	89.7	
99.1	89.7	
98.7	79.4	
99.1	89.7	
99.3	89.5	
99.1	89.7	
99.3	89.5	
98.9	69.5	
99.1	89.7	
99.3	89.3	
99.1	89.5	
99.1	89.5	
99.1	79.6	
99.1	89.1	
99.3	79.4	
98.3	79.6	
99.1	89.7	
99.3	89.7	
99.1	89.7	
98.5	89.7	
99.1	89.7	
99.3	89.7	
99.3	89.7	
98.9	89.7	
99.1	89.7	
99.1	89.7	
99.3	79.6	
99.1	69.3	
99.1	89.7	
98.7	89.7	
98.7	89.5	
99.1	89.7	
98.9	69.5	
98.7	89.7	
76.9	89.5	
99.1	89.7	
99.1	99.4	
99.1	89.5	
98.3	79.2	
98.7	89.7	
99.3	99.6	
99.3	89.1	
99.1	89.7	
99.1	89.7	
99.3	79.6	
99.1	89.7	
98.9	79.2	
99.3	89.7	
98.9	69.3	
99.3	89.7	
98.9	89.7	
99.1	89.7	
99.3	99.6	
67.4	89.5	
99.3	89.5	
98.9	79.6	
99.3	89.7	
98.5	89.7	
99.1	89.7	
99.1	99	
98.9	89.7	
98.9	89.7	
99.3	89.5	
98.9	89.7	
99.1	89.7	
98.9	79.6	
99.3	89.7	
99.1	89.7	
98.7	89.7	
99.1	89.7	
98.7	89.5	
98.7	89.5	
98.5	89.7	
99.1	99.4	
99.1	89.7	
98.1	89.7	
99.3	89.7	
99.3	89.7	
99.3	89.7	
69.2	99.4	
99.3	79.6	
99.3	99.4	
98.5	89.7	
99.3	99.6	
99.1	78.8	
98.3	89.5	
99.1	79	
99.1	79.6	
99.3	89.5	
99.1	99.6	
99.3	89.7	
99.3	89.5	
99.3	79.6	
99.3	89.7	
97.7	79.6	
98.7	89.7	
98.7	89.5	
99.1	89.5	
99.3	89.1	
99.1	99.6	
99.1	89.7	
98.7	89.7	
99.3	79.4	
99.1	89.7	
99.3	89.7	
99.1	89.7	
98.7	89.7	
99.3	89.5	
98.9	89.5	
99.3	79.6	
99.3	89.7	
99.3	89.7	
99.1	89.7	
98.5	89.7	
99.1	89.7	
98.7	89.7	
99.3	79.6	
98.9	89.5	
98.9	89.5	
98.9	89.3	
99.3	79.6	
99.3	89.5	
99.3	89.5	
98.7	89.7	
99.3	89.7	
97.7	69.5	
99.1	79.6	
88	89.7	
99.1	79.6	
99.3	89.7	
99.3	79.6	
99.1	89.7	
99.3	79.6	
99.1	89.7	
69	89.5	
99.3	89.5	
99.3	89.7	
99.1	89.7	
98.9	79.6	
99.3	89.7	
99.1	89.7	
99.3	89.7	
99.3	89.7	
98.5	89.7	
99.3	89.3	
99.1	89.5	
99.1	89.7	
99.1	79.6	
99.3	89.1	
99.3	99.6	
98.9	89.7	
99.3	89.7	
99.1	89.7	
89	89.7	
99.3	79.4	
99.3	89.7	
99.3	79.6	
99.3	89.7	
98.7	89.3	
99.3	79.6	
99.3	89.7	
99.3	89.7	
98.7	89.5	
98.9	89.7	
99.3	79.6	
99.3	89.7	
98.5	89.7	
98.7	89.7	
97.9	89.7	
99.1	89.7	
89.2	89.7	
98.7	89.7	
99.3	89.5	
98.9	89.7	
98.7	89.7	
99.1	89.7	
79.1	89.7	
98.9	89.7	
99.1	79.6	
77.9	89.7	
98.7	89.7	
99.1	89.7	
99.1	89.3	
99.3	89.7	
99.1	89.7	
88.8	89.7	
98.7	89.3	
99.3	69.5	
99.3	89.5	
99.1	79.4	
99.3	79.6	
99.3	89.7	
98.9	89.7	
99.3	89.5	
99.1	89.7	
99.1	89.7	
99.3	89.5	
98.9	89.7	
99.3	79.6	
99.1	89.7	
99.1	89.7	
99.1	89.7	
98.9	69.1	
99.3	79.6	
99.3	89.7	
98.9	89.7	
89.2	69.5	
99.3	79.6	
98.9	89.7	
98.9	89.7	
98.9	89.7	
99.1	79.4	
99.3	89.7	
99.3	89.7	
99.1	89.7	
99.1	89.7	
99.1	69.5	
98.9	79.4	
99.3	89.7	
99.3	89.5	
99.3	89.5	
98.9	89.7	
99.3	89.7	
99.3	79.6	
88.2	79.6	
99.1	89.1	
99.1	99.6	
98.9	89.7	
99.3	89.7	
99.3	89.5	
98.9	89.7	
99.3	89.5	
98.1	69.5	
98.9	89.7	
98.9	89.7	
99.3	79.6	
99.3	89.7	
99.1	89.5	
99.3	69.5	
99.3	89.1	
99.1	79.6	
98.9	89.7	
99.1	99.6	
99.1	79.6	
99.3	89.7	
99.1	89.5	
99.1	89.5	
98.9	89.5	
89.2	89.5	
98.7	89.7	
98.9	89.7	
99.1	79.6	
99.1	89.7	
99.1	89.5	
99.1	89.7	
99.1	89.7	
99.3	79.6	
99.1	89.5	
99.3	79.2	
99.1	89.7	
98.9	89.7	
99.3	79.4	
98.9	89.7	
98.9	89.7	
99.1	79.6	
99.1	79.6	
99.3	89.5	
99.3	89.7	
99.1	89.7	
99.3	89.7	
99.3	79.4	
98.7	89.7	
99.3	89.1	
88.8	89.7	
99.1	79.2	
98.5	99.6	
98.9	89.7	
89.2	79.6	
98.7	89.7	
99.1	89.7	
99.1	89.5	
98.9	99.6	
99.1	89.7	
99.3	79.6	
99.3	89.7	
98.9	99.6	
98.9	79.6	
78.5	89.7	
99.3	89.7	
99.3	89.7	
99.1	89.5	
99.3	89.5	
98.7	89.7	
99.3	89.7	
98.9	89.5	
98.9	99.6	
99.1	99.6	
98.7	89.7	
99.3	79.6	
98.7	89.7	
78.3	89.7	
99.3	89.7	
99.1	89.7	
99.1	79.4	
99.3	89.7	
99.3	89.7	
99.3	79.6	
98.5	89.7	
99.3	89.7	
99.1	89.7	
99.3	89.5	
99.3	89.5	
88.8	89.7	
99.3	89.7	
99.1	89.7	
98.7	89.7	
99.3	69.3	
99.3	89.7	
99.1	89.7	
88.2	79.6	
99.3	89.7	
99.1	89.7	
99.3	89.7	
99.3	89.7	
98.9	89.7	
98.7	89.7	
99.1	89.7	
77.5	89.7	
99.1	79.6	
99.1	28.9	
99.3	89.5	
98.9	99.6	
99.3	79.6	
99.3	79.4	
98.9	79.4	
99.1	89.7	
99.1	89.7	
99.1	89.5	
99.1	89.7	
98.9	89.5	
98.3	89.7	
99.3	89.7	
99.3	89.3	
99.3	89.7	
99.1	89.7	
99.1	89.7	
99.3	89.5	
99.3	79.6	
88.6	99.6	
98.7	89.7	
99.1	69.5	
98.7	89.3	
98.9	79.6	
98.7	89.7	
99.1	89.3	
99.3	89.1	
98.9	89.5	
99.3	79.6	
99.3	89.7	
88	89.7	
89	89.7	
99.3	89.7	
89.2	89.7	
99.3	89.7	
99.3	89.7	
98.5	89.7	
98.7	89.7	
99.1	89.7	
98.9	99.6	
98.7	79.6	
99.1	89.3	
99.3	99.2	
99.3	69.5	
99.1	89.7	
99.3	89.1	
77.5	89.7	
99.1	69.5	
98.9	89.7	
99.3	89.3	
98.7	89.5	
99.3	89.7	
99.3	89.7	
99.3	89.5	
99.3	89.7	
99.3	79.6	
99.1	89.7	
99.3	89.7	
98.1	89.7	
99.3	89.7	
99.1	89.5	
99.1	89.7	
99.1	89.7	
99.3	89.7	
99.3	89.7	
99.3	89.7	
99.1	89.7	
99.1	89.7	
98.7	89.7	
99.1	89.7	
98.7	89.1	
99.3	89.7	
99.3	89.5	
98.9	99.6	
99.1	89.7	
99.1	79.6	
99.3	79.6	
98.9	89.7	
99.1	89.7	
98.5	89.7	
99.3	89.7	
99.3	89.7	
99.3	89.7	
99.3	79.2	
99.1	89.7	
99.3	79.6	
99.1	79.6	
99.3	59.2	
99.1	89.7	
99.3	89.7	
99.3	89.7	
99.1	89.7	
89.2	89.7	
98.7	79.6	
99.3	79.4	
98.7	89.7	
89	89.7	
98.3	89.7	
99.3	89.7	
98.9	49.3	
98.3	79.6	
99.1	89.7	
98.9	89.7	
98.9	89.7	
99.3	89.7	
98.7	89.7	
98.3	89.5	
99.3	89.7	
99.3	89.7	
98.9	89.5	
99.3	89.7	
99.1	89.5	
99.3	89.7	
99.3	89.1	
99.1	89.7	
99.1	89.7	
98.9	89.3	
99.1	89.5	
99.1	89.7	
99.1	89.1	
99.3	89.7	
99.1	89.7	
99.1	89.7	
98.5	89.7	
89.2	89.3	
98.7	89.7	
99.1	89.7	
98.7	89.7	
99.1	89.3	
99.3	89.7	
99.1	89.5	
98.7	89.5	
99.3	89.7	
98.9	89.7	
99.3	89.7	
98.9	79.6	
99.1	79.6	
99.3	89.5	
98.7	89.7	
98.1	89.3	
99.1	89.5	
98.7	79.2	
98.5	89.7	
99.3	89.5	
98.9	99.6	
98.9	89.7	
99.1	68.3	
99.1	79.6	
98.9	89.7	
98.7	89.5	
98.9	59.4	
98.3	89.7	
89.2	89.7	
78.3	89.5	
99.3	89.5	
97.9	89.7	
99.3	89.5	
98.9	89.7	
99.1	89.7	
99.1	89.5	
99.3	79.6	
99.3	89.7	
99.3	89.7	
99.1	89.7	
99.1	69.3	
99.1	69.3	
99.3	99.6	
98.9	89.7	
99.1	89.7	
98.9	89.5	
78.1	89.7	
99.1	89.7	
98.9	89.7	
99.3	89.5	
99.3	89.7	
99.1	89.5	
97.9	79.4	
89	89.7	
98.9	89.7	
99.3	89.7	
99.3	99.6	
98.9	89.5	
98.9	89.5	
99.3	79.6	
99.1	89.7	
99.3	89.5	
99.3	79.6	
98.7	89.7	
99.3	89.7	
99.1	79.6	
99.3	89.7	
99.1	89.5	
99.1	89.3	
99.1	89.7	
99.3	89.7	
99.1	99.6	
99.3	89.7	
99.1	79.6	
99.3	79.6	
99.3	89.7	
99.3	89.3	
99.3	89.7	
98.9	79.4	
99.3	89.1	
99.3	89.7	
99.1	89.7	
98.9	89.7	
99.3	79.4	
99.1	89.7	
99.3	99.2	
98.5	89.7	
99.3	79.6	
99.3	89.3	
98.5	89.5	
99.1	79.4	
99.1	89.5	
99.3	89.7	
99.1	89.7	
99.1	69.5	
99.3	89.7	
98.5	99.6	
98.7	99.6	
99.3	89.7	
98.9	79.6	
98.1	89.7	
99.3	99.4	
98.9	89.7	
99.3	89.7	
99.1	89.7	
99.1	89.7	
98.9	89.5	
98.9	89.5	
99.3	89.7	
99.3	79.4	
99.3	89.7	
99.1	79.6	
99.3	89.5	
99.3	89.7	
99.3	89.7	
99.1	89.5	
99.3	89.7	
98.3	89.7	
76.7	89.7	
98.9	69.5	
98.3	89.7	
99.1	79.6	
99.1	89.7	
99.3	89.7	
98.7	89.7	
99.1	89.5	
99.1	89.7	
99.3	79.6	
98.9	89.7	
99.1	79.6	
99.1	89.7	
99.3	89.7	
99.1	89.7	
99.3	89.7	
99.3	99.6	
79.1	89.7	
99.1	59.4	
99.1	49.1	
99.3	89.5	
99.3	89.7	
98.9	89.7	
98.7	89.7	
88	89.5	
98.7	89.7	
99.3	89.7	
99.1	89.7	
99.1	89.7	
99.1	99.4	
99.3	89.7	
98.7	89.7	
99.3	89.7	
99.1	79.6	
99.1	69.5	
98.7	89.1	
99.3	89.7	
99.3	89.7	
99.3	89.7	
98.9	79.4	
99.3	89.7	
99.3	69.5	
98.9	79.2	
