98.7	79.6	
98.3	99.6	
98.7	89.5	
98.5	99.6	
99.3	99.6	
99.3	89.7	
99.3	99.6	
98.5	99.6	
99.1	89.7	
99.1	99.4	
99.3	99.6	
98.9	89.5	
99.1	99.6	
99.3	99.6	
99.1	99	
99.1	99.4	
99.1	99.4	
99.3	89.5	
99.3	99.6	
99.1	99.4	
99.3	99.4	
98.5	99.6	
99.1	99.4	
99.3	99.6	
98.7	99.6	
99.1	99.6	
99.1	99	
98.9	89.5	
99.1	99.6	
99.1	89.5	
99.1	99.4	
98.7	89.1	
99.3	89.7	
98.3	99.4	
99.3	99.6	
99.1	99.2	
99.1	99.4	
99.3	89.7	
99.1	99.6	
98.5	99.6	
99.1	99.6	
99.3	99.6	
99.3	99.6	
99.1	99.4	
99.3	99.4	
99.3	99.6	
99.1	89.7	
98.9	89.7	
99.3	99.6	
99.1	99.6	
99.1	99.6	
99.3	89.3	
98.7	79.6	
99.3	89.7	
98.9	89.1	
99.1	99.6	
98.7	99.4	
99.3	99.6	
99.1	99.6	
99.3	99.6	
99.1	99.6	
99.1	99.6	
99.3	89.5	
98.9	99.6	
99.3	99.2	
99.1	89.7	
98.9	89.7	
98.7	99.4	
99.3	99.4	
99.3	99.6	
98.7	99.6	
99.1	89.7	
99.3	89.7	
99.3	99.6	
99.1	99.6	
99.1	99.4	
99.3	99.6	
99.3	99.4	
98.9	99.6	
99.1	99.4	
99.3	79.6	
98.7	99.2	
99.3	99.6	
99.1	89.5	
88.8	99.4	
99.3	99.4	
88.8	88.9	
98.7	99.6	
99.1	99.6	
99.3	99.4	
99.1	99.6	
98.9	89.7	
98.9	99.4	
98.5	99.6	
98.7	99.6	
99.1	99.6	
99.3	99.4	
98.7	99.2	
98.9	99.6	
98.9	99.4	
99.3	89.7	
98.9	89.1	
98.9	89.7	
99.3	99.6	
98.9	99.4	
99.1	99.4	
98.5	99.4	
98.9	89.5	
98.9	89.5	
98.9	99.6	
99.3	99.4	
99.3	89.7	
99.1	99.6	
99.1	99.6	
98.7	69.3	
99.1	99.6	
99.1	99.2	
98.9	99.2	
99.3	89.7	
99.3	89.7	
98.9	99.6	
99.1	99.2	
98.9	99.4	
99.1	99	
99.3	99.6	
98.9	89.7	
99.1	99.6	
99.1	99.2	
99.3	99.6	
99.3	99.6	
98.9	99.6	
99.3	99.6	
98.9	79.4	
99.1	99.6	
99.3	99.6	
99.1	99.6	
99.3	99.6	
99.1	99.6	
99.1	89.7	
98.9	99.4	
99.1	99.6	
99.3	99.6	
99.1	99.6	
99.1	99.6	
99.3	99.6	
99.3	99.6	
98.9	89.7	
98.7	89.5	
99.3	99.4	
99.3	99.4	
99.3	99.6	
99.1	99.6	
98.9	89.7	
99.3	99.6	
99.3	99.6	
99.3	99	
98.7	99.6	
98.7	99.6	
99.1	89.7	
99.3	99.6	
99.1	79.6	
99.3	99.6	
99.3	99.6	
98.9	99.6	
99.1	99.6	
98.7	79.6	
99.3	89.7	
99.3	69.3	
99.3	99.6	
98.9	99.4	
99.3	89.7	
98.7	89.7	
98.9	99.6	
98.9	99.6	
99.1	79.6	
99.3	99.6	
99.1	99.6	
99.1	99.6	
98.3	99.6	
99.1	99.6	
98.9	99.6	
99.1	89.5	
99.3	89.7	
98.9	99.6	
98.9	89.5	
98.3	99.6	
97.3	99.4	
99.3	89.7	
98.9	99.6	
98.9	99.2	
98.9	99.6	
99.3	99.6	
99.1	99.2	
99.3	99.4	
98.7	89.7	
98.3	99.6	
98.7	99.6	
99.3	99.6	
99.1	99.6	
99.1	99.6	
99.3	89.7	
99.1	99	
99.3	99.2	
98.5	99.6	
99.3	99.4	
98.3	99.6	
98.9	99.6	
98.9	99.2	
99.1	99.6	
99.1	99.4	
98.7	99.6	
99.1	99.4	
99.1	79.4	
99.3	99.6	
99.1	99.2	
99.3	99.4	
99.1	99.4	
99.3	99.4	
89.4	99	
98.7	89.5	
98.9	99.4	
99.1	89.7	
98.5	99.4	
99.3	89.7	
99.3	99.6	
98.9	99.6	
99.3	89.7	
98.9	99.6	
99.3	99.6	
99.3	89.7	
98.9	99.6	
99.3	99.4	
98.9	89.1	
99.3	99.6	
98.7	99.6	
99.1	89.5	
99.3	89.7	
99.3	99.2	
99.3	99.6	
98.7	79.6	
99.3	99.4	
99.3	99.4	
99.1	89.3	
99.3	79.6	
99.3	99.6	
98.7	89.7	
99.3	89.1	
99.3	99.6	
99.1	99.6	
99.1	99.2	
99.3	79.4	
99.1	89.5	
99.3	89.5	
99.3	89.5	
98.9	99.6	
98.9	99.4	
99.1	99.6	
98.9	89.7	
99.3	99	
99.3	99.4	
99.1	99.6	
99.3	89.7	
99.3	89.3	
99.1	99.6	
99.1	99.4	
99.1	99.6	
99.3	99.6	
98.9	99.4	
99.1	89.7	
99.1	99.6	
98.3	89.7	
99.3	99.6	
99.3	99.6	
99.1	99.6	
98.5	99.6	
98.9	99.4	
98.9	89.5	
99.3	99.6	
99.3	89.5	
98.9	89.7	
99.3	99.6	
98.7	99.6	
99.1	99.6	
99.1	99.6	
99.1	99.2	
99.1	99.6	
99.1	99	
98.7	89.7	
89	99.4	
99.1	89.5	
99.1	79.6	
98.5	89.5	
99.3	89.3	
99.1	79.6	
99.3	89.7	
98.9	89.5	
99.1	89.7	
99.3	99.6	
99.3	99.4	
99.3	99.4	
99.3	99.6	
99.3	99.4	
99.1	89.5	
98.7	99.6	
99.1	99.6	
99.3	89.7	
99.1	89.3	
98.7	89.7	
99.1	99.6	
99.3	89.7	
98.7	99.2	
99.1	89.7	
99.3	99.6	
98.7	99.6	
98.9	89.7	
99.3	99.4	
99.1	89.5	
99.3	79.6	
99.3	99.6	
98.9	89.7	
99.3	99.6	
99.3	99.6	
98.9	89.7	
98.9	89.7	
99.1	89.7	
98.9	99.6	
98.7	99	
99.1	89.7	
99.1	99.6	
99.1	89.7	
99.1	99.4	
99.1	89.5	
99.1	99.6	
98.9	89.7	
98.9	89.7	
99.1	89.3	
98.9	89.7	
99.1	99.6	
99.3	99.4	
99.3	99.6	
98.7	99.6	
99.3	99.4	
99.3	99.6	
99.1	89.7	
99.3	99.4	
99.3	99.6	
99.1	89.5	
99.1	89.7	
99.3	99.6	
89	99.6	
99.3	99.6	
98.9	89.7	
98.1	99.6	
99.3	99.2	
99.1	89.5	
99.1	99.6	
98.5	99.4	
99.1	89.3	
99.3	99.4	
98.9	99.6	
99.1	99.6	
98.7	89.7	
99.3	99.6	
99.3	89.5	
98.9	89.7	
98.7	99.4	
98.7	99.6	
98.9	99.2	
99.1	89.5	
98.7	99.6	
99.1	89.3	
99.1	99.4	
99.1	89.5	
99.1	99.6	
99.3	99.6	
99.1	99.6	
99.3	89.7	
99.3	99.6	
98.9	99.6	
99.3	99.6	
98.5	99.4	
98.7	89.7	
99.3	89.7	
99.1	99.6	
99.3	99.6	
99.1	99.6	
99.3	89.5	
98.9	99.6	
99.1	99.6	
99.3	99.6	
99.3	89.3	
98.9	89.7	
99.1	99.6	
98.5	99.4	
99.1	59.4	
99.1	89.7	
99.3	89.5	
99.1	89.5	
99.1	99	
98.5	99.6	
99.3	99.6	
99.1	89.7	
99.1	89.7	
99.1	99.6	
98.3	89.5	
98.7	99.6	
99.3	88.7	
99.3	89.7	
99.1	99	
99.1	89.7	
99.3	99.4	
99.1	99.6	
98.9	99.6	
99.3	99.4	
98.9	99.4	
99.3	89.5	
98.9	99.6	
98.7	99.6	
99.1	89.5	
98.5	99.4	
99.1	99.6	
99.1	99.6	
98.5	99.4	
98.9	89.7	
98.7	89.7	
99.1	79.4	
98.9	99.6	
99.1	99.4	
99.3	99.4	
99.3	99.6	
99.3	99.6	
98.9	99.4	
99.1	99.4	
99.3	89.1	
99.1	89.7	
98.7	89.5	
98.9	99.4	
98.9	99.6	
98.9	99.6	
99.3	99.6	
98.5	99	
99.3	89.7	
98.9	99.6	
98.7	99.4	
99.3	99.6	
99.3	79.6	
99.1	99.6	
98.7	79.6	
99.1	89.3	
98.5	99.6	
99.3	99.6	
99.3	89.7	
99.1	99.6	
98.7	99.6	
98.9	89.7	
99.3	89.7	
99.3	99.4	
99.1	99.4	
99.3	89.7	
98.7	99.6	
99.3	99.6	
98.5	99.4	
99.3	99.6	
98.9	99.4	
98.7	99.6	
98.9	99.6	
99.3	99.6	
99.1	79.4	
99.3	99.6	
98.7	99	
99.3	99.6	
99.3	89.5	
99.1	89.5	
99.1	99.6	
98.7	89.5	
99.3	99.6	
99.1	89.7	
99.1	89.7	
99.3	99.6	
99.3	99.6	
98.9	99.6	
98.7	99.2	
99.3	99.6	
99.1	99	
98.7	99.6	
99.3	89.1	
98.9	99.6	
98.7	99.4	
98.7	89.7	
99.3	89.7	
99.1	99.2	
98.9	99.4	
99.3	99.4	
98.9	89.7	
98.9	99.6	
99.3	89.3	
99.3	99.6	
98.3	99.4	
99.1	99.6	
98.9	99.6	
99.3	99.6	
99.1	89.7	
99.3	99.4	
99.1	99.6	
99.1	99.2	
99.3	89.7	
99.3	99.4	
99.3	99.6	
98.5	99.6	
99.1	99.6	
99.1	99.6	
99.1	99.6	
98.9	89.5	
99.1	89.7	
98.9	99.6	
98.9	99.4	
98.5	99.6	
99.3	99.6	
98.7	99.6	
99.3	89.5	
99.1	89.5	
99.3	99.6	
99.1	99.4	
99.1	89.7	
99.3	99.2	
99.3	99.6	
98.7	99.6	
98.9	99.6	
99.3	99.2	
99.3	99.6	
98.7	89.7	
98.5	99.6	
98.9	99.6	
98.9	99.2	
99.3	99.6	
99.1	99.6	
99.1	89.7	
98.7	99.4	
99.1	98.6	
98.9	79.6	
98.9	89.7	
99.3	79.4	
99.1	99.6	
99.1	99.4	
99.3	88.9	
99.3	99.6	
99.1	99.4	
88.8	99.6	
98.7	89.7	
98.7	99.4	
99.3	89.7	
98.9	99.4	
99.1	99.4	
99.1	99.6	
99.1	79.6	
99.3	89.7	
98.9	99.6	
99.3	89.7	
99.1	99.6	
99.3	99.2	
98.7	99.4	
98.9	99.4	
99.1	99.6	
98.7	99.6	
99.3	89.7	
99.3	89.1	
99.3	89.7	
99.3	99.6	
98.9	99.4	
98.7	99.6	
99.3	99.6	
98.9	99.6	
98.9	99.6	
99.1	99.4	
98.9	99.6	
99.1	99.6	
99.3	99.6	
98.7	99.6	
98.1	99.4	
99.1	99.4	
99.3	99.2	
99.3	99.4	
99.1	99.6	
99.1	89.3	
99.1	98.8	
99.1	89.7	
99.1	99.6	
99.3	89.5	
99.3	99.4	
98.9	79.4	
99.1	79.6	
99.1	89.7	
99.1	99.4	
98.5	99.6	
99.1	79.6	
98.7	99.6	
99.3	89.7	
99.3	99.6	
99.1	89.7	
99.1	89.5	
98.1	99.6	
98.9	89.7	
98.9	99.6	
99.1	99.6	
99.1	99.6	
99.1	99.6	
99.3	99.6	
99.3	89.7	
98.9	99.6	
98.9	99	
99.3	99.6	
99.3	89.5	
99.3	89.7	
99.1	99.6	
99.1	99.4	
98.7	89.3	
98.3	99.6	
99.1	99.6	
99.3	99.6	
99.1	99.6	
99.1	99.4	
99.1	99	
98.7	99.6	
99.3	99.4	
99.1	99.4	
99.1	99.4	
98.7	99.4	
98.9	99.6	
99.3	99.6	
98.9	99.6	
89.2	99.6	
99.3	99.6	
98.9	99.4	
98.7	99.2	
99.3	99.4	
99.1	99.4	
99.3	99.6	
99.3	99.2	
98.5	99.4	
99.1	99.4	
96.5	99.4	
98.7	99.6	
98.9	89.7	
98.3	99.6	
99.1	99.2	
99.3	99.6	
99.3	99.6	
99.3	89.5	
99.3	99.6	
99.3	89.7	
99.1	99.6	
98.7	89.1	
99.3	99.6	
98.5	99.6	
98.5	89.3	
99.3	99.2	
98.9	89.7	
99.3	89.1	
99.3	99.6	
99.1	99.6	
98.5	99.6	
97.9	99.6	
98.9	89.7	
99.1	99.6	
98.5	99.6	
99.1	89.7	
99.1	99.6	
98.9	89.5	
99.3	99.6	
99.3	89.5	
99.3	99.4	
99.1	99.6	
98.7	99.6	
99.1	99.6	
99.3	99.4	
99.3	99.4	
98.5	99.4	
99.3	99.6	
98.1	99.2	
99.1	89.5	
99.3	89.1	
99.1	89.7	
98.7	89.5	
98.9	89.7	
98.5	99.6	
99.1	99.4	
98.5	98.6	
98.9	99.4	
98.9	99.6	
98.7	99.4	
99.1	79.2	
99.3	99.6	
99.1	99.6	
99.1	99.4	
99.1	89.3	
99.3	99.6	
99.3	99.4	
99.1	79.6	
99.1	99.4	
98.9	89.5	
99.3	99.6	
99.1	99.6	
98.7	99.6	
99.3	99	
99.1	99.4	
99.1	99.6	
99.3	99.6	
99.3	89.5	
99.3	89.5	
99.1	99.6	
99.3	99.6	
99.1	99.6	
99.1	99.6	
99.1	99.2	
99.1	79.6	
99.1	99.4	
98.7	89.7	
98.9	99.6	
98.9	99.6	
99.3	99.6	
99.3	79.6	
99.3	89.5	
98.5	99.2	
99.3	99.6	
99.3	99.4	
98.1	99.6	
99.3	99.6	
99.3	99.6	
99.3	99.6	
98.7	89.7	
98.9	99.6	
98.3	99.6	
99.3	79.6	
99.1	99.6	
98.9	99.6	
99.1	89.5	
99.1	89.7	
99.1	89.7	
99.3	99.6	
99.3	99	
99.1	89.7	
98.9	99.2	
98.9	89.7	
98.9	79.4	
99.1	89.1	
98.9	99.6	
98.7	89.7	
99.3	99.6	
99.3	89.5	
99.3	99.6	
99.3	99	
98.9	99.6	
98.9	79.6	
98.9	99.2	
98.9	99.6	
99.3	99.4	
99.1	89.7	
98.9	99.4	
99.3	99.6	
99.1	99.6	
99.1	89.5	
99.1	99.6	
98.9	79.6	
99.1	99.6	
99.3	89.7	
99.1	89.7	
98.7	99.6	
99.3	89.5	
98.9	89.7	
99.1	99.6	
99.3	89.7	
99.1	99.6	
99.3	99.4	
98.7	99.4	
98.7	89.7	
99.3	79.4	
99.3	89.7	
99.3	99.4	
99.3	99.4	
99.3	99.6	
99.1	89.7	
99.3	99.4	
99.1	89.7	
99.3	99.6	
99.3	99.6	
98.9	89.5	
99.3	99.6	
99.1	99.6	
99.3	89.7	
99.3	89.5	
98.9	89.7	
99.1	99.6	
99.1	99.4	
99.3	99.6	
98.5	89.7	
99.3	99.6	
98.9	89.7	
99.3	99.6	
98.1	99.6	
99.1	89.7	
99.1	99.6	
99.3	99	
99.3	89.1	
99.3	59.4	
99.1	89.5	
98.3	89.7	
99.1	99.6	
98.7	99.6	
99.3	89.5	
99.3	99.6	
99.3	99.6	
99.3	99.6	
98.9	99.6	
99.1	89.7	
98.9	89.7	
89.4	99.6	
99.1	99.6	
99.1	99.2	
99.3	89.3	
99.1	89.7	
99.3	89.5	
98.3	89.7	
98.9	99.6	
98.9	89.7	
99.1	89.7	
98.7	99.6	
99.1	99.6	
99.3	69.5	
99.3	99.2	
99.3	99.6	
98.7	99.6	
99.3	99.6	
99.1	89.7	
99.3	89.7	
98.9	99.6	
98.9	99.6	
99.1	99.6	
99.3	89.1	
98.5	99.6	
98.9	99.4	
98.7	99.6	
98.9	99.6	
99.1	99.6	
99.3	99.6	
99.1	99.6	
99.1	88.9	
89.4	99.6	
99.3	99.6	
99.3	99.6	
99.1	69.1	
98.9	99.4	
99.1	99.6	
98.5	99.2	
99.1	99.4	
99.3	99.6	
99.1	99.4	
99.1	99.6	
98.7	99.6	
98.7	99.6	
99.3	99.6	
98.9	79.6	
99.1	99.6	
99.1	79.4	
99.3	89.7	
99.3	99.6	
99.1	99.6	
89.4	99.6	
79.5	89.7	
99.1	79.4	
99.1	99.4	
99.1	99.6	
99.1	99.6	
98.9	99.4	
98.9	99.6	
99.1	99.2	
98.9	99.4	
98.9	99.6	
98.9	99.4	
99.3	89.3	
99.3	99.6	
98.3	99.4	
98.7	99.6	
99.1	99.6	
99.3	99.6	
99.3	99.6	
98.9	99.6	
99.1	99.4	
99.1	99.6	
99.1	89.7	
99.3	99.6	
99.3	99.6	
98.7	99.6	
99.3	99.6	
99.1	99.6	
99.3	89.3	
99.1	99.6	
99.1	99.2	
99.1	79.2	
99.3	79.4	
98.9	99.6	
99.3	99.6	
98.9	89.5	
99.1	99.4	
99.3	89.7	
99.3	99.6	
99.3	89.1	
98.9	99.6	
99.1	89.5	
99.1	89.3	
98.9	89.7	
98.9	89.5	
99.1	99	
98.9	99.6	
98.7	99.6	
99.3	99.4	
98.9	99.4	
98.9	99.2	
99.3	89.7	
98.9	99.6	
99.1	89.7	
99.3	99.6	
99.1	99.6	
99.1	99.6	
98.9	99.6	
98.9	99.6	
98.3	79.6	
99.1	79.4	
98.1	89.7	
98.9	99.6	
99.3	99.6	
99.1	89.7	
99.1	99.4	
98.9	89.5	
98.7	99.4	
99.3	99.6	
99.3	99.6	
97.9	99.6	
99.3	99.6	
99.3	89.5	
99.3	99.6	
98.9	99.6	
98.7	99.4	
98.5	89.3	
98.7	89.7	
98.9	89.5	
99.1	89.5	
98.9	99.6	
99.1	99.6	
99.1	99.6	
98.3	99.6	
99.1	99.6	
99.1	99.2	
99.1	89.5	
99.1	99.6	
99.1	89.5	
99.3	99.6	
99.1	89.5	
99.3	89.5	
99.1	99.6	
99.3	99.2	
99.3	99.6	
98.9	99.4	
99.1	89.5	
99.1	99.2	
99.3	99.4	
99.3	89.7	
98.9	99.4	
99.1	89.7	
98.9	99.6	
99.3	99.4	
99.3	99	
98.5	89.7	
98.7	89.7	
99.3	99.6	
99.1	99.6	
99.3	99.6	
99.1	99.6	
98.7	99.6	
98.9	99.2	
98.9	89.7	
99.3	99.6	
99.3	99.6	
98.9	99.6	
99.3	89.7	
98.7	99.6	
99.3	99.6	
98.9	89.7	
99.3	99.2	
99.1	99.4	
99.3	99.6	
98.9	89.3	
99.1	89.7	
98.7	99.6	
99.3	89.7	
99.3	99	
99.1	99.6	
99.1	99.6	
98.7	89.7	
99.1	99.6	
98.9	89.5	
