98.7	99.2	
99.3	89.7	
98.9	89.5	
99.1	89.5	
98.9	89.5	
98.7	89.7	
99.1	89.7	
99.3	89.5	
99.3	99.6	
99.3	89.7	
99.1	89.7	
99.1	79.6	
98.9	89.7	
99.3	89.7	
99.3	99.4	
98.7	89.7	
99.3	89.7	
99.1	49.3	
99.3	89.7	
98.9	59.2	
99.3	89.7	
99.1	89.7	
99.3	89.7	
99.1	79.6	
99.3	89.5	
99.3	89.5	
98.5	89.5	
98.9	89.7	
99.1	89.7	
98.9	89.7	
99.3	89.7	
98.5	89.7	
99.3	89.7	
98.5	89.7	
99.3	89.7	
99.3	89.7	
99.3	89.7	
98.9	89.7	
99.3	79.2	
98.9	69.1	
99.3	68.9	
99.3	89.7	
99.3	89.7	
99.1	89.3	
99.3	89.7	
98.9	89.7	
98.9	89.7	
99.3	89.7	
99.1	79.6	
99.3	89.7	
99.3	89.7	
99.3	89.5	
99.3	89.7	
99.3	89.7	
99.1	99.4	
99.3	89.7	
99.3	69.5	
99.3	79.6	
99.3	89.7	
99.3	89.7	
99.1	89.3	
98.9	89.7	
99.1	89.7	
99.1	89.7	
99.3	89.7	
99.3	89.7	
98.9	89.7	
99.1	89.5	
99.3	79	
99.1	89.5	
99.3	89.5	
99.3	89.7	
98.5	89.7	
99.3	89.7	
98.9	89.7	
99.3	89.7	
99.1	89.7	
98.9	89.7	
98.7	89.7	
99.1	89.1	
99.1	89.7	
99.3	99.4	
99.3	89.7	
99.1	89.5	
99.3	79.6	
98.9	79.4	
99.1	79.6	
99.3	79.2	
99.1	79.6	
99.1	89.7	
98.9	89.7	
98.5	89.5	
99.3	89.7	
98.9	89.5	
99.3	89.5	
98.9	89.7	
99.1	89.7	
99.3	79.2	
99.3	79.6	
99.1	89.7	
98.9	79.6	
99.3	89.7	
99.3	89.1	
99.1	89.7	
98.9	89.5	
99.3	89.7	
99.3	89.7	
99.3	89.5	
99.1	89.7	
99.1	89.7	
99.1	89.7	
98.3	89.7	
99.1	89.7	
99.3	89.7	
98.7	89.1	
99.3	79.6	
99.3	89.7	
99.3	89.7	
99.3	89.5	
99.1	89.5	
99.3	79.6	
99.3	79.4	
99.3	79.6	
98.9	89.7	
99.1	89.7	
99.1	89.7	
99.3	89.7	
99.1	89.7	
99.3	99.4	
98.7	89.7	
99.1	89.5	
99.1	89.7	
99.1	89.7	
98.9	89.7	
98.9	89.7	
99.3	89.7	
98.9	89.7	
99.1	89.7	
99.1	89.5	
99.1	89.7	
99.1	79.2	
99.3	69.5	
99.3	89.7	
99.1	89.7	
99.3	79.6	
99.1	79.6	
98.9	89.7	
99.1	89.5	
99.3	89.7	
99.3	89.7	
99.3	79.6	
99.1	98.4	
98.9	89.7	
99.3	89.7	
99.3	89.5	
98.5	89.7	
99.1	89.7	
99.1	89.7	
99.3	89.5	
98.9	89.7	
99.1	88.9	
99.3	79.6	
99.1	89.5	
99.1	89.7	
98.7	89.7	
99.3	89.7	
99.1	89.7	
99.1	79.2	
99.1	79.6	
99.1	99.4	
99.1	89.7	
98.9	89.5	
98.9	89.7	
99.1	89.7	
99.1	79.4	
99.3	79.6	
99.1	89.7	
99.3	89.7	
99.1	89.7	
99.3	89.7	
99.1	89.7	
98.5	89.7	
99.1	89.5	
98.9	89.7	
99.1	89.7	
98.9	89.7	
99.3	89.7	
99.1	89.7	
99.3	89.7	
99.1	99.4	
99.3	69.3	
99.1	89.7	
99.3	89.7	
99.3	89.7	
99.1	89.7	
98.7	89.7	
99.1	89.7	
99.3	99.2	
99.3	89.7	
99.3	79.4	
98.9	89.7	
98.9	89.5	
98.5	89.5	
98.9	89.5	
99.3	89.5	
99.3	89.7	
99.3	89.7	
99.3	89.7	
98.7	89.7	
99.3	89.7	
99.1	89.7	
99.3	89.7	
99.1	89.7	
99.1	79.6	
99.1	89.7	
99.3	79.6	
99.3	89.5	
99.1	69.3	
98.7	89.7	
98.9	89.7	
99.3	89.7	
99.1	89.7	
99.1	89.7	
99.3	89.7	
99.3	99.4	
99.3	89.7	
98.9	89.7	
98.9	89.7	
99.1	89.7	
99.1	89.7	
99.1	89.7	
98.5	79.4	
99.1	89.7	
99.3	99.6	
99.3	89.3	
99.1	88.9	
99.1	89.5	
99.3	89.7	
99.1	68.9	
99.3	89.7	
99.1	79.6	
98.9	89.7	
99.1	89.7	
99.3	89.7	
98.9	99.4	
99.1	89.7	
99.3	79.6	
98.5	89.7	
99.3	89.5	
99.3	89.7	
98.7	89.7	
99.3	79.4	
99.1	89.7	
99.3	89.7	
99.1	89.7	
98.7	89.7	
99.3	89.7	
99.3	89.3	
99.1	89.3	
99.3	89.7	
99.3	79.6	
99.1	89.7	
99.3	89.7	
99.1	59.4	
98.3	99.2	
99.3	99	
99.3	79.6	
98.7	99.4	
98.9	89.7	
99.1	89.7	
98.9	89.5	
99.1	79.4	
99.3	79.6	
99.1	89.7	
99.3	89.7	
99.3	89.7	
99.1	79.6	
99.3	89.7	
99.1	89.7	
99.1	79.6	
98.9	89.1	
99.3	89.7	
99.1	89.7	
99.3	89.7	
99.1	89.7	
99.3	89.7	
99.1	89.5	
99.1	96.4	
99.1	89.7	
99.1	89.7	
99.3	79.6	
99.1	89.7	
98.9	89.5	
98.9	79.6	
99.3	89.7	
99.1	89.7	
98.9	89.5	
99.1	89.7	
99.3	89.7	
99.3	89.3	
99.3	89.7	
99.3	89.3	
99.3	89.7	
99.3	79.6	
99.1	89.7	
98.9	89.5	
99.3	89.7	
99.1	89.7	
98.7	89.7	
99.3	89.7	
99.3	89.7	
99.1	89.7	
99.3	89.7	
98.9	89.3	
99.3	89.7	
98.9	79.6	
98.7	89.5	
98.9	89.7	
99.3	89.7	
99.3	89.7	
98.7	89.7	
99.3	89.7	
99.1	59	
99.1	89.7	
98.7	79.6	
98.9	88.3	
99.1	79.6	
99.1	99.4	
99.3	89.7	
99.3	89.5	
99.3	89.7	
98.9	79.6	
98.9	89.7	
99.1	89.7	
99.3	79.6	
99.1	89.5	
99.1	89.7	
98.3	89.3	
99.3	89.7	
99.1	99	
99.1	89.3	
99.3	79.4	
99.3	89.5	
98.9	79.6	
98.7	89.5	
98.7	89.7	
99.3	89.7	
99.3	89.7	
99.1	79.6	
98.9	79.6	
99.3	89.7	
99.1	79.6	
98.9	99.4	
99.3	79.6	
99.1	89.5	
99.1	89.5	
99.1	79.6	
99.3	89.7	
99.3	89.7	
99.3	89.7	
98.9	89.7	
99.1	99.4	
99.3	89.5	
99.1	89.5	
99.3	89.7	
99.3	89.5	
98.5	89.7	
99.3	79.6	
98.9	79.4	
98.7	89.7	
99.1	79.6	
99.1	79.6	
99.1	89.7	
99.3	89.7	
98.5	89.3	
99.1	69.5	
98.9	89.7	
99.3	89.7	
99.1	89.7	
99.1	89.7	
99.1	89.7	
99.1	79.6	
99.3	79.6	
99.1	89.7	
99.1	89.7	
99.1	89.7	
99.3	89.3	
99.3	89.7	
99.1	89.1	
99.1	89.7	
99.3	99.2	
99.1	89.5	
99.1	79.6	
99.1	89.5	
99.3	89.3	
99.3	89.7	
99.3	79.6	
99.3	79.6	
98.9	89.7	
99.3	59.4	
98.9	89.3	
99.3	89.7	
98.7	89.7	
98.9	89.7	
99.1	89.5	
98.5	89.7	
99.3	79.6	
99.3	89.7	
98.9	89.7	
99.3	89.7	
99.3	89.7	
99.3	89.7	
99.3	89.7	
99.3	89.7	
99.3	89.7	
99.3	89.7	
99.1	89.7	
99.3	89.7	
99.3	89.5	
99.1	89.7	
99.1	89.7	
99.1	89.7	
98.9	89.7	
99.1	89.5	
99.1	79.6	
99.3	89.7	
99.1	89.5	
99.3	89.5	
99.3	89.7	
99.3	89.5	
98.3	89.5	
99.3	89.7	
99.3	89.5	
99.3	89.7	
99.1	89.7	
99.3	99.6	
99.1	79.6	
99.3	79.6	
98.7	89.7	
98.7	89.7	
99.3	89.7	
99.3	79.6	
99.3	89.7	
99.3	89.5	
98.7	89.7	
99.1	89.7	
98.1	89.3	
99.1	89.7	
99.1	89.7	
98.9	89.7	
98.9	89.7	
98.9	89.7	
98.9	99.4	
99.3	89.7	
99.3	89.7	
98.5	89.5	
99.3	89.7	
98.9	89.5	
99.1	89.7	
99.3	99.2	
98.9	79.6	
99.1	89.7	
99.3	99.4	
99.3	89.7	
98.5	89.7	
99.3	89.7	
98.5	89.5	
99.1	79.6	
99.1	99.4	
98.7	89.7	
98.9	89.7	
99.1	89.7	
98.9	89.5	
79.1	89.3	
98.5	89.7	
99.3	89.5	
98.9	89.7	
99.3	89.7	
99.3	89.3	
99.1	89.1	
99.3	69.5	
99.3	89.7	
99.3	89.7	
99.1	89.7	
99.1	89.7	
99.1	89.7	
99.3	79.6	
99.3	89.7	
99.3	89.7	
99.1	89.7	
99.3	79.6	
99.3	79.6	
99.3	89.7	
99.3	89.7	
99.3	79	
99.3	89.7	
99.3	89.7	
99.3	89.3	
99.1	89.7	
99.3	89.7	
99.1	59.2	
99.3	89.3	
99.1	89.7	
99.1	89.7	
99.1	89.1	
99.3	89.7	
99.1	79.6	
99.3	89.3	
99.1	89.7	
99.3	89.7	
99.1	89.7	
98.9	89.7	
99.1	88.9	
99.1	89.7	
99.3	89.7	
99.3	89.7	
99.3	99.2	
99.3	79.6	
99.3	89.5	
98.3	89.7	
99.3	89.3	
98.9	79.6	
98.7	99.4	
99.3	89.7	
99.1	89.7	
89	89.7	
99.3	89.7	
99.3	89.1	
99.3	89.7	
99.3	79.6	
98.9	89.3	
98.9	89.7	
99.1	89.7	
99.3	89.7	
98.5	89.7	
99.1	89.7	
99.3	99.4	
99.1	79.6	
99.3	79.4	
98.7	89.7	
98.9	89.7	
98.9	89.7	
99.3	89.7	
99.3	89.7	
99.1	89.7	
98.9	89.7	
99.1	89.7	
99.1	89.3	
98.9	89.5	
99.3	89.7	
99.3	89.7	
98.5	89.7	
98.9	89.7	
99.3	89.7	
99.1	89.7	
99.3	89.7	
99.3	89.7	
99.3	89.5	
89	99.4	
99.3	89.7	
98.9	79.6	
99.3	89.7	
99.3	89.7	
99.3	69.5	
99.1	79.4	
98.9	89.7	
98.9	89.7	
99.1	89.7	
99.3	89.7	
99.3	69.5	
99.3	89.7	
99.3	89.7	
98.9	89.7	
99.3	89.7	
98.7	88.9	
99.3	89.7	
99.1	89.7	
99.1	79.6	
99.3	89.7	
99.3	89.7	
99.3	89.7	
99.3	89.7	
99.3	89.7	
99.3	89.7	
99.3	89.7	
99.3	89.7	
99.3	89.7	
98.9	89.7	
98.7	89.7	
99.3	89.3	
99.1	89.5	
98.3	89.7	
99.1	89.7	
99.1	89.3	
99.3	89.5	
99.3	89.7	
99.3	89.7	
99.1	79.6	
99.3	89.5	
99.1	89.7	
99.3	89.7	
98.3	79.6	
99.3	89.7	
99.3	89.5	
99.3	89.7	
99.3	89.7	
99.1	89.7	
99.3	89.7	
99.1	89.7	
98.9	79.6	
99.3	89.7	
99.3	89.7	
99.3	89.7	
98.9	89.7	
99.3	69.5	
99.1	89.5	
98.9	89.7	
99.1	89.7	
98.9	89.7	
99.3	89.7	
99.3	69.5	
99.1	89.7	
99.3	89.7	
98.9	89.5	
98.9	89.7	
99.1	89.7	
99.3	89.7	
99.3	89.7	
99.3	89.7	
98.7	79.6	
99.1	99.2	
99.3	89.5	
99.3	79.6	
99.3	89.7	
99.3	99.4	
99.1	99.4	
99.3	79.2	
99.3	99.4	
99.3	89.5	
99.3	89.7	
99.3	89.7	
99.3	89.7	
99.3	89.7	
99.3	89.7	
99.1	89.7	
99.1	89.5	
99.3	89.1	
99.1	89.7	
99.3	89.7	
99.1	79.6	
98.9	89.7	
99.3	89.7	
88	99.2	
99.3	89.5	
99.1	99.4	
98.9	99.6	
99.3	89.7	
99.3	89.7	
99.3	89.7	
98.9	79.4	
99.3	79	
98.9	79.2	
99.3	89.7	
99.3	89.7	
99.1	89.7	
99.1	89.7	
99.1	89.7	
99.3	89.7	
99.1	89.7	
99.3	89.5	
99.1	99.2	
99.3	89.7	
99.1	89.7	
98.9	89.5	
98.7	89.3	
98.7	79.4	
99.3	79.6	
99.3	89.7	
99.3	89.7	
99.3	89.7	
99.3	89.7	
99.1	89.7	
98.7	89.7	
99.3	79.6	
99.1	89.7	
99.3	89.7	
99.1	89.7	
99.1	79.4	
99.3	89.7	
99.3	89.7	
99.3	89.3	
99.3	89.7	
99.3	89.7	
99.3	99.4	
99.1	89.7	
98.9	89.5	
99.3	89.7	
99.3	99.4	
98.5	89.7	
99.1	89.7	
98.7	89.5	
98.9	89.7	
98.9	89.7	
99.1	89.7	
99.3	89.7	
99.3	89.7	
99.1	89.7	
99.3	89.7	
98.5	89.5	
98.9	89.3	
99.1	89.7	
99.3	69.5	
89	89.3	
98.9	89.7	
99.1	89.7	
99.3	89.7	
99.1	89.3	
99.3	89.7	
99.1	89.7	
98.7	89.5	
99.3	79.6	
98.9	89.7	
98.9	89.7	
99.3	89.5	
99.1	79.6	
99.3	99.4	
99.3	89.3	
99.3	79.6	
99.1	89.7	
98.3	89.7	
98.9	79.4	
99.3	89.7	
99.1	89.5	
99.1	99.4	
99.3	89.5	
99.3	89.3	
98.9	99.4	
99.1	89.7	
98.9	89.1	
99.1	89.7	
99.1	89.7	
98.9	79.4	
99.1	89.7	
99.1	89.7	
88.6	89.7	
98.1	89.5	
99.3	79.6	
99.3	89.7	
98.9	89.7	
98.5	89.7	
99.3	89.5	
99.1	89.7	
99.3	99.2	
99.3	79.6	
99.3	89.7	
99.3	89.7	
98.3	89.7	
99.1	89.7	
98.7	89.7	
99.3	89.7	
98.9	99.4	
99.3	89.7	
99.3	89.7	
98.5	89.7	
98.7	89.7	
99.3	89.7	
99.1	89.5	
99.3	89.7	
99.1	79.4	
99.3	89.3	
99.3	89.7	
99.1	89.7	
99.3	89.7	
98.9	89.5	
99.1	89.7	
99.3	79.6	
99.3	99.4	
99.1	89.1	
98.7	89.5	
99.1	89.7	
99.1	89.7	
99.1	69.5	
99.3	89.1	
98.9	79.4	
99.3	89.7	
99.1	89.3	
99.3	89.7	
99.3	79.4	
99.1	89.7	
98.9	69.5	
99.1	89.7	
99.3	89.7	
99.1	89.7	
99.3	89.7	
99.3	79.2	
99.3	89.7	
99.3	79.4	
99.1	99.2	
99.3	89.5	
99.3	89.7	
99.3	89.7	
98.9	89.7	
99.1	89.7	
98.9	98.8	
99.1	89.7	
99.3	79.6	
99.3	89.3	
99.3	89.7	
99.3	89.7	
99.1	79.6	
99.1	89.7	
99.3	89.3	
99.3	89.7	
99.1	89.7	
99.1	89.5	
98.7	89.7	
98.9	89.7	
99.3	89.7	
99.1	89.7	
99.1	89.7	
99.3	89.7	
99.1	89.7	
99.3	89.7	
99.3	89.7	
99.3	79.6	
99.1	89.5	
99.3	99.2	
98.9	89.5	
98.7	69.3	
99.3	89.7	
99.3	89.7	
99.3	89.7	
99.1	89.7	
99.3	89.7	
99.3	89.7	
99.1	79.6	
99.1	89.1	
99.3	89.7	
99.1	89.7	
99.3	89.7	
99.1	89.7	
99.1	89.5	
99.1	89.5	
99.3	89.7	
99.3	79.4	
99.1	79.6	
99.1	89.7	
99.1	89.7	
99.3	89.7	
99.3	89.7	
98.7	89.1	
99.1	89.7	
99.3	89.7	
98.3	89.7	
99.3	89.7	
98.9	89.7	
99.3	89.5	
99.1	89.7	
99.1	89.7	
99.3	89.7	
99.3	89.7	
98.7	89.7	
98.9	89.3	
99.3	89.5	
99.3	89.7	
99.3	79.6	
99.3	89.1	
99.3	88.9	
99.1	89.5	
98.9	89.7	
98.7	99.4	
99.3	89.7	
99.3	69.5	
99.1	89.3	
99.3	89.7	
99.1	89.7	
99.1	89.7	
99.3	89.7	
99.3	89.5	
98.7	89.7	
99.3	89.7	
99.3	89.5	
98.9	89.7	
98.7	79.6	
99.1	79.6	
99.1	89.7	
98.5	69.3	
98.9	89.5	
99.1	89.7	
99.1	89.7	
98.9	89.3	
99.1	89.7	
98.9	89.7	
99.3	59.4	
98.7	89.5	
99.3	89.7	
99.1	89.7	
99.3	79.6	
99.1	89.7	
98.9	89.5	
99.1	79.4	
98.7	89.7	
99.3	89.7	
98.5	89.7	
99.1	89.7	
98.9	89.5	
99.1	79.4	
99.3	99.4	
99.1	89.7	
99.3	89.7	
99.1	89.7	
99.3	89.5	
98.9	89.7	
99.1	89.7	
99.3	89.3	
99.3	99.2	
99.3	89.7	
98.9	99.2	
99.3	79.6	
99.3	79	
99.1	89.7	
99.3	89.5	
99.1	89.7	
99.3	89.7	
99.3	89.7	
98.9	89.7	
99.1	89.7	
99.3	89.7	
99.1	79.6	
99.3	79.6	
99.3	89.7	
98.9	89.7	
99.1	89.7	
99.3	79.6	
99.1	89.7	
99.1	89.7	
98.9	89.7	
99.3	89.3	
99.3	99.4	
99.3	89.5	
99.3	89.5	
99.1	89.7	
99.1	89.7	
99.3	89.7	
98.9	79.6	
99.1	79.4	
98.9	89.7	
99.3	89.7	
99.1	89.7	
99.1	89.5	
99.3	89.5	
99.1	89.5	
98.7	89.7	
99.3	79.2	
98.5	89.7	
99.1	89.5	
99.1	89.7	
99.3	79.6	
98.9	89.7	
98.5	89.7	
99.3	89.7	
99.1	89.7	
99.1	89.7	
99.3	89.7	
99.1	79.6	
98.9	89.5	
99.1	89.7	
98.9	89.7	
99.3	89.7	
99.3	89.7	
99.1	79.6	
99.1	99.4	
98.9	89.7	
99.3	89.7	
99.1	89.7	
98.9	89.7	
99.3	89.7	
99.3	89.7	
99.3	99.2	
99.1	79.6	
99.3	89.7	
99.3	89.7	
99.3	89.5	
99.3	79.6	
99.1	89.1	
99.3	89.7	
98.9	89.7	
98.9	89.7	
99.3	89.7	
98.1	89.3	
99.1	89.7	
99.3	79	
99.3	89.3	
99.1	89.7	
99.1	89.7	
99.1	89.5	
99.3	89.7	
99.1	89.7	
99.3	89.7	
98.9	89.7	
