98.7	89.7	
99.1	89.7	
99.1	79.4	
99.3	89.5	
99.3	89.7	
98.9	89.7	
99.3	79.6	
98.5	79.6	
98.3	89.7	
99.3	79.4	
98.1	89.7	
89	89.5	
99.1	89.7	
99.3	89.3	
99.3	89.3	
99.3	79	
98.9	89.7	
98.9	89.7	
98.3	89.7	
99.3	89.5	
99.1	79.6	
99.3	89.5	
97.9	79.4	
98.7	89.7	
98.9	59.2	
98.7	89.3	
99.3	89.5	
97.9	89.3	
99.1	89.5	
99.3	89.7	
98.9	89.7	
98.9	89.7	
98.7	79.6	
99.1	89.7	
98.9	89.5	
99.3	89.7	
98.9	89.5	
98.5	79.6	
98.7	79.6	
98.7	69.5	
98.9	79.6	
99.3	89.7	
99.1	89.5	
99.1	79.4	
99.1	69.5	
98.3	89.7	
99.1	89.7	
99.3	89.7	
99.1	89.7	
99.3	89.7	
98.3	89.7	
98.9	89.7	
98.9	79.2	
98.7	89.7	
99.3	79.6	
98.9	79.6	
99.1	89.7	
98.9	69.5	
98.9	89.3	
99.3	79.6	
99.3	89.7	
99.1	79.6	
99.1	89.3	
98.5	79.4	
99.3	79.6	
99.3	89.7	
99.1	89.7	
99.3	89.7	
99.1	89.5	
97.3	89.5	
99.3	89.7	
98.5	89.5	
99.1	78.8	
98.9	89.5	
98.9	89.7	
99.3	89.7	
99.1	89.5	
99.3	89.7	
98.9	79.6	
99.1	89.7	
99.3	89.7	
98.9	89.7	
99.1	69.3	
98.7	79.2	
99.1	79.2	
88.6	89.7	
99.1	89.7	
99.1	89.7	
99.3	89.5	
99.1	89.5	
99.3	89.7	
98.9	89.1	
99.3	89.7	
98.7	89.5	
98.9	89.5	
99.3	79.4	
98.7	79	
99.1	89.7	
98.9	89.7	
99.3	79.4	
98.7	89.7	
99.3	89.7	
98.7	89.3	
98.9	89.5	
98.7	89.7	
98.3	89.7	
99.1	79.6	
99.3	89.7	
98.9	89.7	
99.3	89.7	
99.3	89.7	
99.3	89.7	
98.7	89.7	
98.7	89.7	
97.7	89.5	
98.7	89.3	
99.3	89.7	
99.1	89.5	
99.3	89.3	
99.3	79.2	
99.1	89.7	
99.1	89.5	
99.3	89.3	
97.5	89.1	
98.7	89.7	
99.1	89.7	
98.1	89.7	
99.1	89.7	
98.9	89.5	
99.1	79.2	
98.5	89.7	
98.5	89.7	
98.9	88.9	
98.9	79.2	
99.1	89.5	
99.3	89.5	
99.3	89.7	
99.3	89.7	
98.9	89.5	
98.7	89.5	
98.5	89.5	
98.7	89.5	
99.1	89.7	
97.9	89.7	
99.3	89.5	
99.3	89.5	
98.5	89.3	
88.4	89.7	
99.3	89.5	
99.1	89.1	
99.3	79.6	
99.1	89.5	
99.1	89.7	
99.3	89.3	
99.1	79.6	
99.3	79.6	
98.9	79.4	
99.3	79.6	
99.3	79.4	
99.1	89.7	
99.3	89.7	
99.3	89.5	
98.9	79.6	
98.5	89.7	
99.3	89.5	
99.1	89.3	
99.1	79.4	
99.1	89.7	
98.3	89.5	
99.1	89.5	
99.1	89.7	
99.3	89.7	
99.1	79.4	
99.1	89.7	
98.7	89.5	
99.3	79.6	
98.3	79.6	
99.1	89.7	
99.3	89.7	
98.7	89.7	
99.3	89.7	
98.9	89.7	
99.1	89.3	
98.9	79.4	
99.3	89.3	
99.3	89.7	
99.3	69.5	
99.3	89.7	
99.3	89.5	
99.3	89.3	
98.9	89.7	
98.7	89.3	
99.3	89.7	
99.3	89.7	
98.7	89.7	
99.1	89.7	
99.1	89.7	
99.1	89.7	
88.6	89.7	
99.3	89.7	
97.7	69.1	
98.9	89.5	
98.9	89.5	
99.1	89.7	
99.1	89.7	
99.3	89.7	
98.5	89.7	
99.3	69.5	
99.3	89.7	
99.1	89.7	
99.3	89.5	
98.7	89.5	
98.7	89.7	
99.3	89.7	
99.3	89.5	
98.3	89.7	
98.9	79.6	
99.1	89.7	
99.3	89.5	
98.9	88.9	
99.3	89.7	
98.9	89.5	
98.7	89.7	
99.1	89.3	
97.5	89.3	
99.1	89.5	
99.3	89.5	
99.1	89.5	
98.7	89.7	
99.3	89.5	
99.1	89.7	
99.1	89.5	
97.5	89.3	
98.7	89.7	
99.1	89.7	
98.3	89.7	
98.9	89.5	
99.3	79.4	
98.9	89.7	
99.1	89.5	
99.3	89.3	
99.3	89.5	
99.3	89.7	
99.3	89.5	
99.3	89.5	
99.3	89.7	
98.3	79.6	
98.7	89.5	
98.9	89.7	
99.3	89.7	
99.3	89.7	
98.9	89.7	
99.3	79.6	
99.3	89.7	
99.3	89.7	
99.3	79.4	
99.3	89.7	
98.9	89.5	
99.1	89.3	
99.3	89.7	
98.9	89.7	
98.9	89.7	
99.1	89.5	
99.1	89.7	
99.3	79.6	
98.9	89.7	
99.1	89.7	
99.1	89.7	
98.9	89.7	
99.1	89.7	
98.7	89.7	
99.3	89.5	
99.1	89.3	
98.7	89.5	
99.1	89.7	
98.7	89.7	
99.1	89.3	
98.9	79.4	
99.3	89.7	
99.3	89.7	
99.3	89.7	
98.3	89.7	
98.9	89.5	
98.9	79.4	
99.1	89.7	
99.1	79.4	
97.9	89.7	
99.3	89.7	
98.5	89.7	
98.7	79.6	
99.3	79.4	
99.1	79.6	
99.1	79.2	
98.7	89.7	
98.7	69.3	
99.3	79.6	
98.9	89.7	
98.5	89.5	
99.1	79.6	
99.3	89.3	
98.9	89.7	
98.9	89.1	
99.3	89.7	
88.4	89.7	
99.3	89.7	
99.3	89.7	
98.7	89.7	
98.9	89.7	
99.1	89.7	
98.9	89.7	
97.9	89.7	
99.3	89.7	
98.9	89.7	
98.9	89.3	
98.7	89.3	
98.5	79.4	
99.1	89.7	
99.3	89.7	
99.1	89.5	
98.9	89.7	
99.3	89.7	
99.3	89.5	
99.3	89.7	
98.7	89.7	
99.3	79.4	
99.3	89.7	
99.3	89.7	
99.1	89.7	
99.3	89.5	
99.3	89.7	
98.9	79.6	
99.3	89.7	
98.9	89.5	
99.1	79.6	
99.1	89.7	
88.8	89.5	
98.9	89.5	
99.3	89.3	
99.1	89.5	
97.3	89.7	
99.3	89.5	
99.1	89.7	
99.3	89.5	
99.3	89.7	
99.1	89.3	
99.3	89.5	
99.3	89.7	
99.3	89.7	
99.3	89.7	
99.3	89.7	
99.1	89.7	
99.3	89.7	
98.3	89.7	
99.1	89.7	
99.3	89.7	
98.9	89.3	
98.7	89.7	
98.7	89.7	
99.1	89.7	
98.9	89.3	
98.9	89.7	
99.1	69.3	
99.1	89.7	
99.3	89.7	
98.7	69.3	
98.9	69.3	
99.1	89.7	
99.1	89.7	
98.7	79.6	
99.1	79.6	
99.3	89.7	
99.1	89.5	
98.7	89.3	
99.1	89.5	
99.3	89.7	
99.3	89.5	
99.1	89.5	
99.1	89.7	
98.9	89.7	
99.1	89.5	
98.7	89.7	
99.3	79.4	
99.1	89.7	
99.3	89.7	
99.3	89.7	
98.9	89.5	
98.7	89.7	
98.9	89.7	
99.3	89.7	
99.1	89.7	
99.3	89.5	
99.1	89.1	
98.3	89.7	
99.1	79.6	
98.9	89.7	
98.9	89.5	
99.3	79.6	
98.3	89.7	
99.1	89.5	
98.9	89.7	
99.1	69.3	
98.9	89.7	
99.1	89.7	
99.1	89.5	
99.3	89.7	
99.1	89.7	
99.1	89.5	
98.7	89.7	
98.7	89.5	
99.3	89.7	
99.3	89.5	
99.3	89.7	
99.3	89.7	
99.1	79.6	
97.9	89.5	
98.7	89.7	
99.1	89.5	
98.9	79.2	
99.1	89.7	
98.5	89.5	
98.7	69.3	
97.9	89.7	
99.3	89.7	
98.7	89.7	
99.3	89.7	
98.9	89.5	
98.7	89.3	
99.3	89.7	
99.1	89.7	
99.1	89.7	
98.9	79.4	
99.3	89.3	
99.3	89.5	
99.3	89.5	
99.1	89.7	
98.9	89.7	
99.3	79.6	
99.1	89.5	
99.3	89.7	
99.3	89.7	
99.1	89.7	
99.1	79.6	
99.1	89.7	
98.5	89.7	
99.1	89.7	
98.9	89.7	
99.1	79.4	
99.3	89.7	
99.1	79.6	
98.7	89.7	
99.3	89.3	
98.5	79.6	
98.3	89.7	
99.3	89.7	
99.3	89.3	
99.3	89.7	
99.1	89.7	
99.1	89.7	
98.7	89.7	
98.3	89.5	
99.3	89.7	
99.3	89.7	
98.3	89.3	
99.3	89.5	
98.9	89.7	
99.3	89.7	
99.3	89.7	
88.8	89.7	
99.1	89.1	
99.1	89.7	
98.9	89.3	
99.1	89.7	
98.1	79.6	
99.3	89.3	
99.1	79.6	
98.3	89.7	
99.1	79.6	
98.5	89.5	
99.1	89.7	
99.3	89.7	
99.3	89.5	
99.1	89.5	
99.1	89.1	
98.7	79.6	
98.5	89.7	
99.3	89.5	
99.3	79.4	
98.9	89.1	
99.3	79.6	
99.3	89.7	
88.8	89.5	
99.1	89.7	
99.1	89.5	
99.3	89.7	
98.7	89.7	
98.7	89.7	
99.1	79.6	
98.7	89.3	
99.1	89.7	
99.1	79.2	
99.1	89.7	
99.1	89.7	
99.1	89.7	
99.3	79.4	
99.3	79.6	
98.7	79.2	
99.1	89.7	
98.7	89.7	
98.7	89.5	
99.1	89.7	
99.3	89.7	
99.3	89.1	
99.1	89.7	
98.5	89.7	
98.7	89.7	
99.3	79.2	
99.3	49.1	
99.3	79.4	
98.9	89.7	
99.1	69.1	
98.9	89.7	
99.1	89.7	
99.3	79.4	
99.3	89.3	
99.1	89.7	
99.3	89.5	
99.3	89.7	
99.3	79.6	
98.7	79	
99.1	89.7	
98.3	89.7	
99.3	79	
99.3	89.7	
99.1	89.7	
99.3	89.7	
99.3	89.5	
99.1	89.7	
99.1	89.7	
99.3	89.7	
99.1	89.7	
99.3	89.7	
99.3	89.7	
99.3	89.7	
99.1	69.3	
99.3	89.7	
99.3	89.5	
99.1	89.7	
98.7	79.4	
99.3	89.7	
99.1	89.7	
99.3	89.7	
99.1	89.7	
98.1	89.5	
99.1	89.7	
98.9	79.2	
98.3	89.7	
99.1	89.3	
99.3	89.7	
99.1	89.7	
99.1	89.7	
99.3	89.7	
98.9	89.5	
99.1	69.5	
98.9	89.7	
99.3	89.7	
98.9	79.4	
99.3	89.3	
99.3	89.5	
98.3	89.3	
98.3	89.7	
98.9	79.6	
99.3	89.7	
99.3	89.7	
99.3	89.7	
99.1	89.7	
98.1	89.7	
98.3	89.7	
98.7	89.7	
98.7	89.7	
99.3	89.5	
99.3	89.7	
98.9	89.7	
98.5	89.5	
99.3	79.4	
98.9	89.7	
99.1	89.7	
99.1	79.6	
99.3	89.7	
99.1	89.5	
99.1	79.6	
98.9	89.7	
98.9	79.6	
99.3	89.3	
98.9	89.5	
98.9	79.6	
99.3	89.7	
99.3	89.7	
99.1	89.7	
99.3	89.7	
99.3	79.6	
99.3	89.7	
99.1	89.7	
98.3	89.7	
99.3	89.7	
97.9	89.5	
99.1	89.5	
99.3	89.7	
99.1	89.7	
98.9	89.7	
99.3	89.5	
98.5	89.7	
99.3	89.7	
98.5	89.5	
98.9	89.5	
99.3	89.3	
99.1	89.7	
98.9	89.7	
99.1	89.7	
99.3	89.5	
98.3	89.7	
88.6	89.7	
99.1	89.5	
99.3	89.7	
99.1	89.7	
99.3	89.5	
99.3	79.6	
99.3	89.7	
99.3	79.6	
99.3	89.5	
98.9	89.7	
99.1	89.7	
99.1	89.5	
98.9	89.5	
99.3	89.7	
98.9	89.7	
98.9	79.6	
99.1	89.7	
99.3	79.6	
98.9	89.7	
99.3	89.5	
99.3	89.5	
99.1	89.5	
98.9	89.7	
98.3	89.7	
99.3	89.7	
99.1	89.7	
98.7	89.7	
98.9	89.7	
99.3	89.7	
99.3	89.7	
99.1	89.7	
98.5	79.6	
99.3	89.5	
99.3	89.7	
99.3	79.6	
99.3	89.5	
99.1	89.7	
99.3	79.4	
98.9	79.6	
99.3	89.7	
98.5	89.7	
99.3	89.7	
98.7	89.7	
99.1	89.3	
99.3	89.7	
98.3	89.5	
99.3	89.7	
99.3	89.3	
99.3	89.7	
98.7	89.5	
98.3	89.7	
99.3	79.6	
98.7	89.5	
99.3	89.7	
99.3	79	
99.3	89.3	
99.3	79.4	
99.3	89.7	
99.3	89.5	
99.3	89.7	
98.7	69.5	
99.3	79.2	
99.3	89.3	
98.9	89.7	
99.1	89.5	
98.9	89.3	
99.1	89.5	
99.3	79.2	
99.3	89.7	
98.7	88.9	
99.3	89.3	
98.7	89.7	
98.5	89.5	
99.3	89.5	
99.3	89.5	
99.1	89.7	
99.3	89.7	
99.1	89.7	
77.7	79.6	
99.3	89.7	
98.9	79	
98.9	89.7	
98.3	89.7	
99.1	89.7	
99.1	79.6	
99.1	89.3	
99.3	89.7	
99.1	89.7	
99.3	79.6	
98.7	89.7	
98.7	89.7	
98.9	89.7	
99.1	89.7	
98.9	89.7	
99.3	79.4	
98.9	89.7	
99.3	89.7	
98.7	89.7	
99.3	89.5	
98.9	79.6	
98.9	89.1	
99.1	98.8	
98.3	79.2	
99.3	89.7	
99.1	79.4	
99.3	89.5	
99.3	89.7	
99.3	89.7	
98.7	89.5	
99.3	89.7	
98.1	89.7	
99.3	89.5	
99.3	89.5	
98.5	89.5	
99.1	89.7	
99.3	89.5	
99.1	79.4	
98.7	89.7	
98.7	89.7	
99.3	79.6	
99.1	89.7	
99.3	89.7	
99.1	89.7	
99.3	89.5	
98.9	89.3	
99.1	89.5	
99.3	89.7	
98.7	89.7	
99.1	69.5	
99.3	89.5	
99.3	89.5	
99.1	89.7	
99.3	89.7	
98.9	89.7	
99.3	89.7	
99.3	89.7	
98.7	89.7	
98.7	89.5	
99.3	89.7	
99.3	89.5	
98.9	79.4	
99.1	89.7	
99.3	79.6	
99.3	89.7	
98.3	89.5	
98.9	89.7	
97.9	89.7	
99.3	59	
99.1	89.1	
99.3	79.2	
99.3	89.7	
98.9	89.3	
99.1	69.3	
99.3	89.7	
99.1	89.7	
99.3	89.7	
98.9	79.4	
99.3	89.7	
99.1	89.5	
88.8	79.4	
98.7	89.7	
99.1	69.5	
98.9	89.7	
98.9	89.7	
99.1	89.5	
99.3	79.6	
99.3	89.7	
99.3	89.7	
98.9	89.5	
99.3	89.7	
98.9	89.5	
99.3	89.5	
99.1	79.6	
98.9	89.7	
98.5	79.6	
99.3	89.3	
99.3	79.4	
98.3	79.4	
99.1	89.5	
99.3	89.7	
99.1	89.7	
98.9	89.7	
99.1	89.7	
99.1	89.7	
99.1	89.7	
99.3	89.7	
99.3	79.6	
98.3	69.5	
99.1	89.7	
98.3	89.7	
99.1	89.7	
99.3	89.5	
99.1	89.3	
99.1	89.5	
98.5	89.7	
99.3	89.5	
99.1	89.7	
98.9	88.9	
99.3	69.5	
99.1	89.7	
99.1	89.7	
99.1	89.7	
98.3	89.5	
99.3	89.3	
98.7	89.7	
99.1	79.4	
99.1	79	
98.9	89.7	
99.3	89.7	
99.1	89.7	
99.1	89.5	
99.3	79.6	
99.3	89.7	
98.5	89.5	
98.9	89.7	
99.3	89.7	
99.3	89.7	
98.7	89.7	
98.5	89.5	
98.7	69.5	
99.1	89.7	
99.3	89.5	
98.7	89.7	
99.3	89.7	
99.1	89.7	
98.3	69.1	
98.7	68.7	
99.3	99.2	
98.5	89.3	
98.5	89.5	
99.1	89.7	
99.1	89.7	
99.1	69.5	
99.3	89.7	
99.3	89.7	
98.3	89.7	
98.7	79.6	
99.1	89.7	
99.3	79.4	
99.3	89.7	
99.1	79.6	
99.3	89.3	
99.3	69.3	
99.3	79.2	
98.3	89.5	
98.9	89.7	
99.3	89.5	
98.7	89.7	
99.1	89.7	
99.1	89.7	
99.3	89.7	
99.1	89.5	
99.3	89.3	
99.1	69.5	
99.1	89.5	
99.3	89.7	
99.1	89.7	
99.3	89.7	
99.1	89.5	
99.3	89.3	
99.1	69.3	
99.1	89.7	
98.9	79.6	
98.5	89.7	
89	89.5	
99.1	89.7	
99.1	89.7	
98.7	89.5	
99.3	89.5	
98.3	89.7	
98.9	89.5	
98.9	89.5	
99.1	79.6	
98.7	89.3	
98.7	89.3	
98.3	89.5	
98.9	89.7	
99.3	89.7	
99.1	89.5	
98.7	69.5	
98.7	89.5	
99.1	79.6	
98.9	89.7	
99.3	89.7	
99.3	89.7	
99.3	89.7	
99.1	89.3	
98.7	89.7	
99.3	89.5	
98.5	79.6	
99.1	89.3	
99.1	88.9	
98.7	89.5	
99.3	89.3	
98.9	89.3	
99.3	89.7	
99.3	79.4	
98.7	79.6	
98.9	79.6	
98.7	89.7	
98.5	89.3	
99.1	89.3	
99.1	89.5	
99.1	79.6	
98.9	89.5	
98.9	89.3	
99.3	89.7	
99.3	79.6	
99.1	89.7	
98.9	88.9	
99.1	79.2	
99.3	89.5	
99.3	89.7	
99.3	89.7	
99.1	89.7	
99.3	89.7	
98.7	79.6	
98.7	79.4	
98.9	89.7	
99.1	89.7	
98.9	89.7	
98.9	89.7	
99.1	89.7	
99.3	89.7	
99.1	89.7	
99.1	79.4	
88.6	89.7	
99.3	89.7	
98.9	89.5	
97.5	89.7	
98.9	89.7	
99.1	89.7	
99.1	89.7	
99.1	89.7	
98.3	89.7	
99.1	89.7	
99.3	79.4	
99.3	89.7	
98.5	89.7	
98.3	89.7	
98.9	89.7	
99.3	89.7	
98.9	89.5	
99.3	89.5	
99.1	89.7	
99.1	79	
98.7	89.7	
98.5	89.7	
99.3	89.7	
99.3	89.7	
99.3	89.3	
98.3	79.6	
98.7	89.5	
98.7	89.7	
88.6	89.5	
99.1	89.5	
98.9	79.2	
98.3	89.7	
98.3	89.7	
99.1	89.3	
99.1	79.6	
99.3	89.3	
99.3	89.5	
99.3	89.7	
99.3	69.5	
98.9	79.6	
99.1	89.7	
98.5	89.7	
99.1	69.5	
98.1	89.7	
98.9	89.7	
98.7	89.3	
98.9	89.7	
98.9	79.4	
99.1	89.7	
98.9	79.6	
98.7	89.7	
88.6	69.5	
98.7	89.5	
98.9	89.7	
