99.1	99.6	
99.3	98.6	
99.1	99.2	
98.7	99.4	
99.3	99.2	
99.1	99.4	
99.3	98.6	
99.1	98.8	
99.3	99.4	
98.9	99.4	
98.9	99.4	
99.1	99.4	
99.1	99.4	
98.9	89.5	
99.3	99.2	
98.3	99.2	
99.3	99.4	
98.9	98.2	
98.3	99.2	
99.3	98.8	
99.3	99.4	
99.3	88.9	
98.9	99.4	
98.9	89.3	
98.1	99	
98.7	98.8	
99.1	99.4	
99.1	99.4	
99.3	99.4	
99.1	88.7	
98.5	99.4	
99.3	89.3	
98.9	99.2	
98.5	99.4	
99.3	99.4	
99.1	99.4	
99.1	99.4	
99.3	98.8	
98.9	99	
99.3	89.5	
99.3	99.4	
98.1	99.2	
98.9	99.4	
99.1	99.2	
98.5	99.2	
99.1	99.2	
99.3	98.8	
99.3	99	
99.3	89.3	
98.9	99.4	
98.1	99	
99.3	98.6	
98.7	99	
99.3	99.2	
99.3	99	
99.1	99.4	
99.1	99.4	
99.3	99	
99.3	99	
98.9	99.2	
97.7	99.2	
99.3	99	
99.1	99.4	
99.3	99.4	
98.7	99.6	
98.7	99.2	
99.3	99	
98.7	99.2	
98.9	99.4	
99.3	99	
99.3	99.2	
99.1	99.4	
99.1	99.4	
99.1	99.4	
99.1	99.2	
99.3	99.2	
99.3	89.1	
98.9	89.1	
99.3	89.7	
99.3	89.5	
98.9	99.4	
99.3	89.5	
99.1	99	
99.1	99.4	
99.3	99.2	
98.5	99.4	
99.3	99.4	
98.3	99.4	
98.3	99.4	
99.1	99.4	
99.3	99.4	
98.9	99.4	
99.3	99.2	
98.9	99.2	
98.7	99.2	
99.1	99	
99.3	99.4	
98.9	98.8	
99.3	99	
99.3	99.4	
99.3	99.2	
98.9	99	
98.5	99	
99.1	99.4	
98.9	99.4	
99.1	99.4	
99.1	99.4	
99.1	98.8	
98.9	99.4	
99.3	99.4	
99.1	99.2	
99.1	99.2	
98.1	98.6	
99.1	88.9	
98.9	99.4	
99.1	99.4	
99.1	99.4	
99.3	99.2	
98.7	99.4	
99.1	99.2	
99.1	99	
99.3	99.4	
98.3	99.4	
99.1	99.6	
98.9	99	
99.3	99.4	
99.3	89.3	
99.3	98.6	
98.9	99.4	
98.9	99	
98.7	99.2	
99.1	99.2	
99.3	98.8	
99.3	99.2	
99.1	99.4	
99.3	99.4	
99.1	89.5	
99.1	99.2	
99.1	99.4	
98.9	99	
98.9	99.4	
98.9	99.4	
99.1	99.4	
99.1	89.3	
98.7	99	
98.9	99.4	
99.3	99.4	
99.3	99.2	
99.3	99.4	
99.3	98.8	
99.3	99.4	
99.3	99.4	
99.3	89.5	
99.1	89.3	
99.3	99.2	
99.1	99.4	
99.1	99.4	
98.9	98.8	
99.1	99.4	
99.3	99	
98.9	99.6	
98.9	99.4	
99.1	99.2	
99.3	99.2	
99.1	99.4	
98.7	99.2	
99.3	99.4	
99.1	99.4	
99.1	99.2	
99.3	99.6	
99.3	99.4	
98.9	99	
98.9	99.2	
99.1	99.4	
99.1	99.4	
98.9	99.2	
98.7	99	
99.1	99.2	
99.3	99.2	
99.1	79	
99.1	99.2	
99.3	99.4	
99.1	99.6	
99.1	99	
99.1	89.3	
98.9	98.8	
99.3	99	
99.3	99.4	
98.7	99.4	
98.9	98.8	
98.7	79	
98.5	99.2	
98.9	99.4	
98.7	89.5	
99.1	99	
98.7	99.4	
99.1	99.4	
99.3	99.4	
98.9	99.4	
98.9	99.4	
99.1	89.1	
99.3	99.4	
99.1	99.2	
99.1	99	
99.3	89.3	
88.2	99.4	
88.8	99.4	
99.3	99.4	
99.1	99.4	
99.1	99.4	
98.7	99.4	
98.9	99.4	
98.9	99.4	
99.3	99.4	
99.1	99	
89	99.4	
99.3	99.4	
98.5	99.4	
98.3	99.4	
99.3	99	
98.3	99	
99.3	99.2	
99.3	99.2	
98.9	99	
99.3	99.4	
99.3	99.4	
99.3	89.3	
99.3	99	
98.5	98.4	
99.1	99.2	
99.3	99.2	
99.3	99.2	
99.1	99.2	
99.3	99.2	
98.9	99.4	
98.7	99.4	
99.3	99.2	
99.1	99.4	
98.9	99	
99.3	99.2	
98.9	99.2	
99.1	99.2	
99.3	98.6	
99.3	99.2	
99.1	99.4	
99.1	99.4	
98.5	99.4	
99.1	89.5	
99.1	99.4	
98.1	79	
98.9	99.2	
98.7	99.4	
99.1	89.3	
99.3	99	
99.1	99.4	
99.1	99.4	
98.9	99.4	
99.3	99.2	
99.3	99.2	
99.1	99.4	
98.9	99	
99.3	99.4	
98.9	99.6	
98.3	99.4	
99.3	99.2	
99.3	99.4	
99.3	99.4	
98.9	99.4	
99.3	98.8	
99.3	99.2	
98.7	99.2	
99.3	98.6	
99.1	99	
99.1	99.4	
99.1	89.3	
98.5	98.8	
98.9	99.2	
98.9	89.1	
99.1	99.2	
99.3	99.4	
98.3	99.4	
99.1	99.6	
99.1	99.4	
99.3	99.4	
98.9	99.2	
99.1	98.8	
99.3	99	
99.1	99.2	
99.3	99.4	
99.3	99.4	
98.5	99.4	
98.7	99.2	
99.3	99.4	
98.9	99	
99.1	99.2	
99.1	89.5	
99.3	99.2	
98.9	88.7	
99.1	99.4	
98.9	99.2	
99.1	99.4	
99.1	99.4	
99.1	99.2	
98.9	99	
98.3	99.4	
99.3	99.6	
99.3	99.4	
99.1	99.6	
98.7	99.2	
99.1	89.5	
99.1	89.3	
99.3	99.2	
98.9	99.4	
98.9	99.4	
99.1	99.4	
99.3	98.8	
99.3	89.1	
98.7	99	
97.9	99.4	
98.9	99.2	
99.1	99	
99.3	99	
99.3	98.4	
99.3	99.4	
99.1	79.2	
98.7	99.4	
99.3	99.4	
99.3	99.2	
99.1	99.4	
98.9	99.2	
99.3	99	
99.3	99	
99.1	99	
99.3	99.4	
99.1	99.2	
98.5	99.4	
98.7	89.1	
98.9	99.6	
99.1	99.2	
98.5	98.8	
99.3	99	
99.1	99.2	
99.1	99.4	
98.9	99.6	
99.1	89.1	
99.1	99.4	
99.3	99.4	
98.9	99.4	
99.3	99.4	
99.1	99.6	
99.1	99.2	
99.3	99.4	
99.3	99.4	
99.1	99.2	
99.3	89.3	
98.3	99.4	
98.9	99.2	
99.3	99.2	
99.3	98.8	
98.9	89.3	
98.9	99.2	
99.1	99	
99.1	88.5	
99.1	99.4	
99.3	99.4	
99.3	99.2	
99.1	99.4	
99.3	99.4	
99.3	98.6	
98.7	89.5	
99.3	99.4	
98.7	99	
99.3	99.4	
98.9	99.2	
99.1	99.2	
99.1	99.4	
99.1	99.4	
99.3	99.4	
98.9	99.4	
99.1	99.4	
99.3	98.8	
99.3	89.3	
98.9	99.2	
99.3	99.2	
98.7	99.2	
99.1	99	
99.3	99.2	
99.1	99.4	
99.3	99	
99.3	89.5	
99.3	89.3	
99.1	88.9	
98.7	99.2	
99.1	99.4	
99.1	99.4	
99.1	98.8	
99.1	99.4	
98.7	99.4	
99.3	89.5	
99.1	99	
98.9	99.4	
98.1	99.4	
99.3	99.2	
99.1	99.4	
99.3	99.4	
99.3	89.5	
98.9	99.2	
99.3	99.6	
99.3	88.5	
98.5	99.2	
99.3	99	
99.1	89.3	
99.1	99.2	
98.5	99.4	
99.1	99.2	
99.1	99.2	
99.1	99	
99.3	99.4	
98.7	99.2	
98.9	99.2	
98.3	99.4	
99.3	99.4	
99.1	99.2	
99.3	99.4	
99.1	99.4	
98.9	99.4	
89	89.5	
99.3	99.2	
99.1	99.4	
99.3	99.4	
99.3	99	
99.1	89.1	
99.3	99.4	
98.7	99	
79.1	89.5	
99.1	88.9	
99.3	99.4	
98.9	99	
99.3	99.2	
99.3	99	
98.9	99	
99.3	99.2	
99.3	99.2	
99.3	99.4	
99.1	99.4	
98.9	89.3	
99.1	99.2	
99.3	99.2	
99.1	99.4	
98.7	99.2	
99.3	99.4	
99.3	99.2	
99.3	99.4	
98.9	99.4	
99.1	89.5	
98.9	99	
99.3	99.4	
98.9	99.4	
98.5	99.4	
99.1	99.4	
98.7	89.5	
99.3	99.2	
99.1	99.4	
99.3	99.4	
99.1	99.4	
99.1	89.3	
99.3	99.4	
99.1	99.2	
99.3	99.4	
99.3	99.4	
98.9	97.6	
98.5	58.8	
98.9	99.4	
98.9	99.2	
99.3	99.4	
99.3	99.4	
98.5	88.7	
98.9	99.4	
97.3	99.2	
99.3	99.4	
99.3	89.5	
99.3	99.2	
99.3	99	
98.9	89.5	
99.3	99.4	
99.1	89.5	
99.3	99.4	
99.1	99.2	
99.3	99.4	
98.9	99.2	
99.3	99.4	
99.1	99.2	
98.9	99.4	
99.1	99.2	
99.3	99	
99.3	89.3	
99.3	99.4	
99.1	98.6	
98.9	99.4	
99.3	99.4	
99.3	99.2	
99.1	99.2	
99.1	99.4	
99.3	99.4	
99.1	99.2	
99.3	99	
98.9	99.4	
99.1	99.4	
99.3	99.4	
98.7	99.4	
99.3	99.4	
99.1	89.5	
98.9	99.4	
99.1	99.2	
99.1	89.1	
98.9	99.4	
98.9	99.4	
99.3	99.4	
99.1	89.1	
99.3	99	
99.3	89.3	
98.7	99.2	
99.1	99.2	
99.3	99.2	
99.1	99.2	
99.1	99.2	
99.1	98.2	
99.3	99.4	
99.1	99	
99.1	99.4	
99.3	99.2	
98.5	99	
98.9	99.4	
98.9	98.6	
98.9	99.2	
99.1	99.4	
99.1	99.2	
99.1	99.4	
99.3	99	
98.9	99.2	
98.3	99.4	
98.7	99.2	
99.3	99.4	
98.3	99.2	
98.9	99.2	
98.9	99.4	
99.3	99.4	
98.7	99.6	
98.9	99.4	
99.1	99	
99.3	79.2	
99.3	99.4	
98.3	99.4	
99.1	99	
99.3	99.2	
99.1	99.2	
88.4	99.4	
98.7	99.4	
99.1	99.2	
98.5	99.2	
98.7	99.2	
99.1	99	
99.1	89.3	
99.1	99.4	
98.9	99.2	
98.7	99.4	
97.5	99.4	
99.3	99.2	
99.3	99.2	
98.9	99.4	
99.1	99.2	
99.3	99.4	
99.3	99.4	
99.3	99.2	
99.1	99.4	
98.7	98.6	
99.1	99.4	
99.1	88.9	
98.9	99	
99.3	99	
98.5	99.2	
98.9	99.4	
99.3	99.4	
99.3	98.8	
98.9	99.2	
99.3	99.2	
99.3	79	
99.3	99.4	
98.7	99.4	
99.1	99.4	
98.9	89.3	
98.9	99	
98.9	98.8	
99.3	99.4	
98.9	99	
99.3	99.4	
99.1	99.2	
99.1	99.4	
99.3	89.5	
98.9	99.4	
99.1	99.4	
99.3	99	
99.1	89.3	
99.3	99.2	
98.9	99.2	
98.9	99.2	
99.3	99.4	
99.3	99.4	
99.1	98.8	
99.3	99.4	
99.1	99.4	
99.3	99	
99.3	99.2	
99.3	98.8	
99.3	99.2	
98.9	99.4	
99.1	99.4	
99.1	99.4	
99.1	99.2	
99.1	99	
99.1	89.3	
99.1	99	
99.1	88.9	
99.1	89.3	
98.9	99.4	
99.3	99.2	
99.1	99.4	
98.7	99.4	
99.1	99.4	
99.1	99.4	
99.3	98.6	
99.3	99.4	
99.3	99.2	
99.1	89.5	
98.7	89.5	
99.3	99.2	
99.3	99.4	
99.3	98.6	
99.3	99.4	
98.9	79.4	
98.5	99	
99.1	99.4	
99.3	89.5	
98.9	99.4	
98.5	99.2	
99.3	99.4	
99.1	99.4	
99.3	99.4	
99.3	99.2	
99.3	99.4	
96.9	99	
98.9	88.9	
99.3	99.2	
99.1	98.8	
98.9	99.2	
98.5	99.4	
99.3	99.2	
98.9	98.8	
99.3	99.2	
99.3	89.3	
98.7	89.1	
99.3	99.4	
99.1	99.4	
98.9	99	
99.3	99.6	
99.3	99.6	
98.9	89.1	
99.1	99.4	
98.9	99.4	
98.7	99.4	
99.3	99.4	
98.7	99.4	
98.3	99	
99.3	99.4	
99.3	89.3	
98.1	99.4	
99.1	99.4	
99.1	89.3	
98.7	99.4	
98.7	99.4	
99.1	99.2	
99.1	99	
99.1	99.2	
99.3	98.6	
98.7	99.4	
98.9	99.4	
98.9	99.2	
99.1	99.4	
99.3	98.6	
98.9	98.8	
99.3	99.2	
99.3	99.2	
98.5	99.4	
99.3	99.4	
99.1	99.4	
99.1	99.4	
98.9	89.5	
98.7	99.4	
98.9	99	
98.9	99	
99.1	98.6	
99.1	99.4	
99.3	99.4	
98.1	89.1	
98.9	99.2	
99.3	99.4	
98.9	99	
99.1	99.4	
99.3	99.4	
99.3	89.3	
98.7	99.2	
99.3	99.4	
99.3	99.4	
98.9	89.3	
98.9	99	
99.3	99.4	
99.1	99.2	
98.9	99.2	
99.3	99.2	
99.3	99.4	
98.9	88.5	
99.1	99.4	
99.3	99.2	
99.3	99	
98.9	99.4	
98.9	99.4	
99.1	99.2	
99.3	99.2	
98.7	99.2	
99.1	99.4	
99.3	99.2	
99.1	99.4	
99.1	99.2	
99.3	99.2	
99.1	89.5	
99.3	89.1	
99.1	99	
98.9	99.4	
99.3	88.9	
99.1	99.4	
99.1	99.4	
98.3	99.4	
98.7	79.2	
99.1	99.4	
98.3	99	
99.1	99.2	
98.9	99	
98.9	99.6	
99.1	99.4	
99.3	99.4	
99.3	99.4	
99.1	99.4	
98.9	99.4	
99.1	99.4	
99.3	99.4	
98.1	99	
99.3	99.4	
99.1	99.4	
99.3	89.1	
99.1	99	
98.9	99.4	
98.5	89.5	
99.3	99.2	
99.3	99	
99.1	99.2	
98.9	89.3	
99.1	99	
98.9	98.4	
98.3	99	
98.9	89.3	
99.1	99.2	
99.3	99.4	
98.9	99.4	
99.1	99.2	
99.3	99.2	
98.9	99.4	
99.1	99.2	
99.3	99.2	
99.1	99	
99.1	99.4	
99.1	99	
99.3	89.3	
99.3	99.4	
98.9	89.5	
99.1	99.2	
99.1	99.2	
99.1	99	
99.3	99.2	
98.5	99.2	
99.1	89.5	
98.9	99.2	
99.1	99.4	
98.9	89.3	
98.7	99.2	
99.1	99	
98.9	99.4	
99.3	99.2	
98.9	98.8	
99.3	99.4	
99.1	99.4	
99.1	99	
99.1	99.2	
99.3	99.2	
99.3	99.2	
99.1	98.8	
99.3	99.4	
99.1	99	
98.9	89.3	
99.1	99.4	
98.9	99.4	
99.1	99.4	
98.7	99.4	
99.3	98.2	
99.1	99.4	
99.1	98.8	
99.3	68.9	
99.3	98.8	
99.3	98.8	
99.3	99.2	
99.1	89.5	
98.9	99.4	
99.1	99.4	
98.5	99.4	
99.3	99.4	
98.7	99.4	
99.3	78.6	
99.3	88.7	
99.3	99.4	
98.5	98.6	
98.7	99.2	
98.1	99.4	
98.5	98.8	
99.3	89.3	
99.1	99	
98.9	99.4	
99.1	99.4	
98.7	99.4	
99.3	69.1	
99.3	98.8	
98.9	99.4	
98.9	99.4	
98.9	99.2	
99.1	98.8	
98.5	99.2	
99.1	99.4	
99.1	99	
98.9	99.4	
99.3	88.9	
98.9	98.8	
99.1	99.2	
99.3	99.4	
98.9	99.4	
99.1	99.4	
98.9	99.4	
98.9	99.4	
99.3	99.2	
99.1	98.8	
99.3	99.2	
99.1	99.4	
99.3	99.2	
98.3	99.4	
99.1	99.2	
98.9	99.2	
98.9	99	
99.1	99.2	
99.3	99.4	
99.3	88.3	
99.3	99.2	
98.7	78.8	
99.3	99.6	
99.3	99.4	
99.1	99.4	
98.3	99.2	
99.1	98.8	
99.3	89.5	
99.1	99.4	
98.9	99.4	
98.7	99.4	
98.7	99.2	
99.1	99.2	
99.3	99.2	
99.3	99.2	
99.1	99.6	
99.1	99.4	
98.5	99.2	
98.5	99.2	
99.1	99	
99.1	99.2	
98.5	99	
98.9	99.2	
99.3	98.2	
99.3	99	
98.7	99.4	
99.1	99.2	
99.3	89.1	
99.3	99.4	
99.1	99.4	
99.1	99.4	
98.9	99.4	
98.7	99.2	
99.3	99	
98.7	99.2	
99.1	99	
99.3	99.2	
99.1	99.4	
99.3	99	
99.3	99.2	
99.1	99.2	
99.3	89.5	
98.7	99.4	
99.1	88.9	
99.1	99.4	
98.9	89.3	
99.3	98.6	
99.3	99.2	
99.3	89.5	
99.1	99.2	
98.7	99.4	
98.9	99.4	
98.9	88.9	
99.3	99.4	
98.7	99.2	
99.1	89.1	
99.3	89.5	
99.1	99.4	
98.9	99.4	
99.1	99.4	
98.9	99.2	
98.5	99.4	
99.3	88.7	
99.1	89.1	
99.3	99.4	
99.3	99.4	
99.1	99.4	
99.1	99.4	
98.3	89.3	
99.3	99.2	
99.1	99.2	
98.7	99	
98.5	99.4	
99.3	99.4	
99.3	89.1	
99.1	99.4	
99.1	99.4	
98.9	99.2	
99.1	89.1	
99.1	99.2	
99.3	99.4	
99.1	99.2	
99.3	89.5	
98.7	99.4	
99.3	99.2	
99.1	98.8	
99.3	99.2	
99.1	99	
99.3	88.9	
99.3	99	
99.3	99.2	
98.7	99.4	
99.1	99.4	
98.3	99.4	
98.5	99	
99.1	89.5	
99.1	99.2	
99.3	99.2	
98.7	99.4	
99.3	88.9	
99.1	89.5	
99.3	99.4	
99.1	89.3	
99.1	99.2	
99.3	99.2	
99.3	99.2	
99.1	89.5	
99.1	99.4	
99.3	99.2	
99.3	99	
99.3	99.4	
98.7	99.4	
98.9	99.4	
98.9	98.8	
99.1	99.4	
99.1	99.2	
99.3	99.2	
98.9	97.6	
98.1	99.4	
98.7	79.4	
99.3	99.2	
99.3	99.4	
99.3	99.4	
98.7	98.6	
99.3	99.4	
98.3	88.9	
99.3	99.4	
99.3	99.4	
99.1	98.8	
99.3	99.4	
98.9	99.2	
99.1	99.2	
99.1	99.4	
