99.3	89.7	
99.3	89.7	
99.3	89.7	
99.3	89.7	
99.1	89.7	
99.1	89.7	
99.1	89.7	
99.3	89.7	
99.3	89.5	
99.1	89.7	
99.1	89.5	
99.3	89.7	
89.2	89.7	
89.2	89.7	
99.3	89.3	
99.1	79.4	
99.3	89.5	
99.3	89.5	
99.3	89.7	
99.3	89.3	
98.9	79.6	
99.1	89.5	
98.9	89.7	
98.9	89.3	
78.5	89.7	
99.1	89.7	
98.5	89.7	
99.1	89.7	
99.3	89.7	
99.3	89.5	
99.1	89.7	
99.1	89.7	
99.1	89.7	
98.9	89.7	
98.7	89.3	
98.9	89.7	
99.3	89.7	
99.1	89.7	
98.9	79.6	
99.3	89.7	
98.7	89.5	
99.3	79.6	
98.9	89.7	
98.9	89.5	
99.3	79.4	
98.9	89.7	
99.3	89.7	
99.3	89.7	
98.9	89.7	
99.3	89.3	
99.3	89.5	
99.1	89.5	
99.1	89.3	
99.3	89.7	
99.1	89.7	
98.9	89.5	
99.3	89.7	
99.3	79.4	
99.1	89.7	
99.1	89.5	
99.1	69.5	
99.1	89.7	
98.9	89.7	
99.3	89.7	
99.1	89.5	
98.5	89.7	
98.7	89.3	
99.1	89.5	
99.1	89.5	
98.9	89.5	
99.3	89.7	
98.9	89.5	
88.8	89.7	
98.9	89.7	
99.3	89.5	
98.9	89.7	
99.3	89.7	
98.9	89.7	
99.3	79.2	
99.1	89.5	
98.7	88.9	
99.3	89.5	
99.1	89.7	
89	89.7	
98.9	89.5	
99.3	89.7	
99.3	89.7	
99.1	89.7	
98.9	79.6	
99.1	89.7	
99.1	89.7	
98.5	89.5	
99.3	89.7	
99.1	79.6	
89	69.1	
98.1	89.7	
99.1	89.7	
99.1	89.5	
98.9	89.7	
99.3	89.7	
99.1	89.3	
99.3	89.7	
99.3	89.7	
98.9	89.7	
99.3	89.5	
99.3	89.5	
99.3	89.7	
99.1	89.5	
98.9	89.7	
99.1	79.6	
98.7	89.7	
99.3	89.7	
99.1	79.6	
99.3	89.5	
99.1	89.7	
99.1	89.5	
99.3	88.9	
99.1	89.3	
99.3	89.5	
99.1	79.2	
98.7	89.7	
99.3	89.7	
99.3	89.5	
99.3	89.7	
98.9	89.7	
99.3	89.7	
99.3	89.7	
99.1	89.7	
99.3	79.6	
99.3	89.7	
99.3	89.7	
99.3	89.5	
99.1	89.7	
99.3	89.7	
99.3	89.7	
99.1	79.2	
99.1	89.7	
98.9	89.7	
99.3	89.5	
99.3	89.5	
99.1	89.7	
99.3	89.7	
99.3	89.7	
98.9	89.5	
99.3	89.5	
99.3	89.5	
99.3	79.6	
98.9	89.5	
99.3	89.7	
99.3	89.7	
98.9	89.7	
98.7	89.7	
98.9	89.7	
98.5	89.7	
98.5	79.4	
99.3	89.5	
99.3	89.7	
99.3	79	
98.9	89.7	
99.1	89.7	
99.3	89.7	
99.3	89.7	
99.1	89.5	
99.3	89.7	
99.1	89.7	
99.3	89.7	
98.9	79.4	
99.3	89.3	
99.3	89.7	
99.3	89.5	
99.1	89.7	
99.3	89.7	
99.3	89.5	
99.3	89.7	
99.1	89.7	
99.1	89.7	
98.7	89.7	
98.5	89.7	
99.3	79.6	
99.3	89.5	
98.3	79.6	
99.1	89.5	
98.3	89.7	
99.3	89.7	
99.3	89.7	
99.3	89.7	
98.9	89.7	
99.3	89.7	
98.7	89.5	
98.9	89.7	
98.9	89.3	
99.3	79.6	
99.3	89.7	
99.3	79.6	
99.1	79.4	
98.9	89.7	
99.1	79.6	
99.1	89.7	
99.1	89.5	
99.1	79.4	
99.3	69.5	
99.3	89.5	
99.1	79.6	
98.3	89.5	
99.3	89.5	
99.3	99.6	
99.3	89.7	
99.3	89.7	
98.1	89.7	
99.1	89.7	
98.9	89.7	
99.1	79.6	
99.3	89.7	
98.9	89.7	
99.1	79.6	
99.3	89.3	
98.9	89.7	
99.1	79	
99.3	79.6	
98.7	89.3	
99.3	89.5	
99.3	89.7	
98.9	89.7	
99.3	89.7	
99.3	89.7	
98.9	89.5	
98.7	89.7	
99.3	89.7	
99.1	89.7	
98.5	79.6	
98.9	89.7	
99.3	89.7	
99.1	89.7	
99.3	79.6	
99.3	89.7	
98.9	89.1	
99.1	89.7	
99.3	79.6	
99.3	89.7	
98.5	89.7	
99.3	89.7	
99.3	89.7	
99.3	89.7	
98.7	88.7	
99.1	89.7	
99.1	79.6	
99.1	89.7	
99.1	89.7	
99.3	89.7	
99.3	89.7	
99.3	89.7	
99.1	89.7	
99.1	59	
99.1	89.7	
99.3	89.7	
98.5	89.7	
98.9	79.6	
99.3	89.7	
99.1	89.7	
99.1	89.7	
99.3	79.4	
99.3	89.5	
99.1	89.7	
99.3	89.7	
99.3	89.7	
98.9	89.7	
99.3	89.7	
99.1	89.7	
99.3	89.5	
98.9	89.5	
99.3	89.7	
98.9	89.7	
99.1	89.5	
99.3	89.5	
99.3	89.1	
98.9	89.7	
99.3	88.9	
99.1	89.7	
99.3	89.7	
99.1	89.7	
99.3	89.7	
99.1	89.5	
99.1	79	
99.1	89.7	
99.1	89.7	
99.3	89.5	
99.3	89.7	
98.9	79.6	
98.3	89.5	
99.3	89.5	
99.3	89.5	
99.1	89.3	
99.3	79.4	
99.3	89.7	
99.3	89.7	
99.1	89.7	
99.3	69.3	
99.1	79.6	
99.3	89.7	
99.3	89.7	
99.3	89.7	
98.9	89.7	
99.1	89.7	
98.7	79.4	
99.1	89.7	
99.3	69.5	
98.7	79.6	
99.3	79.6	
99.3	89.7	
99.1	79.6	
98.9	79.6	
98.9	79.6	
98.9	89.7	
98.9	79.6	
98.7	89.7	
99.3	89.7	
98.9	89.7	
99.1	89.7	
98.5	89.5	
99.3	89.7	
98.9	89.7	
99.3	89.5	
98.9	89.7	
99.3	79.6	
98.9	89.7	
99.1	89.7	
99.3	89.7	
99.3	89.7	
98.9	79.6	
99.1	79.6	
99.3	89.7	
99.1	89.7	
99.3	89.7	
99.3	89.7	
98.9	89.7	
99.3	89.7	
99.1	89.7	
79.1	89.7	
99.3	89.7	
99.3	89.7	
99.3	89.5	
99.1	89.7	
99.1	89.7	
99.1	89.7	
88.8	89.7	
99.1	89.7	
98.9	89.5	
99.3	89.7	
98.9	89.7	
99.3	89.5	
99.1	89.7	
98.9	89.5	
98.9	89.5	
99.3	89.7	
98.5	89.5	
99.3	89.7	
98.9	89.7	
99.3	89.7	
99.1	89.7	
98.7	89.5	
98.7	89.7	
99.1	89.5	
98.9	89.5	
99.3	89.7	
98.9	89.7	
99.3	89.7	
99.1	89.7	
98.9	89.7	
99.3	89.3	
99.3	89.3	
99.3	89.7	
99.1	89.7	
98.9	89.7	
99.3	89.7	
99.3	89.7	
98.9	79.6	
99.3	89.3	
98.7	89.7	
98.7	89.7	
99.3	89.7	
99.1	89.7	
99.3	89.7	
99.3	89.1	
99.3	89.7	
98.7	79.6	
99.3	89.5	
99.3	89.7	
99.1	89.7	
98.9	79.6	
99.3	89.7	
99.3	89.7	
99.3	89.7	
99.3	89.5	
99.1	89.7	
99.3	89.5	
99.3	89.7	
98.7	89.7	
98.7	89.5	
99.3	89.7	
98.9	89.5	
99.3	89.5	
99.3	89.7	
98.9	89.5	
98.9	89.5	
99.3	89.7	
99.3	89.7	
99.1	89.7	
98.7	89.7	
99.3	89.3	
99.3	89.7	
99.1	79.6	
99.1	89.7	
99.3	89.7	
99.3	79.6	
98.5	89.5	
99.3	79.4	
99.1	79	
99.1	89.7	
99.3	89.7	
98.9	89.7	
98.7	89.7	
99.3	89.5	
99.1	79.6	
98.9	89.7	
98.9	89.7	
99.1	89.5	
98.9	89.5	
99.3	79.4	
89	89.7	
99.3	89.7	
98.7	89.3	
99.1	89.7	
99.1	89.7	
99.3	89.3	
99.3	89.7	
99.1	89.7	
99.1	89.7	
99.1	89.7	
99.3	89.7	
98.9	89.7	
99.1	89.3	
99.3	89.7	
98.5	89.7	
98.9	79.2	
99.3	89.7	
99.1	89.7	
99.3	89.7	
99.1	89.3	
99.1	99.6	
99.1	89.7	
99.3	89.7	
99.3	89.3	
99.1	89.3	
98.9	89.5	
99.1	89.7	
98.7	89.7	
99.3	79.6	
99.3	89.7	
99.3	89.7	
98.5	89.7	
99.3	89.7	
99.1	79.4	
99.1	89.7	
99.3	79.6	
98.9	89.7	
99.3	89.7	
99.3	89.7	
98.5	89.7	
99.3	89.5	
99.1	89.5	
98.9	89.7	
99.1	89.7	
98.9	89.7	
98.7	89.7	
99.3	79.6	
99.1	88.9	
99.3	89.7	
99.1	89.7	
99.3	79.6	
99.1	89.7	
99.3	79.6	
99.1	89.7	
99.3	89.7	
99.3	89.7	
99.3	89.7	
99.3	89.5	
99.1	89.7	
99.3	89.5	
99.3	89.7	
99.3	89.7	
99.3	79.6	
99.3	89.3	
98.9	89.7	
99.1	89.3	
98.7	79.6	
99.1	79.6	
99.3	89.1	
98.9	89.3	
98.9	89.7	
99.3	89.7	
99.1	89.7	
99.1	89.7	
99.1	89.5	
99.1	79.6	
99.3	89.3	
99.3	89.7	
99.3	89.7	
98.9	79.6	
98.7	89.7	
98.9	89.7	
99.1	89.7	
99.3	79.4	
99.3	89.7	
99.3	89.7	
99.3	89.7	
98.9	89.7	
99.1	89.5	
99.3	89.7	
99.3	89.7	
99.1	89.7	
99.3	89.7	
99.3	89.7	
99.3	89.7	
99.3	89.5	
99.3	89.3	
99.1	89.7	
99.3	89.7	
99.1	89.7	
99.1	89.7	
98.9	89.7	
99.1	89.3	
99.3	89.5	
99.3	89.7	
99.3	89.3	
98.9	89.7	
99.3	89.7	
99.3	89.7	
99.3	89.7	
98.9	89.7	
99.1	89.7	
98.9	89.5	
99.3	89.7	
99.3	89.7	
99.1	89.7	
98.9	89.7	
99.3	89.7	
99.3	89.3	
99.3	89.7	
99.1	89.7	
98.9	89.7	
99.3	89.5	
98.9	89.7	
98.7	89.5	
98.9	89.7	
98.7	89.7	
99.1	89.5	
98.9	89.7	
99.1	89.7	
99.3	79.2	
99.1	89.7	
99.1	89.7	
99.3	89.7	
99.1	89.7	
98.7	89.5	
99.1	89.7	
98.9	89.7	
99.3	79.6	
99.1	79.6	
98.9	89.5	
99.1	89.7	
99.3	79.6	
99.3	89.7	
98.7	89.7	
98.9	89.7	
98.5	79.6	
99.3	88.9	
99.3	89.5	
98.9	89.5	
98.9	89.7	
98.7	89.7	
99.3	89.7	
99.3	89.7	
98.9	89.7	
99.1	89.7	
99.1	89.7	
98.9	89.5	
99.3	89.7	
98.3	89.7	
99.1	89.7	
99.1	89.7	
98.5	89.5	
99.1	89.5	
99.1	99.6	
99.1	89.7	
99.1	89.5	
99.1	89.7	
98.9	89.3	
99.3	79.4	
99.3	89.7	
99.1	89.7	
99.1	89.7	
99.3	89.7	
99.1	89.7	
99.3	89.7	
99.1	79.2	
98.7	89.7	
99.1	89.7	
98.9	89.7	
98.7	89.7	
99.3	89.7	
99.1	79.6	
98.7	89.7	
98.7	89.7	
98.7	89.7	
99.3	89.7	
99.3	89.7	
99.3	89.7	
98.9	89.5	
99.1	69.5	
99.3	89.1	
99.1	89.7	
98.5	79.2	
98.5	89.7	
99.3	79.6	
99.3	89.7	
99.3	89.7	
99.1	89.7	
99.3	89.3	
98.5	89.7	
99.3	89.7	
99.1	89.5	
99.1	89.5	
99.3	69.5	
98.5	89.7	
99.3	79.2	
99.1	89.7	
98.9	89.7	
99.3	89.7	
89	89.7	
98.9	89.7	
99.3	79.4	
99.3	89.7	
98.9	89.7	
98.9	89.3	
99.3	79.2	
99.3	89.7	
99.1	89.7	
99.3	89.7	
99.3	89.5	
99.1	89.7	
99.3	89.7	
98.9	89.5	
99.3	89.3	
99.1	89.7	
99.3	89.5	
98.9	89.7	
99.3	89.5	
99.1	79.6	
99.1	79.6	
98.9	89.5	
99.1	89.7	
99.1	89.7	
99.3	89.7	
79.1	89.5	
99.1	89.7	
99.3	89.7	
99.1	89.7	
99.3	89.7	
99.1	89.7	
98.3	89.7	
99.3	89.7	
98.9	89.5	
99.1	79.4	
98.5	89.5	
99.3	89.7	
99.3	89.7	
99.1	89.3	
99.3	89.7	
98.9	89.7	
99.3	89.7	
98.3	89.7	
99.3	89.7	
99.3	89.7	
99.3	89.3	
98.5	89.7	
99.3	79.6	
99.3	79.6	
99.3	89.5	
99.3	89.5	
99.1	89.7	
99.1	89.7	
99.1	89.7	
98.5	89.5	
99.1	79.6	
99.3	89.7	
99.1	89.7	
99.1	89.5	
99.3	89.7	
99.3	79.4	
99.3	79.6	
99.3	89.7	
99.3	89.5	
99.3	89.7	
99.3	89.7	
98.5	89.3	
98.9	89.7	
99.1	89.7	
99.3	89.3	
98.7	89.5	
98.9	89.7	
99.3	89.3	
98.7	89.7	
99.3	89.7	
99.1	89.7	
99.3	89.5	
99.1	79.4	
98.5	89.5	
99.1	89.7	
98.9	89.7	
99.3	79.6	
99.3	79	
99.3	89.7	
88.8	79.6	
98.7	89.7	
99.1	79.6	
98.9	89.3	
99.1	89.5	
98.7	89.7	
98.9	89.7	
99.3	79.6	
99.1	89.7	
99.3	89.7	
99.1	89.7	
99.3	89.7	
99.1	89.7	
98.9	89.7	
99.3	89.7	
99.1	89.5	
99.1	89.7	
99.1	89.7	
99.1	89.7	
99.3	89.7	
98.9	89.5	
99.3	89.5	
98.9	79.6	
99.3	89.7	
99.1	89.7	
99.1	89.5	
99.3	89.7	
99.3	89.5	
98.7	89.7	
99.3	89.7	
99.1	89.7	
99.3	89.7	
98.9	89.7	
98.9	89.7	
98.9	89.7	
99.1	89.7	
99.3	89.7	
99.1	89.5	
98.9	79.6	
99.3	89.7	
98.9	89.7	
99.1	89.7	
99.3	89.3	
99.3	89.5	
99.1	79.6	
99.1	89.5	
99.3	89.7	
79.3	89.7	
99.3	89.5	
99.1	79.6	
99.1	89.7	
99.1	89.5	
98.9	89.7	
99.1	89.7	
99.1	89.7	
98.9	89.7	
98.5	79.6	
98.3	89.7	
99.1	89.5	
99.1	89.5	
98.9	79.6	
99.1	89.7	
99.3	89.5	
97.9	79.4	
99.3	89.7	
99.3	89.7	
99.3	89.7	
99.3	89.7	
98.3	89.7	
99.3	79.6	
99.3	89.7	
98.7	79.6	
99.3	79.6	
99.3	89.7	
99.1	89.5	
99.3	89.7	
98.3	69.5	
99.3	89.7	
98.5	89.5	
99.1	89.5	
99.3	59.4	
99.3	89.7	
98.9	89.7	
99.3	89.7	
99.3	89.5	
99.3	79.6	
98.5	89.7	
98.9	69.5	
99.3	89.5	
99.1	89.5	
99.1	89.5	
99.3	89.7	
98.9	89.1	
99.3	89.3	
99.1	89.7	
99.3	89.7	
99.3	89.3	
99.1	89.7	
99.1	79.6	
99.3	89.7	
99.1	89.7	
98.9	79.6	
99.3	89.7	
98.7	89.7	
99.3	89.7	
97.9	89.7	
99.1	89.5	
98.7	89.7	
99.1	89.7	
99.3	89.1	
99.3	89.7	
99.3	89.7	
99.1	79.4	
99.1	89.7	
99.3	89.3	
99.3	79.6	
99.3	89.7	
99.3	89.7	
99.1	89.7	
99.3	69.1	
99.1	89.7	
98.5	89.7	
98.7	89.5	
99.1	89.7	
98.9	89.7	
99.1	89.7	
99.3	89.5	
98.7	89.7	
99.3	89.7	
99.1	79.4	
99.3	69.5	
99.1	89.7	
99.3	89.7	
99.3	89.7	
99.3	89.7	
98.9	89.7	
99.3	89.7	
99.1	89.7	
99.1	89.7	
99.1	79.2	
99.1	89.7	
99.3	79.2	
98.9	89.7	
98.7	89.7	
98.9	89.7	
89.2	79.2	
99.3	89.7	
99.1	89.7	
99.1	89.7	
99.3	89.7	
98.9	89.1	
99.3	89.7	
99.1	89.7	
99.1	89.3	
99.1	89.5	
99.3	89.7	
98.9	89.7	
99.3	89.7	
99.3	79.6	
99.3	89.7	
99.3	89.5	
99.1	69.5	
99.1	79.6	
99.3	89.7	
99.1	89.5	
99.3	89.7	
99.3	89.3	
99.1	89.7	
99.3	79.6	
99.3	89.7	
99.1	89.3	
99.1	89.7	
98.9	89.7	
99.1	89.7	
99.1	69.3	
98.9	89.7	
99.1	89.7	
99.1	79.6	
99.3	89.5	
99.1	89.7	
98.9	89.7	
99.3	89.5	
98.7	89.7	
99.3	89.7	
98.7	89.5	
99.1	89.7	
98.5	89.7	
99.1	79.4	
98.7	89.7	
99.1	89.7	
98.9	89.5	
99.3	89.7	
99.1	79.6	
99.1	89.7	
99.3	99.4	
99.1	89.7	
99.3	89.7	
98.5	89.5	
98.7	79.6	
99.3	89.3	
99.3	89.7	
99.3	89.7	
98.9	89.3	
99.1	89.7	
98.9	89.7	
99.1	89.7	
99.1	59.4	
99.1	89.7	
99.3	89.7	
99.3	89.5	
99.1	69.3	
99.3	99.2	
98.9	89.7	
99.1	89.5	
99.1	89.7	
99.1	89.7	
99.3	89.7	
99.1	89.7	
98.9	89.7	
98.7	89.7	
99.1	89.7	
99.1	89.7	
99.3	89.7	
99.3	89.5	
99.3	79.4	
98.7	79.6	
98.7	89.5	
99.1	89.7	
98.9	89.7	
99.3	89.7	
99.1	89.5	
99.1	89.7	
99.1	89.7	
99.3	79.6	
99.1	79.6	
99.3	69.3	
99.3	89.7	
99.1	89.7	
99.3	89.7	
99.1	79.4	
99.3	89.1	
99.3	89.5	
99.3	89.7	
98.9	79.4	
99.3	89.7	
99.1	89.7	
89.2	89.7	
99.1	89.7	
99.3	69.5	
98.7	89.7	
99.1	89.7	
98.9	89.7	
99.3	89.7	
99.1	89.5	
99.3	89.7	
99.3	79.6	
99.1	89.5	
99.3	89.7	
98.7	89.7	
99.3	89.7	
99.1	89.7	
98.9	89.7	
99.3	89.7	
99.3	89.7	
99.3	89.5	
98.7	89.7	
99.1	89.7	
99.1	89.5	
99.1	79.6	
99.1	89.7	
98.9	89.7	
99.3	89.7	
98.9	89.7	
98.9	89.7	
88.8	89.7	
98.5	89.7	
99.3	79.6	
99.1	89.7	
