89.2	89.7	
98.7	89.5	
99.3	89.7	
99.3	89.7	
99.1	89.7	
99.1	68.9	
99.3	89.7	
78.5	79.6	
99.1	89.7	
88.8	89.7	
99.3	89.3	
88.8	89.7	
98.7	79.6	
98.9	89.7	
98.9	99.2	
98.9	79.4	
97.9	79.6	
98.7	89.7	
98.7	89.7	
99.3	89.5	
99.3	89.7	
98.9	89.7	
99.3	79.4	
99.1	89.5	
89.2	89.5	
99.3	89.7	
78.7	89.7	
99.1	89.3	
89.2	89.7	
98.3	89.3	
98.9	89.3	
98.9	89.7	
89.2	79.6	
98.9	79.2	
99.3	79.4	
98.9	89.7	
98.9	88.9	
99.3	89.1	
88.8	78.8	
99.3	69.3	
99.3	79.6	
99.1	89.5	
98.5	89.5	
89	89.7	
89.2	89.5	
99.3	89.7	
88.6	89.3	
99.1	89.1	
89.2	89.7	
88.8	89.5	
99.3	79.4	
99.3	89.7	
99.1	89.5	
99.1	99.2	
78.5	89.7	
99.1	79	
98.9	89.7	
88.2	89.3	
99.1	89.7	
99.1	99.2	
98.7	89.3	
99.1	89.7	
98.3	89.5	
99.1	89.7	
99.1	79.4	
88.4	78.6	
78.5	89.5	
99.1	89.5	
98.7	69.3	
99.1	89.7	
98.7	89.5	
98.9	89.7	
99.1	89.5	
98.9	89.7	
99.1	99.6	
89.2	79.6	
99.3	89.7	
99.3	79.6	
88.4	89.5	
89	89.1	
87.6	89.7	
98.9	89.7	
99.3	99.6	
99.1	89.7	
99.1	89.7	
98.7	89.7	
99.3	89.5	
99.1	89.5	
99.1	89.7	
88.2	89.7	
99.3	89.7	
68.4	89.7	
99.3	99.6	
88.4	89.5	
99.3	89.5	
99.3	99.6	
99.1	99.6	
98.9	99.6	
99.3	89.7	
98.9	89.5	
98.9	89.5	
99.1	89.1	
98.7	79.4	
88.8	89.7	
99.1	89.7	
99.3	89.7	
99.3	99.2	
99.1	89.7	
99.3	89.7	
98.9	89.5	
99.1	89.7	
89	79.6	
99.1	89.7	
98.7	89.5	
99.1	79.6	
99.1	89.7	
99.3	89.7	
99.3	89.7	
99.3	89.5	
88	89.7	
77.7	89.5	
99.1	99.4	
99.3	79.6	
99.3	89.7	
99.1	89.7	
88.4	89.5	
98.5	89.3	
98.7	89.3	
99.3	79.4	
99.1	89.7	
99.3	79.6	
98.5	79.6	
99.3	89.5	
99.1	89.7	
99.3	89.5	
99.1	89.7	
98.7	89.7	
99.1	89.5	
99.3	89.7	
98.9	89.5	
89.2	79.4	
78.7	99.6	
89.2	89.5	
99.1	89.7	
99.3	48.9	
99.1	89.7	
99.3	89.5	
79.3	89.7	
99.1	98.8	
99.1	89.7	
99.1	89.7	
99.1	89.7	
99.3	89.7	
89	96.4	
99.3	89.7	
99.3	99.6	
78.1	99.6	
99.1	99.6	
99.1	89.3	
99.1	89.7	
89	89.7	
99.1	99.6	
98.9	79.6	
88.8	89.7	
99.3	79.6	
98.7	89.7	
98.3	89.7	
78.1	89.7	
58.9	89.5	
88.4	89.7	
98.7	79.6	
99.3	89.5	
99.3	89.5	
98.9	89.5	
99.3	89.7	
87.8	89.5	
99.1	69.5	
99.3	99.6	
99.1	89.7	
98.7	99.6	
98.9	89.7	
99.1	89.5	
99.3	79.4	
99.3	99.4	
98.5	79.4	
99.3	89.7	
99.1	99.2	
88.8	89.5	
98.7	89.5	
99.3	89.7	
99.3	89.7	
99.1	89.7	
98.9	89.7	
98.9	79.6	
88.4	89.7	
67.8	89.7	
98.9	79.6	
99.1	48.7	
99.1	68.7	
98.9	89.7	
89	88.9	
99.1	79.6	
99.1	89.7	
99.3	79.6	
98.9	99.6	
98.5	89.7	
98.9	89.7	
99.1	99.6	
99.1	89.7	
99.3	89.5	
99.1	89.5	
99.1	89.7	
98.9	89.7	
99.1	79.6	
99.3	69.5	
99.3	89.7	
99.1	89.7	
99.1	89.7	
89	89.7	
99.1	89.7	
99.1	89.7	
99.1	89.5	
98.7	89.7	
99.3	89.7	
99.1	89.5	
98.9	89.7	
99.3	79.6	
88.8	89.7	
99.3	89.7	
98.9	99.4	
88.4	89.7	
98.9	96.4	
98.3	89.7	
99.3	89.7	
98.3	89.3	
88.6	79.4	
99.1	89.3	
99.3	69.5	
98.9	89.7	
99.3	89.7	
98.9	89.5	
98.9	89.7	
88.8	89.5	
99.1	99.4	
99.1	89.5	
98.5	89.5	
99.3	89.7	
98.9	89.7	
99.3	89.7	
99.1	79.4	
98.9	89.7	
98.5	89.5	
79.1	79.4	
98.9	79.6	
98.9	89.7	
98.9	89.7	
99.1	89.7	
99.1	79.4	
99.1	89.3	
99.1	89.7	
98.7	89.7	
99.1	79.4	
99.1	89.7	
98.9	99.6	
99.1	89.7	
98.9	89.7	
99.1	89.7	
99.1	89.7	
99.3	89.7	
98.9	89.7	
88.2	89.7	
99.3	89.7	
99.1	79.2	
67.2	89.5	
99.3	79.6	
79.3	79.4	
98.1	89.7	
88.2	89.7	
89.2	89.7	
99.3	99.4	
36.5	89.7	
99.3	89.7	
88.4	89.3	
98.7	89.7	
99.3	79.6	
98.7	79.6	
99.1	89.7	
99.1	89.3	
98.5	89.7	
78.9	89.7	
98.9	89.7	
98.9	79.6	
98.9	89.7	
99.3	89.5	
99.3	67.3	
99.1	89.5	
98.9	79.6	
99.1	89.7	
99.3	89.7	
99.3	92.2	
99.3	88.9	
99.1	79.2	
98.9	89.5	
98.9	99.4	
88.8	79.6	
99.3	89.5	
99.3	89.3	
98.5	89.5	
99.1	89.5	
88.8	79.6	
98.9	89.7	
99.3	89.5	
98.3	79.6	
98.9	79.6	
98.9	89.7	
98.9	79.4	
89	99.6	
99.3	89.7	
99.3	89.7	
98.7	89.7	
98.9	89.3	
98.9	68.9	
98.5	89.5	
99.3	89.7	
99.1	89.3	
98.7	89.7	
99.3	89.5	
99.1	79.4	
99.1	79.6	
98.9	99.6	
99.1	89.7	
98.7	89.7	
98.9	89.7	
99.1	99.6	
88.6	78.4	
99.1	79.6	
98.9	69.5	
98.7	89.5	
89.2	89.5	
99.3	89.5	
98.9	89.7	
98.9	99.6	
99.3	79.6	
99.1	99	
99.1	89.5	
98.7	99.6	
98.7	89.5	
88.8	89.7	
89.2	89.7	
89	89.7	
99.3	89.7	
89.2	79.6	
99.3	89.5	
99.3	89.3	
99.3	89.5	
99.3	89.7	
99.3	89.7	
88.4	69.1	
99.3	89.7	
99.3	89.1	
98.7	89.7	
99.1	99.6	
98.9	89.7	
98.7	89.5	
89.4	79.4	
99.1	89.7	
99.3	89.5	
99.3	89.7	
98.7	89.5	
88.6	79.6	
99.3	89.7	
99.3	89.5	
99.1	89.7	
99.1	89.7	
99.3	79.6	
99.1	89.5	
98.7	89.7	
99.3	89.7	
99.1	89.7	
88.8	89.7	
98.9	79.2	
99.1	89.7	
98.9	89.7	
99.3	89.5	
99.1	89.7	
88.8	79.6	
98.9	89.5	
99.1	89.5	
99.1	89.7	
99.1	89.7	
98.9	89.5	
99.3	81.9	
98.5	89.7	
68.2	79.6	
98.9	89.7	
89.4	89.7	
99.3	89.7	
99.1	89.7	
98.9	89.7	
99.3	79.6	
99.3	89.7	
99.3	79.6	
78.7	89.7	
99.1	89.7	
98.7	89.7	
99.3	89.7	
99.3	89.7	
99.3	89.3	
99.3	89.5	
98.7	89.7	
89.2	89.7	
99.1	89.7	
99.1	89.5	
99.3	89.5	
98.5	89.7	
99.3	89.5	
98.9	79.6	
99.3	89.5	
99.3	89.7	
99.1	89.7	
99.3	89.7	
78.9	89.5	
98.5	99.6	
69	89.5	
89.2	89.7	
99.3	89.5	
98.9	89.5	
98.9	89.5	
88.6	89.5	
99.3	89.5	
99.1	79.6	
99.3	89.7	
88.2	89.7	
79.1	89.5	
99.3	89.5	
99.3	99.4	
99.1	89.7	
99.3	89.3	
98.9	85.9	
98.1	79.2	
99.1	79.2	
99.1	89.7	
99.1	59.4	
88.8	89.5	
99.1	79.4	
98.9	79.4	
99.1	99.4	
98.9	88.7	
89.2	89.7	
98.5	89.7	
89.4	89.7	
99.1	89.5	
99.1	79.6	
98.9	92.6	
99.1	89.7	
99.1	89.7	
99.3	89.7	
79.1	89.7	
99.3	78.6	
98.9	79.4	
78.9	89.7	
89.2	89.5	
88.8	69.1	
99.1	79.2	
98.5	89.5	
99.3	89.7	
97.7	79.4	
89	89.7	
99.1	89.5	
99.3	79.6	
99.1	89.3	
68.4	89.7	
98.5	99.4	
99.1	89.5	
99.1	69.3	
97.9	88.9	
99.1	89.3	
89.2	89.5	
99.1	89.7	
99.3	89.7	
89.2	89.7	
99.1	89.7	
99.3	89.7	
98.5	69.1	
99.3	89.7	
98.5	89.3	
98.7	89.5	
99.1	98.4	
98.1	89.3	
98.7	99.6	
88.4	89.5	
98.7	89.7	
88.8	99.4	
88.6	59	
99.1	89.7	
99.1	89.7	
98.3	79.6	
88.8	79.6	
99.1	89.5	
98.9	89.7	
88.4	89.5	
99.3	89.5	
98.7	89.7	
98.5	89.7	
99.1	89.5	
89	89.7	
99.3	89.7	
99.3	89.3	
89.2	83.1	
99.1	79.6	
99.1	99.4	
98.9	89.7	
68.8	99.6	
89.2	89.3	
99.1	89.5	
99.1	89.7	
99.3	89.7	
88.6	99.4	
88.8	69.5	
98.9	89.7	
98.7	89.7	
89	79.2	
88.2	89.7	
98.9	89.7	
99.1	89.7	
99.3	89.7	
99.1	69.5	
99.1	79.6	
99.3	89.7	
99.3	69.5	
99.3	89.1	
89	89.7	
98.9	78.8	
99.3	89.7	
89.2	79.4	
98.9	89.5	
89	99.6	
99.3	89.3	
99.3	89.5	
98.5	89.3	
89.2	89.7	
89	89.5	
98.9	89.7	
89	89.7	
99.3	89.7	
99.1	89.5	
98.9	89.7	
98.7	89.5	
99.3	89.7	
99.3	89.7	
88.8	89.7	
89	79.6	
88.2	89.7	
99.1	89.3	
99.3	79.4	
98.9	89.7	
98.9	79	
88.6	98.8	
98.5	99.6	
87	89.7	
99.3	79.4	
99.1	89.7	
88.2	99.4	
99.3	89.3	
99.1	99.4	
99.3	79.6	
99.1	89.7	
99.3	79.6	
98.9	99.6	
99.1	89.5	
88.8	89.7	
58.3	89.7	
99.1	69.3	
99.1	89.5	
98.7	89.7	
98.3	79	
98.5	89.7	
99.3	89.7	
99.3	99.6	
99.1	89.5	
98.9	89.5	
99.1	99.6	
98.7	79.4	
98.7	89.7	
98.9	89.5	
98.5	89.7	
99.3	89.7	
99.1	79.6	
98.9	89.5	
99.1	99.6	
99.1	99.6	
99.3	79.6	
99.1	89.3	
98.7	89.5	
98.7	82.7	
99.3	99.4	
99.3	89.5	
88.8	89.1	
99.3	89.5	
99.3	99.6	
99.3	99.4	
99.3	89.5	
99.3	89.5	
98.5	99.6	
99.1	79.4	
99.3	79.6	
99.3	89.5	
88.6	89.3	
99.1	89.5	
98.7	89.7	
98.9	89.3	
88	89.7	
99.3	89.7	
98.9	89.7	
89	88.7	
89.4	89.7	
98.7	89.7	
88.8	99.6	
99.3	89.7	
99.3	89.7	
89	79.6	
98.9	89.7	
98.7	89.7	
99.1	79.2	
89.2	69.5	
99.3	89.7	
88.8	89.7	
99.1	89.5	
99.3	89.1	
88.6	89.5	
99.3	89.7	
99.3	79.2	
78.1	99.2	
99.3	89.5	
99.3	89.7	
99.3	89.5	
99.1	79.4	
98.3	79.4	
88.2	89.1	
99.3	69.3	
99.1	89.1	
99.1	89.7	
88.8	79.6	
99.3	89.7	
89	99.6	
98.7	89.5	
98.7	76	
99.3	89.7	
98.9	89.5	
99.1	89.7	
99.3	89.7	
98.9	89.5	
99.3	99.4	
98.7	79.4	
99.3	79.4	
98.9	89.7	
99.3	48.9	
99.3	89.7	
99.3	89.5	
99.1	99.4	
98.9	89.5	
99.1	89.7	
99.3	79.6	
98.7	79.2	
98.5	69.1	
89	79.4	
98.7	89.5	
98.9	79.4	
99.1	69.3	
78.1	59.2	
99.1	89.5	
98.9	79.2	
98.7	99.4	
88.6	89.7	
98.9	79.6	
98.9	77.5	
89.2	89.7	
99.3	89.7	
99.1	89.3	
98.7	89.5	
99.3	79.2	
99.1	89.7	
87.4	89.7	
99.1	89.5	
99.1	89.5	
99.3	89.7	
99.1	89.7	
89	79.4	
98.7	79.4	
89.2	89.7	
99.3	89.3	
99.3	89.7	
99.3	89.7	
99.1	89.7	
99.3	89.7	
88.4	89.7	
88.8	79.6	
98.9	89.7	
99.1	89.7	
99.1	89.1	
99.3	89.3	
89.2	89.5	
88.8	79.4	
98.9	89.7	
99.1	89.7	
98.3	89.7	
98.7	89.7	
89.2	89.7	
99.1	97.2	
99.1	79.2	
98.9	89.7	
99.3	89.5	
99.3	89.7	
89.4	79.4	
97.9	89.7	
88.6	79.2	
98.9	89.7	
99.3	89.5	
98.9	89.7	
99.1	89.7	
88.2	89.5	
99.1	89.5	
99.1	99	
79.1	89.7	
88.8	89.5	
98.7	99.6	
88.4	89.5	
89.2	79.4	
98.9	99.4	
99.3	89.5	
99.3	89.7	
98.5	89.7	
99.1	89.7	
89.2	99.6	
88.4	79.2	
69.2	89.7	
99.1	89.5	
98.9	89.7	
88.2	89.3	
88.8	89.7	
98.5	89.3	
99.1	89.7	
98.9	78.8	
98.9	89.7	
99.1	89.7	
98.3	89.7	
99.1	51	
99.1	79.4	
98.5	89.5	
98.7	89.7	
99.3	79.6	
99.3	89.5	
88.4	89.7	
99.1	89.7	
98.5	69.1	
99.3	99.4	
99.3	79.4	
99.1	89.5	
87.6	99.4	
78.9	89.7	
98.9	99.6	
99.3	89.7	
98.7	89.7	
98.5	89.7	
99.1	79.2	
99.3	89.7	
98.7	89.7	
99.3	79.6	
99.1	79.4	
98.9	80.1	
98.5	99.6	
99.3	89.5	
98.9	69.1	
98.7	89.5	
89.4	89.7	
99.1	89.5	
99.3	89.7	
99.3	89.7	
98.9	89.5	
99.3	79.6	
99.1	79.6	
99.3	89.7	
98.1	99.6	
99.3	89.3	
99.3	89.7	
89	89.7	
99.1	89.7	
99.1	65.9	
99.3	89.7	
98.5	58.8	
68.8	89.7	
98.7	89.7	
99.3	89.7	
99.3	89.5	
99.3	89.7	
97.3	99.2	
99.1	89.5	
99.3	99.6	
99.3	89.7	
99.1	99.6	
98.9	89.7	
98.9	89.7	
98.7	99.6	
99.3	88.5	
89	99.6	
88.8	58.8	
78.5	78.8	
99.3	69.3	
98.7	79.6	
99.3	89.7	
99.3	89.7	
99.3	89.7	
99.1	89.7	
99.1	89.7	
99.3	89.7	
68.4	89.7	
99.3	89.7	
98.5	99.4	
98.7	89.7	
98.9	99.6	
99.1	99	
99.3	89.3	
89	89.7	
99.3	89.7	
99.3	89.7	
98.5	89.5	
99.1	89.7	
97.5	79.4	
99.3	79.4	
99.1	89.7	
99.1	79.4	
89.2	89.7	
98.9	99.6	
99.3	89.7	
89	79.6	
98.9	89.3	
99.3	89.7	
99.3	89.3	
78.5	89.7	
98.9	79.6	
88.6	89.7	
99.1	79.4	
98.9	89.3	
99.3	89.7	
99.3	89.7	
99.3	99.6	
98.7	89.7	
99.1	89.7	
99.3	89.7	
87.8	89.7	
89	99.6	
98.5	89.5	
98.9	89.7	
99.3	79.6	
99.3	89.7	
99.1	89.5	
99.3	89.7	
99.1	99.4	
98.7	89.7	
99.1	89.3	
99.1	89.5	
99.3	89.7	
99.3	89.1	
99.3	79.4	
98.5	89.7	
99.3	89.7	
99.3	69.3	
98.5	89.7	
88.6	89.5	
99.3	99.4	
99.3	79.4	
78.9	89.1	
99.3	79.6	
69.2	99.6	
99.3	89.7	
98.7	89.7	
89.2	89.7	
99.3	99	
88.8	79.4	
98.7	89.7	
88.8	89.7	
89	79.4	
99.3	99.4	
99.1	89.7	
99.1	89.5	
89.2	89.5	
98.5	99.6	
99.1	79.2	
99.1	89.3	
99.1	79.2	
98.7	89.7	
88.6	89.3	
99.3	89.7	
89.2	99.4	
89	89.7	
68.6	89.5	
98.9	79.4	
99.1	89.7	
99.3	89.5	
98.3	79.4	
99.3	99.2	
99.3	89.5	
99.1	89.5	
99.3	88.9	
99.1	89.1	
89.4	69.1	
99.3	89.7	
98.7	89.3	
88.4	89.5	
98.5	89.7	
98.9	89.5	
79.1	89.7	
99.3	89.7	
88.8	89.3	
99.1	89.7	
89.4	79.4	
98.7	89.7	
99.3	89.5	
99.3	79.4	
99.3	89.7	
99.1	89.3	
99.1	89.5	
99.3	89.7	
89.2	79.4	
99.3	89.5	
98.7	99	
99.1	89.7	
99.3	89.7	
99.1	89.7	
89	79.6	
98.9	59	
98.5	89.5	
98.9	89.7	
78.9	89.7	
98.9	89.7	
99.1	89.5	
99.1	89.5	
99.1	89.7	
98.7	89.5	
99.1	89.1	
99.3	89.5	
98.7	79.6	
99.3	89.3	
88.6	79.4	
99.3	89.7	
89	89.7	
99.3	89.5	
99.3	89.5	
98.9	89.5	
99.3	99.4	
99.3	69.3	
98.9	89.7	
98.9	98.6	
99.1	98.2	
78.7	89.5	
99.1	99.4	
99.3	89.7	
98.7	89.7	
99.3	89.7	
78.7	89.7	
99.3	89.3	
98.9	79.6	
99.1	89.5	
99.1	69.3	
98.9	89.5	
98.9	89.7	
99.1	89.5	
99.1	89.7	
99.3	89.5	
99.3	89.7	
99.1	89.7	
98.9	89.7	
98.9	79.6	
99.3	89.5	
99.3	89.7	
99.3	89.7	
99.1	89.7	
99.1	89.7	
98.9	89.7	
98.9	89.7	
99.1	89.7	
78.7	89.7	
98.5	89.7	
99.3	89.7	
78.3	89.7	
78.1	69.5	
99.1	89.7	
88.2	89.5	
99.1	88.9	
88.8	79.4	
99.1	79.6	
99.3	89.7	
98.9	89.7	
99.3	89.7	
88.8	69.5	
99.1	89.3	
99.3	89.3	
99.1	89.7	
98.9	89.5	
89.2	79	
