88	99.6	
89.2	99.6	
99.3	99.6	
78.9	99.6	
98.5	99.6	
99.3	99.4	
99.1	98.8	
99.3	99.6	
98.9	89.7	
78.3	89.7	
99.3	99.4	
89.2	99.4	
99.1	99.4	
89.2	99.4	
99.3	99.6	
89.2	89.5	
98.9	99.6	
89	99.6	
89.2	89.7	
99.1	99.6	
99.3	98.8	
98.7	99.6	
99.1	99.6	
99.1	89.5	
99.1	99.6	
98.5	99.6	
99.3	99.6	
99.1	89.5	
98.1	99	
99.1	89.7	
98.5	99.6	
99.3	99.4	
98.9	99.6	
99.1	89.3	
98.9	99.6	
99.3	99.6	
99.3	99.2	
99.3	79.2	
99.3	89.1	
99.1	99.6	
49.4	99.4	
98.9	99.6	
98.9	89.7	
78.7	99.2	
99.3	99.6	
99.1	89.5	
98.5	99.6	
89	99.4	
88.8	99.2	
89.2	99.6	
99.3	99.6	
89	99.4	
99.3	89.7	
98.9	99.6	
99.3	99.6	
98.7	89.1	
99.3	99.6	
99.3	99.2	
88.8	99.4	
98.9	89.5	
99.1	99.6	
99.3	99.2	
99.1	99.6	
99.3	99.2	
99.3	89.3	
99.3	99.6	
99.1	99.6	
99.3	99.6	
99.1	99.4	
99.3	99.6	
98.9	99.6	
99.3	99.2	
99.3	99.4	
99.1	99.6	
99.3	99.4	
89	88.9	
89.2	99	
99.3	99.6	
98.9	99.4	
89.4	99.6	
99.1	99.4	
99.1	99.6	
98.9	99.2	
99.3	99.6	
98.7	99	
89.2	99.6	
89	99.4	
99.3	89.3	
99.3	99.4	
99.1	89.7	
89.2	99.4	
99.3	99.4	
99.3	99.6	
99.3	99.6	
89.2	99.6	
99.1	99.2	
79.1	99.6	
99.3	99.4	
89.4	89.7	
99.3	99.4	
89	99.6	
99.1	99.4	
98.7	99.6	
98.7	89.3	
99.3	99.4	
89.2	99.4	
99.1	79.4	
99.3	99.2	
98.3	99.4	
88.6	99.4	
98.7	98.8	
98.7	89.5	
98.9	99.6	
99.1	99.6	
99.1	99.6	
99.3	99.6	
98.5	99	
99.3	99.6	
89	99.6	
98.5	89.5	
88.8	99.6	
99.1	99.6	
98.7	99.4	
98.9	99.4	
98.5	99.4	
99.3	89.7	
99.1	99.4	
99.1	99.6	
99.1	99.4	
99.3	99.6	
99.1	99.6	
89	99.2	
89.4	99.6	
99.1	99.6	
89.2	99.6	
99.3	99.4	
99.3	99.4	
98.7	89.3	
68.8	99.6	
99.3	99.6	
98.9	99.4	
98.9	99.6	
98.9	99.6	
88.4	99.4	
99.3	99.4	
99.1	99.2	
88.2	99.2	
99.3	99.4	
79.1	89.7	
99.3	99.4	
99.3	99	
99.1	99.6	
99.1	99.6	
99.3	99.6	
98.9	99.6	
99.1	99.4	
98.9	99.6	
99.1	89.1	
99.3	99.2	
99.1	99.4	
99.3	99.4	
89.2	99.6	
98.9	88.9	
89.4	99.6	
99.1	99.4	
98.7	89.7	
98.9	99.6	
99.3	89.5	
98.9	99.6	
99.1	99.6	
79.3	99.2	
89.2	99.6	
98.7	99.4	
89.2	99.4	
98.9	99.4	
89	89.5	
99.3	99.6	
98.9	99.6	
89	99.2	
89	99.6	
98.9	99.2	
98.9	99.4	
78.9	99.6	
99.1	89.3	
99.3	99.6	
99.1	99.6	
98.9	99.6	
89	89.3	
99.1	98.8	
99.1	99.6	
79.1	99.4	
99.3	99.4	
99.1	89.3	
88.6	99.4	
98.1	99.6	
98.9	99.6	
99.3	99.4	
99.3	89.5	
99.1	99.6	
99.3	99.6	
88.8	99.4	
98.5	99.6	
88.2	98.8	
98.9	99.6	
99.1	99.2	
98.9	99.6	
99.3	89.7	
99.3	99.4	
99.3	99.4	
99.3	99.6	
99.3	99.6	
98.5	79.4	
98.7	99.6	
99.1	99.6	
78.9	89.5	
98.9	99.6	
99.1	99.6	
79.1	99.2	
99.1	99.6	
99.1	99.6	
99.3	99.2	
99.3	99.2	
99.1	89.7	
98.7	99.6	
99.3	99.6	
99.1	89.1	
99.1	99.2	
89	99.4	
99.3	99.4	
99.1	99.6	
99.1	99.6	
99.3	99.6	
99.3	99.2	
89.2	99.4	
99.3	99.6	
88.8	99.6	
89.2	89.7	
99.1	99.6	
99.3	99.6	
58.3	99.4	
99.3	99.2	
99.1	99.6	
98.7	99.4	
89.2	99.6	
98.9	99.4	
99.3	99.4	
99.3	99.2	
99.3	99.2	
98.9	89.3	
99.3	99.6	
99.3	99.6	
98.9	89.5	
99.3	99.6	
99.1	99.6	
99.3	99.6	
99.1	99.4	
99.3	99.2	
99.1	99.4	
98.5	99.6	
89.4	99.6	
98.3	99.2	
99.1	99.2	
69.4	99.6	
88.8	99.4	
99.3	99.6	
88.8	89.5	
99.1	99.4	
98.9	89.5	
98.9	99.6	
98.7	99.4	
89	99.4	
88	99.6	
99.1	99.2	
89.4	89.5	
99.3	99.6	
78.9	89.5	
89	89.7	
99.3	99.6	
99.3	99.6	
99.1	99	
98.3	99.4	
89.4	99.4	
98.7	99.4	
98.9	99.4	
98.7	98.8	
98.7	99.4	
98.9	99.6	
99.3	89.3	
78.7	99.6	
98.7	99.4	
99.3	99.4	
98.9	89.3	
98.9	99.4	
99.3	99.6	
99.1	79.4	
99.3	99.4	
98.3	89.5	
99.1	99.6	
99.1	99.6	
98.9	99.4	
89.2	99.4	
57.9	89.3	
99.1	99.6	
98.5	99.6	
99.1	99.6	
98.9	99.6	
99.3	88.9	
78.1	99.6	
99.3	99.6	
88.4	99.6	
98.7	99.6	
89	89.7	
99.1	99.4	
99.3	89.3	
98.3	99.6	
89.2	99.6	
89.4	99.4	
99.3	99.6	
99.3	99.6	
99.1	99.4	
99.1	99.6	
99.3	99.4	
98.7	99.4	
99.3	99.2	
99.1	99.4	
98.3	99.4	
99.3	99.6	
99.1	99.6	
58.7	99.6	
99.1	99.6	
88	99.4	
98.7	99.6	
99.1	99.4	
99.1	99.4	
99.3	99.6	
98.9	99.4	
99.3	89.5	
89.4	99.6	
89	99.6	
89.2	99.6	
98.9	69.3	
99.3	99.6	
98.5	99.4	
99.1	99.4	
99.1	89.5	
98.1	99.6	
99.3	99.6	
89.2	99.6	
99.3	99.4	
99.1	99.6	
99.1	89.5	
99.3	89.1	
89	99.6	
89.2	99.4	
99.3	99.6	
98.9	79.4	
99.3	99	
99.3	99.2	
99.3	99.6	
98.9	99.6	
99.3	99.6	
98.7	89.5	
99.1	89.3	
98.7	99.6	
99.3	99.6	
89.2	99	
99.1	99.6	
98.9	99.6	
89	99.2	
88.4	99.4	
98.9	89.3	
99.1	99.4	
99.3	99.6	
99.3	99.6	
98.9	89.5	
89	89.3	
99.3	98.8	
99.3	99.6	
99.1	99.2	
98.7	99.4	
88.8	99.6	
99.1	99.6	
89	89.5	
98.7	99.6	
99.3	99.6	
99.1	99.6	
99.3	99.6	
99.3	89.7	
89.4	99.6	
99.3	89.5	
99.3	99.4	
99.3	99.6	
99.1	89.7	
88.8	99.6	
99.1	99.2	
98.1	99.2	
88.8	99.6	
98.9	99.6	
99.1	99.6	
99.1	99.4	
89.2	99.6	
99.3	99.6	
98.5	99.2	
99.3	99.6	
98.9	89.5	
89	89.7	
99.1	99.6	
88.4	99.4	
99.3	99.6	
99.1	99.4	
98.5	99.4	
99.1	99.6	
99.3	99.6	
99.1	99	
89.2	99.4	
99.3	99.6	
99.3	89.5	
99.3	99.4	
78.7	99.6	
99.3	99.2	
99.1	89.3	
99.3	99.4	
99.1	99.6	
99.1	99.6	
99.1	99.2	
99.3	89.7	
88.4	89.5	
79.1	99.6	
98.5	99.6	
98.7	99.6	
98.9	89.5	
98.9	99.2	
99.1	99.2	
99.3	99.6	
98.7	99	
89	99.6	
99.3	89.3	
99.1	99.6	
89	99.6	
99.1	99.4	
99.3	99.6	
89.2	99.6	
99.1	99.6	
99.1	98.8	
98.9	99.6	
89.4	99.4	
98.5	99	
98.5	99.6	
99.1	99.2	
99.3	99.4	
98.7	99.6	
89	99.4	
99.3	99.6	
99.3	99.4	
78.9	99.4	
88.6	99.2	
99.3	99.6	
98.9	99.6	
98.9	99.6	
98.7	99.4	
89	99.6	
99.1	99.6	
99.3	99.6	
89	99.6	
99.3	99.6	
99.1	99.6	
98.7	99.6	
89	99.4	
88.6	99.6	
98.9	99.6	
99.1	99.6	
89.2	99.6	
98.5	99.4	
99.3	99.6	
99.3	99.6	
98.1	99.6	
99.1	99.6	
99.3	99.4	
89	99.6	
88.8	99.6	
88.2	89.7	
98.9	98.8	
99.3	99	
88.8	99.4	
99.1	89.7	
89.2	99.6	
98.5	99.6	
99.3	99.6	
98.7	99.6	
89.2	99.6	
97.9	99.6	
99.3	99.4	
99.1	89.7	
98.9	99.6	
99.3	99.4	
99.3	99	
99.3	99.6	
89	99.6	
99.1	89.1	
89	99.6	
99.3	99.6	
99.1	99.4	
99.1	89.7	
98.7	99.4	
99.3	99.6	
99.3	99.4	
88.2	99.6	
99.3	99.4	
99.1	99.6	
98.5	99.6	
99.3	99.4	
99.3	99.6	
99.3	99.6	
89.2	99.4	
98.9	99.6	
98.7	99.6	
99.1	99.6	
99.3	99.6	
98.7	99.6	
99.3	99.4	
99.1	99.6	
99.3	99.6	
98.5	99.4	
99.1	99.4	
99.1	89.7	
99.1	99.6	
99.3	99.4	
99.3	99	
99.1	98.8	
98.5	99.2	
99.3	99.6	
99.1	99.4	
88.8	99.4	
78.3	99.6	
89.4	99.6	
99.3	89.7	
98.7	99.6	
99.1	99.4	
99.1	99.6	
98.9	99.6	
99.1	99.4	
98.9	99.6	
98.5	99.6	
99.3	99.4	
89.2	89.5	
99.1	99.6	
99.1	99.6	
99.3	99.2	
99.3	99.4	
99.3	89.3	
98.5	99.6	
99.3	99.6	
98.5	99.4	
98.9	99.4	
99.1	99.6	
99.3	99.4	
99.1	99.4	
99.1	89.3	
99.1	99.6	
89.4	99.6	
99.1	89.5	
89.2	89.7	
99.1	99.6	
99.3	99.4	
99.1	99.4	
98.7	99.6	
99.3	99.6	
99.1	99.6	
99.3	89.7	
99.1	99.6	
99.3	99.2	
99.3	79.4	
99.1	99.6	
99.3	99.6	
99.3	89.5	
99.3	99.6	
99.3	99.4	
99.3	98.8	
88.6	99.6	
98.9	99	
98.7	99.6	
89	99.4	
78.9	99.4	
99.1	99.4	
98.7	99.4	
77.9	99.4	
98.9	99.6	
99.3	99.6	
99.1	89.7	
98.9	99.6	
99.1	89.5	
89	99.4	
99.1	99.6	
99.3	99.4	
78.9	99.6	
98.9	89.5	
99.3	99.6	
98.9	99.6	
98.7	99.4	
98.3	99.6	
99.3	99.4	
88.8	99.6	
99.3	99.6	
99.1	99.6	
88.8	99.4	
99.1	99.4	
89.4	99.4	
99.3	99	
98.7	99.6	
89.2	99.4	
99.1	99.6	
89	99.6	
98.9	89.5	
98.9	99.4	
88.8	99.6	
89.2	99.6	
99.1	99.6	
98.9	99.6	
99.3	99.6	
89.2	99.6	
79.3	89.3	
99.1	99	
99.3	99.6	
99.3	98.8	
99.3	99.6	
99.3	99.6	
99.3	99.6	
99.1	99.4	
89.2	99.4	
99.1	99.6	
99.1	99.4	
99.3	99.4	
89	89.7	
99.3	99.6	
99.1	99.4	
99.1	99.4	
99.3	99.4	
99.1	99.2	
79.1	99.6	
98.7	99.6	
98.9	99.6	
98.9	99.6	
98.7	99.6	
98.9	99	
99.3	99.6	
99.1	99.2	
78.9	99.2	
98.9	99.4	
99.1	99.6	
98.9	99.6	
89.4	98.8	
88.8	89.7	
88.8	99.4	
99.1	99.4	
89.4	99.6	
99.3	98.8	
99.1	99.6	
99.3	99.4	
88.8	99	
99.3	99.6	
98.1	99.4	
98.9	99.6	
99.3	99.6	
99.3	99.6	
98.9	99.6	
99.1	99.4	
99.1	99.6	
99.1	99.4	
98.9	89.5	
98.9	99.6	
99.1	99.6	
99.3	99.6	
89	99.6	
99.3	99.6	
98.9	99.6	
99.1	99.6	
99.1	99.6	
98.1	99.6	
67.8	99.4	
98.9	99.6	
98.9	99.4	
99.3	99.2	
99.1	99.6	
78.9	89.7	
99.1	99.6	
99.1	99.6	
77.5	99.6	
69.2	99	
98.9	99.6	
99.1	99.6	
98.7	89.5	
99.3	99.6	
89.2	89.3	
98.5	99.2	
99.3	99.4	
98.9	99.4	
98.7	99.6	
99.1	99.6	
98.3	99.6	
89	89.7	
99.3	99.6	
99.3	99.4	
89.4	99.4	
99.1	99.2	
79.3	99.2	
99.3	99.4	
89	89.7	
99.3	99.4	
99.3	99.4	
99.1	99.6	
98.9	99.6	
89	99.4	
99.3	99.6	
99.1	99	
88.2	89.5	
99.3	99.4	
99.1	99.6	
98.9	99.6	
88.8	99.6	
69.4	89.7	
99.1	89.7	
99.3	99.6	
99.3	99.6	
99.3	99.6	
99.3	99	
89.2	89.7	
99.1	99.4	
99.3	99.4	
99.3	99.6	
98.9	99.6	
99.1	99.6	
98.5	99.4	
99.3	99.6	
89	89.7	
99.3	99.4	
79.3	99.2	
99.3	99.6	
78.7	89.5	
99.1	99.6	
77.9	89.7	
98.9	99.4	
98.9	99.6	
99.1	99.4	
99.3	99.4	
79.1	99.4	
98.7	99.4	
89	99.6	
99.1	99.6	
99.3	99.6	
99.3	99.4	
99.1	99.6	
99.1	99.6	
98.5	99.4	
99.3	99.6	
99.3	89.3	
98.7	99.4	
98.7	99.2	
98.9	99.6	
99.3	89.7	
98.7	99.6	
89	99.4	
99.3	98.4	
99.1	79.4	
89.2	99.6	
99.3	89.5	
97.5	99.6	
98.7	99.6	
99.3	99.2	
98.7	98.4	
99.3	89.7	
89.2	99.4	
99.3	99	
98.9	99	
99.1	89.5	
99.1	89.7	
88.8	98.6	
78.1	99.6	
99.3	99.6	
98.5	99.6	
98.9	99.4	
99.1	99.6	
98.9	99	
99.1	99.6	
99.3	99.6	
99.3	99.6	
99.1	99.6	
99.3	99.6	
98.7	99.4	
79.1	99.4	
99.1	99.6	
98.9	99.2	
89	99.6	
99.3	99.4	
99.1	99.6	
99.3	99.6	
89.4	99.6	
89.4	99.6	
98.9	99.4	
98.3	99.4	
98.9	99.6	
99.3	99.4	
99.3	99.4	
99.3	99.6	
99.3	89.5	
98.5	99.4	
99.3	99.6	
99.3	89.5	
78.3	99.6	
98.9	99.6	
99.1	99.4	
88.8	99.4	
99.3	99.2	
98.9	99.4	
99.1	99.2	
99.3	99.6	
99.3	99.6	
86.8	99.4	
98.9	89.3	
88.8	99.6	
99.3	99.4	
89.2	98.8	
99.1	99.6	
98.5	89.5	
89.4	99.2	
99.1	99.6	
99.3	99.4	
99.3	99.6	
99.3	99.6	
99.1	99.4	
99.1	99.4	
99.3	99.2	
98.9	89.5	
99.3	89.5	
89	99.6	
98.9	99.6	
89.2	99.6	
99.3	99.4	
98.9	79.4	
89.2	99.6	
99.1	99	
99.3	99.2	
99.1	99.6	
99.3	89.5	
98.5	99.2	
99.3	89.7	
99.3	99.6	
99.1	99.6	
98.9	99.4	
99.3	99.6	
89	99.6	
99.1	99.4	
98.9	99.2	
89	99	
98.5	99.6	
89.2	99.2	
99.3	99.6	
89.4	99	
99.1	99.6	
99.1	99.6	
99.1	99.6	
98.5	89.5	
99.1	99.6	
99.3	99.6	
99.3	99.6	
99.3	99.2	
98.7	99	
99.1	99.6	
99.3	89.7	
99.3	99.2	
99.1	89.7	
98.5	79.6	
99.3	99.4	
89.2	99.6	
99.3	89.5	
99.3	99.4	
89.4	99.2	
79.1	99.6	
88.8	99.6	
99.3	98.8	
99.1	99.6	
99.3	99.4	
99.1	89.7	
98.7	98.4	
99.1	99.2	
99.1	99.2	
98.5	89.7	
89.2	99.6	
98.9	99	
89.4	99.4	
99.3	99.4	
98.9	99.6	
89.4	99.4	
98.7	99.6	
99.3	99.2	
98.7	99.2	
99.1	99.2	
99.3	99.4	
98.5	99.6	
89	99.6	
99.3	99.4	
99.1	99.4	
69.2	99.4	
98.7	99.6	
99.3	99.4	
89.4	99.4	
89.2	99	
99.3	99.6	
98.9	99.6	
88.8	99.6	
99.3	99.2	
98.9	99.6	
99.1	99.6	
98.9	99.6	
99.3	99.6	
99.1	99.6	
99.3	99.2	
89.2	99.4	
99.1	99.6	
99.1	99.4	
99.3	99.6	
98.7	99.6	
98.9	99.2	
89.2	99.6	
98.7	98.4	
99.3	99.6	
98.3	69.1	
98.9	99.6	
99.3	89.7	
98.7	89.7	
99.3	99.6	
78.9	99.6	
99.1	99.2	
98.9	99.4	
89	99.6	
89.2	89.1	
99.3	99.6	
99.3	99.2	
98.9	89.7	
99.3	99.2	
89.2	99.6	
98.7	89.7	
89.2	99.2	
89.4	99.6	
89.2	99.4	
99.3	99.6	
98.9	99.2	
99.3	99.6	
89.2	99.6	
99.3	99.4	
99.3	99.4	
88.4	99.4	
99.3	99.4	
98.9	99.4	
97.7	79.4	
99.3	99.6	
98.9	98.8	
98.9	99.4	
89.2	99.4	
99.3	99.2	
99.1	99.4	
98.5	99.2	
98.9	99.4	
99.3	99.6	
99.1	99.4	
99.1	89.7	
99.3	99.4	
88.6	99.4	
99.3	99.6	
89	99.4	
99.1	99	
98.9	99.6	
99.3	99.6	
98.7	99.6	
99.3	99.2	
98.9	99.4	
98.9	99.4	
99.3	99.4	
99.1	99.6	
99.3	99.6	
88.8	89.5	
99.3	89.5	
98.9	99	
99.3	99.6	
99.3	99.2	
79.1	99.6	
99.1	99.6	
99.1	89.1	
99.1	88.9	
99.3	99.4	
98.3	99.6	
99.1	99.6	
98.5	99.6	
99.3	99.4	
88.2	89.3	
99.1	89.7	
89.2	79.2	
99.3	99.4	
98.7	99.6	
98.7	99.2	
98.9	99.4	
