99.1	99.6	
88.8	99.4	
79.1	99.6	
99.1	99.6	
98.9	99.4	
99.3	99.6	
99.3	89.5	
78.9	89.1	
89	99.6	
57.9	99.6	
98.9	99.4	
99.1	99.4	
89.2	99.4	
98.9	99.4	
98.7	99.4	
89.2	89.3	
99.3	99.4	
98.1	99.4	
98.5	99.4	
99.3	99.4	
98.7	99.6	
98.7	99.6	
98.9	99.4	
98.7	99.6	
88.8	99.6	
98.9	79.6	
99.1	79	
97.5	99.2	
88.8	99.6	
99.1	99.4	
89	99.6	
89.2	99.4	
67.4	99.4	
89	99.4	
89.4	99.6	
98.9	99.6	
98.5	98.8	
98.5	99.6	
98.7	99	
98.5	99.4	
98.7	99.6	
98.1	99	
98.7	79.6	
99.1	99.6	
99.3	89.7	
99.1	99.4	
98.5	99.4	
99.3	99.6	
98.9	99.4	
89	99.6	
99.1	99.4	
99.3	89.7	
99.3	99.6	
87.8	99.6	
99.3	99.4	
99.3	99.6	
98.9	89.5	
98.5	99.6	
99.3	99	
99.3	99.6	
98.9	99.6	
99.3	99.6	
99.3	99.4	
99.3	99.6	
98.5	98.6	
99.1	99.6	
98.9	99.4	
78.5	89.3	
89.2	99.4	
79.5	89.5	
99.3	99.6	
88.8	99.6	
99.3	99.4	
99.3	98	
98.1	99.4	
99.3	99.4	
99.1	99.6	
78.9	99	
98.7	99.4	
88.8	89.3	
88	99.4	
89.2	99.4	
98.9	99.4	
99.1	99.4	
98.7	88.7	
99.1	99.6	
98.7	99.4	
98.9	99.6	
88.4	88.7	
98.9	89.7	
99.3	99.6	
98.3	99.4	
89	99.6	
78.7	99	
99.1	99.6	
99.1	99.6	
99.3	99.6	
88.8	89.3	
98.5	99.6	
98.9	99.6	
98.5	99.2	
89.2	99.6	
98.9	99.6	
99.3	58.4	
89.2	99.4	
98.7	99	
98.9	99.4	
79.3	99.6	
69	79	
98.5	99.4	
89	99.2	
99.3	99.6	
99.1	99.6	
88.2	99.4	
87.8	99.6	
87.2	99.6	
98.7	99.6	
98.3	99.6	
89	99.6	
98.7	99	
89.2	79.6	
77.1	99.6	
89.2	99.4	
99.1	88.7	
99.3	99.4	
98.9	99.6	
98.9	99.6	
99.3	99.6	
99.1	99	
99.3	99.6	
99.1	99.6	
99.3	99.6	
89.2	99.4	
78.7	89.5	
99.1	99.4	
99.1	89.3	
98.3	99.6	
98.5	99.6	
98.5	99.6	
98.7	99	
98.7	99.6	
78.3	99.6	
99.3	99.2	
99.1	99.4	
99.1	99.4	
98.9	99.6	
99.3	99.4	
98.5	89.5	
99.3	99	
99.1	99.4	
99.1	99.6	
99.1	98.4	
99.1	99.6	
98.9	99.6	
99.1	89.3	
58.7	99.6	
99.1	99.2	
99.3	99	
98.5	99.6	
99.3	99.6	
98.9	99.6	
99.1	89.1	
99.3	89.5	
89	99.6	
98.9	99.6	
88.6	89.5	
89.2	99.4	
98.1	99.2	
98.9	99.4	
89.2	99	
99.1	99.4	
99.1	98.4	
99.1	99.4	
98.1	99.4	
89	99.4	
99.1	89.7	
99.3	99.4	
88.6	89.7	
78.7	99.2	
99.3	99.2	
89.2	99.6	
98.7	99.4	
98.9	99.4	
99.1	99.4	
99.1	99.4	
99.1	89.7	
98.9	89.1	
99.3	99.6	
99.3	99.6	
67.6	99.6	
89.4	99.6	
99.1	99	
99.1	99.4	
97.7	99.2	
98.9	98.6	
98.9	99.6	
99.3	99.4	
98.5	99.6	
99.3	99.6	
99.3	99.6	
99.3	99.4	
98.7	99.6	
98.9	98	
98.9	89.5	
68.2	99.2	
98.7	99.4	
98.3	99.4	
87.6	99.2	
89	99.2	
88.4	99.2	
98.9	99.6	
88.4	89.7	
88.8	99.4	
99.3	89.5	
99.1	99.4	
98.7	89.7	
89.2	99.4	
99.1	99.6	
88.8	99.6	
99.1	89.5	
98.9	99.6	
89.2	99.4	
88.2	99.6	
89.4	99.4	
78.7	98.8	
99.3	89.1	
98.5	99.6	
99.1	99.6	
99.1	99.4	
99.3	99.6	
99.1	98.8	
99.1	89.5	
78.5	99	
99.3	99.6	
99.1	99.6	
99.1	98.6	
99.3	99	
89.2	99.2	
99.1	99.4	
89	99.6	
98.9	99.4	
98.9	99.6	
78.5	99.6	
79.1	99.6	
89.4	99	
98.9	99.6	
99.1	99.4	
97.3	99.6	
99.3	99.6	
99.1	89.5	
98.9	99.4	
99.1	99	
99.3	99.2	
99.3	99.6	
68.4	99.4	
99.3	99.2	
99.3	98.8	
69	99.4	
99.3	89.5	
98.9	99.6	
99.3	99.4	
67.6	79.6	
97.7	99.2	
99.1	99.4	
98.9	99.6	
99.3	99.6	
99.1	99.4	
98.7	89.3	
98.3	99.6	
69	88.3	
99.3	89.3	
98.5	99.2	
98.1	99.4	
98.9	99.4	
99.1	99.6	
89	99.6	
98.5	99.6	
99.1	99.6	
89.2	99.2	
99.1	89.1	
98.9	99.6	
99.3	99.6	
98.1	99.4	
98.9	99.6	
98.1	99.4	
99.1	99.6	
68.2	89.5	
98.9	99.2	
99.1	99.4	
89	99.6	
99.1	99.6	
99.1	99.6	
98.7	99.6	
99.1	99.6	
99.3	99.6	
99.3	99.2	
99.1	99	
88.6	88.9	
89.2	99.4	
99.3	99.4	
89	98.6	
98.7	89.1	
88.8	99.2	
88.4	99.2	
88.6	99.6	
98.9	99.6	
99.1	99.2	
97.7	99.4	
89	99.6	
89.2	99.4	
99.3	98.8	
99.1	99.6	
99.3	99.6	
89.2	99.4	
89.2	99.2	
98.9	99.4	
89	99.4	
98.9	99.4	
99.1	99.2	
99.3	99.6	
99.1	89.7	
99.3	99.6	
99.3	99.6	
99.1	89.7	
99.1	99.6	
99.3	99.4	
98.9	99.2	
78.7	99.6	
98.7	99.6	
98.7	99.4	
99.3	99.6	
99.3	99.6	
98.3	89.3	
99.1	99.6	
99.1	99.4	
99.3	99.4	
99.3	99.4	
98.7	89.1	
99.3	99.2	
99.3	99	
99.3	99	
98.9	99.6	
99.3	99.6	
98.9	98.8	
99.3	99.4	
99.1	99.6	
99.1	89.7	
98.9	99.6	
99.1	99.6	
99.3	99.4	
79.1	99.6	
99.1	99.6	
69	99.4	
98.3	99.4	
98.9	89.5	
99.3	99.4	
99.1	99.6	
98.7	89.5	
99.3	99.6	
99.3	99.4	
99.3	99.4	
98.9	99.4	
99.3	89.1	
99.1	99.4	
99.3	99	
89.2	99	
88.8	99.6	
98.7	99.6	
98.9	99.6	
99.1	99.6	
99.3	89.7	
88.8	98.8	
99.3	99.6	
99.1	89.5	
98.5	89.3	
98.5	88.9	
88	89.5	
89.2	79.4	
99.1	99.4	
89.2	99.6	
88.8	99.2	
99.1	99.6	
99.3	79	
99.3	99.6	
89	98.8	
99.3	99.2	
99.3	89.3	
88	99.6	
78.9	89.5	
99.1	69.1	
99.1	99.6	
89.2	99.2	
97.1	89.5	
98.9	98	
88	89.1	
99.1	99.6	
77.9	98.8	
99.3	89.5	
88.6	99.6	
99.3	99.6	
98.9	99.6	
99.3	68.7	
89.4	89.3	
79.1	99.4	
99.3	99.6	
98.7	98.4	
99.3	99.2	
98.9	99.6	
98.3	99	
69	89.5	
89.2	99.6	
88.8	99.4	
98.9	98.4	
89.2	98.6	
88.8	99.4	
99.1	99.4	
99.3	99.6	
89.2	98.8	
98.7	99.4	
99.1	99	
98.5	97.8	
89.2	99.2	
79.1	99.6	
99.3	99.2	
57.5	98.8	
99.3	98.4	
98.7	99.6	
97.7	99.4	
99.3	99.6	
98.9	99.6	
99.3	99.2	
99.1	99.6	
99.1	99.4	
68.4	99.6	
99.1	99.6	
99.1	89.1	
99.3	98.6	
98.9	99.4	
99.1	99.4	
89	99.4	
89	99.2	
98.7	99.6	
99.1	99	
98.1	89.3	
99.1	99.6	
79.1	99.4	
78.7	99.6	
99.3	99.4	
88.4	99.6	
99.3	99.4	
99.3	99.6	
98.9	99.6	
99.1	99.2	
99.3	99.6	
97.9	89.7	
99.1	99.4	
77.7	99.6	
98.9	99.6	
99.3	89.3	
98.7	99.6	
88.8	99	
69	99.6	
99.1	99.4	
98.3	99.2	
98.9	99.6	
98.9	99.2	
89.2	99.6	
89.4	99.4	
98.9	99.4	
98.9	99.2	
99.3	99.6	
98.5	99.6	
98.7	89.5	
99.3	98.6	
99.3	99.2	
99.1	89.3	
98.9	99.2	
98.3	99.4	
98.9	89.5	
89	99.4	
99.1	99.4	
98.9	99	
99.3	89.5	
99.3	99.6	
88.6	89.7	
99.1	99.4	
99.3	99.4	
99.3	89.7	
99.1	99.6	
98.3	99.4	
89.2	99.6	
89.2	99.2	
99.1	99.6	
99.1	99.6	
88.2	89.1	
88.8	98.2	
88.6	99.4	
99.1	99.6	
98.9	99.2	
99.1	99.6	
78.1	89.1	
68.4	89.7	
98.5	99.4	
98.5	99.6	
99.3	99.2	
98.9	99.6	
78.9	99.6	
98.9	99.6	
99.1	99.4	
88.8	99.4	
79.1	99.4	
98.9	99.4	
99.3	99.6	
98.3	99.2	
99.3	88.7	
99.3	99.6	
98.7	89.1	
99.3	99.2	
98.5	89.7	
89.4	99.2	
98.9	99.6	
98.7	98.8	
99.3	98.6	
99.3	99.2	
89.4	98.6	
99.3	99.6	
99.3	99.2	
98.9	89.7	
88.8	99.4	
99.1	99	
89	79.6	
98.7	99.6	
97.9	99.6	
99.3	89.3	
98.7	99.4	
98.9	99.4	
89	99	
99.1	89.3	
88.2	89.7	
98.5	89.3	
99.1	99.6	
99.3	89.5	
98.9	99.2	
78.1	99.4	
98.9	99.6	
99.1	99	
99.1	89.7	
99.1	99.2	
97.9	78.8	
79.1	99.6	
99.1	99.6	
98.7	99.6	
79.3	99.4	
99.3	99.6	
98.1	99.4	
99.3	99.4	
99.1	99.2	
98.3	99.4	
99.1	99.6	
99.3	99.6	
99.1	99.6	
99.1	98.8	
99.3	89.5	
99.1	98.6	
88.6	99.6	
89.4	99.6	
98.7	89.5	
99.3	99	
78.9	99.6	
78.9	99.6	
78.9	99.4	
99.1	99	
89	99.4	
99.1	99.6	
89.4	99.2	
98.9	99.6	
89.2	99.4	
77.1	99.6	
89	99.2	
98.9	99.6	
99.3	99.6	
99.1	99.2	
77.7	99.6	
88.8	99.6	
89.2	99.6	
79.1	99.6	
99.1	99.6	
89.2	99.6	
89	99.2	
79.1	99.6	
99.3	99.4	
98.1	89.7	
89.2	99.4	
98.5	99.6	
98.5	89.5	
89.2	99.2	
98.7	99.6	
99.1	69.3	
89.2	99.2	
98.7	99.6	
99.1	99.6	
98.9	99.6	
89	99.6	
99.1	99.4	
99.3	99.4	
98.5	99.4	
98.9	99.6	
99.3	99.4	
98.7	99.2	
88.2	88.7	
98.5	99.6	
89.2	99.2	
98.7	99.6	
99.1	99.6	
99.1	99.6	
98.5	99.6	
89	99.4	
88.4	99.6	
77.9	99.4	
89.2	99.6	
89	99.2	
98.5	89.7	
99.3	99.4	
78.9	99.6	
89.2	99.6	
98.5	99.2	
99.1	99.4	
99.3	99.4	
98.3	98.8	
99.3	99.6	
99.1	99.6	
98.9	99.6	
98.9	99.4	
99.3	89.7	
88.4	99.4	
99.3	99.2	
88.8	99.6	
99.3	99.6	
79.3	99.6	
99.1	99.6	
99.1	89.5	
88	99.6	
88.6	99.2	
99.1	99.6	
89.2	99.6	
98.7	99.6	
98.9	99.6	
89	98	
98.5	99.6	
98.7	99.4	
88.6	99.6	
99.1	99.6	
99.3	99.4	
79.1	89.7	
98.9	99.6	
99.3	99.4	
98.3	98.8	
99.1	89.5	
98.9	89.5	
88	98.8	
99.1	99.4	
99.1	99.4	
98.9	98.2	
99.3	99.2	
99.1	99.6	
98.1	99.6	
99.3	89.1	
99.3	99.4	
98.9	99.2	
99.1	99.4	
99.1	99.6	
99.3	99.4	
99.3	99.6	
89.4	99.4	
99.3	99.2	
89.4	99.6	
89.2	99.6	
98.9	99.4	
89.2	99.6	
78.1	98.8	
99.1	99.6	
89.2	89.3	
99.3	99	
89	89.3	
99.3	99.6	
98.1	99.6	
99.3	99.2	
99.1	99.4	
89.4	89.1	
87	99.4	
98.9	99.6	
87.2	99.6	
98.7	98.8	
89.2	89.1	
88.8	99.4	
98.7	89.3	
98.9	99.4	
88.4	89.1	
99.3	99.6	
89.2	99.2	
89	99.2	
98.9	98.2	
98.9	99.4	
98.9	99.6	
99.3	99.4	
68.2	99.6	
78.7	99.6	
99.1	88.9	
98.7	99.6	
88.6	99.4	
98.3	99.6	
98.7	87.9	
87	99.2	
89.2	99.6	
99.1	99.4	
99.3	99.6	
98.7	89.1	
98.9	89.3	
88.8	99.6	
98.1	99.4	
88.6	89.7	
98.5	99.6	
99.1	89.7	
98.9	89.1	
89	99.4	
98.7	89.7	
99.3	99.2	
99.1	99.4	
98.9	99.6	
98.9	99.6	
68.8	89.7	
89	99.6	
99.3	99.4	
88.8	99.4	
59.1	99.6	
99.3	89.3	
99.3	99.6	
98.9	99.6	
99.1	98.8	
99.1	99.4	
98.3	98.8	
77.7	99.4	
99.1	99	
99.3	99.2	
99.3	89.7	
99.3	89.5	
99.3	99.4	
98.9	99.6	
99.3	89.5	
99.1	99.6	
99.1	89.5	
99.3	89.3	
99.1	99.6	
99.1	99.2	
89.4	99.6	
98.7	99.4	
99.3	89.5	
98.9	89.5	
98.7	99.4	
79.5	99.6	
99.1	99	
89	99.6	
99.3	99.6	
57.3	99	
89.2	99.6	
98.5	89.3	
78.7	99.2	
99.3	99.2	
89.4	99.6	
99.1	99	
98.9	99.6	
99.1	99.4	
79.5	99.6	
69	99.6	
99.1	99.4	
89	89.7	
98.9	99.4	
99.1	99.6	
99.3	99.6	
88.2	99.4	
86.4	99.6	
89.2	89.1	
99.3	99.4	
88.8	89.3	
89	99.4	
89.2	99.6	
89	99.2	
99.1	99.6	
88.6	79.2	
99.1	99.2	
99.1	99.4	
99.3	99	
79.1	98.8	
89.2	99.6	
98.3	99.6	
88.6	98.4	
99.1	79.2	
89	99.6	
89	99.6	
89	99.6	
99.3	99.2	
89.2	99.6	
78.7	99.2	
99.1	99.6	
99.1	99.4	
99.1	99.6	
98.5	89.3	
98.3	99.2	
99.1	99.4	
78.7	88.9	
78.9	99.2	
78.9	99.6	
99.1	99.4	
88.8	89.5	
89.2	99.4	
98.9	99.6	
99.3	89.7	
99.1	89.7	
99.3	99.6	
99.3	99.6	
78.3	89.5	
99.3	99.2	
88.4	99.6	
88.8	99.4	
97.9	99.6	
99.1	99.6	
97.9	99.6	
98.9	99.4	
98.9	99.6	
98.9	99	
78.3	99.6	
99.3	99.6	
99.3	99.4	
88.8	99.2	
89.4	99.6	
98.5	99.2	
88.8	99.6	
89	99.6	
78.1	99	
99.3	99.6	
99.1	99.6	
88	99.4	
88.8	99.4	
77.7	89.5	
99.1	99.2	
98.5	99	
88.8	89.5	
98.3	99.6	
98.7	98.2	
88.2	78.6	
89	99.6	
98.7	99.4	
98.7	99.6	
99.1	99.4	
78.7	99.6	
99.3	99.6	
68.4	98.6	
89	89.3	
99.3	99.4	
99.1	88.9	
99.3	99.4	
98.3	99.6	
98.9	98.6	
98.1	99.4	
99.3	99.6	
98.5	89.5	
98.9	88.9	
99.1	99.6	
99.1	99	
98.7	99.6	
98.9	99.4	
88.2	99	
87.4	89.5	
88.8	99.2	
79.1	99.4	
99.3	98.8	
98.9	99.6	
98.7	99.4	
98.9	99.6	
99.1	99.4	
89.2	99.6	
98.9	99.6	
77.7	89.3	
98.7	89.5	
99.1	99.4	
98.7	99.2	
98.9	89.3	
98.9	99.6	
98.5	99.6	
89.4	89.7	
99.3	99.6	
78.5	99.4	
99.1	99.6	
98.9	99.4	
98.7	99.6	
99.3	99.6	
98.9	99	
99.3	99.6	
98.1	99.4	
99.3	99.6	
98.5	99.4	
89.2	99.2	
98.3	99	
99.3	99.6	
99.3	99.4	
99.1	99.6	
98.5	99.6	
99.1	99.4	
99.3	99	
98.9	99	
98.1	99.6	
77.7	99.6	
98.9	99.2	
79.1	99.6	
97.9	99.6	
99.3	99.4	
88.8	99.4	
98.7	99.4	
88.6	99.2	
99.1	99.6	
99.1	99.4	
98.3	99.6	
87.8	99.6	
99.1	89.3	
98.9	99.6	
98.7	99.4	
89.2	99.6	
98.7	89.1	
98.7	99.6	
89	99.4	
89.4	99.6	
89	99.4	
89	99.6	
98.1	99.6	
99.3	99	
99.3	89.7	
98.9	99.2	
98.9	99	
78.5	99.2	
98.9	99.6	
99.1	99.2	
99.1	99.4	
99.3	99.4	
99.1	99.6	
99.3	99.4	
89	98.8	
99.3	89.7	
88.8	99.4	
99.1	89.5	
97.5	99.4	
99.3	89.5	
98.5	89.7	
99.1	99.2	
99.1	99.6	
99.3	99.2	
89.2	99	
77.5	99.6	
99.1	99.6	
98.9	89.5	
87.4	89.7	
98.1	99.2	
99.3	89.7	
98.9	99.6	
99.1	99.4	
89	99.6	
99.1	99.2	
98.5	99.6	
89	99.4	
99.1	99.6	
98.9	99.2	
68.6	99.6	
98.9	99.6	
98.9	99	
98.9	99.2	
99.1	97.8	
98.9	99	
78.7	99.6	
98.7	99.6	
99.3	99.4	
99.1	98.8	
58.9	98.6	
98.7	89.1	
99.1	89.7	
76.7	99	
99.3	98.8	
89	98.2	
99.1	99	
98.7	99	
79.5	89.5	
98.9	99.6	
99.1	99.6	
98.5	89.5	
99.3	88.9	
89.4	99.6	
99.3	99.4	
88.8	99.6	
98.7	99.6	
98.7	99.6	
89.2	99.6	
98.5	99.4	
