98.9	99.2	
99.1	99.6	
89.2	79.6	
99.3	79.2	
99.1	89.7	
98.5	99.4	
98.9	89.7	
99.3	99.4	
98.9	89.7	
98.7	99.4	
98.9	89.1	
98.9	89.1	
97.9	89.3	
98.7	89.7	
99.1	99.6	
98.5	89.7	
99.1	99.6	
77.3	79.6	
98.9	89.7	
98.3	99.6	
98.9	99.4	
99.1	89.5	
98.3	89.5	
98.7	89.5	
99.1	89.7	
99.3	99.6	
98.9	99	
97.5	79.6	
99.1	89.7	
98.9	89.5	
98.5	99.6	
98.7	99.4	
98.9	88.7	
87.6	79.6	
99.1	99.6	
98.3	99.4	
98.9	89.7	
98.5	99.4	
98.5	99.6	
99.1	99.6	
98.9	89.7	
99.1	89.5	
99.1	89.7	
98.9	89.7	
98.7	99.2	
98.9	89.7	
99.1	99.6	
98.9	99.2	
99.1	99.4	
99.3	99.6	
98.7	99.2	
99.1	98.6	
98.9	89.5	
99.3	89.5	
99.3	99.6	
89	89.7	
98.7	89.3	
99.3	89.3	
98.5	89.1	
99.1	99.4	
98.9	99.6	
98.3	89.3	
98.1	99.6	
99.1	99.4	
99.1	79.6	
99.1	89.1	
99.3	89.5	
98.9	89.3	
99.3	99.2	
98.7	99.4	
99.1	89.5	
99.1	99.4	
99.1	89.5	
98.7	99.2	
98.9	99	
99.1	99.4	
99.1	89.5	
99.1	99.6	
99.1	89.3	
99.1	99.6	
98.7	99.4	
99.1	79.6	
98.5	88.1	
99.3	89.5	
98.5	99.6	
98.1	99.4	
99.3	89.5	
98.7	89.3	
98.3	99.6	
99.1	99.6	
99.3	68.9	
99.3	99	
99.1	89.7	
98.7	89.1	
99.3	99.6	
88.8	89.7	
99.1	79.4	
69	78.6	
98.9	99.4	
98.5	89.7	
98.9	89.7	
99.3	99.6	
99.1	89.7	
97.9	99.4	
98.5	68.5	
99.1	89.5	
89	99.4	
98.7	99.4	
98.9	89.7	
97.3	89.5	
97.5	99.2	
98.5	89.7	
99.3	89.7	
98.5	89.5	
98.1	99.6	
98.5	79.4	
99.3	99.6	
99.3	89.7	
98.5	99.6	
99.1	89.7	
98.3	89.5	
98.9	89.7	
97.9	89.7	
98.9	99	
78.7	99.6	
78.1	89.5	
98.7	99.2	
97.9	89.5	
98.5	99.6	
98.9	99.6	
98.5	99.6	
98.7	99.2	
99.3	79.4	
99.1	99	
99.3	89.3	
98.9	99.6	
99.1	89.7	
99.3	99.4	
99.1	99.2	
98.9	99.6	
98.9	89.7	
98.7	98.8	
98.7	89.5	
98.5	89.5	
99.3	89.7	
98.9	89.5	
98.5	99.2	
98.5	99.6	
88.6	99.6	
99.1	89.5	
98.7	89.3	
99.1	89.5	
98.9	99.6	
98.5	99.4	
99.1	89.7	
99.1	99.4	
98.9	99.6	
98.9	89.5	
98.9	89.5	
99.1	99.2	
99.3	99.6	
97.9	89.5	
87.4	88.9	
98.9	89.3	
98.1	99.6	
99.1	99.2	
98.1	89.5	
99.1	99.4	
98.9	89.1	
98.5	99.6	
98.9	99.4	
97.3	89.5	
99.3	99.2	
99.1	89.3	
99.3	89.1	
97.9	99.6	
97.9	99.4	
98.9	89.5	
99.3	98.8	
98.5	99.4	
99.3	99.2	
99.1	79.6	
99.1	89.7	
97.5	99.6	
99.3	89.7	
69	89.7	
98.7	99.6	
88.8	99.4	
98.7	99.4	
99.3	99.6	
98.9	99.6	
99.1	89.7	
97.7	89.7	
98.1	89.7	
98.5	89.7	
98.9	99.6	
99.3	89.7	
98.5	89.3	
98.9	98.4	
98.9	99.4	
99.3	88.9	
99.3	99.6	
98.7	99.4	
98.5	99.6	
98.9	99.4	
99.3	89.1	
98.3	99.2	
99.1	99.6	
99.1	89.3	
99.3	89.7	
99.3	88.9	
98.3	99.6	
98.5	99.6	
98.9	99.4	
98.5	89.5	
98.9	89.7	
89	98.8	
98.5	89.5	
98.9	99.6	
99.3	89.7	
99.3	79.4	
98.9	89.3	
98.7	89.7	
99.3	99.4	
98.5	99.4	
98.9	89.3	
99.1	99.4	
99.1	99.4	
98.5	89.7	
98.5	89.7	
98.9	99.6	
88.8	79.4	
99.1	89.1	
98.7	89.7	
99.3	79.2	
99.1	89.5	
89	99.2	
99.1	99.6	
99.3	99.4	
98.9	99.4	
99.1	99.4	
98.9	89.5	
98.9	89.7	
98.7	89.5	
99.1	99.6	
99.1	79.6	
98.7	98.8	
98.7	89.5	
98.9	99.2	
98.7	98.8	
99.1	89.5	
98.3	89.7	
99.3	99.4	
98.9	99	
99.3	99.6	
98.5	99.6	
98.9	89.7	
98.3	89.5	
99.3	99.6	
98.7	89.7	
99.3	99.6	
99.3	89.5	
99.1	88.9	
98.7	99.2	
99.1	99.6	
98.7	99.6	
98.9	79.6	
99.3	89.7	
99.1	89.7	
98.9	89.7	
98.9	79.6	
98.5	98.6	
98.5	89.7	
99.3	99.2	
88.8	89.5	
98.5	99.4	
99.3	99.6	
99.3	89.7	
98.9	89.5	
99.3	99.6	
99.1	89.5	
99.1	79.2	
98.9	89.7	
99.3	99.6	
98.9	89.5	
98.9	99.6	
99.1	89.5	
99.1	89.7	
99.3	89.5	
98.9	89.7	
99.3	89.7	
98.5	88.5	
98.5	99	
99.3	89.5	
99.3	99.4	
99.3	99.4	
99.1	99.6	
98.1	79.6	
99.3	79.4	
98.5	99.6	
99.1	89.7	
99.1	99.4	
99.3	99.6	
99.3	89.7	
98.3	99	
98.9	99.4	
99.3	99.4	
99.1	99.4	
98.1	79.4	
98.7	99.6	
98.9	99.4	
98.9	99.4	
98.9	89.3	
99.3	99.6	
79.3	98.8	
98.9	99	
98.5	99.6	
97.7	99	
99.3	99.6	
98.7	99.6	
99.3	98.8	
98.7	99.4	
98.5	99.4	
99.1	99.6	
98.7	99.2	
98.7	89.7	
99.1	99.2	
97.9	99.4	
98.9	89.5	
98.9	99.4	
98.9	99.6	
99.1	99.6	
87.6	89.7	
98.9	99.6	
99.1	89.7	
98.5	89.5	
99.1	79.6	
99.1	98.8	
88.2	89.7	
99.3	89.3	
99.1	99.6	
98.7	89.7	
98.7	89.3	
98.9	89.3	
99.3	89.5	
99.3	99	
97.3	89.7	
98.9	99.6	
99.3	99.4	
98.1	99.4	
99.1	99.6	
88.8	89.3	
98.3	99.4	
98.1	87.7	
98.5	89.5	
99.1	99.6	
99.1	99.6	
99.1	89.7	
98.9	89.7	
98.9	99.6	
99.1	99.6	
99.3	98.8	
99.3	89.1	
98.5	89.5	
99.1	99.2	
99.3	79	
98.3	99.6	
99.1	99.4	
99.1	99.4	
99.3	58.6	
98.7	99.4	
99.3	99.6	
98.7	79	
98.5	89.7	
98.1	99.6	
98.7	89.3	
99.3	89.1	
99.1	99.6	
99.1	79.2	
99.3	89.1	
98.7	99.6	
98.9	99	
99.3	99.4	
99.3	89.7	
99.3	89.7	
98.7	99.6	
99.1	99.6	
99.1	89.5	
98.3	89.5	
99.3	99.2	
99.1	89.5	
98.3	89.3	
98.9	99.2	
99.3	99.6	
99.1	89.7	
99.3	79.6	
98.9	89.3	
99.3	89.7	
99.1	99.4	
99.1	89.5	
99.3	89.7	
97.9	89.5	
99.3	89.7	
98.3	89.7	
98.7	99.4	
99.3	89.7	
98.9	99.4	
99.3	89.3	
99.1	89.3	
98.3	79.6	
98.9	99.2	
78.5	99.2	
99.1	99.4	
98.9	89.7	
98.9	89.1	
98.9	99.6	
98.9	89.7	
98.5	99.4	
98.9	99.4	
98.7	89.5	
99.1	89.5	
97.9	89.1	
98.9	79	
98.9	99.6	
98.7	99.2	
99.1	99.6	
99.1	89.7	
78.5	99.6	
98.7	89.3	
99.1	99.6	
99.1	88.9	
99.1	79.6	
99.3	99.6	
88.6	89.7	
98.7	69.1	
99.1	89.3	
98.9	89.5	
98.9	89.7	
88	89.7	
98.7	88.9	
98.7	99.4	
98.5	99.4	
98.9	79.2	
89	99.4	
98.3	98.8	
98.7	89.3	
97.7	99.4	
98.9	69.3	
98.7	89.7	
99.3	99.6	
99.1	99.6	
98.7	89.5	
98.3	99.4	
99.3	88.7	
99.1	89.7	
99.1	79.2	
98.9	99.6	
98.5	89.1	
98.9	88.7	
99.3	99.6	
98.7	99.2	
98.7	89.3	
99.1	99.4	
97.3	89.7	
99.1	99.6	
98.9	89.5	
99.3	89.7	
98.1	79.6	
98.9	89.5	
98.9	89.3	
98.1	99.4	
99.1	99.6	
99.3	89.3	
99.1	89.5	
98.7	99.2	
98.9	89.3	
99.3	89.3	
98.9	99.4	
98.9	99.4	
99.1	89.3	
86.4	98.8	
99.1	99.2	
98.9	88.9	
98.7	89.7	
98.5	99.6	
99.1	99.6	
98.5	89.3	
98.9	99.4	
99.1	89.7	
98.1	99.6	
98.9	99.6	
98.7	99.6	
99.1	89.5	
99.1	89.7	
98.7	99.4	
88.6	79.4	
99.3	99.6	
99.1	89.3	
97.9	89.7	
98.1	89.5	
98.5	89.3	
88	99.4	
98.7	79.4	
89.2	89.7	
99.1	89.7	
98.7	99.6	
98.5	99.2	
99.3	89.5	
87.2	99.4	
98.9	99.4	
88.6	79.2	
98.5	69.3	
99.3	98.8	
99.3	99.4	
97.9	89.5	
99.1	89.7	
99.1	99.4	
97.9	99.6	
98.7	99.6	
99.1	99.4	
89.2	99.4	
99.3	89.5	
99.3	99.4	
96.9	99.6	
99.3	99.6	
98.9	79.6	
99.3	99.6	
98.1	89.7	
98.7	89.7	
98.9	89.5	
99.1	89.7	
99.1	99.6	
97.5	99.6	
99.1	89.3	
98.9	88.7	
99.1	99.6	
98.9	89.5	
98.5	98.8	
99.3	99.6	
98.7	89.5	
98.7	99.6	
99.3	89.3	
98.5	89.3	
98.7	59.2	
99.3	99.6	
97.7	99.6	
98.1	89.7	
99.1	99.6	
98.9	89.7	
99.1	89.7	
98.7	89.5	
98.5	89.7	
76.9	89.7	
98.9	89.5	
97.7	79.6	
99.3	88.3	
98.3	99.2	
97.7	99.6	
98.9	99.6	
98.5	89.5	
98.9	99.6	
69.4	89.7	
98.9	99.4	
99.3	99.4	
99.1	89.7	
99.1	79.6	
98.9	89.3	
99.3	99.4	
98.1	99.4	
98.9	89.7	
98.3	99.6	
98.5	99.4	
96.7	79.2	
99.1	89.5	
78.7	89.7	
97.3	99.6	
99.1	99.6	
98.7	89.7	
98.1	89.7	
98.5	79.2	
98.5	99.4	
99.3	88.7	
99.1	99.6	
99.3	99.6	
99.1	99.4	
99.1	99.4	
98.7	89.3	
98.9	99.2	
99.3	89.7	
99.1	99.4	
98.7	89.7	
99.1	99.6	
98.9	99.4	
99.3	89.7	
98.3	87.5	
79.3	89.7	
98.3	79.6	
99.1	89.5	
98.9	99.4	
97.7	89.7	
78.9	99.6	
78.3	79.4	
98.5	99.4	
98.9	99.6	
98.5	99.2	
98.3	89.3	
98.7	99.2	
98.1	89.3	
99.1	89.5	
98.3	99	
98.5	88.9	
99.3	89.1	
96.9	89.7	
98.3	89.7	
98.9	89.3	
97.9	79.6	
98.5	98.8	
98.5	99.2	
99.3	99.4	
99.1	99.6	
99.3	98.8	
99.1	99.4	
98.9	99.6	
99.1	99.6	
98.9	99.4	
98.9	99.6	
98.5	99.6	
67.2	89.7	
99.1	99.6	
98.3	89.7	
98.1	89.5	
89.4	89.7	
99.1	99.4	
99.1	89.7	
98.9	99.2	
99.3	79.4	
99.3	99.4	
98.9	99.4	
88	99.6	
97.7	88.9	
99.1	89.5	
98.9	99.4	
98.5	99.4	
99.3	99.6	
99.3	99.6	
96.9	89.5	
99.3	99.6	
98.9	99.6	
99.3	89.5	
98.9	89.7	
99.3	99.2	
99.3	88.9	
99.1	89.7	
99.1	99.6	
99.1	99.6	
99.1	99.6	
99.3	99.2	
99.1	89.5	
98.9	99.4	
99.3	99.6	
98.9	89.5	
99.1	89.7	
99.3	99.6	
98.5	99.6	
78.9	89.5	
99.1	99.6	
98.5	99.6	
98.5	79.6	
98.7	99.6	
98.7	89.7	
98.9	79.4	
97.5	99.6	
98.5	99.2	
99.1	89.5	
98.9	99	
98.9	79.6	
99.3	89.7	
98.7	99	
99.3	99.6	
98.9	99.4	
98.9	99.2	
99.1	99	
99.1	99.6	
99.1	99.6	
99.3	99.6	
98.7	89.7	
99.1	99.6	
99.1	99.6	
99.1	89.7	
99.3	79.4	
99.3	89.5	
98.9	99.6	
98.5	89.7	
99.1	89.7	
99.1	99.6	
97.7	89.7	
98.7	79.2	
99.1	99.6	
97.3	99.2	
99.1	89.7	
99.3	99.4	
98.7	99.4	
98.7	99.2	
99.1	99.6	
88.4	99.2	
88.8	99.4	
99.3	99.6	
99.1	69.5	
89	89.7	
98.7	99.6	
98.9	89.5	
98.9	99.6	
99.3	99.6	
98.3	89.7	
99.3	79.6	
98.9	99.6	
98.9	99.2	
98.9	99.4	
99.1	89.7	
99.1	99.2	
98.9	99.4	
98.9	99.6	
99.3	89.1	
86.8	99.6	
98.9	89.5	
98.7	88.7	
99.1	89.5	
97.9	99	
99.1	98	
98.9	99.4	
99.1	79.6	
98.9	99.2	
98.7	79.6	
98.3	99.6	
98.9	99.6	
98.9	89.7	
98.9	89.7	
97.9	99	
99.3	69.1	
99.1	89.3	
98.7	88.9	
98.9	79.6	
99.3	99.6	
98.7	99	
99.1	99.6	
98.9	89.7	
98.9	99.4	
98.5	99.6	
99.1	89.3	
98.5	89.7	
99.1	99.2	
99.1	89.7	
99.3	79.6	
78.9	99.6	
99.3	99.2	
99.1	79.2	
98.5	89.7	
98.9	99.4	
99.3	89.5	
99.1	99.4	
98.5	99.4	
99.1	99.2	
98.9	89.7	
99.1	99.4	
99.3	79	
99.1	79.4	
98.9	88.9	
98.7	89.7	
98.5	99.6	
99.1	99.6	
99.1	99.2	
88.2	99.2	
99.1	89.3	
99.3	79	
98.9	99.6	
98.3	89.7	
98.9	99.6	
98.5	99.4	
98.3	98.8	
98.7	99.4	
99.1	99.2	
99.3	89.7	
88.6	99.6	
89	99.6	
98.5	98.8	
99.3	89.3	
99.1	99	
99.1	99.6	
99.3	89.7	
57.3	99.6	
99.3	99	
98.7	88.7	
99.1	99.6	
98.7	79.6	
99.1	99.4	
99.3	99	
99.1	89.7	
98.7	89.3	
98.9	89.7	
98.3	99.6	
99.3	99.6	
98.9	99.6	
99.1	79.2	
99.1	89.5	
96.9	99.6	
98.9	99	
98.5	99.4	
99.3	59.2	
98.5	99.6	
99.1	99.6	
99.3	89.5	
98.3	99	
98.9	99.6	
98.9	99.6	
99.1	89.3	
99.3	99.2	
98.7	99.4	
78.9	99.4	
98.9	99.6	
99.1	89.7	
99.3	89.7	
98.9	99.2	
99.3	89.5	
98.5	99	
98.9	99.2	
99.3	99.2	
98.9	89.5	
98.5	99.6	
88.8	99	
99.1	79.6	
98.1	89.3	
98.7	99.6	
99.1	79	
98.9	99.6	
98.9	99.6	
99.3	99.6	
87.8	89.7	
96.9	89.7	
99.1	99.2	
98.7	99.2	
98.9	89.3	
99.1	98.6	
99.1	99.6	
97.5	99	
98.7	79.6	
99.1	99.2	
99.1	99.4	
98.3	99.4	
99.1	89.5	
98.9	99.2	
99.1	89.7	
99.1	88.9	
99.3	89.7	
97.9	89.7	
98.7	98.8	
87	89.5	
99.3	89.3	
99.3	99.4	
98.3	99.6	
98.9	89.7	
99.3	99.6	
98.1	99.6	
98.7	79.6	
98.3	89.7	
98.1	79	
87.8	99.4	
98.7	89.1	
98.7	99.2	
99.1	99.4	
98.9	99.2	
88.8	79.4	
97.9	89.7	
98.9	79.4	
99.1	89.1	
99.1	89.3	
99.1	99.4	
99.3	88.9	
99.3	89.3	
98.9	99.4	
99.1	99.6	
99.3	89.7	
99.3	99.6	
98.7	99.2	
99.1	99.2	
98.3	99.4	
99.1	89.5	
99.1	99.6	
99.1	89.1	
99.1	99	
99.1	99.4	
99.1	89.5	
99.3	99.6	
98.9	99.2	
99.1	99.4	
89	99	
99.1	88.9	
98.7	99.6	
99.1	99.2	
98.9	89.5	
99.3	79.6	
99.3	89.5	
99.1	79.6	
98.5	99.4	
99.3	99	
99.3	99.2	
99.1	99.4	
98.9	99.6	
99.1	99.6	
98.7	89.3	
98.7	99.4	
99.1	99.6	
98.9	89.1	
98.5	89.5	
88.6	99	
98.7	99.4	
99.3	99.4	
99.3	99.6	
99.1	79.4	
98.7	99.2	
97.9	99.6	
98.9	89.5	
99.3	79.4	
98.5	99.6	
98.7	89.7	
99.1	79.6	
98.9	99.4	
99.1	99.6	
97.9	99.6	
89	99.4	
99.1	99.4	
99.3	99.2	
99.1	99	
99.1	88.3	
99.1	89.7	
98.3	89.7	
98.3	99.6	
88.8	89.5	
98.9	78.6	
98.3	89.5	
99.1	99.4	
98.9	99.4	
98.7	99.2	
99.3	89.7	
99.3	99	
99.3	99	
98.9	99.6	
99.3	99.6	
98.9	99.6	
98.5	89.7	
99.1	99.4	
99.1	89.3	
99.3	99.4	
98.5	89.7	
89	89.7	
99.3	89.5	
98.9	99.4	
98.7	89.7	
98.3	99.6	
99.3	89.7	
99.3	99.2	
99.3	99.4	
99.3	79.6	
99.1	99.6	
98.9	99.6	
89	89.7	
98.7	89.1	
98.5	99.2	
99.3	99.6	
88.2	99.6	
98.5	89.7	
99.3	99.2	
99.3	89.5	
88.8	99.2	
88.6	99.4	
98.9	88.7	
99.1	99.6	
99.3	99.6	
99.1	89.7	
99.1	99.6	
99.3	99.2	
98.9	88.9	
99.3	89.7	
98.9	99.6	
99.1	99.4	
99.1	89.3	
98.3	69.5	
99.1	99.6	
98.9	99.6	
98.9	99.6	
99.3	99.6	
99.3	89.7	
98.5	99.6	
99.1	99.6	
99.3	78	
98.9	99.4	
98.7	99.4	
99.3	99.6	
99.3	79.4	
98.3	89.5	
99.3	99.6	
