14.5	-61.2	
96.9	-21.4	
67.4	59.6	
98.7	69.5	
78.5	69.7	
98.1	69.5	
99.3	79	
98.3	68.9	
95.3	65.9	
98.7	88.5	
98.7	98.4	
99.1	79.6	
98.1	99.2	
99.3	59.4	
99.1	89.1	
99.3	89.5	
98.7	89.5	
99.1	89.5	
99.3	69.5	
99.3	89.5	
89	59	
99.3	39.2	
98.7	89.5	
99.3	69.3	
99.3	89.5	
99.3	88.9	
99.1	99.2	
99.1	29.3	
98.9	89.3	
98.5	89.5	
99.1	69.5	
99.3	89.3	
89	89.5	
99.1	89.5	
98.9	89.3	
99.3	59.2	
99.1	88.7	
99.1	69.5	
99.3	79.2	
99.1	89.5	
98.7	69.5	
99.3	89.1	
99.1	89.5	
99.3	89.5	
99.3	69.5	
99.1	89.3	
99.1	89.5	
99.1	79.4	
99.3	89.3	
99.1	89.5	
98.9	59.4	
89.2	89.3	
99.3	89.5	
99.3	89.5	
98.9	79.2	
99.1	79.2	
99.3	79.4	
98.9	89.3	
88.2	89.1	
99.1	59.2	
99.3	89.5	
99.3	79.2	
99.1	89.5	
99.3	89.5	
99.1	89.5	
99.1	89.3	
99.1	89.3	
99.3	89.3	
99.1	89.5	
99.1	79.4	
99.3	98.6	
99.3	79.2	
99.1	69.3	
89.2	99.6	
98.9	99.6	
98.7	99.6	
98.9	99.6	
88.6	79.4	
99.3	69.5	
99.1	89.5	
88.4	99.4	
99.3	99.6	
99.3	89.3	
99.3	99.4	
99.3	99.6	
98.9	79.4	
99.3	99.4	
89	99.2	
99.3	99.4	
99.3	99.6	
99.3	99	
98.5	99.6	
99.1	99.4	
88.4	99.6	
98.9	99.6	
89.2	99.6	
99.1	99.6	
99.1	69.1	
98.9	99.6	
99.1	99.6	
88.6	79.4	
99.3	99.6	
88.8	99.6	
98.9	99.6	
99.1	99.6	
99.1	79.4	
99.3	99.6	
89	99.6	
98.9	99.6	
99.1	99.6	
99.3	79.4	
99.1	79	
99.3	99.6	
99.1	99.6	
99.1	99.6	
98.7	99.6	
89.4	99.6	
99.3	99.6	
98.9	99.6	
89.4	99.4	
99.1	99.6	
98.9	99.6	
99.3	99.6	
99.3	99.6	
99.3	79.6	
98.9	89.3	
99.3	99.6	
99.1	99.2	
99.3	89.5	
99.3	99.2	
89.2	99.6	
99.1	99.6	
99.3	99.6	
99.3	99.6	
98.9	99.6	
98.7	99.6	
99.3	99.6	
99.1	99.6	
99.3	99.6	
99.1	99.4	
89	99.6	
99.1	99.6	
99.3	99.6	
99.3	79.6	
99.1	99.6	
99.3	99.6	
99.1	99.6	
88.8	99.6	
89.4	99.6	
99.3	99.6	
99.1	99.6	
99.3	99.6	
99.3	99.4	
99.3	99.6	
99.1	89.5	
99.1	99.4	
99.1	99.6	
89.4	99.6	
99.3	99.4	
99.3	99.6	
88.8	99.6	
98.7	99.6	
98.9	99.6	
99.3	89.5	
99.3	79.4	
99.1	99.4	
89.2	99.4	
98.9	99.6	
99.3	99.6	
88.8	99.6	
99.3	99.4	
98.7	39.2	
99.1	79.4	
99.3	99.6	
99.3	99.6	
98.9	99.6	
98.7	99.6	
98.7	99.4	
99.3	99.4	
88.6	99.2	
99.3	99.6	
99.1	99.6	
99.3	99.6	
99.1	99.6	
99.3	99.6	
78.9	99.6	
88.6	99.2	
99.3	89.5	
99.3	99.4	
98.9	99.6	
89.2	99.6	
99.1	99.6	
99.3	99.4	
89	99.6	
89.4	99.6	
99.3	99.4	
98.9	68.7	
98.7	69.5	
99.1	79.4	
89	99	
89.2	99.4	
99.1	99.6	
99.3	99.6	
99.3	99.6	
99.3	99.6	
99.3	99.6	
98.9	99.4	
99.1	99.6	
89	89.3	
98.7	99.4	
99.1	99.6	
89	99.6	
99.3	89.5	
98.7	99.6	
99.1	99.6	
99.1	99.4	
88.2	99.4	
99.3	99.6	
89.4	99.6	
99.3	99.4	
98.9	99.6	
98.9	99.6	
89.4	99.6	
99.3	99.6	
99.3	99.6	
99.1	99.6	
99.3	99.4	
89.4	99.6	
98.5	99.6	
98.5	99.6	
98.7	99.6	
99.3	99.2	
99.3	49.1	
99.1	69.3	
99.3	99.6	
99.1	99.6	
98.7	99.6	
88.8	89.3	
98.9	99.2	
99.1	99.6	
99.3	99.4	
99.3	99.6	
99.1	99.6	
99.3	99.4	
98.7	89.1	
99.1	99.4	
99.3	99.6	
99.3	99	
99.1	99.2	
88.8	99.2	
99.3	99.6	
98.7	99.2	
99.3	89.1	
88	89.3	
98.5	79.4	
98.9	99.6	
99.1	88.9	
98.9	99.6	
98.9	99.6	
99.3	99.6	
99.3	99.6	
99.3	99.6	
89.2	99.6	
99.3	89.3	
98.9	79.4	
99.3	98.8	
99.1	99.6	
98.9	99.6	
79.3	79.6	
98.7	99.6	
89	99.6	
99.3	89.1	
99.1	99.6	
99.1	99.2	
89.2	89.7	
99.3	99	
88.8	99.4	
78.7	99.6	
89.2	99.4	
99.1	99.6	
98.9	99.4	
99.3	99.6	
99.1	99.6	
99.3	99.6	
99.3	99.6	
98.5	99.2	
98.7	99.4	
78.9	99.4	
89.2	99.6	
99.3	98.8	
98.3	89.1	
98.9	99.4	
98.3	99.6	
89	99.6	
99.1	99.4	
98.3	99.6	
89.4	99	
99.1	99.4	
98.5	99.6	
99.3	99.2	
98.5	99.6	
78.3	99.4	
88.8	99.4	
99.1	99.6	
98.9	99.6	
98.9	99.6	
98.5	99.4	
99.1	99.6	
99.1	99.4	
99.3	99.6	
99.3	99.6	
99.1	79	
89.2	99.6	
99.3	99.6	
99.1	99.6	
99.1	99.6	
99.3	99	
99.1	89.5	
99.3	99	
98.9	99.6	
88.8	99.6	
98.9	99.6	
99.3	99.6	
98.9	99.6	
98.7	99.6	
98.7	99.6	
88.6	99.4	
99.3	99.6	
99.3	89.5	
99.1	99.6	
88.6	99.6	
99.1	99.6	
99.3	99.6	
99.3	99.6	
89.2	99.6	
89.4	99.4	
99.1	99.6	
98.9	99.6	
99.3	99.6	
98.1	88.7	
99.3	99.4	
79.3	99.6	
99.3	99.6	
98.9	99.6	
98.9	99.6	
99.1	99.6	
99.1	99.6	
99.3	88.9	
98.9	89.3	
98.9	69.1	
99.3	99.6	
99.1	99.4	
99.3	99.4	
99.3	99.4	
99.1	99.6	
99.1	99.6	
99.3	99.6	
99.3	99.6	
99.3	99.6	
99.1	99.6	
89.4	99.6	
99.1	99.4	
99.3	99.6	
99.1	99.6	
88.6	99.2	
98.9	99.2	
99.3	99.4	
99.1	99.6	
99.1	99.6	
99.3	99	
98.9	99.6	
89.2	89.3	
89.4	99.6	
89	99.6	
99.3	99.6	
89.2	99.6	
88.2	99.2	
99.3	99	
98.3	99.4	
98.9	99.4	
98.7	99.4	
88.8	99.6	
99.1	99.6	
89	99.6	
99.1	99.6	
99.1	99.6	
98.7	99.6	
78.5	99.6	
99.1	99.6	
99.1	99.4	
89	99.6	
99.3	89.7	
89	99.6	
99.1	99.6	
99.1	99.2	
98.7	99.2	
98.7	99.4	
98.9	99.6	
99.3	69.3	
99.3	99.6	
99.3	89.5	
98.7	89.3	
98.1	99.6	
99.3	99.6	
99.3	99.6	
99.1	99.6	
99.1	99.6	
99.3	99.4	
99.3	99.6	
98.9	89.7	
99.1	99.6	
99.3	99.4	
98.7	99.4	
98.9	99.6	
89	99.6	
99.1	99.6	
99.1	99.6	
89.2	89.5	
99.1	99.6	
98.5	99.6	
98.9	99.6	
98.7	99.6	
98.9	79.4	
98.9	99.4	
98.5	99.4	
98.7	59.4	
98.9	79.6	
99.1	99.6	
99.3	99.6	
99.3	89.5	
98.9	99.4	
99.1	89.5	
99.1	99.4	
98.9	99.6	
98.7	89.7	
69.2	99.6	
97.9	99.6	
98.7	99.6	
99.1	79.8	
98.7	99.6	
99.1	99.6	
99.3	99.6	
99.3	99.6	
99.3	99.6	
98.7	89.5	
99.1	99.6	
99.1	99.6	
99.1	99.6	
79.3	99.6	
98.5	99.6	
98.5	99.6	
98.9	79.4	
89.2	99.6	
98.3	99.2	
77.5	99.4	
99.3	89.5	
99.3	99.6	
99.3	99	
98.5	79	
88.4	99.6	
99.1	99.4	
89	99.4	
98.7	99.6	
99.1	99.4	
98.7	99.4	
99.1	99.6	
98.7	99.6	
99.3	99.4	
99.3	89.7	
98.9	99.4	
99.1	99.2	
88.2	89.3	
98.3	89.5	
99.3	99.6	
98.9	99.4	
97.7	99.6	
88.8	99.4	
98.9	99.4	
98.9	99.2	
99.3	99.4	
99.1	79.4	
98.7	89.3	
99.3	99.6	
77.9	99.4	
99.3	99.6	
99.1	99.6	
99.3	89.5	
99.3	99.6	
99.1	99.2	
99.3	89.1	
99.3	99.4	
99.1	99.6	
99.1	99.4	
99.1	99.6	
99.3	99.6	
98.9	99.6	
99.3	99.6	
99.1	99.4	
99.3	99.6	
98.5	59.4	
