14.1	-357.5	
78.5	79	
75.3	88.5	
97.9	89.3	
98.9	89.1	
97.3	89.3	
89	88.5	
97.9	87.3	
98.3	69.3	
98.9	78.8	
98.7	89.1	
49.7	88.9	
98.9	84.5	
98.7	88.9	
74.7	69.3	
85	89.3	
94.9	89.3	
63.8	68.5	
88.2	89.1	
-39.9	89.5	
87.7	89.5	
96.7	89.3	
88.8	89.1	
98.9	78.2	
88.8	89.5	
78.9	89.3	
77.1	89.3	
99.1	89.5	
98.3	89.5	
99.3	89.5	
99.3	69.3	
99.1	89.5	
98.3	38.6	
99.1	79.2	
99.3	69.1	
89	89.5	
89.2	89.5	
99.3	69.5	
98.9	89.5	
89	89.3	
99.1	89.5	
99.3	79.4	
98.9	89.3	
98.7	89.3	
99.3	89.5	
98.5	89.5	
99.3	78.8	
98.9	89.1	
98.7	89.5	
99.1	69.3	
98.7	99.4	
99.1	89.5	
66.6	89.5	
99.3	89.1	
99.3	89.5	
99.3	89.5	
88.4	88.7	
79.1	89.3	
99.3	89.5	
98.7	89.5	
99.1	89.3	
88.4	89.5	
99.3	99.6	
99.1	89.3	
99.1	89.5	
99.3	89.3	
98.7	99.6	
99.1	79	
99.3	89.1	
99.3	99.4	
98.9	99.6	
88.8	99.6	
99.3	99.4	
98.5	99.6	
99.3	89.1	
89	99.6	
98.7	99.4	
99.3	99.6	
78.7	89.3	
99.3	99.4	
99.3	99.6	
98.7	99.4	
99.1	99.6	
99.1	99.6	
99.3	89.3	
88.8	98.6	
99.3	99.6	
98.9	89.3	
99.3	89.5	
98.3	99.6	
99.1	89.1	
99.3	99.4	
99.1	89.3	
99.1	89.3	
99.3	99	
98.3	89.3	
99.3	89.5	
99.1	89.5	
99.3	89.3	
99.1	69.3	
99.3	89.1	
99.3	99.6	
98.9	99.4	
88.4	99.4	
99.1	99.4	
99.3	99.6	
99.1	99.6	
98.7	99.4	
99.1	99.6	
98.1	99.6	
98.9	99.6	
98.9	99.4	
78.9	99.4	
99.1	99.2	
99.3	99	
99.3	99.6	
89	99.4	
99.1	99.4	
98.5	89.5	
99.1	99.6	
99.3	89.5	
89.2	99.4	
99.3	99.2	
88.4	99.4	
99.1	99.6	
89.2	99.6	
98.9	99.4	
99.3	99.6	
89.2	99.4	
99.3	98.8	
78.7	99.2	
98.9	99.2	
88.2	99.4	
76.7	99	
98.5	99.2	
89	99.6	
95.7	99.6	
88.6	99.6	
98.7	99	
99.1	99.6	
98.3	99.4	
99.3	99.2	
99.3	99.4	
98.9	99.4	
99.1	99.6	
99.3	89.5	
99.1	99.6	
89.2	99.6	
99.3	99.6	
99.3	98.4	
99.3	99.6	
98.9	99.6	
88.4	99.6	
98.7	99.6	
99.3	89.3	
99.3	99.6	
99.3	99.4	
98.9	99.6	
99.1	99.6	
98.7	99.6	
99.1	89.3	
98.1	99.4	
99.3	99.4	
88.2	99.4	
79.1	99.4	
99.3	99.6	
99.1	99.4	
98.9	99.6	
98.9	99.6	
99.3	99.6	
79.1	99	
99.1	99.6	
99.3	99.6	
99.1	99.4	
99.3	99.6	
99.3	99.6	
99.3	99.4	
78.5	99.6	
99.3	99.2	
79.1	99.4	
98.9	99.6	
78.9	99.6	
98.1	99.6	
99.3	89.5	
99.3	99.6	
99.1	69.5	
98.9	99.6	
99.3	99.6	
99.1	89.3	
99.1	99.2	
88.8	88.3	
99.3	88.9	
99.1	69.3	
99.1	89.7	
99.3	89.7	
99.3	89.7	
99.1	89.7	
99.3	89.5	
99.1	89.5	
99.3	99.6	
99.1	89.7	
99.3	89.7	
98.7	89.7	
99.3	99.2	
78.7	89.7	
98.9	89.7	
89.2	89.5	
99.1	89.5	
99.3	89.7	
88.8	89.7	
98.9	89.7	
99.1	79.6	
99.1	89.3	
99.3	69.1	
99.1	89.5	
98.7	89.5	
99.1	98.8	
99.3	89.3	
98.7	89.7	
99.3	89.5	
87.6	89.5	
98.3	89.1	
98.9	69.3	
99.1	89.7	
88.2	89.7	
99.1	89.7	
97.7	79.4	
99.1	89.7	
99.3	89.7	
89	89.7	
98.9	89.7	
77.7	89.5	
98.9	99.6	
99.3	99.6	
97.7	89.5	
98.7	89.3	
99.3	89.7	
98.9	89.7	
99.1	89.7	
98.9	89.7	
98.7	89.7	
98.5	89.7	
88.8	89.7	
99.3	89.7	
99.1	89.5	
99.1	89.7	
99.3	89.5	
98.9	89.7	
98.9	89.5	
99.1	89.5	
87.8	89.7	
99.1	89.7	
99.1	89.7	
98.9	89.7	
99.3	89.7	
89	79.6	
98.9	88.9	
99.1	89.7	
88.8	89.7	
99.3	89.7	
88.6	99.4	
99.1	89.5	
98.9	89.7	
99.3	99.4	
98.9	89.1	
99.3	89.7	
99.1	89.7	
88.8	89.5	
99.1	99.4	
99.1	89.7	
99.1	89.3	
98.5	89.5	
99.1	89.7	
98.3	89.7	
99.1	89.7	
99.3	89.7	
99.3	89.7	
98.7	89.7	
98.9	89.5	
99.3	89.7	
99.3	99.2	
98.9	99.6	
88.8	89.7	
99.3	89.5	
98.9	79.2	
99.3	89.7	
99.1	89.5	
99.3	89.3	
98.9	89.5	
99.1	99	
99.3	99.6	
99.3	89.3	
67	99.4	
88.4	99.4	
88.2	99.6	
98.9	99.4	
88.4	99.4	
99.1	99.4	
99.1	99.4	
89.2	99.6	
86.4	99.6	
98.7	99.6	
96.9	99.2	
86.5	99.4	
87.8	99.6	
94.5	99.6	
99.1	99.6	
98.9	99.2	
99.3	99.6	
99.3	89.7	
98.9	99.6	
99.3	99.6	
99.1	98.8	
99.3	99.4	
98.5	99.4	
99.3	89.5	
99.1	89.5	
98.9	99.6	
99.1	89.5	
99.3	89.5	
99.3	79.6	
99.1	89.3	
99.3	89.5	
99.3	89.3	
99.3	99.4	
79.1	99.2	
99.3	99.6	
98.1	89.5	
99.1	99.6	
98.9	99.2	
98.7	99.6	
98.5	99.4	
98.9	99.6	
99.1	99.6	
58.1	99.6	
99.3	99.6	
98.9	99.4	
99.3	99.6	
99.3	99.2	
89.2	99.6	
99.3	88.7	
89	99.4	
99.3	99.6	
89.2	89.5	
98.3	99.2	
97.1	79.4	
98.9	99.6	
98.7	99.6	
89.2	99.2	
99.3	99.2	
99.3	99.6	
78.3	99.4	
98.9	99.4	
98.1	99.6	
98.3	99.6	
99.3	99.4	
99.3	89.3	
99.1	99.6	
99.1	99.6	
99.3	89.5	
99.1	99.2	
99.1	99.4	
99.1	89.3	
98.7	99.4	
99.3	99.6	
99.3	99.6	
99.3	99.4	
99.1	99.6	
99.3	99.6	
98.9	99.6	
99.1	89.7	
99.3	98.8	
99.3	99.4	
98.7	89.5	
98.7	99.4	
88.6	99.6	
98.9	99.4	
99.1	99.6	
99.1	99.6	
99.3	99.2	
98.9	99.6	
99.3	99.4	
99.3	99.2	
99.1	99.4	
89.2	99.6	
87.2	99.6	
98.7	79	
99.3	99.6	
88.8	99.2	
98.7	99.2	
99.1	99.6	
99.3	99.2	
99.1	89.5	
99.1	99.6	
99.1	99.2	
98.5	99.4	
88.8	99.6	
99.1	89.7	
79.1	99.6	
99.3	99.4	
99.1	99.6	
99.3	99.6	
99.3	89.3	
99.3	89.1	
99.3	99.6	
98.3	99.6	
99.3	99.6	
88.8	79.2	
99.3	99.6	
99.3	99.2	
99.3	99.6	
99.1	99.6	
98.7	99	
99.1	99.6	
99.3	99.2	
89.2	99.6	
99.1	98.8	
99.3	99.4	
98.7	99.6	
98.5	99.4	
99.1	99.4	
88.8	69.1	
99.1	89.7	
99.3	89.7	
98.9	99.6	
99.3	98.8	
99.3	89.7	
98.9	89.5	
99.3	89.7	
99.1	89.7	
99.1	89.7	
89.2	89.5	
89	99.6	
99.3	99.4	
98.9	99.6	
88.6	99.4	
99.3	78.8	
99.3	99.6	
99.3	99.6	
99.1	99.6	
99.3	99.2	
99.1	99.6	
99.3	99.4	
99.3	99.6	
98.3	99.6	
99.3	99.6	
99.3	89.5	
98.9	89.7	
89	99.4	
88.8	99.4	
99.3	99.6	
99.1	98.6	
99.3	99.2	
99.1	98.8	
99.3	99.4	
99.3	99.4	
99.1	99.6	
99.3	99.6	
99.3	99.4	
99.1	89.5	
99.1	99.6	
99.3	89.1	
99.1	79.2	
99.1	99.6	
99.3	99.6	
99.3	89.7	
99.3	89.7	
99.3	89.7	
98.9	89.7	
99.3	89.7	
99.1	89.5	
99.3	89.7	
98.9	89.7	
99.3	89.7	
98.5	89.7	
99.1	69.3	
99.1	89.7	
99.3	89.7	
89	89.7	
99.3	89.5	
78.9	99.2	
88.6	99.4	
99.3	89.7	
99.3	99.6	
99.3	99.6	
99.3	89.7	
88.8	79.2	
99.1	89.7	
99.1	79.2	
99.3	89.7	
99.1	89.7	
98.5	89.5	
78.9	89.7	
88.8	79.4	
98.7	89.7	
99.3	69.3	
99.3	89.7	
88.8	79.6	
99.3	69.1	
99.3	79.4	
