35.3	-335.7	
88.2	69.1	
75.5	89.7	
89.2	87.9	
54.3	89.5	
94.1	88.9	
88.8	-15.3	
52.7	78.8	
97.9	89.7	
79.3	89.5	
99.3	69.3	
98.3	89.7	
88.8	99.6	
78.3	88.1	
99.3	99	
89.2	89.7	
98.5	78.8	
89	99.6	
99.1	98.4	
77.5	99.6	
88	99.4	
88.6	79.8	
89	89.7	
55.7	99.4	
84	99.6	
84.8	98.8	
77.1	99.6	
81.8	89.3	
98.5	28.7	
97.9	99.6	
98.7	99.4	
88.6	99.6	
99.1	99.6	
99.1	79.2	
78.1	99.6	
98.9	89.5	
99.3	99.6	
98.5	99.6	
77.9	99.6	
76.7	99.6	
98.5	99.4	
99.3	98	
87.8	99.6	
98.5	99.6	
99.1	99.6	
98.1	79.4	
98.9	99.4	
98.9	99.4	
89	99.6	
98.1	99.6	
98.7	98.4	
98.9	99.6	
98.1	99.6	
97.1	79.6	
98.1	89.5	
99.3	99.6	
98.7	79.8	
66.8	89.5	
97.5	59.4	
79.1	99.6	
99.3	88.9	
99.3	89.7	
99.3	69.3	
99.1	79.8	
99.1	89.3	
98.3	99.4	
99.1	99.6	
78.9	99.6	
96.7	99.6	
54.9	99.6	
76.5	58.8	
77.3	98.8	
88.4	99.4	
56.5	99.6	
57.3	98.8	
78.7	99.6	
89.4	98.8	
89.4	99.6	
78.9	99.4	
83.2	69.7	
87	99.4	
89.2	99.6	
78.7	99.6	
89.2	99.2	
88.8	99.6	
88.8	89.3	
99.3	99.4	
99.3	99.6	
99.1	99.6	
98.9	99.6	
89	99.6	
99.3	99.2	
88.8	79.2	
88.8	69.1	
99.3	99.4	
99.1	48.9	
47.2	99.6	
89.4	99.4	
99.3	99.4	
98.9	89.5	
89.2	99.6	
89.4	79.8	
89.2	99.6	
48.4	89.5	
99.3	89.5	
88.8	99.6	
68.8	89.1	
89.2	99.6	
89.2	99.4	
99.1	69.1	
99.1	99.6	
98.3	99.2	
99.1	89.5	
88.6	99.4	
88.6	99.2	
88.8	89.5	
98.5	99.6	
88.6	99.6	
99.1	99.4	
98.9	89.3	
97.7	99.6	
98.9	99.4	
89.4	89.7	
89	79	
99.3	99.6	
99.3	99.4	
78.5	89.5	
99.3	99.6	
98.5	69.5	
97.3	99.6	
99.1	99.6	
89	89.5	
99.3	99.6	
98.9	99.6	
99.3	99.6	
99.1	89.3	
89.2	99.6	
89	99.6	
99.3	99.6	
89.4	89.1	
99.1	89.5	
99.3	89.5	
99.3	79.6	
78.5	59.6	
98.9	89.5	
67.2	99.4	
89.4	99	
99.1	79.4	
88.6	99.6	
99.3	99.4	
89	99.6	
99.3	89.5	
99.1	99.2	
98.9	99.4	
98.3	99.6	
89	89.5	
98.3	99.4	
99.1	89.7	
89	99.2	
88.2	99.6	
98.9	99.6	
78.7	59.8	
99.1	89.5	
98.9	79	
98.7	99.4	
99.1	79	
79.3	79.6	
98.7	89.7	
88.8	89.7	
99.1	89.5	
99.3	89.7	
98.9	79.6	
98.7	89.7	
98.5	79.6	
89.2	89.5	
99.1	79.4	
56.7	99.6	
98.5	59.4	
98.5	79.2	
78.5	99.6	
98.7	59	
69.4	99.4	
79.1	99.4	
99.3	99.4	
99.1	99.4	
77.7	99.4	
88.6	49.3	
99.3	99.6	
99.1	99.6	
99.3	99.6	
98.5	78.8	
98.7	99.6	
89.2	99.6	
98.5	99.6	
89.2	68.9	
89.2	99.6	
88.8	99.4	
99.1	99.6	
98.9	99.6	
99.1	89.7	
65.8	99.6	
98.1	89.7	
98.9	99.4	
88.6	89.7	
99.3	99	
99.3	99.6	
98.9	79.6	
99.1	99.6	
98.9	69.3	
98.9	89.5	
99.1	89.7	
99.3	79.6	
99.1	89.1	
99.1	89.7	
99.3	99.2	
89.2	99.4	
98.1	99.6	
99.3	99.6	
98.9	99.4	
89.2	99.6	
89	79.6	
98.7	99.6	
99.1	99.6	
98.7	99.6	
98.9	99.6	
99.1	99.4	
99.1	89.7	
88.6	99.6	
98.9	99.6	
99.3	99.6	
98.7	88.9	
88.6	99.6	
98.9	99.6	
99.3	99.4	
98.9	99.4	
99.3	99.2	
48.8	79.8	
95.3	99.6	
98.9	59.4	
88.8	99	
98.3	98.8	
89	99.6	
99.3	99.6	
99.3	99.4	
89.2	89.3	
78.1	99.4	
99.1	89.3	
88.8	99.6	
88.8	89.5	
77.7	99.6	
78.9	89.5	
88.6	99.2	
98.5	99.6	
98.7	99.6	
88.4	99.6	
99.3	99.4	
99.1	99.6	
89.4	99.6	
78.5	99.6	
98.7	69.7	
89.4	99.2	
88.8	99.2	
89.4	99.2	
88.8	99.4	
99.3	99.6	
99.3	99.4	
98.9	99.6	
99.3	99.4	
98.7	99.6	
98.5	99.6	
78.9	99.6	
89.2	99.6	
97.3	99.6	
99.3	89.7	
99.3	99.2	
98.3	99	
89.2	99.6	
79.3	99.6	
99.3	99.6	
88.8	99.2	
99.1	99	
98.5	99.6	
89.2	99.6	
99.3	99.4	
78.9	99.4	
99.1	89.3	
98.9	99.4	
99.3	89.5	
98.3	99.6	
77.9	99.6	
98.9	89.3	
99.3	59.6	
98.7	99.6	
88.4	99.6	
98.7	69.1	
99.3	99.2	
98.9	99.2	
78.1	99.4	
99.3	99.6	
89	99	
89.4	99.6	
99.3	79.4	
88.4	99.6	
99.3	99.6	
99.1	99.4	
89	99.4	
99.3	89.5	
98.9	99.4	
98.9	99.4	
88.4	99.6	
89.2	99.6	
98.9	89.3	
99.3	99.6	
99.1	99.6	
98.9	99.6	
98.7	79.4	
89.2	89.5	
79.1	99.6	
99.3	79.6	
78.9	79.6	
89.2	99.6	
88.8	88.9	
88.8	99.6	
98.5	99.6	
98.7	99.6	
99.1	99.6	
98.9	99.6	
99.3	48.9	
99.1	99.6	
98.7	99.6	
99.1	99.6	
89.2	99.6	
99.1	99.6	
99.3	99.6	
99.3	99.6	
98.9	99.6	
99.3	59.6	
89	89.7	
89	99.4	
99.1	99.4	
98.9	99.4	
99.1	99	
99.3	99.6	
99.1	99.6	
98.9	99.6	
79.1	99.6	
88.6	99.6	
98.9	79.4	
88	79.8	
88.8	89.5	
98.5	99.6	
99.1	99.6	
89	99.2	
99.3	99.6	
97.9	99	
98.7	99.6	
99.1	99.6	
99.3	99	
99.3	99	
88.6	99.6	
98.9	99.2	
98.5	99.6	
88.6	89.7	
98.1	99.6	
99.1	88.9	
88.8	99.6	
88.2	79.4	
98.9	99.6	
89.2	99.6	
99.1	99.4	
88.6	99.6	
99.3	99.6	
99.3	99.2	
99.3	99.6	
88.8	99.6	
99.3	99.4	
98.5	99.6	
89	99.4	
99.3	99.6	
98.9	99.6	
89.2	99.6	
98.3	99.6	
99.3	99.6	
89.2	99.4	
89	99.4	
89	99.6	
99.1	99.6	
99.3	99.4	
99.3	99.6	
89.2	89.5	
89.4	99.6	
98.7	99.6	
98.7	99.6	
98.5	99.4	
99.3	99.6	
98.9	99.6	
89.4	99.2	
89	89.5	
99.3	89.5	
99.3	99.6	
98.9	99.4	
88.6	79.4	
98.3	89.5	
99.1	99.6	
99.3	99.6	
98.7	99.2	
98.9	99.4	
98.9	79.2	
99.1	99.6	
99.1	39	
99.1	89.3	
98.9	99.4	
98.5	99.6	
98.7	89.5	
99.1	89.3	
99.1	99.6	
87.8	89.1	
98.7	99.6	
89.4	88.9	
98.5	49.5	
79.1	89.5	
89	99.6	
99.1	99	
99.1	99.6	
98.9	79	
99.3	99.6	
59.1	89.5	
99.3	99.4	
99.1	89.5	
99.3	89.5	
79.3	99.4	
89.2	89.3	
98.5	99.6	
98.9	99.2	
99.3	99.6	
89.2	99.2	
88.8	99.6	
89	89.3	
88	99.6	
97.7	89.7	
99.3	89.7	
97.7	89.5	
88.8	89.5	
78.7	79.6	
99.1	89.3	
99.3	79.6	
98.7	99.6	
87.8	89.7	
99.3	89.1	
89.4	89.3	
87.2	79.8	
89	99.6	
78.7	99.6	
88.2	69.7	
89.4	99.6	
98.7	99.4	
98.9	79.6	
89.2	99.6	
98.5	69.5	
98.9	19.8	
88.6	89.1	
98.7	99.4	
99.3	99	
88.8	99.4	
89	99.6	
98.3	89.3	
88.2	99.4	
99.1	99.6	
88	99.6	
89.2	99.6	
89	89.3	
88.8	99.6	
99.1	59.6	
99.1	79.2	
98.9	99.6	
88.8	99.6	
79.5	69.3	
67.8	99.6	
98.3	99.6	
98.9	89.1	
98.7	29.1	
98.3	99.4	
89.4	79.6	
99.3	99.6	
89.4	89.5	
99.3	99.6	
99.3	99.4	
98.9	99.6	
99.1	89.5	
98.5	99.4	
98.7	99.6	
99.3	99.6	
89.2	79.8	
99.1	99.6	
98.7	69.5	
89	99.6	
98.9	89.5	
89.2	89.7	
89.2	89.7	
99.1	79.4	
