24.6	68.9	
-38.1	-53.1	
83.8	49.3	
98.7	58	
76.7	37.8	
88.4	-2.6	
88.8	69.5	
87	89.1	
88.8	68.3	
98.7	69.1	
99.1	77.2	
98.5	88.3	
97.7	88.7	
98.7	99	
66.2	69.1	
78.1	66.7	
98.7	78.6	
98.5	89.5	
99.1	99	
99.3	98.6	
98.9	79.4	
99.1	79.6	
88.8	79.4	
99.1	69.7	
99.3	79	
88.4	67.9	
98.9	87.5	
88.6	68.3	
98.9	69.1	
78.3	58.4	
99.1	77.2	
99.3	56	
99.3	88.9	
99.3	88.7	
89.2	79.4	
67.8	88.9	
99.1	88.5	
98.7	88.5	
98.5	78	
99.3	89.1	
98.7	88.9	
98.9	69.7	
99.3	98.6	
99.3	98.4	
89	99.4	
89.2	99.4	
98.7	79.2	
99.3	99.4	
98.9	99.4	
98.3	99.2	
98.9	69.5	
98.9	99.4	
98.9	79.6	
99.3	78.8	
99.3	99.4	
99.3	99	
99.1	89.3	
98.5	99.2	
99.3	99.4	
88.8	99.4	
99.1	99.6	
99.3	79.4	
98.9	89.3	
99.1	49.7	
99.1	99.6	
89.2	79.2	
89.2	99.2	
98.5	99.4	
79.5	99.4	
99.3	99	
98.7	99.2	
98.1	99	
98.5	89.5	
98.7	99.4	
78.9	99.2	
99.1	99.4	
89	99.4	
99.3	99.4	
98.7	99.4	
99.3	89.1	
98.5	89.5	
99.3	88.9	
79.1	99.6	
99.1	89.7	
98.7	99.4	
98.9	98.8	
99.1	69.3	
98.5	88.5	
99.1	99.4	
99.3	79.2	
99.3	99.4	
98.9	79.4	
99.3	88.9	
98.9	98.8	
89.2	99.4	
99.1	99.4	
98.9	99.2	
98.9	99.2	
98.9	89.5	
99.3	99.2	
99.3	99.6	
98.9	89.1	
99.3	99	
88.8	98.6	
99.1	99.4	
98.5	99.6	
99.3	99.2	
98.9	99.6	
99.1	99	
99.1	99	
89.2	99.2	
98.9	89.1	
98.9	99.4	
99.3	99	
88.8	79.2	
89.2	79.4	
98.7	99	
78.9	99.2	
89	99.2	
88.8	99.2	
98.9	99.4	
99.1	79.6	
98.7	99	
98.7	99.6	
99.1	99.6	
88.4	59.4	
99.1	99.6	
88.6	99.6	
98.9	99.2	
89.2	99.2	
99.3	99.6	
99.1	99.6	
89	99.6	
89.2	99.6	
99.1	99.4	
98.5	89.7	
98.7	89.1	
98.9	99.6	
99.3	88.9	
98.9	99.4	
79.3	69.3	
99.1	99.6	
98.9	89.5	
99.1	99	
77.5	99.6	
98.7	99.6	
99.3	99.4	
99.3	99	
99.3	99.4	
98.9	99.2	
99.3	99.6	
99.3	99.6	
99.1	99	
98.9	99.6	
99.3	89.5	
98.5	99.6	
88.4	88.9	
98.9	99.4	
87.2	99.6	
78.5	99.2	
99.3	99.6	
99.3	99.2	
99.3	99.4	
88.4	89.5	
89.2	89.3	
98.9	89.3	
99.3	89.1	
98.9	99.4	
99.3	99.4	
99.3	99.4	
99.3	69.7	
78.3	89.5	
99.1	99.6	
98.3	99.4	
99.3	89.3	
88.8	99.6	
88.6	98.8	
99.3	99.6	
99.1	79.2	
89	99.6	
99.3	99.6	
98.3	98.6	
99.3	99.6	
89	99.6	
89.2	89.5	
89.2	99.4	
98.9	99.6	
99.1	99.6	
98.9	99.6	
99.3	99.6	
98.7	99.4	
99.1	99.6	
98.9	99.6	
99.3	99.6	
99.1	89.7	
99.3	99.6	
98.9	99.4	
99.3	89.1	
99.3	89.3	
98.5	79.2	
98.9	99.6	
98.9	99.6	
99.1	88.7	
98.9	99.6	
98.9	89.3	
98.7	99.6	
99.3	99.4	
87.6	99.6	
99.3	99.6	
99.3	99.6	
89.2	99.4	
78.9	99.4	
99.3	99.2	
99.1	99.6	
99.1	99.4	
99.1	99.2	
98.7	99	
99.1	89.3	
89.2	99.6	
89	99.6	
98.7	99	
78.5	99.6	
99.1	99.6	
98.9	99.6	
88.6	99.6	
88.6	99.6	
99.1	99.6	
88.6	99.6	
99.1	99.6	
99.3	99.6	
98.9	99.6	
99.3	99.2	
99.1	78.8	
99.1	99.6	
99.3	99.4	
88.8	99.6	
99.3	99.6	
98.9	89.3	
79.1	99.6	
99.3	99.6	
99.3	89.5	
78.1	99.6	
88.6	99.4	
99.1	99.6	
99.1	99.6	
79.3	99.4	
99.1	99.6	
89.2	88.7	
99.3	89.3	
89	99.2	
99.1	99	
99.1	99.6	
99.1	99.2	
98.9	99.6	
89.2	99.6	
98.7	99.4	
98.9	99.6	
89.4	88.9	
98.7	99.6	
98.9	69.1	
99.1	79.8	
89.2	99.4	
99.1	99.2	
99.1	79.4	
98.5	99.6	
99.3	99	
99.3	99.4	
99.1	99.4	
89.2	99.6	
99.3	89.7	
99.3	99.6	
99.3	99.2	
99.3	99	
99.3	99.6	
98.3	99.4	
88.8	99.2	
99.1	89.3	
88.6	89.5	
98.9	99.6	
89.2	99	
98.9	99.6	
99.1	99.6	
99.1	99	
99.3	99.6	
99.3	99.6	
99.3	99.4	
99.3	99.4	
89.2	89.7	
88.8	79.6	
88.8	79.4	
88.8	99.4	
88.6	99.6	
88.4	99.6	
99.3	59.4	
99.1	99.4	
99.3	99.6	
99.3	99.6	
78.5	99.4	
99.1	99.4	
99.1	99.4	
98.9	89.3	
88.8	99.6	
89	99.6	
99.1	89.3	
99.1	99.6	
99.3	99.6	
99.3	99	
98.9	89.3	
99.1	99.6	
98.7	99.6	
88.6	99.6	
99.1	89.7	
98.9	99.6	
99.1	89.3	
99.3	99.6	
89.2	99.4	
99.3	99.6	
89.2	79.2	
99.1	99.6	
89.4	79.4	
98.7	99.6	
99.3	99.6	
98.5	99.6	
88.4	89.3	
88	99.6	
87.8	99.2	
98.9	99.6	
98.9	99.2	
99.1	99.6	
99.1	99.4	
99.3	99.6	
99.1	89.7	
88.8	89.7	
99.1	99.6	
99.3	99.6	
99.3	99.6	
78.9	99.6	
99.3	89.7	
99.1	99.6	
98.7	89.5	
99.3	99.2	
98.9	99.6	
98.9	99.2	
88.6	99.4	
98.9	99.6	
89.2	99.6	
99.3	99.4	
98.9	99.6	
99.1	69.1	
78.7	99.2	
88.8	99.4	
99.3	99.4	
68.6	89.5	
98.9	89.5	
99.3	89.7	
99.1	99.6	
88.6	99.6	
99.3	99.2	
99.1	98.8	
99.3	99.2	
98.7	99.4	
89.2	89.5	
99.3	99.6	
88.8	99.4	
79.3	89.5	
99.1	89.5	
99.1	99.6	
99.3	99.6	
98.7	99.6	
98.9	99.6	
98.9	99.4	
79.3	99.6	
88.2	99.2	
99.3	99.2	
89	99.4	
99.3	98.4	
99.1	99.6	
98.5	99.2	
99.3	89.5	
99.3	99.2	
89.2	89.3	
99.1	99.4	
99.3	99.4	
98.7	99.6	
99.3	99.4	
89	99.6	
68.4	99.6	
99.1	99.4	
89	79.6	
99.1	99.6	
99.3	99.6	
98.7	99.6	
79.3	98.8	
99.3	99.6	
99.1	89.3	
99.1	99.6	
88.6	99.2	
99.3	99	
89.2	89.3	
88.4	99.2	
89	99.6	
89.4	99.6	
99.3	99.6	
99.1	99.6	
99.1	99.2	
99.1	89.7	
98.5	89.5	
99.3	99.6	
98.7	99.6	
99.1	99.6	
99.1	89.7	
78.3	79.8	
98.9	89.7	
88.8	89.1	
99.3	89.7	
98.9	99.6	
99.3	99.4	
89.2	99.6	
99.3	79.6	
98.9	99.4	
98.5	98.4	
98.9	88.9	
98.9	99.6	
98.9	89.1	
99.1	99.6	
99.1	99.4	
99.3	99.6	
99.1	99.6	
99.1	89.5	
99.1	69.1	
99.3	89.7	
99.3	99.6	
99.1	99.4	
99.3	89.5	
99.3	99.4	
99.3	99.6	
88.6	89.7	
99.1	99.6	
98.7	99	
98.7	79.6	
89.2	99	
88.8	99.6	
88.6	89.7	
99.3	99.2	
98.9	79.6	
99.3	99.6	
98.9	99.6	
88.6	99.6	
98.9	99.2	
99.3	79.2	
98.5	89.7	
99.3	69.3	
89	99.6	
99.3	89.3	
99.1	99.6	
98.9	89.3	
88.6	99.2	
99.3	99.6	
99.3	99.6	
99.1	99.6	
89.4	99.4	
99.3	69.5	
98.9	99.6	
99.3	69.7	
98.9	79.4	
98.9	99.6	
99.3	89.3	
99.1	99.6	
99.3	99.4	
98.9	89.3	
99.1	99.4	
88.8	99	
89	99.6	
99.1	99.6	
99.3	99.6	
99.1	99.6	
98.9	99.6	
98.7	99.4	
99.1	99.6	
99.1	99.4	
99.3	99.6	
99.1	99.6	
99.3	89.7	
99.1	99.4	
89.4	89.3	
99.3	89.5	
98.7	79.4	
99.1	99.6	
89.2	99.6	
89.2	99	
98.9	89.5	
98.9	99.4	
98.5	99.6	
99.1	89.7	
88.8	88.9	
99.3	99.6	
99.3	99.4	
99.3	99.6	
88.6	59.4	
89.2	89.7	
