22.2	89.5	
47.6	79.4	
87.4	-60.8	
46.2	79.2	
76.7	-253.7	
24.8	-51.3	
62.4	-81.8	
63.4	-65.2	
87.2	99.2	
88.2	89.3	
87.4	48.3	
98.9	56.2	
88.4	38.8	
96.1	88.7	
99.1	15.2	
99.3	99.4	
87.2	38.6	
98.1	48.1	
87.8	67.7	
88.4	99.2	
78.5	84.5	
78.5	48.5	
87.4	38.6	
97.7	89.3	
77.1	58	
88.2	89.3	
87.6	68.1	
89.4	48.7	
97.5	54.8	
99.3	88.9	
87.2	68.9	
85.8	76.6	
88.6	99	
95.7	88.5	
77.3	69.5	
87.2	89.3	
97.1	68.1	
87.2	97.8	
81.8	98.4	
97.5	38.6	
48.1	-21.8	
98.9	99.4	
88.8	99.2	
98.9	99	
99.3	78.8	
98.9	99.6	
89.4	99.2	
76.5	99.4	
87	99.2	
98.5	69.1	
88	99.4	
77.1	99.6	
78.1	99.2	
88	99.6	
98.5	58.8	
84.4	99	
98.5	89.3	
95.3	99.4	
78.7	88.7	
96.3	99.2	
98.7	89.3	
78.9	89.3	
97.5	89.5	
98.5	89.5	
87.8	99.6	
96.7	89.5	
68	99.4	
98.7	99.2	
97.7	99.4	
98.7	89.7	
97.1	99.2	
98.5	58.2	
78.7	99.6	
87.2	99.6	
98.9	99.2	
98.1	78.4	
99.1	89.5	
88.6	99.4	
78.5	89.5	
99.3	99.6	
97.9	89.1	
68.2	99.6	
89	99.6	
67	99.6	
78.7	59.4	
78.1	99	
98.5	69.5	
97.5	99.4	
98.3	49.1	
99.3	99.4	
97.9	89.5	
99.3	88.5	
88.6	89.5	
67.4	99.6	
98.5	89.1	
98.3	89.5	
98.9	68.3	
97.9	99.2	
76.9	99.4	
99.3	88.5	
99.1	99.4	
98.9	88.9	
99.3	99.2	
98.9	99.6	
78.5	68.9	
88.6	89.7	
88.8	39.4	
98.3	88.9	
57.9	69.1	
79.1	59.4	
98.3	99.2	
38.5	79.4	
98.9	68.3	
88	49.1	
68.2	19.2	
78.5	89.5	
98.3	19.4	
89.2	99.6	
98.1	99.4	
89.4	99.2	
98.7	99.2	
88	88.9	
78.9	89.3	
98.5	79.8	
99.3	88.7	
78.3	79.4	
98.9	89.5	
99.3	88.7	
99.1	79.2	
99.1	99.6	
97.9	99.2	
57.5	99.6	
78.9	99.4	
87.4	99.2	
87.8	48.5	
67.8	89.3	
98.3	99.6	
98.3	99.6	
96.9	79.6	
97.9	99.4	
98.5	89.7	
98.9	78.6	
47.6	99.6	
89.2	79.6	
98.7	79.6	
98.1	99.4	
89	99.2	
78.1	99.6	
99.1	69.1	
77.9	99.6	
88.6	99.6	
98.9	99.6	
88	89.5	
97.5	89.1	
78.1	99.4	
88.4	99.6	
98.7	89.7	
89.2	89.1	
79.5	99.6	
87.8	89.3	
97.3	69.3	
99.1	89.3	
88.4	99.6	
98.3	49.1	
77.5	88.1	
56.5	99.4	
78.1	89.5	
98.9	98.8	
98.5	79.4	
88.6	69.7	
78.9	89.3	
89	89.5	
76.1	99.6	
99.3	99.4	
78.5	99.2	
99.1	79.4	
68.6	69.5	
88.2	99.4	
98.7	99.4	
97.5	89.7	
98.5	99.2	
78.5	99.6	
98.9	69.5	
88	79.8	
98.5	79.2	
78.9	89.5	
98.7	99.2	
98.5	99	
89	99	
99.1	99.2	
98.5	99.6	
48.8	99.6	
99.3	99.6	
98.7	99.4	
89.2	99.6	
99.1	89.5	
99.3	99.4	
98.3	99.6	
87	89.3	
88.6	79.8	
89	89.5	
89	89.3	
97.3	99.6	
99.3	29.5	
88.6	99.4	
88.6	88.9	
89.2	99.6	
99.1	99.6	
86.8	99.4	
88	79.6	
87.8	99.4	
89.2	99.6	
77.3	89.7	
98.7	99.4	
68.8	99.6	
99.1	99.6	
98.7	89.7	
97.1	99.4	
99.3	99.6	
57.7	98.8	
98.9	79.8	
88.6	99.4	
99.3	89.3	
97.9	99.6	
99.1	79.6	
99.3	89.3	
99.1	99	
98.9	88.7	
98.3	99.2	
98.1	69.5	
78.9	98.8	
98.9	99.6	
46.2	99.4	
98.9	49.5	
88.2	79.2	
96.9	99	
97.5	69.5	
89.2	89.5	
98.5	59.6	
26.6	59.4	
99.3	89.5	
98.5	89.7	
78.7	99	
99.3	99.4	
88.6	99.6	
78.9	99.4	
88	-20.6	
99.1	79.6	
78.7	89.5	
98.9	89.7	
88.6	99.6	
88.8	99.4	
98.7	89.7	
88	99.2	
98.5	79.6	
88.4	99.6	
88	89.5	
88.8	99.4	
98.9	99	
98.5	99.2	
78.5	99.6	
98.9	99.6	
88.2	99.6	
16.9	89.5	
99.1	89.5	
98.9	69.5	
78.5	99.4	
98.7	29.5	
88.2	98.8	
98.9	69.7	
57.1	89.5	
99.1	79	
98.5	99.4	
98.1	99	
98.9	89.3	
98.9	99.6	
89.4	89.7	
98.3	97.4	
97.7	49.3	
98.5	99.4	
77.9	99.4	
98.5	99.4	
98.9	79.6	
68.2	99.6	
78.9	89.5	
88.8	79.2	
98.9	29.7	
98.7	99.6	
98.7	99.6	
99.3	99.6	
99.1	89.7	
89.2	99.6	
88.4	89.7	
99.3	99.4	
98.7	99.6	
89	98.2	
99.1	99	
78.9	99.6	
97.7	79.6	
46	79.8	
68	99.4	
98.7	48.9	
98.3	37.4	
87.4	78.8	
99.3	89.5	
98.9	99.4	
88.2	99.6	
88.4	98.8	
78.1	99.6	
67.2	89.3	
98.9	49.5	
88.8	89.7	
99.1	99.6	
79.1	99.4	
88.2	99.4	
79.1	88.9	
88.2	79.8	
88.8	99.6	
98.9	99.6	
98.9	69.3	
77.9	99	
79.3	99.6	
89	79.2	
88.4	89.7	
98.5	99	
88.4	89.3	
89.2	99	
98.3	99.6	
47.8	78.6	
89	79.2	
98.5	39.2	
78.3	68.9	
98.7	88.7	
78.5	78.4	
99.3	89.5	
88.6	39.6	
99.3	99.4	
77.9	99.6	
88.8	89.5	
78.5	99.2	
88.6	99.6	
78.3	89.5	
88.4	79.4	
78.1	99.2	
78.7	79.2	
88.8	89.3	
88.4	49.5	
88.8	69.5	
89	99.6	
97.9	99.4	
78.1	99.4	
68.4	99.4	
99.3	99.6	
58.1	59.6	
99.1	79.2	
98.9	99.6	
98.7	99.6	
87	99.6	
88.4	99.4	
98.7	99.6	
88	98.8	
98.7	99	
99.3	99.6	
99.1	89.5	
99.3	99.6	
98.3	79.8	
77.7	99.2	
78.9	99.2	
58.3	59.2	
89	99.4	
99.1	89.1	
48	79.6	
98.1	99.6	
99.1	89.5	
88.4	89.5	
98.3	99.6	
79.5	59.8	
98.5	99.6	
97.9	79.6	
88	89.5	
99.1	99.4	
89.2	99.2	
99.1	99.6	
98.9	79.6	
99.1	29.1	
98.7	99.2	
98.3	99.4	
88.4	99	
99.1	99.4	
76.9	99.6	
76.7	99.4	
97.5	79.2	
99.1	98.8	
88.4	99.6	
97.9	79.2	
98.9	99.6	
88.4	99.6	
99.1	89.5	
89.2	89.7	
88.4	99.4	
98.1	99.4	
69	99.6	
99.1	99.6	
87.4	48.7	
98.7	98.8	
88.2	99.6	
98.1	89.5	
88	89.5	
68.8	88.9	
88.6	88.9	
89.4	99.4	
88.6	89.3	
99.1	99.6	
89.2	99.6	
87.2	99.6	
98.7	99.6	
98.9	79.4	
98.7	78.6	
89.2	99.4	
89	59.4	
88.6	89.1	
98.9	99.4	
99.3	99.6	
88.8	99.2	
78.1	89.7	
99.1	79.8	
99.1	78.4	
98.5	98.6	
98.5	99.6	
99.3	99.4	
88.8	99.4	
88	99.6	
99.3	99.4	
77.3	99.6	
88.8	89.3	
88.6	99.2	
88.2	99	
87.2	88.3	
98.5	99.6	
79.1	99.6	
79.3	99.6	
89	99.6	
87.8	99.6	
98.3	99.6	
58.5	99.2	
78.9	99.2	
88.4	49.5	
68.6	89.5	
89	99	
88.8	99.6	
99.3	99.4	
78.9	99.4	
89.2	69.5	
97.9	99.4	
98.1	99	
98.7	59.2	
88.8	69.1	
89	99.6	
99.1	89.7	
98.9	79.6	
99.3	99.6	
98.9	68.3	
99.3	99.6	
88.8	99.6	
98.5	48.3	
88.8	99.2	
88.8	89.1	
78.7	99.2	
89.2	99.4	
89.2	89.1	
78.3	99.6	
98.9	99.6	
98.7	99	
88.8	89.3	
88.8	98.4	
88.8	89.5	
98.5	49.1	
88.6	79.6	
89.2	99.2	
79.1	39.4	
99.3	89.7	
98.9	99.6	
98.9	89.1	
99.1	79.6	
98.3	99.6	
98.3	98.4	
88	99.4	
68.4	89.5	
98.7	77.8	
99.1	99.2	
98.9	99.6	
78.5	98.8	
68.8	79.6	
98.9	59.2	
98.7	89.3	
89	99.6	
77.9	99.6	
98.5	79	
78.9	79.2	
98.9	89.7	
