66.2	-144.2	
36.5	34	
68.8	88.9	
98.1	-21.2	
45.8	68.7	
-4.2	-53.1	
87	88.5	
85.8	99.2	
-67.2	78	
78.9	77.8	
76.7	46.7	
98.3	-11.7	
-178.5	88.9	
77.7	78.8	
78.3	78.2	
78.1	89.1	
98.7	89.3	
47.8	97.8	
98.3	89.1	
85.4	59.4	
87.8	79.8	
88.2	79.4	
88.8	89.1	
99.3	89.3	
99.1	89.3	
87.4	88.5	
65.6	89.5	
57.3	89.5	
89.2	79.6	
76.9	89.7	
68.8	59.4	
98.7	49.7	
88.8	-41.6	
89	29.5	
78.1	99.4	
35.9	89.5	
78.1	89.5	
78.1	99.6	
78.5	99	
89	48.7	
56.7	79.8	
89	89.3	
88.4	88.7	
98.1	77.8	
98.3	89.7	
77.9	89.5	
65.4	88.9	
78.9	88.9	
89	99.4	
87.6	89.5	
98.3	99.2	
88.6	99.6	
67.6	27.1	
98.9	89.7	
78.7	99.4	
69	48.9	
67.8	79	
79.3	48.3	
89.4	89.5	
98.7	79.2	
78.1	79.6	
87.2	78.2	
98.1	89.1	
98.9	89.7	
47.8	99.6	
68.2	58.8	
69.2	98.6	
87.8	98.8	
56.3	78.6	
78.3	89.3	
25.2	99.6	
89.2	89.7	
88.4	89.7	
87	79	
89.2	98.4	
98.5	99	
-0.4	88.9	
68.2	89.3	
78.5	89.1	
97.5	69.1	
99.3	59.2	
78.3	59	
98.9	98.8	
67.8	99.2	
98.7	87.9	
78.9	99.6	
87.2	89.7	
99.1	99.4	
88.8	79.4	
25	99.6	
79.1	78.4	
99.3	99.6	
88.8	79.6	
96.9	38.6	
98.9	99.4	
99.1	99.6	
87.8	99.4	
77.5	99.6	
68.6	89.7	
98.1	99.4	
98.7	69.3	
88.8	89.5	
48	99.6	
66.2	89.7	
88.6	89.3	
67.4	49.5	
67.8	99.4	
78.9	89.7	
88.8	89.5	
68.4	89.5	
88.2	99.2	
99.1	89.5	
87.6	69.1	
75.7	89.5	
89.4	69.3	
57.9	78	
88.8	79.4	
79.1	98.6	
98.9	79.4	
88.2	99.4	
98.9	99.4	
89.4	-32.1	
86.8	99	
98.5	88.7	
88.4	78.4	
88.4	68.7	
88	99.6	
56.1	99.6	
38.1	-1.6	
88.8	99.4	
68.2	79.4	
95.9	9.1	
98.5	68.5	
98.9	47.7	
99.1	48.5	
98.5	68.7	
68.8	89.5	
89.4	8.5	
58.1	78.8	
68.2	88.7	
89.2	99.6	
65.8	78.2	
98.3	58.6	
79.5	39	
25.6	-142.2	
68.6	79	
37.1	89.5	
88.6	79	
88.8	89.1	
98.7	79.4	
88.2	98.8	
58.5	99.4	
98.3	89.3	
98.7	89.7	
99.1	99.6	
97.5	79	
44.8	49.1	
94.1	68.9	
77.7	89.1	
88.4	99.2	
79.1	49.5	
66.8	99.4	
66.8	69.3	
78.1	89.5	
87.4	99	
77.7	78.2	
56.3	89.5	
99.3	69.3	
67.6	19	
68.4	59	
98.9	99.6	
58.9	-1.4	
88.4	19	
98.9	79.4	
97.1	88.9	
98.3	99.6	
58.7	98.2	
98.9	79.8	
78.1	99.6	
78.7	98.2	
97.7	99.4	
65.8	68.9	
98.7	99.6	
98.3	89.7	
78.1	99.6	
79.3	99.6	
77.5	89.5	
88.6	99.2	
89	99.4	
98.5	89.3	
98.9	38.2	
99.1	99	
98.5	98.6	
67.8	99.6	
79.3	88.7	
38.1	98.6	
92.7	89.7	
25.6	99.2	
87.6	99.6	
69	88.3	
98.3	89.5	
68.4	99	
65.4	78.8	
88	89.1	
89.2	99.6	
89.2	59.2	
88	-2	
68.2	69.3	
47.4	69.3	
97.3	38.2	
37.3	89.5	
98.3	89.3	
78.7	58.8	
98.7	99.4	
98.7	99.2	
87.8	99.4	
88.4	99.6	
88.8	68.7	
78.1	99	
99.3	89.3	
87.6	89.3	
79.5	99.4	
88	89.3	
79.1	79.2	
15.9	79	
54.9	98.8	
87.2	79	
47.6	98.8	
52.7	99.4	
58.3	99.4	
86	89.3	
79.1	88.3	
25.6	99.6	
56.3	69.5	
78.9	89.3	
97.5	69.7	
99.1	99	
58.3	89.3	
98.1	99.6	
88.2	99.4	
18.3	99.4	
77.7	99.2	
98.3	79.8	
78.5	79.4	
78.3	79.4	
89	89.7	
79.1	99.2	
46.2	99.6	
67.6	99.4	
88.6	58.6	
66.6	99.4	
99.3	49.3	
98.1	79.6	
76.7	-42.4	
98.9	99.6	
98.9	39.8	
85.2	79.8	
78.1	89.1	
78.5	99.2	
89	89.7	
88.6	88.9	
77.7	-21	
66.6	98.8	
89	58.6	
78.3	-11.3	
98.9	89.5	
68.4	99.6	
87.6	78.8	
88.4	78.6	
98.7	79.4	
99.1	99.6	
98.5	98.8	
88.8	99.4	
98.3	59.8	
98.5	88.1	
99.1	99.4	
77.9	99	
58.1	99.2	
99.3	99	
77.9	78.8	
78.7	79.4	
79.1	99.4	
65.6	99.6	
88.6	99.2	
98.5	68.9	
97.9	89.1	
97.7	89.3	
88.4	17	
87.8	99	
77.7	69.3	
57.1	79.6	
77.5	99.2	
89.4	89.1	
89.2	99.2	
99.1	99.6	
99.1	68.5	
98.7	88.9	
57.9	78.6	
77.3	78	
78.7	99.4	
76.9	99.6	
98.1	99.2	
68	99.6	
76.9	88.9	
99.1	58.2	
77.3	99.6	
56.1	89.1	
65.6	89.5	
98.9	68.7	
77.5	29.1	
53.1	89.5	
67.4	99.2	
98.3	99.2	
88.8	89.1	
67.4	67.9	
57.1	99.6	
79.1	79.4	
98.1	79.2	
77.1	98.4	
88.2	99.6	
98.5	79.2	
68.6	99.2	
65.4	99.4	
97.7	99.6	
98.3	99.4	
66.6	48.9	
89	99.2	
99.1	28.5	
89	99.4	
68	59	
99.3	78.8	
88.8	99	
88.6	99.6	
98.9	79.4	
78.7	79	
98.9	86.9	
98.3	99	
88.6	48.9	
98.1	99.4	
33.3	89.3	
78.1	99	
98.9	28.3	
67.2	99.2	
98.9	98.4	
89	99.6	
97.1	99	
76.3	89.5	
78.9	99.4	
88	99.6	
66	7.7	
78.1	78.2	
88.4	79	
89	99	
88.8	49.5	
89.2	49.7	
99.3	99.6	
56.9	69.1	
38.3	49.5	
89	98.4	
35.3	99.2	
88	59.4	
77.3	89.1	
98.7	87.5	
99.3	99.6	
88.2	88.7	
98.7	99.2	
97.7	99.4	
88.8	68.7	
57.5	99.6	
88	99.6	
98.7	89.7	
89	99	
98.3	89.1	
87.4	99.2	
98.9	99.2	
87.8	99	
35.9	99.4	
88.2	89.3	
88.6	89.3	
98.5	99	
89	48.5	
87.8	59.2	
47.8	99.6	
68.8	89.7	
66.6	79.6	
64.8	89.7	
67.4	89.3	
88.8	99.6	
87.2	99.6	
76.5	79.2	
98.7	99	
89	79	
66.2	88.9	
98.7	99.6	
68.2	79.8	
88.4	89.3	
78.3	78.6	
89	99.6	
98.7	89.5	
76.3	89.3	
77.1	89.7	
98.7	89.7	
77.3	89.3	
88.8	89.1	
89	99.6	
89	68.9	
89	89.7	
99.1	99.4	
87.4	28.9	
89.4	89.7	
88.8	49.3	
98.7	99.6	
89	89.7	
78.3	39.4	
87.6	28.9	
89.2	99.4	
99.1	88.9	
87.6	99.2	
68	99.6	
88.8	68.9	
88.6	89.1	
78.9	99.4	
89.2	99.6	
88.6	89.1	
88.4	79	
98.9	79.8	
88	99.4	
78.5	99.6	
79.1	79	
77.5	99.2	
88	-2.6	
89.4	99.2	
88.8	89.7	
54.7	99	
88.6	79.2	
98.3	69.1	
98.7	89.7	
98.9	89.5	
89.2	29.1	
98.7	89.7	
48	99.6	
57.1	99.4	
88.4	98	
98.9	79	
89	39.4	
99.3	79.4	
77.9	76.6	
89	98.8	
77.9	89.3	
88.4	89.3	
88.2	68.9	
66.6	38.4	
78.5	69.5	
99.3	89.3	
88.6	77.4	
89	59	
88.4	19.2	
78.9	38	
77.7	79.4	
89	79.2	
98.9	79.8	
57.9	99.4	
86.6	69.5	
58.7	89.3	
86.4	89.5	
66.6	89.5	
98.3	99.6	
69	69.1	
68	99	
78.7	89.5	
69	38.6	
77.7	89.5	
88	99.4	
67.8	98.8	
66.6	99.4	
88.2	38.2	
99.1	99	
86	-30.9	
97.5	38.4	
77.5	88.9	
46.6	49.5	
97.9	79.4	
15.1	99.6	
65	89.7	
98.9	89.3	
77.5	19.2	
88.4	89.1	
89	99	
57.3	99.2	
78.5	68.3	
77.7	89.3	
78.5	99.6	
98.5	99.2	
78.7	89.3	
58.3	99.6	
98.3	99.6	
88.8	99.2	
98.7	99.2	
98.3	99.6	
47.8	39.6	
