-59.4	-212.5	
99.3	-451.8	
97.1	8.8	
98.9	47.7	
98.7	-69.6	
98.3	-23.5	
88.8	57.9	
87.8	85.7	
88.4	89.5	
99.3	99.4	
88.8	99.4	
99.3	99.6	
99.1	89.7	
99.1	89.7	
99.1	79.6	
98.7	89.7	
89.2	99.6	
97.5	79.6	
98.7	89.7	
67.4	89.5	
99.1	89.7	
98.3	79.6	
99.3	89.7	
88	79.6	
97.1	89.7	
97.5	79.6	
88.8	89.7	
98.9	89.7	
89	89.7	
97.3	79.6	
97.3	89.5	
89.4	89.7	
85.9	89.7	
96.7	89.7	
91.7	79.6	
79.8	89.7	
98.1	89.7	
87.1	89.3	
89	89.5	
98.5	89.7	
98.9	99.4	
99.3	99.2	
99.3	46.3	
98.9	89.7	
78.7	89.7	
86.6	89.7	
99.3	49.5	
98.7	89.7	
89.2	79.6	
99.3	89.7	
88.2	89.7	
99.3	89.7	
99.3	89.5	
99.3	79.6	
99.1	79.4	
98.9	79.6	
99.3	89.7	
98.7	79.6	
99.3	89.7	
99.3	89.7	
97.7	89.7	
98.5	79.6	
99.3	89.7	
98.9	79.6	
99.1	79.6	
99.1	79.6	
98.9	89.7	
99.1	99	
98.9	89.7	
98.1	89.7	
99.1	55.8	
98.9	99.4	
99.3	89.3	
99.3	99.4	
98.9	99.2	
89	99.4	
99.3	99.4	
99.3	99.2	
99.1	99.4	
99.3	99.4	
99.1	-4.4	
99.1	79	
99.1	99.6	
99.3	99	
89.2	99.6	
99.1	99.6	
99.3	99.6	
99.3	99.2	
99.3	99.6	
99.3	99.6	
99.3	99.4	
99.3	99.6	
98.9	99.6	
89.2	99.4	
79.1	99.6	
99.3	99.6	
88.8	88.5	
99.1	88.9	
98.7	78.6	
99.3	86.1	
99.3	81.9	
98.9	99.6	
99.3	99.6	
99.3	99.6	
99.3	99.6	
99.1	99.6	
89.2	99.6	
87.2	99.4	
89.4	99.6	
98.9	99.4	
99.1	99.6	
99.3	99.2	
99.3	99.6	
99.3	99.4	
99.1	99.6	
89	99.4	
89.2	99.6	
99.3	99.6	
99.1	99.6	
99.3	99.2	
98.7	99.6	
98.9	99.6	
89.2	99.6	
99.1	99.6	
89	89.3	
99.1	99.4	
89.4	99.4	
89.4	89.1	
81.6	79.4	
88	99.6	
88.6	99.6	
89	89.1	
89.2	99.4	
89.2	99.4	
89.4	89.1	
89.4	99.4	
88	99.6	
79.3	98.8	
89.2	99.6	
79.1	99.6	
89.2	99.4	
89.2	89.3	
78.5	99.6	
88.6	99	
78.7	99.6	
89	99.6	
88.8	99.2	
89.4	99.6	
89.4	99.6	
98.9	89.3	
99.3	99.6	
86	99.6	
99.1	99.6	
93.7	89.5	
98.3	99.4	
99.1	99.4	
98.9	99.6	
99.3	99.6	
89	99.6	
98.7	99.6	
98.9	99.6	
98.7	99.6	
89.2	99.6	
98.9	99.6	
99.3	99.2	
98.9	99.6	
99.3	99.6	
98.9	99.4	
98.9	89.5	
89.2	89.5	
99.3	99.2	
99.3	99.6	
99.3	99.4	
99.1	99.6	
99.3	99.6	
99.3	99.6	
99.3	99.4	
99.3	99.4	
98.9	99.4	
98.9	99.6	
99.3	99.6	
88.2	99.6	
98.9	99.6	
99.1	99.6	
99.3	99.6	
98.7	99.6	
99.3	99.6	
98.7	99.6	
89.2	99.4	
99.3	99.6	
99.3	99.6	
89.2	89.5	
98.9	99.6	
99.3	99.6	
98.7	99.6	
99.1	99.6	
99.3	89.5	
99.3	99.6	
99.3	99.6	
99.1	99.6	
99.3	99.6	
98.7	99.6	
98.9	99.4	
99.3	88.9	
99.3	99.4	
99.3	99.6	
99.1	99.6	
99.1	99.6	
99.1	99.6	
99.1	99.6	
89	99.4	
99.3	99.6	
98.5	99.6	
99.3	99.6	
98.5	99.4	
98.3	99.4	
99.1	99.6	
99.1	99.6	
99.3	99.6	
98.3	99.4	
98.9	99.6	
99.1	99.6	
99.1	99.4	
98.9	99.6	
99.1	99.6	
99.3	99.2	
98.3	99.6	
89	89.5	
98.7	79.8	
99.3	99.6	
98.9	99	
99.1	89.5	
79.1	99.6	
99.3	99.6	
98.9	58.8	
99.3	99.2	
99.1	89.5	
99.3	99.6	
98.1	99.6	
99.1	99.6	
99.3	99.6	
99.3	89.5	
96.7	99.6	
78.9	99.4	
98.7	99.6	
99.1	99.6	
99.1	99.4	
98.7	99.6	
89	99.4	
98.5	89.7	
78.9	89.3	
99.3	99.2	
99.1	99.6	
99.3	99.6	
98.5	99.4	
99.1	99.6	
99.1	89.3	
98.5	89.7	
99.3	89.7	
99.3	99.6	
98.3	89.5	
98.9	99.6	
99.3	99.6	
99.3	99.6	
99.3	99.6	
88.6	99.6	
99.1	79.4	
99.3	89.7	
98.9	99.6	
98.9	99.6	
98.7	99.6	
99.3	89.5	
98.5	99.6	
98.5	99.6	
99.3	99.4	
89.2	99.6	
99.3	99.6	
99.3	99.6	
78.7	99.6	
99.1	99.6	
99.3	99.4	
98.7	99.4	
99.3	99.6	
99.3	89.5	
99.3	89.7	
99.1	79.4	
99.3	99.4	
99.1	99.6	
89.4	99.6	
88.8	99.2	
98.7	99.6	
99.1	99.6	
99.1	99.4	
99.3	89.3	
98.9	99.6	
98.7	99.6	
99.3	79.6	
79.1	99.6	
68.6	89.5	
99.3	99.6	
99.3	89.7	
99.3	49.1	
98.9	89.7	
99.1	89.3	
99.3	89.7	
98.9	89.7	
88.8	89.7	
98.5	89.7	
98.9	89.7	
99.3	79.4	
79.3	89.7	
98.7	89.7	
99.3	89.7	
99.1	89.7	
99.3	89.7	
89	79.4	
89.2	89.7	
99.3	79.6	
98.9	99.6	
99.3	89.5	
89.4	99.6	
98.9	89.3	
98.9	99.6	
99.3	89.7	
99.1	99.6	
99.1	99.2	
99.3	99.6	
98.7	99.6	
97.9	99.6	
99.3	99.6	
98.7	89.7	
98.7	89.7	
99.3	99.4	
99.3	89.3	
98.7	99.6	
99.1	99.6	
99.3	89.5	
89	99.6	
98.9	99.6	
88.8	89.7	
99.1	89.7	
99.3	99.6	
99.3	99.4	
99.3	89.3	
99.1	99.6	
99.1	79.2	
99.3	99.6	
98.5	99.6	
99.1	99.6	
99.3	89.7	
99.3	99.6	
98.9	89.7	
99.3	99.6	
99.1	99.6	
89	99.6	
89.4	99.6	
99.3	99.6	
99.3	99.4	
99.1	99.6	
99.1	99.6	
99.3	99.6	
99.3	99.6	
98.5	99.6	
99.3	99.6	
98.1	99.2	
98.3	89.7	
98.1	99.6	
99.1	99.6	
99.3	99.6	
98.9	99.6	
99.3	99.6	
99.1	99.6	
99.1	89.7	
99.1	89.7	
89	99.6	
89.2	99.6	
98.3	99.6	
99.3	99.4	
76.5	99.6	
88.2	99.4	
89.2	89.7	
98.1	79.6	
99.3	99.6	
98.7	99.6	
99.3	99.6	
79.3	89.3	
98.7	99.6	
99.1	99.6	
98.9	99.6	
99.1	99.6	
98.1	99.4	
99.3	99.6	
99.3	99.4	
89.2	99.6	
99.3	99.6	
99.3	99.6	
88.4	99.6	
99.3	89.5	
99.1	99.6	
98.7	99.6	
99.3	99.6	
98.9	99.6	
98.9	99.6	
99.1	99.6	
99.3	99.4	
99.3	99.4	
99.3	99.6	
98.9	99.4	
89.2	89.7	
98.5	89.7	
99.3	89.7	
98.9	89.5	
98.5	89.7	
99.3	89.7	
99.3	89.7	
98.9	79.6	
98.9	99.6	
99.3	99.6	
99.1	79.2	
89.2	89.7	
99.1	99.4	
99.3	99.6	
99.1	99.6	
99.1	99.4	
99.3	99.6	
99.1	99.6	
99.3	39.6	
89.2	99.6	
99.1	99.6	
98.7	99.6	
99.3	99.4	
99.3	89.5	
98.9	99.6	
99.3	99.2	
98.9	89.5	
99.1	89.5	
98.7	99.6	
99.3	99.6	
98.7	99.4	
99.1	99.4	
98.5	99.6	
98.7	99.6	
98.7	89.7	
89.2	89.5	
98.9	99.2	
99.1	99.6	
99.1	99.6	
99.3	99.6	
99.3	99.6	
99.3	99.6	
98.9	99.6	
99.3	99.6	
88.8	99.6	
99.1	99.6	
98.7	99.6	
99.1	99.2	
99.3	99.6	
99.3	99.6	
97.9	89.3	
99.3	99.6	
99.3	88.7	
98.7	99.6	
89.2	99.6	
99.1	99.4	
99.1	89.3	
99.3	99.6	
99.3	99.4	
99.3	99.4	
99.1	99.6	
89.2	89.5	
99.3	89.7	
89	89.5	
99.3	89.5	
99.3	99.6	
98.7	89.5	
89.2	98.8	
99.1	78.8	
89	89.7	
99.1	89.7	
99.3	89.3	
99.1	99	
98.9	89.3	
99.1	89.1	
79.1	89.7	
98.7	89.7	
99.3	89.7	
99.1	89.7	
89.4	89.7	
98.9	69.5	
98.9	89.3	
98.9	89.7	
99.3	89.7	
89	79.2	
99.1	79.6	
99.3	79.6	
98.9	79.4	
78.9	99.6	
99.1	89.3	
99.3	99.6	
98.9	89.5	
