-17	-334.5	
-9.5	79.2	
78.5	99.2	
88.2	99.4	
74.9	68.5	
57.1	79.4	
79.1	99	
88.8	88.7	
44.6	88.9	
76.7	99.4	
99.1	99.6	
77.3	99.4	
88.4	99.6	
78.9	98.8	
87.8	99.6	
78.1	39	
78.7	18.8	
88.8	68.9	
76.7	-12.3	
88.8	79.4	
76.1	99.6	
88.6	99.6	
87.6	98.8	
88.6	99.6	
89.2	49.1	
98.3	-41.8	
55.3	99.2	
96.5	99.6	
76.9	99.6	
56.1	89.3	
98.3	99.6	
58.5	88.9	
88.6	69.5	
98.1	78.6	
96.9	89.1	
98.9	99.4	
89	27.9	
47	99.2	
89.4	99.6	
78.1	88.9	
77.9	99.6	
88.6	99.4	
89.2	89.3	
99.1	99.4	
87.6	99.6	
99.3	19.2	
67	99	
77.1	99.2	
89.4	99.6	
99.1	69.5	
78.9	89.1	
88.4	89.5	
89	99.6	
88.2	69.1	
98.7	99.6	
88.8	49.5	
89.2	89.5	
89	79.2	
98.1	89.3	
78.5	99	
95.3	99.6	
88	49.1	
78.5	89.3	
78.9	99.4	
88.2	79.6	
85.2	89.1	
98.3	89.5	
98.9	69.1	
99.3	89.1	
88.6	89.7	
78.9	79.2	
99.1	89.3	
98.7	89.5	
99.3	99.4	
77.7	99.6	
98.5	99.6	
99.1	59.2	
98.9	89.3	
89.2	79	
67.4	49.3	
87.2	99.4	
99.1	68.5	
98.9	88.9	
67.8	89.1	
99.1	99.4	
88.2	99.2	
89.4	88.7	
99.3	68.5	
97.9	69.3	
98.3	89.5	
58.3	99.2	
89	89.5	
88	89.5	
98.7	79.8	
98.5	89.1	
67.4	79.4	
98.3	69.3	
99.1	99.4	
87.8	89.5	
78.9	89.7	
87.8	89.7	
37.3	79.4	
87.4	49.3	
98.7	99.4	
89.2	99	
97.3	89.5	
88	89.7	
89.4	68.7	
98.5	89.7	
98.9	79	
78.7	89.5	
76.9	89.3	
88.2	89.1	
89	89.3	
99.3	99.4	
98.9	69.1	
88	89.7	
99.1	47.9	
88.6	99.6	
56.5	89.5	
87.2	99.6	
89.2	99.4	
99.1	99.2	
89.2	98.2	
67.2	99.6	
97.5	99.6	
88	79.4	
66.4	98.4	
68.4	89.5	
77.7	99	
38.1	59.4	
54.3	49.1	
98.5	48.7	
76.1	99.6	
95.5	99.6	
99.1	89.1	
88.6	69.7	
98.7	98.6	
99.1	68.9	
98.9	-41.6	
78.7	99.4	
78.5	89.7	
98.7	89.5	
98.5	99	
87.4	99.6	
67.8	89.3	
98.1	89.5	
58.1	79.8	
98.5	99.6	
98.9	99.4	
37.5	99.2	
64.4	88.9	
88.8	59.6	
98.5	89.3	
78.5	79.6	
68	79.6	
88.6	99.4	
98.5	48.5	
97.3	49.3	
97.3	99.4	
99.1	99.4	
99.1	99.2	
88.4	99.6	
87.4	89.1	
68.6	79.4	
88.8	99.4	
86.8	89.1	
67.6	99.6	
87.8	79.4	
78.1	99.4	
98.7	78.8	
99.1	77.8	
88.6	89.3	
79.3	99.6	
37.7	89.7	
98.5	79.2	
99.1	78.4	
88.6	99.4	
77.7	89.7	
98.1	99.2	
98.7	79.4	
98.7	79.2	
99.1	98.4	
98.9	59.6	
57.9	89.5	
68.8	89.1	
68.8	99.6	
73.5	99.4	
97.7	79.4	
98.7	89.3	
78.3	89.7	
35.1	99.6	
44.8	88.9	
87.8	99	
77.9	78.4	
85	99.4	
77.1	99.6	
66	69.5	
76.9	99.6	
88.8	89.7	
96.9	99.6	
98.5	69.7	
97.9	89.7	
77.1	79.6	
99.3	89.7	
84.8	79.4	
99.3	39	
99.1	89.7	
98.5	79.6	
56.3	59.4	
79.1	89.7	
88.4	49.5	
76.3	99.6	
87	69.1	
68	99	
77.7	89.3	
98.9	78.4	
78.7	98.8	
97.5	99.6	
88.6	69.7	
97.3	99.4	
57.7	89.5	
88.4	99.6	
97.1	99.6	
88.4	88.7	
78.3	79.6	
97.9	89.5	
88.4	68.1	
99.1	79	
99.1	59.2	
89.2	99.2	
77.7	89.5	
57.5	79.2	
98.9	99.4	
79.1	99.6	
99.1	99.4	
89	79.4	
98.7	99	
99.3	99.6	
97.5	39.4	
87	79.4	
99.1	98.6	
89.2	99.6	
78.1	99.2	
88.6	99.6	
98.9	99.6	
78.1	99.6	
87.8	99.4	
98.3	69.3	
89	98.6	
98.3	99	
99.3	99.4	
99.3	99.6	
86.4	99.6	
89.4	99.6	
98.5	89.5	
87.4	99.4	
99.3	99.4	
77.7	89.5	
98.3	68.9	
87.4	69.3	
97.5	88.5	
88.8	68.3	
77.5	89.5	
89.4	77.6	
99.1	89.3	
99.1	99.4	
89	89.7	
67.6	79	
89.2	79.2	
89.2	99	
89	79.4	
56.7	89.5	
96.9	68.9	
78.9	89.1	
97.5	57.2	
68	99	
88.8	67.7	
78.5	89.3	
78.3	79.4	
98.9	99.6	
98.3	89.7	
76.7	99.6	
68.6	89.3	
88.4	68.5	
78.7	59	
78.5	99.4	
98.5	89.5	
98.9	99.4	
88.6	-93.1	
98.7	69.3	
89	89.7	
97.7	78.8	
99.1	88.1	
77.1	99.6	
88.2	99.4	
98.3	99.6	
87.8	99.6	
87.6	99.6	
96.9	99.2	
74.3	98.8	
88.4	68.7	
66.8	99.2	
88.6	39	
48.2	99.6	
98.1	78.2	
88.4	99.4	
88.4	89.5	
88.8	58.8	
98.7	99.4	
78.1	79.2	
78.3	89.5	
98.3	79.6	
67.2	79	
86.8	89.5	
77.7	89.7	
98.1	99.2	
99.1	88.7	
78.3	79.6	
88.8	89.5	
89	79.6	
86	89.5	
88.6	99.6	
88	28.5	
97.9	89.7	
96.9	88.7	
78.3	99.2	
88.8	88.7	
99.1	89.7	
87.6	88.9	
98.7	99.4	
77.5	89.3	
89	89.1	
88.6	99.6	
79.1	79.4	
98.5	89.7	
79.5	89.7	
87.2	49.5	
99.1	69.5	
78.7	69.5	
88	79	
98.5	99.4	
87	99.6	
36.7	88.9	
36.1	69.7	
78.7	69.3	
86.4	99.4	
98.9	89.1	
88.6	99.4	
26.8	99.6	
97.9	89.1	
98.7	99.6	
88.2	99.6	
76.3	89.5	
79.5	89.3	
98.3	79.2	
98.9	28.3	
98.5	99.6	
88	89.1	
89.4	89.5	
89	89.1	
89	89.3	
88	88.9	
88	89.7	
88	69.7	
98.9	89.3	
98.3	99.6	
99.3	89.3	
88.4	79.6	
67.2	99.2	
56.5	99.4	
97.7	89.5	
87.4	79.4	
77.7	99.6	
99.1	28.9	
97.7	79.4	
67.4	88.5	
88.6	79.8	
77.5	29.1	
78.3	88.9	
99.1	99.6	
98.7	99.6	
88.2	99.6	
88.8	99.6	
88.6	79.2	
86	99.4	
58.3	89.7	
77.5	69.3	
98.5	99.6	
99.3	99.2	
78.5	78.8	
88	99.6	
89.2	99.4	
78.3	78.6	
78.7	99.6	
34.5	79.4	
78.1	79.4	
98.5	99.4	
77.7	99.4	
56.3	99.4	
97.7	39.4	
67.2	99	
68.6	99	
98.9	69.3	
87	79.6	
98.5	99.6	
99.3	49.5	
98.7	49.5	
88	78.2	
97.7	79	
78.9	99.6	
97.5	89.3	
98.9	99.6	
89	99.6	
88.4	99.6	
77.9	79.6	
77.9	88.1	
98.1	99.6	
89.2	98.6	
89.2	78.4	
88	89.3	
99.3	98.6	
98.7	89.5	
99.1	99.4	
98.7	89.5	
68	98.6	
78.9	99.6	
67.2	59.6	
89	99.4	
59.1	79.4	
97.9	79	
98.9	68.5	
98.1	79.4	
78.7	99.6	
99.1	89.1	
97.5	89.1	
78.7	69.7	
87.8	19.2	
97.9	89.5	
98.5	89.3	
99.3	89.1	
89	89.7	
99.1	78.6	
-5.9	99.4	
78.7	99	
88.6	98.8	
86.4	98.8	
88.8	99.2	
98.5	88.7	
68.2	89.1	
88	88.7	
89	99.6	
88.6	89.5	
98.7	79.2	
89.2	99.6	
88.8	99.6	
79.3	69.1	
98.9	89.5	
97.7	77.6	
98.7	99.6	
89.2	69.5	
89.2	99.6	
88.8	79	
99.1	79	
98.7	99.4	
58.1	99.2	
98.9	79.8	
89.2	89.1	
98.1	99.6	
78.7	79	
89	69.5	
98.9	89.5	
99.1	88.5	
67.8	69.3	
88.4	99.6	
67.4	48.1	
97.7	89.7	
78.9	99	
88.8	99.4	
98.9	99.6	
99.3	99.4	
98.3	69.7	
89.4	99.2	
87.2	99.6	
88.4	59.2	
97.9	89.1	
87.8	99.6	
98.5	89.3	
98.1	99.6	
97.1	79.4	
76.1	89.7	
97.1	89.5	
98.9	99.2	
99.3	79.8	
68	28.5	
56.5	79.4	
77.3	99.6	
89.2	59.2	
97.9	98.8	
99.1	99.2	
