36.9	79.4	
34.9	17.6	
78.7	89.3	
98.7	27.7	
98.7	79.2	
78.9	65.1	
65.4	39.2	
77.9	87.5	
98.9	47.5	
97.7	46.3	
98.7	95.6	
79.3	99	
64.4	49.3	
88.8	98.4	
68.4	38.8	
87	69.5	
77.7	87.9	
78.1	37.4	
88.8	47.1	
77.3	89.5	
98.1	78.6	
68.4	68.7	
76.5	67.7	
87.2	69.1	
66	77	
98.9	39	
97.5	88.9	
88.2	98.6	
99.1	59.6	
96.1	88.1	
57.7	69.1	
98.9	99.4	
98.3	68.7	
99.1	19.6	
46.8	99.2	
77.1	99.4	
87.4	99.4	
89	88.7	
89.4	99.4	
98.3	99.6	
77.9	79.4	
98.7	99.2	
87.6	99.6	
88	99.6	
89.2	99	
89.2	99.6	
76.9	69.1	
99.3	68.9	
97.7	99.6	
88.6	99	
98.5	99.4	
88.4	89.1	
97.3	98.6	
96.7	99.4	
99.3	89.7	
57.9	89.3	
88.8	99.6	
78.7	79	
88.6	99.6	
78.1	88.5	
68.8	79.4	
77.5	89.1	
89	89.3	
79.3	99.6	
78.3	88.7	
88.2	-23	
88.2	98.8	
67.4	79.4	
77.9	88.7	
88.8	99.2	
88.2	99.4	
78.1	99.6	
89	99.6	
87.4	69.7	
77.3	99.6	
78.1	99.2	
87.8	99.6	
88.4	99.4	
58.3	29.1	
67.8	99	
77.9	78.8	
78.3	69.5	
76.3	18.2	
88.8	88.7	
88	99.6	
69.2	78.8	
76.9	99.6	
29.3	78.4	
78.5	59.2	
98.9	78.8	
97.3	88.3	
78.3	89.1	
97.9	69.1	
88	99.2	
89.2	99.6	
87.4	89.3	
88.8	99.4	
78.3	99.6	
86	99.2	
99.3	99.6	
86.8	99.4	
87.4	89.5	
96.7	99.4	
99.3	99.4	
89	99.4	
97.5	89.1	
99.1	88.9	
89	99.6	
87.6	98.2	
99.1	78.8	
47.4	98.8	
67.8	88.9	
69.2	99.2	
98.9	99.6	
88.6	99.2	
97.7	69.7	
98.1	78.2	
98.5	89.3	
98.3	98	
98.9	89.3	
58.5	99.2	
99.1	99.6	
98.5	88.9	
99.1	89.3	
98.3	99	
98.7	99.2	
88	69.7	
99.3	89.1	
99.1	99.6	
97.7	79.4	
67.4	99.6	
97.9	99.2	
86.8	99.6	
89.2	99.6	
88.8	79.8	
88.6	99.6	
78.5	99.2	
98.7	99.6	
58.7	99.2	
88.4	49.5	
67.6	99.6	
89.2	99.2	
68.8	-20.8	
88	98.6	
88.4	79.2	
99.3	79.4	
88	99.6	
67	99	
98.1	89.5	
88.6	78	
76.7	88.9	
99.1	58.2	
98.5	99.6	
99.1	89.3	
99.1	89.1	
98.9	89.5	
98.9	99.4	
99.3	99.4	
76.9	99.2	
77.7	99.6	
88.8	98.8	
57.1	89.7	
99.3	99.6	
89.4	47.9	
98.5	78.4	
88.8	99.6	
89	88.7	
88.6	89.1	
89	89.5	
78.1	88.9	
99.1	78.2	
99.1	68.7	
98.3	98.6	
78.1	99.2	
89.2	89.5	
46.8	38.2	
98.7	89.3	
78.7	99.6	
88.4	69.1	
88.4	89.5	
99.1	-104.6	
58.5	99.6	
88.8	88.7	
76.1	99.2	
67.2	99.2	
57.3	89.5	
67.8	79.4	
77.7	89.7	
97.3	79.4	
55.5	89.5	
98.9	89.5	
77.9	89.3	
89.4	78	
98.9	89.3	
69	69.1	
89	79.6	
88.2	48.3	
88.4	99.6	
89.2	99.6	
99.1	99.6	
68	89.7	
98.5	89.3	
88.8	89.7	
88.6	59.6	
74.3	88.3	
98.3	59.4	
98.9	98.4	
89.2	89.5	
88.6	89.3	
98.7	99.4	
46.6	99.6	
98.3	79.4	
96.1	99.6	
36.3	89.1	
98.7	99.6	
87.8	99.6	
77.5	89.1	
89	89.1	
98.3	99.6	
69	99.4	
89	99.6	
98.1	89.5	
99.1	79.6	
98.5	59.4	
76.9	79.8	
27.2	99.4	
88.8	99.2	
67.8	99.2	
87.6	99.6	
88.8	89.1	
99.3	89.5	
97.5	59	
88.2	98.6	
98.5	99.6	
96.1	89.1	
86.4	99.4	
89.4	99.6	
99.1	99.4	
69.4	79.8	
79.1	99.4	
57.7	99.6	
98.9	89.1	
86.8	89.5	
69.2	68.9	
98.9	99	
98.5	99.6	
66.2	99.6	
78.5	89.1	
78.1	99.6	
78.9	89.7	
57.5	68.9	
88.2	89.1	
98.7	99.6	
89.4	89.1	
99.3	99.2	
66.8	99.4	
99.1	89.7	
56.1	79.6	
98.9	99	
78.7	99.4	
98.1	39.4	
76.5	99.6	
99.1	99.6	
98.9	89.3	
98.9	99.6	
89.4	99.6	
98.1	99.6	
88.6	99.4	
44.6	89.5	
87.4	89.5	
34.3	99.4	
35.7	99.2	
99.1	78.8	
97.9	99.6	
68.6	99.6	
89.2	-0.8	
68.2	99.4	
89	99.2	
97.9	89.5	
88.6	48.5	
89.2	68.9	
78.1	99.2	
98.7	99.6	
99.1	99.4	
98.7	79.4	
98.9	98.8	
35.9	89.5	
78.3	59.6	
99.3	99.6	
98.7	89.1	
88	89.5	
98.5	89.7	
98.7	99	
77.9	-1.4	
88.8	99.2	
99.3	98.6	
69.2	98.4	
97.5	88.1	
67.6	79.8	
98.3	99	
88.8	89.5	
88.2	99.6	
98.9	98.6	
68.8	99.4	
89.4	99.6	
77.7	89.5	
99.3	89.5	
47.8	99.4	
98.3	99.4	
79.3	99.4	
97.1	99.4	
89.4	99.4	
89.4	88.9	
79.5	79.8	
89.2	79.6	
89	79.6	
78.5	99.4	
99.1	99.4	
98.9	89.3	
88.4	88.7	
88.8	89.3	
78.9	89.5	
88.6	79.2	
58.5	89.5	
57.3	99	
98.7	88.5	
35.5	38.4	
98.5	89.7	
88.4	69.5	
98.7	89.5	
97.5	78.8	
98.7	88.3	
89.4	99.4	
89.4	68.9	
57.7	79.8	
88.2	89.3	
89.4	99.4	
89	98.8	
89	99.2	
98.5	99.6	
66.8	98.8	
89.2	99.6	
78.9	89.7	
76.7	99.2	
98.5	99.6	
98.5	79.4	
65.4	68.5	
59.1	89.5	
88	89.5	
99.1	89.1	
77.7	99.4	
87.8	79.4	
98.7	99.6	
89.2	99.4	
68.2	69.7	
89.4	29.5	
77.9	78.8	
99.3	88.9	
77.3	78.2	
68.6	89.3	
78.5	99.2	
89	59.2	
87.8	89.1	
89	48.7	
88	38.6	
98.7	89.5	
88	89.1	
99.1	59.6	
88.4	87.9	
98.1	-10.9	
88.4	99.4	
98.3	79.6	
88	59.4	
88.8	99.2	
75.1	99.6	
76.9	58.2	
98.5	99.4	
78.9	99.4	
89	99.2	
98.5	59.4	
98.5	79.2	
88	99.6	
89.4	19.4	
89	99.2	
76.9	99.4	
46.8	59.6	
97.9	99.4	
99.3	89.5	
99.3	49.7	
89.2	89.1	
98.9	59.6	
89.2	59.6	
89.2	79	
88.8	99.6	
88.6	99.6	
76.9	99.6	
98.3	98.2	
98.9	99.6	
88.4	79.4	
77.9	28.9	
88.4	79	
87	49.3	
77.3	89.5	
98.3	89.3	
88.4	99.6	
68.2	89.7	
79.3	28.5	
89.2	89.5	
98.5	99.2	
88.8	98.4	
88.8	99.4	
69.2	88.1	
77.3	88.3	
98.1	79	
98.7	99.4	
99.1	99.6	
99.1	99.6	
97.7	99.6	
88.6	99	
88.6	89.1	
47.2	99.6	
88.8	99.2	
98.1	99.6	
98.1	99.6	
88.6	78.8	
98.9	39.4	
98.7	78.4	
99.3	99.4	
66.6	99	
96.7	99.6	
88.8	79.2	
98.7	79.4	
16.9	89.3	
77.1	99.6	
97.7	89.3	
97.7	78.6	
89.2	69.7	
78.1	99.6	
77.5	99.6	
99.1	99.4	
78.1	99.6	
77.7	99.4	
79.3	89.3	
89	99	
98.7	99	
88.8	78.8	
78.9	89.5	
88.4	99.2	
88.2	18.6	
78.7	99.4	
68.2	99.2	
98.9	99.2	
56.7	79.2	
98.3	99.6	
88.8	98.6	
88.8	-2.6	
88.8	89.7	
99.3	69.7	
88.6	79	
77.9	78.4	
99.3	89.3	
89	99.6	
97.7	89.3	
67.6	99.6	
77.1	79.6	
98.9	99.2	
48.4	99.4	
88.2	69.5	
78.3	59.2	
88.2	99.6	
87.2	89.7	
84.4	89.3	
43.6	69.3	
98.9	99.6	
99.1	88.5	
89.4	89.5	
97.9	88.1	
98.5	89.7	
99.3	89.5	
78.9	89.5	
97.9	88.7	
68.6	89.3	
99.1	27.1	
88.8	89.5	
87.2	99.4	
98.3	79.6	
98.7	88.7	
99.1	68.7	
68	79	
68	89.1	
89.4	89.7	
88.6	79.2	
98.7	89.7	
77.3	29.1	
79.1	98.6	
97.9	99.6	
89	99.4	
37.9	68.5	
98.9	69.5	
78.1	99	
