23.6	-140.8	
75.5	-481.3	
77.9	44.6	
96.9	74.6	
98.5	58.4	
98.7	65.9	
88.4	84.1	
98.7	36	
99.3	89.5	
77.3	79.6	
98.9	89.7	
88.8	79.2	
99.1	89.5	
99.3	89.3	
98.5	89.3	
99.3	79.6	
99.1	79.6	
99.1	89.7	
99.1	89.7	
99.3	89.7	
99.1	99.6	
98.7	18.4	
99.3	89.7	
99.3	89.7	
99.1	89.7	
89	89.7	
99.3	89.7	
99.1	89.7	
99.3	89.5	
99.1	89.7	
98.9	89.7	
99.1	79.6	
99.1	89.5	
98.9	79.6	
89.4	89.7	
98.7	89.7	
89	89.5	
97.9	79.6	
64.4	69.3	
99.1	89.7	
99.3	89.7	
99.3	89.7	
99.3	89.7	
98.9	79.6	
98.9	89.7	
99.1	79.4	
99.3	89.7	
98.9	89.7	
99.3	89.5	
99.3	59.4	
98.9	89.7	
99.1	89.7	
99.1	89.7	
99.1	89.7	
99.3	89.5	
99.1	89.5	
99.1	99.6	
99.1	89.5	
89	89.7	
99.3	89.5	
99.3	89.7	
99.1	99.6	
99.3	99.4	
98.9	99.6	
99.1	99.4	
99.3	99.4	
99.3	99	
99.1	99.6	
99.3	99.6	
99.3	99.6	
99.3	99.4	
99.3	99.6	
99.1	99.6	
98.7	99.6	
99.3	99.6	
99.3	99.6	
99.3	99.4	
98.3	89.5	
99.3	89.5	
99.3	99.6	
98.9	99.2	
99.3	99.4	
99.3	89.5	
89	99.6	
98.7	89.5	
99.3	99.6	
98.9	99.2	
99.3	99.6	
99.3	99.6	
98.9	99.6	
99.3	99.6	
98.7	99.6	
99.1	99.6	
99.3	99.6	
99.3	79.6	
99.3	99.6	
99.3	99.6	
98.9	99.6	
99.3	99.6	
99.3	99.6	
98.7	99.4	
99.1	99.6	
99.1	99.6	
99.1	99.6	
98.9	99.6	
98.5	89.5	
99.3	99.4	
99.3	99.6	
99.3	99.6	
99.3	99.6	
99.3	99.6	
99.3	99.6	
99.1	99.6	
99.3	99.6	
99.1	99.4	
99.3	99.6	
99.3	99.6	
99.1	99.6	
98.5	99.6	
99.1	99.6	
99.1	89.7	
98.9	89.7	
99.3	79.6	
98.9	89.7	
99.3	89.7	
99.3	89.7	
99.1	79.4	
99.3	77	
99.1	89.7	
88.8	89.7	
88.8	89.7	
95.9	89.7	
98.7	79.6	
96.7	89.7	
99.1	89.5	
98.9	89.7	
88.8	79.2	
98.9	89.5	
99.3	69.5	
99.1	99.6	
99.3	89.5	
99.3	99.4	
99.3	99.6	
88.6	99.4	
98.9	99.6	
98.9	99.6	
99.1	99.2	
99.3	99.6	
98.7	99.6	
99.3	99.6	
99.1	99.6	
99.3	99.6	
89.2	99.6	
99.3	99.6	
99.3	99.6	
99.3	99.6	
99.3	99.4	
99.3	99.6	
99.1	89.7	
79.1	99.6	
99.3	99.4	
99.3	99.2	
99.1	99.6	
89	99.6	
88.6	99.6	
99.3	89.3	
99.3	99.6	
99.3	99.6	
99.1	99.6	
99.3	99.6	
99.1	99.6	
99.1	99.4	
99.3	89.5	
98.9	99.6	
99.3	99.6	
99.3	99.6	
99.1	99.6	
99.3	99.6	
99.3	99	
98.9	89.3	
97.7	99.6	
98.9	99.6	
99.1	99.6	
99.3	99.6	
87.8	99.6	
98.9	99.6	
99.3	99.6	
99.3	99.6	
99.3	99.6	
99.1	99.6	
99.1	99.4	
89.2	99.6	
99.1	99.4	
99.1	99.6	
99.3	99.4	
99.3	99.6	
99.3	99.4	
99.1	99.6	
98.7	67.9	
78.7	89.3	
99.1	99.6	
99.3	89.5	
99.1	99.6	
99.3	99.6	
98.7	99.6	
99.3	99.6	
99.3	89.5	
99.1	99.4	
99.3	99.6	
99.3	99.6	
99.1	99.6	
98.7	99.4	
98.7	99.2	
99.3	99.6	
99.3	99.6	
99.3	99.2	
99.1	99.6	
99.3	99.4	
99.3	99.2	
98.5	99.6	
99.1	99.6	
99.1	99.6	
98.7	99.6	
88.6	99.6	
99.3	99.6	
99.1	99.6	
78.3	89.5	
99.3	99.4	
98.7	99.6	
99.3	99.6	
89	99.6	
99.3	99.6	
99.3	99.6	
98.3	99.6	
89.2	99.6	
97.5	89.5	
96.5	99.6	
99.3	99.6	
98.9	99.6	
88.8	89.5	
99.3	89.7	
99.3	79.4	
99.3	99.6	
98.9	99.6	
99.1	99.6	
99.3	99.6	
99.3	99.6	
99.1	99.6	
99.1	99.6	
98.5	99.6	
99.3	99.4	
89.2	89.5	
99.3	99.6	
99.1	99.6	
99.3	99.6	
99.3	99.4	
98.7	99.6	
99.3	99.6	
99.1	99	
98.7	99.6	
99.3	99.6	
99.3	99.6	
99.1	99	
99.3	99.6	
99.1	99.6	
99.3	99.6	
98.1	99.6	
99.3	99.6	
99.3	99.4	
99.1	99.6	
99.3	99.6	
98.9	99.6	
98.9	99.6	
99.1	99.6	
99.3	99.6	
99.3	99.6	
99.1	99.6	
98.9	99.6	
99.3	99.6	
99.3	99.6	
98.7	99.6	
98.7	99.6	
99.3	99.6	
98.7	99.6	
99.3	99.4	
99.3	99.6	
99.1	99.6	
99.3	99.6	
99.1	99.4	
99.1	99.4	
99.1	99.6	
99.3	99.4	
88.8	99.6	
99.1	99.6	
99.3	99.6	
99.3	99.6	
99.3	99.6	
99.3	99.4	
89	99.6	
99.1	99.4	
88.2	99.4	
95.9	99.4	
99.3	99.6	
99.1	99.6	
99.1	99.6	
99.3	79.4	
88.6	99.6	
99.3	99.6	
99.3	99.6	
99.3	99.6	
99.3	89.3	
99.3	99.2	
99.1	99.6	
99.1	99.6	
98.9	99.6	
77.7	79.2	
99.3	99.6	
98.7	89.7	
99.1	99.6	
98.7	99.6	
89	99.6	
99.1	99.6	
98.9	99.4	
89	99.6	
98.7	99.6	
88.8	99.6	
98.7	99.6	
83.6	99.6	
95.1	99.6	
89	99.6	
99.3	99.6	
97.7	99.4	
99.1	99.6	
97.5	99.2	
98.5	99.6	
95.9	99.6	
98.5	99.6	
99.1	99.6	
98.7	99.4	
89	99.6	
98.3	99.6	
99.3	99.6	
99.1	99.6	
99.3	99.6	
99.3	99.6	
99.3	99.6	
98.9	99.6	
99.3	99.6	
89.2	99.6	
99.3	99.6	
99.3	89.5	
99.3	99.6	
99.3	99.6	
99.3	99.6	
98.5	89.3	
99.3	99.6	
99.3	99.6	
99.1	99.4	
99.1	99.6	
99.3	99.6	
79.1	99.6	
78.9	89.1	
99.3	99.2	
99.3	99.6	
99.1	99.6	
99.3	99.4	
99.1	99.6	
99.1	99.6	
99.3	99.6	
99.1	99.6	
99.3	99.2	
98.1	99.6	
99.3	99.6	
99.3	99.6	
98.9	99.6	
98.9	99	
89.2	89.5	
99.1	99.4	
99.3	89.3	
99.3	99.4	
99.1	99.2	
99.1	99.6	
99.1	89.7	
98.7	99.6	
98.7	99.6	
99.3	99.4	
99.3	99.6	
98.5	99.6	
99.3	99.6	
99.1	99.6	
99.3	99.6	
99.1	99.6	
99.1	99.2	
99.3	99.6	
99.3	89.5	
99.3	69.5	
88.6	99.6	
98.9	99.6	
99.3	99.6	
99.3	89.5	
99.1	99.6	
99.3	99.2	
99.3	99.6	
99.3	99.6	
89	99.4	
98.7	99.4	
98.3	99.4	
99.3	69.1	
78.9	99.6	
99.3	99.6	
99.1	99.6	
99.3	99.6	
99.3	98.8	
99.1	99.4	
98.7	99.4	
99.3	99.6	
99.3	99.6	
98.7	99.6	
99.3	89.1	
89.2	99.4	
99.3	99.6	
99.1	99.6	
99.3	99.4	
98.7	99.6	
99.1	99.6	
99.1	99.6	
99.3	99.6	
99.1	99.6	
98.5	99.6	
98.9	99.6	
89.2	99.6	
99.3	99.4	
99.1	99.6	
99.1	99.2	
98.9	89.1	
99.3	99.4	
99.3	89.3	
99.1	99.6	
99.1	99.4	
99.3	99.4	
99.3	99.6	
99.1	99.6	
98.7	99.2	
99.1	99.4	
99.1	99.6	
99.1	99.4	
99.1	99.6	
99.1	99.6	
98.5	99.6	
99.3	99.2	
99.1	99.6	
99.3	99.6	
99.3	99.6	
99.1	99.6	
98.7	99.6	
99.3	99	
99.1	99.2	
98.9	99.2	
99.1	99.6	
99.3	99.4	
99.3	99.6	
99.3	99.6	
99.3	98.8	
99.3	99.6	
98.9	99.6	
99.3	99.6	
99.1	99.6	
99.3	88.7	
99.1	99.6	
99.1	89.7	
99.3	99.6	
99.1	99.6	
99.3	99.6	
89.2	99.6	
99.3	99.4	
99.3	98.8	
99.3	99.6	
99.3	99.4	
99.3	99.6	
99.1	99.4	
98.5	99.6	
99.1	99.4	
99.3	88.7	
99.3	99.2	
99.3	99	
89.4	99.6	
98.9	99.6	
99.1	99.6	
99.3	99.6	
99.3	99.4	
98.9	79.4	
89	99.4	
99.3	99.6	
99.3	89.3	
99.3	99.6	
99.3	99.4	
88.8	99.6	
99.3	99.4	
98.7	99.6	
99.3	68.1	
