36.7	-193.1	
11.1	-213.5	
98.1	-201.6	
-11.3	88.9	
78.3	38.6	
99.3	58	
1.8	18	
81.4	87.9	
87.4	89.3	
32.7	18.4	
-99.3	-35.3	
77.1	88.3	
73.7	88.9	
-79.5	-46.8	
77.1	88.7	
97.5	48.3	
96.9	77.4	
74.1	58.2	
23.4	88.1	
66.8	18.8	
98.5	5.3	
84.4	18	
65.2	66.9	
88.6	87.9	
97.5	99.2	
86	56.2	
88.4	88.1	
75.3	87.3	
98.7	88.7	
98.1	79	
46.8	97.8	
63.2	99.4	
88.2	58.6	
98.9	46.5	
86.2	62.7	
98.5	58.8	
98.3	23.7	
97.3	69.5	
86.2	-22.4	
87.4	78.6	
98.9	99.6	
56.1	9.1	
88.6	89.1	
87.8	99.6	
98.7	99.2	
78.1	99.2	
70.5	89.1	
98.9	99.6	
88.4	68.7	
56.7	29.3	
77.9	69.3	
98.3	79.2	
88.4	98.4	
87.4	39.4	
98.9	-31.1	
83	78.4	
89	99.6	
58.7	39.4	
65.8	68.3	
98.7	99.6	
98.3	99.6	
77.5	89.5	
99.1	78.8	
89	99	
77.9	39.4	
99.1	89.5	
69.4	78.4	
75.7	99.4	
88	99.4	
88.8	79	
89	89.3	
97.3	89.5	
69.2	89.1	
21.2	19.2	
98.5	99	
79.1	99.6	
77.7	79	
67.6	39	
88.4	99.4	
96.1	88.1	
98.9	99.6	
96.9	79.2	
99.1	99.4	
86.8	59.2	
98.9	99.6	
98.3	18.6	
99.3	59.4	
78.9	78.4	
89.2	89.3	
88.8	79.6	
97.3	89.3	
67.4	69.5	
99.1	79.4	
99.1	99.6	
98.7	79.2	
47	28.5	
88.8	99.6	
89	78.8	
69	99.4	
98.5	99.2	
97.5	88.9	
87.8	99.6	
67.8	88.7	
87.4	79.6	
76.7	89.5	
89.4	99.4	
99.1	99	
88.8	99.4	
97.9	59	
68	89.3	
88	98.8	
58.1	69.3	
98.7	99	
87.8	89.3	
98.1	99.6	
98.7	38.6	
87.6	99	
78.7	89.1	
89.4	89.3	
87	89.5	
99.3	89.1	
98.5	89.5	
88.2	99.4	
88.2	88.9	
96.3	-21.4	
98.5	58.4	
89	99.6	
98.9	99.6	
77.3	99.4	
99.1	79.8	
98.9	89.5	
98.7	99.2	
98.9	99.2	
99.1	19	
99.3	99.2	
88.2	79.4	
78.1	98.6	
99.3	49.3	
98.1	58.6	
87.6	39.2	
98.9	79.4	
88.6	59.4	
87.8	89.5	
99.3	99.6	
78.5	79	
68.6	79.4	
98.7	99.4	
89.2	88.9	
58.7	99.6	
88.4	99.6	
76.7	99.6	
99.3	99.6	
48.8	99.6	
88.4	59.2	
86	79.6	
99.3	89.3	
57.1	78.2	
99.3	89.5	
98.1	79.2	
78.9	99.2	
89.2	89.7	
98.3	89.5	
97.5	88.7	
88	79.6	
98.9	99.6	
78.7	69.1	
88.4	99.2	
89	99.2	
86.6	39	
67.2	48.7	
99.3	99.6	
99.1	89.1	
98.5	79.2	
99.3	88.9	
98.9	9.3	
89.4	78.6	
98.9	79.2	
89	79.2	
98.9	58.6	
78.3	79.2	
98.9	79.4	
98.7	99.4	
89.2	69.3	
88.8	98.8	
96.9	79	
88.8	78.8	
99.1	99.6	
77.1	88.5	
88.8	68.7	
88.8	99.4	
68.8	79.2	
99.1	99.4	
98.5	89.3	
99.1	69.5	
76.1	99.6	
89.2	79.2	
68.8	89.1	
99.1	79.4	
98.5	99.4	
98.5	28.7	
99.3	79.4	
77.9	79	
57.3	78.8	
98.7	99	
68.6	89.5	
88.8	89.1	
79.1	79.2	
89.2	79.6	
78.5	-1.4	
98.9	99.4	
97.1	99.4	
99.3	99.6	
98.1	89.5	
98.7	29.3	
78.1	99.6	
78.1	67.7	
99.1	88.9	
88.6	79.4	
89.2	59	
98.7	48.9	
88.4	79	
98.3	89.1	
97.7	99.6	
77.1	79.6	
97.7	99	
89	99.4	
98.9	99.4	
98.9	89.3	
99.3	69.5	
68.8	99.6	
97.9	79.2	
78.3	89.7	
76.3	99.6	
77.3	99.6	
98.5	99.6	
98.3	99.6	
98.3	89.3	
99.1	59.6	
58.1	99.6	
66.6	78.8	
98.7	39.4	
89	89.3	
76.7	99.6	
98.5	99.6	
98.1	99.2	
98.5	99	
88.2	89.5	
78.7	99.4	
65.6	99.6	
88.8	99	
86.2	98.8	
98.9	38.8	
99.1	99.4	
76.7	39	
87.2	99.6	
56.7	79.2	
88.4	99.4	
88.8	99.4	
89.2	99	
89.2	79	
69.2	79.6	
88.4	89.3	
95.9	89.5	
97.3	79	
97.5	38.6	
87.4	88.9	
98.9	78.8	
78.5	88.7	
79.3	79	
98.3	99.6	
99.3	99.2	
89.2	89.3	
77.3	99.2	
98.9	99	
98.9	99.6	
48	79.6	
88.4	99.2	
98.7	89.7	
88	99.6	
98.1	89.7	
87.8	89.3	
98.5	99.6	
79.1	99.4	
98.3	79	
88.4	99.4	
99.3	99.6	
98.5	99.2	
78.7	78.8	
99.1	69.1	
88.6	88.9	
88.6	99.6	
78.7	78.4	
98.1	89.1	
98.7	78.6	
78.7	89.7	
88.8	79	
88.4	89.3	
89.4	89.5	
79.3	88.5	
88.4	88.9	
89.2	89.3	
89	99.4	
98.9	99.4	
89	99.6	
68.2	99.2	
99.3	79.4	
89	99.2	
77.9	68.7	
99.3	89.5	
78.7	99.4	
96.5	99.6	
98.7	99.6	
99.3	48.5	
99.3	89.5	
78.9	99.4	
99.1	99.6	
98.7	99.6	
88.2	99.2	
88	88.7	
98.7	99.6	
99.3	99	
99.3	99.6	
78.9	79.4	
78.5	48.7	
88.8	69.5	
99.1	89.3	
88.8	89.5	
98.9	99.4	
88	99.4	
97.9	89.5	
87	99.2	
87.4	69.5	
78.3	99.6	
98.5	99.4	
77.9	89.7	
98.7	79.2	
98.9	99	
97.1	88.9	
98.9	99.4	
98.9	99.2	
68.6	99.2	
98.9	99.2	
88	79.2	
98.5	89.3	
89.4	99.6	
99.1	69.5	
97.3	89.3	
76.9	99.2	
98.9	99.6	
87.8	99.4	
88.8	99.2	
88.2	88.9	
99.3	99.4	
89	59.4	
68.8	98.8	
77.9	79.8	
88.8	99.4	
77.1	39.2	
67.6	99.2	
68.6	99	
68.6	59.6	
89	99.6	
98.9	89.3	
98.5	69.5	
98.5	79	
99.1	99.6	
89	89.1	
88	99	
48.4	59.6	
98.5	79.4	
88.6	99	
98.9	98.8	
99.3	99.4	
89.2	99.4	
98.9	79.6	
79.1	99.6	
98.3	79.4	
88.8	99.6	
89	88.9	
97.7	98.8	
77.3	69.7	
98.9	99.6	
99.3	88.5	
99.1	88.7	
98.3	68.9	
98.3	99.2	
99.1	79.4	
99.1	79.2	
89.2	99.6	
99.3	99.4	
99.1	89.7	
98.7	99.4	
98.5	99.6	
77.9	99.2	
98.7	86.9	
87.8	99.6	
99.3	99.6	
98.5	99.6	
88.6	89.1	
98.9	99.6	
88.2	99.2	
76.9	89.7	
99.3	89.5	
77.1	89.3	
88	99.2	
99.1	99.2	
98.9	59	
98.7	99.6	
99.3	99.4	
78.9	99.2	
87.6	99.2	
98.7	89.1	
68.4	99.6	
77.9	99.6	
75.1	89.5	
99.1	99.6	
89.2	78.2	
75.5	89.5	
98.5	79.4	
58.7	99.6	
98.9	99.4	
79.1	99.4	
88.8	89.1	
89.2	99.4	
79.3	79.4	
88.6	48.7	
98.3	99.6	
99.1	99.6	
88.6	99.4	
66.8	48.5	
67.4	99.2	
68.4	89.1	
89.4	89.3	
65.8	98.4	
98.7	99.4	
89.2	68.3	
88.8	8.3	
58.1	79	
88.6	99.4	
99.3	89.7	
88.2	99.6	
98.7	89.5	
98.9	89.5	
77.7	89.7	
77.7	99	
98.9	99.4	
88.8	69.3	
98.9	89.3	
86.8	99.2	
88.2	99.2	
99.1	59	
88.6	78.8	
67.8	99.6	
98.1	99.4	
88.4	79.6	
88.4	79.4	
88.8	99	
98.3	89.5	
88.8	99.4	
98.9	89.5	
97.7	69.1	
99.3	89.3	
77.5	49.3	
98.9	89.7	
98.9	89.1	
98.7	99.4	
88.8	89.7	
99.3	99.6	
89.2	79.4	
99.1	99.4	
78.5	38.8	
98.5	68.9	
78.7	88.3	
98.5	69.7	
87.8	89.3	
67.4	99.6	
99.1	59.2	
96.9	79.2	
98.7	99.4	
99.1	87.7	
97.7	57.8	
98.3	89.7	
88.6	89.5	
87.4	99.2	
98.7	79	
77.9	89.7	
88	99.2	
99.1	79	
68.2	99.6	
88.8	99.4	
88.4	19.4	
46	69.7	
77.5	89.7	
47.6	-11.1	
99.1	47.9	
68.2	89.1	
88.2	49.1	
99.1	89.7	
97.5	99	
86.2	99.6	
