5.2	8.9	
76.7	-11.7	
58.1	-141.8	
1.6	28.3	
33.1	-92.5	
23.8	38	
99.1	87.5	
87.2	78.2	
-8.5	68.9	
34.7	99.6	
86	18.4	
89	88.3	
79.3	3.5	
87.4	77	
33.1	63.9	
24.2	59.6	
66.6	-20.8	
98.5	99.6	
36.9	85.5	
86.2	68.7	
98.5	89.1	
89	68.9	
57.7	99.6	
66.4	56.8	
88	47.7	
88.6	78.6	
88.8	56.6	
88.4	99	
98.5	2.5	
98.3	79.2	
47	98.8	
97.1	99.6	
97.9	98.8	
88.6	99.2	
88.8	99.4	
97.7	18.2	
78.7	99.6	
98.5	99.2	
86.4	99.4	
88	-31.1	
62.2	69.3	
98.5	89.5	
96.7	68.5	
88.2	99	
99.1	77.2	
99.3	58.2	
98.7	69.3	
33.3	99.6	
87.8	49.1	
99.1	88.7	
45.2	89.1	
78.7	68.9	
98.3	89.7	
99.1	99	
88.8	99.6	
87.6	39	
86	98.8	
57.9	-11.5	
98.9	79.4	
89	89.3	
97.7	99.6	
78.3	58.6	
58.3	99	
99.1	99.2	
57.1	99.2	
77.5	99.4	
88.6	79.4	
98.9	89.5	
98.9	99.2	
77.1	89.1	
88.6	99.4	
87.4	99.4	
88.4	99.2	
88.2	99.4	
89	78.8	
78.9	99.6	
98.7	98.8	
77.7	98.8	
88	99.4	
88.8	99.6	
87.8	78.4	
37.5	99.2	
58.9	99.4	
98.9	99.4	
98.7	38.8	
98.3	79	
79.3	99.2	
79.5	19.2	
89	59.2	
99.1	39.2	
89.2	98.6	
98.9	99.6	
99.3	38.4	
97.3	99.2	
99.3	99.4	
98.9	99.6	
98.7	98.6	
78.9	69.1	
87.4	99.4	
87.6	89.5	
75.9	-11.1	
89.2	89.5	
88.2	79.4	
99.1	99.4	
88.4	99.6	
88.2	99.4	
88.6	58.6	
98.9	99.4	
97.9	99.6	
78.3	69.3	
56.9	99.4	
89	99.4	
76.9	-32.1	
98.5	99.4	
98.1	89.7	
96.9	48.9	
98.5	99.2	
98.3	89.5	
77.1	99.6	
67	58	
88.8	99.2	
88.4	68.7	
96.7	99.4	
98.3	99.6	
99.3	99.2	
88.2	99.6	
63.4	27.5	
58.3	78	
87.6	99.6	
76.9	99.6	
88.2	99.6	
24.6	38.6	
78.5	99.6	
98.9	99.4	
99.1	89.3	
87	69.3	
78.3	59.4	
78.5	99	
88.2	89.3	
78.9	68.7	
76.9	99.6	
88.6	99.4	
96.9	89.7	
89.2	88.7	
98.5	89.5	
97.1	99.6	
98.1	79.4	
45.4	89.3	
98.5	88.9	
87.4	99.6	
98.1	89.5	
89.4	88.1	
88.8	89.3	
87.8	99.4	
88.4	89.3	
67.4	99.6	
87.6	99.4	
88.2	89.3	
89.4	19.2	
78.7	99.2	
87.8	98.8	
98.9	-11.7	
96.9	99.6	
87.4	99.6	
69	68.5	
77.3	99	
58.5	89.5	
56.5	99	
78.3	99.6	
97.7	79.6	
78.5	98	
87.4	99.4	
67.8	39.2	
89.2	37.8	
96.7	-1.6	
76.5	88.9	
88.6	98.8	
98.7	79.6	
78.9	18.8	
58.9	98.4	
89.2	99	
48.4	99.4	
95.3	58.4	
68.6	29.5	
86.2	99.2	
88.4	99.2	
48	88.7	
65.4	99.4	
98.9	89.5	
87.4	79.6	
97.1	69.1	
99.1	98.6	
88.6	89.3	
68.8	89.7	
98.7	89.3	
78.5	89.3	
87.6	79.2	
88.8	68.9	
68.4	79.4	
78.5	99.6	
77.7	99	
78.5	28.1	
97.5	78.4	
97.5	58	
88	99.6	
97.9	99.6	
87.8	99.6	
97.7	99.4	
87.2	89.3	
48	79.6	
98.5	99.2	
76.5	69.3	
88.8	18.6	
45.4	89.7	
78.5	88.9	
99.1	88.7	
35.1	99.4	
76.5	58.4	
88.4	99.4	
88.4	99.6	
57.3	89.5	
88.6	99.6	
96.9	99.6	
98.9	69.3	
97.5	99.2	
98.7	89.1	
97.7	38.6	
98.3	99.4	
57.3	99.4	
98.9	58.2	
98.5	49.5	
98.9	89.5	
88.8	89.3	
78.3	99.2	
97.3	99.4	
89	99.4	
87.4	99.2	
77.3	99.6	
78.7	99.6	
88	99	
99.1	99.4	
86.6	79.2	
57.7	-21	
79.1	89.3	
98.1	69.5	
76.9	99.6	
99.1	98.6	
99.3	79.4	
25.8	78	
97.9	99.2	
47.4	79.6	
88.2	88.5	
89.2	99.4	
75.9	59.2	
97.9	99.6	
87.2	88.5	
87.6	99.4	
98.7	89.3	
87.2	99	
98.9	89.7	
98.7	99.2	
87.8	89.3	
55.9	99.6	
98.9	89.7	
98.9	68.9	
88.4	67.9	
97.3	89.7	
55.5	79	
89.2	89.5	
88.8	99	
79.1	38.8	
87.8	89.5	
99.1	99.4	
98.5	99	
76.5	89.3	
79.3	99.6	
98.9	69.3	
99.3	78.8	
98.1	69.5	
86.6	79.4	
26.2	99.6	
88.4	48.1	
99.3	88.9	
89.2	99.6	
98.7	88.9	
89.2	99.4	
88.8	88.3	
99.1	99	
98.5	99.6	
68.6	99.4	
99.1	89.5	
48.6	99.6	
69.2	99.4	
88.6	89.5	
78.9	99.6	
58.1	98.8	
98.9	88.5	
87.2	99.6	
98.9	99	
88.2	99.4	
98.3	99.6	
87.8	89.5	
78.9	89.5	
78.5	99.6	
88.2	89.5	
77.3	99	
46.6	99.4	
99.3	99	
78.1	99.4	
99.1	89.7	
78.3	99.6	
88.8	99.2	
98.7	99.2	
99.1	99.6	
99.1	99.2	
89.4	78.8	
67.8	99.2	
68.2	99.6	
89.2	89.3	
89	99	
99.3	88.7	
78.3	99.6	
98.7	89.7	
89	99	
78.1	88.7	
89.2	49.5	
99.3	89.1	
99.1	98.8	
88.6	98.8	
87.6	99.4	
79.1	98.8	
88.8	99.2	
78.5	99.6	
67.4	88.9	
99.1	88.3	
45	69.7	
87.8	79.4	
89	79	
88.6	59.2	
88.8	99.4	
78.7	99.4	
98.9	99	
98.5	78.8	
98.7	99.4	
77.9	99.2	
86.8	99.2	
99.3	99.4	
78.7	87.9	
99.1	99.4	
89.2	89.1	
68	99.6	
99.3	99.4	
96.9	99.4	
84.8	89.5	
98.9	88.3	
97.3	99	
97.7	69.3	
88.2	79.8	
48.2	59	
76.3	99.6	
87.4	69.3	
36.9	99.4	
96.7	98.8	
98.1	99.2	
78.3	99.4	
16.5	79.2	
97.3	99.6	
99.3	99.4	
89	99.2	
76.9	89.5	
89.4	89.1	
89.2	99.4	
88.4	99.2	
98.7	68.3	
78.3	99.6	
99.1	88.9	
78.9	49.3	
98.5	89.5	
98.9	39	
58.1	89.5	
67	99.2	
98.1	89.1	
67.6	28.9	
68.4	89.3	
98.5	99.4	
99.1	89.1	
78.9	79	
98.5	99.4	
99.1	17	
88.4	89.3	
67	99.6	
98.5	99.4	
98.9	98.8	
79.3	99.6	
97.3	99.6	
98.9	58.4	
88.2	89.3	
88.8	99.6	
98.9	99.4	
88.2	98.6	
88.2	88.9	
89	79.2	
88.2	99.4	
76.9	69.1	
88.6	68.9	
98.3	89.5	
99.3	99.2	
88.8	99.2	
88	99.6	
98.3	99.2	
98.5	99.6	
99.1	99.6	
46.8	99.4	
98.5	99	
69.4	99.6	
47.8	79.6	
98.9	48.1	
78.5	99	
67.6	99.4	
59.1	99.4	
78.3	99.6	
89	89.3	
99.1	98.6	
99.1	78.6	
97.5	59.4	
99.3	89.5	
98.5	89.1	
87.4	99	
78.1	99	
88.4	99	
99.3	99.2	
98.5	88.9	
77.9	69.7	
89	99.2	
77.1	39.4	
89	88.9	
67.4	99.6	
77.9	88.9	
88.8	99.4	
88.8	89.7	
88.6	99.6	
99.3	99.6	
99.3	98.6	
98.1	98.6	
98.9	99.4	
99.3	78.6	
77.9	99.2	
89.4	89.3	
88.4	89.3	
67.8	48.9	
57.5	58.8	
98.9	99.6	
98.7	48.9	
99.1	79.6	
89	89.1	
89	99.4	
98.7	89.7	
76.9	78.6	
77.3	99.6	
88.2	99.4	
78.5	99.4	
77.9	69.7	
56.3	78.6	
88.6	48.7	
97.1	99.4	
56.5	79.4	
87.8	99.2	
88.6	79.2	
88.2	-10.9	
67.8	89.3	
79.3	89.5	
7.4	79.6	
78.1	99	
99.1	99.4	
77.7	69.5	
87.8	99	
87.8	79	
97.7	99.2	
98.9	28.7	
98.5	99.6	
88.8	99.6	
88.4	89.5	
68.4	59.4	
77.7	99.6	
78.9	99.2	
56.3	99.2	
87.6	79.4	
88.6	79.8	
98.9	49.5	
68.4	99.4	
98.9	89.1	
99.1	79.4	
98.9	89.3	
98.7	99.4	
98.1	49.5	
77.3	48.5	
87.8	99.2	
78.7	78.4	
77.5	89.3	
98.9	99.4	
