37.1	-10.7	
77.5	-197.7	
21.2	59	
86.2	65.3	
67.2	99.4	
44.8	39.2	
88	-23.4	
97.5	38.6	
42.8	99	
77.5	98.8	
92.9	99.4	
98.5	88.7	
97.9	89.1	
88.6	99.4	
68	99.6	
99.3	79.4	
86.8	99.6	
97.7	89.5	
98.3	79.2	
98.3	68.5	
87.8	78.2	
98.5	99.6	
89.4	99.4	
98.3	68.9	
98.3	99.6	
98.7	99.6	
89.4	99.6	
97.7	89.5	
97.7	99.6	
96.5	89.5	
86.6	79	
68.2	99.6	
78.7	99.6	
97.9	99.4	
98.3	99.6	
98.1	89.7	
88.8	99.6	
89	99.4	
88.8	99.6	
89.2	89.1	
99.1	99.4	
98.7	97.8	
88.6	99.2	
98.7	29.7	
99.1	39.2	
88.8	99.6	
99.1	99.2	
89.4	89.1	
99.1	89.5	
98.9	49.1	
99.3	89.3	
99.3	99.6	
89	49.5	
99.3	49.1	
88.6	99.6	
98.5	89.5	
99.3	99.6	
98.9	79	
98.9	79	
89.4	99.2	
97.3	79.4	
99.3	99.4	
99.3	89.3	
98.9	69.1	
98.7	79.6	
88.6	99.4	
89.2	89.3	
89.2	98.8	
99.1	99.6	
89.2	99.4	
98.9	99.6	
89.2	99.4	
88.6	99.6	
99.1	99.6	
89	89.5	
99.1	99.6	
89	99.6	
86.8	79.2	
99.3	99.6	
99.1	99.4	
98.3	99.4	
88.8	99.4	
99.1	99.6	
98.3	99.6	
99.1	99.6	
98.7	99.6	
97.7	99.6	
68.2	79.2	
57.3	99.2	
78.1	99.6	
68.4	99.6	
99.1	99.6	
98.5	89.1	
98.7	99.2	
88.6	99.6	
98.9	99.4	
98.3	79.4	
88.6	88.9	
98.1	69.7	
99.3	88.9	
67.4	19	
99.1	99.6	
99.1	88.7	
99.1	78.2	
99.3	69.1	
56.9	79.8	
98.1	79.4	
98.9	79.6	
99.1	99	
88.6	88.9	
99.3	79.4	
98.5	99.6	
86.2	99.6	
99.3	99.6	
98.7	59.4	
98.7	99.6	
88.6	79.6	
99.3	99.4	
99.1	69.7	
98.3	99.2	
68	79.8	
98.5	99.2	
88.2	99.6	
98.3	69.5	
88.4	89.5	
76.7	79.2	
99.1	79.4	
88.8	99.6	
77.1	89.7	
86.4	99.6	
87	79.4	
96.5	89.5	
88.4	89.1	
77.9	99.6	
98.9	88.7	
78.1	99	
97.5	99.6	
98.5	99.6	
89.2	89.5	
98.3	99.6	
98.5	79.8	
98.7	79.4	
98.7	99.6	
98.7	99.6	
98.3	99.6	
99.3	79.4	
86.4	99.4	
98.3	79.6	
77.7	69.7	
98.3	99.6	
99.1	99.6	
99.1	99.4	
98.9	79.8	
98.9	79.8	
88.8	99.4	
88.2	69.5	
88.4	69.7	
87.8	79.8	
98.7	79.8	
98.5	69.7	
99.3	89.5	
67.4	99.6	
99.1	89.7	
98.7	89.7	
99.3	99.4	
97.7	99.4	
98.9	99.4	
98.7	99.4	
99.1	79.4	
99.1	99.4	
99.3	99.6	
79.1	99.6	
78.3	99.4	
98.9	99.6	
88.2	99.6	
98.7	89.5	
98.5	99.4	
99.1	89.1	
89.2	99.6	
97.3	79.4	
88.4	49.5	
89.2	89.7	
89.4	89.7	
88.4	89.7	
89.2	59.4	
89	79	
78.3	99.4	
97.9	89.3	
98.7	89.5	
99.3	89.7	
76.7	89.1	
98.9	89.7	
68.8	89.5	
89	69.5	
98.9	89.7	
99.1	79.2	
86.4	69.5	
88.4	89.7	
99.3	79.4	
89.2	89.7	
89	99.6	
99.1	89.5	
97.5	99.4	
98.3	99.2	
97.9	99.2	
98.9	99.2	
88.8	99.4	
98.7	99.6	
88.6	99.6	
97.1	99.6	
86.8	99.4	
98.9	99.6	
98.9	99.6	
99.3	99.6	
99.1	89.7	
99.1	99.6	
99.3	79.4	
88.6	99.4	
89	99.6	
99.3	99.4	
98.1	99.6	
99.3	99.4	
99.1	69.3	
98.3	99.6	
99.1	89.5	
97.7	89.3	
98.9	89.5	
88.2	99.6	
99.3	79.8	
88.4	99.6	
88.6	79.4	
98.9	79.6	
99.1	89.3	
99.1	99.6	
78.3	99.6	
89.4	99.6	
99.3	99.2	
89.4	79.2	
97.7	99.6	
97.5	99	
87.6	89.5	
98.7	99.6	
98.9	98.2	
98.9	99.6	
98.3	99.4	
99.3	99.2	
87.8	89.7	
98.9	79.8	
98.9	88.7	
99.3	99	
98.9	99.6	
98.9	89.1	
99.1	89.7	
98.7	89.7	
79.3	99.6	
79.1	99.6	
99.1	89.7	
89.2	89.5	
98.1	99.6	
88.6	99.6	
88.8	99.6	
88.8	99.6	
99.1	99.2	
98.5	99.6	
89	99.6	
99.1	69.5	
99.3	59.8	
88.2	99.6	
98.9	99.2	
99.3	99.6	
98.7	99.6	
99.1	89.5	
98.9	89.5	
99.3	89.5	
78.5	99.6	
98.5	89.1	
98.9	99.4	
98.7	99.6	
99.3	89.5	
99.1	99.4	
98.3	99.6	
99.1	99.6	
99.3	99.6	
89.2	99.4	
99.1	69.5	
98.5	89.5	
88.6	99.6	
99.3	89.3	
99.1	68.9	
98.9	79	
99.1	99.6	
99.1	89.5	
99.3	99.6	
99.1	99.6	
98.7	99.4	
98.9	99.6	
99.3	99.6	
88.6	99.2	
99.3	89.5	
88.8	99.6	
98.7	99.4	
78.5	99.6	
98.7	99.4	
88.8	99.2	
88.8	99.6	
98.9	79.4	
77.9	99	
99.3	89.1	
99.3	89.1	
98.7	89.3	
98.5	89.3	
99.3	88.9	
99.1	79.4	
99.1	99	
97.9	89.1	
98.9	89.7	
99.1	89.7	
99.1	89.1	
98.3	79.6	
99.3	68.1	
67.8	99.4	
89.2	89.1	
99.1	99.4	
99.3	89.5	
99.3	99.2	
89.4	89.1	
99.3	79.6	
98.3	99.2	
98.5	69.5	
98.5	79.4	
99.1	99.6	
99.1	99.6	
99.3	99.4	
89.4	99.4	
98.9	99.6	
98.5	99.4	
97.9	99.6	
99.3	99.6	
88.2	99.6	
99.1	89.7	
98.7	79.4	
89.2	99.6	
88.8	99.2	
98.7	99	
99.3	99.6	
99.1	99.2	
99.1	99.4	
89	99.2	
99.1	99.2	
78.9	99.6	
99.1	99.6	
98.9	99.4	
99.3	99.6	
99.1	99.6	
99.1	99.6	
89.2	99.6	
78.3	99.4	
88.2	99.4	
89.2	89.5	
77.3	89.7	
77.1	89.3	
67.8	99.4	
57.3	89.7	
88.2	89.7	
89	99.2	
98.9	99.6	
99.3	69.1	
99.1	89.5	
77.7	99.4	
77.7	99.6	
78.9	89.3	
68.2	99.6	
99.1	99.4	
89.2	99.4	
98.7	99.6	
88.4	79.8	
98.1	79.2	
88.6	89.3	
99.3	89.3	
99.3	99.6	
98.9	99.4	
96.3	99.6	
98.9	99.4	
79.1	99.4	
77.5	99.6	
98.9	99.6	
98.7	79.4	
97.7	89.7	
87.6	89.3	
89.2	89.7	
98.9	99.6	
88.6	89.3	
88.8	99	
99.3	89.7	
98.1	89.5	
98.7	89.5	
99.3	89.7	
99.1	99.6	
99.1	68.7	
99.3	79.2	
89.2	99.6	
89	99.6	
96.9	59.8	
78.3	99.6	
88.8	99	
88.6	99.4	
98.5	89.5	
89.2	99.2	
99.3	89.5	
99.3	99.6	
98.9	59.6	
99.1	79.8	
87.2	89.5	
89.4	99.2	
87.6	99	
89	89.5	
89.4	99.6	
88.6	99.4	
98.9	89.7	
77.7	89.5	
98.9	99.6	
97.3	69.7	
98.7	59.8	
98.7	89.7	
99.1	99.6	
99.3	99.4	
89	69.7	
68.4	99.4	
69	89.7	
87	78.6	
88.4	99.6	
99.3	88.9	
99.1	89.3	
88.8	79.2	
99.3	69.7	
99.1	89.7	
98.9	99.4	
98.7	89.5	
79.3	49.5	
99.1	89.3	
68.8	79	
89	89.7	
98.7	89.3	
98.7	68.9	
99.3	49.3	
89.2	99.4	
89	99.4	
77.1	89.5	
88.6	89.7	
99.3	99.6	
99.1	89.1	
99.3	79.2	
98.7	99.6	
89.2	89.5	
99.1	99.4	
89	99.4	
89.4	99.6	
89.2	79.8	
98.7	89.5	
88.6	89.7	
99.1	99.6	
87.8	78.6	
99.1	89.7	
99.3	89.7	
99.3	89.1	
68	89.1	
89.4	99.2	
98.3	89.5	
78.9	99.6	
98.5	69.5	
88.8	99.4	
98.7	99.6	
78.9	89.3	
78.5	89.7	
99.1	89.5	
98.9	99.6	
99.3	89.3	
98.9	99.6	
97.7	99.2	
99.3	99.6	
58.9	99.4	
98.9	99	
88.8	89.3	
99.1	99.6	
99.3	99.4	
88.6	99	
88.4	99.6	
98.5	99.6	
88.6	99	
99.3	79.6	
99.3	89.7	
99.3	99.6	
98.9	99	
99.3	99.2	
98.1	99.6	
99.1	89.3	
89.2	99	
88.8	99.4	
88.4	99.6	
89.2	49.7	
