-39.4	79.6	
84.8	-331.7	
67	18.8	
65	39.2	
98.3	68.5	
99.3	-40.1	
98.3	68.7	
56.5	78.8	
77.7	79.4	
79.3	49.3	
86.8	99.4	
98.1	79	
99.3	69.5	
97.9	-1	
87	69.5	
58.4	79.2	
98.3	79	
89.2	19.2	
67.4	49.5	
99.3	89.7	
99.3	78.8	
98.9	68.5	
88.8	58.6	
99.3	86.7	
99.1	75	
99.3	68.9	
98.7	21.7	
99.1	47.1	
99.1	58	
66.4	68.5	
99.1	89.3	
99.3	69.3	
78.9	79.4	
99.3	79.4	
98.9	89.5	
99.1	99.2	
98.3	89.5	
98.1	79.4	
99.1	89.5	
98.9	89.5	
67.4	29.5	
99.1	89.3	
99.3	79.6	
88.2	89.5	
99.3	59.6	
99.3	99.4	
98.7	99.6	
78.3	99.6	
99.1	99.6	
98.7	99.4	
98.9	89.5	
68.2	99.6	
97.5	89.1	
98.7	99.4	
97.1	99.6	
77.1	99.4	
98.3	89.3	
88.4	99.6	
98.1	99.2	
97.7	89.1	
98.1	79.2	
98.9	99.4	
88.4	89.5	
98.7	99.4	
99.3	99.4	
99.3	99.6	
98.9	99.6	
99.3	99.4	
98.5	49.5	
89.4	99.6	
99.3	89.5	
99.3	99.6	
98.7	99.6	
99.3	89.3	
99.1	99.6	
88.2	99.2	
99.1	99.2	
99.3	99.4	
89	99.6	
99.3	99.6	
78.9	99.2	
89	99.4	
99.3	89.3	
99.1	99.6	
98.9	99.6	
98.7	99	
88.2	99.6	
99.1	99.6	
98.3	99.6	
99.3	99.4	
99.1	89.7	
98.5	89.5	
98.7	99.6	
99.1	89.7	
99.1	99.6	
77.3	89.7	
99.1	99.4	
98.7	99.6	
99.1	69.7	
98.3	89.3	
98.9	88.5	
98.7	99.6	
98.5	99.6	
89.2	99.6	
87.4	89.7	
98.9	89.5	
98.9	89.5	
98.5	99.6	
98.9	99.6	
99.1	99.6	
89.2	89.7	
89	99.6	
89.2	99.6	
98.9	89.5	
89	99.4	
99.1	79.2	
98.7	49.5	
98.5	99.6	
98.9	99.6	
88.8	89.3	
98.7	99.4	
99.1	99	
88.6	99.6	
68.6	99.6	
99.3	99.6	
98.3	99.2	
98.9	89.3	
98.9	59.4	
98.3	99.6	
78.7	99.6	
98.7	99.4	
99.1	99.6	
98.7	99.6	
99.1	99.4	
99.3	99.4	
99.3	99.2	
99.1	99.6	
77.3	89.1	
77.5	89.7	
99.1	79.8	
98.7	99.6	
98.5	89.5	
88.6	79.6	
99.1	99.6	
99.1	99.2	
57.1	99.4	
99.1	99.4	
99.1	89.5	
99.1	99	
99.3	99.6	
99.1	98.8	
99.1	89.5	
98.9	99.4	
98.9	99.6	
78.3	89.1	
98.7	99.6	
88.6	99.6	
89	99.6	
98.7	99.6	
99.1	99.6	
99.3	89.3	
78.3	99.6	
99.3	99.4	
98.9	89.5	
98.9	99.4	
98.9	89.3	
98.9	99.6	
89	99.6	
98.9	89.5	
98.9	99.6	
88	99.4	
98.9	99.2	
99.3	88.9	
89	89.5	
99.3	99.6	
99.3	99.4	
78.3	99.6	
99.1	99.6	
89	99.2	
98.7	99.6	
99.3	89.3	
99.1	99.6	
68.2	99.4	
99.3	99.4	
98.5	99.4	
99.3	99.6	
99.3	99.6	
99.1	98.6	
99.3	99.6	
89.4	99.4	
99.1	99.6	
99.1	89.5	
99.1	99.6	
99.1	99.4	
98.9	99.6	
78.5	79.8	
88.8	99.6	
99.3	89.7	
99.1	99.6	
99.1	99.2	
88.6	99.2	
98.9	99.4	
59.4	99.6	
98.7	99.4	
98.9	99.6	
98.7	99.6	
99.3	99.6	
79.3	99.6	
99.1	99.2	
99.3	99.6	
89.4	89.5	
98.7	89.1	
99.3	99.4	
99.1	99.4	
98.9	98.8	
99.1	99.2	
99.1	99.6	
99.1	79.8	
98.5	99.4	
88.2	99.6	
99.1	98.8	
99.3	99.6	
98.9	89.3	
98.9	89.7	
99.3	99.4	
65.4	99.2	
99.3	99.6	
88.8	99.4	
68.6	79	
89	99.6	
56.1	99.6	
95.5	99	
97.7	99.6	
89.2	99.6	
98.9	99.4	
58.7	99.6	
98.5	99.6	
99.3	99.6	
98.9	99.4	
99.1	89.5	
99.1	99.6	
99.3	99.2	
99.1	99.4	
98.9	99.6	
98.7	89.7	
98.9	89.7	
99.1	99.4	
99.3	59.2	
98.9	99.4	
78.5	99.4	
99.1	89.5	
98.7	99.6	
99.3	99.4	
97.9	99.4	
99.3	99.6	
98.5	39.6	
99.1	99.4	
99.1	99.6	
99.3	99.6	
99.1	88.5	
88.4	99.2	
99.1	78.6	
68.6	99	
98.9	99.6	
88.8	99.6	
99.3	89.7	
88.6	99.6	
98.5	99.6	
99.1	79.4	
98.9	89.1	
98.7	99.2	
98.5	99.4	
99.1	99.4	
99.1	98.8	
97.7	79.6	
98.9	79.4	
98.7	89.5	
99.3	99.4	
99.1	99.6	
99.1	79.4	
98.9	98.8	
98.3	99	
99.3	89.5	
99.1	99.4	
98.7	99.2	
99.3	89.7	
89.4	99.4	
99.3	99.6	
98.9	99.6	
99.3	99.2	
99.3	99.4	
99.1	98.8	
99.1	99	
99.1	99.6	
98.1	99.6	
99.1	99.4	
99.3	99.4	
99.1	98.4	
99.1	99.6	
88.6	79	
99.3	99.6	
99.1	99.6	
98.7	99.6	
89.2	99.4	
99.1	99.6	
98.9	59.2	
99.3	89.3	
99.3	89.5	
98.9	99.6	
98.9	99.6	
99.3	99.6	
98.7	99.4	
99.3	99.4	
99.3	89.1	
88.6	89.5	
99.3	99.6	
68	79.6	
98.5	99.2	
99.1	99.6	
98.9	89.3	
99.3	79.8	
88.6	99.6	
98.7	79.4	
98.9	99.6	
99.1	99.4	
98.3	99.6	
99.3	99.6	
98.7	99.6	
98.7	99.6	
98.9	99.6	
99.1	89.5	
99.3	99.6	
99.1	99.6	
98.7	99.6	
99.1	99.6	
98.9	49.3	
97.9	89.5	
99.1	79.8	
99.3	89.5	
99.3	89.5	
88.4	99.6	
97.9	58.6	
79.1	99.6	
78.3	79.8	
99.1	89.7	
78.9	89.5	
98.7	99.6	
99.1	99.4	
89	99.6	
98.5	99.6	
89.4	99	
98.7	89.1	
88	99.6	
97.9	99.6	
78.9	99.6	
99.1	99.2	
88.6	99.6	
99.1	99.6	
99.1	99.6	
99.3	99.6	
98.9	99.6	
99.1	99.4	
98.9	99.2	
98.9	99.2	
99.1	99.6	
99.3	99.2	
98.9	99.4	
98.7	89.3	
98.9	99.6	
98.1	99.4	
99.1	99.6	
89.2	99.4	
98.5	99.4	
99.1	99.6	
78.9	89.5	
99.1	99.6	
99.1	99.6	
87.8	89.5	
99.1	79.2	
88.6	99.4	
89.2	99.6	
98.9	99.4	
89	89.5	
99.1	99.6	
99.3	99.6	
99.1	99.6	
99.1	89.7	
89.2	89.7	
99.3	99.6	
99.3	49.5	
99.1	69.3	
99.3	99.6	
99.1	99.6	
89	99.4	
99.1	99.6	
89	99.4	
88.4	99.6	
98.7	99.2	
98.7	99.4	
99.1	89.7	
99.1	99.4	
99.3	79.8	
98.9	99.4	
98.9	99.6	
78.9	99.4	
99.3	99.6	
99.3	99.4	
89.2	89.3	
98.5	89.1	
99.1	99.6	
89.2	99.4	
98.9	99.4	
99.1	78.8	
99.3	79.6	
98.7	99.2	
99.1	98.8	
89	99.4	
89	99.4	
88.4	79.6	
98.7	89.7	
99.3	99.4	
89	78.8	
98.9	89.5	
79.3	99.6	
88.4	99.6	
99.3	99.6	
99.1	99.6	
98.9	89.7	
99.3	99.6	
98.9	99	
99.3	89.5	
99.1	99.6	
99.1	99.6	
98.9	99.6	
98.9	99.6	
88	99.6	
99.3	99.4	
89.4	89.3	
88.8	99.6	
98.7	79.6	
98.3	89.7	
99.1	99.2	
98.9	99.6	
99.1	69.7	
89	89.5	
86.4	99.6	
88.4	99.6	
89	99.4	
88.6	99.4	
87.6	99.6	
98.9	99.6	
98.9	99.4	
88.6	99.6	
99.3	99.6	
98.9	99.2	
98.9	99.6	
99.1	99.4	
88.4	99.4	
99.3	99.6	
87.6	99.4	
99.3	99	
99.1	99.6	
98.5	99.6	
99.3	99.4	
99.3	79.8	
98.7	99.4	
88.6	99.6	
98.5	99.4	
88.4	89.3	
99.3	99.4	
88.4	99.4	
89.4	99.6	
99.1	99.4	
98.9	59.8	
98.5	99.4	
78.7	89.7	
98.9	89.7	
98.9	99.2	
99.1	99.6	
99.1	89.7	
99.3	99.4	
88.4	99.6	
99.1	99.4	
89.2	99.6	
79.3	99.6	
99.3	99.6	
99.1	89.5	
99.3	99.6	
99.1	99.6	
89.2	99.4	
98.3	99.4	
89	99.2	
99.1	99.6	
87.2	99.6	
99.3	99.6	
88.6	99.6	
89.2	79.6	
78.7	79.6	
99.3	99.6	
99.1	99.6	
