78.9	-111.1	
46.4	-104.6	
88.4	18.4	
98.9	-10.5	
85.2	59.6	
68	79.4	
88.2	79.6	
77.3	18.4	
98.3	8.7	
98.9	48.7	
75.7	84.3	
98.1	-3.6	
98.3	76.6	
87	89.5	
99.1	96.8	
98.7	77.2	
88.8	98.2	
88.8	48.3	
98.9	99.4	
88.2	98.4	
89	79.2	
98.7	99.2	
99.3	89.1	
98.9	99.6	
99.1	99.2	
99.1	99.4	
98.9	89.3	
99.3	99	
98.7	99.4	
98.9	99.4	
99.3	99.4	
99.1	99.6	
98.9	99.2	
98.9	99	
98.3	99.6	
99.3	89.1	
67.6	99.2	
97.9	89.5	
88.2	99.6	
98.3	99.6	
98.3	79.6	
88.6	99.6	
99.1	59.6	
57.3	69.7	
98.9	99.6	
99.1	99.6	
88.4	99.4	
99.3	99.6	
99.1	99.6	
99.3	99.6	
67.8	99.4	
99.1	89.3	
88.4	68.1	
88.4	79.4	
99.3	99.4	
98.9	99.6	
99.1	99.6	
89.4	89.5	
99.3	99.6	
99.3	99.6	
98.9	89.3	
99.3	89.1	
99.3	99.6	
98.9	79.2	
78.3	99.6	
78.5	99.6	
98.7	89.1	
99.1	99.6	
78.9	99	
98.9	99.4	
99.3	79.2	
98.5	99.6	
77.3	99.6	
98.7	99.4	
99.3	99.6	
99.3	99.6	
88.4	99.6	
99.3	99.6	
99.3	79.4	
99.1	99.4	
89	99.4	
98.5	99.6	
98.9	99.6	
98.7	99.6	
88	99.6	
98.5	99.4	
98.7	99.6	
99.1	99.6	
99.3	99.4	
98.9	99.4	
88.4	99.6	
98.9	99.6	
89.4	99.6	
88.6	99.6	
78.9	89.3	
99.1	99.2	
88.4	99.6	
98.7	79	
98.9	99.4	
98.3	89.5	
99.3	99.4	
89	99.2	
98.3	99.2	
78.3	99	
99.3	99.6	
99.1	99.6	
98.9	99.6	
98.7	99.6	
99.3	99.4	
98.5	99.6	
99.1	89.3	
89	89.3	
99.1	99.6	
88	89.3	
98.7	99.2	
99.1	69.5	
99.3	79	
89	99.6	
98.3	99.6	
87.8	99.4	
99.1	99.6	
97.9	99.6	
98.9	99.4	
89	29.5	
98.9	99.4	
98.9	89.3	
99.3	99.6	
99.1	99.6	
98.9	99.2	
98.9	89.3	
89	99.6	
98.1	99.6	
99.1	99.6	
98.7	99.2	
99.3	99.6	
99.1	99.4	
99.3	99.6	
99.3	99.2	
99.1	99.4	
78.9	99.6	
98.3	99.2	
78.9	99.4	
98.5	99.4	
89.2	99.6	
99.3	89.5	
88.8	89.7	
99.1	99.6	
89.4	88.9	
99.3	99.6	
99.1	99.6	
98.9	99.4	
88.8	99.2	
99.3	89.5	
98.9	99.4	
98.9	89.3	
88.2	89.5	
88.8	99.4	
78.3	99.6	
88.4	99.6	
88.8	99.4	
89	69.5	
98.9	99.6	
99.3	99.4	
88.6	99.6	
99.1	99.6	
99.1	99.6	
88.4	89.1	
98.9	89.3	
77.9	98.4	
98.1	99.6	
98.9	99.4	
78.3	89.7	
88	99.2	
98.7	99.6	
78.3	89.5	
87.4	89.3	
97.3	99.4	
98.9	99.6	
89	89.3	
88.4	79.6	
88.8	99.6	
88.8	99.6	
88.6	99.6	
99.1	99.6	
99.3	99.6	
88.8	89.1	
89	99.6	
88	99.6	
99.1	99.6	
98.3	89.5	
88.8	79.6	
88.8	89.5	
99.3	99.4	
98.9	99.2	
97.5	99.6	
98.7	89.1	
79.3	99.6	
88.6	99.6	
98.7	99.6	
98.7	78.2	
98.1	99.4	
98.9	99.6	
98.7	99.6	
98.5	49.5	
88.8	99.4	
98.5	89.3	
98.7	99.4	
99.1	79.6	
99.1	88.9	
99.3	99.6	
89.2	99.6	
78.9	99.6	
99.3	99.6	
99.3	89.3	
99.1	99.6	
99.1	99.4	
88.8	79	
99.1	99.6	
99.3	99.6	
99.1	98.8	
98.3	99.6	
78.3	99.6	
88	99.6	
98.5	89.5	
68	99.6	
99.1	99.6	
88.4	99.6	
98.9	89.3	
99.1	99.6	
98.9	89.5	
98.5	99.6	
89	99.6	
99.3	89.5	
99.3	99.4	
99.1	99.2	
98.9	99.4	
89.4	99.4	
58.7	89.3	
99.1	99.6	
99.1	99.4	
98.9	99.4	
88.4	99.2	
99.3	89.5	
99.3	99.6	
88.2	99.2	
89.2	99.6	
89.2	99.4	
98.1	99.4	
99.1	89.5	
78.7	99.6	
98.5	99.4	
98.9	89.3	
99.1	99.6	
98.5	99.6	
98.5	89.3	
69	79.4	
98.7	99.4	
99.1	89.5	
98.5	99.6	
89	99.4	
99.1	99.6	
57.3	99.2	
99.3	99.6	
98.9	99.6	
99.1	99.4	
78.3	99.2	
99.1	99.4	
97.9	99.4	
99.1	99.6	
99.1	99.6	
98.7	99.4	
88	99.6	
99.1	99.6	
99.1	89.3	
99.3	99.2	
98.9	99.4	
89	99.6	
98.9	98.4	
99.1	89.5	
99.3	89.5	
98.9	99	
89.2	89.3	
98.7	89.5	
98.9	99.2	
99.1	99.4	
99.3	99.2	
99.3	89.7	
89.2	99.2	
89.4	89.1	
89.4	89.3	
98.1	99.6	
98.7	59	
99.1	99.6	
98.5	99.4	
89.2	99.4	
98.7	89.7	
98.9	99.6	
99.3	89.3	
89.2	99.2	
99.3	99.4	
88.6	99.4	
98.7	89.5	
88.8	89.7	
88.2	89.5	
99.1	99.6	
98.9	99.4	
99.3	99.6	
67.4	89.7	
69	99.6	
89.4	99.4	
88.6	79.4	
99.3	99.6	
98.7	99.2	
99.1	99.2	
98.9	99.2	
99.3	99.6	
99.3	99.4	
89.2	99	
98.9	99	
98.5	99.4	
99.3	99.6	
99.3	69.5	
99.1	99.4	
99.3	99.6	
98.3	89.5	
98.1	89.3	
99.1	68.7	
99.1	99.4	
89.2	89.7	
99.3	99.6	
98.3	89.7	
99.3	89.3	
89.4	99.6	
89.4	99.4	
99.3	99.6	
99.3	89.1	
88.4	99.2	
99.3	89.7	
99.1	89.5	
88.8	99.6	
99.1	99.6	
99.3	99.6	
99.1	99.6	
88.8	99.2	
98.9	99.6	
99.3	98.8	
78.1	99.4	
98.9	79	
88.6	99.4	
99.1	99.6	
98.5	89.7	
99.3	99.4	
89.2	99.6	
98.7	79.2	
89.2	99.4	
89.2	99.6	
98.9	98.6	
98.3	99.6	
99.1	99.6	
99.3	99.6	
89.2	99.6	
99.1	89.3	
98.9	99.6	
99.1	99.6	
99.3	77.4	
88.4	99.6	
88	89.7	
99.3	99.6	
99.1	89.7	
99.3	89.3	
98.5	99.4	
89.2	99.4	
99.3	99.4	
98.9	99.2	
98.5	99.6	
89	99.6	
89.2	89.3	
88.4	99.4	
99.3	99.4	
89	89.5	
99.3	79	
99.3	8.7	
99.1	99.2	
88.2	99.4	
99.1	99.6	
99.3	99.6	
99.1	99.4	
98.9	99.6	
98.9	99.6	
98.7	69.3	
98.9	89.1	
98.3	99.6	
98.9	99.2	
88.6	99.6	
99.1	69.7	
98.9	89.5	
88.8	99.6	
89.4	99.6	
99.1	99.6	
88.4	89.5	
98.5	99.6	
98.9	99.6	
99.1	99.6	
99.3	99.6	
98.9	99.6	
79.3	99	
89.2	99.4	
99.1	99.6	
99.3	99.6	
89.2	89.7	
88.4	89.5	
99.1	99.6	
98.7	79.6	
99.1	79.4	
79.3	99.6	
98.5	99.6	
98.3	99.6	
98.7	99.2	
99.1	99.6	
99.1	99.6	
98.9	99.6	
99.3	99.6	
98.5	99.4	
99.1	99.6	
99.1	89.3	
99.3	99.6	
99.1	99.4	
99.3	89.7	
88.8	89.3	
89	89.5	
99.3	99.6	
89	99.6	
88.8	99	
89.4	99.6	
99.1	99.6	
89.2	99	
98.9	89.3	
98.7	99.6	
99.1	99.2	
98.3	99.6	
98.7	89.1	
99.1	99.6	
98.9	99.6	
99.3	99.4	
99.3	89.5	
99.1	99.4	
98.9	99.6	
99.3	99.6	
88.6	99.6	
99.1	89.5	
89	99.6	
89.4	89.1	
99.3	99.6	
98.9	99.4	
99.3	99.6	
98.5	99.4	
99.1	99.6	
88.6	99.6	
98.9	89.3	
98.9	99.6	
99.3	99.6	
98.9	99.6	
98.9	99.6	
99.1	89.7	
99.1	99.6	
98.9	89.5	
98.3	99.6	
88.4	99.4	
88.6	98.8	
98.7	99.6	
98.9	99.2	
99.3	99.6	
89.2	99.4	
99.3	99.2	
99.1	89.5	
99.3	99.6	
99.3	99.6	
99.3	99.6	
68.4	89.7	
78.5	99.6	
98.7	69.5	
98.3	89.5	
89.2	99.6	
67.8	89.1	
99.3	99.6	
88.6	99.6	
98.5	99.4	
98.5	99.6	
98.9	99.6	
99.3	99.2	
89	99.6	
99.1	99	
99.1	99.4	
98.9	89.5	
99.1	59.2	
88.8	99.6	
99.3	99.6	
89.2	99.6	
78.5	99.6	
99.3	89.5	
