56.3	-32.5	
36.1	36.6	
98.3	47.5	
68.4	59	
87.2	98	
67	69.3	
98.7	68.3	
89	77.6	
78.3	99	
99.1	99	
98.3	78.8	
98.7	59.6	
88.4	89.1	
98.3	89.3	
79.1	77	
78.7	89.5	
88.4	89.5	
78.3	99.2	
89.4	99.4	
77.3	98.8	
98.9	99.6	
88.8	99.4	
98.5	58.6	
97.9	99.2	
86.2	99.6	
88.9	99.6	
93.5	99.2	
99.3	99.6	
89	98.8	
98.9	99.6	
98.1	99.2	
78.7	99.6	
98.7	89.3	
99.1	89.3	
99.3	89.5	
99.1	89.3	
99.3	99.6	
89.4	99.4	
88.6	99.6	
58.5	99.6	
98.3	99.4	
99.3	99.2	
89.4	99.6	
89	89.1	
87.8	89.5	
97.7	99.6	
78.3	89.1	
77.5	99.4	
98.7	99.4	
99.1	79.4	
98.7	89.7	
98.5	89.7	
98.3	99.6	
98.7	99.6	
99.3	79.6	
99.3	99.4	
78.1	98.8	
99.3	29.1	
98.7	79.6	
99.3	89.7	
99.1	89.3	
98.7	59.4	
98.9	89.7	
77.7	99.2	
99.3	98.6	
98.7	99.2	
99.1	99.4	
88.2	99.4	
88.6	99.6	
98.3	99.6	
98.5	88.9	
99.3	99.4	
98.9	99.6	
99.3	99.2	
99.3	99.4	
79.3	99.4	
88.8	99	
98.7	98.6	
99.1	99.6	
99.3	39.2	
98.7	89.3	
88.4	89.5	
88.4	59.2	
99.1	99.6	
98.7	89.5	
87.6	89.3	
98.1	79.6	
89.2	89.7	
99.3	89.1	
89	89.7	
99.3	89.7	
98.9	99.6	
99.3	89.3	
98.9	89.7	
99.3	89.5	
99.3	79.4	
78.1	89.3	
99.1	78.8	
88.6	89.5	
98.3	89.5	
78.1	89.5	
98.9	99.6	
78.9	89.7	
87.8	69.3	
88.2	79.4	
78.9	89.7	
99.3	89.7	
78.9	89.5	
99.1	69.3	
99.3	89.7	
88.4	98.8	
98.5	99.4	
99.1	99.6	
98.9	99.6	
89.2	89.7	
99.3	99.4	
99.1	89.1	
99.3	89.3	
98.7	99.2	
98.7	89.3	
99.1	99.4	
98.9	98.4	
88.8	89.5	
88.6	99.6	
99.3	99.6	
98.3	89.5	
99.1	99.6	
99.3	79.4	
98.9	99.6	
88.8	88.9	
99.3	99.4	
98.9	99.6	
98.5	99.6	
88.4	99.6	
99.3	89.1	
98.9	99.6	
88.8	99.6	
99.1	99.6	
89.4	99	
78.9	99.6	
99.1	99.4	
99.3	99.6	
99.3	99.6	
99.3	99.6	
88.6	89.5	
78.7	79.6	
99.3	99.6	
99.1	99.6	
88.8	99.6	
99.3	89.5	
99.3	89.5	
99.3	99.6	
98.9	99.4	
98.9	99.4	
99.1	89.5	
99.3	99.6	
99.3	99.6	
99.1	99.6	
99.3	79.4	
99.3	89.7	
98.9	99.6	
89.2	99.6	
98.5	89.3	
99.3	99.6	
99.3	99.6	
99.1	99.6	
89.2	99.6	
99.1	89.3	
99.3	99.2	
78.9	99.6	
88.2	88.9	
78.7	99.6	
79.3	99.6	
98.9	99.6	
89	99	
99.3	99.4	
99.3	99.6	
98.9	99.6	
98.9	89.7	
98.9	99.6	
89	69.5	
99.3	59	
88.8	99.6	
99.1	99.6	
89	99.6	
89	99.6	
99.3	89.3	
99.1	99.6	
98.9	99.6	
99.1	99.6	
99.3	79.2	
78.3	99.6	
99.1	99.6	
89.4	99.4	
99.3	99.2	
98.9	99.6	
98.9	99.6	
79.5	99.6	
89.2	99.4	
99.3	99.4	
99.3	99.4	
98.7	99.6	
99.3	99.6	
89.2	99.6	
89	99.4	
78.9	89.3	
99.3	89.1	
88.8	88.3	
99.3	79.4	
89	99.6	
89.2	99.6	
97.5	99.6	
89.2	99.6	
98.5	99.6	
69	59.4	
88.6	59	
99.3	99.6	
98.9	39.6	
99.3	19.4	
78.9	99.2	
89	99.6	
88.8	89.5	
89.4	99.4	
99.3	99.6	
99.3	99.6	
99.3	68.9	
98.5	99.2	
98.9	99.6	
99.3	99.2	
98.7	89.3	
99.3	99	
99.1	99.4	
99.1	99.6	
99.3	99.4	
98.9	99.2	
88.6	99.6	
69.2	99.6	
78.7	99.6	
99.1	89.7	
89.2	99.6	
88.8	99.6	
89.4	88.9	
89.2	99.2	
89	58.8	
88.8	99.6	
99.1	99.2	
89.2	99.6	
99.3	99.6	
99.3	99	
89	99.6	
99.3	98.8	
99.1	79.4	
99.3	99	
99.1	99.6	
68.8	99.6	
99.1	79.2	
99.3	99.4	
98.9	99.6	
68.8	99.6	
98.7	99.4	
99.1	99.6	
99.3	89.5	
99.1	99.6	
99.1	89.5	
99.3	89.5	
99.3	99.4	
89.2	89.7	
88.2	89.7	
98.7	89.7	
99.3	69.1	
89.2	69.5	
78.7	99.6	
79.5	89.5	
89.4	89.5	
98.7	99.4	
99.3	99.6	
99.1	99.4	
78.9	99	
99.3	89.5	
98.7	89.5	
89.2	99.6	
99.1	89.5	
99.1	78.8	
98.9	59	
99.1	99.6	
98.9	99.6	
99.1	99	
99.3	99.6	
99.3	99.4	
98.9	99.6	
68.8	49.5	
99.3	99.6	
99.3	99.6	
79.5	89.1	
99.3	69.5	
99.3	99.4	
99.1	99.2	
98.9	99.6	
88.2	99.6	
79.1	99.6	
99.1	69.5	
99.1	99.6	
99.1	99.4	
99.1	69.3	
99.1	89.5	
99.3	99.6	
98.5	69.3	
99.1	99.6	
99.1	99.4	
89	99	
99.3	99.4	
98.7	99.4	
79.1	99.6	
98.9	89.5	
88.2	99.4	
99.1	89.1	
89.2	99.2	
99.3	99.2	
89	99.6	
98.7	99.4	
99.1	88.9	
99.1	69.3	
99.1	69.3	
89.4	89.7	
99.1	99.6	
89	99.6	
98.9	99.4	
99.3	99.6	
99.3	99.6	
98.9	99.4	
99.3	79.8	
98.7	99.6	
88.8	99.4	
99.3	99	
98.9	99.4	
98.9	99.4	
99.3	99.4	
88.6	89.3	
99.3	99.6	
99.3	99.6	
99.1	99.2	
99.1	89.5	
99.1	99.2	
98.9	99.6	
99.1	99.6	
98.9	99.6	
89	99.6	
89.4	99.4	
99.1	99.6	
99.3	99.4	
99.1	89.3	
88.6	99.6	
99.1	89.7	
89	99.6	
99.1	99.6	
99.3	99.6	
99.3	99.6	
98.9	99.4	
99.3	99.4	
98.5	99	
98.7	99.6	
98.7	89.3	
99.1	89.7	
98.9	99.6	
99.3	89.7	
98.9	99.4	
98.9	99.6	
88.2	99.6	
99.1	79.4	
88.6	99.4	
99.1	88.7	
99.3	99.6	
99.1	99.6	
99.1	99.6	
98.7	99.2	
99.1	99.4	
99.3	99.4	
99.1	99.6	
98.9	99.6	
98.7	99.4	
99.3	99.6	
89	99.6	
99.1	89.5	
99.1	99.6	
88.8	99.6	
98.7	99.6	
98.7	99.6	
99.3	99.6	
89.2	99.6	
99.3	99.4	
99.3	89.3	
99.3	79.4	
99.3	99.6	
89.2	99.2	
89	99.6	
99.3	99.6	
89.2	99.6	
98.7	99.4	
99.1	99.6	
88.8	99.6	
98.7	99.4	
99.1	99.4	
99.3	79.8	
99.3	99.4	
99.1	99.6	
99.3	99.4	
89.4	89.5	
98.9	99.4	
99.1	99.6	
99.1	99.6	
99.1	89.3	
99.3	99.6	
99.1	99	
89.2	99.2	
99.1	99.2	
99.1	99.6	
98.9	99.6	
89	99.6	
98.9	99.6	
88.2	99.6	
98.9	89.3	
99.1	89.7	
88.4	99.6	
89	99.6	
76.7	98.8	
98.1	99.6	
98.9	99.6	
99.1	99.4	
98.7	99.6	
88.4	99.6	
78.5	99.4	
89	99.6	
99.3	99.4	
88.8	69.5	
89.2	99.6	
88.6	99.4	
76.7	99.4	
98.9	99.6	
98.1	99.4	
98.9	99.2	
99.3	99.6	
99.3	99.4	
89.2	89.3	
99.1	99.6	
99.3	99.4	
99.3	99.4	
99.3	99.6	
98.9	99.6	
98.9	89.3	
99.3	99.2	
99.1	99.6	
99.3	99.4	
99.3	99.6	
89.2	99.4	
99.1	99.6	
98.9	99.6	
97.7	79.2	
89	99.4	
98.1	89.7	
99.1	99.2	
89	89.5	
98.7	99.6	
99.3	89.5	
99.3	99.6	
88.8	99.6	
98.5	49.3	
98.9	99.6	
88.6	99.4	
99.1	99.6	
99.3	99.4	
89.4	99.4	
99.3	99.4	
98.9	89.3	
99.1	99.6	
98.7	99.4	
99.1	99.6	
98.9	99.2	
88.6	89.5	
98.9	99.6	
99.1	89.5	
99.3	89.7	
99.1	89.1	
99.1	99.4	
99.1	99.4	
99.1	99.6	
99.3	99.6	
99.1	99.6	
99.3	99.2	
98.9	69.1	
99.3	99.6	
99.1	89.3	
79.1	99.6	
99.3	99.6	
78.7	79.4	
98.7	99.6	
98.9	89.5	
99.3	99.2	
99.3	99.6	
98.9	99.6	
99.3	99.4	
