24.4	-222.4	
99.1	-512.9	
76.3	69.1	
97.1	48.7	
76.9	8.5	
54.7	-31.5	
78.3	-183.6	
77.3	27.7	
87	89.3	
88.4	89.5	
89	58.8	
89.2	89.7	
98.3	67.9	
74.3	28.7	
77.9	88.5	
97.5	79	
98.9	4.5	
77.3	47.3	
89.4	88.1	
98.9	-13.7	
78.9	77.2	
78.5	78.4	
97.7	88.3	
99.1	78.6	
88.2	47.7	
98.7	34.8	
49	88.9	
99.3	68.7	
98.9	88.9	
98.3	50.4	
37.4	55.4	
86.6	68.7	
96.1	79	
76.5	76.8	
98.3	60.1	
99.1	66.3	
89.2	87.5	
95.5	63.9	
98.9	71.2	
78.7	87.7	
68.6	88.7	
83	88.3	
79.4	6.4	
84	89.3	
73.7	98	
99.1	76.4	
78.9	78.4	
87.6	28.8	
98.1	47.1	
87.8	89.5	
99.1	85.5	
97.5	88.3	
94.9	64.7	
89	77.6	
97.5	-3	
89.4	68.9	
79.1	87.3	
98.9	85.9	
98.5	71.2	
98.7	21.7	
88.8	88.7	
88.6	88.9	
88.4	58.5	
68.8	75.8	
88.8	52.4	
99.3	51.4	
98.9	42.1	
88.8	68.9	
99.3	89.1	
78.5	69.1	
98.1	69.1	
88	27.7	
87.2	47.5	
97.7	59	
98.7	86.1	
67.2	78.8	
98.3	51	
97.7	6.7	
88.4	88.7	
75.3	70.6	
88.6	43.9	
87	74.6	
88.4	89.1	
98.5	74	
89	59	
98.3	74.6	
89.2	87.9	
98.9	89.3	
88.8	87.7	
98.7	87.9	
98.7	58	
98.9	79.2	
88.8	89.1	
89.4	68.9	
99.1	89.3	
88.4	99.4	
78.1	89.5	
98.7	68.7	
87.6	88.9	
78.9	89.3	
88.8	99.4	
56.9	89.3	
97.7	79.2	
98.7	59.4	
83.2	99.4	
96.9	79.2	
97.5	79.4	
97.5	68.7	
94.3	57	
87.4	79.2	
88.6	79.4	
88.6	47.7	
98.3	87.9	
99.1	89.5	
99.1	88.9	
97.9	89.5	
89	89.3	
88.8	79.4	
88.2	79.2	
99.3	79.4	
88.6	39.2	
98.3	89.5	
98.3	89.5	
98.7	89.5	
98.9	88.1	
98.9	79.4	
99.1	89.5	
98.5	89.1	
98.7	79.2	
98.3	79.4	
99.1	89.3	
98.9	99.6	
99.3	99	
98.5	18.6	
98.9	99.6	
99.1	89.5	
89.4	58.2	
98.1	79.2	
99.3	48.7	
98.9	79.4	
98.7	89.1	
88.6	59.2	
98.9	69.3	
98.9	99.4	
99.1	68.7	
98.9	89.5	
89	99.6	
98.9	69.5	
99.3	89.5	
98.7	58.8	
98.9	69.1	
99.3	79	
99.1	89.5	
99.3	79	
98.9	89.3	
87.8	59.2	
98.7	99.4	
89.4	89.3	
88.2	99.2	
78.9	79.4	
99.1	78	
78.7	79.4	
99.1	69.3	
98.9	48.5	
99.1	59.4	
98.7	79.2	
98.5	89.3	
89	89.1	
98.3	89.5	
99.3	89.5	
89.2	89.5	
57.9	89.3	
88.2	79.2	
79.1	89.5	
99.1	68.9	
89.2	99.6	
99.1	98.8	
99.3	79.4	
89	98.8	
99.1	89.5	
77.9	99	
98.9	99.6	
98.3	99.4	
89	99.6	
78.9	99.4	
98.7	99.4	
87.8	89.1	
98.9	89.5	
98.7	99.6	
99.1	99.4	
99.3	99.4	
98.5	88.7	
99.1	99.4	
89.2	99.6	
89.2	68.7	
99.1	79	
98.7	99.4	
98.3	78.6	
79.1	89.5	
88.6	99.4	
68.2	99.4	
99.1	99.4	
88.8	78.8	
99.1	99.6	
99.3	88.9	
87.8	99.6	
99.3	89.5	
99.1	-11.1	
88.2	98.4	
99.3	89.5	
98.1	79	
78.1	78.6	
98.3	88.5	
98.9	99.4	
98.9	89.3	
99.1	99.6	
99.1	99.4	
98.7	68.7	
99.3	99.6	
89.2	98.4	
89	99.6	
88.6	89.3	
98.9	99.4	
98.9	99.2	
98.3	99.4	
98.5	99.6	
68.4	99.4	
79.1	99.6	
79.1	99.6	
98.7	99.4	
99.1	89.1	
99.3	99.6	
99.1	79.4	
98.9	89.5	
99.1	99.6	
88.6	89.5	
99.3	98.8	
99.3	99.2	
98.9	89.3	
88.8	99.6	
99.1	89.5	
88.8	99.6	
99.3	99.2	
97.9	99.2	
98.9	89.5	
99.3	89.5	
89	99.6	
99.1	99.6	
99.1	89.3	
89.4	99.6	
79.3	18.8	
98.9	99.6	
45.8	99.6	
98.7	99.2	
78.3	99.4	
88	49.7	
88.4	89.3	
98.5	99.2	
98.5	89.3	
98.9	99.6	
99.1	68.7	
98.9	89.1	
98.5	99.4	
99.3	89.3	
98.7	99.6	
87.8	99.4	
99.3	89.5	
78.5	99.6	
88.6	78.6	
98.9	79.8	
99.1	99.6	
89	89.7	
98.9	88.7	
99.1	99.2	
98.9	89.3	
98.9	99.6	
69	99.6	
67	99	
99.3	89.5	
99.1	79.6	
78.1	99.4	
79.1	89.3	
98.9	89.3	
98.7	99.4	
98.7	99.6	
77.5	89.5	
89.4	89.3	
89.2	88.7	
87.8	88.5	
88.8	99.6	
98.7	99.6	
98.5	99.4	
98.1	99.6	
99.3	79.4	
98.9	89.3	
98.7	99.6	
99.3	68.5	
98.3	89.5	
98.9	89.7	
98.5	99.2	
98.9	99.6	
98.9	89.3	
88.6	99.6	
99.3	99.2	
87.2	99.4	
98.5	99.4	
98.7	89.5	
98.7	99.6	
89.4	59	
98.9	99.2	
98.7	99.6	
99.1	99.6	
98.7	99.4	
99.1	89.3	
88.8	99.4	
98.7	99.4	
77.3	89.5	
98.7	89.3	
98.9	89.3	
98.1	99.2	
98.9	79.2	
98.7	89.3	
89.2	89.5	
98.7	89.5	
99.3	89.7	
89.2	99.6	
99.1	89.7	
99.3	88.5	
78.7	99.6	
88.4	79.2	
99.1	98.8	
99.1	59	
98.1	89.3	
99.1	99.6	
98.7	99.4	
89.2	79.4	
98.9	99.6	
98.9	99.6	
88.6	89.5	
87.4	69.7	
98.9	68.5	
88.2	99.6	
87.6	99.4	
89.2	79	
98.7	79	
99.3	89.7	
89	89.1	
98.5	89.5	
99.1	89.3	
88.8	99.4	
88.6	69.1	
98.7	99.6	
99.3	79.4	
88.8	99.6	
88.4	99.6	
99.3	89.3	
89.4	99.6	
89	99.6	
98.9	99.6	
98.1	99.4	
98.9	88.7	
88.6	99.2	
98.9	79.4	
98.9	79.2	
98.3	99.6	
98.9	99.6	
99.3	99.4	
98.7	99.2	
99.1	88.9	
99.3	89.3	
99.3	89.3	
99.1	99.4	
76.7	99.2	
99.3	99.4	
99.1	79.4	
98.7	99.4	
98.9	99.4	
89	89.5	
89	99.6	
98.7	89.7	
88.8	68.7	
98.5	99.4	
99.1	99.4	
98.5	99.6	
99.3	69.1	
78.3	89.7	
88.4	99	
88.2	99.6	
98.1	88.7	
98.9	88.9	
99.1	99.6	
98.3	68.5	
99.3	98.8	
79.3	79.6	
89	99.6	
78.5	99.4	
89	99.4	
98.3	89.7	
98.9	89.3	
88.6	99.6	
89	99.6	
98.9	99.4	
99.1	89.3	
99.3	99.4	
98.7	99	
98.9	89.3	
99.3	89.5	
89.4	99.6	
98.9	99.2	
79.1	99.6	
99.1	98.4	
88.6	99.6	
98.7	99.6	
99.3	79.4	
98.7	89.3	
98.9	99.4	
98.5	89.5	
99.3	99.6	
98.7	79.2	
99.3	89.1	
88.8	99.4	
99.3	89.7	
98.9	89.5	
99.1	99.2	
98.7	99.6	
97.9	99	
89.2	88.9	
98.7	79.4	
88.2	99.6	
98.9	99.6	
98.9	99.2	
99.3	89.5	
98.7	99.4	
99.1	99.4	
97.9	69.3	
99.3	89.1	
89.2	88.9	
98.5	99.6	
79.1	99.4	
99.1	99.6	
99.3	99.4	
97.9	99.6	
98.3	99.4	
98.9	99.6	
99.3	99.2	
98.5	99.6	
99.3	99.4	
88.4	99.6	
99.3	99.6	
89	99.4	
99.3	99.6	
89.4	79.2	
98.7	89.3	
89.2	99.6	
99.1	99.4	
98.7	99.6	
88.2	99.4	
98.7	98.8	
98.5	99.6	
88	59.6	
99.1	99.4	
98.5	89.7	
88.8	89.1	
99.1	99.6	
88.8	89.7	
89.4	99.6	
88.4	99.6	
99.1	99.6	
99.1	99.2	
89	89.7	
97.9	79.2	
98.9	98.4	
89	89.7	
99.1	99	
99.3	99	
98.9	89.7	
98.1	99.4	
98.7	99.6	
99.1	79.2	
98.7	99.4	
99.3	89.1	
88.4	99.4	
98.7	89.1	
98.3	99.6	
88.6	99.6	
98.9	29.5	
98.9	99.6	
99.1	99.6	
99.1	99.4	
77.9	99.2	
98.9	89.3	
98.9	89.3	
87	99.4	
87.6	99.6	
98.7	78.8	
78.5	89.5	
98.5	99.6	
87.6	89.3	
98.9	89.5	
99.1	99.6	
