-38.8	-151.5	
66.2	-0.8	
55.5	49.3	
66.4	49.3	
88	-162	
35.7	69.3	
67.2	59.6	
95.9	89.5	
86	18.8	
63	68.7	
66.8	97	
89	59.6	
89	68.1	
89	-12.9	
87.8	29.1	
87.4	28.7	
66.6	-81.8	
96.3	28.1	
78.5	88.9	
98.7	76.6	
75.5	68.7	
99.3	87.1	
99.1	99.2	
98.1	9.3	
78.3	99.6	
98.7	99.6	
89.4	99	
98.1	99.4	
95.3	99.4	
97.9	98.8	
78.3	98.8	
99.1	99.2	
98.9	99.6	
99.1	99.6	
98.7	28.7	
87.8	89.3	
96.3	99.4	
99.1	49.1	
98.7	98.4	
98.7	69.5	
78.3	99.2	
52.5	88.5	
99.3	89.7	
79.3	99.6	
97.5	88.9	
98.7	48.3	
98.1	67.7	
98.7	29.3	
89.4	99.6	
97.9	89.1	
88.6	89.1	
87.6	99.2	
97.9	99.2	
99.3	89.1	
99.1	99.2	
98.7	99.4	
77.1	99.6	
69.2	89.5	
99.1	87.9	
88	89.3	
99.1	99.6	
98.9	69.5	
98.3	99.4	
99.1	99.6	
99.3	99.2	
98.3	99.2	
89	99.6	
88.8	68.5	
88.8	99.6	
88.8	99.6	
85.6	79.2	
99.3	79.4	
98.9	97.2	
88.8	99.6	
98.7	78.6	
87	99.6	
86.6	99.6	
99.1	88.9	
87.4	99.6	
77.7	99	
99.3	98.6	
89	99.4	
87.4	99.6	
78.5	99.6	
77.7	99.6	
99.3	27.1	
89	99	
98.1	87.7	
79.1	49.1	
96.9	58.2	
88.6	99.2	
96.1	99.4	
98.3	99.6	
98.9	99.6	
94.7	89.7	
89.4	-22	
98.9	88.9	
99.1	88.1	
98.5	89.1	
99.1	97.6	
88.8	98.8	
99.1	99.6	
89.4	89.5	
87.8	68.9	
88.6	79.2	
67.8	99.2	
98.9	99	
89.2	68.1	
89	79	
88	89.1	
88.6	89.1	
88.2	69.5	
99.3	28.7	
98.7	99.6	
88.6	88.9	
99.1	98.8	
88.6	98.8	
78.9	99.6	
99.3	69.3	
98.7	68.9	
87.8	19.4	
98.9	68.5	
89	89.1	
98.9	79.8	
89.2	59	
99.1	99.6	
78.9	88.9	
78.1	9.1	
79.1	99.6	
98.7	68.9	
89.4	99.6	
98.3	89.7	
98.9	99.6	
88.6	59.4	
88	89.5	
97.7	99.6	
99.3	99.4	
98.7	89.1	
99.1	59.2	
98.3	99.2	
98.3	99.6	
98.5	59	
99.1	79.8	
98.9	79.6	
58.1	99.6	
98.5	99.6	
89	79	
99.3	79	
87.6	89.3	
99.3	99.2	
98.7	99.6	
89.4	99.6	
58.9	68.9	
98.7	99.2	
98.9	99.4	
98.1	99	
98.5	99.6	
89.4	99.6	
89	39	
97.7	69.1	
88.6	59.4	
88.6	79.6	
89	99.6	
99.1	89.5	
77.1	99.6	
99.1	99	
98.9	99.2	
88.6	99.4	
89.2	99.6	
98.3	99.2	
78.5	88.9	
98.7	99.6	
99.1	89.3	
98.9	99.2	
99.1	99.6	
99.3	99.4	
99.3	99.6	
89	9.1	
99.1	99.4	
99.3	89.3	
88.2	79	
78.9	89.1	
98.9	99.4	
99.1	59.4	
87.6	99.4	
89.4	99.6	
88.8	98.6	
99.3	59.4	
88.6	79.2	
99.3	79.4	
99.1	99.4	
98.7	59.6	
99.1	99.2	
99.1	89.3	
99.3	78.8	
98.5	99.4	
99.1	88.9	
99.1	99.6	
99.3	99.4	
98.5	99.4	
99.3	99.6	
89	99.6	
99.1	88.9	
99.1	99.4	
98.7	99.6	
89	79.4	
68	79.6	
98.9	99.6	
79.1	59.2	
98.5	99.6	
99.1	99.4	
88.4	79.4	
88.6	99	
99.3	99.4	
99.3	79	
68.8	99.6	
98.9	99.4	
98.3	99.6	
88.4	99.6	
98.7	98.8	
98.9	89.5	
99.3	99.6	
98.9	98.4	
88.2	89.5	
88.8	99.6	
98.9	18.6	
89	99.6	
97.9	99.6	
89	99.2	
89.4	78.8	
99.1	79.4	
68.6	49.5	
88.6	99.6	
89.4	89.1	
99.3	89.5	
98.7	79	
99.3	99.6	
88.6	79.8	
97.1	79.4	
98.7	99.4	
98.5	78.2	
88.2	99.6	
99.1	59	
98.9	99.6	
98.7	99.6	
99.3	79.4	
89	99.6	
88.8	79.6	
89.2	78.6	
98.7	88.5	
98.9	69.7	
97.7	99	
88.8	99.6	
87.4	99.6	
99.3	49.5	
98.1	99.6	
99.1	99.4	
88.6	99.6	
79.3	99.4	
89	99.4	
99.1	99.2	
98.3	58.8	
99.1	99.6	
88.8	89.3	
89	79.4	
98.7	99.6	
99.1	89.3	
88.8	89.5	
99.3	99.4	
99.3	49.1	
99.1	89.7	
68.6	99.6	
87.2	99.6	
99.3	99.4	
97.7	79.4	
88	89.3	
88.8	89.5	
99.3	99.6	
99.3	68.7	
89.2	99.4	
88.8	19	
88.6	99.4	
98.9	79.4	
88.8	99.4	
99.1	99.6	
99.1	99.4	
78.9	99.6	
98.7	99.6	
87.6	99.6	
98.1	99.6	
89.4	99.4	
98.7	69.5	
98.7	99.2	
69	99.4	
88.4	99.6	
87.8	99.4	
98.9	99.2	
99.1	99.4	
57.9	99	
78.9	99.4	
99.3	99.6	
98.1	79.8	
88	99.4	
98.9	29.1	
68.4	99.6	
99.3	99.6	
99.1	68.7	
87.4	98.4	
87.8	99	
99.3	99.6	
98.5	99.6	
79.1	99.4	
99.1	99.4	
89	88.9	
88.4	79	
89.4	89.3	
98.9	59.4	
89	99.2	
68.4	99.6	
99.1	99	
98.7	99.4	
89.4	88.9	
88.8	99.6	
98.1	99.6	
98.9	48.5	
98.7	89.5	
98.5	89.3	
89.2	78.4	
89.4	79.4	
98.3	99.4	
98.9	99.6	
98.9	99.4	
88.6	99.6	
99.1	99.6	
98.7	99.6	
98.7	99.6	
88.8	99.2	
99.3	98.8	
99.1	89.1	
98.5	89.1	
99.3	39.4	
89	99.4	
98.3	99.6	
68.6	48.9	
78.9	48.7	
99.1	99.6	
98.7	99.4	
98.9	88.9	
98.7	99.2	
99.1	79.2	
98.5	99.6	
98.5	79.6	
89	79.4	
99.3	99.4	
98.9	99.6	
88.8	99.4	
77.9	99.6	
89	99.2	
98.1	99.4	
98.9	99.2	
88.4	-0.6	
89.4	89.3	
98.3	69.1	
99.3	99.4	
99.1	59.8	
88.8	99.6	
78.7	89.3	
87.8	99.4	
99.3	89.7	
99.3	99.6	
88	89.5	
99.1	89.5	
99.3	69.1	
98.7	89.5	
98.9	89.1	
86.4	99	
89.2	99.6	
98.7	99.2	
98.9	89.5	
98.9	98.8	
98.9	48.9	
99.1	99.4	
98.9	99.2	
98.9	99.6	
98.9	99.6	
88.6	99.6	
98.5	99.4	
88.8	79.6	
98.9	89.1	
98.9	98.8	
98.7	99.4	
89.2	99.6	
99.1	88.7	
98.5	99.6	
89.2	99.2	
87.6	88.7	
98.5	99.6	
98.5	99.4	
89.4	79.2	
88.6	89.5	
68.8	99.2	
88.4	89.5	
78.3	99.2	
98.5	99.4	
98.9	89.5	
99.3	89.1	
98.9	99.4	
99.3	98.6	
99.1	78.8	
87.4	59.4	
89.4	99.4	
89	99	
99.1	89.5	
98.9	98.8	
98.5	89.5	
88.6	89.5	
68.8	89.3	
99.1	89.5	
99.3	89.3	
98.5	98.6	
98.9	99.4	
89.2	99.6	
98.1	99.6	
98.9	99.6	
88.8	99.6	
99.1	99.6	
99.3	99.4	
99.1	89.1	
78.9	99.4	
88.2	99.6	
89	99.6	
99.3	99.6	
99.1	49.1	
98.1	89.7	
78.7	48.3	
97.5	89.5	
68.2	89.3	
99.1	99.6	
99.3	89.3	
98.5	99.4	
89.2	79.4	
78.9	99.2	
88.8	99.6	
89	89.3	
78.7	99.4	
89	99.6	
98.3	59.2	
99.3	99.6	
88.4	99.6	
96.3	98.8	
78.9	99.2	
98.7	99.6	
78.7	78.6	
98.7	99.4	
89.4	99.2	
99.3	99.2	
99.3	99.4	
68.2	99.6	
99.1	99	
98.7	99.4	
99.3	79.6	
98.1	59.2	
98.9	89.7	
98.7	79.8	
98.3	88.7	
88.6	68.3	
89	99.6	
99.3	99.6	
89	99.2	
88.6	99.2	
88.2	99.4	
89.2	99.4	
99.3	99.6	
98.9	98.4	
89	99.6	
99.1	99.4	
89	98.8	
99.3	68.7	
99.1	79.4	
99.3	99.6	
99.3	99.6	
98.7	99.6	
99.1	99.6	
88	49.5	
88	99.4	
79.1	99.6	
97.9	99.6	
77.9	99.6	
68.2	79.6	
88.4	99.4	
89	99.6	
98.3	69.5	
98.9	99.6	
98.9	99.6	
77.7	99.6	
98.7	99.6	
89	99.6	
98.9	69.7	
99.3	99	
98.9	99.4	
