-8.1	-41.6	
87.4	57.8	
35.4	98.8	
51.9	28.9	
94.9	88.7	
79.4	99.4	
89.4	98.8	
72.7	78.6	
83.2	99.6	
75.5	79.2	
98.3	99.6	
98.9	99.4	
98.5	99.6	
77.1	79.6	
99.1	89.7	
63.2	99.4	
58.4	99.6	
98.7	99.4	
-30	89.3	
81	99	
96.9	89.1	
87.8	89.5	
54.1	89.5	
88.4	99	
89	79	
68.8	89.1	
98.3	89.1	
86.6	99.4	
98.5	99.6	
89	99.6	
97.1	99.6	
97.5	99.6	
97.7	99.6	
78.1	89.5	
97.9	99.4	
88.4	99.2	
98.9	99.4	
98.5	99.6	
77.1	99.6	
98.9	89.5	
97.7	99.6	
99.1	99.4	
68.2	89.5	
87.4	99.6	
99.3	79.4	
79.3	99.6	
98.7	99.6	
98.5	98.8	
99.1	99.6	
98.5	89.7	
98.7	99.6	
88.6	99.6	
89.2	99.2	
99.1	89.7	
97.3	99.4	
88.8	99.6	
98.5	88.9	
99.1	99.6	
98.1	99.6	
89.2	99.6	
79.3	99.6	
98.7	99.6	
57.9	99.6	
98.3	89.3	
78.7	99.6	
99.1	89.7	
99.1	89.5	
98.3	99.6	
99.1	99.6	
99.1	99.6	
78.7	89.7	
98.9	99.6	
77.3	89.3	
99.3	89.3	
99.3	69.1	
98.7	89.5	
88	99.4	
99.1	99.6	
99.1	99.6	
98.9	99.6	
98.7	99.2	
97.9	59	
99.3	99.4	
99.1	99.6	
98.7	89.7	
77.9	89.7	
99.3	79.6	
99.1	89.3	
89.2	89.5	
98.5	99.6	
89.2	79.2	
89	89.5	
99.3	89.5	
88.8	99.4	
98.5	99.6	
99.1	-1.2	
98.3	99.2	
99.3	99.6	
78.7	99.6	
96.1	58.4	
99.3	99.4	
98.3	99.4	
98.9	99.4	
99.1	99.6	
99.3	99.4	
99.1	99.2	
89.2	99.6	
99.3	99.6	
99.3	99.6	
79.5	89.5	
99.1	99.6	
88	99.4	
78.7	89.5	
98.9	99.6	
87.8	99.6	
98.5	99.6	
98.3	99.4	
98.9	79.4	
87.8	89.3	
89	99.4	
88.4	99.2	
98.9	99.6	
99.3	89.7	
99.3	89.5	
98.9	99.6	
98.9	99.6	
89.2	89.5	
98.1	99.6	
98.5	99.6	
99.1	99.6	
99.3	79.4	
88.6	99.4	
99.1	99.6	
69.4	99.6	
99.1	99.6	
78.7	99.6	
88.2	99.4	
99.3	89.1	
98.7	99.4	
88.2	99.2	
98.9	99.4	
98.5	99.4	
98.3	99.4	
88.8	99.6	
89.2	99.4	
99.1	99.4	
98.9	89.7	
99.1	99.4	
98.5	99.6	
98.9	99.4	
99.1	99.6	
98.9	99.4	
98.9	38.6	
98.9	99.6	
98.3	99.2	
78.9	99.6	
98.7	98.6	
98.3	99.2	
98.7	99.6	
98.5	99.6	
78.7	99.4	
67.2	99.6	
99.3	99.4	
99.3	99.2	
89	69.1	
68.8	99.4	
77.9	99.6	
88.4	88.9	
98.9	99.6	
88.6	89.1	
99.3	99.2	
98.5	99.4	
79.1	99.4	
99.1	99.6	
89.2	99.6	
89	79	
99.3	28.7	
99.1	99.4	
98.9	99.6	
97.9	99.4	
99.1	89.7	
99.1	99.6	
98.1	99.4	
99.1	99.4	
98.5	89.3	
97.9	99.4	
98.5	99.6	
98.9	89.5	
98.9	99.6	
88.8	99.6	
88.8	79.4	
98.7	89.3	
99.1	89.5	
98.9	88.9	
78.3	89.3	
89.2	99.2	
99.1	99.6	
98.9	99.4	
98.9	59	
65.8	99.4	
97.1	89.3	
98.3	99.6	
78.9	99.4	
99.1	99.4	
87.8	99.6	
89	99.6	
88.4	99.6	
89.2	99.4	
87.2	99.6	
98.7	99.6	
66.8	89.3	
78.3	89.5	
98.7	99.4	
98.3	99.4	
98.5	99.4	
98.7	99.4	
98.5	99	
88.2	99.2	
87.6	99.6	
78.7	99.4	
89.2	99.6	
78.1	99.6	
88.4	99.6	
88	79.2	
99.1	89.3	
68.6	99.4	
99.1	99.6	
98.9	59.6	
89	99.6	
99.3	99.6	
88.8	99.6	
99.1	99	
99.3	99.6	
79.3	99.6	
98.9	99.4	
78.9	99.6	
87.8	89.7	
99.3	99	
78.1	9.1	
99.3	99.6	
89	99.6	
88.4	99.6	
99.1	89.3	
98.7	99.4	
99.3	69.5	
99.1	89.7	
89.2	99	
96.9	79	
98.9	89.7	
89.4	99.6	
98.7	89.3	
78.9	99.6	
99.1	99.6	
99.1	99.2	
89	79.2	
79.3	89.3	
99.1	99.6	
89	99.4	
98.5	29.1	
98.3	99.2	
98.7	99.6	
99.3	99.4	
89.2	59.2	
99.3	99.6	
98.9	99.4	
99.3	99.2	
99.3	79.2	
98.9	99.6	
98.5	89.3	
99.3	79.4	
98.7	69.5	
99.3	99.4	
99.1	99.4	
99.1	89.7	
88.6	98.4	
98.7	99.4	
99.1	99.6	
99.3	99.6	
89.4	99.4	
78.9	99.6	
98.5	99.6	
88.8	99.4	
88.8	59.6	
87.2	99.2	
88.8	99.6	
98.7	99.4	
99.1	99.6	
98.9	89.5	
99.3	99.6	
98.9	99.6	
98.9	79.6	
89.2	99.6	
98.9	99.4	
79.1	79.4	
99.1	99.6	
98.9	89.5	
99.1	79.6	
89.2	98.6	
88.6	99.4	
99.1	69.3	
99.1	99.2	
98.5	99.6	
99.1	79.4	
99.3	99.6	
89	99.4	
99.1	49.5	
89.2	99.6	
69	99.4	
98.9	99.6	
99.3	89.5	
89.4	99.6	
99.3	99.6	
99.1	99.6	
89.2	89.1	
89	79.4	
89.4	99.6	
89	99.4	
88.8	99.4	
98.9	79.8	
98.7	99.6	
98.7	99.6	
68.2	99.2	
89.4	69.3	
99.1	29.1	
89	99.6	
89.2	89.5	
99.3	88.9	
89	99.4	
79.1	69.3	
89.4	49.3	
99.1	68.1	
99.3	89.3	
88.8	99.4	
89.2	89.5	
99.3	89.1	
89.2	99.6	
99.1	99	
99.1	99.6	
89	99.4	
99.1	89.5	
99.3	99.6	
98.9	99.6	
98.9	88.9	
97.7	99.6	
78.1	69.3	
99.1	99.4	
99.3	99.6	
98.9	99.6	
99.1	99.6	
99.3	59.8	
89.4	99.6	
99.1	99.2	
98.9	89.5	
98.9	99.6	
89	99.2	
99.1	99.6	
99.3	89.1	
68.8	99.2	
88.8	99.4	
58.9	79.4	
99.1	99.2	
79.3	99.6	
89.2	99.6	
58.5	99.6	
89	89.3	
89.2	99.6	
88.4	99.6	
79.3	99.2	
87.6	99.4	
89.2	99.6	
88.4	99.2	
99.1	89.3	
98.5	99.6	
89.2	99.6	
88.8	99.4	
88.6	99.6	
99.3	79.6	
99.1	99.4	
79.5	99.6	
78.7	99.4	
15.1	99.6	
98.1	69.5	
98.3	99.4	
98.9	69.1	
99.1	99.2	
88.8	59.6	
99.1	88.9	
88.4	89.3	
77.9	99.6	
78.9	99.6	
88.8	89.3	
98.5	99.2	
99.3	99.6	
88.6	99	
98.7	99.6	
99.1	79.2	
97.9	99.2	
89.2	99.6	
98.5	99.2	
99.1	99.4	
99.1	89.3	
88.6	99.4	
98.5	89.3	
98.9	99.4	
79.1	99.4	
89	99.2	
89.2	89.5	
98.7	99.4	
98.9	89.3	
99.1	89.7	
89.4	99.6	
68	99.6	
99.1	99.6	
88.8	99.2	
99.1	89.5	
99.3	99.4	
98.5	49.5	
89.2	79.2	
89.4	89.7	
98.9	99.4	
97.9	99	
89.2	88.9	
88	89.5	
99.1	79.2	
89	99.6	
98.7	99.6	
88.8	99.6	
69.2	98.8	
88.6	99.6	
78.9	89.5	
89	99	
99.1	89.5	
89.4	89.3	
98.7	89.5	
99.1	89.7	
98.9	99.6	
99.1	89.5	
78.1	89.5	
99.1	89.3	
97.9	99.4	
88.4	99.2	
88.4	89.3	
99.3	89.7	
98.9	89.7	
99.1	89.7	
99.1	69.7	
98.9	79.8	
98.5	79.8	
98.3	59.2	
99.1	99.6	
78.7	79.6	
99.3	59.6	
98.9	89.7	
89	89.7	
99.1	49.5	
78.7	89.5	
88.6	99	
78.9	99.2	
98.5	99.4	
99.1	99.4	
79.3	99.4	
89.2	99.4	
98.3	99.6	
89.2	99.6	
88.8	99.2	
98.7	99.2	
98.9	99.4	
98.7	99.4	
79.5	89.5	
89	99.6	
78.9	99.2	
98.9	99.6	
98.7	99.2	
88.8	99.4	
88.6	89.7	
89.2	99.2	
99.1	99.4	
98.5	99.2	
99.1	99.2	
89	99.6	
98.7	99.6	
89.4	89.7	
98.9	99.6	
78.3	59.4	
88.8	69.3	
98.3	89.1	
89.4	89.7	
89	99.2	
88.6	99.4	
89.4	99.2	
79.1	99.4	
68.8	99.6	
99.1	99.6	
98.9	89.5	
88.8	99.4	
79.3	99.6	
89	79.2	
87.8	89.3	
99.3	99.4	
88.6	89.5	
