13.9	-292.9	
77.1	59.6	
97.9	79.6	
98.3	48.7	
99.1	46.7	
97.9	97.2	
88.2	58.2	
88.4	45.5	
99.3	79.6	
88.6	89.5	
89.4	69.7	
78.3	79.6	
98.1	88.9	
96.3	99.6	
86.8	98.2	
97.9	98.4	
98.9	89.5	
99.1	87.1	
99.3	69.5	
99.3	99.4	
99.1	94.8	
99.3	99.6	
99.3	99.6	
98.9	99.6	
98.9	99	
99.3	99.2	
99.3	99.6	
99.1	99.4	
98.9	79.8	
99.3	99.6	
89	99.2	
99.1	99.6	
99.3	99.6	
99.3	99.4	
89.2	99.4	
98.9	99.6	
99.3	99.6	
76.3	99.6	
79.1	99.6	
99.1	89.5	
99.3	99.6	
79.1	99.6	
99.3	99.4	
89.2	99.6	
98.7	99.6	
87.6	99.4	
88.6	99.4	
99.1	99.6	
99.1	99.4	
99.1	99.4	
99.3	99.6	
98.9	99.2	
99.3	99	
99.3	99.4	
98.7	99.6	
98.9	99.6	
98.9	99.6	
99.3	99.6	
99.3	99.6	
98.5	99.6	
99.3	99.6	
99.3	98.8	
99.3	99.6	
87.8	99.6	
89.4	99.6	
99.3	99.6	
99.1	99.4	
99.1	99.6	
99.1	99.6	
99.3	99.6	
89.4	89.5	
99.3	79.2	
99.1	99.4	
89.2	99.4	
99.1	99.6	
89.2	99.2	
99.3	89.3	
99.3	99	
99.3	99.6	
89	89.5	
99.3	99.4	
98.9	99.6	
99.3	99.2	
98.9	99.6	
99.3	99.4	
99.3	99.6	
99.3	99.4	
99.1	59.2	
99.1	69.1	
98.9	99.6	
99.3	99.6	
89.4	99.6	
99.3	99.6	
99.3	99.6	
89.4	99.6	
99.3	99.6	
97.9	99.6	
99.1	89.3	
99.1	99.6	
99.3	89.7	
99.3	89.5	
98.9	99.6	
89.2	89.5	
99.1	99.6	
99.3	99.6	
99.3	99.6	
99.3	99.4	
89	99.6	
89.2	99.6	
99.3	99.6	
99.3	99.6	
89.2	99.6	
98.5	99.4	
89.4	99.2	
88.8	99.4	
89.2	99.6	
99.3	99.4	
99.3	99.6	
89.2	89.5	
99.1	99.6	
99.3	99.4	
99.3	99.6	
88.4	99	
99.3	99.6	
99.3	99.6	
99.3	89.5	
99.3	99.2	
89.2	99.6	
99.3	89.3	
99.1	99.4	
99.3	99.6	
99.3	99.6	
99.1	99.4	
98.7	89.5	
99.1	89.5	
99.3	89.3	
99.3	99.4	
99.1	99.6	
99.3	99.4	
98.9	99.6	
99.3	99.6	
99.1	99.6	
98.9	99.6	
89.4	99.2	
98.7	99.6	
99.1	99.6	
89.2	89.7	
89	99.4	
99.3	99.6	
99.3	99.6	
99.3	99.6	
98.9	59.2	
89.4	99.6	
99.3	59	
99.1	89.1	
88.6	99.2	
99.3	99.6	
99.3	99.6	
99.3	99	
98.9	99.6	
99.3	99.6	
99.3	99.6	
99.1	99.4	
89.4	99.6	
89.4	99.6	
99.3	99.6	
79.3	99.6	
99.3	89.5	
89.4	99.6	
99.1	99.6	
99.3	99.6	
99.3	99	
99.3	89.1	
99.3	99.4	
99.3	99.6	
99.1	99.6	
89.2	49.5	
98.7	89.5	
99.3	99.2	
99.1	99.4	
99.1	99.6	
99.3	99.6	
99.3	99.6	
98.7	99.4	
98.9	99.4	
89	99.6	
99.3	99.6	
99.3	99.4	
98.9	99.6	
99.3	99.6	
99.1	99.6	
89.4	99.6	
99.1	99.6	
99.1	98.8	
99.1	99.4	
99.3	99.6	
99.3	99.6	
99.1	99.6	
99.3	99.6	
99.3	99.6	
99.3	99.4	
89	99.4	
99.3	99.4	
89.4	99.4	
99.1	99.4	
98.5	79.8	
99.3	99.6	
99.3	99.4	
99.1	99.6	
99.1	99.4	
99.3	99.4	
89.2	99.4	
99.3	99.6	
88.6	99.6	
99.3	99.4	
99.1	99.4	
98.1	89.5	
99.3	99.6	
98.9	99.6	
89	98.8	
89.2	99	
88.6	99.2	
98.9	99.6	
99.1	99.2	
99.3	99.6	
89.2	99.6	
89	99.6	
98.9	99.6	
99.3	99.6	
99.1	99.6	
99.3	99.6	
99.1	99.6	
99.3	99.6	
99.3	99.6	
99.3	99.6	
99.1	99.6	
89	99.4	
98.9	99.6	
99.3	99.6	
99.3	98.8	
98.7	99.6	
99.3	99.6	
99.3	99.6	
99.1	89.3	
99.3	99.6	
98.9	99.6	
99.3	99.6	
98.9	99.6	
88.2	99.6	
99.3	99.6	
88.8	99.6	
89.4	99.6	
99.1	99.6	
99.3	89.5	
89.2	99.6	
99.1	99.4	
99.3	99	
99.1	99.6	
89	99.6	
99.3	89.5	
99.3	99.6	
99.3	99.6	
99.3	89.5	
99.3	99.6	
99.1	99.6	
99.1	99.6	
99.1	99.6	
99.3	99.6	
99.3	99.6	
98.7	99.4	
99.3	99.4	
99.1	89.5	
99.1	89.5	
99.3	99	
99.1	99.6	
99.1	99.6	
99.1	99.6	
99.3	99.2	
99.1	99.6	
98.9	99.6	
99.3	99.4	
89.2	99.6	
99.3	99.6	
99.1	99.4	
99.3	99.6	
99.3	99.2	
89.2	99.6	
99.1	99.6	
98.7	99.6	
98.9	99.4	
88.4	68.9	
99.3	99.6	
98.9	99	
99.3	99.6	
99.3	99.6	
98.7	99.6	
99.3	89.7	
88	99.4	
89.4	99.4	
99.3	99.6	
98.9	99.4	
99.3	99.6	
99.3	99.6	
98.9	99.6	
99.3	99.4	
99.3	89.5	
98.9	89.5	
99.3	99.4	
98.9	99.6	
99.3	99.6	
99.3	99.2	
89.4	99.6	
99.1	99.6	
99.1	99.2	
99.3	99.6	
99.1	99	
98.9	99.6	
89.4	79.6	
98.9	99.6	
99.1	99.4	
99.3	99.6	
99.3	99.6	
98.3	99.6	
99.3	99.6	
99.3	99.6	
99.3	89.7	
99.1	99.2	
99.3	99.6	
99.3	99.4	
99.3	99.6	
89.4	99.6	
99.3	99.6	
99.1	99.6	
99.3	99.6	
98.5	99.6	
77.5	89.5	
99.3	99.6	
99.3	89.5	
99.3	99.4	
89	99.6	
89.4	99.4	
89.4	99.4	
98.3	99.6	
99.3	99.6	
89.2	99.6	
78.9	99.2	
99.1	99.6	
99.3	69.1	
98.9	99.6	
88.6	99.6	
99.1	99.4	
99.3	99.6	
89.2	99.4	
99.3	99.6	
88.4	99.6	
99.1	99.6	
98.9	99.6	
98.9	99.6	
99.3	89.5	
89.2	99.6	
99.3	58.8	
99.1	99.6	
99.1	99.6	
99.3	99.6	
99.1	99.4	
89	99.6	
99.3	98.8	
99.3	99.6	
99.3	99.2	
99.3	99.4	
99.3	99.6	
89.4	99.4	
99.3	99.6	
98.9	99.6	
99.1	99.4	
99.3	99.6	
99.1	89.5	
99.1	99.6	
88.8	99.6	
99.3	99.6	
99.3	79.8	
99.1	99.6	
99.1	99.6	
78.1	99.4	
99.3	99	
98.7	99	
99.3	88.9	
99.3	89.3	
99.1	99.6	
99.1	88.9	
98.5	88.9	
99.3	99.6	
99.1	99.4	
99.1	99.6	
89	99.6	
87.6	99.6	
99.3	99.6	
99.1	99.6	
99.1	89.3	
99.1	99.6	
99.1	99.6	
89.2	99.6	
88.8	89.1	
99.3	99.6	
99.3	99.6	
99.3	99.6	
99.3	99.6	
99.3	89.5	
99.3	99.4	
89	99.4	
99.3	99	
99.3	99.6	
79.1	99.6	
99.3	99.6	
99.3	99.2	
99.1	99.4	
99.3	99.6	
99.1	99.6	
99.3	89.5	
89.2	99.6	
98.9	99.6	
99.3	99.4	
99.1	89.5	
99.3	99.6	
98.9	89.1	
98.9	99.6	
98.5	99.6	
89.4	99.4	
89	89.5	
99.3	79.6	
99.3	99.6	
99.3	99.4	
99.3	99.4	
99.3	99.2	
99.1	99.6	
99.3	99.4	
99.3	99.6	
99.1	99.4	
99.3	99.6	
98.9	99.4	
89.2	99.6	
99.3	98.8	
99.1	99.4	
89.2	99.6	
89.4	99.6	
99.3	99.6	
99.1	99.6	
98.9	99.6	
88.8	99.6	
99.3	99.4	
99.1	99.4	
98.9	99.6	
99.3	99.6	
89.4	99.6	
99.3	99.6	
89.4	99.6	
98.9	99.6	
98.9	99.2	
99.1	99.6	
89	99.6	
99.3	89.7	
99.3	99.6	
99.3	89.5	
99.3	99.2	
99.3	99.6	
99.1	99.6	
99.3	99.6	
99.3	99.6	
98.9	99.6	
99.3	99.6	
99.3	99.2	
99.1	89.5	
99.3	99.6	
89	99.6	
99.3	99.6	
89	99.6	
99.1	99.6	
99.3	99.4	
99.3	99.4	
99.1	89.5	
99.3	99.6	
99.3	99.6	
99.3	99.2	
99.1	99.4	
89.2	99.6	
98.7	99.6	
99.3	99.6	
99.1	99.6	
99.3	99.6	
99.3	99.6	
98.9	99.2	
89.2	99.4	
99.1	99.6	
99.3	99.6	
99.1	89.3	
99.3	89.7	
99.3	89.5	
98.7	79.8	
99.3	99.6	
99.3	89.3	
