15.9	-632.9	
33.1	-70.9	
86.8	-42	
85	-484.8	
46	9.3	
99.3	-41.2	
86.4	59.4	
93.3	59.2	
98.1	49.1	
78.1	59.6	
98.7	19.4	
77.5	79.6	
96.1	49.3	
93.1	69.7	
98.3	89.5	
98.1	56.2	
97.7	37.4	
93.3	89.5	
86.4	77.8	
92.9	9.1	
87.4	68.7	
78.7	47.5	
86.4	78.6	
76.5	85.5	
76.1	49.3	
98.9	77.6	
98.7	33.2	
88	77	
99.1	89.1	
98.9	78.2	
98.3	69.1	
97.5	51.8	
96.1	89.5	
98.7	99.4	
99.1	99.4	
94.5	99.6	
97.7	79.8	
97.9	99.6	
99.1	89.7	
94.1	99.6	
89.2	99.2	
97.5	99.4	
89	98.4	
93.7	98.4	
95.5	99.6	
98.7	88.7	
98.9	89.3	
97.9	99.6	
97.3	99.4	
88.4	99.4	
98.1	99.6	
98.7	89.1	
96.3	99.6	
98.9	89.7	
98.9	99.4	
98.5	99.4	
98.5	99.2	
99.3	99.4	
98.9	99.4	
99.3	98.6	
78.9	89.7	
98.9	99.6	
98.9	99.6	
99.1	99.4	
88.6	88.7	
88.8	99.2	
99.1	99.4	
99.1	89.5	
89.2	88.1	
88.6	99.6	
98.9	68.9	
99.3	79.4	
99.1	88.9	
99.1	99.6	
99.1	99.4	
89	99.6	
98.9	99.2	
98.5	99.6	
88.6	69.5	
98.9	89.5	
88.6	99.6	
99.3	99	
89.2	99.6	
99.1	99.6	
99.3	99.6	
98.7	99.6	
98.7	89.3	
99.3	89.5	
98.9	99.2	
98.5	99.2	
99.1	59.4	
98.7	89.5	
89.2	99.6	
99.3	79.6	
99.1	89.5	
98.1	99.4	
99.3	99.6	
99.3	99.2	
99.1	99.6	
79.1	99.6	
99.1	49.5	
99.3	99.6	
98.9	99.6	
78.5	99.6	
99.1	79	
98.9	89.7	
89	89.1	
89.2	88.5	
98.7	99.2	
98.7	99.6	
98.9	79.6	
89	89.1	
99.1	99.6	
78.5	49.5	
98.7	99.6	
89.4	99.6	
98.7	99.6	
99.3	89.1	
99.3	98.8	
98.9	79.6	
89	99.6	
99.1	89.1	
98.9	99.2	
89.4	99.6	
99.1	99.6	
98.9	99.4	
98.7	99.6	
99.3	99.6	
99.3	99.4	
89.4	99.6	
88.8	99.6	
98.7	99.2	
98.7	99.4	
89.2	99.6	
99.3	99	
87.4	99.6	
98.5	89.3	
99.3	59.2	
99.1	89.5	
99.1	99.2	
88.8	99.4	
68	99.6	
98.9	99.6	
98.7	99.6	
99.3	99.6	
68	78.8	
99.1	99.4	
88.4	99.6	
98.9	99.6	
99.3	99.6	
99.1	88.9	
98.1	99	
98.3	99.6	
99.1	99.2	
99.1	89.5	
99.3	99.4	
88.4	99.2	
98.9	99.2	
98.7	99.2	
98.3	99.2	
98.9	98.8	
99.3	78.8	
98.9	89.5	
78.9	98.8	
99.1	99.6	
99.3	99.4	
88.4	79.2	
99.1	99.6	
99.1	89.1	
98.5	99.2	
98.9	99.2	
99.1	99	
98.7	89.5	
99.1	79.2	
98.9	99.2	
98.9	89.5	
99.1	99.6	
89	99.6	
99.1	89.5	
98.9	68.9	
99.1	99.2	
99.1	99.4	
97.7	98.8	
98.5	28.7	
99.3	99.6	
98.7	99.6	
98.9	99.2	
99.1	69.5	
99.1	99.4	
88.2	79	
99.3	79.2	
89	79.4	
99.3	99.4	
99.3	99.6	
87.8	99.4	
89.2	99.4	
98.3	99.6	
79.3	98.4	
99.3	98.4	
99.1	99.4	
98.9	99.6	
99.3	69.1	
99.3	99.6	
99.1	59.4	
98.1	99.2	
99.3	68.5	
99.1	99.6	
99.1	99.6	
89.2	99.2	
99.3	89.5	
99.1	89.1	
98.7	89.3	
99.1	99.4	
99.3	79.8	
99.3	99.4	
99.1	99.6	
98.3	89.7	
98.3	99.4	
99.1	99.2	
89.4	88.9	
99.1	99.4	
99.3	79.4	
88.8	98.8	
89.2	99	
88.6	99.4	
98.9	99.4	
99.3	99.2	
99.1	99.4	
88.8	99.6	
99.3	99	
99.3	99.2	
99.1	99.2	
98.3	99	
99.1	89.5	
99.1	98.8	
99.1	99	
98.9	99.2	
99.1	99.6	
99.3	99.6	
89.2	99.6	
99.3	99.6	
98.7	99.6	
99.3	99.6	
99.1	99.4	
98.5	99.6	
89.2	98.8	
99.1	99.6	
99.1	99.4	
99.1	99.4	
99.3	99.2	
99.1	99.4	
99.3	79.2	
99.3	99.6	
89	98.4	
98.5	99.6	
99.1	89.3	
89.4	99.4	
99.3	79.4	
98.5	99.6	
89.4	99.6	
99.1	89.7	
99.1	89.5	
68.4	99.2	
98.9	99.4	
89.2	99.6	
89.2	69.3	
88.8	89.5	
99.3	99.6	
99.1	99.4	
99.1	99.4	
98.7	79.2	
99.3	79	
89.2	69.7	
88.8	99.6	
89.2	99.6	
98.9	99	
98.7	99.4	
99.1	99.6	
79.3	99.4	
99.1	99.2	
79.1	99	
88.6	99.4	
89	99.6	
89.4	89.3	
99.1	89.7	
98.9	99.2	
99.3	99.4	
89.4	98.4	
99.1	99.2	
99.3	99.4	
98.7	99.6	
89	79.6	
89	89.7	
98.9	99.4	
98.7	99.4	
98.5	89.1	
99.3	99.6	
99.3	88.1	
98.9	99	
99.3	99.6	
99.1	99.2	
88.2	99.6	
88.2	79.8	
99.1	99.6	
99.1	99.4	
98.7	89.5	
98.1	99.6	
98.9	99	
99.3	79	
89.2	99.4	
99.1	89.5	
89.4	99.4	
98.7	99.6	
98.9	89.3	
99.1	99	
99.1	79.2	
99.3	99.6	
77.5	99.2	
78.9	89.1	
98.7	99.6	
98.3	99.2	
99.3	99.4	
99.1	89.5	
99.1	89.7	
89.2	99.6	
99.3	99.6	
88.8	98.8	
88.8	99.6	
89	69.7	
88	99.6	
98.9	99.4	
89.2	99.6	
99.1	69.1	
88.8	99.6	
99.1	99	
88.8	79.6	
99.3	88.9	
99.3	99.6	
99.3	89.3	
99.1	99.6	
99.1	99.6	
98.9	99.6	
99.3	99.6	
78.3	99.6	
99.3	89.5	
99.1	99.2	
89.2	99.6	
99.3	88.9	
98.5	99.4	
99.1	99.2	
99.1	99.6	
99.3	99.2	
88.8	99.4	
99.1	89.5	
98.9	99.4	
99.1	99.4	
99.1	79.4	
99.3	99.6	
98.3	99	
99.3	89.5	
98.9	89.3	
99.3	99.6	
99.1	99.6	
99.1	79	
89.4	99.6	
98.3	99.6	
98.9	99.6	
99.1	89.7	
78.5	89.5	
98.9	99.4	
99.1	59.6	
99.1	99.4	
98.7	98.8	
98.5	99.6	
98.7	99.2	
98.9	98.8	
99.1	99.6	
99.1	99	
99.1	89.5	
99.3	89.3	
98.5	99.4	
98.9	99.6	
89	89.7	
98.3	99.4	
89	99.6	
99.1	99.6	
88.8	99.2	
99.1	99.6	
99.1	99.6	
99.1	99.6	
99.3	99.6	
99.3	99.4	
99.3	99.4	
99.1	99	
99.1	99.6	
89.4	99.4	
99.1	99.6	
98.9	88.7	
98.7	99.6	
98.9	99.4	
89.2	99.2	
89.2	99.6	
99.3	99.6	
99.3	99.6	
98.9	99.6	
89.2	78.2	
99.1	99.6	
98.9	99.6	
88.8	79.2	
99.3	99.6	
98.9	89.5	
99.1	89.5	
89.4	99.4	
78.5	99.2	
99.3	89.5	
79.1	99.6	
88.8	99.2	
98.9	99.2	
99.3	99	
98.9	89.3	
98.9	99.6	
99.3	79.6	
98.5	99.6	
98.9	99.6	
99.1	89.1	
99.3	99.4	
99.1	49.1	
98.9	99.4	
98.5	99	
98.9	99	
99.3	99.6	
89.2	99.6	
99.1	99.6	
99.3	99	
88.8	89.3	
99.3	99.6	
99.1	99.2	
99.1	59.2	
89.2	99.6	
98.9	89.1	
89.4	99.2	
98.3	89.1	
99.1	99.2	
99.3	99.6	
99.1	99	
99.3	99.6	
99.1	99.6	
99.1	99.6	
99.3	89.5	
99.3	99.4	
89.2	99.6	
89	99.6	
99.3	79.6	
99.1	89.3	
99.3	89.5	
99.3	79	
78.1	99.6	
88.8	89.3	
98.7	99.2	
99.3	99.4	
89.2	99.4	
98.9	99.4	
98.9	99.2	
99.3	99.6	
99.3	99.6	
98.9	99.6	
99.3	89.3	
99.3	99.6	
99.3	99.6	
99.3	79.4	
89.4	48.1	
99.3	99.6	
99.1	99.6	
99.1	99.6	
99.3	99.4	
89.4	99.2	
99.3	99.4	
79.3	99.6	
98.9	99.2	
99.3	89.7	
89	99.6	
88.8	99.6	
99.3	99.6	
98.9	99.4	
99.3	89.3	
99.1	99.6	
98.9	99.6	
98.9	99.4	
88.4	99.2	
89	98.8	
88.8	99.6	
88.6	99.2	
99.3	89.7	
99.1	99	
99.1	98.8	
88.6	99.2	
98.5	88.3	
89.2	79.4	
89.2	99.6	
99.3	99.6	
