77.3	-305.6	
27.4	5.7	
27	29.1	
88.4	-82.6	
23	-62	
25	99.4	
65.8	99.2	
98.5	88.9	
87.6	68.5	
87	88.7	
97.5	76.8	
77.3	98.8	
98.9	99.6	
96.9	79.8	
88.4	7.1	
56.7	99.6	
98.5	99.2	
96.5	99.2	
95.7	79.6	
97.7	98.6	
97.9	99.2	
98.7	79.8	
88	89.1	
86.8	99.4	
98.5	99.4	
88	88.5	
98.9	68.9	
88.4	59.4	
98.1	99.4	
76.9	99.4	
99.3	99.2	
87.4	98.8	
98.5	99.6	
98.3	99.6	
97.7	89.5	
89.2	99.4	
78.5	89.3	
88	99.2	
89	58.6	
99.1	99.4	
88.4	99.6	
98.9	98.6	
96.9	79	
87.6	99.6	
78.1	99.4	
97.5	39	
99.1	88.3	
99.1	38.8	
88.2	88.9	
99.1	99.6	
88.4	69.5	
99.1	99.4	
78.5	99.2	
87.8	68.9	
99.1	78.4	
99.1	99.6	
98.7	99.4	
99.1	-73.3	
98.9	-11.5	
98.3	-21.8	
79.3	98.6	
88.8	79.8	
88	99.6	
88.4	99.6	
98.9	79.8	
88	98.4	
97.5	88.7	
88.2	99.4	
87.6	99.6	
88.6	79.8	
89	59.2	
97.7	88.3	
99.1	99.4	
87.8	89.7	
98.7	68.9	
88.2	79.2	
97.5	39.2	
99.1	58.6	
99.3	99	
97.1	98.4	
78.5	79.6	
88.8	99.6	
65	89.5	
88.8	99.4	
97.3	98.6	
98.5	89.5	
84.6	99.6	
87	69.5	
98.7	99.6	
97.9	59.4	
77.3	87.9	
58.3	79.2	
87.8	68.9	
88.6	39.6	
98.7	99.2	
97.5	89.7	
99.1	69.5	
78.1	79.4	
97.9	89.5	
88.8	99.2	
76.7	99.6	
88.4	89.5	
88.8	78.4	
88.8	68.7	
88	89.5	
88.8	99	
88.8	68.9	
98.3	99.4	
89.2	89.3	
98.9	89.3	
98.5	99.6	
98.5	99.4	
89.4	99.6	
88.4	89.3	
65	99.4	
97.9	99.2	
99.1	39	
98.7	59.6	
98.5	99.6	
79.1	79.6	
98.5	88.3	
99.3	79	
88.6	79	
98.5	79	
98.7	99.6	
76.9	79.8	
99.1	78.8	
89.2	79.2	
98.7	98.8	
98.1	79.2	
99.3	28.5	
99.3	68.9	
98.7	98.4	
98.7	68.7	
98.7	99.6	
67.8	99.6	
67.2	99.4	
98.7	38.8	
97.7	99.6	
98.3	99.6	
89	79.4	
99.1	99.4	
88.2	28.9	
99.3	89.5	
79.1	99.4	
99.3	99.4	
88.2	89.7	
99.3	99.6	
87.8	99.4	
98.7	99.6	
89.2	99.6	
99.1	18	
89	99.6	
99.3	99.4	
88.8	99.2	
58.1	89.5	
99.1	79	
99.1	99.6	
99.1	99.4	
98.7	99.6	
99.1	99.6	
99.3	58.8	
79.3	89.5	
98.9	99.6	
98.9	99.4	
86.6	99.6	
98.9	69.5	
98.1	99.6	
88.8	99.6	
98.5	79.2	
88.6	99.6	
67.6	89.7	
99.1	99.2	
99.1	49.1	
88.4	79.4	
99.1	99.2	
89.4	49.3	
99.1	99.4	
88.6	99.6	
99.1	99.2	
98.3	89.5	
88.6	99.4	
98.7	79.4	
58.7	99.4	
88.8	68.5	
99.3	89.5	
98.7	38.8	
98.9	99.6	
99.1	99.2	
89.4	99.6	
98.7	99.6	
98.7	99.6	
99.1	99.6	
98.1	99.6	
99.1	99.6	
89.2	98.6	
89.2	99.6	
77.9	99.4	
98.9	99.6	
87.4	98	
99.3	89.5	
98.3	99.6	
98.5	99.4	
87.6	99.6	
89.2	49.5	
88.6	99	
78.9	99.4	
77.5	99.6	
78.1	99.6	
98.5	99.6	
99.3	89.3	
77.5	99.6	
98.7	48.7	
89	99	
87.4	59.2	
88.6	99.6	
98.7	79.2	
97.7	79.4	
88.8	68.9	
98.7	89.5	
98.3	78.4	
78.9	99.6	
96.9	28.9	
98.9	99.6	
57.9	68.7	
99.3	78.6	
78.9	99.4	
98.3	99	
58.3	78.4	
98.7	77.8	
87.8	89.5	
99.3	99.4	
89	99.6	
88.6	99.6	
98.7	69.1	
98.9	99.4	
98.9	68.9	
89.4	89.7	
88.8	99.6	
77.1	89.3	
99.1	79.2	
99.1	99.6	
78.9	79	
89.2	99.4	
89	39.4	
99.1	99.6	
67.6	89.5	
96.9	89.5	
98.7	99.6	
87.6	89.3	
89	99.2	
98.3	99.6	
98.7	89.1	
99.1	89.3	
89	99.6	
87.4	98.8	
98.9	69.1	
99.3	89.7	
99.3	78.8	
88.2	99.2	
88.6	99.6	
68.2	99.4	
99.3	99.6	
98.3	89.5	
98.7	97.6	
99.3	89.5	
99.1	99.6	
99.1	79.4	
88.2	99.4	
87.8	99	
68	99	
98.9	59.4	
98.3	99.4	
78.7	99.6	
66.8	99.2	
99.1	99.6	
99.3	99.4	
98.5	99.4	
58.1	99.6	
98.5	99.6	
98.7	99	
99.3	68.9	
67.4	89.7	
98.9	99.4	
88.6	88.9	
99.1	17.2	
57.7	99.2	
98.9	99.4	
98.9	89.7	
98.3	99.6	
68.6	99.6	
99.3	99.6	
99.3	99.4	
97.9	99	
89	99.6	
98.9	79	
98.7	89.1	
98.9	99.6	
88.4	89.5	
97.7	99.6	
98.1	29.3	
78.3	98.8	
77.3	79.6	
66.8	99.2	
99.1	89.1	
98.9	99.2	
99.1	69.3	
99.3	99.6	
67	99.2	
89	99.6	
98.5	99	
98.5	89.7	
98.3	99.6	
99.3	99.2	
98.7	99.4	
98.7	99.4	
98.9	99.6	
88.8	99.2	
58.1	89.7	
98.9	79	
99.3	79.6	
99.3	59.4	
98.5	29.1	
89.4	89.3	
88.4	99.6	
98.7	99.6	
88.6	89.7	
98.9	99	
68.2	99.4	
58.5	89.5	
98.3	38.2	
88	68.7	
88.8	99.6	
89.2	99.6	
89.4	89.5	
97.9	99.4	
98.9	99	
77.7	88.5	
99.1	99	
97.7	99.4	
79.1	99.6	
99.3	99.2	
88.4	89.1	
99.1	78.6	
88.6	99	
99.1	88.9	
99.1	-20.8	
68.4	99	
99.1	99.2	
99.1	89.1	
98.9	79.8	
98.7	99.4	
78.5	99.6	
98.7	89.3	
88.6	99	
88.6	88.5	
99.1	99.4	
78.7	89.1	
99.1	49.5	
89	99.2	
97.9	99.6	
98.7	89.3	
99.3	99.4	
98.7	99.2	
78.3	89.5	
99.3	89.5	
98.9	89.5	
99.3	99.6	
98.5	99.2	
79.5	99.4	
87.2	99.6	
88.8	99.6	
88.4	59.8	
78.5	99.4	
89	99	
89.2	89.1	
88.2	99.6	
98.9	79.8	
78.1	89.5	
98.7	79	
98.1	99.6	
98.1	79.4	
88.4	89.1	
98.7	99.6	
89.2	99.2	
98.9	89.5	
98.9	99.6	
89.2	99.4	
88.2	89.7	
99.1	99.4	
98.9	89.3	
78.7	89.5	
98.7	89.5	
98.9	99.6	
99.1	79.4	
98.9	99.6	
99.3	99.6	
68	99.6	
97.3	89.5	
88.2	99.2	
88	99.4	
99.1	99.4	
88.2	99.6	
68.4	99.6	
98.5	88.9	
98.3	99.2	
98.7	99.6	
58.1	99.6	
99.1	89.5	
78.3	79.6	
98.9	89.5	
89.4	99.2	
99.3	79.4	
89.4	99.4	
48.2	99.2	
89.2	69.7	
98.5	99.4	
98.3	89.3	
89.2	99.6	
98.7	99.6	
56.9	99.6	
98.9	99.6	
89.4	99.2	
68.6	79.8	
79.1	99.6	
88.2	89.1	
67.2	39.4	
89.2	69.7	
68	99	
89	99.6	
99.3	89.3	
88.8	99.4	
88	99.2	
78.7	89.5	
98.9	79.4	
99.3	89.1	
78.9	99.4	
97.9	99.4	
88.6	79.8	
87.6	99	
98.7	98.8	
98.9	69.1	
99.1	89.7	
98.3	99.4	
89.2	99.6	
99.1	99.2	
78.5	79.2	
98.7	99.4	
98.9	99.6	
89	89.3	
99.1	99.4	
98.1	89.3	
77.7	89.5	
89.2	99.4	
89.4	89.7	
98.5	69.7	
99.3	99.6	
99.3	79.6	
98.5	48.9	
99.3	99.4	
89	58.8	
88.4	99	
78.5	99.2	
98.7	49.3	
88.6	68.3	
88.6	99.4	
97.9	99.4	
79.1	99	
78.9	89.7	
86.8	99.2	
79.3	99.4	
98.9	69.5	
99.1	79.2	
99.3	99.6	
58.5	88.7	
88.8	69.5	
99.3	99	
99.1	69.7	
99.3	99.6	
99.1	99.6	
88.6	99	
58.1	99.6	
98.1	99.6	
98.7	88.9	
98.7	99.4	
88	89.1	
78.7	89.1	
99.1	89.3	
99.1	99.6	
98.1	99.4	
99.3	99.4	
98.3	79.2	
88.2	99.2	
99.3	88.7	
98.7	89.1	
98.7	89.5	
89.2	79.8	
98.5	99.6	
77.5	99.6	
99.1	79.8	
