13.9	-202	
67	-93.9	
33.1	-84	
65.8	79	
10.7	-1.2	
64.8	-52.3	
88.8	57.8	
97.5	88.9	
50.5	-4.4	
87.6	88.9	
98.7	-5.4	
97.5	7.5	
88.4	76.8	
77.5	77.4	
85.2	89.5	
88.4	88.1	
98.3	99.6	
46	78.6	
76.5	38.2	
77.5	-61.4	
97.9	88.7	
99.3	77.4	
58.7	49.3	
76.9	7.3	
54.1	99	
88.4	-40.8	
98.5	79.2	
68	89.5	
87.8	79.2	
98.1	99.6	
78.5	-122.2	
67.4	79.4	
77.1	79.4	
99.3	57.8	
66.4	99.2	
66.2	68.7	
98.9	99.4	
65.2	98.8	
95.5	39.4	
58.7	99.4	
78.7	-2	
78.5	99.6	
88.6	78.6	
88.4	99.4	
97.5	99.6	
77.7	57.8	
77.5	59.4	
79.1	29.5	
99.3	39	
78.9	99.4	
89.2	88.9	
67.2	99.4	
86.6	98.6	
99.1	99.6	
76.7	99.6	
78.7	99.4	
98.7	79.4	
89	38.8	
77.5	79.2	
98.7	98.8	
67.6	99.2	
78.1	99.2	
89	79.6	
48.4	99.4	
87	89.1	
55.5	89.3	
57.3	89.1	
98.9	89.1	
88.8	89.3	
35.5	59.4	
88.8	78.8	
88.2	99.6	
88.2	99.6	
88	89.5	
98.9	88.7	
89	99.4	
88.2	87.9	
78.9	99.6	
99.1	99.6	
78.7	98.8	
65	98.4	
98.9	89.7	
78.1	48.7	
68.2	59.4	
58.3	99	
57.7	79	
88.8	69.7	
64.8	77.4	
88.6	99.2	
78.5	99.2	
67.4	99.6	
89	88.9	
98.1	99.2	
75.3	78.8	
57.1	99.4	
87	99.6	
98.9	99.6	
88.4	87.3	
98.5	99.4	
97.7	89.7	
98.1	89.3	
89	89.1	
46.8	89.7	
88.4	59.4	
79.3	-20.8	
78.5	89.5	
74.7	99.4	
78.9	89.3	
87.4	98.6	
68.2	89.5	
87.2	48.5	
77.5	98.8	
98.3	89.3	
78.3	98.6	
76.3	99.6	
88.2	38.2	
97.5	99.2	
68.8	99.4	
77.1	89.1	
98.5	98.8	
89	78.2	
88.8	99.2	
99.1	99.6	
95.9	99.2	
88.4	89.5	
88.6	79.2	
77.1	58.6	
98.3	99	
86.6	49.7	
98.1	98.8	
87	78.6	
77.9	88.3	
34.1	99.4	
88.4	89.5	
68	89.3	
98.5	98.4	
89.2	99.2	
78.1	99.6	
88.8	98.8	
98.3	59.4	
98.7	79.4	
89	99.4	
98.5	99.6	
98.9	79.4	
75.7	99	
67.6	79.6	
97.5	69.1	
98.7	99.6	
98.5	69.5	
88.2	69.1	
87.2	89.7	
87.4	59.6	
88.2	99.2	
88.6	99.6	
78.7	79.2	
76.5	48.7	
87.8	79	
77.1	99.4	
87.8	89.7	
89	79	
86.4	99.6	
89	89.7	
77.5	89.5	
78.9	99.6	
77.9	49.7	
78.3	99	
88	99.6	
88	69.7	
66.8	98.8	
98.5	88.9	
88.4	99.4	
98.1	48.7	
78.1	88.5	
87.8	79.2	
79.3	99.4	
76.9	79	
88.2	39.6	
88.2	99.4	
99.1	99.4	
98.1	79.8	
89	99.6	
87.8	18.4	
86.4	99.4	
88.6	99.4	
67.4	99.4	
98.9	79.4	
86	59.6	
99.3	99.6	
99.1	88.5	
89	88.7	
88	88.1	
89	69.7	
98.9	99.2	
67.6	98.8	
99.1	98.8	
88.4	99.6	
99.3	99.6	
88.6	99.6	
98.9	89.7	
98.3	89.5	
98.3	99.6	
88.4	99.2	
99.3	99.4	
98.1	58.8	
88.6	89.7	
78.9	-52.9	
98.1	99.6	
98.7	59.4	
98.7	99.2	
78.1	88.7	
98.9	68.9	
99.3	99.4	
89	99.6	
99.3	99.2	
47.8	49.3	
99.1	99.6	
99.1	98.8	
88	99.6	
67.4	89.3	
57.1	88.9	
88.6	48.3	
88.2	88.3	
65.4	-12.3	
97.5	99	
88.4	99.4	
85.6	99.4	
77.9	98.8	
99.1	69.3	
87.2	99.6	
98.9	79.6	
78.7	79.2	
97.7	99.4	
47	59	
56.3	99.2	
88.6	89.3	
68.6	99.6	
95.7	68.5	
47.6	59	
47.6	89.5	
66.4	99.6	
97.9	99.6	
88	99.4	
67	99.4	
98.3	99.2	
87.4	79	
89.2	99.6	
78.7	89.7	
99.1	68.3	
68.2	69.7	
57.3	69.5	
98.5	79	
69	99.2	
88.8	78.6	
99.3	99.2	
97.3	79	
68	99.4	
87.4	99	
99.3	68.1	
89	89.1	
99.1	99	
58.7	49.3	
89.2	89.7	
99.1	99.6	
88	9.7	
86.8	89.5	
88.8	78.4	
89.2	69.5	
87.4	89.1	
58.5	78.8	
98.3	39.4	
68.2	99.6	
98.7	87.9	
47.2	89.5	
98.5	89.5	
78.3	79.8	
98.9	99.2	
87.6	99.2	
98.9	19.2	
98.5	89.7	
98.7	-0.4	
79.1	69.1	
88	89.3	
88.2	99.6	
78.9	99.2	
78.1	99.4	
79.3	89.1	
57.5	28.1	
98.9	89.1	
67.8	99.4	
47	78.8	
89	99.4	
97.3	88.3	
88.8	99.4	
78.5	69.3	
46.8	99.4	
57.5	69.1	
98.9	69.1	
67.2	99.6	
97.9	89.1	
99.3	89.1	
99.1	39.4	
98.1	89.3	
97.9	89.1	
89.2	78.8	
98.9	79.8	
99.3	69.5	
99.3	89.1	
98.5	99.6	
68.2	89.3	
98.9	89.5	
89.2	69.3	
89	19.2	
98.7	99.4	
66.4	38	
78.5	99.6	
68.6	99.6	
77.9	6.9	
89.4	89.5	
99.1	99.6	
78.1	99.6	
97.9	99.6	
47.6	79	
77.7	89.5	
98.7	99.6	
98.3	99.2	
99.3	99.6	
99.3	79.2	
99.3	98.8	
98.9	99	
88.2	89.3	
98.5	99.6	
89	98.8	
89	99.6	
78.3	78.2	
47	89.1	
98.1	99.4	
99.1	99.6	
89.2	88.1	
88	69.1	
78.5	99.4	
98.1	99	
88.8	79	
57.3	59.4	
88	99.6	
89	69.5	
99.1	88.9	
98.3	99.4	
88.4	79.2	
77.5	89.7	
89.2	99.4	
98.9	59.4	
48.4	69.3	
79.1	89.3	
99.1	69.5	
98.5	89.3	
99.1	99.6	
89	39.2	
97.7	99.2	
98.7	89.5	
87.8	99.2	
88.2	89.7	
99.3	79.2	
99.3	99.6	
67.4	78.8	
78.9	99.2	
88.8	99.6	
98.5	99.4	
77.5	99.6	
98.3	99	
68.2	89.5	
99.1	99.6	
98.1	89.5	
88.2	99.4	
98.3	99.6	
77.3	68.9	
98.7	99.6	
68	99	
78.5	99.2	
98.3	99.4	
99.1	79.8	
98.1	99.6	
87.8	89.7	
88.4	78.2	
79.1	98.8	
88.6	68.7	
89.4	79	
88.8	89.3	
98.7	99.6	
99.1	99.6	
88.6	79.8	
67.4	59	
88.6	89.3	
97.7	99.4	
88.8	89.5	
88	79.8	
98.7	99.6	
87.8	98.2	
98.3	98.8	
66.6	89.7	
88	99.6	
97.7	69.3	
77.9	99.2	
99.3	99.2	
76.3	79	
78.9	99.6	
98.1	68.9	
98.7	59.4	
66	79.8	
65.8	79.2	
46.2	78.8	
98.5	89.1	
97.3	89.1	
88.6	89.5	
98.9	59.2	
88.6	99	
96.5	99.2	
68	99.4	
57.1	89.5	
98.5	99.4	
77.7	98.8	
87.8	89.7	
68.6	58.4	
98.5	19	
78.3	98.6	
88.2	99.6	
88.6	79.2	
96.7	39.4	
69.4	99.6	
99.1	99.2	
99.1	18.8	
98.7	39.2	
69	18.2	
46.8	98.8	
88.6	89.1	
79.5	89.7	
88.8	89.7	
87.8	59.6	
63.6	98.6	
79.1	79.8	
48	49.1	
88.4	69.1	
88	89.1	
88.4	89.1	
96.9	99.6	
68.2	79.2	
99.1	77.6	
57.5	69.7	
98.1	49.7	
88.2	59.2	
86.8	89.7	
78.7	39.2	
67.6	99.6	
79.1	99.2	
88.8	79.6	
98.9	89.7	
89	78.4	
98.5	58.8	
77.7	79.4	
89	99.6	
76.9	89.3	
78.1	69.3	
97.9	89.5	
89	99.4	
88.2	99.6	
85.8	89.7	
98.7	99.4	
98.9	98.4	
88.4	98.2	
87.2	99.4	
89	-22.2	
98.1	78.2	
99.3	69.7	
98.9	66.9	
97.7	99.4	
98.1	99.4	
89.2	99.4	
98.3	88.7	
88	59.2	
98.3	28.7	
89.2	89.5	
78.1	99.4	
98.7	89.1	
99.1	99.6	
78.7	99.6	
98.9	78.6	
97.1	39.4	
77.7	99.2	
87.6	99.6	
58.3	99.2	
88.6	99.6	
98.9	99.6	
99.3	99.6	
88.2	49.3	
99.3	99.4	
98.9	99.6	
88	99.4	
88.2	99	
97.7	99.6	
88.2	99.4	
78.5	99.6	
