-30.1	88.5	
77.7	-71.9	
67.8	78.8	
67.4	78	
88	28.9	
53.9	99.6	
35.1	99.4	
98.7	99	
57.1	99.6	
98.5	99.2	
88.4	99.6	
87.2	99.6	
84.2	29.3	
89.4	79.6	
98.3	89.5	
78.9	99.6	
98.7	99.2	
99.1	89.3	
88.8	89.5	
97.3	79.4	
87	89.5	
98.7	99.2	
87.2	99.6	
89.2	49.5	
89.2	79.4	
85.4	99.4	
89.2	99.4	
67.2	99.2	
88.8	59.4	
94.9	89.3	
88	99.4	
78.7	79.6	
89	99.4	
98.9	99.6	
98.9	99.6	
98.9	99.6	
89.2	99.6	
89.2	89.7	
99.1	99.6	
99.1	99.6	
98.7	99.4	
89.2	99.4	
98.3	99.4	
99.3	89.1	
78.7	99.6	
98.9	79.2	
99.1	79.6	
88.8	99.6	
99.1	99.6	
77.5	99.2	
99.3	99.6	
98.3	79.6	
98.9	88.1	
89.2	99.6	
98.3	79.2	
89	89.7	
98.9	99.4	
98.9	99.4	
89.2	99.6	
89.2	89.5	
78.1	79.6	
88.2	79.4	
98.5	99.6	
99.1	99.4	
78.9	99.6	
77.9	99.4	
89	99.2	
89.2	99.6	
98.5	99	
98.9	99.6	
89	89.5	
99.3	99.2	
99.3	99.6	
98.7	99.2	
78.3	99.6	
99.1	89.5	
68.8	48.9	
89	99.6	
89.2	99	
77.7	99	
99.3	58.4	
89	99.2	
99.3	69.3	
98.9	79.4	
98.3	89.1	
98.9	99.4	
89.2	99.6	
99.3	99.2	
88.6	79.2	
88.8	99.6	
98.3	99.4	
97.9	99.6	
98.5	99.6	
99.1	99.2	
99.1	99.2	
99.1	89.1	
98.9	99.4	
98.3	99.6	
78.7	99.6	
88.4	99.6	
79.1	89.5	
98.7	99.4	
88.4	48.5	
98.1	99.6	
78.7	99.4	
99.3	89.3	
89.4	99.6	
99.1	69.5	
99.3	99.6	
98.9	99.2	
98.9	99.4	
78.7	99.6	
99.1	99.6	
99.1	99	
99.1	99.4	
88	89.3	
89.4	99.2	
98.9	99	
99.3	79.4	
77.5	99.6	
99.1	89.5	
99.3	99	
99.3	89.5	
98.9	99	
99.3	99.4	
99.3	99.4	
99.1	99.4	
89.2	99.4	
99.3	89.7	
99.1	99	
88.6	99	
98.9	99.4	
87.8	99.6	
89.2	89.5	
99.1	69.1	
99.3	89.3	
98.7	79.2	
98.7	99.6	
89.2	89.3	
99.1	99.6	
98.9	88.5	
99.3	99.2	
88.8	89.5	
98.5	99.6	
89.2	89.7	
99.3	88.9	
98.7	89.7	
88	99.4	
89.2	99.6	
99.1	99.2	
99.3	89.7	
98.5	99.6	
99.3	99.4	
98.1	68.7	
88.2	89.5	
99.1	99.6	
98.5	79.4	
89.2	89.1	
88.6	89.3	
99.1	79.6	
99.3	89.7	
99.1	99.4	
88	89.5	
97.5	99.6	
99.3	99.6	
99.1	99.4	
99.1	99.6	
88.6	78.8	
88.4	99.6	
99.3	99.2	
98.7	99.6	
88.8	99.6	
89	89.7	
78.7	49.5	
97.7	99.4	
88.8	49.3	
89	99.6	
68.6	99.4	
98.9	89.3	
99.3	69.1	
98.5	99.6	
89	89.1	
98.9	99.6	
88.8	99.2	
98.9	89.5	
98.5	89.7	
98.3	99.6	
98.7	99.6	
78.5	89.3	
98.7	99.4	
98.9	89.3	
98.9	9.5	
99.3	79.2	
78.9	89.5	
98.1	99.6	
98.7	99.6	
89.2	89.5	
99.3	99.6	
98.9	99.6	
98.5	99.6	
99.3	69.5	
89	79.6	
87.8	99.4	
88.6	99.4	
89.2	99.6	
98.1	89.7	
97.9	99.6	
99.1	99.6	
98.9	99.2	
99.1	99	
78.9	99.6	
99.3	89.5	
99.3	89.5	
88.6	69.1	
98.5	69.7	
99.1	79.6	
78.9	99.2	
98.7	69.5	
99.1	68.9	
68	99	
88.2	99	
78.7	89.7	
78.3	79	
89.2	69.5	
89.2	89.7	
88.6	89.7	
88.2	99.4	
89.2	99.6	
88.4	99.4	
99.3	89.5	
88.8	99.4	
89.2	99.2	
98.9	99.4	
97.3	99.4	
98.3	99.4	
99.1	99.6	
99.3	98.8	
89.2	79.4	
98.7	99.6	
98.9	88.9	
77.7	79.4	
99.1	99	
89.2	99.4	
79.1	99.6	
98.3	69.1	
77.7	79.2	
99.3	89.5	
98.7	89.5	
89.2	89.7	
89	98.8	
98.5	99.6	
99.3	99.6	
98.3	99.6	
78.7	69.5	
98.5	79.6	
89.2	99.2	
99.1	78.6	
69.4	79.4	
98.5	99.6	
99.3	99.2	
98.7	99	
98.9	69.5	
99.1	89.3	
78.5	59	
99.3	99.4	
99.1	99.2	
97.9	99.6	
99.3	99.2	
88.4	89.5	
89	89.5	
87.6	79.4	
87.8	69.5	
88.6	79	
88.6	89.5	
99.1	99.4	
78.9	99.4	
78.5	99.4	
98.5	99.4	
99.1	89.3	
77.7	89.1	
98.5	89.7	
98.7	99.4	
88.4	89.7	
89	89.7	
98.5	99.6	
98.9	79.2	
99.1	69.5	
98.9	89.7	
88.8	88.5	
88.6	79.4	
89.4	79	
98.3	99.6	
89.2	99.6	
98.3	99.6	
99.3	89.3	
99.3	99	
89.2	99	
89.4	89.7	
89	79.4	
88.6	89.5	
98.9	79.4	
88.4	99.4	
88.4	98.8	
88.8	88.7	
99.1	99.6	
99.1	99.6	
78.1	89.1	
99.1	99.4	
98.9	99.6	
99.3	99.6	
98.9	79.4	
89	89.7	
99.3	88.7	
97.9	99.6	
89.2	89.1	
98.9	99.4	
88.8	89.3	
99.1	89.7	
97.7	89.3	
88.8	99.4	
98.7	58.8	
98.3	99.2	
88.8	99.6	
99.3	99.6	
99.1	69.3	
99.3	99	
89.4	79.4	
99.3	49.3	
98.7	99.2	
99.1	-1.2	
99.1	49.7	
97.9	89.5	
99.1	89.5	
89	99.6	
78.9	79.4	
98.9	89.5	
89	69.5	
99.3	99.4	
99.1	89.3	
98.9	99.6	
99.1	99.6	
98.9	99.6	
89	89.3	
98.7	99.6	
98.9	99.2	
89	99.6	
99.1	99.4	
78.9	99.6	
98.7	99.6	
98.9	99.6	
98.3	99.4	
78.5	79.2	
98.9	99.6	
88.2	99.6	
99.3	99.6	
99.3	99.6	
98.9	99.4	
99.1	99.6	
98.9	99.4	
99.1	99.6	
98.9	89.5	
98.9	49.5	
99.3	99.6	
89.4	69.7	
89.2	99.6	
79.1	99.4	
99.1	99.6	
89.2	99.6	
89	89.7	
88.6	99.2	
98.1	79.4	
89	99.6	
68.8	99.4	
88.8	89.5	
98.9	99.4	
98.9	99.4	
99.1	99.2	
88.4	69.3	
99.1	29.1	
99.3	99.6	
89.2	99.2	
98.1	99.6	
89	99.6	
98.7	99.4	
98.9	69.3	
68.8	99.2	
98.1	69.5	
99.1	79.6	
99.1	69.1	
89	89.7	
98.9	89.1	
99.1	99	
99.1	99.6	
99.3	99.2	
88.2	99.4	
79.3	99.4	
79.3	89.5	
89	99.6	
98.3	99.6	
89	88.9	
99.3	99.2	
98.9	89.1	
98.9	79.6	
87.8	99.6	
58.3	18.6	
89.2	99.6	
99.3	89.3	
98.7	89.7	
98.5	99.4	
99.3	88.7	
99.1	99.4	
89.2	78.2	
89	99.6	
98.7	99.4	
88.6	99.6	
89.2	99	
79.3	99.4	
89	99.4	
99.1	99.4	
78.7	99.4	
98.9	99.6	
99.3	89.7	
87	69.7	
99.1	89.1	
98.9	99.4	
99.3	89.7	
88	99.6	
99.3	99.2	
99.1	89.7	
99.3	89.5	
89	99.6	
98.5	39.4	
89	69.5	
86.2	99.2	
98.7	99.4	
88.4	88.7	
98.5	99.6	
99.1	89.3	
89.2	89.3	
89	79.2	
89	79.2	
87.8	89.1	
99.3	69.7	
99.3	88.5	
88.8	99.2	
88	59.4	
68.4	89.7	
89.2	79.6	
89	79.8	
89	59.2	
98.7	89.5	
88.6	79.8	
98.1	98.8	
84.6	89.5	
79.3	69.3	
98.9	89.7	
99.1	99.6	
99.1	99.6	
86.4	89.7	
69	79.4	
78.9	99	
98.5	99.6	
98.9	99	
98.9	99.2	
99.3	99.4	
87.6	99.6	
99.3	99.4	
99.3	99.6	
98.1	99.2	
98.9	99.6	
99.3	99.4	
98.9	79.4	
79.1	99.6	
68.4	99.2	
98.9	99.6	
97.7	99.4	
88.6	99.6	
98.9	89.5	
98.7	89.5	
97.3	89.7	
98.1	88.5	
88.8	99.6	
99.1	99.4	
98.9	99.6	
98.7	99.4	
89.2	99.4	
98.9	89.5	
89	79.2	
98.3	89.5	
79.5	99.4	
98.5	99.6	
98.7	89.5	
87.8	89.5	
98.7	99.4	
99.1	99.6	
88.2	89.5	
99.3	79.8	
98.9	89.5	
98.3	89.5	
88.2	99.4	
