-130.1	48.1	
7.1	-74.7	
57.9	-21.2	
84.6	7.3	
87.6	8.3	
88.6	-112.9	
68	-101.2	
86.8	98.8	
88.2	29.3	
98.3	8.9	
76.3	58.2	
86.6	79.4	
98.3	77.6	
85.4	58.6	
44.6	25.7	
97.9	79.6	
36.3	79.6	
58.9	99	
95.5	67.1	
88.8	97	
76.5	78.8	
88.4	99.2	
98.1	89.5	
64.4	99.4	
68.6	69.5	
88.4	99.6	
66.6	88.3	
84.4	58	
76.9	68.9	
98.1	89.3	
88.8	89.5	
97.5	88.9	
98.9	68.5	
77.1	89.7	
87.2	67.9	
66.6	99.6	
88.6	99.2	
54.3	98.6	
22.4	19.2	
87.6	89.7	
67.4	99.6	
88.4	99.6	
98.5	29.1	
88.6	88.9	
56.9	89.3	
97.9	99.6	
97.1	49.5	
88	98.8	
99.1	57.8	
88.2	99.6	
88.8	28.5	
77.3	89.5	
77.7	87.7	
78.3	69.1	
98.9	79.4	
78.9	99.6	
97.5	78.8	
78.5	89.1	
67.6	49.5	
86.2	79.2	
77.9	98.8	
96.3	99.2	
88	68.9	
64.2	99.6	
89.2	98.8	
99.1	29.1	
68	59.4	
88.6	89.3	
87.8	48.9	
89.4	28.9	
66.6	28.9	
86.2	79.4	
67.4	89.1	
98.9	78.4	
99.1	89.5	
97.9	39.4	
85.6	99.4	
79.1	99.4	
98.1	99.4	
78.7	38.6	
88.2	89.1	
88	88.9	
77.1	99.2	
88.8	99.4	
98.1	89.5	
88.8	99.2	
99.1	99.6	
26	79.4	
98.5	99.6	
88.4	89.1	
66.6	99.6	
67.6	59.6	
88.4	59.2	
99.1	68.9	
98.1	99.2	
97.7	99.6	
78.9	99.2	
99.3	59.4	
98.7	98.6	
99.1	89.7	
79.1	78.8	
58.3	89.1	
89.4	99.4	
88.8	99.6	
99.3	99.4	
99.1	87.7	
57.5	79.2	
67.8	69.7	
78.5	99.4	
99.3	58.4	
88.8	99.4	
67.8	99.6	
47.4	98.8	
76.9	99.6	
78.3	68.7	
27.8	78.6	
98.9	99.6	
89.4	89.7	
88.4	99.6	
98.7	79.4	
77.5	79.2	
96.9	89.1	
88.8	99.6	
99.1	99.6	
68.4	79.4	
98.9	99.6	
98.1	59.2	
98.9	89.5	
89	59.6	
65.8	99.6	
98.5	99.4	
98.9	59.2	
88.2	99.6	
98.9	88.9	
99.1	99.6	
99.1	99.2	
99.1	99	
99.1	99.2	
89	99.6	
78.1	79.8	
98.3	78.8	
98.7	69.3	
88.8	99.4	
99.1	88.5	
76.3	68.3	
99.1	99.6	
88	78.6	
98.7	99.2	
77.5	99.6	
99.1	89.5	
98.3	89.7	
87.4	89.3	
88.8	79.6	
97.7	28.1	
98.3	79	
98.3	-1	
88.4	99.4	
98.1	79.6	
78.7	38.8	
88.6	98.8	
66.2	99.2	
98.9	89.5	
78.3	49.7	
79.3	99.6	
98.7	99.4	
97.1	99.6	
99.1	99.2	
99.1	99.6	
87.8	69.3	
88.6	99.2	
78.7	89.1	
98.3	89.1	
99.1	99.4	
98.9	99.4	
98.9	79.4	
98.3	89.5	
88.8	99.2	
98.3	89.3	
99.1	69.7	
56.7	99.4	
98.3	49.5	
97.3	69.1	
87.4	99.4	
88.2	99.6	
98.1	59.2	
98.9	69.1	
96.5	99.2	
98.7	89.7	
68.2	89.3	
98.5	99.6	
88.8	99.6	
68.4	79.4	
99.1	89.7	
88.8	19	
67.8	99.6	
77.9	99.6	
99.1	99.6	
98.9	99.4	
78.9	99.6	
77.3	88.9	
99.1	89.5	
68.4	89.7	
88.6	89.3	
98.5	99.6	
88	99.4	
89.2	78.6	
98.5	89.7	
98.5	99.6	
99.3	79	
89.2	99.2	
98.1	79.2	
68.8	99.4	
99.1	78.8	
98.5	99.4	
99.3	69.3	
88.8	69.5	
88.6	29.3	
78.7	89.1	
78.3	89.7	
99.3	99.4	
48	89.1	
89.4	69.1	
88.4	79.6	
98.1	79.4	
58.7	89.7	
97.9	99.6	
98.7	79.6	
98.1	89.1	
88	-21.8	
98.9	59.4	
88.8	99.6	
89.2	99.6	
98.7	68.9	
57.1	99.2	
99.1	89.5	
99.3	99.6	
77.3	89.1	
99.1	68.7	
88.4	48.1	
99.3	29.3	
78.3	78.6	
99.1	-21.6	
78.7	87.9	
99.1	99.4	
54.5	99.6	
66.4	77.8	
79.1	59.2	
98.7	-1	
88.8	89.1	
57.3	88.7	
88	8.3	
87.2	89.5	
55.7	89.5	
98.1	79	
98.9	98.8	
88.4	99.6	
67.6	89.1	
98.9	99.4	
78.7	99.6	
98.9	99.4	
98.7	99.6	
68.4	89.5	
98.3	79.4	
98.7	99	
89.2	99.2	
87.4	89.5	
77.3	79.8	
99.1	99.6	
97.5	99.6	
68	99.4	
99.1	89.5	
88.2	99.6	
98.7	38.8	
88.8	89.5	
99.1	68.3	
98.3	99.6	
87.6	79.4	
98.9	89.3	
98.9	99.6	
78.5	99.4	
97.1	99.6	
78.3	99.6	
68.6	79	
78.9	89.3	
88.8	99.2	
98.5	69.1	
97.5	99.4	
57.9	59	
89	68.7	
97.3	99.6	
99.1	58.4	
88.6	98.2	
89.4	89.7	
99.1	99.6	
98.3	79.2	
87.4	99.2	
88.6	99.6	
87.6	99.6	
57.9	98.8	
78.7	49.3	
99.1	98.4	
78.3	89.1	
88.6	99.4	
89.2	89.3	
88.4	88.7	
66.6	79.4	
89.2	88.9	
88.8	99.4	
38.3	89.5	
78.3	89.5	
98.3	79.4	
75.7	99.4	
76.7	99	
99.1	18.4	
68.6	89.5	
88.2	88.1	
6.4	99.6	
88.4	89.1	
99.3	49.3	
89.2	89.5	
98.7	99.4	
89.2	99	
88.8	79	
99.1	88.9	
98.5	19	
87.6	99.6	
68	99.6	
89	38.4	
88.8	99.6	
88.8	59.6	
88	99.4	
88.2	99.6	
88.2	99.6	
99.1	99.2	
98.3	59.8	
98.1	79.4	
88	89.7	
86.4	98.6	
87.8	89.3	
78.5	89.3	
89.2	98.8	
56.9	99.6	
99.3	29.1	
78.1	99.6	
58.3	99.2	
88.2	89.3	
78.7	89.7	
88.4	99.6	
99.1	79.2	
57.7	99	
78.1	99	
78.3	58.8	
89.2	79.2	
88	99.2	
88.2	38.8	
88	79	
78.3	99	
99.1	79.6	
86	99.2	
79.1	99	
79.1	89.7	
78.7	89.3	
78.9	99.4	
89.2	89.3	
68.2	99.6	
88.8	99.6	
78.7	79.6	
99.1	89.7	
87.6	-10.9	
98.9	99.2	
58.9	99	
79.3	89.7	
68.6	99.6	
89	79.8	
89.2	99.6	
79.1	99.2	
88.4	98.8	
88	99.2	
57.7	99.6	
98.9	59.6	
88.6	68.7	
78.3	39	
76.9	99.2	
77.9	99.6	
98.7	99.6	
99.3	99.4	
56.5	89.5	
98.9	99.2	
99.1	88.3	
68.2	89.7	
99.3	99.2	
98.3	79.8	
88.8	99.4	
99.1	59.8	
75.7	89.3	
98.7	89.5	
56.1	99.6	
97.1	89.1	
87.6	79	
78.3	98.8	
89.4	79.6	
98.7	59.4	
89.2	98.8	
58.5	27.7	
56.5	19.4	
98.9	99	
88.4	79.2	
69	49.1	
98.7	68.7	
56.9	99.6	
89	69.1	
78.3	9.1	
68.4	99.4	
68.8	99.4	
98.7	99.4	
99.1	99.2	
78.5	98.2	
57.7	79.6	
37.9	99.6	
98.9	99.4	
98.7	89.5	
77.9	99.6	
79.1	99.6	
98.1	99.2	
98.1	99.6	
98.3	99.6	
98.5	69.3	
78.5	89.1	
87.8	99.6	
89	88.9	
87.4	99.4	
89	99.4	
88	89.7	
98.7	79.8	
67.8	99.6	
88.6	48.5	
98.9	8.9	
97.3	99.4	
98.7	99.4	
88.8	89.3	
88	38.4	
89	99.6	
88.8	99.6	
97.3	98.8	
88.8	88.3	
98.9	89.1	
88.8	89.3	
98.3	79.8	
89	89.5	
88.6	79.4	
98.9	79.2	
98.5	9.1	
68.2	99.2	
98.5	99.2	
89.2	88.7	
67	99.4	
79.1	78.2	
78.5	99.2	
67.4	99.4	
76.9	8.5	
88.2	79	
99.1	99.6	
97.9	89.3	
89	79.8	
98.9	78.6	
78.7	89.5	
86.6	98.8	
88.6	99.6	
89	89.7	
98.9	99.4	
87	99.6	
98.1	99.6	
96.7	89.5	
68.8	78.4	
98.3	99.6	
78.7	79.8	
98.7	99.4	
98.5	99.6	
99.1	99.2	
89.2	89.3	
99.1	89.3	
89.2	57.8	
98.3	99.6	
89.2	99.2	
88.8	99.6	
98.3	88.9	
89.4	99.6	
78.5	69.3	
77.9	99	
98.7	89.1	
97.5	99.6	
58.7	59.6	
99.3	89.3	
98.9	99.6	
88.6	99.4	
98.9	58.6	
98.7	99.2	
89	99	
87.6	89.5	
98.9	79.4	
