89	77.2	
6.8	-90.9	
-126.6	7.3	
56.1	78	
33.7	-73.9	
88.2	-2.2	
87.8	19	
86.6	79.4	
98.7	-93.7	
5.2	68.9	
88	79.4	
75.7	79	
77.7	68.7	
99.1	78.6	
46.6	88.7	
66.2	-62.8	
35.9	79.2	
88.4	79.4	
67.6	99.2	
94.1	89.7	
77.7	99.6	
88.4	89.5	
98.7	79	
47	99	
96.5	89.5	
78.7	99.2	
89	98.4	
67.2	89.7	
98.7	79.2	
98.7	89.3	
76.3	99.2	
88.8	79.6	
86.8	99.2	
98.9	29.1	
69	79.4	
86.6	99.4	
32.7	89.5	
66.2	88.7	
98.9	9.5	
88.8	59	
86.8	89.5	
35.5	99.6	
35.7	49.1	
47	89.1	
98.9	99.6	
68.6	88.9	
76.7	58.8	
87.4	7.7	
77.5	59	
98.7	99.4	
88.2	68.3	
56.5	69.7	
57.7	99.4	
78.1	99.2	
78.7	98.2	
78.7	99.4	
68	89.5	
45.2	59.4	
88.6	89.5	
77.7	89.5	
77.1	89.7	
78.7	98.8	
98.1	89.7	
78.1	49.1	
86.4	88.5	
77.7	17.6	
88.8	99.4	
89	89.5	
98.9	89.5	
87.8	79.6	
99.1	99.6	
88.2	79.4	
88.6	79.2	
78.1	79	
89	89.5	
89.2	89.5	
87.4	89.5	
74.5	88.9	
98.1	99.6	
98.7	48.9	
89	78.8	
98.1	99.2	
87	49.5	
34.5	38.4	
78.9	99.6	
67.6	88.9	
89.2	99.2	
98.9	79.6	
98.7	78.2	
98.5	99.4	
89.2	99.6	
98.5	68.5	
78.3	89.7	
89.2	79	
78.1	99.2	
77.9	69.1	
76.7	79.6	
79.1	99.6	
68.8	99.6	
-48.1	89.3	
88.4	99.2	
77.3	99.4	
84.4	99.4	
87.6	59.2	
88.8	99.6	
57.1	-22	
88.6	59.8	
97.9	19	
78.7	59.4	
88	89.3	
86.8	89.3	
66.8	99.4	
99.3	69.7	
88	69.3	
79.3	99.6	
99.3	99.6	
99.1	79	
88.6	89.5	
88.6	99	
67.4	89.5	
98.7	89.5	
57.3	89.1	
78.9	79.8	
69.2	69.1	
99.3	39.2	
99.1	99.6	
98.9	79.2	
16.3	99	
97.9	-81	
88.4	89.5	
98.7	68.9	
99.1	89.5	
88	99.4	
88.8	99.6	
88.8	99.4	
98.3	49.5	
88.2	79.4	
66.2	99.6	
98.7	89.1	
99.1	89.3	
77.5	99	
57.3	69.3	
99.1	88.7	
88.4	99.4	
98.9	89.7	
76.7	89.1	
97.3	68.9	
78.7	99.4	
88.6	99.4	
99.1	99.2	
89.4	88.5	
98.7	98.8	
77.5	6.9	
56.7	59.4	
98.5	89.1	
88.8	69.1	
57.1	99.4	
98.1	99.6	
97.9	99.4	
78.5	89.7	
76.9	99.6	
98.1	48.1	
89.2	79.6	
77.7	79.8	
57.7	99.6	
98.5	99.4	
35.9	89.5	
78.3	79.2	
89	98.6	
98.1	88.9	
47	99.4	
86.8	99.6	
76.1	79.4	
97.5	99.2	
58.1	99.4	
78.3	89.5	
88.4	9.1	
98.3	79.8	
78.9	99.6	
88.8	99.4	
88.4	99.2	
98.3	99.6	
88	88.9	
88.6	89.5	
78.7	99.4	
99.1	89.5	
98.9	99.6	
57.1	69.5	
68.2	69.5	
77.5	79.6	
76.1	99.2	
99.3	39.6	
97.3	98.2	
77.9	99.2	
88	79.6	
87.4	98.6	
88.8	98.8	
76.7	89.5	
98.5	99.2	
68.4	58.8	
69.2	99.6	
77.7	99.2	
87.4	89.5	
79.3	99	
68	48.9	
66.6	99.2	
78.7	59.2	
85.8	79.2	
98.5	99.2	
88.6	99.4	
88.6	69.7	
98.5	68.7	
97.7	99	
98.9	89.1	
87.6	79	
87.2	99.4	
68.8	19	
88.8	98.8	
77.3	99	
65	79.4	
96.9	89.3	
98.9	89.1	
78.7	28.5	
68.2	89.3	
88.4	89.5	
88.4	99.4	
88.2	89.7	
98.9	89.5	
87.8	18.8	
99.3	89.5	
99.1	99.6	
89.2	99.4	
57.3	58.4	
99.1	99.4	
89.2	99	
77.9	89.1	
98.5	99.4	
78.7	89.3	
89	89.7	
99.1	48.5	
98.7	99.6	
78.9	89.5	
98.1	89.1	
78.9	79.4	
78.5	69.1	
88.2	99.6	
98.7	69.3	
88.2	99.4	
88.6	79.8	
77.7	99.6	
68	99.4	
66.4	99.6	
89.2	59.4	
77.7	89.7	
98.1	99.6	
98.7	98.6	
97.9	78.8	
98.7	69.1	
88.2	89.1	
97.9	99.6	
66.8	89.3	
15.1	69.1	
98.5	99.6	
88.8	99.6	
98.1	99.2	
98.9	89.7	
98.7	79	
98.1	99.4	
89	88.9	
68.8	89.1	
97.9	79	
88.2	68.3	
77.7	78.8	
98.7	98.8	
98.7	89.3	
88.4	89.5	
97.1	98.8	
88	88.9	
67.4	88.9	
99.3	99.4	
99.3	49.3	
78.5	99.4	
78.9	99.4	
68.8	89.7	
68.2	89.1	
77.7	99.6	
78.3	88.9	
57.7	99.6	
58.5	99.4	
89.2	99.6	
77.9	17.4	
88	58.8	
88.4	89.5	
98.5	79.8	
99.1	89.7	
67.6	79	
78.5	89.7	
99.3	99.4	
68.8	99.4	
55.9	79.2	
87.8	89.3	
99.1	69.3	
78.3	47.7	
99.3	99.6	
88.8	99.2	
78.5	98.8	
99.3	99.4	
98.7	89.5	
98.9	99.6	
89	99.2	
98.9	-131.9	
88.6	89.5	
77.9	68.7	
98.7	88.9	
98.7	89.1	
88.6	68.5	
99.3	78.6	
98.9	59.4	
77.7	38.8	
78.5	58.6	
47.6	88.1	
65.2	89.7	
98.5	89.7	
88.2	89.7	
27.8	99.6	
99.1	99.6	
45.4	79.6	
88.8	79	
99.3	89.5	
89.2	69.3	
98.7	89.7	
38.1	68.3	
87	99.4	
98.5	99.6	
88.8	89.1	
68.4	89.3	
15.1	99.4	
99.3	88.1	
98.7	99.6	
89	69.5	
88.8	68.9	
87.8	87.7	
98.7	38.8	
98.9	78.8	
57.7	79.2	
88.4	99.6	
99.1	99.6	
58.5	88.9	
99.3	99	
98.5	88.3	
78.5	79.8	
98.7	69.7	
88.2	67.9	
99.1	99.6	
89.2	99.6	
78.3	99.4	
69	89.1	
67.8	99.4	
98.7	69.3	
98.5	89.5	
98.7	89.5	
88.8	79.2	
87.6	79.4	
98.3	99.4	
99.3	99.6	
88.2	99.6	
66.8	99.6	
77.3	89.1	
88	99.2	
89.2	99.6	
87.6	78.4	
99.3	99.6	
79.3	68.5	
78.1	89.3	
98.9	99.6	
99.1	79.2	
77.5	99.4	
77.1	-0.8	
88.4	99.6	
56.5	59.2	
88.8	79.4	
88.2	99.2	
99.1	99.4	
89.2	49.3	
87	88.7	
98.9	99.4	
28	89.7	
78.7	99.6	
14.3	58	
89	99.2	
78.3	99.6	
88.6	19.4	
67.8	88.9	
87.4	99.6	
87.6	58.4	
99.3	89.1	
57.3	99.4	
89	59.2	
89.2	99.6	
68.6	99.4	
89.4	99.6	
99.1	89.1	
97.7	99.6	
98.3	99.6	
88.6	87.9	
78.7	99.6	
98.3	99.4	
88.8	99.2	
88.4	99.6	
97.9	89.5	
99.1	89.7	
88	99.6	
67.2	99.2	
98.9	89.1	
78.5	99.6	
78.3	99.4	
98.9	88.9	
68.6	79.4	
89	69.5	
78.5	89.1	
98.9	87.7	
98.9	98.8	
79.1	99.2	
98.5	79.8	
78.3	89.7	
28	78.8	
67.8	98.8	
98.9	89.1	
99.1	89.1	
98.7	89.3	
99.3	79.2	
89	99.6	
87.4	39.2	
89.2	49.3	
88.6	99.6	
99.1	89.5	
99.3	48.9	
87.8	78.6	
88.6	99.6	
98.1	99.6	
88.2	79.2	
98.3	99.2	
88.2	79.2	
88.8	99.4	
98.1	28.1	
98.5	99.4	
88	79.8	
89.4	88.5	
77.7	88.5	
87.4	89.5	
98.3	99.6	
99.3	99.4	
89.2	99.4	
88.8	79.6	
97.9	99.4	
56.5	79.4	
89.4	79.2	
66.8	59.2	
88.8	-1	
98.5	99.2	
88.8	99.6	
87.6	99.2	
67.6	89.7	
77.7	99.6	
98.1	99.2	
87.8	69.7	
88.8	69.5	
89.4	89.3	
97.9	99.2	
87.6	88.7	
98.5	99.4	
58.3	99.6	
98.5	99.2	
89.4	99.6	
98.9	99.6	
67.8	99.2	
88.4	99.6	
89.2	68.9	
89	68.9	
88.6	99.6	
87.2	88.7	
77.9	99.6	
78.7	79.6	
89	89.1	
87.2	59.8	
98.1	99.6	
88.8	89.1	
99.3	88.9	
97.9	79	
89	69.1	
27.6	48.9	
87.6	89.5	
56.5	79.2	
88.6	99.6	
97.5	69.5	
79.1	79.8	
87.8	99.6	
77.9	99.4	
78.9	79.6	
85.8	89.3	
