56.3	-1465.5	
78.9	88.7	
76.5	-15.3	
88.6	87.9	
87.8	66.7	
97.3	55.8	
67.4	88.9	
97.5	68.9	
88	37.8	
56.9	2.9	
98.3	46.3	
97.7	78.8	
87.4	88.7	
98.1	89.5	
98.3	88.1	
88	89.5	
99.3	87.9	
98.7	88.7	
99.3	79	
89.4	88.1	
97.5	49.1	
96.1	88.5	
98.7	75	
98.9	88.9	
88	79	
99.1	89.5	
87.8	89.5	
79.3	79	
78.7	79	
78.5	89.3	
98.9	88.5	
99.3	88.9	
98.7	89.3	
99.1	86.3	
98.1	89.3	
89.2	76.2	
97.9	11.6	
99.1	64.1	
99.3	84.9	
99.3	99.2	
88.8	-15.5	
98.1	59.1	
83.8	84.9	
97.1	53.4	
88.4	-1.2	
89	86.1	
97.5	89.5	
99.3	84.7	
98.5	74.2	
98.3	38.6	
98.3	89.3	
98.9	77.2	
99.1	88.7	
99.3	68.3	
98.5	37.8	
99.3	-10.9	
99.1	38.4	
99.1	69.3	
88.8	86.7	
99.3	54.3	
98.1	89.5	
99.1	89.3	
99.1	88.1	
98.9	89.5	
99.3	89.3	
99.1	76.6	
89.2	51.9	
99.3	58.6	
99.1	-84.7	
98.5	34	
99.1	38.6	
98.7	39	
99.3	68.1	
99.1	47.7	
88.8	48.5	
99.1	45.5	
99.3	85.7	
99.1	-30	
99.1	85.2	
99.3	66.7	
98.9	85.9	
98.9	87.3	
99.3	85.7	
99.1	87.5	
99.1	74.6	
98.9	98.2	
98.9	48.3	
98.9	87.5	
98.5	87.1	
99.3	86.9	
99.1	66.3	
89.2	68.6	
99.3	88.5	
99.3	87.1	
99.3	78.8	
99.3	76.8	
89	88.3	
99.3	74.8	
99.1	85.9	
98.7	89.3	
99.1	87.5	
99.3	89.3	
98.5	88.9	
99.3	89.5	
89.2	89.3	
98.3	79.4	
98.7	89.1	
99.3	89.5	
99.1	89.5	
99.3	89.3	
98.5	89.5	
78.5	89.5	
99.3	68.9	
88.8	79.2	
99.3	79.4	
88.6	89.1	
99.3	79.4	
87.8	69.1	
99.1	79.4	
98.5	89.5	
88.8	89.5	
98.9	89.3	
98.7	89.3	
99.1	88.7	
98.9	89.5	
98.9	89.5	
98.9	89.3	
99.1	89.5	
99.1	89.5	
98.7	89.3	
99.1	69.1	
88.8	79.2	
99.3	89.3	
89	89.5	
99.3	69.1	
97.7	89.5	
99.3	89.5	
89.2	89.1	
99.1	89.5	
98.9	89.5	
99.3	79.4	
99.3	89.3	
88.8	89.5	
99.1	88.5	
98.9	89.5	
99.3	79.4	
99.3	89.3	
98.7	89.5	
99.3	79.4	
99.3	79.4	
88.6	79.2	
89	89.5	
99.1	89.5	
99.1	89.5	
88.6	89.5	
99.3	89.3	
98.9	89.5	
98.9	89.5	
99.1	69.3	
99.3	79.4	
99.3	78.8	
99.1	89.3	
99.1	89.5	
98.9	88.9	
99.1	89.5	
99.1	89.5	
98.9	89.3	
99.1	89.3	
99.1	89.5	
99.3	79.4	
99.3	89.5	
98.9	89.5	
99.3	89.5	
98.9	89.5	
98.7	89.3	
98.9	89.5	
99.3	88.7	
98.9	89.3	
98.9	89.3	
99.1	89.3	
89.2	89.1	
99.3	89.5	
98.7	79	
99.1	89.3	
99.3	89.5	
89	89.3	
98.9	89.3	
99.1	89.5	
99.3	89.5	
99.3	78.6	
98.5	89.3	
99.1	89.5	
99.3	79.2	
88.8	89.3	
89	89.5	
99.3	79.4	
99.3	69.1	
98.9	89.5	
99.3	89.5	
99.3	89.5	
89	89.3	
98.9	89.5	
99.1	79.4	
99.3	89.1	
89.4	89.3	
99.3	89.5	
99.1	79.4	
89	79	
99.3	79.2	
99.3	89.3	
99.3	88.9	
89	69.1	
98.9	79.4	
98.7	89.5	
89.2	89.5	
99.3	79	
99.1	89.5	
99.3	89.5	
98.1	89.3	
99.3	89.3	
98.9	89.3	
98.9	89.3	
99.1	88.7	
89	89.3	
99.3	89.3	
99.3	79	
99.3	79.2	
99.3	89.3	
89.2	89.5	
88.6	88.9	
99.1	89.5	
99.1	89.5	
88.4	89.5	
88.8	89.5	
99.1	89.3	
99.1	89.5	
99.1	89.5	
99.1	89.1	
99.3	89.5	
99.3	69.1	
98.9	78.2	
99.1	79.2	
99.1	89.3	
99.3	89.3	
89.2	59	
98.9	79.4	
99.3	89.1	
98.9	89.3	
98.9	89.5	
99.3	69.1	
99.3	89.1	
89.2	89.5	
99.3	69.3	
99.3	79.4	
98.9	89.3	
99.1	89.3	
99.3	79.2	
89	88.9	
99.3	79.4	
98.5	89.1	
99.3	89.5	
99.1	79	
99.1	89.3	
99.1	89.5	
98.9	79.2	
99.3	89.1	
99.3	89.5	
99.1	89.1	
89	89.5	
99.3	89.1	
99.3	89.5	
89	89.3	
99.1	89.3	
99.3	79	
99.3	79.2	
99.1	79.4	
99.3	59.6	
89	69.1	
99.1	69.3	
99.3	79.2	
98.9	89.5	
99.3	59.2	
99.1	89.5	
99.1	89.5	
88.6	89.1	
98.9	88.9	
98.9	89.5	
99.1	79.4	
98.7	89.5	
98.5	69.1	
99.1	89.5	
98.7	68.9	
99.1	79.2	
99.3	68.9	
99.1	89.3	
99.1	79	
99.3	58.6	
99.1	89.3	
99.3	89.5	
98.9	89.1	
99.3	79.4	
98.7	79.2	
99.1	89.3	
99.3	89.1	
98.9	59.4	
98.9	69.3	
98.7	89.3	
99.3	78.6	
99.1	88.9	
89	89.5	
98.9	89.5	
99.1	79.2	
99.3	89.5	
99.3	88.9	
88.6	89.3	
99.3	89.5	
99.3	89.5	
99.1	89.3	
99.3	89.5	
99.3	49.1	
78.7	89.5	
98.7	78.6	
99.1	89.3	
98.5	89.5	
99.1	79.2	
99.1	89.3	
99.1	89.5	
99.3	89.3	
88.8	78.4	
99.3	78.6	
99.1	89.5	
99.1	89.3	
98.7	79.2	
99.1	89.5	
98.9	89.5	
98.9	89.3	
99.3	89.3	
98.9	78.8	
99.3	89.3	
89.2	79.4	
98.9	88.9	
88.4	89.3	
99.3	89.5	
99.1	89.3	
99.3	89.5	
98.9	89.3	
99.1	89.5	
99.3	89.5	
98.7	89.3	
98.7	78.8	
99.3	89.5	
98.9	89.3	
99.3	79.4	
99.3	89.3	
99.3	69.3	
99.3	79.2	
99.3	89.5	
89	79.2	
89	89.1	
99.1	49.1	
99.3	89.3	
98.9	89.3	
99.3	79	
89.2	89.5	
99.1	89.3	
99.3	89.5	
99.1	89.5	
98.9	89.5	
98.9	89.3	
99.1	89.1	
99.1	89.5	
99.3	89.3	
99.1	89.5	
89.2	89.5	
99.3	89.5	
99.1	89.3	
98.9	89.5	
89.2	89.3	
99.3	89.5	
99.3	89.5	
99.1	89.5	
98.9	89.5	
99.3	89.3	
98.9	89.5	
99.1	89.5	
99.1	89.3	
89	89.5	
99.3	79	
99.1	89.1	
99.3	89.5	
99.3	89.5	
99.3	89.5	
88.8	89.5	
88.6	79	
99.1	89.5	
88.8	89.5	
98.9	89.5	
98.9	89.5	
99.3	89.1	
99.3	79.4	
89.2	89.3	
99.1	89.5	
99.3	89.5	
99.1	89.3	
99.3	79.4	
99.3	89.5	
89.2	89.3	
89.2	89.3	
89	78.8	
99.3	89.5	
99.3	89.5	
98.9	79.4	
77.9	89.3	
99.3	89.5	
99.3	89.1	
99.3	89.5	
98.9	89.3	
99.3	89.5	
99.1	89.3	
99.1	89.5	
98.9	79.4	
99.3	89.1	
99.3	89.5	
99.3	89.3	
98.7	89.5	
89	89.3	
99.1	78.4	
99.1	89.5	
89	89.3	
99.3	89.1	
99.3	89.5	
99.3	89.5	
99.1	89.1	
98.9	89.5	
99.3	89.5	
98.9	89.3	
98.5	89.5	
89.2	89.3	
98.9	89.3	
98.7	79.4	
99.1	89.1	
98.9	89.1	
88.6	79.2	
98.9	89.5	
88.4	49.1	
88.6	89.5	
99.3	89.3	
79.1	79.4	
99.3	89.5	
99.3	79.4	
99.1	89.5	
99.1	-21	
99.1	89.5	
88.6	79.4	
99.3	89.1	
88.8	89.3	
88.6	89.3	
99.1	89.3	
99.3	59	
98.7	89.5	
99.1	49.1	
99.3	89.3	
88.6	68.9	
99.3	89.5	
99.1	89.3	
99.1	88.9	
99.1	89.3	
99.1	89.1	
98.7	89.5	
99.3	79.4	
98.9	89.3	
99.3	89.5	
98.9	89.3	
99.3	79	
98.9	69.1	
79.3	89.5	
98.9	79.2	
98.7	79.2	
99.1	79.4	
99.3	89.5	
98.5	89.3	
99.1	69.1	
99.3	89.3	
98.9	89.5	
99.1	88.9	
98.7	79.4	
98.9	89.5	
99.1	88.9	
79.1	89.5	
99.1	89.3	
98.5	89.3	
99.3	89.5	
99.3	89.3	
99.3	89.5	
99.1	89.3	
99.3	79.4	
98.9	79.4	
99.1	89.5	
89	89.5	
99.3	89.5	
