57.5	-92.3	
14.5	-52.5	
89.4	48.9	
88.6	59.6	
87.4	69.3	
98.7	17.4	
86.6	86.7	
66	27.9	
82.6	97.8	
85.8	99	
98.7	99.6	
98.7	89.1	
99.3	89.3	
68.6	38.6	
88.8	89.3	
87.8	99.6	
99.3	99.2	
98.9	89.7	
97.3	98.6	
97.7	99.6	
99.3	99.2	
78.1	69.1	
78.1	89.5	
98.1	69.5	
98.7	89.5	
88.2	89.7	
77.9	89.5	
88.6	99.6	
77.7	89.1	
85.8	79.4	
78.5	79.6	
98.9	69.7	
88.8	49.5	
98.9	99.2	
98.9	88.9	
99.1	48.9	
88	79.4	
85.6	69.3	
62.6	79	
87.8	99.4	
90.5	99.4	
88.8	99.6	
68.4	99.2	
85.2	99	
95.3	89.7	
98.5	99.4	
89	89.1	
86.8	99.4	
78.3	99.4	
99.1	89.7	
99.1	99.6	
88.8	99.6	
99.1	99.6	
98.9	98.8	
89.2	99.6	
88.2	89.3	
69.4	99.6	
89.4	79	
88.8	79.4	
77.3	89.7	
99.1	99.6	
85.6	59.4	
87.8	99.4	
67.8	99.4	
98.5	89.3	
98.7	89.3	
95.7	89.7	
86.8	99.4	
95.1	79.6	
68	99.6	
89.2	99.6	
97.7	99.4	
88.4	99.2	
96.3	79.8	
68.8	69.1	
98.1	99.6	
98.7	99.6	
98.7	99.6	
99.3	89.7	
98.9	89.5	
98.7	99.6	
88.8	89.1	
88.8	89.5	
98.1	99.6	
99.3	99.4	
79.1	99.4	
99.3	17.4	
99.1	89.1	
78.5	99.6	
97.5	79.2	
88.4	99.4	
79.1	99.4	
99.3	99.4	
88.6	98.6	
98.7	68.3	
98.9	99.6	
99.3	99.4	
99.3	99.4	
99.1	99.4	
99.3	89.3	
87.8	99.4	
98.1	99.6	
79.1	88.3	
98.5	99.2	
88	99.2	
88.6	79.4	
78.3	79	
89	99.6	
69	89.7	
99.1	99.4	
68.4	89.7	
88.6	89.5	
99.1	79.4	
98.7	89.3	
98.5	99.6	
98.5	99.6	
97.9	79	
78.5	99.6	
98.7	99.2	
98.3	99.4	
98.9	99.6	
89	89.1	
99.3	79.2	
99.3	87.3	
89.2	99.6	
98.9	99.6	
99.3	28.5	
78.1	89.5	
98.5	89.3	
98.3	99.6	
98.5	99.6	
98.5	99.6	
88.4	99.6	
89.4	89.7	
98.9	89.5	
88	88.7	
88.8	99.6	
78.7	99.6	
98.5	99.4	
67.8	99.2	
98.9	99.6	
97.9	88.9	
87	89.1	
97.9	79	
97.9	89.5	
88.8	79.6	
98.5	89.5	
88.8	89.1	
88.8	26.9	
99.1	79.2	
78.9	99.6	
87.8	89.5	
98.3	99.4	
78.5	79.2	
79.1	99.6	
99.3	89.5	
99.3	99.2	
99.1	99.2	
89.4	98.8	
88.8	99.4	
87	88.5	
68.4	99.4	
88.8	99.4	
99.1	69.1	
99.1	99.6	
89.4	89.7	
99.1	88.9	
87.8	89.5	
99.1	99.6	
98.9	99.4	
99.3	49.7	
99.1	99.6	
87	99.4	
89	99.2	
78.3	99.6	
99.1	99.6	
88.2	88.7	
97.7	99.4	
79.1	99.4	
87.8	89.5	
78.3	58.8	
77.9	69.7	
98.7	89.7	
98.1	79.4	
99.3	99.4	
78.7	99.4	
99.3	89.3	
89.2	99.6	
78.3	98.6	
89.4	99.6	
89	49.5	
88.6	99.6	
88.6	99.2	
79.1	99.6	
96.1	99.6	
99.1	99.6	
78.9	89.3	
88	99.4	
98.3	69.5	
88.4	99.4	
98.3	99.6	
89	99.4	
99.1	99.4	
98.5	99.4	
99.3	99.6	
98.7	99.2	
99.3	79.8	
98.7	79.4	
99.3	99.4	
78.7	99.4	
67.8	99.6	
98.9	99.6	
97.9	99.2	
89.4	98.6	
97.9	99.4	
98.1	99.6	
54.5	99.2	
78.5	99.2	
88.6	99.6	
88	59	
88.2	79.2	
85.4	99.2	
98.7	99.2	
88.4	98.6	
98.5	89.1	
89.2	99.6	
88.4	99.6	
98.3	99	
98.9	88.9	
99.1	99.6	
98.1	99.4	
88.4	99.6	
98.9	69.3	
89.2	99	
98.9	99.6	
99.1	89.7	
88.6	99.4	
98.9	79.2	
99.1	99.4	
98.9	99	
99.3	79.8	
88.6	68.9	
88.6	99.4	
98.5	99.4	
88.6	89.3	
99.3	89.7	
89.4	99.6	
98.5	99.6	
99.1	78.6	
78.3	89.3	
99.3	89.5	
99.1	99.6	
89	89.3	
78.1	78.8	
89.2	79.4	
89.2	78.8	
98.9	89.5	
99.1	99.2	
97.5	99	
99.1	79	
97.7	99.6	
68.8	99	
88.6	99.2	
36.3	99.6	
97.3	99.4	
97.9	88.9	
99.1	79	
88.2	89.3	
88.8	79	
99.3	99.6	
99.1	79.4	
89	99.6	
98.9	99.4	
99.1	79	
98.9	89.7	
99.3	98.4	
99.3	99.4	
98.9	99.4	
99.3	89.5	
99.3	99.6	
78.5	89.3	
88.6	99	
98.1	78.4	
67.4	99.6	
89	99.6	
98.7	98.8	
99.1	99.6	
98.5	89.7	
89	89.3	
98.1	99.2	
89	88.7	
79.1	79.8	
86.8	89.3	
98.3	88.9	
98.7	39	
68.6	99.6	
97.9	99.6	
99.1	99.4	
99.3	89.7	
88.8	99.6	
98.1	78.4	
98.5	99.6	
75.7	99.4	
93.5	79.4	
98.9	99.2	
89.2	99.6	
98.9	99.6	
98.9	99.6	
98.7	99.4	
88.6	88.5	
98.3	99.6	
98.7	69.5	
99.1	48.9	
78.5	99.4	
87.6	99.6	
58.3	89.3	
97.3	89.3	
99.3	69.1	
89	99.6	
89	99	
98.9	99.6	
88.2	99.6	
56.5	99.4	
74.3	89.3	
98.9	99	
98.9	99.6	
98.3	99.6	
99.1	87.9	
98.1	48.9	
88	99.6	
99.1	99.6	
89.2	99.6	
98.9	99.6	
89	89.5	
89.4	99.4	
98.7	89.3	
78.3	99.4	
78.5	79	
88.6	59.2	
97.9	79.4	
98.1	89.5	
78.5	99.4	
97.7	89.5	
97.5	79.8	
78.7	78.8	
89.2	39	
88.8	88.7	
88.4	69.5	
78.3	89.7	
79.5	49.5	
98.9	49.1	
89.2	89.3	
88.6	89.5	
99.1	89.5	
98.9	69.5	
89.4	79.8	
88.8	49.5	
98.9	89.5	
66.6	99.2	
88.6	99.4	
87	79.2	
99.1	98.8	
88.8	99.6	
98.5	89.7	
97.1	99.6	
97.9	99.6	
97.9	79	
89	99.6	
98.3	79.6	
98.3	89.7	
98.3	99.6	
99.1	69.5	
99.3	89.5	
78.9	99.4	
99.3	89.7	
88.6	89.7	
98.9	89.3	
98.9	89.5	
99.3	99.6	
99.1	89.3	
89.4	89.3	
98.9	79.6	
78.3	99.6	
78.5	99.6	
89.2	99.4	
88.8	99.6	
99.3	89.1	
99.1	99.4	
89.4	99.6	
88.4	89.5	
89	69.7	
66.8	89.7	
89	89.5	
99.3	89.7	
99.1	89.3	
98.9	99.6	
99.1	89.7	
88.6	79.6	
88.8	88.9	
98.7	99.4	
78.5	79.4	
98.5	99	
99.1	58.6	
97.9	49.1	
78.5	99.4	
78.9	69.1	
89.2	89.5	
89.2	9.1	
88	79.4	
88.2	69.5	
88.4	-21.2	
99.3	69.5	
88.4	89.1	
78.5	88.1	
99.1	99	
99.3	89.3	
78.3	89.1	
98.9	99.6	
78.5	99.6	
88.8	79.6	
88.6	99.4	
99.3	99.6	
99.3	99.6	
77.5	49.1	
98.1	99.2	
88	58.4	
98.7	99.6	
98.5	99.6	
88.8	99.6	
88.4	99.2	
88.6	99.6	
99.1	98.8	
99.1	99.4	
99.1	99.6	
99.3	59.2	
99.3	99.4	
98.9	89.5	
78.7	99.6	
99.1	99.6	
99.1	99.6	
99.3	99.6	
98.9	99.4	
98.9	99.6	
48.2	99.6	
76.7	79.4	
99.1	89.5	
98.5	98.8	
97.3	99.2	
88.6	99.4	
99.1	89.5	
98.5	79.6	
99.1	99.6	
99.1	99	
69	79.4	
88.8	89.5	
99.1	89.3	
99.3	99.6	
89	99.6	
88.8	79.8	
98.9	99.6	
88.8	99.2	
88.2	99.4	
99.1	98.8	
79.1	99.6	
77.7	89.1	
96.7	99.4	
87.6	88.7	
98.9	88.7	
89	99.6	
97.3	99.6	
88.4	99.4	
87.6	79.4	
78.9	99.2	
99.3	99.2	
68	99.6	
56.7	99.6	
79.3	99.6	
78.5	99.4	
88.8	88.9	
98.3	89.5	
87.6	79.4	
98.5	69.5	
88	99.6	
88.4	69.5	
99.3	99.4	
89.4	19.2	
97.7	89.5	
89.2	89.7	
88.8	89.3	
89	89.5	
98.9	88.9	
98.7	89.7	
99.3	99.4	
99.1	99.6	
97.9	99.4	
99.3	79.4	
99.1	89.7	
98.3	99.6	
67.8	89.5	
79.1	99.6	
