-78.2	-131.3	
96.3	68.1	
61.8	88.5	
57.1	38.2	
77.3	89.5	
-5.5	17.8	
87.6	76.2	
88.4	99.6	
68.6	98.8	
88.4	99.2	
97.9	99.4	
75.9	78.8	
89.2	69.1	
98.5	-62.6	
15.7	99.6	
88.2	69.3	
66.6	87.9	
78.3	99.4	
78.3	79.6	
87.8	98	
86.8	99.6	
87.4	88.9	
87.2	89.3	
79.5	28.9	
76.7	98.8	
-18	89.7	
2.6	78.6	
75.7	18.6	
67.8	98.6	
47.4	89.5	
86.2	88.1	
98.9	99.2	
88	99.4	
99.1	69.3	
86.8	89.3	
98.9	47.9	
97.5	89.1	
68.2	88.9	
99.1	99.6	
99.1	89.7	
69	79.6	
78.3	87.5	
97.1	89.7	
87.8	79.2	
98.7	89.5	
89.4	68.3	
99.1	89.1	
88.6	99.6	
98.1	99.6	
46.4	99.2	
0.2	-91.5	
98.7	79.6	
67.4	89.5	
88.4	89.1	
99.1	98.8	
55.7	99.4	
98.3	48.9	
89	99.2	
87.8	89.3	
77.7	99	
72.7	99.6	
97.5	79.4	
97.9	49.3	
97.9	88.9	
77.5	89.7	
5.2	99.2	
88.8	58.6	
55.3	89.7	
88.8	89.7	
44.8	49.3	
76.7	98.6	
98.5	79.6	
97.3	89.3	
88.4	69.1	
58.9	99	
88.4	47.3	
77.7	99.2	
88.4	99.4	
96.9	68.1	
77.9	99.6	
75.7	49.1	
97.9	39	
77.3	69.3	
56.5	99.6	
67.4	99.2	
76.9	38.8	
55.1	99.2	
78.9	99.2	
98.1	78.8	
78.3	87.9	
89	89.5	
65	-2.4	
98.9	37.8	
98.3	99.6	
16.7	48.7	
68.2	87.5	
57.9	99.2	
77.5	79.2	
89	99.4	
77.5	-1	
88.2	57.6	
55.9	89.3	
55.7	69.1	
34.7	99.6	
26.2	89.5	
97.5	79	
77.3	88.9	
98.3	69.7	
98.1	79	
99.1	89.1	
78.9	79	
98.7	68.9	
67.4	89.7	
88.8	99.2	
66.8	99	
87.6	69.5	
86.2	38.2	
85.6	58.6	
48.6	99.6	
78.3	99.6	
44.4	99.4	
12.5	68.1	
87.6	39.4	
12.7	89.7	
66.8	67.3	
98.9	58.8	
77.5	99.6	
87	79.6	
98.7	68.7	
21.6	79.2	
46	89.7	
86.8	49.3	
88.4	69.3	
98.3	97.8	
78.5	79.6	
98.3	99	
98.3	89.5	
89.2	89.3	
68	99	
86.8	99.6	
55.9	69.3	
-20.8	99.2	
55.3	89.5	
-47.1	98.8	
78.5	89.5	
57.9	89.7	
14.5	98.6	
37.7	9.1	
97.5	49.3	
98.9	-21.6	
47.4	99.6	
63.2	99.6	
97.9	98.8	
-198.3	98	
78.5	89.7	
99.1	78.8	
57.7	79.4	
77.1	99.6	
98.5	69.5	
68.8	69.1	
78.1	89.5	
98.1	89.7	
88	48.9	
86.2	79.6	
68	89.1	
98.1	89.7	
88.4	99.4	
57.9	59.6	
88.4	99.6	
88.2	99.2	
79.1	79.2	
66.6	99.4	
58.3	89.3	
36.9	99.4	
64.8	79.4	
78.7	98.6	
98.3	99.6	
88.2	99.2	
57.1	88.5	
88.6	88.9	
67.2	88.5	
86.6	89.5	
65.8	99	
76.9	69.5	
88.6	98.6	
79.1	48.3	
89.2	78.8	
68.9	99	
65.8	89.5	
67.8	79.6	
55.3	79.2	
77.7	79.2	
56.7	39	
87	99.6	
78.5	99.6	
68	89.5	
33.5	59.4	
56.7	99.4	
96.9	99.4	
98.1	99.4	
98.5	88.9	
87.4	99.6	
77.1	79.4	
78.9	99.2	
99.3	68.7	
88.6	99.6	
88.8	69.3	
98.5	58.8	
98.1	99.6	
66.2	99.2	
78.1	99.2	
98.9	89.7	
88.6	79	
98.7	99.2	
68	99	
68	69.3	
88.4	37.4	
78.3	89.3	
56.5	89.1	
89.2	89.3	
51.1	99.4	
77.5	79.2	
89	98.8	
89	79.4	
97.5	89.5	
78.3	79.6	
98.5	79.4	
86.8	59	
98.5	59.8	
88.2	89.1	
66.4	49.1	
87.8	69.5	
78.1	19	
88.6	99.6	
87.4	59.4	
99.1	99.2	
67.8	99.4	
87.4	89.3	
98.9	99	
79.5	98.6	
87.2	99.2	
96.5	19.2	
77.1	99.6	
78.7	69.5	
78.3	79.8	
99.1	98.2	
76.5	99.6	
88.6	38.8	
88.8	17.6	
99.1	89.5	
87.8	99.4	
98.9	88.9	
89.4	89.7	
97.9	68.9	
99.1	99.6	
87.6	99	
78.3	58.8	
25.4	69.1	
59.1	79.4	
98.7	99.4	
78.9	89.3	
66	-21.6	
78.1	89.3	
98.9	29.1	
87.2	59.6	
56.1	89.7	
99.1	79.2	
98.3	98.4	
78.5	99.6	
99.3	99.6	
78.5	89.3	
98.9	99.4	
66.8	87.7	
78.3	59	
89	89.7	
96.1	89.5	
77.9	69.3	
88.2	79.2	
88.6	48.3	
85.6	99.6	
45.4	79.4	
88.4	69.1	
88.8	99.6	
89.2	79.4	
32.9	89.5	
79.3	79.8	
98.5	89.1	
57.5	99.2	
66.6	99.6	
77.3	58.8	
77.1	99.6	
78.1	89.1	
79.1	9.1	
97.9	98.8	
99.3	99.4	
68.2	69.1	
99.1	99.4	
68.2	79.2	
99.1	99.6	
88	99	
87.8	89.3	
88	79	
88.4	88.9	
89.2	99.2	
88.8	89.3	
88.2	49.5	
88.6	49.1	
79.1	79.4	
98.9	89.3	
78.5	99.4	
88.2	89.3	
77.9	99.6	
79.5	89.3	
78.7	99.6	
88.2	69.7	
78.7	98.6	
78.1	79.2	
67	89.7	
97.9	68.7	
89.4	98.4	
56.5	99.6	
78.9	99.4	
97.7	28.9	
98.3	98.8	
77.7	99.4	
68	78.2	
88.8	99	
88.6	89.5	
98.9	98.6	
99.3	68.7	
35.7	99.6	
89	89.5	
78.7	98.6	
75.3	99.6	
98.9	99.4	
99.3	59.6	
98.9	79	
88.2	79.2	
65.8	89.5	
89	79	
97.9	99.6	
97.3	99.4	
88.8	99	
47.8	88.1	
86.4	37.2	
68	58.8	
78.7	89.7	
47.8	79.8	
44	99.4	
99.1	88.7	
88.8	79.4	
64.8	99.4	
97.9	99.2	
89	99.6	
68.6	69.7	
-90.9	89.3	
87.6	99	
78.5	99.6	
66.8	39	
35.3	88.1	
88	88.9	
99.3	98.6	
98.3	89.7	
89.2	89.5	
99.3	99.6	
67.6	88.7	
77.9	99.4	
24.2	89.5	
99.1	89.3	
78.5	99.6	
98.9	99.6	
87.8	99.4	
86.4	89.3	
65.8	99.4	
98.3	89.5	
47.2	99.6	
87.2	79.2	
57.3	89.5	
87.8	89.7	
89	49.5	
88.4	98.8	
88.4	-122	
58.3	99.4	
98.5	89.7	
78.1	89.5	
78.7	79.2	
98.9	69.7	
36.7	99.4	
75.7	89.3	
15.3	89.7	
76.7	-21.4	
68.8	88.7	
67.6	68.7	
98.9	29.5	
98.7	79	
76.3	88.7	
77.7	99.4	
88.6	99.6	
88.8	59	
67	99	
87.2	97.8	
36.3	-63.8	
89.2	49.5	
37.7	88.9	
78.9	99.6	
68.6	88.3	
68	99.4	
78.1	89.1	
96.3	89.5	
68.8	99.2	
77.3	89.7	
67.6	78.2	
98.1	8.3	
6	89.7	
87.4	89.7	
67.8	79.8	
78.3	99.4	
69.2	89.7	
79.1	89.7	
88.2	99.2	
98.9	88.9	
89	99	
99.1	69.5	
79.5	89.7	
95.9	99.4	
89	89.7	
77.5	18.6	
74.7	99.6	
36.3	99.6	
46	99.2	
78.5	99.2	
88.4	68.7	
58.3	59.2	
47.6	89.7	
76.5	69.3	
89	58.6	
86.6	89.1	
33.3	38.2	
78.5	89.1	
57.1	49.1	
75.3	89.3	
87.8	79	
88.2	99.4	
75.5	98.6	
27	89.5	
48.4	99.6	
87	89.3	
66.6	68.9	
87.6	-31.5	
58.3	68.9	
88	99.2	
67	68.7	
98.5	99	
75.1	69.5	
88	79.8	
69	99.2	
78.5	99.4	
-4.7	88.5	
88	58.8	
89.2	78.6	
83.8	79.4	
78.1	99.4	
86.4	47.3	
67.6	88.5	
86.8	8.3	
97.9	38.4	
5.2	99.6	
96.7	99.6	
89	89.7	
77.5	49.3	
89.2	99.6	
76.3	99.4	
89	89.1	
78.1	99.2	
27.2	99.2	
66	89.7	
89.4	8.1	
78.3	68.5	
87	58.4	
46	99.4	
78.5	99.4	
89	99.4	
-5.5	99.6	
33.1	79.4	
98.3	89.5	
86.2	99.6	
87.4	-21	
75.3	99.6	
78.7	99.4	
88.6	99.6	
88	99.2	
77.7	99	
89	17	
66.8	37	
-17.2	68.9	
98.3	99.4	
78.9	99	
88.8	69.1	
98.9	89.1	
87.4	79.4	
