3.6	68.9	
77.9	8.5	
99.1	-50.9	
79.5	59	
77.9	45.7	
74.7	87.7	
87.4	68.5	
88	86.1	
89.2	67.7	
98.5	14	
85	68.9	
96.9	88.5	
46.2	79.6	
98.5	89.3	
99.3	88.5	
99.1	79.2	
77.9	68.5	
98.1	97	
58.9	99	
58.3	98.8	
98.3	88.7	
88.8	99.2	
97.9	99.6	
98.3	89.5	
98.7	99.6	
89	99.6	
88.8	99	
98.5	99.2	
77.9	69.5	
97.7	88.5	
88.4	79.2	
98.9	78.8	
77.9	89.7	
88.8	79.4	
89.2	98.8	
88.6	99.2	
98.7	89.5	
79.1	88.7	
98.3	99	
78.7	38.6	
99.1	99.6	
98.7	69.1	
99.1	89.3	
89.2	49.1	
89.4	69.7	
98.7	99.6	
99.3	99.6	
99.1	89.1	
88.6	99.4	
99.1	79.4	
88.8	89.5	
89.2	79	
97.1	99.4	
99.1	99.6	
98.7	99.6	
98.7	99	
98.9	99.6	
99.3	88.9	
98.9	69.1	
98.7	48.9	
88.8	98.8	
98.9	99.6	
98.9	88.9	
99.3	99.4	
89	99.6	
88.6	99.6	
98.7	99.6	
99.3	89.5	
79.1	89.3	
99.3	89.5	
89	99.6	
98.5	49.3	
58.1	99.4	
98.7	39.4	
98.9	79.8	
89	89.5	
98.9	68.7	
86.6	89.7	
99.1	99.6	
98.9	99.6	
99.3	89.5	
98.9	99.6	
89	89.5	
99.1	99.4	
98.7	99.4	
99.3	88.7	
88.8	99.4	
99.3	59	
99.1	99.6	
78.7	99.4	
98.3	99.6	
88.6	99.6	
99.3	98.6	
89.2	29.7	
99.1	89.5	
98.9	58.8	
98.5	48.7	
89	79	
99.3	99	
99.3	99.4	
89.4	99.4	
99.1	99.4	
99.3	99.6	
99.1	99.2	
89.4	99.4	
99.3	99.6	
88.4	99.2	
89.2	98.6	
78.9	78.8	
98.5	99.6	
98.5	89.3	
98.9	99.6	
98.9	99.4	
99.1	89.5	
99.3	99.6	
99.3	99.4	
99.3	89.5	
88.4	99.6	
99.1	69.7	
99.1	99.4	
99.1	99.2	
89.4	99.2	
98.5	99.6	
98.1	99.6	
99.3	99.2	
99.1	79.2	
89.2	89.5	
99.3	99.4	
89	89.1	
88.8	89.3	
67.8	89.5	
99.3	99.4	
98.5	39.4	
98.7	79.6	
98.3	99.6	
98.9	79.6	
57.5	89.5	
88.8	99.2	
99.1	79.6	
98.7	99.4	
89	99.6	
78.9	99.6	
89.2	89.7	
99.3	99.2	
99.1	99.6	
99.1	99.6	
89.2	99.2	
99.3	99.6	
98.9	99.2	
98.9	88.9	
98.3	89.5	
98.5	99.4	
99.3	99.4	
88.6	99.4	
89.2	78.2	
98.7	99.6	
99.3	89.7	
99.3	99	
89	79.4	
98.5	69.5	
88.8	99.2	
88.8	99.6	
89	99.6	
98.9	89.3	
99.1	99.4	
99.3	79.4	
88.6	99.2	
89	79.4	
88.4	89.7	
99.1	89.7	
88.8	79.8	
99.3	99.6	
47.8	79.8	
68.8	79.4	
89.2	89.5	
98.9	79	
87.2	89.7	
78.5	89.3	
98.9	69.7	
87.8	99.4	
99.3	99.6	
89.2	99.6	
88.6	79	
79.1	99.4	
89.4	99.2	
77.7	79.2	
58.5	99.6	
88.6	88.9	
98.3	99.4	
98.1	99	
98.5	99.6	
98.9	99.4	
98.7	89.3	
98.1	89.7	
88.4	99.4	
89.2	99.4	
99.1	89.5	
89.2	88.5	
97.5	69.7	
98.3	99.2	
78.5	59.8	
99.1	79	
88.8	79.8	
88.4	89.5	
68.6	89.7	
98.5	89.5	
98.7	39.2	
99.1	89.7	
76.5	99.6	
98.9	99.4	
99.3	79.4	
98.7	79.6	
78.7	79.4	
79.3	89.7	
68.4	69.3	
98.7	99.6	
89.4	89.1	
88.6	89.7	
98.9	89.3	
98.9	99.6	
89	99.4	
98.9	99.4	
89.4	79.4	
98.1	99.6	
99.1	99	
99.3	89.5	
89	99.2	
99.3	99.2	
99.1	89.5	
98.7	99.6	
98.7	99.6	
89.4	99.2	
88	99	
98.5	79.2	
78.1	99.6	
98.9	99.2	
89.4	88.9	
99.1	99.6	
99.1	89.5	
79.1	99.6	
98.7	89.5	
99.1	89.7	
99.1	98.8	
99.1	69.7	
99.3	69.3	
78.7	99.4	
77.9	89.5	
99.3	99.4	
78.9	99.6	
99.1	99.4	
98.9	69.3	
99.1	99.4	
98.9	89.3	
98.9	99.6	
78.5	89.3	
99.1	99.6	
79.1	89.3	
97.9	99.6	
89.2	99.6	
99.1	99.4	
99.3	69.5	
87.6	89.7	
98.7	99.6	
99.1	99.4	
99.3	99	
98.7	99	
89.2	88.9	
98.5	78.4	
98.5	99.6	
98.9	99.4	
88.4	89.5	
96.9	99.6	
88.2	79.2	
99.3	89.5	
99.3	99.2	
98.9	99.4	
97.7	79.8	
99.1	99.4	
79.1	99.6	
98.7	99.6	
98.7	79.6	
89	89.1	
99.3	99.6	
98.7	89.3	
98.9	99.6	
99.1	99.6	
88.8	99.6	
77.5	99	
98.7	89.7	
87.4	99	
79.3	99.6	
79.3	99.4	
98.7	89.7	
99.1	99.6	
78.1	89.3	
98.3	99.6	
98.5	99.4	
99.1	99.6	
98.9	88.5	
98.9	99.4	
98.7	69.1	
99.3	99.2	
99.3	99.4	
99.3	99.6	
99.1	99.4	
79.3	89.5	
98.7	99.6	
88.4	99.6	
99.3	99.6	
98.5	99.6	
98.5	28.9	
99.3	99.6	
98.7	99.6	
98.9	99.6	
98.7	79.6	
98.7	99.6	
88.4	89.3	
99.1	68.9	
98.5	99.6	
98.9	99.4	
99.3	79.8	
99.3	99.4	
98.7	99.6	
88	59.6	
78.5	79.4	
45.8	89.5	
89.2	89.5	
99.3	99.4	
98.5	99.6	
98.9	79.8	
88.2	89.7	
99.3	99.2	
99.1	99.6	
89.2	88.7	
99.3	99.4	
99.3	99.4	
88.8	69.5	
98.5	99.4	
98.9	99.6	
76.9	88.9	
99.1	69.3	
68	79.4	
78.5	99.6	
88.8	99.6	
78.9	69.7	
99.3	98.6	
98.9	88.7	
99.3	99.2	
89	28.9	
99.3	79.4	
99.1	99.4	
88.6	68.9	
88.2	99.4	
99.1	79	
77.3	89.3	
99.1	99.2	
89.2	88.5	
68.6	89.7	
87.8	89.7	
99.1	79.4	
98.9	89.5	
89.2	89.5	
78.3	89.7	
97.5	78.8	
77.9	79.4	
99.1	59.4	
99.3	89.5	
88.8	79.8	
97.3	-12.7	
98.9	79.6	
89.4	99.6	
99.1	99.6	
99.1	99.4	
99.3	38.2	
99.3	69.5	
99.3	99.6	
98.7	89.1	
98.9	99.6	
87.8	78.8	
98.7	89.5	
98.9	99.6	
98.5	99.6	
98.9	69.3	
98.9	68.3	
97.7	99.6	
98.9	99.4	
89.4	68.9	
98.9	99.4	
57.3	99.4	
98.9	89.7	
89.2	99.4	
99.1	99.4	
99.3	99.4	
99.3	99.6	
88.8	98.8	
88.6	99.6	
99.3	89.7	
98.7	99.6	
88.8	99.6	
89.4	99.4	
98.7	99.6	
99.3	99.6	
78.3	79.8	
98.9	99.6	
98.3	69.3	
78.9	98.6	
99.3	99.2	
99.3	99.4	
89	69.5	
98.5	99.6	
76.9	99.4	
89	99.6	
97.1	99.6	
98.7	99.4	
88.4	99.2	
97.9	99.6	
98.9	98.8	
88.8	99.6	
77.3	99.4	
88	99.6	
78.9	99.6	
89.2	99.6	
99.3	99.6	
98.7	99	
99.1	99.6	
88.8	99	
99.1	99.6	
99.1	99.6	
99.3	99.6	
79.1	89.1	
99.1	99.6	
88.6	98.6	
99.3	79.8	
98.9	79.2	
98.9	99.6	
99.3	99.2	
98.7	99.6	
98.9	98.8	
78.7	99.6	
89	89.5	
99.3	19.2	
99.3	99.2	
88.6	79.6	
99.1	89.7	
89	69.1	
88.8	88.7	
89.4	99.6	
99.1	99.2	
99.1	89.3	
89.2	99.2	
98.7	99.6	
98.9	99.6	
98.7	99.6	
99.3	79.4	
68	99.6	
88.8	79.8	
88.8	89.5	
99.1	89.1	
98.9	99.6	
89.2	99.6	
99.1	89.3	
89	99.6	
68	99.4	
99.3	99.6	
89.2	99.6	
99.3	88.7	
99.1	89.5	
98.7	89.7	
88.6	99.6	
98.9	99.2	
98.5	89.7	
57.7	69.5	
99.1	99.4	
89.4	99.4	
99.1	88.7	
98.9	99.4	
89	99.6	
99.1	99.4	
88.6	99.6	
89	89.3	
78.5	79.2	
99.3	69.5	
89.4	89.7	
89	59.4	
89	99.6	
98.9	99	
86.2	99.4	
98.7	49.3	
88.6	99.6	
89.4	89.1	
98.7	99.4	
99.1	99.6	
88.2	79.4	
99.3	99.6	
88.8	69.5	
98.9	89.5	
89.2	69.1	
68.4	99.4	
88.8	99.4	
99.1	89.1	
