44.8	-81	
32.5	-102.8	
55.1	89.5	
98.9	69.5	
58.3	79.4	
96.9	79.2	
67.6	89.1	
96.7	89.5	
98.9	87.5	
56.8	89.5	
97.7	89.5	
95.9	69.5	
99.1	89.5	
96.9	99.6	
98.7	79.4	
98.7	99.6	
96.1	89.7	
68	68.7	
88	99.6	
86.8	99.6	
77.9	78.8	
98.5	98.6	
98.9	38.2	
98.5	89.5	
97.9	99.4	
89.2	88.9	
97.5	99.6	
97.3	99.6	
98.5	99.4	
99.1	89.5	
98.7	99.6	
99.3	79.2	
98.7	89.5	
99.3	99.4	
99.1	29.5	
98.9	99.6	
78.9	79.4	
98.9	99.6	
99.1	99.6	
86.2	99.4	
98.7	99.4	
99.3	59.8	
99.1	99	
98.3	99.4	
99.1	49.7	
99.1	99.6	
98.3	99.6	
98.3	99.6	
99.1	99.6	
98.9	58.2	
89.4	98.8	
88.4	99.4	
99.1	99.6	
98.7	99.6	
99.3	99.4	
99.1	99.6	
99.1	99.6	
99.1	99.4	
78.7	99.4	
99.3	99.4	
88.4	99.4	
98.9	99.6	
99.1	79.2	
98.7	99.6	
99.1	78.6	
98.9	99.6	
98.7	89.5	
98.7	99.4	
89.4	49.1	
88.4	99.6	
88.4	79.2	
89.2	99.6	
99.3	99.6	
98.3	89.5	
88.8	79.4	
98.9	99.4	
99.1	78.8	
98.9	89.3	
89.2	88.9	
98.7	99.4	
99.1	99.4	
78.9	99.6	
99.3	99.6	
99.1	99.6	
98.5	99.6	
98.9	99.4	
89	79.8	
99.1	99.6	
89.4	99.6	
98.9	99.6	
88.8	79	
98.9	99.6	
98.7	99.6	
98.3	99.6	
99.1	99.6	
98.3	99.6	
98.7	99.4	
98.9	99.6	
98.1	99.6	
88.2	89.5	
98.9	99.6	
98.7	99.4	
99.1	98.6	
98.1	99.6	
98.9	99.6	
77.1	89.5	
88.6	99.2	
99.3	99.6	
98.7	99.2	
99.1	99.2	
68.8	99.2	
87.4	99.6	
97.5	99.4	
98.9	89.1	
78.7	89.1	
88.8	99.4	
97.7	89.1	
99.1	79.4	
99.3	89.7	
99.3	89.3	
89.2	68.9	
88.6	99.6	
99.1	99.6	
99.3	99.6	
99.1	89.5	
88.6	99.6	
79.1	99.4	
98.9	99.4	
89.2	99.6	
99.1	99.6	
89.4	99.6	
78.5	99.2	
99.1	89.3	
97.9	89.5	
89.4	99.6	
98.5	99.4	
89.2	98.8	
98.7	89.7	
99.3	89.5	
99.1	99.4	
99.1	79.6	
99.1	99.6	
99.1	89.3	
99.1	99.4	
89	99.6	
99.1	89.3	
79.1	89.7	
99.1	99.6	
89.2	99.6	
99.3	99.6	
99.3	89.5	
98.5	99.6	
99.3	99.6	
89.2	89.7	
79.3	59.6	
89	99.6	
88.6	99.6	
99.1	89.7	
79.3	89.7	
99.1	89.7	
99.3	99.6	
99.3	99	
98.7	99.4	
99.3	89.5	
88	89.7	
79.1	99.6	
99.1	99.2	
98.9	89.3	
98.3	99.6	
99.3	88.1	
99.3	99.6	
98.9	59.4	
99.3	99.4	
89	99.6	
68.4	79.4	
99.3	79	
89.2	89.3	
99.1	99.6	
99.3	79	
98.3	89.1	
99.1	89.1	
98.9	99.4	
98.1	49.7	
88.4	99.6	
99.3	49.5	
99.3	99.6	
98.9	79.4	
98.5	99.4	
99.3	79.4	
98.5	89.1	
88.8	99.6	
98.7	99.6	
89	99.6	
88.8	89.7	
98.9	99.6	
98.7	99.6	
99.3	79	
88.4	99.2	
78.9	99.4	
99.3	99.4	
99.1	79.8	
99.1	99.6	
89.2	99.4	
88.8	69.7	
88.6	89.3	
99.3	79.6	
99.3	99.6	
99.3	89.3	
98.9	79.4	
98.9	99.6	
99.1	69.7	
78.3	99.6	
77.9	79	
98.9	99.6	
89.4	99.4	
88.8	99.2	
99.1	99.6	
99.1	79.6	
88.8	9.5	
99.1	59	
87.8	99	
99.1	99.6	
99.3	69.7	
98.5	99.6	
99.1	99.4	
98.1	99.4	
89.2	49.5	
79.3	99.6	
98.9	99.2	
99.1	99.6	
98.9	99.4	
99.3	79.4	
99.1	89.5	
89	99.6	
98.9	99.4	
99.3	99.4	
99.3	79.4	
99.3	89.7	
99.1	99.2	
99.3	99.6	
89.4	99.6	
99.3	99.2	
88.6	99.4	
99.1	89.3	
98.7	99.6	
79.1	99.6	
99.1	99.4	
68.4	89.5	
99.3	69.3	
99.1	99	
89.4	99.6	
89	89.5	
89.4	99.4	
78.5	99.6	
98.7	79.4	
78.7	99.4	
98.9	89.3	
88.2	98.8	
99.3	99.4	
87.6	99.6	
98.1	89.3	
99.3	99.6	
99.1	99.6	
89	89.7	
89.2	89.5	
99.3	89.7	
99.1	99.6	
89	79.6	
98.9	89.5	
88.6	49.7	
89.4	99.6	
98.7	99.4	
88.6	99.6	
98.1	19.4	
97.7	99.6	
98.9	89.7	
89.2	79.4	
99.3	99.4	
98.9	99.6	
98.9	49.5	
99.1	58.8	
79.3	79.6	
98.9	99	
97.9	99.6	
99.1	79.4	
89	89.5	
89	99.4	
99.1	99.6	
99.3	98.8	
96.9	79.8	
98.9	89.5	
99.1	99.4	
89	99.6	
99.1	99.2	
99.1	89.7	
89.2	89.7	
89.2	99.4	
99.1	99.2	
99.3	99.6	
99.3	99.4	
98.9	99.6	
99.3	89.3	
99.3	99.4	
99.3	99.6	
99.1	99.6	
99.3	99.4	
89.4	99.4	
89.2	99.6	
99.3	99.4	
99.3	99.6	
98.9	99.6	
99.3	99.4	
88.8	69.5	
88.6	99.2	
99.3	99.4	
89.2	99.6	
99.3	99.6	
98.7	99.4	
98.7	89.7	
98.5	79.2	
98.9	69.3	
98.7	99.6	
98.9	99.6	
88.2	99.2	
98.9	89.5	
99.3	99.4	
88.8	88.9	
89.4	99.2	
99.3	99.6	
98.9	99.6	
78.3	99.6	
99.1	99.2	
98.9	99.6	
98.7	99.6	
58.7	99.2	
98.9	69.3	
89.2	99.4	
89.2	89.3	
98.3	79.8	
99.3	99.2	
89.2	99	
99.3	99.4	
98.3	99.4	
99.3	99.6	
99.1	99.6	
98.7	98.6	
98.9	99	
99.3	99.4	
89	99	
99.1	99.4	
99.3	99	
89	89.7	
99.3	89.3	
98.5	79.2	
89.2	79.8	
89	99.2	
98.9	69.3	
99.3	99.4	
98.3	99.6	
89	79.8	
69	89.5	
98.7	99.6	
98.9	99.6	
98.9	48.3	
98.7	88.9	
79.1	89.7	
99.1	78.6	
98.9	89.5	
99.3	99.6	
98.9	78.8	
97.9	99.6	
99.3	99	
88.8	99.4	
89	89.5	
99.1	69.5	
99.3	99.6	
98.7	99.4	
98.9	99.6	
99.3	99.6	
99.3	99.4	
88.4	99.2	
98.9	89.5	
99.3	99.6	
98.9	99.4	
98.9	99.6	
98.9	99.4	
99.3	99.6	
89	99	
99.1	99.2	
89.2	99.6	
89	99.6	
78.7	89.7	
98.3	99.4	
98.1	99.6	
99.3	99.6	
89	99.2	
98.7	99.6	
98.9	89.5	
88.6	99.4	
99.1	99.6	
89.2	99.6	
98.9	99.4	
78.7	59	
99.1	79.4	
99.1	99.2	
78.1	99.4	
98.3	99.4	
98.5	99.6	
99.3	99.6	
98.5	79	
98.7	99.4	
89	89.7	
99.3	99.6	
99.3	79.8	
99.3	99.4	
98.7	99.6	
98.7	99.4	
88.4	99.6	
99.3	99.2	
89.4	99.4	
99.1	99.6	
98.9	99.6	
99.1	99.6	
98.7	99.6	
98.9	99.2	
98.9	89.3	
98.9	79.4	
98.7	99.6	
88.8	79.6	
99.1	99.6	
98.5	99.6	
79.5	99.6	
88.6	99.2	
78.9	99.6	
88.8	99.6	
99.3	89.5	
98.9	69.5	
98.9	98.6	
98.9	68.9	
88.8	89.5	
88.8	-0.8	
98.7	99.4	
98.9	39.6	
89.2	89.5	
99.1	99.4	
98.5	99.6	
99.1	99.6	
99.1	89.3	
98.7	89.7	
99.3	99.4	
78.1	79	
99.3	99.6	
99.1	99.6	
98.7	99.6	
78.5	99.6	
99.1	99.4	
99.1	89.5	
99.1	99.4	
98.9	99.2	
99.3	99.6	
99.3	99.2	
98.9	99.4	
98.5	99.6	
99.1	99.6	
99.1	99.4	
89.4	68.9	
99.3	99.6	
98.9	79.4	
99.3	99.6	
99.1	89.5	
88.8	99.6	
99.3	99.6	
88.6	99.6	
98.7	89.1	
79.3	89.7	
98.7	99.6	
98.9	99.4	
98.7	89.7	
69	99.4	
99.1	88.9	
99.1	89.3	
98.1	99.4	
99.3	99.6	
98.9	99.4	
98.9	89.1	
79.1	99.6	
99.3	99.4	
99.1	89.5	
99.3	99.4	
99.1	99.4	
87.6	69.7	
89.4	99.4	
98.3	89.5	
78.7	99.6	
99.1	99.4	
99.1	99.6	
99.3	99.6	
99.3	89.7	
98.3	99.6	
98.7	99.6	
