46.4	-303.8	
-10.7	69.7	
73.3	8.9	
42	79.6	
56.1	-61	
95.1	59.6	
74.5	79.4	
76.5	59.6	
98.9	59	
65.2	79	
75.1	69.7	
89.4	38.2	
-69.6	68.3	
77.5	88.1	
86.2	48.9	
98.1	68.1	
87.2	77.4	
68.6	48.3	
96.9	6.9	
76.9	38.8	
87	44.7	
98.9	18.2	
88	99.2	
98.3	98.6	
97.3	98.2	
98.7	88.5	
88.2	87.9	
97.9	89.3	
97.5	99.6	
89	99.4	
63.6	99.6	
98.7	99.6	
86.4	78.6	
98.9	99.4	
98.3	99	
88.6	99.4	
99.1	59.2	
77.3	98	
98.9	79.2	
99.1	99.6	
88.8	99.6	
97.7	98.4	
99.1	88.9	
98.7	99.6	
88.6	68.7	
98.9	99.6	
57.1	59.4	
94.3	99.4	
97.1	88.5	
99.3	89.3	
86.6	78.6	
86.6	88.9	
88.4	98.6	
89.2	89.1	
88.4	89.3	
88.4	99.2	
98.7	99.6	
98.9	78.2	
99.3	79.2	
89.2	79	
88.2	87.9	
98.3	89.3	
99.1	99.6	
99.3	99.2	
98.9	99.4	
88.2	99.4	
78.5	99.6	
98.1	99.6	
99.1	99.6	
99.3	99.6	
98.5	68.1	
89.2	99.6	
87	99.6	
98.9	79.2	
78.1	98.8	
89	89.1	
98.9	79	
98.9	99.4	
89	78.8	
88.2	99.6	
88.8	99.2	
98.9	99.4	
99.3	99.6	
78.3	99	
98.7	79	
99.1	99.6	
99.3	99.4	
99.1	59.2	
98.5	68.9	
89	98.8	
88.4	69.1	
99.1	99.6	
89.2	99.4	
88.4	99.4	
98.3	58.4	
98.7	99.6	
76.7	58.2	
98.1	99.2	
98.7	99.4	
98.9	99.6	
88.6	99.6	
98.7	89.7	
98.3	68.7	
97.9	99.6	
99.1	78.8	
89.4	79.4	
89.2	99.2	
79.1	89.5	
98.9	99.6	
48	99.2	
99.1	99.2	
89.2	89.3	
99.3	99.6	
99.3	99.6	
98.3	89.3	
89.2	79.2	
99.1	99.6	
67	99.6	
89	99.4	
98.5	79.4	
78.3	39.2	
97.3	99.6	
98.9	79.8	
98.3	69.3	
89	99.2	
98.9	98.8	
89	89.3	
97.7	98.4	
98.5	99.6	
88.6	99.4	
99.1	99	
98.3	99.4	
98.7	88.7	
98.7	98.8	
98.3	59.4	
98.7	99.4	
98.9	99.4	
99.3	99.4	
98.7	99.4	
99.1	99.6	
87.8	99.6	
98.1	99.6	
99.1	99.2	
99.3	78.8	
88.8	99.6	
96.9	69.5	
89	99.2	
89	99.2	
98.9	99.6	
89.4	99.6	
99.1	49.1	
99.3	49.3	
98.9	99.6	
98.7	99.6	
99.1	89.3	
99.1	99.4	
99.3	89.3	
89	99	
98.9	79.2	
88.6	89.1	
98.3	89.1	
89.2	68.3	
88.2	99.6	
99.1	99.6	
98.9	89.5	
99.1	59	
99.3	87.9	
99.3	99.6	
89	98.8	
99.1	59.2	
99.3	99	
88.2	68.9	
93.3	99.6	
98.7	99.6	
89.4	99.6	
99.1	99.4	
99.1	99.6	
99.3	99.6	
99.1	69.1	
67.8	89.7	
99.1	69.1	
89.4	79.6	
89.4	99.6	
98.9	99.4	
98.7	99.4	
89	89.5	
98.5	89.5	
99.3	89.3	
88.8	99.6	
98.9	89.5	
99.3	89.5	
89.2	99.2	
89.4	89.1	
98.7	99.6	
98.7	98.8	
98.3	99.2	
89.2	99.6	
98.7	99.6	
97.5	-21	
98.9	99.6	
99.1	89.5	
99.3	99.6	
99.3	79.2	
88.8	89.1	
98.7	79.8	
98.9	99.4	
68.8	79	
89.2	99.6	
68.6	98.8	
98.7	99.6	
98.9	89.3	
98.1	89.5	
88	69.5	
98.7	99.4	
88	89.3	
89.2	89.3	
98.3	99.6	
78.5	99.4	
99.1	89.3	
88.6	99.2	
89	89.3	
98.7	88.9	
99.3	79.2	
88.6	99.4	
78.5	99.6	
88.8	99.6	
99.1	99.4	
68.8	99.6	
97.9	89.5	
99.1	69.7	
98.9	99.4	
98.5	99.6	
89.2	89.7	
99.1	89.3	
89	69.7	
98.7	89.5	
99.1	99.6	
98.9	89.3	
79.1	99.6	
99.1	99.6	
98.7	78.6	
88.8	99.4	
57.9	99	
99.3	99.4	
99.3	79.2	
89	99.6	
89	99.6	
88.6	98.8	
68.8	99.6	
98.7	99.4	
98.9	89.3	
99.3	69.7	
99.1	99	
88.8	99.6	
99.1	89.5	
88.6	99.6	
99.1	79.8	
79.1	79.4	
98.9	79.4	
99.3	99.2	
66.6	99.6	
98.3	79.8	
99.3	69.1	
97.3	89.5	
88.4	89.7	
99.1	98.8	
99.1	79.6	
99.1	79.4	
98.5	99.4	
98.9	99	
88.4	69.3	
99.1	89.3	
88	59.4	
98.7	99.6	
78.5	99.6	
89.2	79.4	
87.6	98.8	
98.1	78.8	
89.4	99.6	
98.3	98.8	
98.5	78.8	
99.1	89.7	
98.9	99.4	
98.7	49.5	
98.7	99.6	
98.9	99.4	
56.5	99.6	
89	99.4	
99.3	99.4	
99.1	99.2	
69.2	59.2	
99.1	98.4	
88.6	79.4	
77.7	99.6	
99.1	89.3	
98.9	89.5	
89.4	99.2	
77.9	89.5	
98.9	99.4	
89.2	99.6	
99.3	59.4	
89.4	88.9	
98.1	89.5	
99.1	89.3	
89	99.6	
98.7	99.6	
99.3	89.1	
99.1	99.4	
99.3	99.2	
88.8	99	
88.2	99.6	
79.3	99.6	
89.2	89.1	
89.2	89.7	
99.1	69.5	
88.4	99.2	
89.4	99.6	
98.1	99.6	
89	99.2	
89	89.3	
89	99.2	
98.7	49.7	
99.3	39.6	
89.4	99.6	
89.2	79.4	
99.3	99.6	
88.8	99.2	
99.1	99.4	
89.2	99.4	
88.6	99.6	
88.8	8.9	
99.3	99.6	
99.1	99.6	
78.3	68.7	
99.1	98.4	
99.3	99	
98.5	99.6	
78.5	99.6	
88.8	99.6	
98.9	79.8	
99.3	99.4	
99.1	99	
89	89.3	
89.2	79	
99.1	59.4	
98.9	99.2	
88.8	99.6	
99.1	99	
89.4	99.6	
68.2	99.4	
46.6	99.6	
99.3	99.2	
88.8	99.6	
99.3	99.6	
99.3	99	
58.7	99.6	
98.5	89.5	
78.9	99.6	
89.2	89.7	
98.5	69.7	
87.4	89.1	
88.2	89.1	
99.1	99.4	
88.8	99.6	
98.7	99.4	
99.1	99	
99.3	99.6	
98.7	99.6	
98.9	99.6	
97.9	98.6	
88.8	79	
99.1	89.3	
78.5	39.4	
79.3	99.4	
98.9	99.4	
98.5	99.2	
99.3	79.4	
89.4	48.7	
78.1	99.6	
99.3	99.6	
98.5	99.4	
98.5	99.4	
98.9	99.4	
88.4	99.4	
78.5	39.4	
99.1	99.6	
98.9	79.6	
88.2	79.4	
89.2	99.4	
78.1	99.6	
99.1	99.4	
89	99.4	
88.8	89.7	
99.3	89.5	
98.5	88.9	
98.9	89.3	
98.7	88.7	
68.4	89.7	
98.5	99.4	
89	99.4	
89	59.8	
99.3	99.6	
89	89.3	
99.3	79.6	
99.1	88.9	
97.5	89.5	
98.9	89.3	
98.7	99.4	
99.3	89.7	
89.2	99.6	
98.3	99.6	
98.7	88.9	
68.6	88.9	
99.1	89.3	
88.8	99.6	
89.2	99	
98.7	99.4	
78.9	99.6	
89	99.2	
98.7	89.3	
88.4	99.6	
99.3	99.6	
89.4	99.4	
98.9	99	
88.8	79.2	
88.6	69.7	
98.5	69.5	
89.4	78.8	
98.7	68.5	
78.3	99.2	
98.7	99.4	
89.2	99.6	
99.3	89.5	
99.1	99.6	
98.5	99.4	
98.9	79.2	
98.7	8.7	
78.7	99.4	
99.1	99.6	
89.4	99.6	
78.9	99.6	
98.5	99.6	
98.5	89.3	
89.2	79.6	
88.4	59	
97.9	99	
99.3	99.6	
88.4	98.6	
98.5	78.8	
98.3	99.4	
88.6	39.2	
98.9	99.6	
89	99.6	
99.3	89.3	
89.2	99.6	
99.1	69.5	
89.2	89.7	
98.7	89.5	
78.3	79.4	
89.2	89.5	
87.4	99.4	
99.3	99	
98.5	89.5	
88.4	99.4	
98.7	89.3	
89.2	99.4	
89	99.6	
99.3	99.4	
98.5	79	
99.1	99.2	
98.5	89.1	
98.9	88.5	
98.9	99.4	
98.5	99.4	
98.9	89.3	
99.3	99.4	
99.1	99.6	
99.3	99.4	
99.3	99.6	
99.1	99.6	
98.7	99	
89.2	99.4	
76.9	79.2	
99.3	99.2	
77.9	99.6	
99.1	99.6	
97.7	88.3	
99.1	98.4	
98.7	89.5	
88.8	99.6	
89.4	99.6	
98.7	89.3	
99.3	99.2	
99.3	99.6	
99.3	99.6	
99.3	69.3	
98.9	99.4	
98.5	99.4	
99.1	28.9	
98.5	99.6	
