35.7	-191.3	
46.4	-211.7	
-99.3	-10.9	
84.8	39.2	
85.6	29.5	
76.3	69.5	
-8	69.3	
66.2	79.4	
86.5	79.4	
-20.1	37	
92.9	79.4	
-49.8	68.9	
-30	56.8	
97.5	49.1	
37.8	87.9	
53.7	89.3	
-30	89.5	
73.4	89.3	
-30	89.5	
-59.7	79.6	
98.1	89.5	
54.1	89.3	
74.3	89.3	
88.7	89.1	
84.1	88.7	
77.7	89.3	
86.8	59.4	
82.6	89.5	
-20.1	79.4	
-20.1	89.5	
66.5	89.5	
88.8	88.5	
84.2	89.1	
98.3	89.5	
99.1	89.1	
76.3	89.3	
90.1	89.1	
82.6	89.5	
88.4	79	
86.2	69.5	
92.5	89.5	
98.7	78.8	
96.9	89.3	
88.4	89.5	
96.5	89.3	
76.9	99.4	
98.7	48.9	
94.1	99.2	
88	89.5	
96.5	79.4	
98.7	89.5	
99.3	89.5	
89	38.6	
99.1	89.5	
99.3	89.3	
99.1	89.5	
88.8	89.5	
99.1	89.1	
99.3	99.2	
99.1	89.5	
88.4	89.3	
99.3	89.3	
99.3	79.4	
99.1	89.5	
99.3	89.1	
98.9	89.1	
89	68.9	
99.3	99.4	
99.1	79.2	
99.1	99.4	
99.3	99.6	
99.1	99.6	
89	89.7	
98.7	99.6	
98.9	99.6	
98.7	89.1	
89	99.2	
99.1	99.6	
99.3	99.4	
88.4	99.6	
88.4	99.4	
78.5	99.6	
99.1	99.6	
89.2	99.6	
88.6	99.2	
99.3	99.2	
99.3	99.2	
99.1	79.6	
99.3	99.6	
98.7	99.6	
79.5	99.6	
99.1	98.8	
98.7	99.4	
89.2	69.3	
99.3	99.6	
99.1	99.4	
99.3	99.6	
99.1	99.2	
99.1	99.6	
99.1	68.7	
99.1	78.4	
98.9	89.1	
98.9	99.2	
79.1	99.4	
99.3	89.3	
86.6	99.6	
99.3	99.4	
89	99	
99.1	99.4	
99.1	99.6	
98.9	99.2	
99.3	89.3	
99.1	99.6	
98.3	89.5	
99.1	99.4	
99.3	99.6	
99.1	99.6	
98.9	99.6	
88.4	89.1	
99.3	99.6	
99.1	79	
97.9	99.6	
89.2	99.6	
99.3	99.6	
89	79.2	
89.4	89.3	
99.3	99.6	
99.3	99.4	
99.3	99.2	
99.3	99.6	
97.9	89.5	
98.9	99.6	
78.9	99.6	
98.9	89.7	
79.1	99.4	
98.9	99.6	
99.3	89.3	
98.7	99.4	
99.3	89.1	
98.9	89.5	
99.3	99.4	
99.1	99.6	
98.3	99	
99.3	99.4	
98.9	99.4	
99.3	99	
99.3	99	
99.3	99.2	
98.7	99.6	
98.9	99.6	
99.1	99.4	
99.1	99.4	
89	99.6	
99.1	99.4	
98.9	99.6	
98.5	99.4	
99.3	89.5	
89	58.6	
98.1	99.6	
98.9	99	
99.3	89.7	
98.5	99.6	
99.3	99	
88.6	99.6	
88.8	99.2	
99.3	89.1	
98.9	99.2	
99.1	99.6	
89.4	99	
98.9	99.4	
98.3	99.6	
99.1	99.6	
98.9	99.6	
99.3	99.4	
89	99.6	
99.1	99.2	
99.3	99.6	
98.7	99.2	
99.3	99.4	
98.9	69.3	
99.1	99.6	
88.8	89.5	
88.8	79.4	
99.3	99.6	
99.1	99.6	
98.5	99.6	
98.9	99	
99.3	99.6	
98.3	78.8	
99.3	89.3	
99.1	99.4	
99.3	99.6	
99.3	88.9	
99.3	99.6	
99.1	99	
88.8	99.4	
98.1	99	
98.9	79.6	
88.8	99.6	
99.1	89.5	
99.3	99.6	
99.3	88.9	
99.3	99	
99.3	99.2	
99.3	89.5	
99.1	99.4	
89.2	59.6	
98.5	89.3	
98.7	88.3	
99.1	99.4	
99.3	99.4	
98.5	99.4	
99.1	99.6	
98.5	79.8	
99.3	99.6	
98.9	98.8	
99.1	89.1	
89	89.5	
89.2	99.4	
99.1	89.7	
99.1	79.6	
78.3	99.6	
99.3	99.6	
99.1	99.6	
98.9	99.6	
98.9	99.4	
88.6	99.2	
99.3	99.4	
99.3	89.5	
98.5	89.7	
98.9	89.3	
89.2	99.6	
88.8	99.6	
69	99.4	
99.3	89.1	
79.1	99	
99.3	89.5	
99.3	99	
99.3	99.4	
99.3	99.6	
99.1	99.6	
78.7	99.6	
99.1	99.6	
99.3	98.6	
99.3	99.4	
89.2	89.5	
89.2	99.6	
99.1	99.6	
99.1	99.2	
98.9	99.6	
99.1	99.4	
89.4	89.5	
99.3	99.6	
99.1	99.4	
98.9	89.7	
99.1	99	
89.4	89.5	
99.1	89.5	
98.7	99.6	
99.1	78.6	
99.1	99.6	
98.5	89.5	
99.3	99.2	
98.5	99.6	
99.3	99.4	
88.8	99.4	
99.3	99.6	
89.2	99.6	
99.3	99.4	
79.1	99.6	
89.4	99.6	
89	99.6	
89.4	89.3	
98.9	99.6	
99.3	89.3	
98.7	99.4	
88.8	99.6	
99.1	99.2	
99.1	99.6	
98.3	99.2	
98.7	99.6	
99.1	68.5	
88.8	79	
98.7	98.8	
98.9	99.4	
98.9	99.6	
98.3	99.6	
99.3	89.5	
99.3	89.7	
99.1	99.6	
98.9	99.2	
99.3	99.4	
97.9	99.6	
99.3	99.2	
98.1	99.6	
99.1	99.4	
98.3	79.2	
88.6	99.6	
89	89.3	
98.3	98.8	
89.2	89.5	
99.3	99.4	
79.5	99.6	
99.3	78.6	
89	99.6	
99.1	99.6	
89.2	79.4	
98.9	99.6	
99.3	99.6	
98.3	99.6	
99.3	99.6	
99.1	58.8	
99.3	99.6	
89.2	99.6	
98.9	99.4	
98.9	99.6	
99.3	99.6	
98.9	99.6	
98.5	99.2	
99.1	99.6	
99.3	99.6	
99.3	89.1	
89	99.4	
99.3	99.6	
99.3	99.6	
99.1	89.7	
99.1	99.6	
99.3	99.4	
98.9	89.1	
99.3	99.6	
98.7	99.6	
88.4	99.6	
99.1	99.4	
78.7	89.3	
99.1	99.6	
99.3	99.2	
99.3	99.4	
99.1	99.6	
89.4	99.4	
99.3	79.4	
98.5	99.6	
99.3	99.6	
98.3	89.7	
98.9	99.2	
99.3	99.6	
88.6	99.2	
99.1	99.6	
89.4	99.6	
98.9	99.6	
98.7	99.4	
99.1	69.3	
98.9	89.5	
98.9	99.6	
99.3	99.4	
89.2	99.2	
99.3	99.6	
99.1	99.2	
98.9	99.4	
99.1	99.6	
88.4	99.6	
98.5	99.4	
99.1	99.2	
89.4	89.5	
98.9	99.6	
99.3	99.6	
98.9	99.6	
99.1	99.4	
98.9	99.4	
89	89.7	
98.9	99.6	
78.5	99.6	
99.1	99.2	
98.7	99.6	
99.3	99.4	
98.7	99.6	
99.1	99.6	
98.3	99.6	
99.1	99.6	
98.9	99.6	
88.6	99.4	
99.3	99.6	
98.7	99.6	
98.7	99.6	
98.7	99.6	
98.1	99.6	
99.3	99	
96.9	99.6	
99.3	89.5	
99.1	89.5	
99.1	99.6	
99.1	99.6	
99.1	89.1	
99.3	89.5	
99.3	88.9	
99.1	89.5	
88.6	99.2	
88.6	99.4	
99.3	89.3	
98.9	79.4	
99.1	99.2	
99.1	99.2	
89.2	88.9	
98.7	99.4	
94.7	99.4	
89	99.6	
98.9	99.6	
99.1	99.4	
98.9	99.2	
99.3	89.1	
99.3	89.7	
98.5	89.5	
79.3	79.6	
98.9	89.5	
98.3	99.6	
99.3	99.6	
98.9	99.6	
98.7	79.4	
99.1	59.2	
99.3	69.5	
88.8	89.7	
98.5	89.7	
99.1	69.5	
99.1	89.5	
88.8	89.3	
88.6	89.7	
98.5	79.6	
89	79.6	
88.6	48.9	
98.9	99.6	
98.5	99.4	
98.9	99.6	
88.8	89.7	
99.1	89.7	
88.2	89.7	
99.1	99.6	
99.3	59.4	
99.1	89.5	
98.7	89.5	
98.9	89.1	
98.9	99.6	
98.9	99.6	
99.3	99.4	
99.3	99.6	
99.1	79	
88.8	99.6	
99.1	99.6	
99.1	99.6	
99.1	99.6	
99.3	99.2	
77.7	99.4	
99.1	99.2	
98.9	99.6	
98.9	99.6	
99.1	89.3	
89	99.6	
89.2	99.6	
88.8	99.4	
99.1	99.4	
98.7	99.6	
88.6	99.6	
99.3	99.6	
99.3	99.4	
98.7	99.4	
89.4	89.7	
98.9	99.6	
88.8	99.4	
98.7	99.4	
89.4	99.6	
89.2	88.9	
89	99.6	
99.3	89.5	
98.1	99.6	
99.1	99.4	
89.4	99.4	
79.1	99.6	
88.8	99.4	
98.9	99.6	
99.3	99.6	
99.3	99.6	
88.4	99.6	
99.3	99.6	
98.9	89.7	
99.1	99.6	
89.4	99.4	
88.6	99.6	
99.3	99.4	
99.3	99.6	
89.2	99.4	
98.9	99.6	
89	68.9	
99.1	99.6	
98.7	99.4	
99.3	99.4	
89.2	99.6	
98.5	99.6	
99.1	99.6	
99.3	99.6	
99.3	99.6	
99.1	99.6	
98.9	99.6	
