26.4	-191.7	
43.6	-11.9	
95.3	28.7	
89.4	-10.7	
85.6	9.5	
98.7	89.7	
97.5	89.3	
67.6	69.5	
71.9	79.6	
87.2	47.5	
98.5	79	
77.5	89.1	
76.9	69.7	
98.1	78.8	
88.2	89.3	
96.3	57.4	
98.3	98.4	
88.2	47.5	
54.5	98.8	
96.9	88.7	
77.8	69.1	
98.9	98.8	
98.5	89.7	
86.8	89.5	
76.3	99.6	
87.6	98.4	
99.3	99.2	
75.5	99.6	
88	39	
96.9	99.6	
88.4	99	
85.8	99.6	
78.5	99.4	
63.2	89.5	
73.7	78.6	
77.1	89.1	
97.7	89.1	
97.9	99.2	
77.7	99.2	
86.4	89.1	
88.8	99.6	
77.2	99.6	
94.3	99.6	
94.9	98.8	
98.5	99.6	
86.4	99.6	
89.2	59.2	
96.1	89.1	
87.2	99.6	
98.7	88.5	
98.1	99.4	
99.3	89.5	
89	99.2	
98.9	99.6	
88.4	98.8	
98.7	59.8	
99.3	28.9	
99.3	88.3	
98.7	89.5	
99.1	99.2	
99.3	89.5	
98.9	99.6	
98.9	59.4	
57.3	99.6	
78.1	89.3	
78.7	99.4	
99.3	89.1	
79.1	99.4	
98.3	89.5	
89	99.4	
98.9	99.6	
98.5	99.6	
88.8	99.4	
99.3	99.2	
89.2	99.6	
79.5	89.5	
98.5	99.6	
88.4	99.4	
88.8	99.2	
97.7	99.4	
98.7	99.6	
98.5	79.8	
98.9	69.5	
98.3	79	
99.3	99.6	
97.9	99.6	
99.1	89.5	
99.3	99.2	
68.6	99.4	
79.1	99.4	
98.7	99.6	
98.9	99.2	
99.3	79	
89	98.2	
98.9	89.5	
88.6	99.6	
89.2	99.4	
89.2	99.4	
88.2	69.3	
99.3	79	
88.2	99.2	
98.1	99.6	
98.3	89.3	
89.4	99.4	
69	79	
98.5	99.2	
88.6	79.4	
99.3	89.5	
88.6	89.3	
88	89.5	
99.3	99.6	
88.4	99.6	
99.3	88.9	
98.7	99.2	
99.3	99.6	
98.1	89.7	
88.2	99.6	
78.9	98.6	
98.7	99.4	
98.7	99.2	
98.7	99.6	
97.5	69.3	
99.1	99.6	
98.5	17.4	
88.8	9.3	
68.4	99.2	
88.6	99.6	
97.1	99.2	
98.3	99.2	
89.2	98.8	
99.3	99.2	
99.1	99.6	
89.4	99.6	
77.9	99.6	
97.9	99.4	
89.4	79.4	
98.1	99.6	
78.9	69.7	
97.7	88.7	
88.6	99.4	
89.2	99.2	
99.1	99.6	
99.3	99.2	
89	99.6	
98.9	99.4	
98.7	89.7	
99.1	99.6	
98.7	99.6	
99.3	89.1	
88.8	78.8	
99.3	99.6	
89.4	89.5	
99.1	99.6	
79.1	69.3	
97.7	99.4	
99.3	89.5	
98.9	99	
98.5	88.9	
98.1	99.4	
99.3	99.4	
99.3	99.4	
79.1	99	
99.1	99.4	
79.1	99.6	
99.1	99.6	
99.1	99.6	
99.1	99.6	
89.2	99.4	
88.6	89.5	
98.9	99.4	
89.4	89.3	
98.5	99.2	
98.5	88.9	
57.5	79.2	
99.3	99.4	
98.7	58.2	
98.3	79.6	
89	99.6	
88.8	99.6	
89.2	59.6	
88.4	99.6	
98.7	99.6	
99.1	99.4	
99.1	99.4	
99.3	58.4	
89.2	89.3	
98.7	59.2	
79.5	79.2	
88.6	99	
89.2	99	
88.4	49.5	
99.1	69.5	
88.8	69.7	
79.1	69.7	
88.4	99.6	
88.4	99.6	
98.9	89.5	
99.3	59.2	
87	99.6	
98.9	79.8	
78.7	59.2	
98.7	79.8	
99.3	99.4	
98.9	79.8	
89.2	99.6	
77.5	99.4	
78.3	88.5	
78.5	68.5	
99.3	99.6	
98.5	99.4	
88.8	99.4	
88.6	98.6	
98.9	99.6	
98.9	99	
98.9	99	
79.1	99.6	
78.1	89.5	
88.2	88.9	
98.9	99	
99.1	99.4	
99.1	99.4	
98.3	79.2	
98.9	99	
89.2	28.7	
98.9	39.8	
77.3	99.6	
78.1	69.5	
99.3	59.6	
89	89.5	
99.1	59.6	
88.8	99.6	
67.2	99.6	
98.3	99.6	
89	89.5	
89.2	99.6	
98.9	99.6	
98.9	99.4	
99.3	99.6	
99.1	99.4	
99.3	89.1	
88.8	99.6	
89.2	99.6	
99.1	99.6	
99.1	89.5	
99.1	99.4	
98.9	89.5	
98.7	89.7	
88.2	99.4	
89	99.6	
88.6	68.5	
88.6	89.5	
47.6	99	
98.9	79.4	
99.1	99.4	
99.1	99.4	
89.2	89.7	
98.7	58.6	
78.9	79.6	
98.5	89.5	
88.6	98.6	
89.4	89.5	
89.2	99.6	
99.3	89.3	
99.3	99.6	
98.9	99.6	
78.3	89.7	
89	89.3	
98.9	68.5	
99.3	99	
99.3	89.7	
89.2	99.2	
89	99.6	
99.3	99.2	
99.3	99.6	
48	99.6	
78.9	99.2	
99.3	89.7	
99.3	79.8	
98.7	99.6	
68.4	99.6	
99.1	99.6	
78.1	99.4	
98.9	89.7	
89	99.6	
79.1	99.2	
98.9	99.6	
99.3	89.5	
89.2	99.6	
88.8	99.6	
99.3	98.4	
99.3	99.6	
88.6	89.3	
67.8	89.5	
89.4	89.5	
88.8	89.5	
88.6	99.6	
88.6	99.6	
89.4	89.3	
99.1	99.6	
78.7	99.6	
99.1	99.4	
99.1	79.6	
99.1	99.6	
98.7	99.6	
99.3	79.2	
89.2	89.1	
88.6	99.2	
89.2	89.5	
99.3	99	
99.1	89.3	
99.3	79.6	
99.3	99.6	
68	89.5	
97.9	98.6	
88.6	99.4	
58.7	89.3	
99.1	98.8	
99.3	89.3	
99.1	48.7	
99.3	89.5	
98.7	99.2	
99.1	99.4	
98.9	99.2	
89	99.6	
99.3	99.4	
89.2	99.4	
89.2	99.4	
57.5	99.6	
78.7	99.2	
89.2	79.6	
88.4	89.5	
78.9	99.6	
99.1	68.5	
88.8	89.7	
99.1	99.4	
68	99.2	
88.8	99.2	
88.8	29.7	
99.1	78.8	
89.2	99.4	
88.4	99.6	
99.1	98.8	
89	89.3	
78.3	99.2	
89.4	99.2	
98.9	99.6	
98.7	99.6	
99.3	89.3	
69	99.2	
58.1	99.4	
98.5	89.7	
89.2	99.6	
89	98.2	
99.1	99.2	
98.7	99.6	
78.5	89.7	
98.9	99.2	
98.7	99	
78.5	99.6	
99.3	99.6	
99.1	99.2	
79.1	99.2	
78.7	89.5	
99.3	99	
99.1	99.4	
99.3	68.9	
98.7	99.4	
99.3	-0.6	
99.3	99.4	
89	99.6	
98.3	99.6	
68.6	89.3	
98.9	69.5	
88.2	99.4	
89	99.6	
88.4	99.6	
98.9	89.1	
88	19.6	
89.2	98.8	
99.3	99.6	
37.5	99.6	
89	99.6	
99.1	89.3	
98.9	89.7	
99.1	99.4	
98.3	99.4	
88.8	99.4	
89	99.6	
98.7	79.2	
99.1	39.2	
98.9	89.5	
88.8	99.4	
99.3	99.6	
98.1	99.6	
78.3	89.3	
79.5	99.4	
99.1	99.6	
79.1	79.6	
57.9	99.6	
98.3	99.6	
68.2	99.2	
99.3	99.6	
99.3	99.4	
98.9	99.6	
79.1	69.7	
89	99.2	
98.9	79.8	
98.1	99	
78.5	99.6	
88.6	89.5	
99.3	69.3	
99.1	89.3	
99.1	89.3	
98.9	88.9	
99.3	99.6	
99.3	99	
87.8	98.6	
98.7	99.4	
99.3	89.5	
98.5	99.4	
98.7	89.7	
98.7	79.6	
98.9	89.5	
88	99.6	
99.1	99.6	
78.3	89.1	
98.7	99.6	
98.9	99.6	
98.1	99.2	
88.4	89.3	
98.7	99.6	
99.1	99.4	
89	99.6	
89.4	89.7	
88.2	79	
78.3	99.4	
99.1	99.4	
69.2	99.4	
99.3	98.4	
98.9	99.6	
89.2	69.3	
98.9	99.6	
88.6	99.6	
99.3	89.7	
89	69.3	
99.1	99.4	
99.3	68.9	
88.6	78.8	
98.7	29.1	
98.9	99.6	
88	99.4	
98.7	89.7	
78.1	89.3	
98.5	99.4	
98.9	89.7	
99.3	99.6	
99.3	89.7	
99.1	99.6	
99.3	99.4	
98.9	88.7	
98.5	99.2	
99.3	99.6	
79.1	99.6	
98.9	89.1	
88.8	69.7	
99.3	89.7	
98.9	99.6	
88.4	89.1	
88.4	49.3	
98.9	89.7	
98.9	99.6	
99.3	88.9	
99.3	99.2	
99.3	99.2	
99.1	99.2	
98.7	99.4	
99.3	89.5	
78.9	99.6	
98.9	99	
99.1	99.6	
98.5	99.6	
98.7	99.6	
88.8	99.4	
97.9	99.2	
89.2	99.4	
89.4	69.1	
78.5	99.6	
99.3	99.2	
89.2	98.8	
89	99	
99.1	89.5	
98.3	99.4	
98.3	79.4	
99.1	99.6	
98.3	99.4	
98.5	99.4	
98.9	99.6	
99.1	99.6	
87.8	99.4	
98.1	99.6	
