45	-453.7	
-21.8	14.6	
97.9	89.3	
86.8	89.3	
87.6	56.8	
96.1	89.5	
88	88.7	
87.4	67.9	
76.1	89.3	
97.7	79.4	
97.9	89.5	
98.5	89.1	
88.8	89.1	
79.1	89.7	
99.1	39	
99.3	60.7	
88.6	89.5	
98.7	86.3	
88.8	33.6	
98.9	68.5	
88.8	89.1	
78.7	89.1	
98.1	78.6	
99.1	84.9	
98.9	88.3	
99.1	89.1	
99.3	69.1	
98.7	89.3	
97.7	88.7	
99.1	89.3	
99.1	78.4	
99.1	89.1	
99.3	89.5	
99.1	48.7	
99.1	79.4	
99.3	79.2	
99.1	88.9	
99.3	75.2	
87.6	89.1	
88.8	88.9	
98.9	89.3	
99.3	89.3	
98.7	88.9	
99.3	79.4	
98.9	89.1	
99.1	79.2	
98.9	89.1	
98.9	89.3	
99.3	89.5	
79.1	88.9	
99.1	89.5	
99.3	89.5	
98.9	89.5	
99.1	79.4	
99.1	89.1	
99.3	79	
98.9	89.1	
99.3	89.5	
98.9	89.5	
88.2	89.3	
99.1	89.5	
88.8	89.3	
98.9	89.5	
98.7	89.3	
99.3	88.9	
98.9	89.3	
99.3	89.5	
99.1	89.1	
99.1	89.3	
98.7	89.5	
99.1	89.1	
99.3	89.5	
99.1	79.4	
98.3	89.5	
98.9	89.5	
98.9	89.5	
99.3	88.7	
99.3	89.5	
99.1	79.4	
98.3	89.5	
98.9	89.5	
98.9	79	
98.9	89.5	
99.3	69.3	
98.9	69.1	
99.1	89.5	
98.7	88.9	
98.5	79.4	
98.9	89.5	
99.3	89.5	
98.9	89.5	
98.9	88.9	
99.1	88.7	
99.3	89.5	
98.5	89.5	
99.3	89.3	
98.3	89.1	
98.9	69.3	
98.3	89.5	
99.1	89.5	
99.3	79.4	
99.1	89.5	
99.3	79.4	
89.2	79.2	
99.3	89.1	
98.7	88.9	
78.1	89.1	
99.3	89.5	
99.1	89.5	
99.1	89.3	
99.3	79	
98.7	89.3	
99.3	89.5	
99.3	89.5	
99.3	89.5	
99.1	88.7	
88.8	89.5	
99.3	89.5	
98.9	89.5	
89	89.3	
99.1	88.9	
99.3	89.3	
99.1	88.9	
99.3	79.4	
97.9	89.3	
98.7	89.1	
98.7	89.3	
99.3	89.5	
99.1	89.1	
99.3	89.5	
99.3	89.5	
77.9	89.5	
99.1	89.1	
98.9	88.5	
88.8	89.5	
78.1	68.7	
98.7	89.3	
99.1	89.3	
89	89.5	
99.3	89.5	
88.6	79.2	
99.1	89.1	
99.1	79.4	
99.3	89.5	
99.3	89.3	
88.6	79.4	
98.7	68.9	
99.1	79.2	
99.3	89.5	
79.1	88.9	
98.9	89.3	
98.7	89.5	
99.1	89.5	
99.3	89.5	
89.2	89.1	
88.8	89.5	
99.1	89.3	
78.9	89.5	
88.2	89.1	
99.3	89.5	
99.1	89.3	
89.2	89.3	
88.8	89.3	
99.3	89.1	
99.3	89.3	
99.1	79.2	
98.9	89.5	
88.6	89.5	
99.3	89.3	
99.1	89.3	
98.9	89.5	
98.9	89.1	
88.8	89.5	
99.3	79	
99.1	59.2	
99.3	59	
88.4	79	
99.1	59.2	
99.1	89.5	
99.3	79.4	
99.3	79.4	
99.1	88.9	
98.9	89.1	
98.7	89.5	
98.9	89.5	
99.3	59.2	
99.3	89.5	
98.1	89.3	
98.9	79.4	
98.9	89.3	
98.9	89.5	
98.9	79	
99.3	89.5	
89	79.2	
98.7	79.4	
87.4	89.1	
98.5	79.2	
99.1	89.3	
88.4	79.4	
99.1	89.5	
88.6	89.5	
99.3	89.1	
99.3	89.5	
99.3	89.1	
98.9	88.9	
98.1	89.1	
98.5	69.1	
99.1	89.3	
98.5	89.7	
88.4	89.5	
89.2	89.3	
89.2	89.3	
98.7	89.1	
98.7	89.3	
99.1	78.8	
99.3	89.5	
78.9	89.1	
99.3	79	
99.3	89.5	
98.9	88.9	
98.9	89.3	
99.1	89.5	
89.2	79	
99.1	89.1	
98.7	79.2	
98.7	79.4	
99.1	89.3	
89.2	89.3	
99.3	89.3	
99.3	89.3	
99.1	89.3	
98.3	89.5	
99.3	89.5	
99.3	89.3	
99.1	79.2	
99.3	79.2	
99.1	89.5	
98.9	89.3	
88.2	88.9	
99.1	79	
99.1	89.3	
88.6	38.6	
99.1	89.5	
88.2	89.5	
99.1	89.5	
99.3	79.2	
98.9	88.9	
99.1	89.3	
99.3	79.2	
98.7	89.3	
88.6	79.2	
99.3	89.5	
99.3	89.5	
98.5	79	
99.1	88.5	
88.8	89.5	
98.5	89.5	
99.1	89.3	
99.3	89.5	
99.1	89.5	
99.1	88.9	
98.7	89.5	
89	88.9	
99.1	89.1	
89.2	89.5	
99.1	89.1	
99.3	89.5	
98.7	89.5	
99.3	89.5	
97.3	89.5	
99.3	88.9	
99.3	89.7	
99.3	89.3	
99.3	89.3	
99.1	89.3	
99.3	89.3	
89.2	79.4	
99.1	89.5	
99.3	89.3	
98.9	89.3	
99.3	89.1	
88.2	79.2	
99.3	89.1	
99.3	89.3	
98.3	89.1	
99.1	79	
99.1	89.3	
99.3	88.9	
99.3	69.1	
89	89.5	
99.3	89.5	
99.3	69.3	
99.3	89.5	
99.3	68.5	
99.3	89.5	
98.9	89.3	
98.9	89.3	
99.1	89.5	
99.1	79.4	
98.7	88.9	
99.3	59.2	
99.1	89.5	
98.9	68.9	
98.9	89.3	
99.3	78.6	
99.3	79.4	
99.3	78.8	
99.3	89.5	
99.1	89.1	
99.1	89.5	
99.1	89.3	
98.9	79	
99.3	89.5	
89	89.5	
89	89.3	
99.1	89.5	
98.9	59	
99.1	89.3	
98.7	78.8	
99.3	89.5	
99.3	89.5	
99.1	79.2	
98.7	89.1	
99.1	79.2	
99.3	89.3	
88.4	79	
99.3	89.3	
88.4	89.5	
99.3	89.3	
99.1	89.5	
88.4	79	
88.6	89.3	
99.3	89.3	
99.3	89.3	
99.3	89.3	
99.1	99.4	
88.6	89.5	
99.3	79.2	
99.1	89.1	
98.9	89.1	
99.1	89.1	
99.3	78.8	
89.2	89.5	
98.7	89.3	
99.1	89.5	
99.1	89.5	
88.4	89.5	
99.1	89.1	
89.2	79.2	
89	89.3	
98.9	79	
99.3	89.3	
98.7	89.3	
98.5	79.2	
99.1	88.9	
88.8	89.3	
89	88.9	
98.9	89.1	
99.3	79.2	
89	89.5	
98.9	89.1	
98.7	89.5	
89	68.9	
89	69.5	
99.1	89.5	
99.3	79.2	
99.1	89.1	
98.5	89.3	
98.7	89.3	
78.1	68.7	
98.9	69.3	
99.3	88.9	
99.1	89.5	
99.3	89.1	
99.3	89.3	
99.1	89.5	
99.1	89.5	
89.2	89.1	
88.4	89.3	
89.2	89.3	
98.9	89.1	
98.7	89.5	
89	89.3	
98.7	69.3	
88.2	89.5	
89	88.9	
99.3	88.7	
99.1	88.9	
98.5	58.8	
99.3	89.5	
89	89.5	
99.1	89.5	
89	89.1	
99.3	89.1	
99.1	89.7	
98.9	89.7	
99.1	89.3	
99.3	89.1	
77.7	89.5	
98.9	89.5	
78.7	89.3	
98.7	89.3	
99.3	79	
99.3	89.1	
88.8	89.5	
78.9	89.5	
98.9	89.5	
98.7	89.3	
99.1	89.3	
99.1	68.9	
99.3	89.3	
89.2	89.3	
98.9	89.3	
98.9	89.5	
88.2	89.1	
99.3	89.5	
89.2	88.9	
99.3	89.5	
99.3	89.5	
89	89.1	
99.3	89.5	
99.1	89.5	
89.2	79	
99.3	89.5	
99.3	89.5	
98.9	89.3	
99.3	89.7	
99.1	89.1	
99.1	89.5	
99.1	89.5	
98.7	89.5	
99.1	89.5	
99.3	88.7	
88.8	89.5	
89	89.5	
98.9	89.5	
99.3	89.3	
99.3	88.5	
98.5	88.9	
99.1	89.5	
89.4	89.5	
99.1	89.5	
89	89.3	
99.3	89.3	
99.3	69.1	
98.7	89.5	
98.5	89.7	
99.3	89.5	
98.7	88.5	
98.9	89.5	
98.9	89.1	
99.3	89.1	
98.9	89.1	
99.3	88.9	
98.9	79.2	
89.4	79	
99.3	88.7	
99.1	89.5	
98.9	68.9	
98.7	89.3	
99.1	89.3	
99.3	89.3	
99.1	89.5	
98.1	89.3	
98.7	89.5	
98.9	89.5	
98.7	89.5	
89.2	89.3	
88.8	89.3	
88.8	89.5	
98.7	89.1	
99.3	89.5	
99.3	89.5	
99.1	79	
99.1	89.5	
99.3	89.5	
88.2	89.5	
99.1	89.1	
88.8	69.5	
99.3	68.7	
98.7	89.3	
99.3	68.9	
99.1	89.1	
88.8	88.5	
99.1	89.3	
99.1	89.3	
98.9	89.5	
98.9	89.5	
99.3	89.5	
98.5	89.1	
98.9	89.3	
98.9	89.5	
89	89.3	
99.1	79.4	
99.1	89.5	
97.9	89.5	
99.3	89.1	
98.9	79.2	
98.9	89.1	
99.3	89.3	
