-5.1	-91.7	
-10.1	59.4	
77.3	-11.9	
40.6	79.6	
97.1	57	
98.9	29.7	
75.3	89.7	
86	99.2	
66.4	87.5	
97.3	95.8	
98.7	78.8	
89.2	69.3	
54.9	68.9	
63.6	75.6	
87.6	88.7	
99.1	69.5	
75.9	99	
57.9	99.4	
86.4	78.8	
98.9	79	
97.5	99.2	
88.6	89.5	
75.3	88.5	
97.3	99.4	
98.1	89.5	
98.9	99.2	
99.1	98.8	
98.1	99.4	
98.5	89.1	
98.1	99.4	
98.1	48.1	
98.3	89.7	
89	79.2	
88.2	79.4	
88.4	99.4	
66.4	89.3	
98.9	99.6	
96.9	99.2	
72.7	98.8	
78.5	99.4	
98.1	78.2	
87.4	88.7	
89	89.5	
88.8	89.7	
88.2	99	
77.1	99.6	
98.5	99.6	
66.4	88.7	
98.5	99.2	
98.9	98.4	
99.3	89.7	
97.9	59.6	
87.8	99.6	
88.8	99.4	
77.9	99.2	
76.5	79	
99.1	88.7	
98.7	89.7	
77.5	99.4	
98.7	99.6	
98.5	78.8	
99.3	99.4	
98.9	79	
99.3	99.4	
99.1	88.7	
99.3	89.3	
98.3	-2.6	
89.2	99.6	
98.7	99.2	
98.7	99.4	
98.9	89.7	
99.1	17.4	
88.8	99.6	
98.7	99.4	
99.3	19.2	
88.6	99.2	
78.7	99.6	
98.3	99.6	
98.5	99.2	
97.5	88.9	
69	88.3	
89	99.4	
99.1	89.3	
99.1	89.5	
99.3	99.2	
98.7	99	
89	99.6	
98.9	99.6	
99.3	-21.6	
98.9	68.9	
89.4	79	
98.9	99	
99.3	89.3	
98.5	99.2	
98.3	67.9	
89	89.3	
88.4	89.7	
99.1	99.2	
78.5	99.6	
98.3	59.2	
88.2	79.6	
88	99.4	
99.1	79.2	
98.5	99.6	
78.3	99.4	
98.5	89.7	
88.8	89.3	
98.7	89.1	
99.1	89.3	
98.7	99.4	
99.3	78.8	
98.7	99.6	
98.7	99.6	
79.1	99.2	
98.3	79.4	
79.1	99.6	
86.6	79.8	
97.7	99.4	
67.8	79.2	
99.1	89.5	
99.3	99.2	
88.2	99.6	
89.2	89.5	
98.5	99.4	
98.9	78.2	
98.9	99.6	
98.9	99.6	
87.4	88.9	
88.6	99.6	
99.3	88.9	
89	99.6	
89	89.3	
98.5	99.6	
98.1	89.7	
89.2	79.4	
99.1	99.6	
98.9	98	
97.9	99.6	
45.4	98.8	
98.1	78.8	
99.1	18.8	
98.9	99.4	
66.6	99.6	
98.7	99.6	
88.6	99.6	
78.5	99.4	
98.5	99.6	
98.5	89.5	
88.8	89.3	
98.7	89.7	
88.4	99.4	
69.2	89.1	
89.2	69.5	
78.7	89.5	
99.1	89.1	
98.7	99.6	
99.1	89.7	
99.1	89.5	
98.9	99.6	
99.1	99.6	
99.1	99.6	
89.4	38.4	
98.7	99.4	
98.1	99.2	
97.3	99.6	
88.8	99.4	
88.4	89.1	
99.1	68.7	
99.1	99.6	
98.7	99.6	
89	88.7	
98.7	99.2	
99.1	99.4	
99.1	99.6	
69.2	99.6	
99.1	99	
88.8	18.6	
99.3	89.3	
98.9	99.6	
99.1	89.3	
97.9	89.3	
88.8	99.4	
89.4	89.1	
98.1	99.4	
78.9	68.9	
99.3	99	
89.2	88.9	
98.9	99.2	
99.1	99.6	
58.3	89.7	
88.6	78.4	
99.3	79.8	
88.8	79	
99.1	99.6	
99.1	99.4	
99.1	89.3	
98.3	89.7	
68.4	98.4	
99.3	99.4	
99.1	89.3	
98.7	89.5	
78.1	97.8	
88.8	99.4	
99.1	79.6	
89	99.6	
68.6	69.3	
88.4	89.3	
89	89.7	
68.6	89.7	
77.1	89.5	
98.9	89.3	
99.3	89.7	
98.9	89.7	
99.1	88.9	
88.8	89.1	
98.9	99.4	
78.1	79.2	
99.1	99.6	
99.3	99.6	
98.3	79.2	
88.8	59	
87.8	49.1	
97.9	99.6	
99.1	99.4	
98.9	99.6	
98.9	79.4	
96.7	98.4	
47.8	99	
99.3	99.2	
77.1	79.2	
89	99.6	
56.9	79.2	
99.1	89.1	
99.3	99.6	
58.5	99.2	
98.9	69.7	
68.6	99.6	
99.3	89.1	
88.8	99	
98.9	89.5	
99.1	99	
98.9	69.7	
78.9	99.6	
98.7	99.6	
68.8	79.8	
88.8	99.6	
89.2	99.4	
79.1	99.6	
99.1	79.6	
98.7	79.2	
77.5	98	
88.2	89.3	
89.4	99.2	
86.8	98.8	
88.8	99.4	
88.4	99.6	
89	69.5	
89.2	89.5	
87.6	99.4	
97.3	99.2	
98.9	79.8	
88.8	99.4	
97.1	88.7	
88.4	99.2	
89	89.7	
98.7	99.6	
99.3	89.7	
79.1	99.2	
88.4	99.6	
89	98.6	
88.4	99.6	
98.9	48.9	
89.2	99.4	
76.9	99.4	
89.2	99	
98.9	99.2	
98.7	99.6	
79.1	99.6	
98.5	99.4	
98.1	59	
98.7	89.7	
87.8	79.2	
78.5	99.6	
88.8	99.2	
98.7	79.6	
78.7	78.6	
89.2	99.4	
99.1	79	
99.1	79.2	
99.1	89.5	
79.3	99.4	
69	99.6	
88.8	89.3	
98.5	79.2	
89.4	99.6	
77.9	79.4	
98.9	79.8	
77.9	48.5	
89.2	89.3	
77.1	79.2	
98.5	89.3	
99.3	79.6	
98.5	99.4	
98.7	18	
78.5	99.4	
89.4	68.9	
89	89.7	
98.7	99.4	
88.8	39	
69	69.3	
66.4	69.1	
99.1	79.4	
89.4	99.6	
98.3	99.6	
89.2	78.8	
89.2	69.3	
99.3	89.7	
98.7	89.7	
88.2	99.2	
97.9	89.3	
89.2	89.5	
97.9	89.1	
99.3	89.1	
99.3	99.4	
89	59.2	
97.9	99.6	
88.2	89.3	
99.3	99.6	
98.7	99.4	
78.7	79.8	
98.5	99.6	
78.5	99.6	
89	99.6	
99.1	89.1	
88.6	89.3	
89.2	39.6	
89.4	99.4	
68.6	59	
99.1	89.5	
98.3	89.5	
89.2	89.3	
88.4	99.4	
97.9	99.4	
99.3	98.6	
88	99.4	
98.5	88.5	
99.1	69.7	
87.8	98.6	
89.4	38.8	
88.8	99.6	
89.2	99.6	
88	99.6	
89	89.5	
99.3	99.4	
98.7	89.7	
99.3	98.8	
77.9	99.2	
99.1	89.5	
98.1	99.6	
88.2	79.2	
66.8	89.7	
99.3	99.4	
99.1	99.4	
99.1	88.5	
98.5	99.4	
98.7	89.5	
98.5	99.6	
98.9	88.3	
77.7	99.6	
89	79.4	
99.1	39.4	
89.2	99.4	
89	99.4	
99.1	89.7	
89	99.2	
89	79.2	
98.9	99.4	
89	88.1	
89.4	89.7	
99.1	99	
98.5	39	
68.6	99	
78.5	99.4	
88.2	89.3	
88.6	79.8	
79.1	69.7	
78.7	68.3	
79.1	48.1	
98.7	99.4	
98.7	79.2	
98.7	89.5	
88.8	89.1	
78.7	98.6	
97.7	99	
78.1	99.6	
98.9	89.3	
98.7	99.6	
98.7	68.9	
87.6	88.9	
99.3	99.2	
54.7	99.6	
66.6	99	
88	99	
88.6	99.2	
99.1	98.6	
99.1	99.4	
98.9	99.6	
99.1	89.3	
98.5	38	
78.1	89.5	
99.1	99.6	
88.4	88.7	
98.9	99.2	
76.5	99	
66.6	89.1	
99.3	99.6	
98.7	99.2	
68	48.3	
68	89.7	
79.1	69.5	
97.5	99.6	
98.5	39.4	
99.1	99.4	
98.1	99.6	
78.1	19.4	
98.7	99.6	
98.7	79.2	
97.9	79.8	
98.5	89.5	
89.2	99.2	
89.4	79.4	
99.3	99.4	
88.2	59.8	
98.5	79	
98.9	99.2	
89.4	98.6	
89.2	58.8	
98.7	79.6	
58.5	89.3	
48.6	99.6	
99.3	99.6	
98.7	99.6	
99.1	69.3	
79.5	69.5	
98.9	79.8	
68.2	99.6	
98.3	59.2	
99.1	88.3	
88.6	89.5	
98.9	89.5	
99.3	99.6	
88.8	99.4	
98.9	99.6	
78.3	99.6	
88.6	99.6	
87	99.4	
77.9	99.6	
98.9	99.6	
99.3	79.8	
68.8	89.7	
89	88.3	
88.6	89.7	
88.6	89.3	
87.4	99.6	
98.9	99	
99.3	89.7	
98.7	79.8	
79.1	88.9	
88.6	88.9	
78.3	99.6	
89.2	99	
98.7	99.4	
89.2	99.6	
77.9	99.4	
97.9	99.4	
98.7	79.6	
98.3	99.4	
99.3	99.6	
58.7	79.2	
88.2	99.6	
99.1	89.7	
88.6	79	
89.2	89.7	
98.7	79.4	
99.1	59.6	
88	39.2	
78.9	88.5	
89	99.6	
77.5	88.9	
89	99.4	
88.8	99	
99.1	99.6	
99.1	99.4	
89	99.6	
97.7	79.6	
89	99.2	
77.5	89.3	
98.5	99.6	
78.1	99.2	
88	99.2	
