-198.3	-82.8	
56.7	79.2	
74.9	-82.8	
98.5	39.6	
78.9	-122.4	
67.2	69.3	
11.5	88.7	
53.5	99.4	
77.5	69.3	
97.9	89.7	
88.4	99.2	
66.4	99.4	
77.7	89.5	
77.3	99.6	
45.8	88.9	
78.1	99.2	
66.6	88.9	
40.2	49.5	
76.7	88.9	
6.3	79	
45.6	89.5	
86.4	78.8	
58.5	88.9	
75.1	89.5	
88.6	99.2	
99.1	99.6	
79.3	99.2	
88.8	99.6	
67.8	89.5	
66.4	78.8	
51.5	89.3	
44.6	89.1	
32.9	-4.6	
89	89.7	
68.4	88.3	
77.5	78.8	
77.3	99.4	
74.9	98.8	
84.8	99.6	
89.2	99.4	
34.7	89.7	
66.4	89.3	
78.9	99.2	
78.9	99	
98.5	88.9	
89	89.3	
98.9	99.4	
97.3	98.8	
99.1	89.5	
89.2	89.1	
99.1	99.2	
98.9	79	
89	69.3	
86.8	69.1	
86.8	79.6	
98.3	79.8	
87.4	88.7	
88.8	89.1	
88	99.4	
98.5	79.6	
78.1	99.4	
58.3	89.1	
84.8	99	
98.3	99.4	
76.5	99.6	
78.1	46.9	
78.7	99.4	
89	99.4	
87	99.2	
79.1	99.6	
99.3	89.5	
68.2	79.4	
78.3	39.4	
88.8	99.6	
99.3	99.4	
87.8	97.8	
68	99	
89.4	89.7	
88.6	99.4	
78.3	99.4	
89.2	99.4	
96.9	99.4	
99.1	98.6	
28	89.5	
87.8	99.6	
97.9	99.4	
89	98.4	
98.9	79.2	
55.9	89.1	
87.8	99.4	
99.3	99.6	
69.2	69.5	
99.1	99.6	
77.1	98.8	
88.6	99.2	
86.4	79.6	
98.9	99.4	
88.8	99.2	
89.2	99	
88.6	98.8	
78.5	79.2	
89	99.6	
98.9	99.4	
88	78.6	
77.7	79.8	
78.1	89.3	
67.2	99.4	
58.3	89.3	
78.3	89.5	
85	99.4	
88.4	99	
99.1	99.4	
78.5	99.4	
87.2	99.6	
57.9	59.8	
87.8	89.1	
98.9	99.6	
67.6	89.3	
98.9	69.1	
68.2	78.6	
66.8	88.1	
89	99.6	
58.1	99.2	
99.1	99.4	
98.5	99.4	
78.1	59.4	
78.5	79.8	
58.3	99.6	
98.3	89.3	
32.9	89.3	
89	99.6	
87.6	99.6	
88.2	99.6	
79.1	89.5	
99.3	59	
78.5	99.4	
77.1	99.2	
66.2	98.6	
66.8	89.7	
89.4	89.5	
97.9	79.6	
89	58	
89	89.7	
48.8	48.5	
88.2	89.5	
76.7	88.9	
98.1	98.8	
89.4	79.4	
47.4	99.6	
98.1	59.4	
78.9	89.5	
55.9	99.4	
48.6	79.4	
89	99.2	
48	99.2	
98.3	89.1	
88.6	87.5	
89.4	89.3	
99.3	99.4	
87.6	99.6	
99.1	99.2	
99.1	99.6	
78.5	99.6	
88.8	99.6	
48.4	99.2	
88.4	79.4	
99.1	98.8	
88.6	49.5	
97.5	79.8	
88.8	78.4	
98.9	89.1	
96.9	99.6	
89.2	99.6	
89.2	58.6	
97.7	89.3	
98.7	99.4	
58.9	99.4	
97.9	99.2	
99.3	99.6	
89.4	89.7	
79.3	99.2	
78.9	9.5	
68.8	99.4	
78.7	89.5	
67.6	98.4	
68.4	99	
67.4	79.8	
79.3	99.4	
88.8	79	
98.1	69.3	
98.3	99.4	
89.2	99.6	
98.7	79.2	
78.7	89.3	
79.1	89.3	
76.3	69.1	
68.6	99.6	
67.2	89.5	
88.4	88.3	
75.1	-20.6	
87.6	89.7	
98.3	69.7	
89	8.9	
88.4	99.2	
87.6	89.1	
88.4	99.4	
98.1	99.4	
98.3	99.6	
78.1	89.3	
98.7	68.9	
88.8	99.6	
99.3	98.8	
99.1	79.2	
98.9	19.4	
89	99.4	
58.5	99.4	
98.9	99.6	
67	99	
88.6	99	
68.4	99.2	
78.9	79.2	
89.4	99.4	
68.4	99.6	
87.4	79.4	
98.7	99.2	
98.5	38.6	
87.4	99.4	
88.4	99.6	
78.1	89.7	
79.3	89.7	
98.5	99.2	
99.3	99.4	
87.2	89.5	
98.9	89.7	
98.7	99.4	
99.3	58.8	
69.2	99.2	
98.9	98.8	
69.2	99.6	
68.4	99.6	
68	78.4	
68	99.6	
46.6	89.5	
77.7	99.2	
67	99.4	
88.8	99.6	
88.6	99.6	
98.9	79.4	
89	99.2	
89.4	69.7	
88.8	28.3	
58.1	89.7	
79.1	99.2	
98.9	99.6	
89	79.8	
46	99.2	
58.1	79.6	
99.1	99.4	
98.9	89.5	
98.9	99	
77.3	99.2	
77.7	69.1	
78.3	89.3	
65.2	99.4	
67.8	79.8	
96.3	99.4	
98.7	69.1	
76.3	89.3	
99.1	89.7	
78.3	89.1	
47.6	89.3	
88.8	89.7	
68.2	99.6	
77.9	79.4	
98.9	39	
87.4	99.4	
56.3	38	
89.4	99	
96.7	59	
87.8	79.4	
78.1	78.8	
98.9	79.4	
68.8	99.4	
77.5	89.5	
88.8	88.5	
65	89.7	
78.3	99.6	
98.9	79.4	
98.7	88.9	
78.9	89.5	
77.7	89.5	
87	89.7	
99.1	49.3	
56.3	99.6	
87.8	79	
57.5	88.5	
68	78.8	
76.3	88.7	
77.9	47.1	
98.1	79.6	
99.1	99.2	
88.8	99.6	
97.9	89.1	
98.1	89.7	
78.7	89.7	
44.8	99.4	
97.3	99.6	
97.7	38.2	
99.1	99.2	
87.6	99.6	
98.9	89.1	
86.8	88.5	
99.3	69.7	
69.2	99.2	
97.9	79.6	
88.2	99	
89.4	69.3	
97.3	89.5	
99.1	79.4	
98.7	89.3	
88.4	98.4	
78.9	99.6	
97.5	98.8	
57.9	99.4	
87.8	78	
98.1	98.8	
68.2	79.2	
98.9	-11.3	
88	89.1	
89	99.2	
65.8	59.6	
88.8	99.6	
78.3	99.4	
28	69.3	
99.1	98.8	
78.7	58.6	
97.9	78.6	
76.1	99.4	
89	89.3	
97.9	69.1	
88.6	89.7	
88.6	89.3	
98.7	58.4	
89	99.4	
98.5	99.4	
88.2	99.4	
99.1	69.5	
78.7	99.6	
88.2	99.6	
88.8	99.2	
89	99	
98.7	99.4	
99.1	89.5	
98.5	99.2	
63	88.7	
88.4	89.5	
99.1	39.2	
87	58.2	
89	96.8	
88.4	99.6	
79.1	88.9	
86.8	89.7	
98.7	79.4	
77.9	99.4	
88.4	99.2	
67.4	79.4	
99.3	68.9	
98.5	99.4	
98.9	89.7	
68.8	89.3	
68.8	29.3	
79.3	89.1	
47	39.6	
78.7	59	
98.5	89.5	
78.3	68.5	
14.3	98.6	
86	88.7	
88.8	89.5	
96.3	29.1	
12.7	79.6	
75.7	99.6	
88	99	
99.1	99.6	
89.2	99.6	
98.1	89.7	
99.1	89.1	
98.1	57.4	
87.6	99.4	
98.3	89.7	
98.5	99.2	
85.4	99.6	
97.9	79.4	
37.9	99.2	
89	99.4	
88.8	99.4	
98.9	89.3	
89.4	99.6	
69.9	99.6	
78.7	99.6	
87.8	99.6	
47.2	99	
98.5	98.6	
98.3	59	
98.9	89.5	
97.1	88.7	
99.3	99.6	
88.8	79.4	
57.3	89.5	
66.4	89.3	
98.3	28.5	
98.1	99.4	
99.1	99.4	
99.1	99.4	
66	99.4	
55.9	99.6	
98.7	99.4	
88.6	99.6	
98.9	78.6	
77.3	99	
88	98.6	
86.4	79.6	
98.7	99	
76.3	99.6	
78.3	79.2	
55.5	98.4	
99.1	79	
89.4	18.8	
68.8	99.4	
87.4	99.4	
96.1	69.1	
87	98.6	
89.4	99.4	
88.6	89.5	
98.9	49.5	
78.9	89.3	
86.4	88.5	
87.2	48.7	
67.8	99.6	
88.8	16.4	
78.9	98.6	
98.9	99.6	
88.4	98	
99.1	89.1	
88.4	87.7	
79.1	99.4	
87.4	59.4	
98.7	99.2	
99.3	49.7	
98.7	99.6	
67.6	79.2	
79.1	99.4	
99.1	59.4	
76.9	58	
87	99.6	
97.5	98.8	
78.1	99	
79.3	88.5	
77.9	99.6	
88.8	59.2	
78.9	99.4	
88.6	87.9	
97.7	89.3	
98.5	99	
98.5	99.6	
99.1	89.5	
48	89.1	
77.5	99	
88.8	69.3	
88.8	98.6	
88.4	89.7	
79.1	89.3	
88.6	99.4	
98.5	99	
98.1	99.4	
99.3	99.4	
98.9	99.6	
68.2	69.1	
78.5	79.4	
56.7	79.6	
89	99.2	
88.2	89.3	
88.2	89.5	
78.5	99.4	
99.3	79.6	
68.2	89.5	
99.1	97.2	
98.5	89.7	
99.1	98.6	
98.5	69.5	
98.7	99.6	
68.6	89.3	
98.1	99.6	
89	99.4	
88.6	58.8	
78.3	99.6	
88.8	79	
67.6	99.4	
98.3	99.4	
98.7	89.5	
