-8.1	-51.5	
54.1	38.2	
88.8	97	
97.7	48.5	
97.5	-12.7	
85.2	77.6	
88.4	19.4	
87.2	88.7	
78.9	87.5	
84.6	37.8	
58.8	96.4	
77.9	99.2	
95.9	99.6	
67.8	99.2	
87.4	99.6	
98.9	89.7	
47	99.6	
77.7	89.3	
77.1	99.2	
66	99.6	
88.2	69.3	
99.1	99.6	
89.4	69.1	
78.7	89.5	
89.2	78.6	
35.1	99.2	
78.3	99.4	
88.2	79.2	
46.6	99.4	
98.5	79.4	
51.9	89.1	
86.2	99.2	
85.2	99.6	
76.5	99	
98.1	89.3	
98.5	99.2	
89	99.6	
98.7	99.6	
98.9	89.7	
98.9	89.3	
99.1	99.6	
99.3	99.2	
88.8	99.4	
99.3	99.2	
89	29.3	
88.6	99.4	
98.3	79	
99.1	99.4	
79.1	89.1	
98.7	99.6	
98.7	49.3	
87.6	99.6	
89.2	89.1	
77.9	9.1	
97.5	-42	
98.3	99.6	
89.4	99.6	
98.9	89.7	
89.2	99.4	
88.8	99.4	
88.8	89.7	
98.1	89.3	
99.1	89.3	
98.7	19	
79.1	79.4	
74.7	99	
99.3	89.5	
86.4	79.4	
99.3	89.7	
98.9	38	
98.9	89.5	
78.5	99	
88.8	79.2	
89.2	99	
87.4	89.7	
66.4	99.6	
87.6	89.5	
88.6	89.7	
79.1	89.7	
30.5	87.9	
89.4	59.4	
86.6	69.5	
76.3	89.7	
76.5	89.7	
67.4	89.7	
98.1	89.7	
68.2	89.5	
85.6	57.6	
97.7	99.6	
89	68.9	
98.9	99.4	
99.1	99.2	
67	99.2	
98.3	98.8	
65.8	99.2	
96.9	99	
77.9	89.3	
78.1	99.4	
79.1	99.4	
88.4	99.4	
88.8	89.5	
88	99.6	
98.3	79.2	
78.9	99.4	
87.6	89.1	
99.1	99.6	
98.1	98.8	
77.1	89.7	
77.9	38.2	
98.5	79.2	
88.2	79.4	
98.7	-51.5	
87.6	36.8	
45	99.6	
56.9	99.4	
45.8	88.7	
55.1	99.4	
87.2	89.5	
89	99.6	
78.3	98.8	
98.9	89.3	
98.7	88.9	
98.9	99.2	
58.7	78.4	
97.7	89.5	
88.2	99.4	
68	18.6	
97.7	99.6	
59.3	48.9	
88.4	89.1	
13.7	88.9	
89.4	79.4	
98.5	89.7	
78.7	79	
88.8	99.6	
67	99.6	
89.2	89.5	
88	89.3	
88.4	99.2	
79.1	99.6	
68.8	79.6	
64.4	89.7	
97.9	99.4	
68	99	
98.3	99.4	
99.1	9.1	
88.2	89.3	
88.4	99	
87.8	89.5	
97.9	99.6	
79.3	98.8	
99.1	78.8	
88.4	99.2	
88.8	78.8	
89	78.6	
98.9	88.5	
87.6	99.4	
87.6	99.2	
98.7	89.7	
75.9	39.4	
53.3	99.2	
78.9	89.1	
78.1	88.5	
87	69.3	
68.8	89.7	
78.9	69.1	
56.3	99.6	
64.4	89.7	
99.1	79	
98.7	88.9	
99.1	59.4	
89.2	59.4	
79.1	79.6	
67.6	88.9	
88.2	77.8	
97.3	59	
56.1	89.3	
77.9	79.8	
89.2	99.6	
88.4	79.4	
59.1	99.4	
55.3	99.6	
65	89.3	
98.7	68.7	
72.5	99.2	
77.1	69.3	
87.4	79.6	
76.5	99.6	
96.7	99.4	
89.4	59.6	
98.3	89.5	
98.3	99.6	
77.9	99.6	
98.7	89.5	
99.1	59.2	
68.6	99.6	
98.7	79.2	
96.3	29.1	
46	99.2	
99.3	99	
89.4	99.6	
88.4	89.5	
89.2	39.2	
99.1	89.7	
77.5	99.6	
77.7	99.6	
98.5	99.4	
58.3	99.2	
89.2	99.6	
88.8	89.7	
88.2	99.6	
98.7	99	
77.7	59.4	
87.8	88.9	
70.3	99.6	
88.8	99.6	
88	99.2	
95.7	58.6	
88	89.1	
98.3	99.2	
89.4	99.2	
99.3	99.4	
98.3	99.6	
98.9	89.1	
96.3	99.2	
86.4	87.9	
98.7	99.4	
98.9	9.3	
78.9	99.6	
99.1	98.4	
88.2	99.4	
89.2	89.5	
87.8	99	
79.3	79.4	
98.5	89.1	
98.5	68.3	
88.8	99	
88.2	99.6	
77.3	99.4	
88.8	59.4	
67.8	99.6	
98.1	89.7	
89	89.5	
36.1	38.8	
77.7	99.6	
88	69.1	
89	99.6	
87.4	89.5	
79.1	99.4	
78.5	79.4	
99.1	89.3	
88	79.4	
88.6	59.2	
75.7	79.8	
86.4	99.4	
98.7	99.4	
98.9	99.4	
89	98.6	
99.3	99.6	
89.2	69.3	
34.9	99.6	
99.1	98.8	
99.1	69.5	
88.6	89.7	
89.2	99	
98.9	99.2	
99.1	99.4	
89.2	89.5	
88.6	78.4	
88.6	99.4	
67.4	89.5	
98.9	68.7	
99.1	99.6	
98.3	99.6	
69	89.5	
67.6	89.7	
66	99.6	
25.4	88.5	
98.5	99.6	
99.3	48.9	
79.1	99.4	
98.5	89.1	
88	99.2	
66.4	89.7	
48.2	99.4	
38.6	99.6	
87.8	99	
65.2	69.3	
98.3	99.6	
85	79.2	
89.2	99.4	
98.9	88.7	
89.4	18.8	
97.3	79	
87.2	79.4	
57.3	99.4	
88.8	99.4	
88.2	89.7	
88.4	89.1	
76.3	99.4	
86.6	89.5	
47	99.2	
88.6	59.6	
99.1	99.6	
99.3	79.6	
98.9	99.4	
68.4	99.2	
98.9	99.4	
89	78.8	
78.3	89.3	
99.1	79	
77.5	88.9	
86.8	-21.4	
78.9	99.6	
99.3	88.9	
99.3	99.4	
56.9	89.5	
98.7	99.6	
89.2	89.3	
88.2	98.2	
98.3	99.6	
79.1	99.6	
88.8	99.4	
78.5	79.2	
86.8	89.1	
88.6	19.2	
98.7	89.3	
99.3	89.5	
56.1	99.4	
88.6	99.6	
99.1	99.6	
98.9	99.6	
99.1	-1	
78.1	78.8	
78.5	98.8	
99.3	89.7	
98.3	99.6	
99.3	69.3	
98.9	69.3	
99.3	78.4	
98.9	99.4	
68.2	99.6	
98.7	38.2	
98.9	89.5	
25.2	99.4	
99.1	99	
98.7	99	
89.2	88.5	
98.1	99.6	
88.8	79.2	
89	99.2	
98.9	89.7	
99.1	89.5	
89.4	99.6	
99.3	99.6	
88.6	98.6	
46	89.5	
99.3	99.4	
89.2	99.6	
98.1	68.7	
87.8	99.2	
66.8	99.6	
68	99.6	
98.9	79.4	
98.7	99.4	
99.3	99.6	
98.3	99.4	
98.5	89.5	
64.2	99.6	
98.5	99.4	
98.3	89.3	
77.9	89.7	
98.7	99.4	
99.1	99.4	
88.8	99.6	
88.8	99.6	
98.1	89.5	
87.4	89.1	
89	99.6	
77.1	69.3	
98.1	78.6	
99.3	99.4	
79.1	78.2	
87.8	58	
98.9	48.1	
98.3	99.2	
88	99.6	
78.7	89.5	
88.8	37	
78.1	89.7	
88	79.6	
79.1	88.3	
98.1	99.6	
68.6	39.4	
98.9	89.1	
99.3	99.6	
98.9	98.8	
99.1	99.2	
66.6	89.5	
98.5	98.8	
78.7	89.5	
99.1	89.5	
99.1	89.7	
99.3	89.7	
98.3	89.5	
98.7	59	
98.5	79	
99.1	59.2	
98.7	99.2	
68.8	89.5	
87.4	89.7	
98.3	89.7	
88.8	89.3	
88	99.6	
96.7	99.6	
88.2	89.5	
96.3	99.6	
78.5	99.4	
89	99.6	
78.3	38.4	
35.5	99.4	
98.9	99.4	
98.7	99.4	
77.5	78.8	
89.2	99.6	
69.2	88.5	
88.8	78.8	
77.7	89.5	
65.4	89.7	
97.9	99.2	
77.9	99.6	
75.3	89.5	
98.1	99.6	
67.8	79.6	
87.6	89.5	
88.8	79	
98.3	78.6	
88.6	89.5	
98.5	89.5	
89	79.8	
99.1	89.3	
88.2	99.6	
78.7	99.6	
97.7	99.6	
98.7	99.4	
78.3	99.6	
88	88.9	
58.1	99	
86.4	99.2	
87.8	89.1	
88.8	99.6	
98.7	99	
76.7	-21.6	
98.7	88.5	
98.7	99.2	
99.3	98.8	
78.3	89.5	
98.9	88.5	
88.2	99.2	
98.7	99.6	
89.2	88.9	
88.8	98.8	
37.3	49.3	
98.9	89.3	
88.8	78.6	
55.7	89.5	
66	89.1	
97.7	89.1	
88.8	89.1	
87.2	89.7	
89	79.8	
97.7	88.3	
89	99	
88.6	56.6	
97.9	69.1	
88.6	99.4	
78.5	99.2	
89	99.4	
98.3	99.4	
99.3	89.5	
98.9	99.6	
46.4	99.4	
99.1	69.5	
99.3	99.4	
89.2	89.3	
98.9	99.6	
98.7	99.6	
79.1	99.6	
98.7	99	
78.9	99.2	
87.4	78	
79.3	99.4	
88.4	99.4	
78.1	99.6	
88.8	89.7	
67.6	79.4	
87.4	88.9	
99.3	89.5	
88.8	68.7	
98.7	89.5	
