56.3	8.7	
78.9	-680.9	
76.5	35.4	
88.6	48.9	
87.8	39.4	
82.4	69.5	
98.7	59	
79.1	59.4	
88.2	39.4	
96.5	19.2	
87.4	39.2	
93.5	19.2	
87	59.4	
98.7	29.3	
99.1	59.4	
97.1	59	
97.7	59.4	
98.7	39	
98.9	59.4	
98.1	48.9	
98.9	59.2	
77.3	29.3	
88.4	19.2	
89.2	-0.6	
86.6	19.4	
98.9	39.4	
89.4	29.5	
99.3	19.4	
98.7	29.5	
99.3	9.5	
99.3	-0.8	
99.1	-319.1	
98.7	46.3	
99.3	-1.4	
88.6	27.1	
99.3	58.2	
98.9	38.6	
99.1	-31.7	
89	-11.7	
99.3	-104	
99.3	29.3	
99.3	27.5	
99.3	-105	
98.9	-55.1	
99.3	87.9	
99.1	72.5	
98.7	-28.6	
89	-80.3	
99.1	-54.2	
99.3	-48.2	
99.3	-245.3	
98.9	8.6	
78.9	11	
99.1	7.4	
99.1	88.5	
98.7	-257.7	
99.3	11.4	
99.3	97.6	
99.1	99.4	
99.1	96.8	
99.1	86.6	
99.1	96.8	
99.3	98	
99.1	72.4	
99.3	99.4	
99.1	99.4	
99.3	99.2	
99.3	99.2	
99.3	99.2	
99.1	98.6	
99.1	89.3	
99.3	99.4	
99.3	98.8	
99.3	89.5	
99.3	99	
99.1	99.2	
99.3	99	
99.3	99.2	
98.9	99.6	
99.3	89.5	
98.9	99.4	
99.3	99	
89	7.1	
99.3	89.3	
99.3	99.2	
99.1	99	
99.3	99.4	
99.1	99.2	
99.3	99.2	
99.3	88.9	
98.7	99.4	
99.1	99.4	
99.1	99.4	
89.2	99.4	
99.3	99.2	
99.3	98	
99.1	98.2	
99.1	99.4	
99.3	99.4	
99.1	99.4	
99.1	99.4	
89.4	88.1	
99.1	99.4	
99.3	99	
98.9	99.2	
99.1	99.4	
99.3	99.4	
99.3	99	
99.3	99.4	
99.1	89.1	
99.3	99.2	
99.3	99.2	
99.3	99.4	
99.1	99.4	
99.3	99.4	
99.3	89.3	
99.3	99.6	
99.3	99.4	
99.3	98.8	
99.3	99.4	
99.1	99.2	
99.3	99.4	
98.9	99.4	
99.3	99.4	
89	99.4	
99.3	99.4	
99.1	99.4	
99.3	99.2	
89.2	99.4	
89.4	99.4	
99.1	99.4	
99.1	99.4	
99.1	99.4	
99.1	89.3	
99.1	89.5	
99.3	99.4	
99.3	98.6	
99.3	99.4	
99.1	99.4	
99.3	99.2	
99.3	99.4	
99.3	99.4	
99.3	99.6	
97.9	99	
89.2	99	
99.1	99.4	
99.1	99.2	
99.3	99.4	
99.1	99.4	
89.2	99.4	
99.3	99.4	
99.1	99.2	
99.1	99.4	
88.6	99.4	
99.1	99.4	
98.7	99.2	
99.1	89.1	
99.1	98.2	
98.7	99.4	
99.3	98.8	
98.9	98.6	
99.3	99.4	
99.1	99.4	
99.3	99.4	
89.4	99	
99.3	98.8	
98.9	99	
99.1	99.4	
99.1	99.2	
99.3	98.8	
99.3	89.3	
98.9	99.4	
89	89.3	
99.3	99.4	
99.3	99.4	
99.3	99.4	
88.8	99.4	
99.3	89.7	
99.3	99.2	
79.1	99.4	
88.8	99.4	
98.9	89.5	
99.1	89.3	
99.3	89.3	
98.7	99.2	
99.3	99.2	
99.1	89.3	
99.1	99.4	
99.1	99.2	
99.3	99.2	
99.3	99.4	
99.3	99.2	
99.3	99.2	
99.3	99.4	
99.1	99.4	
89.2	99.2	
99.3	99.6	
99.3	99.2	
99.1	99	
99.3	99.4	
99.3	99.4	
98.9	99.4	
99.3	99.2	
89	87.9	
99.3	99.2	
99.3	99.4	
99.3	89.3	
99.1	99.4	
89.2	99.4	
99.1	89.5	
89	99.4	
99.1	99.2	
99.3	99	
99.1	79	
99.1	99.4	
99.3	99.4	
89.2	99.4	
99.3	99	
99.3	98.8	
99.3	99.4	
99.3	99.2	
99.3	99.2	
99.3	98.8	
89.2	89.3	
99.3	99.4	
99.3	99	
99.1	99.4	
99.3	99	
99.1	99.4	
99.1	98.8	
99.3	99.4	
99.1	99.4	
98.7	99.4	
99.3	98.8	
98.9	89.5	
99.1	99.4	
89.2	99.2	
99.3	99.4	
99.3	99.4	
78.9	99	
99.3	99.2	
98.9	99.4	
99.3	99.4	
98.9	99.4	
99.3	99.4	
99.3	98.8	
99.1	99	
99.3	99.4	
99.3	99.4	
98.7	99.4	
98.9	99.4	
99.1	99.6	
99.1	99	
99.1	99.6	
79.1	99.4	
99.3	99.4	
99.1	99.4	
99.3	99.4	
98.9	99.4	
98.7	99.2	
89.2	99.2	
89.2	99.2	
99.3	99	
99.3	99.2	
98.9	99	
99.3	79.2	
89.4	99.4	
98.7	99.4	
99.3	89.1	
98.9	89.5	
99.1	99.4	
99.3	99	
89.2	99.2	
99.1	99.2	
99.1	99	
99.3	99.4	
99.1	99.4	
98.9	99.4	
99.3	99.4	
99.3	98.8	
99.3	99.2	
98.9	99.2	
98.9	89.5	
99.3	99.2	
99.3	99	
88.8	99.4	
99.3	89.5	
99.1	99.4	
89	99.4	
99.3	99.4	
99.3	89.1	
99.3	99	
99.3	99.4	
99.3	98.8	
99.3	99.2	
98.9	99.4	
99.1	99.4	
99.3	99	
98.7	88.9	
99.3	79.6	
99.3	89.5	
99.3	99.4	
99.1	99	
99.3	89.5	
99.1	99.4	
98.7	99.4	
99.3	99.2	
99.3	99.4	
99.3	98.4	
98.9	58.4	
99.3	99.2	
99.3	99.2	
99.3	99	
98.5	79.4	
99.3	99.2	
99.3	99.4	
99.1	99.4	
99.1	99.2	
99.1	99.4	
99.1	99.4	
99.3	88.7	
98.9	99.4	
99.3	99.4	
99.3	99.4	
99.3	99.2	
98.9	99.4	
99.1	99.4	
99.3	89.3	
98.9	99	
99.3	99	
89.2	99.2	
88.8	99.4	
69.2	99.4	
99.3	99.4	
98.1	99.2	
89.2	98.8	
99.3	99.2	
99.1	99.4	
99.1	99.2	
99.3	88.9	
89.2	99	
99.3	99.2	
89	98.8	
99.3	88.9	
99.1	99	
99.1	99.4	
88.8	99.4	
99.3	88.9	
99.3	99.4	
99.3	99	
98.9	99.4	
99.3	99.4	
99.1	99.2	
99.1	99.2	
98.9	99	
99.3	99.2	
99.1	99.2	
99.3	99.2	
99.3	99	
99.3	88.9	
99.3	99.2	
99.1	88.7	
99.3	99.2	
98.9	99.4	
99.1	99.4	
99.3	99.4	
99.1	99.4	
99.1	99.2	
99.1	99.4	
98.7	99.4	
99.3	99.4	
99.1	99.4	
98.5	79	
89.2	88.3	
89	88.9	
89	99.4	
98.9	99.4	
99.3	99.4	
98.9	98.8	
99.3	99.6	
99.1	99.6	
98.9	89.1	
99.3	99.6	
99.1	99.2	
99.3	98.8	
99.1	98.6	
99.3	99.4	
99.3	99.2	
99.3	99.2	
98.5	99.2	
99.3	99.6	
89.2	98.8	
99.3	99.4	
99.3	99.4	
99.3	99.2	
99.3	99	
99.1	99.4	
99.1	98.8	
98.9	99.2	
99.1	99.4	
89.4	78.4	
99.1	99.4	
99.1	99.4	
99.3	99.4	
99.3	99.4	
99.3	99.4	
99.1	98.8	
99.1	99.4	
99.3	89.5	
99.1	99.2	
99.3	99	
99.1	99.2	
99.3	99.4	
98.9	99	
99.1	99.2	
99.3	99	
99.1	99.4	
98.7	88.9	
99.3	99.4	
99.3	99.4	
98.7	99.4	
88.8	89.5	
89.2	99.2	
99.3	99.2	
99.3	99.4	
89.2	99.2	
99.3	99.2	
98.7	99.6	
99.3	99.2	
88.8	99.4	
98.7	99.2	
99.3	99.4	
98.9	99.4	
89.2	99	
99.1	99	
99.3	99.4	
99.3	99	
99.1	99	
99.3	99.4	
98.9	99	
99.1	89.5	
98.9	99.4	
98.9	99.6	
98.9	99.2	
99.1	99.4	
99.3	99.4	
98.9	99.6	
98.7	98.6	
99.1	99.4	
99.3	99	
99.1	99.4	
99.1	99.4	
99.3	99.2	
99.3	99	
99.3	99	
99.3	99.4	
99.3	99.2	
99.1	99.4	
99.3	99.4	
99.3	99.2	
99.1	99.4	
98.9	99.4	
99.3	99.4	
98.9	99.2	
88.4	99.4	
99.3	99.4	
99.3	99.2	
99.1	99.4	
99.3	99.4	
99.1	99.2	
99.3	99	
99.3	99.2	
98.9	99.2	
98.9	99.4	
99.1	89.1	
99.3	99	
99.1	99.4	
88.8	99.2	
99.3	68.9	
89.2	98.6	
99.3	99.4	
99.3	99.2	
99.3	99.2	
98.9	89.3	
99.3	99.4	
98.9	99.2	
99.3	99.2	
99.3	99.4	
98.9	88.7	
98.7	98.8	
99.3	99	
99.3	99.4	
99.3	99.2	
99.1	99.4	
99.3	99.2	
99.3	99.4	
88.6	99.2	
99.1	99.4	
98.9	99.2	
99.1	88.3	
