4.4	-222.2	
26.4	-31.7	
98.9	89.5	
12.7	-186.4	
76.7	69.5	
79.1	8.9	
78.5	89.3	
98.7	69.3	
87	26.3	
88.6	53.2	
94.7	78	
77.9	36.8	
98.9	88.7	
88.2	98.2	
61.2	97.6	
96.5	88.3	
98.9	98.8	
98.9	88.9	
88.2	88.1	
88.2	25.5	
67.8	98.4	
43.6	99.2	
88	97.8	
88.6	99.4	
98.1	99.6	
98.7	58	
88	99.4	
64.2	59.2	
98.1	78.4	
87.8	99.2	
98.3	88.9	
88	89.5	
96.9	99	
97.7	19.2	
78.7	98.8	
88.8	99.6	
99.3	99.6	
86.2	58.4	
98.5	78	
98.5	79.4	
98.9	97.4	
64.8	79	
73.3	99.4	
66.8	88.9	
76.7	78.4	
97.9	99.6	
88.6	99.6	
98.7	89.7	
88.4	99.6	
85	89.1	
67.8	79.8	
89.4	99.4	
77.7	69.1	
96.7	49.5	
67.8	89.1	
99.1	69.1	
96.5	99.4	
89.2	89.5	
88.4	99.2	
87.8	8.7	
98.5	99.6	
97.7	99.4	
96.9	89.3	
87.8	99.6	
86.8	89.5	
74.9	99.6	
88	99.6	
87.2	69.3	
98.5	88.9	
87.2	99.6	
78.1	99.6	
89	99.6	
79.5	99.4	
99.1	99.6	
98.9	99.6	
88	79.4	
99.3	99.6	
85.4	78.2	
98.5	99.6	
97.5	89.5	
67.4	89.5	
68.4	89.3	
99.3	68.3	
98.5	99.4	
88.8	98.8	
86.8	-161.6	
77.1	39.4	
78.7	59.2	
88.6	99.6	
98.9	99.4	
77.9	89.1	
88.8	89.1	
78.5	99.6	
99.3	99.4	
87.6	99.4	
88.8	89.5	
88.4	99.6	
67	89.7	
98.9	89.3	
98.9	28.9	
89	99.6	
88.6	99.4	
78.9	69.7	
78.9	99.2	
89.4	99	
89.2	99	
89.4	99	
67.4	89.1	
98.9	99.4	
68	99.6	
97.1	99.2	
78.9	79.6	
88.4	89.7	
99.1	89.3	
88	99.6	
88.6	98.8	
99.1	89.3	
99.3	78.8	
99.3	69.3	
98.1	99.4	
97.7	89.7	
89.2	99.4	
88.6	99.6	
88.8	98.8	
78.9	99	
47.2	99.6	
99.3	99.4	
89.2	89.7	
89.2	89.7	
98.5	89.3	
87	79.2	
99.3	59.6	
78.7	79.4	
88.6	99.4	
88.6	89.7	
98.9	89.1	
87.4	89.3	
66.8	79.4	
78.9	99.4	
88.2	99.6	
58.3	69.1	
98.3	79.6	
88.4	99.6	
57.3	99.6	
76.9	98.6	
57.3	79.4	
89	89.7	
98.9	88.5	
87.8	89.5	
97.5	78.8	
88.8	79.6	
87.6	99.4	
97.5	59.2	
77.5	48.3	
78.1	89.7	
88.4	99.4	
97.3	99.6	
99.1	89.3	
98.7	79.4	
89.4	68.5	
87.6	88.5	
89.2	99.6	
87.6	99.6	
88.4	89.3	
88.2	59.2	
88.4	69.3	
99.3	99.4	
99.1	89.7	
99.3	99.6	
88.4	99.6	
98.9	99.4	
98.9	89.3	
78.9	78.8	
98.5	89.5	
89	89.3	
89	89.7	
89	99.4	
78.9	79.4	
98.5	-31.5	
89	99.6	
98.9	78.6	
98.9	89.7	
98.9	99.4	
98.5	99.4	
77.3	99.6	
98.7	99	
87.2	89.5	
99.1	89.7	
99.3	99.4	
98.9	88.1	
88.8	99.6	
89	79.6	
98.9	99.2	
89	99	
98.9	99.6	
99.1	89.3	
98.7	89.3	
78.1	78.8	
88	79.4	
89	99.6	
98.7	88.9	
88.8	89.3	
98.1	99.6	
98.9	58.8	
98.3	79.2	
88.6	89.3	
66.8	69.5	
98.9	99.6	
76.7	89.1	
88.4	59.6	
99.3	69.7	
88	99.6	
77.5	99.4	
88.4	99.6	
88.8	99.2	
98.7	99	
88.8	99.6	
78.1	99.6	
98.3	99.6	
98.5	99.6	
78.1	89.7	
89.2	88.9	
98.9	59.4	
98.7	99.2	
88.8	69.1	
99.3	89.7	
89.4	98.4	
68	99.4	
79.1	99.6	
97.3	99.6	
99.1	89.5	
88.6	98.8	
98.5	99.4	
99.1	99.6	
89	69.3	
98.1	59.2	
87.8	99.2	
99.1	89.3	
77.9	79.6	
58.3	89.1	
88.4	99.6	
98.1	18.6	
99.1	29.3	
89.2	99.6	
98.7	99.6	
89	89.7	
99.3	89.1	
88.2	39.6	
98.7	99.4	
98.9	99.4	
99.3	99.6	
78.7	79	
99.3	89.1	
99.3	99.6	
98.1	99.4	
99.1	99.4	
98.7	89.5	
78.1	29.3	
77.5	89.5	
88.4	99.4	
97.7	69.3	
98.5	79.2	
77.7	99.2	
98.1	49.7	
36.9	48.1	
88.4	69.3	
98.9	99	
89	99.6	
88.8	99.6	
99.1	88.9	
88.8	79	
67.6	99.6	
98.9	99.6	
88.8	99.4	
48.4	99.6	
99.3	99.4	
99.3	58.6	
96.9	99.6	
89.4	99.6	
78.7	99.4	
98.9	89.1	
98.5	89.1	
78.3	99.6	
47.6	48.7	
88.4	99.6	
97.1	79.4	
46	99.6	
79.1	49.3	
99.3	78.8	
78.9	89.5	
99.1	79.2	
88.2	99.4	
98.9	99.6	
58.1	99.6	
98.9	89.7	
99.3	78.8	
99.1	99.4	
89.2	99.6	
89	99.4	
98.9	99.6	
78.5	99.6	
78.9	39.2	
88.2	89.1	
98.7	99.6	
77.9	69.5	
98.1	99.4	
88.8	99.6	
98.3	79.4	
88.6	99.2	
87.2	99.6	
88.6	69.1	
99.1	69.3	
97.7	99	
98.5	99.4	
78.3	59.6	
88.4	69.7	
76.7	99.2	
88.8	99.6	
88	89.1	
67.6	69.7	
99.3	79.4	
89.2	99.2	
99.1	99.6	
78.3	89.7	
99.3	89.7	
99.3	99.6	
88.2	99.4	
89	88.9	
89.2	89.7	
89	99.2	
78.5	89.7	
88.2	49.3	
77.3	99.2	
99.1	99.6	
89.2	99.2	
99.3	39.4	
89	89.1	
98.7	99.2	
88.2	99.4	
99.1	99.4	
67.8	88.3	
89.2	99.6	
68.4	99.6	
89	89.1	
99.1	89.7	
99.3	78.8	
98.1	59.4	
77.7	99.2	
97.9	78.8	
89	99.2	
58.1	48.5	
99.1	99.6	
97.7	89.7	
98.9	59.4	
99.1	79.4	
88.8	89.7	
89	99.6	
88.4	99.6	
88	78.6	
87.8	99.6	
99.1	99.6	
89	88.9	
57.1	89.7	
98.9	99.2	
89.2	99.4	
98.5	69.5	
99.3	69.1	
68.8	89.7	
89.4	89.5	
99.3	99.4	
98.9	99.6	
89.4	99.6	
87.4	79.8	
99.1	79.2	
99.1	59.4	
98.9	89.1	
89	88.9	
87.6	89.7	
98.9	99.6	
98.9	99.4	
88	99.2	
88.6	99	
57.7	99.6	
88	88.9	
98.3	99.6	
98.3	99.4	
98.5	99.6	
78.9	79.2	
88.8	99.4	
67.6	99.4	
97.3	99.6	
88.6	18.8	
69	69.5	
99.1	89.5	
89	69.5	
78.5	88.7	
68	99.4	
97.9	59	
99.1	89.1	
99.1	99.6	
98.9	89.3	
99.3	99.2	
89	99.2	
88.4	99.4	
78.9	89.7	
88.6	89.5	
79.1	98.8	
98.3	99.4	
98.7	99.6	
86.2	99.6	
88.4	99.6	
99.3	89.3	
98.5	89.5	
99.3	99.6	
87.8	39	
68.4	59.4	
88.6	88.7	
87.2	69.5	
77.7	99.6	
99.1	99.4	
99.1	99.4	
87.8	99.4	
89	99.4	
99.3	79.2	
88.8	99.6	
99.3	89.5	
98.9	99.4	
89	99.6	
88.6	79.6	
88.8	89.5	
98.7	89.1	
89.2	98.6	
89.2	89.5	
97.9	99.6	
47.4	99.6	
89	99	
98.3	89.1	
78.5	99.4	
97.9	99.6	
98.9	98.8	
78.7	99	
77.5	89.3	
98.9	99.2	
88.6	49.1	
99.1	99.4	
88.4	99.2	
88.2	59.4	
99.3	99.4	
98.9	99.2	
87.8	69.5	
98.3	79.4	
98.5	99.6	
98.9	99.6	
78.9	99	
98.3	89.7	
88.8	89.5	
89	99.6	
99.1	99.2	
79.5	99.2	
88.8	99.6	
98.9	99.6	
78.3	89.7	
98.7	79.8	
98.9	99.4	
98.5	89.1	
89.2	98.4	
97.7	69.3	
98.5	59.2	
88.4	99.6	
68.4	99.2	
98.9	99.4	
78.3	99.6	
89.2	39.2	
99.1	99.2	
98.9	99.6	
87.8	89.3	
77.9	89.3	
89	89.3	
97.7	79.6	
88.6	79.8	
99.3	69.5	
98.3	69.1	
66.6	69.5	
68.4	89.7	
78.7	79.6	
87.2	99.4	
88.4	69.3	
98.5	99.6	
98.9	79.6	
98.5	99.2	
79.3	99.6	
88.2	99.6	
78.5	98.8	
96.5	69.3	
89.2	99.4	
98.9	89.5	
78.3	99.4	
98.3	89.3	
79.1	79.8	
87.6	79.4	
