24.8	-322.2	
-93.7	79.4	
95.5	48.9	
98.5	99.2	
88.8	88.1	
41.6	79	
66.8	89.3	
-21.6	-10.9	
86.8	37.2	
88.4	76.4	
54.1	99.6	
98.3	87.7	
68.2	36.8	
57.5	79.2	
99.3	99	
99.3	49.1	
96.7	78.2	
98.3	98.8	
99.3	67.9	
87.4	99.6	
77.3	98.8	
57.3	99.4	
76.9	89.7	
77.1	99	
87.8	88.9	
78.3	88.7	
78.9	88.9	
96.7	89.5	
87.4	96.6	
78.5	89.3	
76.7	89.5	
99.1	69.3	
67.2	98.8	
88	99.6	
87.8	99.2	
99.3	79.4	
25.4	99.4	
96.9	99.2	
46.8	89.3	
89	89.1	
89	98.8	
89	59	
97.9	99.4	
44.6	69.1	
35.3	99.4	
78.7	99.6	
98.5	79.8	
98.9	99.6	
78.7	99.2	
97.3	79.8	
77.7	98.6	
42.2	99	
87.8	79.8	
97.3	78.6	
63.6	89.1	
89	58.2	
78.3	78.8	
67.6	7.3	
85.8	68.9	
78.7	89.1	
86.8	79.2	
66.2	99.6	
89	88.3	
77.3	69.7	
66	99.6	
78.1	89.5	
88.4	69.7	
86.8	29.7	
68	89.5	
97.5	39.2	
56.7	99.6	
87.2	99.6	
77.7	99.2	
99.3	58.8	
99.1	99.4	
88.8	88.9	
97.9	89.7	
99.3	58.2	
69.2	98.8	
68.4	99.6	
86.6	99.6	
99.3	78.6	
99.1	89.1	
87	49.5	
79.1	99.4	
99.1	89.5	
88.8	99	
99.1	99.6	
98.9	39.6	
88	79.4	
76.5	99.2	
88.4	79	
68.6	79.6	
96.9	48.9	
88.8	69.7	
88.6	99.2	
98.1	-1.2	
68.6	99.2	
89	89.7	
79.1	99.2	
88.8	58	
78.9	59.6	
99.1	99.4	
98.3	99.6	
95.9	59	
87	9.1	
76.5	89.1	
99.3	99.6	
87.8	29.3	
88	89.3	
67.8	79.4	
65.2	99.2	
55.9	99.6	
67.4	89.5	
87.4	99.6	
77.9	99.6	
67.8	99.4	
68	19.4	
77.3	89.5	
48.2	79.4	
68.4	88.1	
68	99.6	
89.4	99.6	
76.5	99.4	
98.7	99.6	
68	79.4	
89.2	48.7	
88.8	38.8	
97.5	88.9	
88.6	89.3	
78.7	99.6	
38.3	99.4	
58.3	99.2	
99.1	99.2	
98.9	99	
56.3	49.5	
98.9	78.8	
99.1	49.5	
98.3	29.1	
98.5	-0.6	
75.1	99.2	
88.6	69.3	
98.1	69.7	
99.3	79.6	
47	99.2	
66.6	89.1	
99.1	99.4	
89.2	99.4	
99.1	99.2	
88.2	58.8	
98.5	78.6	
98.3	69.3	
68.6	89.5	
46	89.3	
88	89.3	
86.6	99.6	
68.8	69.1	
47.6	89.3	
88.2	89.5	
98.7	88.5	
98.3	89.5	
57.7	79.8	
96.9	89.1	
57.5	98.6	
56.7	99.4	
99.3	59.4	
97.7	99.4	
88.8	49.1	
98.3	89.5	
87.6	89.1	
98.1	99.6	
88.6	19.6	
17.5	99	
88.8	78.8	
98.7	99.4	
68.4	78.8	
88.6	79.6	
87.8	99.2	
75.3	79.2	
76.1	89.3	
88.6	99.6	
78.5	99.6	
88.8	39.2	
76.3	89.3	
88.4	58.8	
99.1	99.6	
89	99.2	
89.2	99.2	
98.7	69.5	
88.4	89.5	
99.1	89.3	
96.9	89.5	
98.3	99.6	
58.1	8.9	
56.5	79.4	
98.7	69.1	
98.3	79.4	
58.3	79	
76.1	79.6	
98.7	89.3	
67.6	79.4	
79.5	88.9	
78.1	99.4	
67.6	79.8	
4.8	99.2	
88.6	89.5	
78.5	89.5	
77.9	57.8	
98.5	98.8	
89	99.6	
79.1	78.8	
98.7	89.7	
89.4	68.7	
67.6	89.7	
68	79.6	
98.9	39.2	
78.5	49.1	
87.8	89.5	
88	99.2	
88.6	99.4	
98.5	79	
88.6	99.6	
57.7	78.2	
69	79.4	
78.3	99.6	
67.2	79.6	
78.5	89.3	
69.4	99.6	
95.3	89.5	
98.9	79	
98.5	-21.2	
98.5	99.4	
88.2	99.2	
88.4	99.6	
89.4	99.4	
98.5	89.5	
78.7	99.4	
96.9	99.6	
87.4	88.9	
99.3	78.4	
78.5	99.2	
77.9	99.6	
47.4	-1.2	
98.3	98.8	
98.1	88.9	
66.2	89.1	
98.3	98.4	
57.1	79	
98.5	48.9	
87.4	88.5	
48.2	99.4	
86.6	99	
88.2	99.4	
98.7	29.1	
98.7	99.4	
78.5	99.6	
57.1	89.5	
86.8	49.5	
36.9	89.5	
89.4	78.8	
67	99.6	
98.5	49.7	
96.9	-22.2	
98.9	68.3	
87.4	79.4	
37.5	99.2	
48	39.4	
68.8	98.6	
88.8	99.6	
98.9	48.9	
97.3	8.7	
89.4	79.2	
89	98.8	
88.4	88.9	
68	69.1	
75.1	78.6	
78.3	79.8	
69	99.4	
57.1	98.6	
98.3	59.2	
99.1	88.9	
97.9	7.5	
15.5	99.2	
98.3	99	
98.3	79.6	
76.3	88.3	
99.3	79.4	
98.9	79	
78.5	99.6	
89.2	89.7	
87.6	99	
89	99.6	
98.7	89.5	
99.3	99	
99.1	69.5	
97.5	99.4	
98.1	99.4	
99.3	89.7	
78.5	69.5	
78.1	89.5	
89.4	99.2	
67.2	89.3	
97.9	79.4	
88.8	89.3	
55.9	99.6	
78.1	89.3	
56.7	59.4	
79.3	99.4	
98.9	89.7	
88.2	99	
68.2	69.1	
89.2	69.5	
89	79.8	
97.7	99	
78.9	88.7	
77.3	98.8	
78.3	89.3	
98.7	79.4	
88.2	99.4	
79.5	99.6	
69.2	79.4	
89.4	89.7	
78.9	99.4	
68.6	59	
89.2	99.2	
66.8	58.8	
88.6	89.7	
88.2	99.4	
88.4	99.6	
98.5	99.6	
58.3	99.6	
98.7	88.5	
78.9	89.5	
78.7	99.6	
98.7	99.6	
66.2	98.8	
97.9	99.4	
57.7	89.3	
46.2	79.6	
99.1	99.6	
97.1	48.7	
78.9	89.7	
99.1	99.4	
58.9	99	
98.3	49.1	
78.9	78.8	
78.7	89.3	
99.1	79.4	
89	69.7	
57.9	39	
98.3	89.5	
99.1	89.3	
36.9	98.6	
88.8	89.3	
98.9	69.1	
98.9	99.6	
89	48.1	
98.5	79.8	
47.6	99.6	
77.5	99.6	
87.8	89.5	
88	68.1	
48.2	99.6	
98.9	99.6	
98.9	69.1	
99.1	89.5	
89.4	89.3	
57.5	89.3	
67	99.6	
88.8	99.6	
98.1	99.4	
58.9	99.2	
99.1	79	
54.1	99.2	
79.3	79	
36.5	99.6	
98.1	89.3	
67.2	99.6	
98.5	89.1	
98.9	89.5	
88.2	59.8	
87.8	98.4	
98.1	87.9	
98.3	99.4	
88.6	99.6	
88.6	99	
98.5	99.6	
99.3	99.6	
89.4	79.8	
46	99.4	
88.2	89.3	
87.2	79.4	
48	68.1	
87	99.4	
79.5	69.3	
88.4	-31.9	
57.5	39.2	
67.2	89.7	
89	89.7	
78.9	78.8	
15.7	89.7	
88.8	99	
89	88.9	
75.9	79.2	
98.5	59.4	
56.5	99.2	
88.2	79.8	
88.8	99.6	
56.3	79.2	
77.1	69.1	
98.7	99.6	
34.7	79.4	
88	99	
98.1	79.6	
37.7	99.6	
76.5	79.4	
99.1	69.5	
98.5	68.7	
87.8	49.5	
98.1	89.3	
69	89.7	
87	99.6	
48	99.4	
89.2	99.2	
77.7	99.2	
98.5	99.4	
77.7	99	
98.9	68.7	
99.1	89.5	
76.3	69.3	
98.9	28.5	
88.8	99.6	
88.2	99.6	
78.5	99.2	
89.2	98.8	
96.3	89.3	
89	78.6	
78.3	98.4	
57.1	89.5	
88	-91.1	
77.7	49.3	
68.4	89.3	
78.3	89.1	
98.7	99.2	
56.9	99.6	
99.1	99	
99.1	99.2	
98.9	58.6	
77.9	99.6	
99.3	99.6	
89	99.6	
99.1	78.6	
88.2	88.9	
78.1	89.7	
56.5	78.8	
98.5	38.2	
96.3	88.7	
88.4	28.9	
88	89.5	
86.8	79	
88.4	99	
77.1	27.5	
98.3	58.2	
75.9	99.6	
78.5	69.1	
98.1	99.2	
88.8	89.7	
3	99.4	
88.4	69.5	
88.2	98.6	
97.9	99.6	
98.9	99.6	
99.1	89.5	
99.3	89.5	
78.3	98.6	
68.2	39.6	
77.3	69.1	
37.5	99.6	
88.8	89.1	
79.1	68.9	
79.1	99	
66.4	38.6	
98.5	79.2	
79.3	89.5	
97.7	87.3	
58.1	89.5	
98.7	99.2	
88.6	68.7	
78.9	89.1	
86	99.4	
68	99.2	
88.6	99.4	
97.7	99.6	
36.1	39.4	
46.6	99.2	
68.6	69.5	
55.1	58.8	
99.3	98.8	
88.2	79.8	
97.9	89.5	
