-68.3	-91.9	
98.3	-32.9	
-9.7	-13.9	
63.8	26.5	
56.5	78	
88.4	99.2	
68.4	98.2	
87.2	98.6	
98.3	99.2	
69	-112.9	
98.9	68.3	
99.1	49.3	
85.8	99.6	
87.8	99.6	
77.3	99.6	
76.1	99.2	
67	99.6	
98.7	99.2	
96.1	98.2	
68.6	99.4	
94.7	99.4	
46.6	88.7	
88.6	99.2	
98.9	68.7	
88.2	69.3	
98.9	59	
98.5	99.6	
79.1	99.6	
86.4	79.2	
97.7	99.6	
89	78.8	
88.8	79.2	
79.1	99.2	
58.7	99.6	
87	99.4	
99.1	88.9	
45	98.8	
78.7	99	
98.9	58.2	
83.8	99.2	
77.9	99.6	
68	99.4	
57.5	58.6	
87.4	98.8	
64.6	99.6	
88.8	98.8	
77.7	89.3	
34.7	99.2	
65.4	99.6	
95.9	99.2	
23.6	48.7	
88.4	89.3	
88.8	99.4	
98.9	68.7	
99.3	78.4	
87.2	89.3	
89.2	99.6	
98.5	79.4	
79.3	69.3	
88.4	69.1	
98.7	89.3	
89	38.8	
99.3	99.2	
98.9	99.2	
88.6	99.4	
88.8	99	
88.2	89.1	
77.3	28.3	
98.7	98.8	
99.1	89.3	
56.1	59	
46.6	99.6	
77.7	89.7	
99.1	99.6	
89.4	99.4	
58.5	89.5	
89.2	69.7	
98.9	68.5	
99.1	99.6	
99.1	99.2	
89	99.6	
78.1	79	
44.6	99.4	
68.6	99.6	
78.7	88.9	
98.5	99.6	
79.1	89.3	
78.3	99.4	
84	88.9	
99.1	99.6	
88.8	89.3	
98.7	99	
98.9	89.1	
98.7	99.6	
88.8	99	
89	89.1	
78.9	78.8	
99.3	99	
88.8	99.2	
99.3	89.7	
87.6	89.7	
98.9	99.6	
77.7	99.2	
89	29.1	
88.8	89.5	
88.8	99.2	
77.5	89.7	
79.5	89.3	
78.7	99.2	
98.5	99.6	
98.7	99.6	
79.1	99.6	
89.2	99.6	
88.8	69.5	
98.9	89.5	
88.6	99.4	
96.9	79.2	
99.1	99.4	
67.8	99.4	
98.3	88.9	
99.3	99.4	
88.6	79.6	
88	69.1	
88.6	99.6	
56.9	89.3	
89	99.4	
78.1	99.4	
88.8	99.2	
79.3	99.6	
78.3	79.2	
78.7	89.3	
98.9	99.6	
88.6	99.4	
99.1	99.4	
98.9	99.4	
89.2	99.6	
98.5	99.2	
89.4	98.8	
98.9	99.6	
78.3	79.2	
99.1	99.2	
89.4	99.4	
99.1	69.1	
89.4	99.6	
89.2	89.1	
98.9	99.6	
86.2	99.4	
98.9	99.4	
99.1	88.3	
98.5	99.6	
89.2	99.6	
99.3	79.8	
67.8	99.6	
99.3	99.6	
98.9	99.6	
99.3	89.1	
98.9	98.8	
68.2	99.4	
89.2	49.1	
97.9	99.6	
67.8	89.3	
56.9	89.1	
89	99.6	
89.2	89.3	
98.3	99.6	
88.2	99.4	
89.2	89.7	
98.3	79	
98.7	89.5	
78.7	99.6	
97.3	99.4	
98.5	99.6	
88.2	99.4	
88.2	49.1	
98.7	99	
89	99.4	
99.1	99.4	
88.6	99.4	
88.6	99.6	
97.9	99.6	
88.8	99	
89.4	89.3	
99.1	89.1	
98.3	79.2	
98.3	99.6	
98.5	89.5	
57.3	59.6	
98.9	99.6	
98.3	88.9	
78.1	89.5	
98.3	99.4	
99.3	89.5	
78.3	89.3	
87.4	79	
99.1	99.4	
88.8	89.7	
89	99.6	
16.9	99.6	
79.5	99.4	
88.8	89.3	
99.3	89.3	
97.5	79.6	
66.6	99.2	
89.4	99.6	
89.2	68.5	
88.6	89.7	
98.3	89.7	
99.1	99	
97.5	-11.1	
89	99.2	
87.4	99.6	
99.3	88.5	
67.6	89.3	
99.3	99.2	
89.2	99.2	
78.7	89.1	
89.4	69.1	
78.3	89.5	
87.8	89.1	
99.1	79.6	
88.6	89.3	
99.1	89.1	
87.4	89.7	
89.2	89.7	
87.8	88.9	
88.8	99.4	
89.2	79.4	
79.3	99.4	
98.5	19.4	
99.1	49.3	
86	98.4	
89	78.6	
79.3	88.9	
98.5	89.1	
98.5	39	
98.7	78.8	
98.9	99.4	
98.7	89.5	
79.3	99.6	
99.1	-14.1	
98.7	99.6	
99.3	99.4	
99.1	98.8	
89.4	99.6	
67.4	99.6	
99.1	99.6	
88.4	99.6	
89	99.4	
88.4	99.2	
89	99.6	
78.5	89.5	
78.1	78.4	
98.9	89.7	
88	79.2	
89.2	98.6	
99.1	99.6	
48	69.7	
98.1	89.5	
97.9	88.9	
99.1	68.9	
89	79.4	
99.1	78.6	
88.6	29.5	
98.7	69.5	
89	89.7	
99.1	89.5	
98.9	57.2	
89	79.6	
99.1	49.5	
88.8	79.4	
98.9	99	
99.3	99.6	
87.8	88.7	
98.9	89.7	
88.8	99.4	
79.1	78	
78.3	79.8	
68.4	99.6	
97.9	79.4	
99.1	99.6	
98.7	99.4	
98.9	99.2	
78.7	89.3	
88.8	69.1	
57.5	99.6	
97.7	89.5	
98.9	99.6	
78.9	98.8	
88	99	
57.5	99.6	
88.8	98.4	
99.1	89.5	
87.8	89.1	
99.1	99.4	
89	99	
88.6	79.8	
67.6	99.6	
99.1	99.4	
99.1	79	
99.3	99.6	
99.1	89.1	
88.2	99.4	
99.1	99.6	
5.6	99.4	
57.5	99.4	
97.9	99.2	
47.8	79.6	
78.5	99.6	
98.7	99.4	
96.7	99.4	
98.9	98.8	
98.5	89.7	
98.7	99.6	
88.4	89.1	
98.7	99	
88.6	99.6	
89	99.6	
88.6	99.6	
68	89.3	
98.3	89.1	
89.2	89.7	
99.3	89.7	
87.4	99.6	
77.9	99	
67.8	88.9	
65.4	59.6	
97.9	99.6	
88	89.7	
89.2	99.6	
58.5	19.4	
99.1	59.2	
89	89.3	
98.5	89.3	
89.2	89.7	
88.2	99.4	
78.9	89.7	
88.2	69.7	
86.6	38.8	
88.6	88.9	
77.7	59	
98.5	89.1	
96.5	48.3	
88.4	99.6	
98.9	99.6	
99.3	89.5	
99.3	99.2	
87.8	78.6	
78.5	89.5	
99.3	99.6	
98.5	99.6	
98.7	99.2	
88.2	89.3	
98.9	98.8	
78.7	99.6	
75.3	99.6	
98.7	89.5	
98.3	89.5	
97.9	89.1	
99.1	69.1	
87.8	99.6	
68.2	99.6	
97.1	58	
99.1	99.6	
57.1	99.4	
77.7	88.7	
76.7	38.2	
77.5	99.6	
77.1	99.6	
98.7	89.5	
98.7	59	
99.1	99.6	
98.1	89.5	
99.1	99.6	
67.8	99.6	
78.9	89.7	
88.8	99.2	
86.6	98.8	
78.1	79.6	
88.8	88.5	
98.1	99.2	
97.9	49.5	
89.4	89.3	
88.6	49.3	
78.7	99	
88.6	99.6	
99.3	99.6	
88	49.3	
99.3	79.2	
98.7	69.7	
99.1	99.4	
97.9	98.8	
98.9	99	
98.9	99.4	
98.9	99.4	
88.4	99.4	
89.2	99.4	
88.4	79.4	
88.4	79.6	
78.7	99.4	
68	98.8	
99.3	89.3	
89.2	99.2	
99.1	99.4	
88.6	88.7	
99.3	99	
88.2	99.6	
88.8	69.3	
78.7	79.4	
68.4	99.4	
69	99.6	
89	99.4	
68	79.6	
89.4	89.3	
79.5	68.7	
78.9	99.6	
88.4	89.5	
78.5	99.4	
89.4	89.5	
89	79	
79.3	99.4	
89.4	59.4	
68.6	89.5	
98.5	99.4	
89	99.4	
77.7	79	
88.6	79.8	
98.7	99.6	
99.3	99.2	
78.3	49.1	
89.4	99.6	
89	99.4	
99.1	99.2	
67.2	99.4	
89.4	99.4	
97.7	79.4	
99.3	89.3	
97.9	99	
99.3	89.1	
88.8	88.5	
99.3	99.4	
88.6	99.6	
88.2	88.5	
99.3	79.4	
98.5	79.4	
98.9	88.3	
78.3	79.6	
99.1	78.6	
88	79.8	
89.2	89.5	
89	49.1	
87.8	79.4	
97.9	89.1	
99.1	79.2	
88.8	99.6	
68.8	89.7	
97.3	99.2	
98.9	69.3	
98.3	99.6	
78.9	99.6	
98.7	98.8	
98.9	99.2	
98.9	89.3	
98.7	99.6	
78.7	99.6	
88.8	99.6	
15.7	89.5	
27.2	88.5	
58.9	89.5	
89	58.6	
99.1	99.6	
99.3	89.7	
79.3	89.3	
89.4	89.5	
88.4	89.3	
99.3	69.5	
76.3	78.8	
59.1	99.4	
68	99.6	
88.6	99.6	
77.5	89.3	
89	89.5	
88.4	79.6	
99.3	99.6	
68.2	99.6	
99.1	98.8	
98.7	99.4	
98.5	99.6	
88.8	99.4	
86.6	99.4	
98.5	99.4	
58.3	99.4	
88.6	-20.8	
89	99.4	
98.7	99.4	
69	28.7	
88.6	99.6	
98.7	89.3	
98.1	99.6	
79.5	69.7	
88.4	79.8	
