57.5	-204.6	
56.7	5.9	
40.8	79.4	
75.5	39.4	
99.1	79.6	
45.4	79	
66.8	29.5	
98.9	59.4	
55.9	79.4	
97.5	59.4	
68.2	79.4	
88.8	86.3	
84.4	69.7	
68.2	38.2	
88.6	89.3	
61.8	78.4	
97.5	45.3	
57.1	68.3	
58.2	99.4	
98.9	19	
85.6	59.6	
94.7	59.2	
88.8	19.6	
85.2	48.9	
83.6	-30.9	
83.8	-6	
67	79.2	
74.1	66.9	
77.5	38.2	
96.3	89.3	
74.5	38	
86.8	67.7	
98.9	68.7	
88.4	69.1	
89.4	88.5	
77.5	88.1	
82.8	79.2	
-39.9	69.1	
87.8	88.5	
62.8	98.8	
88.4	77.6	
87.2	99.4	
86	88.9	
76.7	88.7	
86.8	89.3	
98.5	39.2	
98.5	67.7	
93.9	99	
97.7	99.4	
97.7	78.4	
98.3	99.6	
66.4	98.2	
78.1	98.8	
78.7	99.6	
74.7	89.3	
98.3	89.1	
96.9	99.6	
98.5	88.7	
77.3	98.2	
78.9	77.8	
97.3	68.9	
66	88.7	
88.6	79.6	
88	99.6	
97.3	99.6	
77.1	99.4	
87.4	99.4	
98.7	99.6	
87.8	99.6	
99.1	99.2	
88.2	99.4	
88.6	99.6	
98.5	99.6	
88.8	99.6	
98.3	98.4	
78.5	99.6	
97.3	69.1	
98.7	99.4	
98.7	79.4	
97.7	99.2	
89	48.9	
99.3	99.2	
78.7	89.1	
78.1	99.6	
89	98.8	
97.9	99	
87.4	99.2	
99.1	99.6	
79.1	99.2	
86.6	39	
98.3	89.7	
88.2	88.3	
77.9	99.4	
88.2	78.6	
99.1	79.2	
79.5	99.4	
88.2	79.2	
78.9	99.6	
78.5	99.4	
97.7	99.6	
98.1	99.6	
88.6	99	
99.1	99.6	
89	89.5	
98.7	89.7	
77.3	89.3	
99.1	99.6	
99.1	89.3	
77.7	99.6	
98.3	99.4	
97.9	99.6	
99.1	68.9	
68.4	89.5	
97.3	79	
99.1	88.9	
88.6	99.6	
98.9	98.4	
98.3	99.6	
99.3	99.6	
97.7	69.1	
98.9	99.4	
88.6	19.2	
68	99.4	
96.3	99.4	
88.8	68.9	
88.8	99.4	
97.9	79.6	
99.1	69.1	
98.3	99.4	
99.1	99.6	
88.8	99.4	
98.9	59	
99.3	99	
89	89.3	
98.7	99.2	
88.6	99	
99.1	38.6	
98.9	58.8	
99.3	88.9	
99.3	88.7	
99.3	69.7	
98.7	89.5	
88.2	38.4	
88.6	99.4	
98.1	88.7	
98.7	89.1	
88.2	98.8	
76.7	99.6	
78.9	89.5	
99.3	99.6	
88.8	79.2	
89.2	99.4	
97.5	-12.5	
98.5	89.3	
98.7	99.4	
86.8	99.4	
88.8	89.5	
95.9	89.3	
87.6	99.6	
99.1	99.6	
89	69.5	
97.3	99.6	
78.1	99.4	
88.6	89.5	
88.4	99.6	
98.5	79.4	
89	89.5	
88.4	99.2	
89	79	
99.1	99.6	
98.7	99.6	
98.7	99.6	
69	99.4	
98.9	99.6	
99.1	98.8	
99.3	69.7	
97.9	98.8	
78.5	99.4	
97.3	99.4	
78.7	99.2	
67.4	99.4	
88.4	89.5	
78.1	99.4	
88	99.6	
98.7	99.4	
78.7	89.5	
98.7	99.6	
98.9	99.4	
99.3	88.7	
87.6	99.2	
97.7	99.4	
99.3	99.4	
89	99	
68.6	98.8	
78.9	99.4	
86.6	89.1	
89.2	69.7	
98.7	69.3	
99.3	78.8	
86.2	99	
99.1	69.1	
88.6	99.6	
98.7	99.6	
67.2	79.4	
99.3	88.3	
98.1	59	
58.7	8.9	
98.7	59.4	
68.6	68.9	
95.1	99.6	
88.8	99.4	
98.3	99.4	
99.1	79.4	
99.3	99.6	
98.5	28.7	
97.9	99.6	
87.6	99.6	
98.5	99.6	
99.3	89.7	
98.9	89.1	
98.9	89.7	
99.1	99.6	
98.1	89.1	
99.1	49.3	
99.1	89.7	
88.4	89.5	
88.6	99.6	
88.4	99.6	
98.9	59.6	
77.5	99.2	
57.9	99.2	
89.2	99.4	
99.1	89.5	
99.3	89.5	
99.1	99.6	
98.9	99.6	
88.4	99.6	
89	99.6	
99.3	99.6	
99.3	89.5	
89.2	89.7	
77.1	89.7	
87	98.8	
98.7	99.6	
89.4	99.2	
89	68.7	
98.7	79.4	
89.2	99.6	
89.2	99.6	
67.6	99.6	
88.6	99.4	
99.1	99.6	
89	79.6	
99.1	79.2	
79.1	99.4	
98.9	99.6	
98.9	99.4	
88.2	79.2	
88.6	99.6	
86.8	89.7	
78.9	68.7	
89.4	99.6	
98.5	99	
99.1	99.6	
89	99.6	
99.1	78.6	
99.1	99.6	
78.3	98.8	
99.1	99.6	
98.9	99	
98.5	89.5	
98.5	89.3	
98.9	99.6	
99.1	79.8	
98.7	68.5	
99.1	99.4	
88.8	99.4	
89.2	99.6	
98.7	89.5	
67.6	99.4	
78.9	99	
98.7	99.4	
97.9	89.5	
89	99.4	
87.6	99.2	
88.2	99.6	
98.7	99.4	
98.9	99.4	
89	99.4	
67.6	99.6	
99.3	79.6	
98.5	89.5	
89	99.6	
89	89.7	
79.1	69.5	
89	99.4	
99.3	88.7	
88.4	99	
79.1	89.7	
99.1	99.6	
87.8	99.6	
88.6	99.2	
97.9	99.2	
89.2	99.4	
87.8	99.2	
88	99.4	
78.7	99.4	
99.3	99.4	
58.3	99.2	
88.2	89.5	
98.5	99.2	
98.5	99.6	
98.9	99.4	
67.4	48.3	
98.3	99.6	
98.9	89.5	
68.8	98.6	
99.3	99.6	
98.5	99.4	
99.3	99.4	
89.4	79.4	
98.7	99.6	
89.2	89.5	
99.3	99.2	
97.9	98.8	
98.5	98.6	
98.7	79	
89.2	89.7	
97.9	98.8	
48	79.4	
88	49.7	
87.6	99.4	
87.4	99.4	
89	99.4	
89	99.6	
87.4	89.5	
87.6	89.3	
88.6	88.7	
98.9	89.1	
99.3	99.6	
99.1	79	
99.3	99.4	
99.3	99.6	
89	99.4	
98.5	48.5	
98.7	59.4	
99.1	79.4	
68	89.7	
89.2	89.7	
79.1	89.5	
99.1	99.6	
98.5	99.2	
89.2	89.1	
89.2	99.2	
88.4	79.8	
99.1	99.6	
99.3	89.7	
99.3	99.6	
89	89.1	
99.3	99.6	
99.1	99.4	
88.8	99.2	
88.2	99.4	
98.5	99.6	
89	89.5	
99.3	99.4	
98.9	98.6	
78.3	99.6	
78.7	99.6	
99.1	99.4	
98.5	88.7	
98.5	99.4	
99.1	99.2	
79.1	99.6	
89.4	99	
98.9	69.1	
98.9	88.9	
89.2	79.4	
99.3	88.1	
78.9	89.7	
88.8	39.2	
78.5	99.4	
68	99.2	
99.1	99	
98.3	99.2	
98.3	99.6	
88.6	89.7	
89.2	99.6	
99.3	99.6	
68.4	99.6	
99.1	99.2	
68	89.5	
98.7	99.6	
98.9	89.5	
78.3	89.5	
98.7	89.7	
98.9	69.5	
99.3	99.6	
89.4	79.8	
87.6	88.9	
77.9	89.7	
99.3	99.4	
99.1	99.4	
99.1	99.4	
79.1	88.9	
88.8	99.6	
88.8	99.6	
98.9	99.6	
89	99.4	
89.4	79.4	
98.9	89.7	
89.2	99.4	
89	98.8	
89	88.5	
99.1	99.2	
79.1	99.2	
89.2	89.7	
88.2	99.6	
87.4	99.6	
98.1	99.4	
78.3	79	
99.1	89.5	
88.6	79.2	
99.1	89.7	
98.9	99.6	
99.3	69.3	
88.8	88.9	
89.2	89.7	
99.1	98.8	
99.1	99.6	
78.1	99.6	
98.3	89.5	
99.3	99.6	
99.1	89.1	
97.5	89.1	
68.8	99.6	
99.3	89.5	
98.5	89.7	
79.1	79	
89.2	89.1	
98.3	79.4	
97.9	89.7	
98.5	89.7	
99.1	99.4	
76.7	99.4	
79.1	89.3	
99.3	79	
89	99.2	
97.9	99.6	
68.8	99.2	
97.9	79.6	
99.3	99.2	
88.6	98	
89.4	89.7	
78.9	99.6	
98.7	89.7	
89	89.3	
99.1	69.7	
89	89.7	
88.4	89.5	
99.3	88.7	
98.5	99.6	
99.1	99.6	
98.9	99.4	
98.5	99.2	
77.9	98.8	
88.8	89.5	
89.4	89.3	
87.8	99.6	
99.3	99.6	
89.4	89.3	
98.7	89.7	
99.3	99.6	
78.7	79.6	
88.6	49.3	
99.3	99.6	
99.1	89.1	
98.3	99.6	
98.7	99.2	
97.9	99.4	
89.2	79.6	
89	99.6	
98.9	98.8	
99.3	89.5	
99.1	99.6	
88.4	89.7	
97.9	79.4	
99.1	98.6	
98.1	99.6	
99.1	99	
88.8	89.5	
98.9	99.4	
79.1	89.5	
99.3	89.5	
99.3	99.4	
98.5	99	
99.1	99.4	
98.3	99.6	
89.4	89.7	
99.3	99.4	
