35.3	-41.6	
98.5	-217.7	
31.5	-53.5	
-9.7	77.4	
-109.2	66.1	
79.5	-2.6	
55.7	-121.6	
54.1	58.4	
65	-72.3	
55.9	59.2	
75.7	17.6	
97.3	7.3	
57.3	-21	
42.6	88.5	
73.7	-32.9	
98.1	67.9	
76.5	38.4	
67	79.6	
87.2	89.1	
89	78.4	
67.2	87.7	
49.9	-31.7	
57.5	78.6	
97.7	99.2	
87.6	85.5	
96.9	88.5	
77.5	7.1	
87.8	45.1	
61.6	-47.6	
98.5	88.5	
98.9	48.1	
97.7	79.2	
8.1	67.1	
66.2	-23.2	
68	69.1	
79.1	99.6	
98.3	79.8	
87	69.1	
89	-162.6	
77.3	89.5	
99.1	77.6	
98.9	28.3	
98.7	78.8	
88.6	89.3	
78.1	16.6	
96.1	88.9	
86.6	95.6	
96.9	89.7	
98.9	19	
65.8	89.7	
25.8	28.3	
87.4	19	
86.6	87.9	
99.3	56.4	
88.4	89.7	
88	88.9	
67.6	69.3	
97.7	67.3	
40.8	99.6	
-28.7	18.2	
75.5	96	
97.5	88.7	
34.3	48.9	
98.5	19	
99.3	8.7	
88.4	69.1	
88.6	74.6	
88.6	24.3	
56.5	-11.1	
68	16.6	
74.7	68.3	
97.5	99.4	
55.1	68.1	
56.9	39.6	
84.2	99.2	
76.7	98.2	
86.6	99.4	
78.9	99.2	
71.1	89.1	
96.9	98.4	
78.7	78.8	
79.1	99.4	
78.7	99.6	
54.7	99.2	
97.5	99.4	
98.3	88.5	
98.7	89.1	
99.1	99.4	
86.6	98.4	
58.1	99	
67.8	99.6	
66.4	99	
67	89.7	
88.2	39	
98.9	99.6	
44.4	98.4	
98.7	99.4	
98.9	69.1	
56.3	99.6	
88.4	89.3	
84.8	89.3	
48	89.5	
88	99.2	
87.8	59.6	
89.2	69.5	
17.1	79.6	
98.7	79.8	
98.7	89.5	
87.4	89.1	
99.3	18.6	
87.4	99.6	
88	89.5	
13.9	89.5	
58.9	99.6	
77.7	99.2	
46.2	99	
98.7	79.6	
99.1	98.8	
77.7	98.8	
67	79.6	
97.9	59	
98.3	99.6	
98.1	99.6	
78.7	99.6	
97.3	89.5	
77.3	89.7	
97.5	88.3	
67	99.6	
98.9	89.3	
98.9	89.5	
98.7	89.3	
97.9	99.4	
88	29.5	
98.3	89.3	
88.6	99.6	
97.9	39	
78.9	98.4	
78.7	99.4	
96.3	98.6	
98.3	-31.1	
85.4	99.6	
75.1	89.1	
98.7	99.4	
96.9	88.7	
88.8	79.6	
85.6	49.3	
89	-21.2	
98.5	89.7	
98.7	18.2	
87.6	49.7	
42.4	99.6	
98.7	99.6	
88.8	89.7	
96.7	99.6	
58.7	88.9	
16.3	99.6	
76.9	89.5	
88.6	99.6	
97.3	88.9	
97.7	99.6	
34.7	99.4	
98.5	99.6	
87.6	99.4	
98.3	67.7	
21.6	99.2	
86.6	39	
89	99.6	
65.6	89.1	
88.2	99.6	
98.9	79.4	
57.3	99.6	
99.3	39.6	
87	99.6	
88.8	59.2	
89.4	89.3	
99.1	89.5	
67.8	99	
98.3	89.3	
78.5	9.3	
98.7	68.9	
98.9	99.6	
86.4	89.5	
98.5	79	
95.5	59.8	
88.2	89.3	
68.6	59	
66.2	99.2	
54.5	99.4	
84.8	49.7	
88.4	99.4	
68	79.2	
78.5	89.1	
88.2	69.7	
87	89.7	
98.9	79.2	
98.1	99.6	
66.6	99.2	
88.8	79.6	
99.1	99.6	
98.5	68.9	
88.6	8.1	
97.9	98.8	
97.9	38.6	
88	89.5	
88	49.5	
97.5	79.2	
97.7	99.4	
98.7	99.4	
57.9	49.5	
77.3	78.6	
74.3	99.2	
98.1	68.5	
87.8	79.2	
98.7	47.1	
26.4	28.9	
88.8	-1	
98.7	89.7	
88.8	89.3	
79.1	59.8	
68.2	99.6	
88.2	79.8	
67.4	89.5	
88.4	49.5	
77.7	59.8	
88.6	19.2	
89.4	99.4	
78.1	99.6	
98.7	69.7	
99.1	89.7	
99.1	79.4	
88	99.4	
98.9	89.7	
88.2	99.2	
98.5	79	
85	99.6	
57.9	89.3	
98.9	99.4	
88.8	89.7	
89.2	88.7	
77.3	79.6	
79.1	69.3	
98.7	88.9	
87.6	98.2	
99.1	69.7	
88.4	99.6	
98.1	58.8	
56.7	39.4	
88.8	8.5	
67.6	99	
78.9	99.6	
78.5	99.2	
76.3	89.3	
47.8	59.2	
88	89.5	
97.9	78.8	
77.9	89.3	
87	79.2	
98.5	99.4	
98.1	99.4	
75.9	49.3	
36.5	79.6	
98.9	99.4	
87.8	99.6	
78.3	99.6	
66.8	99.4	
78.5	68.9	
87.4	99.6	
69.2	49.1	
77.9	88.9	
88.2	69.7	
73.9	99.6	
97.5	69.5	
98.9	99.6	
57.9	79.8	
97.1	89.3	
65.4	28.9	
88	99.6	
98.3	79.2	
45.6	89.5	
87.8	48.3	
89.4	78.2	
68.6	99.4	
98.5	59.2	
87	99.2	
52.1	-51.7	
89	29.3	
78.3	79.2	
65.4	78.6	
97.3	99.6	
86.2	89.3	
98.3	88.9	
84.8	28.5	
55.9	79	
57.1	79.8	
78.5	89.3	
98.3	49.3	
88.8	99.4	
88.8	99.6	
88.6	39.2	
54.3	79.6	
85.6	99.2	
68.2	79.8	
35.3	89.7	
88.2	98.6	
38.9	99.6	
88.6	69.3	
98.7	59	
96.9	89.7	
74.9	58.4	
64.4	88.5	
98.7	99.2	
68.6	99.6	
98.3	39.6	
98.5	58.2	
89	99.6	
88.6	98.4	
74.3	79.2	
96.9	99.6	
44.4	99.4	
96.7	89.5	
56.5	89.3	
98.5	99.6	
98.9	99.2	
98.3	99.6	
99.3	29.1	
98.7	89.5	
88	79.8	
67.4	89.5	
89.2	98.6	
78.7	88.9	
88.8	79.2	
78.7	99.6	
98.1	89.5	
87.6	79.6	
89.2	99.6	
98.1	89.7	
98.7	69.7	
87.8	99	
66.8	99.2	
78.1	99	
88.6	49.1	
99.1	78.6	
96.1	99.4	
68.4	88.9	
88.4	99.6	
67.8	89.5	
88.4	79.6	
88.8	69.7	
87	49.1	
98.7	99.6	
97.7	99.4	
99.1	48.9	
58.5	68.7	
98.1	99.2	
87.8	99.6	
87.2	99.4	
87.8	99.4	
57.9	99.6	
98.9	89.1	
76.7	99.6	
86.8	99.6	
57.7	99.6	
88.2	99.4	
97.9	99.4	
77.7	89.3	
97.5	69.3	
77.9	99.4	
46.8	99.6	
55.1	89.7	
87.2	49.1	
97.1	99.6	
87.6	79.6	
74.5	99.6	
98.5	79	
88.2	99.4	
88	99.4	
14.9	59.4	
99.1	29.1	
98.7	99.4	
78.7	89.1	
88	99.6	
89	88.9	
99.1	99.6	
99.3	79.6	
98.9	49.3	
88.6	99.6	
88	79.2	
88.2	89.3	
88.4	79.4	
88.8	99.6	
99.1	69.1	
89.2	99.6	
56.1	88.7	
87.8	29.7	
88.6	99.2	
98.5	89.3	
98.5	79.8	
86.8	89.5	
99.1	99.2	
98.7	99.4	
78.3	69.3	
78.7	69.1	
88	88.9	
87.8	88.3	
98.9	69.1	
87	99	
98.7	99.6	
78.9	99.6	
75.7	38	
88.8	89.5	
87.8	99.6	
89	99.6	
45.6	99.2	
98.9	89.7	
97.7	99.6	
78.3	89.3	
97.9	59.4	
69.2	89.1	
97.1	89.5	
88	99.2	
96.9	89.5	
98.5	99.6	
76.9	99.2	
87	89.5	
76.5	99.6	
87.2	88.9	
78.7	89.3	
78.7	99.6	
89.2	99.4	
85.8	89.1	
68.2	29.5	
77.5	89.1	
99.1	68.7	
98.7	99.4	
98.7	79	
56.9	98.8	
68.2	89.3	
88.4	99.6	
99.3	99.2	
97.7	89.1	
88.6	99.4	
87.6	79.6	
57.9	99.6	
68	48.9	
56.1	88.7	
96.9	99.2	
98.3	99.2	
88.2	28.1	
77.5	48.9	
75.5	99.6	
88.4	69.3	
88.4	99.6	
86.6	98.8	
88.2	-0.8	
98.7	99.4	
98.9	8.5	
45.6	98.8	
98.5	88.3	
77.1	99.6	
98.9	89.1	
98.5	79.2	
97.7	98.6	
98.1	79.6	
88.2	98	
88.8	89.7	
98.7	79.6	
77.1	89.1	
78.7	99.4	
96.7	99.6	
77.3	99.2	
88.8	89.5	
66.6	39	
77.9	89.5	
97.7	89.5	
89	99.6	
78.1	59	
99.3	99.6	
78.1	99.6	
78.5	79.8	
56.5	99.6	
78.7	79.4	
78.1	89.5	
98.9	69.7	
88.6	89.1	
98.7	99.6	
78.7	89.3	
97.7	89.3	
87.6	68.7	
77.1	89.1	
88.8	99.6	
68.6	79.8	
97.9	68.5	
88	99.4	
98.9	99.6	
88.6	99.6	
88	99.6	
87.4	99.2	
89.2	89.5	
98.5	78.6	
88.8	99.6	
