-72.7	8.1	
17.8	39	
46	-31.5	
70.9	79	
62.2	79.6	
81.2	59	
77.9	87.9	
88	-2.4	
15.2	69.5	
97.5	18.2	
79.1	78.4	
77.7	88.1	
83.4	58.2	
82.6	57	
99.1	99.4	
69.3	69.1	
69.3	79	
88.2	89.5	
78.9	69.1	
98.5	59.2	
87.4	68.3	
98.7	79.2	
89.4	79.2	
87.4	89.5	
99.1	99.6	
98.1	78.6	
97.7	69.5	
87.6	99.6	
98.9	69.3	
88.6	99.6	
89.2	99	
76.7	99	
77.1	99.4	
99.3	99.6	
97.9	59.4	
76.5	99.6	
98.1	99.6	
97.5	99.6	
98.7	99.4	
88.4	79.6	
96.9	99.6	
99.1	38.8	
88.8	99.6	
95.1	99.6	
98.7	99.6	
89	58.4	
99.3	79	
99.1	89.5	
89	98.4	
87.6	79	
88.8	99.6	
89.2	99.6	
78.3	89.5	
98.7	99.6	
98.9	79	
98.9	49.3	
88.6	99.6	
89	88.9	
99.1	99.2	
88	98.4	
99.1	98.8	
99.3	99.2	
89	79.4	
98.5	99.6	
77.5	78.2	
98.9	79.2	
89.2	99.4	
98.5	99.6	
89.4	69.3	
87.8	99.4	
89.2	99.4	
99.1	99.4	
79.1	99	
99.1	79.6	
89	39.4	
98.3	99.4	
99.1	58.2	
99.3	99.4	
98.7	99.4	
99.1	99.6	
89.2	88.7	
89.4	89.5	
89	78.4	
88.8	89.1	
88.8	99.6	
99.1	89.3	
98.7	99.2	
79.3	99.6	
98.9	-1.2	
99.1	99.6	
97.9	69.7	
78.5	99.6	
89	99.6	
88.4	99.6	
78.1	89.3	
77.3	99.2	
98.7	99.6	
88.8	78.4	
87.4	89.5	
99.1	88.3	
99.3	99.4	
99.1	99.2	
98.9	99.6	
99.3	99.6	
98.7	99.4	
77.7	79	
98.3	99.6	
88.8	99.6	
99.3	99.4	
99.1	9.1	
89.4	99.6	
89.2	99.6	
78.9	89.5	
78.1	89.5	
88	88.7	
89.2	89.5	
99.1	99.6	
98.3	99.4	
98.7	99.6	
99.1	79.4	
68.6	98.8	
98.9	68.9	
88.8	79.2	
89	99.2	
87.8	99.6	
98.9	89.5	
99.3	69.5	
99.3	99.6	
88.8	69.5	
99.1	99.4	
99.1	99.4	
98.7	99	
99.1	99.6	
98.9	99.6	
98.9	69.5	
97.7	59	
99.3	99.6	
98.7	89.3	
99.3	99.6	
99.3	89.1	
99.3	99.4	
99.3	99.6	
99.3	89.7	
98.5	99.6	
89.2	99.2	
99.3	89.5	
99.1	99.4	
89	89.3	
88.8	69.3	
98.7	88.5	
98.9	99.6	
87.4	99.6	
68.8	99.6	
99.1	99.6	
99.1	99.2	
88	99.6	
99.1	89.3	
98.9	99.6	
98.9	88.9	
98.9	89.5	
99.1	79	
99.1	99.6	
99.3	99.4	
99.1	79.2	
99.3	99.4	
99.1	99.4	
78.9	79.4	
99.3	88.9	
89.2	99.6	
88.8	39.4	
99.3	99.4	
79.5	99.6	
98.9	79.6	
57.7	99.6	
99.3	78.4	
87.4	99.6	
88.8	99.6	
99.1	99.6	
99.1	49.3	
88.8	99.6	
89.4	89.3	
79.1	89.5	
99.3	89.5	
99.1	89.3	
99.1	89.1	
99.1	39.2	
99.1	99.4	
99.3	99.2	
99.3	99.6	
98.9	99.6	
99.3	89.3	
99.3	89.7	
99.1	89.5	
88.2	89.1	
88.4	99	
89	98.8	
98.9	99.4	
89.4	99.6	
78.9	89.1	
98.5	99.6	
99.3	99.6	
88.4	99.6	
98.7	99.6	
98.9	99.6	
78.5	99.4	
89	99.6	
99.3	88.9	
98.9	99.6	
99.1	99.6	
78.1	99.2	
98.3	89.7	
99.1	99.4	
89	99.6	
89	99.6	
99.3	89.7	
98.9	99.6	
98.9	99.4	
99.3	79.4	
88.6	99.6	
89.4	99	
88.2	89.5	
88.4	99.6	
88.8	79.4	
89.4	89.3	
98.9	89.1	
99.1	88.7	
79.5	99.4	
98.5	79.4	
99.3	99.4	
89.4	89.5	
99.3	89.3	
99.3	99.6	
89.2	99.2	
98.9	99.4	
99.3	99.6	
99.3	99.4	
99.3	99.6	
89.2	99.6	
99.3	68.9	
89.2	99.6	
99.1	99.4	
89.4	99.6	
78.3	99.6	
88.4	99.4	
89.2	99.4	
89	58.4	
99.1	89.5	
99.3	99.6	
97.7	99.4	
89	99.6	
89.4	79.4	
78.3	79.4	
99.3	99.4	
99.1	99.4	
99.1	99.6	
98.7	89.1	
99.1	89.3	
98.1	99.6	
79.1	89.5	
98.9	99.2	
98.7	99.6	
88.6	99.6	
79.3	99.4	
88.6	99.6	
99.1	99.6	
98.9	89.5	
99.1	99.4	
89.4	99.6	
99.1	89.5	
98.1	99.4	
98.9	99.6	
98.9	99.4	
89.4	89.5	
89.2	99.6	
99.1	99.6	
99.1	89.3	
89.2	99.6	
88.4	99.6	
99.1	69.3	
98.9	99.6	
99.1	89.3	
98.1	79.6	
99.1	99.6	
99.3	99.6	
89	99.6	
98.7	89.5	
89.2	99.6	
98.9	99.6	
78.1	89.5	
88.6	99.6	
99.3	99.6	
99.1	99.4	
99.1	99.6	
78.1	99.6	
89	99.6	
98.7	88.9	
98.7	79.4	
99.3	99.4	
98.9	99.4	
89	89.5	
99.3	89.3	
89	99.6	
99.3	79.2	
79.1	99.6	
99.1	89.7	
99.3	99.4	
99.3	99.4	
88.8	89.3	
98.7	99.6	
89	99.6	
99.3	99.6	
99.3	89.5	
99.1	99.4	
99.3	99	
99.1	99.6	
99.3	99.4	
98.7	88.5	
98.9	99.4	
99.3	99.4	
88.2	89.3	
99.1	99.4	
99.3	89.5	
88.8	99.4	
99.1	99.4	
99.1	99.6	
98.5	99.6	
98.9	69.3	
98.5	89.5	
89	89.7	
99.1	69.3	
99.1	59	
89	99.2	
99.3	99.6	
99.3	99.6	
99.3	99.6	
78.9	99.6	
99.1	99.4	
99.1	89.5	
99.3	99.6	
99.3	99.4	
98.9	99.6	
99.1	99.4	
99.3	89.5	
89	99.4	
89.4	99.6	
89	99.6	
99.3	99.6	
98.9	99.6	
98.9	79.6	
99.3	99.6	
99.3	99.6	
99.3	99.6	
98.9	99.6	
99.1	89.3	
98.9	99.6	
98.9	69.5	
99.1	99.6	
99.3	99.4	
89.2	99.2	
98.9	99.4	
98.7	99.2	
89.4	99.6	
89.2	89.3	
98.9	99.6	
99.3	99.6	
99.1	99.6	
99.3	99.6	
88.8	99.6	
99.1	89.7	
99.1	78.4	
99.1	99.6	
98.7	99.6	
88.8	88.9	
99.3	99.6	
99.3	99.6	
89	88.7	
89.4	99.4	
89.4	99.2	
99.3	79	
99.3	99.2	
78.1	99.6	
88	99.6	
89	89.3	
99.3	99.2	
89.2	99.2	
57.5	99.4	
99.3	99.4	
99.3	99.6	
99.3	89.1	
99.3	79	
99.1	89.1	
98.7	99.4	
99.1	98.8	
98.5	99.6	
98.3	99.4	
89.2	79.6	
98.7	99.6	
99.3	99.4	
88.4	99	
98.9	89.1	
99.1	99.6	
98.7	99.2	
98.9	79.2	
88.4	99.6	
98.9	69.3	
99.3	99.6	
98.5	99.6	
98.7	89.1	
88.8	99.2	
98.9	89.3	
99.1	89.1	
99.3	99.6	
99.3	89.7	
89.4	99.6	
88.6	99.4	
98.9	98.8	
99.1	99.6	
98.9	99.6	
98.9	99	
89.2	99.6	
78.5	99.4	
79.3	99.6	
99.1	99.4	
98.7	99	
98.7	99.4	
99.1	99	
89.2	89.5	
78.7	99.6	
58.9	89.7	
98.5	89.5	
87.6	99.6	
78.7	99.4	
99.3	99.6	
99.3	99.2	
89	99.6	
89.2	99.6	
99.1	79.8	
98.9	99.4	
99.3	89.5	
88.8	89.3	
98.5	99.4	
88.6	99.2	
87.8	99.2	
89.2	89.5	
99.3	99.6	
99.3	99.6	
68.8	89.3	
98.7	99.4	
98.9	99.6	
98.9	99.6	
99.1	99.4	
78.9	79.2	
89.4	89.5	
98.1	99.6	
89.2	99.6	
89	89.3	
99.3	99.2	
99.1	99.4	
89.2	99.4	
99.3	89.5	
88.6	99.4	
98.9	99.4	
89.4	99.6	
88.4	99.6	
99.1	89.5	
99.3	99.6	
98.1	89.3	
89.2	99.6	
98.9	99.6	
99.3	79.2	
77.9	99.6	
99.3	99.4	
99.3	99.6	
88.8	39.4	
98.7	89.5	
89.2	69.7	
89.4	59.4	
99.3	99.6	
98.9	99.4	
99.1	99.6	
98.9	99.6	
99.1	99.6	
88.6	89.3	
98.9	89.5	
89.4	99.4	
88.8	99.6	
99.1	99.4	
78.5	99.6	
69.2	99.4	
99.3	89.5	
99.3	99.6	
89	89.3	
99.1	99	
88.8	88.9	
98.9	99.6	
79.5	89.7	
78.7	99.2	
99.1	99.6	
99.1	78.6	
98.9	99.4	
