65.6	-82.6	
48.4	68.1	
75.1	79.4	
76.9	79.2	
96.7	48.9	
77.5	88.5	
96.3	79.8	
98.1	89.3	
98.9	99.2	
47.4	89.3	
99.1	89.3	
98.7	88.9	
98.9	89.1	
97.9	88.3	
88.4	88.7	
98.9	89.3	
99.3	88.7	
99.3	89.3	
78.1	89.5	
99.1	89.3	
98.5	79	
99.1	78.8	
79.1	99.6	
89	99.6	
99.3	89.5	
98.5	99.4	
98.9	59.4	
99.3	99.6	
99.3	89.1	
98.9	99.6	
99.1	99.6	
99.3	89.3	
99.3	99.4	
97.5	89.5	
86.4	99	
99.3	89.3	
89	99.6	
98.9	99.4	
89	99.4	
98.5	99.6	
88.8	99.6	
98.9	99.6	
69	88.5	
68.8	99.6	
99.3	99.6	
98.9	99.4	
99.3	99.4	
89.2	99	
99.1	99.4	
98.7	89.1	
99.1	99	
98.9	98.8	
99.1	99.6	
89	99.2	
98.9	99.6	
88.8	99.6	
99.3	99.4	
99.1	99.6	
98.9	98.6	
98.3	99.4	
89.2	99.4	
89.2	99.6	
89	89.5	
98.7	99.6	
99.1	89.5	
98.9	99.2	
99.1	99.6	
99.1	99.6	
88.4	99.6	
99.3	99.4	
99.1	99.4	
99.3	89.5	
99.3	99.6	
99.3	99	
89	99.6	
99.1	79.4	
99.3	99.4	
99.3	89.5	
98.5	99.2	
99.3	99.6	
98.9	99.4	
99.1	99.6	
98.9	99.4	
99.1	79.4	
99.1	89.7	
98.9	99.6	
98.9	99	
99.3	99.6	
99.3	79.4	
99.3	99.6	
99.1	99.6	
99.3	99.6	
99.1	99.6	
98.5	99.6	
99.3	99.2	
98.7	99.6	
99.1	99.6	
99.1	99.6	
78.7	89.5	
99.3	89.5	
98.1	99.4	
99.3	89.5	
99.3	99.6	
99.3	99.6	
98.9	99.6	
78.5	99.6	
98.3	99.6	
98.9	99.4	
99.3	99.6	
99.1	99.4	
99.1	79	
78.9	99.4	
99.3	99.6	
99.3	99.6	
99.1	99.6	
99.3	99.6	
99.3	99.6	
99.1	99.6	
88.8	89.5	
99.3	99.6	
99.3	99.6	
99.3	99.6	
78.5	78.8	
89.2	99.4	
88.4	99.2	
99.1	99.4	
98.9	89.5	
98.9	99.6	
98.9	89.5	
99.1	79.8	
99.1	99.4	
99.3	99.6	
99.3	99.2	
98.9	99.6	
98.9	79.4	
88.4	99.6	
99.1	99.6	
88.6	99.4	
99.1	99.6	
88.2	99.6	
89	99.6	
88.4	99.6	
99.3	89.5	
98.9	99.6	
98.5	99.4	
99.3	99.6	
88.8	99.4	
68	99.4	
99.1	69.7	
98.7	99.6	
99.3	99.6	
99.3	99.4	
99.3	99.6	
99.3	99.6	
98.7	99.6	
98.9	99.6	
99.3	89.1	
89	99.6	
98.9	99.6	
99.1	99.6	
98.9	99.6	
99.1	99.2	
98.9	99.4	
99.1	99.4	
89.4	99.2	
99.3	99.2	
89.4	89.5	
98.9	99.4	
99.3	99.6	
99.3	89.5	
89	99.6	
99.1	99.6	
99.1	99.6	
98.7	99.2	
99.1	99.4	
98.9	99.6	
99.1	99.6	
98.9	99.2	
99.3	99.4	
88.6	99.6	
99.1	99.4	
99.3	89.5	
99.1	99.4	
98.9	99.6	
88.8	99.6	
99.1	99.6	
89.4	99.6	
68.6	99.6	
99.1	99.6	
99.3	99.6	
88.6	99.6	
89.2	99.2	
78.5	99.6	
98.9	99.6	
99.3	99.6	
88.2	99.4	
99.3	99.6	
99.3	99.6	
89.2	99.6	
99.3	99.6	
99.1	99.4	
99.3	89.5	
78.9	99.6	
99.1	89.5	
98.9	89.3	
98.9	88.9	
98.9	99.6	
99.1	99.2	
98.9	99.6	
99.3	79.8	
99.3	89.3	
98.3	99.6	
99.3	79.8	
98.9	99.6	
99.1	99.6	
99.3	99.6	
99.1	89.7	
98.7	99.6	
99.3	99.4	
98.9	89.5	
98.3	99.6	
98.9	99.6	
98.9	99.6	
99.3	99.6	
98.9	99.4	
99.3	99	
78.3	99.6	
89.4	99.6	
99.1	99.4	
98.1	99.6	
88.8	99.4	
98.3	89.3	
99.3	99.6	
89.4	99.6	
88.4	99.6	
98.9	99.6	
99.3	89.5	
99.1	99.6	
99.1	99.4	
88.2	99.6	
99.3	99.4	
89.4	99.6	
99.3	99.6	
98.9	88.9	
98.9	99.6	
79.1	99	
99.3	99.6	
99.3	99.6	
89.2	69.1	
99.1	99.6	
99.1	99.6	
98.9	89.3	
99.3	99.6	
99.1	89.3	
89.2	89.7	
89.2	89.3	
98.9	99.6	
99.3	99	
89.2	79.6	
98.7	99	
88.8	89.3	
99.3	99.4	
99.1	99.2	
89.4	89.5	
89.2	99.6	
99.1	99.6	
99.3	99.4	
98.9	99.6	
98.7	89.5	
98.9	99.6	
68.6	99.6	
98.5	99.2	
98.3	79.8	
99.1	99.4	
99.1	99.6	
88.4	99.6	
79.1	99.4	
99.1	99.6	
98.9	99.4	
99.1	99.6	
89	99.6	
99.1	99.4	
98.9	89.5	
98.7	99.6	
99.3	99.6	
99.1	99.6	
98.7	99.6	
89.4	89.3	
99.3	99.2	
99.3	99.4	
98.5	99.6	
99.3	69.3	
88.8	99.4	
98.9	99.4	
98.9	99.6	
99.3	99.6	
89.2	89.7	
98.1	89.3	
99.3	99.4	
89.2	79.8	
98.9	99.6	
68.8	99.4	
99.1	89.3	
89.2	89.5	
98.7	99.6	
98.7	99.2	
99.3	99.2	
98.9	99.6	
99.1	99.6	
99.1	99.6	
98.9	99.6	
99.1	99.6	
79.3	99.6	
98.7	99.6	
99.1	99.6	
99.3	99.6	
99.1	79.8	
98.7	99.6	
89	99.6	
98.9	99.2	
99.1	99.4	
98.9	99.2	
89.2	99.6	
99.3	99.6	
99.1	79.8	
99.1	99.4	
99.1	89.3	
99.3	99.6	
89.4	99.4	
98.7	99.6	
98.7	89.1	
98.9	99.4	
99.3	99.6	
99.3	99.4	
89.2	99.6	
98.7	89.5	
99.1	89.5	
88.6	99.4	
88.8	99.6	
98.9	99.6	
89	99.6	
99.3	99.6	
88.6	89.7	
99.1	69.7	
79.1	99.6	
89.2	99.4	
97.7	99.6	
89.4	99.4	
89.4	99.6	
99.3	99.6	
99.1	99.4	
89.2	99.6	
99.1	99.6	
99.3	99.4	
98.7	99.2	
99.3	99.6	
98.3	99.6	
99.3	99.2	
99.3	99.2	
99.1	99.6	
99.3	79.6	
99.1	99.4	
99.3	89.7	
99.1	99.6	
89.4	79.4	
99.3	99.6	
99.3	99.6	
99.3	79.4	
98.7	89.3	
99.3	99.6	
99.3	99.4	
99.1	99.6	
98.9	89.1	
58.7	99.6	
99.3	99.2	
99.3	99.6	
99.3	89.5	
89.4	99.6	
99.3	89.1	
89	99.2	
99.3	89.5	
99.3	99.6	
99.3	99	
99.1	79.4	
99.1	99.6	
89	99.6	
99.1	99.6	
99.3	99.4	
99.3	99.4	
99.3	99.6	
98.7	99.6	
98.9	99.6	
98.1	89.7	
98.3	99.6	
79.1	99.6	
98.9	88.9	
99.3	89.3	
99.1	99.6	
99.3	99.6	
99.1	99.6	
99.3	99.4	
99.3	99.6	
99.3	99.6	
88.6	99.6	
99.3	89.7	
99.3	89.3	
89.4	79.6	
88.6	99.6	
99.3	99	
89	99.4	
98.9	69.5	
98.7	99.6	
99.3	99.2	
89.4	99.6	
89.4	89.5	
98.9	99.6	
89.2	79.8	
98.9	99.6	
99.3	99.4	
79.1	79.4	
98.5	99.6	
99.1	79.8	
98.7	99.6	
99.3	99.4	
89	99	
89.4	79.2	
99.3	99.6	
99.3	99.6	
99.3	89.3	
98.5	99.6	
99.3	99.6	
99.3	99.4	
99.3	79.6	
99.1	99.6	
99.3	99.6	
98.7	99.2	
89	99.6	
88.8	89.7	
99.3	99.6	
99.3	59.8	
98.9	99.4	
99.1	99.4	
98.9	99.2	
99.1	99	
99.3	99.4	
99.3	89.7	
99.3	89.5	
99.1	99.6	
89	99.2	
98.9	99	
88.6	99.4	
99.3	99.4	
99.1	99.6	
99.3	99.6	
99.3	99.6	
89.2	99.6	
99.3	89.5	
99.3	69.3	
99.3	79.8	
99.3	99.4	
99.1	99.6	
89.4	99.2	
99.3	99.6	
78.5	99.6	
99.3	89.5	
89	99.6	
99.1	99.6	
89	88.9	
99.3	99.6	
89.2	99.6	
99.3	99.4	
89.2	99.4	
89.2	99.6	
99.3	89.5	
89	79.2	
99.3	99.6	
99.3	99.6	
99.1	89.5	
88.6	89.5	
88.8	99.4	
99.3	89.7	
99.3	49.7	
99.1	99.6	
79.3	99.2	
98.9	99.2	
98.9	99.4	
89.4	89.5	
98.9	99.4	
98.9	89.5	
89.2	99.6	
99.3	89.3	
98.7	99.4	
99.3	99.6	
99.3	99.6	
98.5	99.6	
89	99.2	
99.3	79.4	
98.9	99.2	
99.3	99.6	
78.9	99.4	
