1.6	-41.6	
86	19.4	
77.1	59.6	
66.4	39.2	
86.4	79.6	
66.8	89.7	
89.4	59.6	
87	69.3	
-59.7	79.4	
65.5	59.2	
77.7	35.6	
85	69.5	
96.9	89.5	
98.5	99.4	
95.3	68.3	
89	89.7	
89.2	89.3	
83.6	88.9	
41.9	69.5	
95.5	89.7	
97.9	59.2	
63.2	89.5	
86.8	89.3	
94.5	69.3	
88.8	89.7	
94.7	49.5	
89.2	79.6	
93.9	89.7	
98.9	89.7	
77.4	69.1	
93.5	59.4	
96.9	89.7	
97.9	89.7	
99.3	89.7	
88.8	88.9	
79.5	89.1	
98.7	89.7	
99.3	89.5	
98.7	89.3	
98.3	89.7	
99.3	89.7	
99.1	89.5	
99.3	79.6	
99.1	99.6	
98.1	99.6	
89.2	99.4	
88.4	79	
99.3	68.9	
99.1	89.1	
99.1	99.4	
89	99.6	
99.3	99.6	
79.3	99.6	
99.3	89.5	
98.7	99.4	
98.3	99.6	
97.1	99.6	
98.3	99.6	
99.3	89.5	
79.3	89.3	
98.5	99.4	
97.3	99.4	
89.2	99.6	
99.3	99.6	
88.8	99.4	
89	49.5	
89.2	99.4	
98.7	89.7	
99.1	89.5	
89.4	99.6	
99.3	89.7	
99.3	99.4	
99.1	99.2	
98.3	99.6	
89.2	99.4	
99.3	99.6	
99.3	89.5	
88.8	99.2	
99.3	99.4	
99.3	89.3	
99.3	99.6	
99.3	99.6	
89.4	89.7	
98.5	99.6	
98.3	99.6	
88.8	99.6	
89	99.6	
98.9	99.2	
88.6	89.7	
99.3	89.5	
77.5	99.6	
98.7	89.7	
98.7	99.6	
99.1	89.7	
98.9	99.4	
98.9	99.6	
98.7	79.8	
89.2	99.6	
98.9	99.2	
98.9	99.6	
99.3	99.6	
88.8	99.6	
99.3	99.2	
89.2	99.6	
98.9	99.2	
98.7	99.6	
98.7	99.6	
88.4	89.5	
88	99.6	
89.4	99.6	
98.9	99.6	
98.9	99.6	
89.2	99.6	
98.9	99.4	
79.1	99.6	
97.9	98.8	
78.7	99.2	
99.1	99.6	
99.3	99.6	
99.1	99.6	
88.6	79.4	
99.1	99.6	
98.9	99	
98.7	99.6	
97.9	99.6	
88.6	99.6	
99.3	99.2	
98.5	99.6	
99.3	99	
98.5	99.4	
99.3	99.6	
99.1	89.5	
99.3	99.6	
98.3	99.6	
99.1	99.6	
99.3	99	
88.8	89.1	
99.1	99.6	
99.3	99.6	
89.2	99.6	
98.9	99	
98.3	99.6	
98.9	99.4	
99.3	99.4	
89	99.6	
89	69.5	
99.3	89.5	
99.3	99.6	
99.3	99.6	
98.9	99.6	
83.8	99.4	
98.5	99.4	
97.9	99.4	
98.1	79.6	
98.5	99.2	
99.3	79.4	
98.9	79.8	
99.1	99.4	
99.1	99.6	
98.5	99.6	
99.3	99.6	
99.3	99.6	
98.9	99.6	
99.3	99.6	
99.3	79.4	
88.8	99.4	
97.7	99.4	
87.8	99.6	
99.1	99.6	
78.9	99.6	
98.7	99.4	
99.1	99.4	
99.3	99.6	
99.3	99.6	
89.2	99.6	
78.9	99.6	
99.1	99.6	
99.1	99.6	
89.4	99.6	
98.9	89.5	
98.7	69.3	
99.3	98.8	
99.3	99.6	
88	99.6	
98.7	99.6	
89.4	89.3	
99.3	99.6	
99.3	89.3	
89	99.6	
88.6	99.4	
89.2	99.2	
98.9	99.6	
79.1	99.4	
88.4	99.6	
98.7	89.3	
99.3	99.6	
98.9	99.4	
98.9	79.2	
99.3	99.2	
98.9	89.5	
99.1	99.6	
89.4	99.6	
98.9	99.6	
99.1	89.5	
89	99.6	
98.5	99.4	
99.1	99.4	
98.3	89.3	
99.3	99.6	
87.6	99.2	
96.9	99.6	
99.3	99.6	
89	99.4	
89	99.6	
99.3	99.6	
98.5	99.6	
98.5	99.6	
99.1	99.6	
89	88.7	
99.3	99.6	
89.4	99.6	
98.7	99.6	
99.3	99.2	
99.3	99.6	
98.7	89.7	
98.9	99.2	
98.5	69.5	
99.1	99.4	
98.9	89.7	
99.3	99.4	
99.1	99.6	
88.2	89.5	
87.6	89.7	
98.7	99.4	
98.9	99.2	
99.3	99.6	
98.3	99.2	
89	79.6	
98.5	99.4	
98.3	99.6	
98.9	79.6	
99.3	99.2	
98.9	89.7	
89	99.6	
99.3	99.6	
99.3	99.4	
99.3	99.6	
99.3	99.6	
99.1	89.3	
89	99.6	
99.3	99.2	
99.3	89.5	
99.3	89.5	
99.1	99.6	
99.1	99.6	
99.3	99.4	
98.7	99.2	
99.3	99.4	
98.3	99.4	
88.4	99.2	
99.1	99.6	
99.3	99.6	
98.9	99.6	
98.9	99.6	
89.2	89.7	
98.9	99.4	
98.7	99.6	
78.9	99.6	
99.3	99.6	
98.7	89.7	
89	99.6	
99.3	99.6	
89.4	99.2	
98.5	99.4	
88.6	69.3	
99.1	99.2	
89	89.7	
89	99.2	
98.7	99.4	
98.1	89.3	
99.1	79.8	
89.2	99	
97.5	99.6	
98.5	69.3	
98.9	99.4	
99.1	99.2	
98.7	99.4	
98.9	99.2	
98.7	99.6	
98.9	99.4	
98.7	99.2	
99.1	89.1	
89	99.2	
97.9	99.6	
98.5	99.6	
98.9	99.4	
88.8	99.6	
79.1	99.4	
88.6	99.4	
99.3	99.2	
99.1	99.4	
98.5	99.6	
98.5	99.6	
99.3	99.6	
98.1	99.6	
78.9	88.9	
88.8	99.2	
89.2	99.4	
89	99.4	
88.4	99.6	
99.3	99.6	
78.7	99.6	
99.3	99.6	
98.1	99.4	
98.9	59.4	
99.1	99.2	
98.9	99.4	
98.7	99.6	
98.9	99.6	
99.1	99.6	
89.4	99.6	
89.2	99.6	
99.1	89.7	
89.2	89.5	
99.3	99.2	
99.1	99.6	
99.1	99.4	
99.1	79.4	
98.7	99.4	
89.4	99.6	
98.7	99.4	
99.3	99.4	
88.6	99.6	
89	89.5	
99.1	89.5	
98.9	99.6	
98.5	99.6	
89.4	99.6	
88.2	99.6	
99.3	99.4	
98.9	89.5	
99.1	99.6	
99.3	99.6	
89.4	99.2	
99.1	99.6	
99.3	99.6	
79.3	99.6	
98.9	99.6	
99.1	99.6	
99.3	99.6	
99.1	99.6	
98.3	99.6	
99.3	89.5	
98.9	99.6	
78.7	99.6	
78.9	99.6	
89.2	99.6	
89.2	99.2	
99.1	89.7	
89.4	99.4	
88.8	99.6	
98.3	99.6	
99.3	99.6	
88.6	99.4	
99.3	99.6	
98.9	79.4	
88.6	99.4	
98.7	99.6	
98.9	99.6	
99.3	99.6	
98.5	99.6	
99.3	99.4	
89.4	99.4	
99.1	99.6	
89	99.6	
98.3	99.6	
89.2	99.6	
98.5	99.6	
99.3	99.6	
98.9	79.8	
98.9	99.6	
89.4	99.6	
78.3	89.3	
99.1	99.6	
88.2	99.6	
99.3	99.6	
89	99.6	
89.2	99.6	
99.1	99.6	
89.4	99.6	
99.3	89.5	
98.9	89.3	
98.9	99.6	
89.2	99.6	
99.3	69.3	
98.9	99.6	
89	79.8	
98.5	99.6	
99.1	99.4	
99.1	79.8	
99.3	99.6	
98.9	99.6	
99.1	99.6	
98.9	99.6	
99.3	89.3	
99.3	99.6	
98.9	98.8	
99.1	79.8	
98.7	99.6	
89.4	89.3	
98.7	99.6	
89.2	99.6	
98.9	69.7	
79.1	99.4	
69	49.3	
89.4	99.6	
78.9	29.7	
89.4	99.6	
89	99.6	
97.5	99.6	
89.4	99.6	
88.8	99.4	
89.4	99.6	
79.1	99.4	
68.8	89.7	
89.4	99.6	
89	89.7	
98.9	89.3	
89	89.7	
88.4	89.7	
89.4	79.6	
89	39.6	
88.6	99.4	
89.4	99.6	
88.8	99.6	
99.1	99.4	
79.1	99	
99.1	89.7	
98.7	99.6	
99.3	99.6	
98.7	99.4	
88.6	89.5	
89	99.4	
88.4	99.6	
99.1	99.6	
98.9	99.4	
89.2	99.6	
98.7	89.7	
99.3	99.6	
89.2	99	
98.9	69.3	
89	99	
99.3	99.6	
98.7	89.7	
89.2	79.8	
99.1	99.6	
89.4	99.6	
98.9	99.6	
99.1	99.6	
88	99.6	
98.9	99.6	
97.9	99.6	
99.3	99.6	
89.2	99.2	
89	89.5	
89.4	79.8	
98.3	99.6	
89	99.6	
88.2	99.6	
89.4	99.6	
68.4	79.6	
98.7	99.6	
99.1	99.6	
98.9	99.6	
68.8	89.5	
99.3	99.6	
99.1	99.6	
79.1	99	
99.1	99.6	
98.7	99.6	
99.1	99.2	
99.3	89.5	
98.3	99.6	
89	99.6	
99.1	89.3	
88.6	89.5	
98.9	79.6	
98.9	99.6	
98.7	99.6	
98.7	99.6	
99.1	99.2	
98.9	99.2	
99.1	99.2	
99.1	99.6	
99.1	99.6	
99.3	99.6	
88.8	89.5	
99.1	89.7	
99.3	99.6	
99.3	99.6	
