-15.6	68.7	
67.4	-0.6	
34.5	-81.6	
78.7	98.2	
97.7	17.7	
-47.3	46.9	
65.2	38.6	
35	79.6	
89	79.4	
74.7	58.8	
87.8	55	
88.6	79.6	
88.8	25.3	
98.3	89.3	
75.9	79.2	
56.3	-2.4	
86	89.5	
88.2	88.9	
89.4	78.4	
97.9	99	
88.2	79.4	
89	58.2	
98.9	98.6	
87.8	99.2	
98.7	89.1	
77.5	99.6	
98.7	58.2	
65.8	48.5	
79.3	99	
89	99.6	
76.5	99.6	
63.8	79.4	
88.2	99.4	
47.2	69.1	
99.1	99.6	
66.6	69.5	
89.2	8.9	
57.9	99.6	
98.7	99.2	
99.1	79.4	
86.8	89.7	
68.6	99.4	
89.2	68.9	
99.3	99.2	
89.2	99.6	
68.4	79	
98.9	89.3	
97.3	88.9	
98.5	89.3	
78.7	99.4	
98.1	69.1	
98.3	99.6	
99.3	98.8	
87.4	89.1	
98.3	99.4	
99.3	78.6	
96.5	99.4	
79.1	89.5	
87.8	28.3	
68.6	99.6	
74.5	98.4	
55.5	88.9	
77.9	99.2	
88	79.4	
98.7	29.5	
67.6	89.7	
96.7	89.5	
86.4	99.4	
88	99.2	
77.3	28.1	
54.5	58.6	
47	88.7	
48.6	89.3	
97.9	99.6	
97.9	99.6	
46.8	99.2	
88.8	99.6	
78.3	99.4	
88	88.7	
99.3	89.1	
78.5	99.2	
88.6	79.2	
88.8	99.6	
77.9	89.5	
79.1	89.7	
97.3	69.1	
88.6	99.6	
98.9	87.7	
78.5	69.5	
59.3	69.5	
87.8	68.9	
86.2	78.8	
98.5	89.1	
99.1	38.6	
5.6	79	
56.5	99.4	
96.9	99.4	
89	68.7	
86.6	79.2	
76.5	89.1	
98.5	38.2	
98.3	89.7	
88.4	89.1	
98.9	99.6	
97.5	99.6	
96.3	98.2	
58.9	99.4	
96.9	69.5	
76.9	88.3	
76.3	89.5	
98.5	89.3	
87.2	99.2	
98.9	99.6	
67.8	99.6	
87	99.4	
77.7	68.9	
79.1	99.4	
99.3	89.7	
78.3	98.4	
47	69.7	
97.1	89.7	
88	99.4	
88.6	89.1	
76.1	99.6	
88.4	89.5	
98.3	89.5	
45.2	99.6	
89.2	88.9	
98.3	99.6	
78.5	88.9	
67.2	99.6	
87.2	79.2	
99.3	99.6	
76.9	89.3	
88.2	27.5	
88	88.9	
98.7	99.4	
88.4	99.6	
77.9	89.1	
56.9	89.5	
77.9	89.7	
88.6	99.6	
88.8	89.1	
89	99.6	
79.1	28.7	
79.1	67.9	
98.1	78.4	
76.9	89.7	
95.9	68.9	
99.1	99.4	
76.9	79.6	
78.1	99.4	
98.3	78.8	
98.5	88.7	
88.8	-1	
78.5	99.2	
99.3	88.7	
89.2	89.5	
88.8	88.1	
78.3	79.4	
89.2	99.2	
78.3	89.7	
89	99.2	
67	58.8	
77.1	99.2	
46.8	98.4	
89.4	88.9	
55.9	79.2	
99.3	89.7	
88	79.8	
88.6	89.5	
98.9	99.6	
69.2	79.4	
98.1	89.3	
99.3	19.6	
98.9	78.6	
99.3	79.2	
97.7	69.3	
97.9	99.2	
89.2	99.6	
88.6	79.6	
97.5	89.3	
78.1	79.6	
98.5	99.4	
88.8	-1.4	
88.6	99.4	
86	99.6	
98.3	78.4	
98.5	78.6	
99.3	99.4	
88.4	89.3	
88.8	69.1	
87.4	58.8	
88.4	99.2	
98.3	99.4	
98.5	79.6	
99.3	89.5	
77.9	58.6	
58.1	88.5	
77.1	19.2	
78.5	58.2	
78.5	99.2	
77.5	89.3	
23.4	79.4	
85.4	99.6	
78.9	88.5	
98.7	89.3	
98.7	99.2	
16.9	59.4	
98.9	-111.9	
79.3	69.1	
97.9	99.6	
88.8	99.4	
88.2	79.2	
58.3	99.4	
66.4	98.8	
98.3	89.3	
97.3	49.5	
87.8	78.4	
65	98.8	
98.5	69.5	
98.9	99.2	
99.3	99.4	
37.7	58.4	
98.3	99.6	
98.5	89.5	
89.2	69.3	
88.8	68.7	
87	99.6	
98.1	69.3	
89	59	
98.5	79.6	
98.7	99.4	
68	78.8	
98.9	79	
57.5	99.6	
98.3	-62.6	
89	99.4	
88.8	99.6	
98.7	79.4	
98.5	89.5	
88.6	88.3	
98.3	39.6	
99.3	89.7	
98.9	78.4	
89	9.1	
89	99.6	
79.3	98.4	
97.1	99.6	
98.7	89.5	
57.7	99.4	
97.1	99.2	
98.3	89.5	
77.1	89.7	
89.2	99.6	
77.7	79.6	
88.8	99.6	
98.5	78.8	
67.8	98.8	
58.3	99.6	
88.2	89.5	
68	99.6	
87.8	79.6	
69.2	79.8	
88	99.2	
57.9	89.3	
99.3	99.2	
99.1	78.8	
87	88.9	
88.2	99.6	
98.1	79	
88.4	79.2	
88.6	99.6	
99.1	18.8	
99.1	39.4	
98.3	-10.7	
57.9	89.3	
98.9	48.9	
78.5	89.3	
57.9	89.3	
89	79.6	
79.3	59.4	
88.6	79.2	
67.4	98.8	
89	99.2	
99.3	48.9	
66.2	99.4	
98.9	68.9	
77.7	99.6	
78.1	79.4	
68.8	79	
69	99.4	
69.4	58.8	
79.1	99	
98.1	29.5	
98.7	99.4	
77.5	79.2	
88.4	99.6	
46.2	79.6	
98.7	99.6	
99.1	79.4	
79.5	99.4	
98.1	89.7	
97.9	79.4	
98.3	99.2	
88	88.9	
97.9	99.4	
97.9	99.6	
99.1	99.6	
77.3	89.5	
78.5	88.5	
88	99.6	
97.5	99.4	
88.2	49.5	
77.5	99.4	
89	79	
98.1	99.6	
99.1	79.2	
98.9	99.2	
88.4	79	
99.1	99.6	
99.1	79.8	
78.1	99.2	
68.2	99.6	
89.2	99.6	
98.3	99.4	
98.7	68.9	
99.3	88.3	
99.1	79.2	
68.4	99.6	
88	99.4	
75.9	49.3	
98.7	69.1	
99.3	99.6	
86.6	99.4	
88.6	99.4	
99.1	89.7	
77.1	99.2	
78.3	69.1	
98.9	99.6	
99.1	79.6	
87.2	98.4	
88.8	99	
68.2	69.3	
98.7	99.4	
98.7	49.3	
56.7	89.7	
78.7	89.7	
89	99	
89	99.6	
89.2	78.6	
66.2	89.7	
99.1	89.3	
69	89.5	
88.8	99.6	
78.5	99.4	
88.6	79.6	
89	88.9	
68.6	58.8	
87.2	79.4	
88	78.4	
66.6	99.2	
76.5	59.4	
88.4	68.7	
78.3	19.2	
98.3	88.5	
98.7	89.7	
46.6	79	
88.2	79.4	
46.4	99	
88.2	99.4	
76.7	99.6	
58.1	89.3	
89	99	
78.7	89.5	
88.8	99.4	
88.8	39	
88.4	99.6	
88.4	48.7	
89.2	79.4	
47.6	89.1	
98.3	79.4	
89.2	99.6	
88.2	99.6	
99.3	88.9	
99.3	78.8	
98.7	89.5	
88.6	59.2	
98.3	69.1	
99.3	89.7	
99.3	58	
57.5	59.4	
98.9	99.4	
87.4	99.4	
99.1	99.6	
79.1	89.5	
88.6	88.7	
99.1	88.7	
77.7	69.3	
78.5	99.4	
98.9	99.6	
78.5	99.2	
99.1	78.6	
98.5	89.7	
88.4	79.6	
68.6	99.2	
98.9	29.7	
78.9	99.6	
99.1	89.1	
77.9	88.7	
88	88.7	
88.6	79	
98.5	79	
87.2	99.6	
98.9	99.2	
78.1	89.3	
87.8	59.2	
99.1	99.4	
89	88.7	
78.7	79	
88.8	99	
78.7	99.6	
77.3	99.4	
89.2	98.4	
87.6	69.3	
88.4	89.3	
47.2	98.8	
88	99.6	
98.7	-102.8	
98.9	89.3	
65.8	89.5	
89.2	89.7	
78.9	99.4	
88.2	89.7	
89	-1.2	
99.3	99.4	
77.1	49.5	
67.2	99.6	
89.4	79	
67	89.3	
58.3	39.6	
88	99.2	
99.1	79.2	
98.9	79.2	
98.7	57.4	
98.3	69.1	
88	79	
99.1	89.3	
36.7	99.4	
98.9	98.4	
99.1	89.5	
78.9	99.2	
98.3	79.4	
78.1	99.2	
86.2	79.8	
98.3	98.8	
98.7	59.6	
98.3	99.2	
14.9	-10.9	
78.9	79.6	
86.6	48.5	
98.1	79.4	
67.6	29.1	
98.9	79	
98.7	89.7	
98.5	78.8	
78.7	79.2	
55.9	99.6	
58.1	99.6	
88.4	99.6	
88.8	99.2	
89.2	89.7	
79.3	99.4	
98.7	99.4	
88.2	98.6	
98.9	48.9	
66.4	99	
77.9	79.8	
78.7	58.6	
98.9	99.4	
78.1	99.4	
78.3	99.6	
98.7	59	
99.3	99.6	
98.7	99.6	
89	79.6	
67.6	79.8	
79.1	99	
67.4	99.6	
98.9	99.4	
78.3	79.4	
88.2	79.2	
67.8	78	
88.4	78.4	
78.9	49.5	
98.5	79.4	
65.2	99.6	
68.4	98.8	
87.6	59.2	
76.9	49.5	
