46	-120.8	
-16	79.6	
34.5	98.8	
77.7	69.3	
77.9	-111.7	
85.8	-81.4	
77.5	-202.4	
98.3	-233.5	
98.9	-23.6	
98.3	38.6	
87.2	-41.6	
78.9	48.9	
99.1	-4.4	
97.7	79	
88.8	16.8	
78.3	-33.1	
88.6	99	
77.5	58.8	
97.5	89.1	
57.3	49.3	
65.8	89.3	
97.3	49.1	
96.5	99	
88.6	99.2	
62	98.2	
54.2	87.5	
74.9	68.9	
97.5	68.9	
88.6	85.9	
99.1	79	
97.1	48.1	
98.3	78.8	
99.1	64.5	
97.5	68.1	
88.6	88.1	
95.1	9.5	
77.5	64.3	
78.1	57.6	
95.1	97.4	
98.3	79.4	
77.5	27.1	
98.7	38.8	
85.4	73.6	
85.8	78.8	
96.5	47.3	
76.9	98.2	
85.2	48.7	
87.6	94.8	
74.5	87.3	
88.8	65.9	
98.7	77.8	
55.9	67.1	
94.7	39.2	
86.4	66.1	
78.9	67.1	
87.4	75.6	
98.5	56.2	
99.1	85.5	
96.5	88.5	
99.3	75.8	
99.1	78.2	
99.3	87.9	
88.6	69	
99.3	23.9	
88.6	88.7	
99.1	78.4	
99.1	46.3	
99.1	44.7	
98.7	70.8	
78.5	96.8	
88.2	58.6	
88	34	
78.7	46.7	
58.1	28.1	
89.2	99.2	
99.1	68.7	
89.4	99	
98.7	78.2	
88.2	76.4	
78.7	99.6	
98.1	79.6	
88	99.2	
86.4	58.2	
68.6	99.4	
97.7	99.4	
88.2	98.6	
78.1	68.7	
96.9	88.3	
96.7	99.4	
97.3	98	
98.9	99.6	
86	99.4	
92.3	99.2	
96.3	99.4	
98.5	88.5	
77.1	99	
85.8	88.9	
97.7	88.7	
87.4	98.8	
98.5	99	
77.1	89.3	
96.7	98.8	
99.1	89.1	
86	99.2	
94.3	98.4	
92.9	78.8	
77.7	98.4	
65.6	89.3	
93.7	77.8	
98.7	89.1	
84.4	77.8	
97.5	88.7	
88.4	79.6	
98.9	89.7	
88.4	88.7	
86.8	88.7	
87	88.9	
89.4	99	
97.3	99.2	
94.9	99.2	
95.5	99.2	
93.1	99.4	
72.3	99	
55.5	99.4	
98.9	99.2	
87.8	88.3	
97.3	78.6	
98.7	99.4	
88.8	99.2	
97.7	98.8	
99.3	99.6	
97.7	99.6	
99.1	99.2	
95.9	98.8	
99.3	99.4	
98.9	99.2	
98.7	88.5	
78.1	89.1	
99.1	88.9	
99.3	99.2	
98.5	99.4	
98.5	99.4	
99.3	88.7	
99.3	89.1	
89.2	77.6	
98.9	88.5	
98.7	98.6	
98.7	99.4	
99.1	99.2	
88	98.8	
99.1	88.5	
99.1	99.2	
57.9	99.2	
78.9	89.3	
78.7	87.9	
99.3	99.6	
98.1	99.2	
99.1	87.9	
99.3	89.3	
99.3	98	
88.8	98.2	
89	89.1	
99.3	99.6	
99.1	99	
99.3	99.4	
98.9	78.6	
58.1	99.2	
99.3	99	
99.1	89.1	
99.3	99	
78.7	78	
98.9	98	
89	99.2	
99.1	98.2	
89	99	
89.2	88.1	
98.7	98.8	
99.3	79.4	
77.7	99	
98.5	99.6	
98.5	99.4	
98.7	99.6	
99.3	59.2	
88.6	98.8	
88.6	89.1	
98.7	99.6	
99.3	99	
79.1	99.2	
88.6	99.4	
86	99.4	
99.3	99.6	
99.1	89.3	
99.3	99.2	
89.2	98.8	
99.3	99.4	
89.4	99.2	
89	89.5	
88.4	98.8	
98.5	99.4	
99.1	99.2	
97.7	99.2	
98.9	99.6	
99.1	88.9	
89.2	99.2	
99.3	99.4	
98.1	99.6	
99.1	99.6	
98.9	99.6	
99.1	99.4	
99.1	79	
89	98.8	
99.1	88.7	
89	89.5	
89.2	89.5	
99.1	89.5	
98.5	89.7	
98.7	99.6	
99.3	89.5	
98.9	99.6	
99.1	99.6	
97.7	99.4	
98.9	98.2	
98.9	99.6	
99.1	99.4	
88.4	99.6	
98.9	88.5	
88.4	99.4	
89	99.2	
99.1	99.6	
99.1	99	
99.3	99.4	
89.2	99.4	
99.1	99.2	
99.1	89.3	
57.7	99.6	
89.2	99.6	
56.9	99.6	
88.4	89.7	
98.9	99.6	
99.3	99.6	
99.3	99.6	
97.7	99.2	
98.9	88.5	
98.9	89.3	
98.9	99.2	
98.9	99.4	
99.1	98.6	
99.3	99.6	
98.9	99.4	
89	99.2	
89	98.6	
99.1	99.2	
98.9	99.6	
99.1	99.4	
99.1	99.2	
98.3	99	
98.9	99	
79.5	89.3	
88.6	76.6	
78.7	99.2	
89.2	99.2	
99.1	-0.4	
99.3	28.7	
98.7	79.2	
99.1	88.9	
99.1	59	
99.3	99.6	
99.3	98.4	
88.8	99.4	
89.4	79.2	
99.1	99.6	
89	99.6	
88.6	89.7	
98.9	99.2	
89	99.6	
88.8	99.4	
99.3	99.6	
77.7	79	
88.6	99.6	
99.3	99.2	
99.1	79.2	
88.8	99.2	
89.2	69.5	
99.1	99.6	
98.5	98.8	
99.3	99.6	
98.5	99.2	
99.1	99.6	
99.3	98.4	
98.9	99.6	
98.7	99.6	
98.9	99.6	
88	99.6	
98.9	98.8	
89	98.8	
88.4	88.7	
99.3	99.6	
98.7	99.2	
98.7	89.1	
98.1	99.4	
89.4	68.9	
89	98.6	
98.9	99.6	
78.3	99.6	
88.6	99.4	
89.2	99	
98.7	99.4	
89.4	99.4	
89.4	99.6	
99.1	99.6	
99.3	99.6	
99.3	99.2	
98.7	99.6	
88.8	89.1	
98.9	99.6	
88.8	99.2	
98.7	98.8	
99.1	98.8	
89	99.6	
99.3	99.4	
89	99.6	
89.2	99.4	
99.1	99.6	
98.5	99.4	
99.1	99.4	
98.9	99.4	
98.3	89.3	
88.4	99.6	
99.3	99.2	
98.5	89.7	
88.6	89.5	
89.2	99.6	
88.4	99.6	
98.5	99.6	
99.1	88.3	
98.7	99.4	
89.2	89.3	
98.9	99.4	
99.1	88.9	
98.9	99.6	
78.5	99.6	
89.4	79.2	
98.9	98.4	
98.5	99.4	
98.5	89.5	
89.4	99.4	
78.5	99.2	
99.3	79.6	
98.9	99.4	
89	99.6	
78.9	99.6	
99.3	99.6	
99.1	99.4	
99.1	99.4	
98.5	79.2	
98.9	89.1	
88.4	88.9	
78.7	99.6	
98.7	99.2	
99.1	99.2	
88.8	99.2	
88.8	79.6	
99.3	89.5	
99.3	89.1	
99.1	98.6	
99.3	69.1	
99.1	99.6	
99.3	99.4	
98.3	99.6	
89.2	99.6	
99.3	79.6	
99.3	99.6	
98.7	88.7	
98.7	99	
89	99.4	
99.3	99.6	
98.9	99.6	
98.9	79.2	
99.1	99.4	
99.1	98.8	
89	99.6	
89	99.4	
98.1	19.6	
89.2	99.2	
88.8	99.4	
99.1	99.6	
99.3	99.6	
99.1	68.9	
89	99.2	
99.1	78.4	
68.4	99.4	
99.1	99.6	
98.9	99.2	
88.4	79.6	
99.3	99	
89	89.3	
99.1	89.1	
78.7	99.6	
97.9	89.3	
99.3	99.4	
99.1	99.4	
99.1	98.4	
79.5	99.6	
99.3	89.7	
88.6	79.8	
89.2	99.6	
99.1	79.2	
99.3	99.4	
99.1	99.6	
99.3	59.6	
99.3	99.6	
88.6	99.6	
99.3	99.4	
99.3	79	
99.3	89.1	
89.2	99.6	
78.5	99.2	
98.9	89.7	
99.1	99.6	
99.1	99.4	
98.5	99.6	
89	99.6	
99.1	99.6	
79.1	99.6	
98.5	99.4	
88.8	99.6	
99.3	99.6	
99.3	99.4	
98.9	99.4	
99.1	99.4	
99.1	79.2	
99.1	89.3	
98.9	99.6	
99.3	9.1	
99.3	99.2	
99.1	99.4	
99.1	99.4	
99.3	99.6	
99.1	99.6	
99.3	99.6	
99.1	99.6	
89.2	98.8	
99.1	99.2	
89	49.3	
98.9	99.6	
88.4	89.5	
88.8	99.4	
98.5	89.3	
88.8	89.1	
99.1	99.4	
99.3	99.6	
99.1	99	
98.9	99.2	
78.7	99.4	
99.1	79	
69	99.2	
99.3	99.2	
88.4	89.5	
68.6	99.4	
98.3	99.2	
98.5	69.1	
98.5	99.6	
98.7	99.6	
89.2	89.5	
99.3	99.6	
98.7	99.6	
98.9	99.6	
89.4	99.2	
88.8	99.2	
78.9	99.4	
98.3	99.6	
98.3	98.8	
99.1	99.6	
99.1	99.6	
89.4	99.4	
99.1	99.2	
78.1	99.6	
99.1	99.6	
98.7	99	
99.3	99.6	
99.3	99.6	
89.2	99.6	
98.9	99.4	
98.3	69.5	
99.3	79	
99.1	99.6	
88.8	79.4	
88.8	89.7	
98.9	99.6	
98.7	99.4	
98.9	69.7	
98.7	99.4	
98.9	99.6	
89	88.9	
99.3	99.4	
99.3	99.6	
69	89.3	
89	89.7	
99.1	79.4	
78.9	99.4	
