35.3	-911.1	
77.7	59	
4	22.9	
85.4	59.4	
97.5	38.2	
46.1	-11.7	
89.4	27.3	
66.7	-31.1	
83.4	19.4	
97.3	59	
96.9	9.1	
86.6	-31.7	
64.2	69.3	
88.6	79	
68.2	88.5	
89.4	39.2	
98.5	39	
99.1	48.7	
89	-1.4	
98.7	24.5	
98.7	88.3	
97.9	-0.1	
98.5	55.6	
97.5	68.3	
99.1	-39.9	
89.2	47.3	
99.3	48.5	
98.5	15.2	
98.9	-72.1	
99.1	56.6	
97.7	68.9	
88.8	-115.9	
99.3	-110.6	
98.5	18.2	
99.1	-148.8	
98.7	-0.9	
87.6	-44	
98.7	-49.8	
79.3	86.1	
88.8	35.6	
99.1	97.8	
98.7	89.1	
88.4	83.7	
78.7	78.2	
99.3	78.3	
98.3	-17.7	
98.7	98	
78.7	28.7	
99.1	89.1	
99.3	55.6	
99.3	-1.3	
98.9	83.1	
98.9	88.5	
89	25.5	
99.3	76	
98.9	-6.2	
89	69.3	
98.9	-22	
98.9	85.3	
98.7	-39.7	
98.9	73.2	
98.9	-12.9	
88.4	44.3	
99.3	23.5	
98.9	89.3	
98.7	72.9	
97.7	27.1	
77.9	12.8	
99.1	85.7	
98.5	85.3	
98.7	68.7	
99.3	44.7	
89.2	75.4	
98.3	87.7	
95.9	88.7	
89.2	89.1	
89	89.3	
89.2	68.1	
98.9	89.1	
99.3	99.6	
98.9	99.6	
98.7	89.3	
89.2	99.4	
99.3	89.5	
99.1	99.6	
99.3	99.4	
98.9	99.4	
77.1	89.3	
99.3	99.6	
96.7	89.1	
98.9	99.4	
86.8	99.6	
99.1	99.6	
88.2	89.5	
88.4	99.6	
99.3	89.1	
89.2	99.6	
99.1	99.6	
99.1	98.8	
95.5	99.6	
97.3	99.6	
99.1	99.4	
99.3	99.6	
95.5	99.6	
88.2	99.2	
98.5	89.1	
98.9	98.6	
99.1	89.1	
89	99.6	
98.9	99.6	
89	99.4	
89	99.6	
98.5	99.6	
99.3	99.6	
98.9	58.6	
96.1	99	
98.9	99.4	
95.9	99.6	
98.5	99.4	
98.3	38.4	
99.3	99.2	
98.9	99.6	
98.7	88.9	
89	99.6	
99.1	99.6	
99.1	99.6	
99.1	89.1	
98.9	99.6	
99.3	99.6	
99.3	48.9	
99.3	99.2	
99.3	99.6	
98.3	88.5	
99.3	99.6	
99.3	99.6	
98.9	99.4	
99.3	99.6	
99.3	99.6	
98.7	99.4	
98.9	99.4	
99.3	99.6	
99.1	46.7	
98.7	99.6	
99.3	99.6	
99.3	99.4	
88.8	99.6	
99.3	88.9	
98.9	99.6	
99.1	99.6	
79.1	99.6	
98.9	78.8	
88.2	68.5	
99.3	99.6	
99.3	99.6	
99.1	99.6	
99.3	99.6	
99.1	99.4	
99.3	99.4	
99.3	89.7	
98.7	99.6	
98.5	99.4	
98.9	99.6	
99.3	99.6	
98.9	99.6	
99.1	99.4	
99.3	99.6	
89	99.4	
98.9	99.6	
78.9	99.2	
99.3	99.4	
98.7	98.8	
99.1	99.6	
99.3	89.1	
98.1	79.2	
99.3	89.3	
98.7	89.1	
99.3	99.6	
99.1	99.4	
99.3	99	
99.3	99.4	
98.9	99.4	
99.3	89.3	
99.3	88.9	
99.3	99.6	
88.8	99.4	
99.1	99.6	
99.3	89.3	
99.3	99	
99.1	89.3	
99.3	89.1	
99.1	99.4	
99.1	99.6	
99.1	89.5	
99.1	99.4	
99.3	99.4	
99.1	99.6	
98.9	99.6	
98.9	99.6	
89	89.3	
99.3	99.2	
99.1	98.8	
78.9	99.6	
99.1	99.6	
98.3	99.6	
98.7	99.4	
99.1	89.3	
99.3	99.6	
99.1	99.4	
99.1	99.4	
99.1	99.6	
98.9	69.1	
88.6	79.4	
98.9	99.4	
99.3	99.6	
99.1	99.2	
99.3	98.8	
99.3	99.4	
99.1	99.6	
99.1	99.6	
98.1	98.8	
99.3	99.2	
98.9	99.6	
99.3	58.6	
98.9	99.6	
99.3	99.6	
99.3	99.4	
89.2	89.3	
98.5	99.4	
99.1	99.6	
98.9	99.6	
99.3	99.4	
88.8	99.4	
99.3	99.6	
99.1	99.4	
98.7	99.4	
98.9	99.4	
99.1	99	
99.1	99.4	
99.1	99.6	
88.4	99.6	
99.3	99.6	
99.1	99.6	
88.6	99.4	
99.3	88.5	
97.9	99.4	
98.9	99.4	
98.9	88.7	
99.1	99.4	
98.9	99.4	
98.7	99.6	
99.1	79.2	
99.3	99.6	
98.9	99.6	
99.3	99.4	
99.3	89.3	
99.3	99.6	
88.6	99.6	
99.3	99.6	
89	99.4	
99.1	99.2	
98.9	99.6	
99.3	99.6	
99.3	99.6	
99.1	46.1	
89.2	58.8	
98.9	98.4	
99.3	88.9	
98.9	99.6	
99.3	99.6	
99.1	99	
89.2	99.6	
98.7	99.4	
99.1	99.6	
88.4	99.4	
99.3	99.4	
99.3	99.6	
89.4	99.6	
99.3	99.6	
98.9	99.6	
88.6	58.2	
99.1	79	
98.9	99.6	
99.3	99.6	
99.3	66.3	
99.3	99.4	
99.3	99.6	
99.3	99.6	
98.7	99.4	
99.3	99.4	
99.3	99.6	
98.9	99.6	
99.1	89.3	
99.3	79.2	
99.3	89.5	
99.3	99	
98.3	99.6	
99.3	77.8	
99.3	99.4	
99.3	99.4	
99.3	99.6	
99.3	99.6	
98.9	89.3	
99.3	-3.2	
99.1	99.6	
99.1	89.5	
98.9	88.9	
99.3	99.6	
88.6	99.4	
99.3	99.2	
99.1	89.1	
99.1	99.6	
89	99.6	
89	99.4	
99.1	89.5	
99.1	99.2	
99.1	99.4	
99.1	99.6	
99.1	99.6	
99.1	89.1	
98.9	99.4	
88.6	99.6	
88.8	99.6	
99.1	88.9	
97.9	99.6	
99.1	99.6	
98.9	88.3	
99.3	99.6	
99.3	99.6	
98.9	99.6	
98.7	99.6	
99.1	99.4	
98.7	99.4	
98.3	99.4	
99.3	89.1	
99.1	89.3	
99.1	99.6	
88.6	99.4	
99.1	99.6	
98.9	89.5	
98.7	99.6	
99.1	99.6	
99.1	89.5	
98.9	99.6	
99.3	99.6	
99.3	89.5	
99.1	99.6	
98.9	99.6	
98.9	99.4	
99.3	99.2	
99.3	99.6	
88.4	99.6	
99.3	89.1	
99.3	99.4	
99.1	89.1	
99.3	99.6	
98.9	79.4	
79.1	99.4	
99.3	99.6	
89.2	89.1	
99.1	99.4	
99.3	99.6	
99.3	99.4	
99.3	89.1	
99.3	99.2	
99.3	99.6	
89	99.4	
99.3	99.4	
89.2	89.5	
98.3	99.4	
99.3	89.5	
98.9	89.3	
87.4	99.6	
98.5	99.4	
99.1	89.5	
98.9	89.3	
99.3	99.6	
99.3	99.4	
88.4	99.6	
99.3	99.4	
99.3	89.5	
99.1	99.2	
99.3	99.6	
99.3	99.2	
99.3	99.6	
98.7	99.6	
98.7	99.6	
78.7	99.4	
98.9	99.6	
99.1	68.9	
88.8	99.6	
99.3	99.6	
99.1	99.4	
98.9	89.5	
99.1	99.6	
89	99.4	
99.3	99.6	
99.1	99.2	
99.1	99.4	
99.1	99.4	
88.8	99.6	
98.9	99.2	
99.1	89.5	
99.1	99.6	
99.1	99.4	
99.3	99.2	
99.1	99.4	
99.1	99.6	
98.9	99.4	
99.1	99.6	
99.3	99.6	
99.3	99.6	
99.1	88.7	
99.1	99.6	
99.3	88.9	
99.1	99.6	
99.1	99.6	
99.3	99.4	
78.5	99.6	
99.1	59.2	
98.9	99.6	
99.3	89.3	
88.6	99.6	
98.9	99.6	
78.7	99.2	
99.1	99.4	
88.8	99.6	
99.3	99.4	
98.5	99.4	
99.3	99.6	
88.6	99.6	
89.2	99.6	
88.8	99.4	
98.9	99.6	
89	99	
99.3	99.6	
99.3	89.3	
98.7	99.4	
99.3	89.3	
99.1	99.6	
98.7	99.6	
99.1	89.5	
88.6	99.6	
98.9	99.6	
99.1	99.4	
99.3	99.6	
99.3	99.6	
99.3	99.4	
99.3	99.2	
89.2	98.8	
99.3	99.6	
99.1	99.4	
98.9	99.6	
98.9	99.6	
98.7	99.6	
99.1	98.8	
98.5	99.6	
98.9	99.6	
98.9	99.6	
99.3	99.4	
98.7	99.6	
98.3	89.3	
98.7	99.6	
98.9	99.4	
99.3	99.2	
98.7	99.6	
99.1	99.6	
98.7	99.2	
99.3	99.2	
99.3	89.1	
88.2	99.6	
98.9	99.4	
99.3	99.6	
99.3	99.6	
98.7	99.6	
99.1	99.6	
99.3	99.6	
98.7	99.6	
89.2	99.2	
99.1	99.4	
99.1	99.6	
98.9	99.4	
99.3	99.6	
99.1	79.2	
99.3	99.6	
99.1	99.6	
98.7	99.6	
99.3	99.6	
99.1	99.6	
98.9	99.6	
99.3	99.6	
99.3	89.5	
98.3	99.6	
99.3	99.6	
99.3	99.4	
99.3	99.4	
99.3	99.6	
99.3	99.4	
78.1	79.4	
89.2	99.2	
99.3	99.6	
