46.6	79.6	
54.5	-103.6	
67	79.6	
97.1	69.7	
88	58.6	
89	29.5	
97.9	89.7	
97.3	89.7	
98.7	29.3	
98.3	89.7	
98.3	79.8	
99.3	69.5	
98.1	89.5	
98.9	89.5	
98.5	89.7	
98.9	99.4	
99.3	99.6	
88.6	79.8	
88.8	89.7	
87.4	59.6	
99.3	89.7	
98.9	79.6	
99.1	89.7	
88.2	79	
98.9	99.6	
87.8	49.5	
99.3	89.7	
88.4	9.5	
88.8	78.2	
99.1	69.3	
79.1	78.6	
98.7	89.7	
88.4	79.4	
99.1	89.7	
88.2	69.5	
98.9	-31.9	
89.4	88.7	
95.7	69.1	
99.3	59	
98.3	79.8	
99.1	89.5	
98.5	89.5	
99.3	79.4	
99.1	79.6	
99.1	88.7	
99.1	89.7	
98.5	79.8	
98.7	69.5	
98.9	79	
97.7	69.3	
99.1	39.6	
99.1	79.6	
99.3	89.5	
88.8	29.3	
98.7	89.7	
99.3	79.6	
98.9	99.2	
89.2	49.5	
99.3	79.6	
98.9	89.7	
89.2	89.1	
97.9	49.7	
99.1	89.1	
99.3	-10.9	
88.4	79.8	
99.1	87.7	
99.1	89.7	
99.1	89.7	
99.3	89.5	
98.9	99.4	
89.4	79.6	
99.1	89.7	
99.1	89.7	
98.9	79.2	
99.3	99.6	
98.9	89.3	
98.3	89.7	
99.3	89.5	
98.7	89.3	
98.5	89.7	
98.7	89.7	
98.7	89.7	
98.7	89.7	
98.9	89.7	
69	69.7	
99.3	99.4	
98.7	79.6	
99.3	59.4	
98.7	89.7	
99.1	99.6	
99.1	79.8	
98.9	99.4	
99.1	99.2	
99.1	79.4	
57.1	99.6	
98.1	99.6	
88.8	99.6	
98.1	99.6	
99.3	99.2	
98.9	99.6	
89	99.6	
99.1	99.4	
99.3	99.6	
99.1	99.6	
99.1	99.6	
99.1	99.6	
89.4	99.6	
88.8	89.3	
98.5	99.6	
99.1	99.6	
98.7	99.2	
88.6	99.6	
98.9	89.7	
99.1	99.6	
99.3	89.5	
68.8	89.7	
88.2	99.2	
99.1	89.3	
99.3	99.6	
78.7	99	
99.3	99.6	
98.9	79.2	
99.3	99.6	
99.3	99.6	
99.1	99.4	
89	99.4	
99.1	99.6	
98.7	99.6	
99.1	89.7	
98.5	99.2	
99.3	89.5	
89	69.3	
88.8	99.2	
98.9	99.6	
78.9	99.4	
98.1	99.2	
89.2	99.6	
89.2	99.2	
87.4	89.1	
99.1	99.6	
99.1	99.4	
99.3	99.6	
89.4	99.6	
99.1	79.8	
98.3	99.6	
99.1	88.9	
87.4	99.6	
89	89.1	
99.1	78.8	
98.9	99.6	
99.1	89.7	
99.3	99.6	
99.3	79.6	
98.7	69.7	
99.3	79.6	
99.3	89.7	
99.3	69.1	
99.1	39.4	
88.8	89.5	
99.1	99.4	
89	99.6	
89	99.6	
98.5	99.4	
78.9	99.4	
99.1	99.4	
99.3	99.6	
99.3	99.6	
78.5	89.5	
99.3	99.6	
98.9	99.6	
99.1	59.6	
99.1	89.1	
99.1	89.7	
99.3	99.6	
98.9	88.9	
99.3	99.6	
99.3	99.2	
99.3	99.6	
98.9	99.4	
79.1	79.8	
99.1	89.1	
99.1	99.4	
98.3	89.5	
98.9	99.6	
89.2	89.7	
98.9	99.6	
98.9	78.8	
98.5	98.6	
98.3	89.5	
89.2	89.3	
99.1	99.2	
98.7	98.8	
99.3	89.7	
68.6	99.4	
98.9	99.6	
89	99.6	
89	89.5	
99.3	89.5	
78.9	89.3	
99.3	89.7	
88.4	89.7	
98.9	99.6	
88.4	58.8	
98.9	99.6	
98.9	78.8	
99.3	99	
98.3	99.6	
98.7	89.3	
79.1	99.2	
99.3	99.4	
88.8	99.6	
99.1	99.6	
88.8	79.4	
89.2	99.4	
98.7	99.6	
78.9	99.6	
78.5	79.8	
78.7	69.7	
97.5	79.4	
99.3	99.6	
89	98.8	
98.9	69.5	
98.9	89.1	
99.1	99.6	
89.2	79.4	
98.9	99.6	
99.1	89.3	
99.3	99.6	
98.9	99.2	
88.2	89.7	
98.5	99.4	
88.4	99.6	
98.3	59	
88.6	99.6	
89	99.6	
99.3	99	
88.2	78.2	
89.2	99.4	
98.5	99.4	
89.2	99.4	
98.7	99.6	
99.1	99.4	
98.9	99.4	
89.2	99	
89.4	99.4	
78.7	99.6	
99.3	89.3	
99.3	79.6	
99.1	99.6	
89.2	79.4	
99.3	89.7	
98.3	99.2	
99.3	98.8	
98.9	99.2	
98.9	99.6	
88.8	98.6	
98.7	99.6	
79.3	99.6	
98.3	99.6	
98.9	99.6	
98.9	99.6	
99.1	89.5	
87.4	99.4	
98.9	99.4	
98.5	89.3	
98.5	99.4	
89.2	47.9	
88.8	99.6	
88.8	88.7	
99.3	99.6	
99.3	79.8	
87.8	69.7	
99.1	99.4	
88.8	99.6	
98.1	59.8	
99.1	89.3	
99.3	99.6	
88.4	99.2	
99.1	99.6	
99.3	79.6	
99.1	99.4	
89.4	99.6	
98.9	89.7	
99.1	99.6	
99.1	99.4	
98.9	99.6	
99.3	99.6	
89	79.6	
98.5	88.9	
99.1	99.6	
88.4	99.4	
98.9	99.6	
99.1	99.6	
99.1	99.6	
89	99.2	
99.3	59.4	
88.4	99.6	
99.3	89.5	
99.3	99.6	
99.1	99.6	
98.9	99.6	
98.7	99.6	
98.9	99.6	
89.2	99.6	
99.3	99.2	
98.9	99.6	
98.7	99.6	
99.1	99.4	
99.3	89.5	
99.1	99.2	
68.4	99.4	
99.1	99	
78.9	99.4	
99.1	99.4	
88.4	99.6	
89.4	99.6	
88.6	89.1	
98.9	99.4	
98.7	79.6	
88.4	99.6	
99.1	99.6	
88.4	99.6	
88.8	99.2	
99.1	99.6	
99.1	99.4	
68.2	99.6	
89.2	99.4	
78.9	99.6	
99.1	99.4	
78.1	99.2	
79.3	99.4	
98.9	69.7	
67.4	88.5	
99.3	69.1	
99.1	99.4	
88.6	99.6	
98.9	89.3	
89	88.7	
89.2	99.6	
99.3	99.2	
98.3	99.2	
99.3	99.4	
98.9	99.2	
89.4	99.2	
99.1	99.6	
99.1	99.6	
98.7	89.3	
99.3	78.8	
99.3	99.6	
98.9	69.1	
98.7	99.6	
99.3	87.9	
99.3	99.6	
98.9	99.6	
99.3	69.5	
99.1	99.6	
89.4	99.4	
99.3	99.4	
97.3	79.4	
99.1	89.3	
99.1	99.4	
98.7	99.6	
88.6	89.1	
99.1	99.6	
88.8	99.6	
99.1	99.4	
98.7	89.7	
88.2	99.2	
98.9	99.6	
78.5	99	
99.3	99.4	
99.1	79.8	
98.7	89.7	
99.1	99.6	
88.8	99.6	
89.4	89.1	
99.3	99.6	
89.4	99.6	
98.7	99.6	
98.9	99	
99.1	99.6	
99.3	99.2	
99.1	99.6	
99.3	99.4	
98.9	99.6	
99.1	79.8	
99.1	99.6	
99.1	99.6	
99.3	99.2	
89.2	99.6	
88.8	99.6	
88.8	99.4	
88.8	99.6	
99.3	99.4	
98.9	99.4	
89	89.5	
98.5	89.5	
99.3	99.6	
98.1	99.6	
98.9	88.9	
99.3	79	
88.8	69.5	
99.3	79.6	
98.7	69.7	
88.8	89.7	
98.3	99.6	
88.2	99.6	
99.3	99.4	
99.1	99.6	
88.8	89.5	
98.5	89.5	
99.1	99.2	
98.5	69.7	
98.9	99.6	
98.7	99.6	
99.1	99.6	
78.9	89.5	
99.3	99.2	
99.3	79	
89.2	99.6	
98.7	99.2	
99.1	89.5	
98.9	99.6	
89.2	99.6	
99.1	99.6	
98.9	89.5	
98.9	89.7	
89.2	99.6	
88.8	89.3	
98.1	99.6	
89.2	99.4	
89.2	99.6	
89.2	99.6	
88.4	79.8	
99.3	99.4	
99.3	99.6	
99.1	99.6	
99.3	99.6	
99.3	99.6	
89.4	99.6	
99.3	99.2	
99.1	99.6	
77.7	99.4	
99.3	88.9	
98.7	99.6	
89	99.6	
99.3	99.4	
78.7	99.6	
99.3	99.4	
99.1	79.2	
99.3	89.5	
98.7	99.4	
98.9	69.3	
99.3	99.6	
99.3	99.4	
98.3	99.6	
98.5	99	
99.1	99	
98.9	78.8	
89.4	99.4	
99.1	99.6	
98.1	99.6	
99.1	99.6	
97.9	99.2	
98.9	49.3	
98.5	89.7	
99.3	89.7	
98.9	79.6	
87.8	89.7	
88.4	89.5	
79.1	89.3	
99.1	99.6	
89	99.6	
99.3	99	
99.3	99.2	
98.9	99.2	
99.1	99.6	
99.3	99.6	
99.3	99.4	
99.3	99.6	
99.3	98.8	
99.1	79.8	
98.5	99	
88.4	99.4	
78.5	99.2	
99.3	99.4	
99.3	99.6	
98.5	89.5	
89.2	99.6	
99.3	99.6	
98.7	99.6	
89.4	99.6	
97.9	99.6	
98.7	99.6	
89.4	79.2	
89	99.4	
99.1	99.6	
99.3	99.6	
89.2	99.6	
98.9	99.2	
