58.7	-64.8	
35.3	89.1	
98.9	-94.1	
57.9	-11.7	
13.3	89.5	
88.4	68.3	
97.7	87.3	
87.2	68.3	
31.7	78.8	
56.1	99	
88.8	79.4	
89	69.3	
78.9	99.4	
26	36.6	
88.4	48.7	
83	99.2	
46.8	79.4	
68.2	99.4	
68.6	99.6	
78.5	88.5	
76.3	68.7	
68.2	99.4	
88.6	99.2	
57.3	89.5	
57.3	99.6	
89	89.1	
-24.6	89.1	
66.6	39.2	
79.3	99.6	
66	6.5	
98.7	99.6	
89.4	99.6	
98.1	68.9	
87.6	89.3	
89.2	88.5	
77.7	69.1	
88.2	88.5	
77.5	58.2	
45.2	38.8	
87.8	99.6	
95.5	88.5	
87.6	67.7	
88.8	98.8	
77.7	99	
99.3	27.3	
97.5	89.3	
98.5	99.4	
76.9	78	
88.8	99	
89	99.2	
98.9	99.4	
98.9	89.7	
88.6	-12.9	
36.7	19.2	
88.6	79.4	
87.8	7.9	
68.2	99.2	
66.8	89.5	
88	99	
98.5	48.3	
99.3	89.7	
88.2	99.4	
75.7	89.7	
98.7	99.6	
77.5	79.2	
98.7	99.4	
89	89.1	
65.8	89.7	
89.2	99.6	
68.4	99.2	
98.7	69.3	
68.4	69.5	
98.9	89.7	
99.1	99.4	
86	79.4	
75.9	69.1	
25.2	99.4	
55.5	39.6	
97.9	89.7	
12.9	59	
85.4	39.6	
98.5	99	
66.2	98.8	
87.6	88.1	
93.3	89.5	
67.6	79.2	
65.4	-0.8	
88.8	99	
86.6	99.6	
68.4	99.6	
98.9	89.3	
98.9	99.4	
79.3	99.4	
96.9	89.1	
98.1	79.4	
98.1	88.7	
98.1	99.6	
88.6	29.5	
88.8	68.5	
87.4	-12.1	
51.7	99.6	
89	99.4	
88.2	99.6	
68	89.1	
66	99.6	
78.5	89.7	
89	99.4	
78.9	68.3	
76.9	89.5	
77.7	98.2	
48.2	99.4	
87.6	99.4	
67.6	99.6	
77.9	99.2	
87.8	49.3	
89.2	58.8	
99.1	88.9	
99.3	99.6	
79.3	78.8	
75.7	88.9	
99.1	89.1	
97.7	89.1	
89	99.6	
98.5	78.8	
98.7	79.2	
98.9	89.7	
69.2	98.6	
99.1	78.8	
87.4	79.4	
57.9	89.3	
68.2	89.3	
37.5	79.2	
78.1	99.6	
97.5	88.7	
99.1	89.7	
-6.5	99.6	
75.7	89.3	
67.6	79	
67.6	99.2	
66.8	79.4	
77.7	99.6	
47.8	79.4	
98.9	89.1	
78.5	89.3	
98.9	99.6	
89.2	-42.4	
78.9	99.4	
95.9	99.4	
99.3	78.4	
78.5	89.1	
57.3	88.5	
77.9	99.4	
88.6	88.9	
98.7	98.6	
68.4	99.6	
56.7	99.6	
79.3	99.6	
87.8	88.9	
68	99	
86.8	69.5	
77.3	88.3	
75.1	99.2	
76.1	79.2	
89	89.3	
89	89.7	
98.9	89.7	
86.6	-1.4	
57.1	99.2	
89	99.6	
68.8	99.4	
98.5	99.6	
65.2	99.6	
89.2	99.4	
76.7	99.6	
97.3	89.5	
85.8	99.6	
99.1	99.4	
89.2	19	
97.7	88.9	
89	79	
89	86.7	
87.4	78.8	
77.5	99.2	
88.4	99	
68.4	99.2	
98.7	78.4	
86.8	99.4	
89	99.6	
98.3	99	
57.1	99.6	
78.7	89.3	
98.9	99.2	
88.8	89.5	
98.7	98	
75.7	89.1	
88.4	78.8	
56.7	88.9	
78.9	79	
99.1	78.4	
77.7	59.4	
98.3	99.6	
99.1	89.3	
88.4	89.7	
99.3	89.7	
88.6	99.2	
88.6	-31.7	
98.5	39.6	
99.3	99.6	
88.4	79.4	
54.5	89.7	
99.3	88.1	
98.5	29.3	
89.2	89.5	
96.9	98.8	
97.5	89.3	
79.1	98	
68	87.9	
98.7	89.7	
77.9	89.5	
99.1	78.6	
89.2	68.5	
88	88.7	
65.6	99	
48.4	99.2	
88.2	88.3	
78.3	-11.1	
99.3	89.5	
77.9	99.6	
88.6	79.4	
96.9	99.2	
87.8	89.7	
98.5	89.3	
66.8	89.5	
89	88.3	
99.3	99.6	
98.1	99.4	
88.8	-11.9	
88	78.4	
89.2	99.4	
99.1	89.1	
77.5	39	
78.7	99.6	
88.8	89.7	
56.1	49.5	
88.6	69.7	
75.5	99	
96.9	88.3	
98.3	99.6	
99.3	99	
77.5	69.1	
79.1	19	
88.2	68.9	
98.5	99.2	
67.8	89.3	
88.8	99.2	
77.9	99.6	
33.9	98.6	
87.4	99.4	
89	-91.9	
97.7	99.6	
78.5	99.2	
78.3	99.4	
67.6	59.4	
88.8	99.4	
56.5	79.2	
88.6	88.9	
97.5	99.6	
55.5	89.7	
97.7	99	
78.5	88.5	
87.8	57.4	
87.6	87.7	
78.3	89.5	
87	89.1	
88.2	-0.8	
98.3	99.4	
77.5	99.4	
86.8	99.4	
78.9	99.6	
89	99.4	
99.1	78.2	
88.6	98.8	
88	99.4	
76.7	89.3	
68	99.4	
99.1	99.2	
57.7	99.2	
97.7	99.4	
77.3	79.4	
99.3	99.2	
98.7	99.6	
67.6	89.5	
98.1	89.5	
89	99.6	
98.5	79.6	
98.3	89.7	
98.3	59	
78.7	99.4	
78.1	98.8	
99.1	89.1	
66.2	99.4	
98.5	99	
97.5	47.7	
88.4	88.7	
88.4	98.2	
89	99	
78.7	78.6	
99.3	88.9	
75.5	99.2	
46.2	98.8	
87.8	99.4	
25	88.7	
88.8	99.6	
97.9	58.8	
89.2	89.5	
89.2	99.4	
88	77.2	
45.6	99.6	
88.8	99.4	
87.8	89.1	
88.6	99.4	
57.9	99.6	
87.4	99.6	
88.8	99.4	
89.4	49.5	
56.9	79	
98.5	99.6	
98.5	99.6	
57.7	59	
67.8	89.3	
58.3	99.6	
99.1	98.8	
87.2	99.6	
77.3	99.2	
99.1	89.5	
89	99.6	
67.2	89.3	
98.3	89.3	
96.5	99.6	
98.3	88.9	
68.2	79.6	
88.4	88.1	
98.5	79.4	
88.6	89.5	
67.6	79	
77.7	89.5	
88.2	79	
98.3	69.5	
98.1	99.4	
67.8	89.3	
88.8	98.6	
68.6	89.5	
33.3	79.4	
58.1	79.4	
67.4	99.6	
97.7	-0.4	
99.1	98.8	
98.7	99.6	
89	88.5	
68.8	59	
97.9	89.1	
47	89.5	
98.9	99.4	
87	89.5	
98.5	99.4	
99.3	99.4	
65.6	89.7	
99.1	49.5	
66	98.6	
56.1	88.7	
87.8	99.2	
67.2	98.8	
88.6	78.6	
69.2	58.8	
99.1	99.4	
99.3	99.4	
99.1	69.3	
98.7	89.5	
87.8	68.3	
66.4	28.7	
67	99.4	
56.7	99.6	
98.7	69.1	
95.3	99.6	
88.8	79.6	
88.4	98.8	
98.7	99.6	
68.4	99	
89	89.5	
89.4	99.6	
59.1	99.4	
68.2	99.4	
57.7	99.2	
12.5	99.4	
98.1	99.4	
98.3	69.3	
98.1	9.5	
88.8	89.3	
98.7	59.4	
85.2	99.2	
88.8	79.4	
89.2	79.6	
98.7	99.6	
88	68.5	
89	98.6	
68.4	58.2	
99.3	99	
97.9	99.4	
89.2	99.2	
98.7	99.6	
96.1	99.6	
88.6	99.6	
58.3	99	
86.6	99	
68	-51.7	
88.4	99	
87.8	98.6	
99.1	99.6	
99.1	89.7	
87.6	59.2	
68.2	68.9	
98.1	89.3	
87.8	99.4	
63.6	99.6	
88.6	99.4	
9.7	99.4	
98.7	69.7	
87.2	99.4	
98.9	99.4	
66.8	89.3	
78.7	59	
76.3	99.2	
78.9	89.5	
88	89.1	
88.4	59.6	
55.7	-0.8	
75.3	89.7	
87	89.1	
65	99.4	
88.6	78.8	
98.7	99.4	
77.9	68.5	
68.6	99.6	
95.7	89.7	
98.5	79.8	
88.4	89.7	
98.7	99.6	
99.3	99.6	
57.7	69.1	
68.2	69.1	
98.5	99.6	
86.6	89.7	
98.9	68.7	
98.3	99.4	
98.9	98.4	
58.3	88.9	
27.8	89.7	
98.5	89.1	
98.9	99.4	
85.8	99.6	
88	99.6	
87.4	99.6	
97.3	99.6	
87.8	89.3	
87.2	89.3	
46.8	99.6	
78.5	99.4	
99.3	99.4	
87.6	68.9	
58.3	69.1	
88.6	69.3	
88.4	89.5	
88.4	79.8	
99.1	99.2	
97.7	99.6	
67.2	98.8	
87.8	99.4	
99.3	69.5	
99.1	99.6	
76.9	99.6	
88.6	89.5	
78.3	99.6	
98.7	99.2	
56.7	99.4	
89	39.2	
57.3	89.3	
88	69.7	
58.3	99.4	
87.6	89.5	
85.6	89.5	
66.8	68.5	
98.1	78.6	
33.9	89.5	
75.7	89.5	
67	79.2	
86	-1.6	
88.6	69.5	
84	89.1	
98.3	69.3	
68.2	49.5	
