87.8	59.4	
-16	-91.1	
98.5	-1119	
86.6	-48	
97.1	66.7	
81.4	58.6	
97.3	49.1	
98.7	27.9	
99.1	-82	
95.5	-96.3	
89	69.5	
99.3	-16.3	
98.9	64.7	
99.3	26.3	
99.1	28	
65.4	55.8	
98.9	28.4	
98.9	2.7	
99.3	87.9	
98.7	89.1	
99.3	65.3	
86	88.3	
98.5	-20.1	
96.1	57.2	
97.1	75.3	
99.3	98.6	
98.9	67.9	
99.3	98	
97.5	98.2	
99.1	97	
98.9	88.5	
99.1	78.6	
99.3	99.6	
99.3	96.6	
99.1	97.8	
88.8	98.4	
98.1	88.5	
99.1	88.7	
99.1	57.4	
98.9	99	
97.7	99.4	
99.1	98.4	
99.3	98.4	
99.1	97	
98.7	89.1	
99.3	99.4	
99.1	98.2	
98.7	99.2	
99.1	99.6	
88.2	98.4	
99.3	99.4	
99.3	99.6	
99.3	99.4	
79.1	79.2	
88.8	99.6	
98.9	99.4	
98.5	99.6	
88.8	99.4	
89.2	99.6	
99.1	99.4	
99.1	99.6	
99.3	98.8	
99.1	79.4	
99.1	99.4	
98.9	99.6	
98.9	99.6	
96.5	99.4	
98.9	99.4	
89	99.6	
98.9	99.6	
98.1	99.6	
96.1	99.6	
98.7	99.2	
88.8	99.4	
99.3	99.6	
99.3	99.6	
98.1	99.4	
99.3	88.9	
99.3	99.4	
99.1	79.2	
88.6	99.6	
99.3	99.4	
99.3	99.6	
98.5	99.6	
99.3	79.6	
98.9	99.4	
99.3	99.6	
99.1	99.4	
99.1	99.6	
99.3	99.6	
98.7	69.7	
98.7	99.6	
99.3	99.6	
99.3	99.4	
98.9	99.6	
99.1	89.5	
99.3	99.6	
98.9	99.4	
99.1	99.2	
99.1	89.5	
99.3	89.1	
89	99.6	
99.1	99.6	
98.9	99.4	
99.3	99.4	
99.1	99.6	
99.3	59	
99.3	99.6	
89	79.4	
98.9	99.4	
99.3	99.4	
99.1	99.4	
99.3	99.6	
99.1	99.6	
99.3	99.6	
98.7	99.6	
98.9	99.6	
99.3	99.6	
99.1	99.6	
99.3	99.4	
99.1	99.6	
99.3	99.6	
99.3	99.6	
99.3	99.4	
89.2	89.5	
98.9	59.4	
98.9	99.6	
99.1	48.3	
99.1	89.3	
99.3	99.6	
99.1	99.6	
99.1	99.6	
78.9	89.3	
99.1	99.6	
98.7	99.6	
98.5	79.4	
99.3	99.4	
99.3	99.4	
98.9	69.5	
89	99.2	
99.1	99.6	
99.1	99.6	
98.9	99.4	
89	99.6	
99.1	99.6	
98.7	99.6	
99.1	99.6	
88.6	99.6	
98.5	99.6	
99.3	69.3	
99.1	99.6	
99.1	99.6	
88.8	49.5	
98.7	99.6	
88	99.6	
98.9	99.6	
98.7	99.6	
99.1	99.6	
99.3	69.3	
89	89.5	
99.3	99.6	
99.1	99.6	
89.2	99.4	
98.9	99.6	
99.3	99.6	
99.3	99.6	
99.3	99.6	
98.5	69.7	
99.1	99.6	
88.8	99.6	
98.5	69.5	
98.7	99.6	
98.9	99.6	
99.3	79.6	
99.3	99.6	
99.1	99.6	
89.2	99.6	
99.3	29.1	
98.9	99.6	
88.8	99.4	
89	99.6	
99.3	99.4	
98.9	99.6	
98.7	99.4	
68.2	99.6	
89.2	99.6	
99.1	79.4	
88.6	99.6	
99.3	99.6	
99.1	98.8	
99.3	69.3	
99.1	99	
99.3	99.2	
89.2	99.6	
99.1	99.4	
99.3	99.6	
99.3	99.4	
98.7	99.2	
99.3	99.6	
99.1	99.6	
99.1	99.4	
98.9	99.4	
99.1	79.6	
89.2	99.4	
99.3	99.4	
99.3	99.6	
98.7	89.5	
99.3	99.4	
99.3	99.6	
99.1	99.6	
98.9	99.6	
99.1	99.4	
99.1	99.2	
99.1	99.6	
98.9	89.5	
99.3	99.6	
99.3	99.4	
99.3	99.6	
98.9	99.6	
99.1	89.5	
98.3	89.3	
99.1	79.4	
98.9	99.6	
99.3	99.4	
99.3	99.6	
98.7	99.6	
98.9	99.4	
99.1	99.4	
99.3	89.3	
99.3	99.6	
99.1	99.6	
99.3	99.4	
99.1	99.4	
99.3	99.6	
99.3	89.3	
99.1	99.6	
98.9	99.4	
89	99.6	
98.9	99.6	
99.3	99.6	
98.9	99.6	
99.1	79.6	
99.3	99.4	
99.1	99.6	
98.9	99.6	
99.1	99.6	
89.2	99.6	
98.5	99.6	
99.3	99.6	
88.8	99.6	
99.3	99.6	
98.7	89.5	
99.1	99.6	
99.1	99.6	
99.1	99	
99.1	99.6	
99.3	89.5	
89.2	99.6	
89	99.6	
89.2	99.6	
98.5	99.6	
99.3	99.4	
99.1	99.6	
99.1	99.4	
99.3	99.6	
99.1	99.6	
98.5	99.4	
98.9	99.6	
98.7	99.6	
99.1	99.2	
98.5	99.6	
99.3	99.6	
99.3	99.6	
99.3	99.6	
99.1	99.6	
99.3	99.6	
99.1	99.6	
88.4	99.6	
99.3	89.3	
99.3	99.6	
99.1	99.6	
99.1	99.2	
88.2	99.6	
98.9	99.4	
99.1	99.6	
99.3	99.6	
99.3	99.6	
99.1	99.6	
98.7	99.2	
99.1	99.6	
99.1	99.4	
98.7	99.6	
99.3	99.6	
98.7	99.6	
98.9	79.6	
99.3	79.6	
98.7	79.4	
98.7	99.2	
98.7	99.2	
78.7	99.4	
98.7	99.6	
99.1	99.6	
99.1	99.6	
98.7	99.6	
98.5	99.6	
98.1	99.6	
88.8	99.4	
99.3	99.6	
99.3	79.2	
98.5	99.6	
98.7	69.3	
99.1	99.6	
98.7	99.6	
98.7	99.2	
99.3	99.6	
89	99.6	
99.3	99.6	
99.3	99.6	
99.1	89.5	
99.3	99	
99.3	99.4	
98.7	99.6	
98.9	99.6	
98.9	99.6	
99.1	99.4	
89	79.2	
99.1	89.5	
89.2	99.2	
99.1	89.5	
99.1	99.6	
98.5	89.5	
78.9	99.6	
99.1	99.6	
98.7	79.2	
98.9	99.4	
98.7	89.1	
98.9	99.6	
98.7	49.5	
99.3	99.6	
98.5	99.6	
99.3	99.6	
88.2	99.2	
99.3	99.4	
99.3	99.6	
99.3	99.6	
98.5	99.6	
98.9	89.5	
98.1	89.3	
98.7	99.4	
99.3	99.6	
98.9	99.6	
99.1	99.6	
99.3	99.6	
88.6	99.6	
98.3	99.4	
99.3	99.4	
99.3	99.6	
98.5	99.6	
99.1	99.4	
98.9	99.6	
99.1	99.6	
99.3	59.6	
99.1	79.6	
99.3	99.6	
99.3	99.6	
89.2	99.6	
99.1	99.2	
98.9	99.6	
99.3	59.4	
98.3	99.6	
99.3	89.3	
99.1	99.2	
99.1	99.6	
98.7	99.6	
99.3	99.6	
88.6	99.6	
99.1	89.3	
98.5	99.6	
99.1	79.6	
99.3	79.4	
97.7	99.2	
99.3	99.4	
98.9	99.4	
98.7	99.4	
99.3	99.6	
98.9	69.5	
99.3	99.6	
98.9	79.4	
89	79.2	
99.3	99.6	
89	79.2	
98.9	89.3	
99.1	99.6	
99.1	99.6	
99.3	49.1	
88.8	99.6	
99.3	99.6	
99.1	99.6	
99.3	99.6	
99.3	99.2	
99.3	99.2	
99.1	99.4	
99.3	99.4	
98.7	99.6	
99.1	99.4	
99.1	99.6	
99.3	99.4	
99.3	99.6	
99.3	99.6	
98.9	99.6	
99.1	99.6	
88.6	89.5	
88.8	99.4	
99.1	79.4	
99.1	99.6	
99.3	99.4	
89	99.6	
99.3	99.6	
99.1	99.6	
99.3	89.1	
99.1	99.6	
99.1	99.4	
89.2	99.4	
99.3	99.6	
99.1	99.6	
99.1	79.2	
89.2	99.6	
99.3	99.6	
99.3	99.6	
98.9	99.6	
99.3	89.5	
98.9	89.3	
99.3	99.4	
79.1	99.4	
98.7	99.2	
99.1	79.4	
99.1	89.3	
99.1	99.4	
99.3	99	
99.3	99.4	
99.3	99.4	
98.9	99.6	
99.3	99.6	
98.5	99.4	
98.9	99.6	
98.9	79.6	
99.3	99.6	
89	99.2	
99.3	89.5	
98.9	99.6	
98.9	99.6	
99.3	99.6	
99.1	99.4	
78.5	99.6	
98.9	99.4	
99.1	99.4	
99.3	99.6	
99.3	99.6	
98.9	99.6	
99.3	99.6	
99.3	99.6	
99.3	99.6	
99.3	99.6	
99.1	99.4	
99.3	99.4	
99.3	99.6	
99.3	89.5	
88.6	99.2	
99.1	79.4	
99.1	99.4	
98.3	99.6	
88.8	99.6	
99.1	79	
99.1	99.4	
88.6	99.4	
98.9	79.2	
99.3	99.6	
99.3	99.6	
99.3	99.6	
99.3	79.6	
99.3	99.6	
99.3	99.2	
99.3	99.6	
99.1	99.6	
98.9	99.4	
99.3	99.2	
99.1	99.6	
98.7	99.6	
99.3	99.4	
89.2	99.6	
99.1	99.6	
89	99.2	
99.3	99.4	
99.3	99.6	
99.3	99.6	
99.3	99.4	
99.3	99.6	
99.1	89.3	
99.1	99.6	
89.2	79.4	
