78.1	-81.6	
-131.3	89.5	
89	48.7	
86.2	69.3	
68.2	38.8	
67.8	39.2	
87.4	48.7	
78.1	49.1	
88.8	-62.2	
68.6	-83.8	
58.9	79.8	
98.9	78	
85.2	18	
85	88.3	
67.2	27.7	
98.9	-1.4	
45.8	89.3	
30.7	99	
89	99.4	
95.3	18.6	
86.4	99	
99.3	99.2	
98.9	99.2	
65.8	99.4	
84.2	69.3	
88.2	79.2	
76.5	87.7	
63	-1.2	
57.1	69.1	
83.4	89.5	
98.3	69.5	
98.1	99.6	
88.2	99.6	
79.1	68.3	
98.1	79	
88.4	99.2	
78.1	88.7	
88	58.6	
98.1	8.5	
48	79.2	
76.5	88.9	
86.4	88.7	
88.2	89.1	
76.3	99.6	
98.1	99.6	
96.9	99.4	
88.4	98.8	
88.6	99.4	
78.5	99.4	
88.8	49.1	
99.1	48.3	
88	38.6	
88.6	89.7	
98.9	88.7	
88.6	99.2	
67.2	77.8	
99.1	99.6	
77.1	89.1	
99.1	89.3	
98.3	99.2	
87.8	99.6	
98.5	99.6	
88.8	99.4	
77.5	99.2	
78.5	99.6	
97.7	89.3	
59.3	59.4	
85.2	99.4	
98.5	79.2	
76.1	98.8	
88.4	99.2	
71.7	89.3	
89.4	68.7	
64.6	99.6	
78.3	69.5	
96.3	78.8	
98.9	89.5	
77.7	89.3	
89	99.4	
88.6	59.2	
88.2	89.7	
97.9	99.4	
96.1	19.2	
77.9	89.7	
56.9	99.4	
99.1	99.6	
78.7	99.4	
96.5	98.6	
99.1	98.8	
87.6	99	
99.1	99.4	
89.2	98.8	
78.9	89.5	
46.8	89.1	
56.9	99.2	
69.2	99.4	
76.3	99.4	
47.2	99	
99.3	99.2	
98.1	59.2	
88.4	99.4	
88	38.4	
68	98.6	
77.5	99.6	
77.7	99.6	
88.4	99.4	
97.5	89.3	
88.2	87.9	
98.9	88.1	
98.9	89.5	
78.5	99.6	
98.9	29.1	
88.4	59.2	
98.5	99.6	
98.9	89.3	
88	79.4	
46.6	59.2	
58.1	89.3	
99.1	99.4	
99.1	39	
88.8	99.6	
98.7	89.5	
89	99.2	
99.1	48.7	
68.8	89.1	
98.7	99.4	
28	99.4	
89	59.4	
98.3	99.6	
89.2	99.2	
68.8	99.4	
56.9	99.6	
68.6	99.4	
88	99.2	
98.5	79	
87.6	99.6	
98.1	99	
98.3	99.4	
56.1	78.6	
87.8	89.7	
54.9	98.8	
87.8	98.6	
97.1	89.7	
97.9	99	
79.1	99.6	
98.1	99.4	
78.9	99.4	
88.6	99.6	
88.2	99.4	
99.3	69.3	
97.7	99.4	
87.8	89.3	
97.7	99.6	
96.5	78.8	
99.3	99.4	
98.7	99.6	
98.9	98.6	
88	-21	
68.2	99.4	
88.4	99.4	
78.1	98.8	
99.3	89.5	
98.9	88.9	
77.7	89.7	
88.6	77.8	
57.1	99.6	
99.1	99.6	
99.1	58.4	
88.8	99.4	
99.1	89.3	
58.7	99.4	
97.7	89.5	
89.2	59.6	
87.4	99.2	
98.1	99.4	
89	89.1	
76.5	99.6	
98.7	79.2	
88.6	99.6	
88	69.7	
99.1	99.6	
65.8	69.3	
88.8	98.8	
99.1	79.4	
99.3	89.5	
89.4	88.9	
78.1	99.6	
89.2	99.6	
98.5	99.6	
87.8	99.6	
98.9	89.5	
88.4	78.6	
65.2	88.9	
98.7	89.1	
78.7	18	
98.9	39.2	
78.9	99.6	
88.4	99	
89.2	89.7	
99.1	99.6	
98.9	99.6	
99.1	99.4	
88.8	59	
99.1	39.4	
98.5	89.1	
99.3	98.8	
89	89.5	
67	98.8	
99.1	89.7	
89.2	29.1	
99.3	99.4	
67.6	99.4	
57.5	99.4	
77.7	98.2	
98.7	99.2	
47.4	89.7	
87.8	99.6	
78.1	89.3	
98.7	89.1	
97.1	39.4	
98.9	99.6	
98.5	89.1	
98.3	89.5	
89.2	99.6	
67.8	99.4	
99.1	48.7	
87.2	99.4	
98.7	89.3	
87.6	69.1	
98.9	68.7	
99.3	49.5	
57.7	79.2	
99.1	99.6	
88.8	99.6	
88.8	99.6	
88	89.7	
89	99.6	
88.8	78.2	
88.8	89.5	
98.9	79	
98.5	-1.2	
69	99.4	
98.5	98.8	
88.6	89.1	
99.1	99.6	
88.6	99.4	
78.3	99.6	
99.1	99.4	
88.8	99.4	
89.2	99.6	
77.1	99.4	
98.9	99.2	
89.4	79.2	
25.4	88.7	
89	39	
99.1	99.2	
78.7	89.5	
78.3	99.6	
78.5	99.4	
56.9	99.6	
99.1	89.7	
98.3	89.5	
79.1	99.6	
88.2	89.1	
89	99.6	
99.3	89.1	
87.8	99.4	
87.8	99.2	
89.2	68.1	
89	99.6	
89.4	89.3	
89	69.5	
98.3	99.4	
98.5	99.4	
89	69.1	
88.8	89.3	
98.9	89.1	
98.7	89.7	
89	89.1	
97.9	99.2	
99.1	68.1	
98.9	28.9	
87.2	79.4	
87.4	39	
88.6	98.6	
77.9	99.6	
68.4	99.4	
98.3	79	
98.1	99.2	
98.9	99.6	
98.7	99.6	
55.7	99.6	
98.9	28.5	
78.5	89.5	
98.7	69.3	
99.1	99.4	
89	89.7	
98.9	99.6	
98.7	89.5	
98.9	99.2	
88	99.4	
98.9	59.6	
97.3	88.9	
77.5	99.6	
86.8	99.6	
76.5	99.4	
99.3	89.1	
67.4	99.6	
79.1	99.2	
98.5	89.7	
88.6	68.3	
78.5	99.2	
76.1	78.8	
98.7	99.6	
98.7	59.8	
58.5	88.5	
86.8	99.4	
99.1	99.6	
88.4	79.4	
89.2	99.6	
99.1	49.1	
89.2	99.4	
99.1	99.2	
68.4	88.9	
98.9	89.1	
37.5	99.4	
98.9	99.4	
86.6	69.1	
68.8	99.4	
99.3	99.6	
97.5	99.6	
68.2	99.6	
88.2	98.6	
79.1	99.4	
98.5	89.5	
67.8	99.6	
98.7	48.9	
89	99.6	
89	39.6	
98.7	79.6	
88.4	99.6	
98.5	89.3	
98.9	99.6	
87	99.6	
68.6	89.3	
89.2	39.4	
99.3	89.3	
99.1	89.3	
98.3	58	
58.5	99.6	
98.9	-31.1	
88.4	99.6	
98.7	69.7	
89	87.9	
78.1	99.2	
98.3	79	
78.9	99.6	
48.6	99.4	
98.1	99.6	
97.9	19.2	
87.2	89.5	
98.7	69.5	
88.4	99.2	
45.8	49.1	
57.9	79.6	
89	49.1	
98.7	89.3	
89	89.5	
98.9	99.4	
65.4	99.6	
98.3	89.3	
98.7	89.7	
88.2	99.4	
99.3	98.8	
67.6	99.2	
98.5	99.6	
88.6	88.7	
98.5	99.4	
99.3	99.2	
89	99.6	
68.2	99.4	
99.1	79.8	
68.8	99.2	
98.5	88.1	
97.5	89.7	
98.9	99.4	
88.4	99.6	
98.1	99.6	
88.8	79	
98.9	89.7	
98.5	99.4	
89.2	99.4	
98.5	79.4	
89	99.4	
57.9	79.6	
88.6	79	
99.3	68.3	
89.2	88.9	
68	88.9	
69	88.9	
98.9	99.4	
87.6	79.8	
87.8	79.6	
98.1	99.2	
98.3	49.7	
99.3	99.4	
78.1	99.2	
88.8	99.6	
98.9	99.4	
88.6	89.5	
88.4	79.6	
37.7	89.5	
87.8	99.6	
68.8	89.1	
99.3	99.6	
78.9	99.2	
89	99.4	
88.2	99.6	
79.3	89.3	
99.1	49.5	
68.4	38.8	
98.9	58.2	
98.1	99.6	
97.5	89.7	
47.8	89.1	
68.2	89.1	
79.1	79.4	
98.5	79.4	
98.7	99.2	
88.6	99.2	
77.9	88.5	
88.6	99.4	
99.3	99	
87.8	48.9	
97.9	89.1	
78.3	99.6	
68	89.5	
88.6	99.2	
99.1	79.4	
99.3	99.6	
88.8	59.6	
79.3	59.8	
89	88.9	
68.4	89.5	
98.1	99.6	
77.9	99.4	
78.1	79.8	
88.6	39	
98.9	99.4	
98.9	68.3	
89.4	9.3	
87.6	99.6	
89.2	79.2	
78.7	69.5	
89.4	99.4	
78.7	79.8	
77.9	39.4	
87.8	99.6	
88.8	99.4	
78.1	99.6	
77.3	98.8	
77.5	68.7	
88.4	99.4	
98.7	99.6	
99.3	89.1	
75.9	98.8	
98.3	99.4	
99.3	89.1	
88.6	89.1	
88.4	89.5	
57.7	99.2	
67	99.6	
87.4	79.4	
88.2	99.4	
88	99.6	
78.1	79.8	
87.4	99.6	
88	89.5	
97.7	89.3	
98.5	69.3	
88.8	89.3	
98.9	79.6	
98.9	99.6	
88.6	89.3	
88.6	99.6	
98.9	89.3	
99.1	79.4	
99.1	89.5	
67.6	89.1	
98.5	99.4	
78.9	99.6	
87.8	99.4	
99.3	88.9	
99.3	99.4	
98.5	89.5	
99.3	99	
99.1	99.6	
88.4	89.5	
98.7	98.8	
99.3	99.4	
