57.9	-224	
68.6	69.3	
56.5	28.5	
21.4	77.2	
51.5	39	
65.6	89.1	
75.9	-51.7	
79.3	88.5	
89.2	-2.6	
54.3	98.6	
76.3	89.3	
89	48.7	
76.3	-10.7	
67.4	99.2	
98.5	67.7	
88.2	89.3	
97.3	89.5	
64	99.6	
98.7	99	
73.5	89.5	
68.6	28.9	
77.7	99.2	
98.7	98.8	
76.9	79	
87	-13.1	
99.3	68.9	
68.8	99	
56.3	6.1	
98.7	98.6	
88.8	79	
98.9	89.1	
77.3	89.5	
88	99.4	
77.7	98.6	
88.8	68.7	
68.2	99.6	
87.4	99.6	
75.7	-3.4	
78.3	89.7	
98.7	88.9	
97.7	89.5	
98.5	99.6	
98.3	99.6	
36.1	79	
98.5	68.3	
98.3	68.7	
95.9	99.6	
98.7	48.1	
98.3	89.7	
99.1	99.4	
99.1	49.1	
87.4	88.5	
97.7	79	
98.3	89.5	
89	99.6	
88	39.4	
98.9	99.4	
88.8	99	
99.1	89.5	
88.4	69.1	
98.5	99	
98.1	99.6	
98.9	88.9	
77.7	89.7	
36.7	99.6	
98.7	59.6	
48.4	88.9	
67.2	99	
54.3	88.7	
97.9	89.3	
98.7	69.5	
26.4	79	
99.3	79.2	
86	-11.9	
86.6	88.9	
57.5	98.8	
67	99.6	
98.5	99.6	
56.5	99.6	
98.3	89.3	
98.7	-1.2	
98.7	48.7	
48.2	79.6	
89.4	-12.9	
67.4	99.6	
99.1	89.1	
98.5	99.2	
98.5	89.3	
88.4	99.6	
99.1	39.4	
68	89.3	
30.5	89.5	
45.6	99.4	
99.1	99.6	
99.3	89.1	
98.5	99.6	
98.7	99.6	
88.2	89.5	
98.3	99	
79.1	87.9	
97.7	99.6	
88.8	89.5	
99.3	99.4	
78.1	79	
99.1	98.8	
88	99.6	
56.7	59.2	
97.3	99.4	
88.2	99.4	
88	79.4	
97.9	88.5	
87.2	99.4	
99.3	99.6	
99.3	98.8	
99.1	99.4	
88.8	79	
65.8	98.8	
98.9	99.6	
98.9	99.6	
98.9	98.8	
78.9	48.5	
99.3	78.8	
78.7	99.4	
68.8	89.3	
89.2	59.4	
68.2	89.5	
78.1	78.8	
77.3	99.4	
99.1	69.3	
98.3	87.9	
88.8	99.6	
78.7	68.7	
78.9	79.4	
89.4	78.8	
79.1	69.5	
98.9	78.8	
88.6	69.3	
98.5	79.8	
87	99.4	
89	89.3	
89.2	99.2	
99.1	89.3	
89	99.6	
88	99.2	
16.7	99.6	
97.3	99.4	
88.4	69.3	
88.4	89.5	
88.8	78.6	
99.1	79.4	
98.3	99.2	
98.3	99.6	
88.6	99.4	
78.7	99.4	
67.8	28.9	
56.3	78.6	
88.2	89.1	
88.8	99.4	
98.9	49.1	
97.9	-112.5	
89.2	99.6	
78.9	99.6	
88.2	89.1	
87.6	89.7	
97.9	79	
48	79.4	
88	99.4	
99.1	48.9	
99.1	99.6	
97.5	98.4	
89	58.8	
23	99.4	
58.1	99.2	
88.8	99.6	
88.8	89.7	
77.9	69.3	
86.2	88.7	
66.2	59.2	
77.7	99.6	
87.2	88.9	
98.5	79.2	
98.7	88.7	
98.9	38	
67	99	
98.5	88.7	
67.2	78.6	
89.2	69.1	
69	89.3	
25.8	79.6	
77.3	8.7	
98.5	48.9	
88	68.9	
67	99.4	
96.3	89.3	
89.2	89.3	
56.7	99.4	
86.6	99.6	
98.7	38.8	
78.1	78.8	
97.9	88.1	
26	99.4	
99.1	79.4	
38.3	89.3	
89.2	89.5	
98.5	89.5	
79.3	89.3	
99.3	69.5	
78.1	89.5	
67.2	79.8	
98.5	78.8	
89.2	69.7	
68.8	59.2	
99.1	69.3	
78.1	99.6	
88.6	68.5	
98.3	79.2	
99.1	99.4	
98.7	69.7	
97.9	8.7	
57.9	98.8	
98.3	39.2	
89.4	89.3	
86	99.4	
96.9	89.3	
89	59.4	
98.7	99.2	
57.1	79.6	
47.8	79.4	
89.2	69.7	
89.4	69.5	
23.2	89.7	
88.6	89.7	
88.8	79.8	
69.2	39	
88.8	59.2	
78.9	18.6	
57.3	68.5	
88.6	89.3	
35.3	79.6	
87.4	88.7	
98.7	79.4	
88.2	88.5	
87.8	89.1	
99.1	98.4	
88.2	29.5	
98.7	99.6	
98.3	89.5	
79.1	99.4	
98.3	89.1	
98.3	99.6	
87.6	99.2	
87.6	79	
47.6	27.7	
89	38.2	
79.1	38.8	
67.8	99.6	
-24.1	98.8	
48.4	47.7	
38.3	98.4	
68	99.6	
88	79	
88.4	99.4	
89.2	79.4	
88.2	99.2	
98.9	99.4	
88.6	79.6	
88.2	99	
87.8	99.6	
98.5	99.4	
66.4	68.9	
98.1	99.6	
79.1	99	
98.7	69.3	
99.1	79.2	
98.1	67.9	
98.7	89.7	
99.3	98.4	
57.7	99.6	
98.5	99.6	
98.5	99.6	
88.4	98.8	
89	99	
67.8	89.1	
99.3	98.6	
89	39	
88	49.1	
77.5	79.8	
89.4	99	
66.4	88.7	
87.8	99.6	
78.5	79.6	
99.3	79.6	
75.9	99.6	
98.7	89.3	
78.3	99.4	
98.3	59.4	
67.8	99.2	
66.2	99.6	
77.7	99.4	
88.6	99.6	
78.7	99.2	
56.7	99.2	
99.1	99.2	
88.8	79	
98.1	59	
68.8	99.2	
58.3	79.6	
79.3	99.6	
98.7	79.4	
98.9	99.6	
88.8	69.7	
88.4	99.4	
98.9	99.6	
99.3	37.8	
88.8	99.6	
66.6	99.6	
77.1	49.1	
65.8	99.6	
78.5	88.9	
88.8	99.4	
88	79.2	
79.3	89.7	
88.4	98.8	
36.1	89.3	
88.4	99.4	
56.5	89.7	
99.3	79.6	
47.8	99.6	
67.2	78.8	
98.3	19.2	
89	99.6	
98.7	99.2	
78.3	88.9	
98.9	88.5	
89	89.5	
54.7	89.5	
99.3	68.7	
79.1	68.9	
88.4	59.8	
89.2	89.3	
79.1	69.1	
88.2	88.9	
98.1	99.2	
67.4	99.2	
78.3	78.8	
58.7	99.6	
89.4	99.6	
98.9	59	
88.6	69.7	
98.9	99.6	
17.7	99.6	
48	89.5	
98.7	99.6	
77.7	89.1	
85.8	99.2	
48	89.7	
86.6	99.6	
23.4	99.4	
56.5	99.4	
87.6	29.1	
14.5	89.5	
97.9	79.6	
89	79.6	
79.5	79.6	
57.9	59	
86.8	78.8	
89	99.4	
99.1	99.4	
87.4	58.2	
87.8	69.7	
98.5	27.3	
65.6	38.6	
96.3	99.4	
77.1	99.6	
67	68.9	
98.1	79.2	
87.6	99.6	
89	49.3	
88.6	99.4	
2.6	89.3	
78.1	99.4	
96.3	89.7	
99.1	99	
99.3	89.7	
98.3	88.5	
98.9	89.3	
99.1	88.9	
97.3	88.3	
88.6	88.9	
25.4	99.6	
97.3	99.4	
98.5	88.9	
97.5	99.6	
98.9	89.3	
87.6	89.3	
98.9	99.2	
98.9	-0.8	
88.2	89.7	
68	89.5	
89	89.1	
88.4	68.3	
98.9	98.8	
99.3	99.2	
78.9	99.4	
79.1	38.2	
77.7	99.2	
89	99.4	
87.8	79	
88.6	89.3	
98.3	28.3	
47.4	9.1	
89.2	89.7	
98.3	78.8	
98.9	79.8	
78.1	-1.4	
99.3	99	
98.3	48.1	
98.7	99.6	
98.5	79.6	
89.4	48.9	
99.1	88.7	
79.3	69.1	
88	78.8	
78.5	89.5	
99.1	99.4	
96.7	79.6	
98.5	88.9	
98.9	99.2	
87.2	99.4	
66.6	99.4	
89	99.6	
98.9	59.2	
58.3	99.6	
87.8	99.2	
67.6	89.5	
99.3	99.2	
25.4	18.4	
98.1	89.7	
78.9	79.2	
98.5	98.6	
98.1	98.8	
78.7	99.6	
99.1	89.7	
78.1	99.6	
87.6	99.4	
97.5	89.3	
56.9	79.2	
97.7	79.4	
77.3	89.7	
99.1	89.1	
78.1	89.5	
79.1	99	
89.4	89.7	
67	89.5	
88.8	69.1	
67.4	38.6	
98.1	89.1	
99.1	58.8	
68	99.6	
89.2	79.4	
56.9	69.5	
89	99.6	
99.3	49.5	
98.3	79.4	
98.1	98.8	
88.6	99.6	
97.3	69.1	
58.1	99.4	
98.7	99.6	
89.4	99.2	
89.2	79.4	
87.6	69.3	
97.5	89.5	
66.6	89.7	
98.9	69.3	
98.1	99.4	
78.5	68.7	
66.6	99.6	
98.9	99.2	
88.8	99.4	
36.9	68.9	
78.5	39.4	
86	79	
89.2	98.6	
87.6	99.6	
99.1	99.2	
68.6	69.3	
98.7	99.6	
88.6	99.6	
78.9	68.5	
97.9	89.3	
66.6	99.4	
78.7	99.4	
87.8	89.7	
87.4	89.1	
89	78.8	
78.3	89.5	
88.4	47.9	
97.9	89.3	
47.4	99.6	
