67.4	-60.8	
57.5	49.3	
67.8	48.7	
68.4	48.7	
76.3	88.5	
98.9	79	
97.1	79.4	
97.7	69.5	
25.6	89.1	
97.3	79.4	
97.1	79.2	
87.8	79.6	
97.5	79.6	
76.7	68.9	
87	28.5	
77.3	89.3	
88.6	99.6	
89.2	89.3	
99.1	79.4	
98.5	99.6	
98.3	99.6	
98.7	99.6	
98.7	99	
98.9	99.6	
98.9	99.2	
99.3	99	
99.1	99	
98.5	89.1	
98.7	49.3	
79.1	99.6	
98.7	99.4	
99.3	99.6	
88.8	99.6	
99.3	69.3	
99.3	99.6	
98.5	99.4	
88.8	99.6	
78.9	89.1	
99.1	99.4	
76.3	99.6	
77.3	99.6	
68	99.6	
99.3	99.6	
98.7	99.4	
88.6	99.4	
98.7	99.6	
98.9	99.6	
88.4	99.4	
76.9	89.5	
46.8	99.6	
80.6	99	
99.3	89.7	
97.7	99.2	
87.6	89.3	
78.5	69.1	
96.7	99.4	
88.6	99.6	
99.1	99.6	
97.3	99.2	
89	99.6	
97.5	99.6	
88.8	99.6	
91.9	79.4	
98.9	88.5	
98.7	99.4	
88.8	99.6	
99.3	89.5	
98.7	99.4	
99.3	99.6	
99.3	89.3	
98.1	99.6	
98.9	99.2	
98.5	78.6	
89.2	89.5	
78.3	99.6	
89.4	99.2	
98.9	99.4	
98.9	99.6	
98.9	99.6	
97.7	89.7	
99.1	89.7	
98.9	99.6	
89.4	99.2	
88.4	99.4	
98.7	99.6	
99.1	99.4	
89.2	99.4	
96.9	99.4	
89.2	78.8	
99.3	98.8	
99.1	99.6	
99.1	99.6	
98.3	99.6	
98.9	99.4	
88	99.4	
98.9	78.8	
98.9	89.3	
99.3	89.1	
99.1	99.4	
99.1	99.4	
98.3	88.3	
98.5	99	
99.1	99.2	
98.3	89.7	
79.3	89.5	
98.9	89.5	
89.4	89.7	
99.3	79.6	
99.3	89.7	
79.1	-11.9	
99.1	99.4	
88.4	89.5	
89.4	99.6	
89.4	99.6	
77.9	99.6	
89.2	99.6	
89.2	88.9	
89.4	99.6	
89	99.4	
99.3	99.4	
88.6	99.6	
79.1	99.6	
89.4	99.6	
78.3	79.2	
88.8	99.6	
98.5	99.6	
98.7	99.6	
99.3	99.2	
98.5	99.4	
68.8	99.6	
99.3	89.5	
99.1	99.6	
89.2	99.4	
98.3	99.6	
89	99.6	
99.1	89.5	
99.1	99.6	
99.3	99.4	
79.1	98.8	
99.1	99.6	
98.7	99.2	
99.1	99.6	
88.8	99.6	
88	99.4	
98.9	99.4	
98.9	89.5	
98.5	99.4	
99.1	99.2	
99.3	99.6	
99.3	99.6	
99.3	99.6	
99.1	78.8	
99.3	89.1	
77.9	97.8	
98.9	99	
98.9	89.5	
99.1	99.6	
78.7	99.6	
88.2	99.6	
99.3	99.2	
99.1	89.7	
99.1	99.6	
99.3	89.5	
98.1	99.6	
78.7	39.4	
99.3	99.6	
98.9	99.4	
88	88.9	
89.2	99.2	
89	99.4	
98.7	99.6	
98.9	69.1	
79.5	99.6	
98.7	99.4	
89	79	
98.9	89.3	
99.1	99.6	
98.7	99.6	
98.9	89.5	
89.2	89.5	
99.3	99	
98.7	99.6	
99.3	99.6	
98.7	99.4	
98.9	99.4	
98.9	99.6	
99.1	99.6	
99.3	89.1	
99.3	99.2	
98.9	88.9	
98.9	68.3	
89.4	89.7	
99.3	79.6	
79.1	89.7	
99.3	89.7	
99.3	69.7	
98.7	98.8	
79.3	99.4	
99.1	99.2	
99.3	99	
89.4	89.7	
89	69.7	
98.9	89.5	
88.6	49.5	
89.4	99.6	
98.9	99.6	
89.2	69.7	
88.8	99.2	
99.3	99.4	
88.4	99.2	
98.7	99.6	
89	99.4	
99.1	99.4	
98.9	99.4	
99.1	69.5	
86.8	99.6	
99.1	99.6	
89	89.7	
89	89.1	
98.9	89.5	
87.8	77.8	
56.1	99.2	
95.7	99	
98.9	89.7	
88.4	89.7	
97.5	89.7	
98.7	89.7	
37.3	89.1	
99.3	89.7	
98.3	89.3	
99.1	89.7	
99.1	99.6	
99.1	79.4	
98.7	89.7	
98.9	89.7	
99.1	89.7	
98.7	89.7	
78.5	29.5	
89	69.7	
98.7	89.7	
98.1	79.6	
99.1	89.7	
99.1	99.4	
98.7	99.6	
99.3	99.6	
98.9	99.6	
99.3	99.6	
99.1	79.8	
98.9	89.5	
98.7	99.6	
79.3	89.5	
99.3	89.7	
99.1	99.2	
98.9	99.6	
99.3	99.6	
88.6	99.6	
89	99.4	
99.1	99.4	
89	99.6	
78.5	99.6	
89	99.6	
99.3	99.4	
77.9	99.4	
99.1	99.4	
98.7	99.2	
89	99.6	
97.3	79.8	
97.7	99.4	
99.3	79	
99.3	99.4	
98.7	99.4	
99.3	99.4	
96.7	99.6	
98.3	99.6	
99.3	99.6	
98.7	89.5	
89	59.6	
68	99.6	
88.6	99.4	
97.9	99.6	
99.1	99.6	
86.8	99.6	
99.1	99.6	
97.3	99	
88.4	99.6	
99.1	89.7	
89	99.6	
90.9	99.4	
98.5	89.7	
97.9	99.2	
87.2	99.4	
98.3	99.6	
89	79.8	
88.6	99.6	
84.8	89.5	
88.6	79.4	
97.7	69.5	
99.1	49.7	
89	89.1	
99.1	99.6	
99.1	99.6	
98.7	99.6	
99.1	89.7	
98.9	99.2	
98.5	99.4	
89.2	99	
98.9	99.6	
98.7	89.5	
89.4	89.7	
89.2	49.5	
97.9	99.4	
89.4	99.6	
88.8	99.4	
88.6	99.2	
98.9	99.4	
98.9	79.6	
99.3	99	
99.3	99.6	
89.4	99.4	
99.1	99.6	
99.1	99.4	
98.5	99.4	
99.1	99.4	
88.6	99.6	
99.3	89.5	
98.9	79.8	
99.3	99.4	
89.4	99.6	
98.9	99.6	
98.9	99.6	
99.3	99.6	
99.1	69.1	
99.1	99.6	
88.6	99.6	
99.3	79.6	
98.9	89.5	
98.3	99.6	
98.9	79.4	
99.1	99.4	
89.2	99.6	
98.5	99.6	
89	99.6	
77.9	89.5	
65.3	99.4	
88.8	99.6	
89.4	99.6	
97.9	99.4	
85.4	99.4	
88.4	89.1	
97.9	99.6	
98.3	89.5	
89	89.7	
98.3	99.6	
99.1	99.6	
99.3	99.6	
99.1	79.8	
88.8	99.4	
98.7	89.5	
99.3	99.6	
98.3	99.2	
99.1	79.2	
98.7	99.6	
99.3	99.4	
98.5	99.6	
89	89.5	
88.8	99.6	
89.4	99.4	
99.1	89.7	
99.3	79.4	
88.6	79.8	
99.1	89.7	
98.7	79.6	
99.3	99.6	
99.1	99.6	
99.3	89.3	
88.8	99.6	
99.3	99.4	
98.5	99.6	
87.6	99.4	
98.7	99.6	
98.9	99.6	
98.9	99.6	
98.7	89.3	
99.3	99.6	
99.1	89.5	
89.2	99.4	
99.1	89.5	
99.3	99.6	
88.4	49.3	
99.3	89.5	
99.1	79.2	
89.2	99.6	
99.1	89.1	
99.3	89.5	
99.1	99.4	
89.4	99.4	
88.4	99.6	
99.1	99.6	
89.2	99.6	
98.9	99.6	
98.7	99.6	
99.1	99.6	
98.9	79.8	
99.1	99.4	
99.3	99.4	
99.1	99.2	
98.9	79.2	
98.5	79.8	
88.6	99.6	
99.3	99.6	
99.3	99.6	
99.3	99.6	
99.3	99.4	
99.1	99.4	
99.3	99.6	
88.8	99.6	
89	79.8	
99.3	99.6	
98.7	99.6	
98.7	99.4	
88.6	99.6	
99.3	99.6	
99.3	99.6	
99.1	99.6	
98.9	99.4	
99.1	99.6	
99.1	89.7	
99.1	99.6	
98.5	99.6	
99.1	99.4	
98.1	88.7	
89.4	99.2	
98.7	79.8	
98.7	89.1	
98.3	99.6	
99.3	99.6	
99.1	99.6	
99.1	78.6	
99.3	69.5	
99.1	89.7	
99.3	89.7	
89.4	69.3	
98.9	99	
89	99.6	
89.2	99.4	
99.1	99.6	
99.1	89.3	
89.2	99.4	
89.2	99.6	
98.9	99.6	
89.2	89.1	
89	89.1	
88.6	99.6	
89.2	99.4	
88.8	99.6	
68.4	88.7	
98.9	99.4	
89.2	99.4	
88.6	89.7	
99.3	89.7	
99.3	89.7	
99.1	98.8	
88.6	79.6	
98.9	89.5	
99.1	89.7	
98.7	79.6	
99.3	89.7	
98.9	89.5	
88.8	89.7	
99.3	89.7	
99.3	89.7	
99.3	69.3	
98.7	89.7	
99.3	89.7	
99.1	89.7	
98.9	89.7	
99.3	99.6	
98.7	99.6	
98.9	89.5	
88.4	79.8	
99.1	79.6	
99.3	59.4	
99.1	99.2	
99.1	99.6	
98.7	69.3	
98.9	99.6	
88.2	79.6	
89.2	39	
99.3	99.6	
99.3	89.5	
99.3	79.2	
99.1	99.6	
98.1	89.5	
98.1	99	
89	49.1	
98.9	99.6	
98.9	99.6	
98.7	99.6	
89.4	89.3	
98.9	99	
