6.8	-244.4	
78.5	-11.1	
63.8	88.3	
75.3	88.9	
97.7	59.4	
88.8	89.1	
86	89.5	
88.4	89.5	
88	79.4	
98.9	89.1	
98.7	79	
99.1	99.6	
88	98.8	
99.1	99.6	
98.9	69.7	
98.9	99.2	
56.3	99.6	
98.9	99.6	
98.5	99.6	
87.8	89.3	
53.7	99.6	
87.4	99.4	
73	89.7	
98.3	79	
97.7	99.6	
97.5	99.6	
92.9	99.2	
84.6	99.4	
98.7	99.6	
99.3	99.6	
98.3	99.6	
98.3	99.6	
89	89.3	
86.6	79.4	
83.6	28.3	
67.2	69.1	
89	99.4	
91.9	99.6	
98.5	99.4	
98.9	99.6	
98.9	99.6	
89.2	98.6	
99.3	99.6	
88.6	99.6	
98.7	99.6	
98.9	99.6	
99.1	99.4	
99.1	99.4	
99.1	99.6	
88.4	99.6	
99.1	67.7	
99.3	58.6	
98.9	99.6	
99.1	79.6	
99.1	99	
99.1	99.6	
89.2	99.4	
99.1	99.6	
98.9	99.6	
99.1	99.6	
99.1	99.6	
99.3	99.6	
88.6	99.6	
98.9	97.8	
98.9	99.6	
99.1	99.6	
98.7	68.9	
98.7	99.4	
99.1	99.6	
98.7	99.2	
99.1	99.6	
89.4	88.5	
99.3	99	
99.3	99.6	
88.8	99.4	
98.9	99.2	
98.9	99.4	
99.1	99.6	
89.2	99.6	
89.2	99.6	
98.9	98.8	
99.3	99.6	
87.8	99.4	
99.1	89.1	
89.2	99.6	
98.9	89.3	
97.9	99.6	
87	89.5	
88.2	89.5	
87.4	99.6	
68.6	99.6	
87.8	99.4	
98.7	99.6	
98.9	99.6	
98.1	99.6	
97.1	89.5	
99.3	99.6	
88.4	99.2	
89.2	99.4	
97.9	89.1	
99.1	99.4	
98.1	88.5	
99.1	89.7	
87.6	89.5	
98.5	99.6	
98.9	79.2	
97.9	99.6	
89.2	98.6	
99.1	99.6	
99.3	29.3	
89	79.6	
98.9	99.6	
99.1	99.2	
99.1	99.2	
98.1	99.4	
98.9	99	
89.2	99.6	
88	99.6	
88.6	99.6	
98.7	99.4	
99.1	89.3	
98.9	99.2	
99.1	99.4	
99.1	99.6	
99.1	99.6	
99.3	99.2	
99.3	99.2	
98.9	79.6	
99.3	99.6	
98.3	99.6	
89	99	
99.1	99.4	
99.1	99.6	
98.9	99.6	
99.3	99.2	
99.3	99.6	
99.3	99	
89.2	99.6	
98.9	99.6	
98.5	99.4	
99.1	99.6	
99.3	89.5	
99.1	99.2	
99.1	99.6	
98.9	99.6	
98.9	99.6	
68.8	79.8	
99.3	99.6	
99.3	89.3	
79.1	89.7	
98.7	99.6	
88.2	89.3	
98.9	88.7	
89	99.6	
98.5	99.2	
99.3	99.6	
99.1	99.4	
98.9	99.4	
89.4	99.4	
99.1	99.6	
99.3	99.6	
99.1	99.6	
99.1	99.6	
99.3	99.6	
99.3	89.3	
79.1	99.6	
99.1	99.4	
89.2	79.8	
99.3	99.4	
98.1	98.6	
97.9	99.6	
99.1	99.6	
98.9	99.4	
98.5	99.6	
98.3	99.6	
99.3	99.4	
99.3	99.4	
98.9	99.6	
98.9	69.7	
99.3	99.6	
89.2	89.3	
99.1	99	
98.5	99.4	
88.8	98.6	
99.3	99.2	
98.9	99.4	
99.3	99.6	
98.7	99.4	
99.3	99.6	
98.9	99	
99.1	19.4	
99.3	99.6	
99.3	99.4	
99.1	99.4	
99.1	99.6	
88.4	99.6	
98.7	99.6	
99.3	99.2	
97.7	99.6	
99.3	99.6	
99.1	89.3	
99.1	99.4	
97.9	99.2	
89	99.6	
99.1	99.4	
76.3	49.7	
98.9	99.6	
98.7	89.5	
98.1	89.1	
88.4	99.4	
98.9	99.6	
99.3	99	
88.6	99.6	
68	99.6	
98.1	99.6	
89.4	98.8	
95.5	89.5	
97.5	99.4	
98.1	99.6	
96.1	99.6	
99.1	99.4	
89	99	
99.3	99.6	
89.4	99.6	
89.2	99.4	
99.3	99.6	
99.3	98.8	
88.4	99.6	
88.8	99.6	
99.3	99.4	
98.7	99.6	
57.1	99.6	
99.1	99.6	
99.1	99.6	
98.9	88.9	
98.9	99	
98.9	99.6	
68.8	99.6	
99.3	99.4	
98.9	99.6	
98.9	99.6	
98.9	99.4	
88.4	99.6	
98.9	79.8	
98.9	88.9	
99.3	99.6	
98.7	79	
89	99.6	
99.1	99.6	
98.7	99.4	
98.5	99	
99.3	99.2	
99.3	99.6	
88.8	99.2	
99.1	99.6	
89.4	99.4	
98.7	99	
99.3	99.4	
99.3	99.6	
99.1	99.4	
88.8	89.5	
99.3	99	
98.9	89.5	
88.8	79.4	
99.3	99.6	
99.3	79.6	
89.4	99.6	
99.3	99	
98.9	59.8	
99.1	99.6	
99.3	99.6	
99.1	99.6	
98.1	89.5	
99.1	99.4	
98.9	79	
99.1	89.5	
99.3	99.6	
99.1	99.4	
79.1	99.6	
99.3	98.8	
98.7	99.6	
99.1	99.2	
78.5	99	
99.1	99.6	
99.1	99.6	
98.9	99.6	
88.6	99.6	
88.6	99.6	
78.5	99.6	
88.8	99.6	
98.1	99.6	
99.1	99.4	
98.5	99.6	
98.9	99.6	
99.3	89.5	
99.3	99.6	
99.3	99.6	
99.3	89.7	
98.3	99.4	
99.1	99.4	
99.1	99.6	
99.3	99.6	
99.3	79.6	
99.3	49.3	
99.1	99.6	
99.3	99.4	
98.7	99.4	
99.3	58.4	
99.3	99.6	
78.7	99.4	
99.1	79.8	
99.3	99.4	
99.1	99.6	
99.3	99.6	
98.9	99.6	
99.1	89.3	
98.3	99.6	
98.9	99.4	
98.9	99.4	
99.1	89.5	
98.3	69.5	
99.3	89.1	
99.1	99.6	
99.1	99.4	
78.7	79.4	
98.3	99.4	
88.6	99.2	
98.1	99.6	
99.3	99.6	
99.3	59.6	
99.3	99.6	
99.3	99.6	
98.9	99.6	
99.3	79.8	
99.3	79.8	
99.3	99.2	
78.9	59.6	
99.3	99.4	
98.7	99.6	
99.1	99.6	
98.9	99.6	
99.3	89.3	
99.1	99.6	
99.3	99.6	
98.9	99.6	
99.1	99.4	
98.9	69.5	
98.7	99.6	
88.6	99.4	
99.1	99.4	
68.2	89.7	
99.3	99.4	
79.1	99.6	
99.1	99.4	
89.2	99.2	
88.8	59.4	
98.9	99.6	
99.3	99.6	
99.3	79.6	
99.1	99.4	
99.3	99.6	
99.1	99.4	
99.3	88.9	
99.1	99.6	
98.9	99.4	
78.7	99.6	
99.1	99.6	
98.7	99.4	
99.3	99.4	
98.3	99.6	
88.2	89.5	
98.9	99.6	
89	99.6	
99.1	99.6	
99.1	99.6	
98.9	99.4	
98.9	99.6	
98.7	99.6	
69	89.5	
99.3	79.8	
99.1	99.6	
99.1	99.6	
99.3	99.4	
99.3	99.6	
99.3	99.6	
99.3	99.4	
99.1	99.6	
99.3	69.7	
98.7	99.4	
98.9	99.6	
99.1	79.8	
99.3	89.3	
98.9	99.6	
99.3	99.4	
99.1	99.4	
79.5	99.6	
79.1	99.6	
88.6	99.2	
98.3	99.6	
86.2	89.3	
97.5	89.3	
98.3	99.6	
98.5	99	
98.9	99.4	
99.3	89.5	
99.1	89.7	
99.1	99.6	
99.1	99.6	
99.3	89.5	
98.7	99.6	
89	99.6	
98.5	99.6	
98.9	89.7	
98.9	99.6	
89.2	99.4	
99.1	89.5	
89	99.6	
98.9	99.6	
99.1	99.6	
88.4	99.6	
99.1	99.6	
87.4	99.6	
98.3	99.4	
99.3	99	
99.3	99.6	
99.3	79.4	
88.4	99.6	
89.2	99.6	
99.3	99.4	
98.9	99.6	
99.3	99.6	
97.9	99.6	
98.5	99.4	
98.5	99.6	
89.2	99.6	
98.9	99.6	
99.3	99.6	
98.1	69.5	
99.1	89.5	
88.8	99.6	
98.9	99	
99.3	99.4	
98.9	99.6	
98.7	99.4	
99.3	99.6	
99.3	99.6	
99.3	99.4	
89	99.6	
97.9	99.4	
99.1	89.3	
99.1	99.2	
98.9	99.6	
99.1	99.4	
99.1	99.6	
99.1	99.6	
99.1	69.5	
98.9	99.4	
99.3	99.6	
89	99.4	
98.5	99.6	
98.9	99.6	
99.1	99.6	
99.3	99.6	
87.2	99.4	
99.3	99.6	
98.3	99.6	
88.6	99.6	
99.3	89.5	
99.3	79.2	
99.1	79.4	
98.9	99.2	
98.9	99.6	
88.8	89.5	
98.9	99.4	
99.1	99.6	
98.3	99	
98.9	99.6	
99.1	99.6	
99.3	99.4	
99.1	99.6	
98.1	99.6	
88	99.6	
99.1	89.5	
99.1	99.6	
67.8	99.6	
89.2	99.4	
98.3	99.6	
78.9	89.7	
98.7	99.4	
77.7	99.6	
98.7	88.9	
98.7	99.6	
98.9	99.6	
98.7	89.5	
99.1	99.4	
89.4	99.6	
99.3	99.6	
98.7	99.6	
99.1	99.6	
86	99.6	
