-49.9	-507.6	
87.2	-11.1	
98.1	-71.3	
84	89.5	
85.8	89.5	
98.3	89.7	
88.8	89.7	
97.5	89.7	
98.7	79.4	
99.1	89.3	
99.1	69.3	
99.3	89.5	
98.3	49.5	
98.7	89.5	
99.1	89.7	
98.9	89.7	
99.1	89.5	
89.2	79.2	
89.2	79.6	
98.7	79.4	
98.9	89.7	
99.3	89.5	
98.9	89.7	
89.4	79.4	
78.5	49.3	
99.3	89.7	
89	89.7	
99.3	89.7	
99.3	89.7	
99.3	89.7	
99.3	89.7	
99.3	89.1	
89	89.5	
99.1	89.7	
99.3	89.7	
89.4	89.7	
99.1	69.7	
99.1	79.6	
99.1	89.7	
99.3	89.5	
99.1	79.6	
99.3	89.7	
88.4	89.7	
89.4	69.3	
99.1	89.7	
99.3	89.7	
89	79.6	
98.5	89.7	
99.3	69.7	
98.7	89.7	
88.8	89.5	
98.9	89.7	
89	89.5	
78.7	79.6	
99.3	89.5	
99.1	89.7	
99.3	99.6	
99.3	89.7	
99.3	79	
89.2	89.7	
99.1	89.7	
99.1	79.6	
98.9	89.5	
89	89.7	
98.9	79.4	
98.9	79.2	
89.2	89.7	
99.1	79.8	
98.9	89.7	
99.3	89.7	
99.3	89.5	
99.1	79.6	
99.1	89.5	
98.7	89.7	
99.3	89.7	
99.1	79.4	
99.1	79.6	
99.1	89.7	
99.1	89.7	
89	89.7	
98.7	89.7	
89.4	89.7	
99.3	89.7	
98.7	79.6	
99.3	79.4	
99.3	39.2	
98.9	89.7	
99.3	79.6	
89.4	89.5	
88.8	79.6	
99.3	89.7	
99.3	79.6	
99.1	89.7	
79.3	59.4	
98.7	89.5	
99.1	59.4	
99.3	79.4	
89.4	89.7	
99.1	89.7	
98.9	59.6	
98.7	89.5	
99.1	89.3	
98.7	89.7	
99.3	89.5	
99.3	89.7	
89.2	89.7	
99.3	89.7	
99.1	79.6	
99.3	89.7	
98.5	79	
99.1	89.7	
98.9	89.7	
99.3	89.7	
88.2	79.6	
98.5	89.7	
89.4	89.7	
89.2	89.7	
99.3	79.6	
99.3	89.7	
98.5	89.7	
98.9	89.7	
98.9	89.7	
99.1	99.6	
88.6	89.7	
99.3	89.5	
89	88.9	
89.4	69.1	
99.3	89.7	
89.2	79.6	
98.9	89.7	
99.3	89.7	
98.9	79.8	
99.3	89.7	
89	89.7	
89	89.7	
88.6	79.6	
99.1	79.6	
99.1	89.5	
99.3	89.7	
98.9	89.5	
99.3	89.5	
99.1	89.5	
99.1	89.7	
98.7	89.7	
99.1	89.5	
88	89.7	
99.3	89.7	
99.3	89.5	
89.4	89.3	
89	89.7	
98.3	89.7	
98.9	59.4	
99.1	89.7	
99.1	89.5	
99.3	89.7	
99.3	89.7	
99.3	89.7	
89.2	89.7	
98.9	79.6	
99.3	89.7	
99.3	89.7	
99.1	89.7	
89	89.1	
99.1	89.7	
88.2	79.6	
98.9	69.7	
99.1	89.7	
89.2	69.5	
99.1	89.7	
89.4	89.7	
98.9	89.7	
99.3	89.3	
98.9	89.5	
99.1	79.6	
89.2	79.6	
98.5	79.2	
99.3	89.7	
99.3	89.7	
99.1	89.7	
99.3	89.7	
98.5	89.5	
99.1	89.7	
88.8	89.7	
99.1	89.7	
79.3	89.7	
99.1	69.5	
99.3	79.4	
89.2	89.7	
99.3	89.7	
88.8	89.5	
99.3	79.6	
99.3	99.6	
99.3	89.7	
99.1	89.7	
99.3	89.7	
98.7	99.6	
99.1	89.5	
99.3	89.7	
78.7	89.7	
99.1	89.7	
99.3	89.3	
99.3	89.7	
99.3	69.5	
99.3	89.7	
98.9	89.7	
99.3	89.7	
99.3	69.5	
98.9	89.7	
99.1	69.7	
99.3	89.7	
89.2	99.6	
98.7	49.3	
99.1	89.7	
98.9	89.7	
99.3	79.8	
98.7	89.7	
99.1	89.7	
99.3	79.4	
99.3	89.5	
98.9	79.4	
99.1	79.6	
99.3	79.8	
99.3	89.7	
87.8	89.3	
99.1	89.7	
98.7	89.7	
99.3	89.7	
89.2	89.7	
98.5	89.5	
89.2	49.5	
99.3	89.5	
98.9	89.7	
98.9	79.6	
99.3	89.7	
98.9	89.7	
88.8	79.6	
78.9	79.6	
98.9	89.7	
69.4	89.7	
98.7	79.2	
99.1	89.7	
99.1	69.7	
98.9	69.1	
99.3	79.6	
88.4	89.7	
99.3	89.3	
98.9	89.7	
98.9	39.2	
99.1	79.8	
88.2	89.7	
98.9	89.5	
99.1	89.5	
99.1	89.5	
98.7	79.6	
99.1	89.7	
99.3	89.5	
99.3	89.5	
99.1	69.7	
99.3	89.5	
89.2	79.8	
99.1	79.6	
98.9	89.7	
99.3	89.7	
99.1	89.5	
99.1	99.6	
98.3	89.7	
89.2	89.7	
89.4	79.6	
99.1	89.7	
99.1	89.7	
89.4	89.7	
99.3	89.7	
99.1	79.2	
98.7	99.4	
98.3	89.7	
99.3	79.6	
98.9	89.7	
99.3	89.7	
98.1	89.7	
99.1	89.7	
99.1	89.7	
99.1	89.5	
99.3	89.7	
99.3	89.7	
98.7	89.7	
89	89.7	
99.1	89.7	
89.2	79.6	
99.3	69.5	
99.3	89.7	
99.1	89.5	
99.3	89.7	
99.1	99.6	
99.3	69.5	
98.9	79.2	
99.1	89.7	
99.3	89.7	
99.3	88.9	
99.3	79.6	
99.3	89.7	
98.5	89.7	
99.3	59.6	
98.9	89.7	
99.1	89.5	
99.3	79.6	
99.3	99.4	
99.3	89.7	
99.1	89.5	
98.5	89.7	
99.1	89.5	
99.1	89.7	
99.1	79.6	
98.9	69.7	
99.1	89.5	
98.9	89.7	
99.1	89.5	
78.5	89.7	
89	89.7	
88.8	89.7	
99.3	79.4	
89.2	89.5	
98.1	89.7	
99.3	59.4	
89.2	89.7	
88.6	89.7	
89	89.7	
99.1	89.7	
99.1	69.5	
99.3	89.7	
89.2	89.7	
98.7	99.6	
99.3	69.5	
99.3	69.7	
88.4	89.7	
99.1	99.6	
89.2	89.7	
99.3	89.7	
98.9	89.7	
99.1	89.5	
98.7	69.3	
98.9	89.7	
98.9	89.7	
99.3	59.4	
88.4	89.7	
98.7	79.6	
99.3	89.7	
99.1	69.7	
99.3	89.5	
98.7	89.7	
98.9	89.7	
99.1	89.7	
99.3	89.7	
98.9	89.7	
99.3	69.7	
88.4	89.5	
99.3	79.6	
99.3	89.5	
99.1	88.5	
89.4	89.5	
98.9	89.7	
98.7	89.7	
99.3	89.5	
99.3	89.5	
99.3	89.7	
99.1	89.7	
98.9	89.3	
98.9	89.7	
98.3	79.6	
99.3	68.9	
99.3	89.7	
99.3	89.7	
99.3	69.5	
99.3	79.6	
99.1	89.7	
98.9	89.7	
99.1	69.7	
99.1	79.4	
99.1	89.5	
98.7	89.7	
99.3	89.7	
99.1	79.4	
99.1	89.5	
99.1	89.7	
99.1	99.6	
89.4	69.7	
98.9	89.7	
98.5	89.7	
68.6	89.7	
99.3	79.4	
89	69.5	
99.3	89.7	
99.1	89.7	
98.7	89.7	
99.3	89.7	
89	89.7	
99.3	89.5	
98.5	89.1	
99.3	89.7	
99.1	89.7	
99.3	89.7	
98.9	79.6	
99.3	79.6	
98.9	89.7	
98.9	89.3	
99.3	89.7	
99.1	89.5	
98.3	89.7	
99.3	89.7	
98.5	89.7	
99.1	89.7	
88.8	79.6	
99.3	89.7	
98.9	89.7	
99.3	89.7	
88.8	79.4	
98.9	89.7	
99.3	69.7	
88.8	89.7	
98.9	79.6	
99.1	89.7	
89	49.1	
98.5	89.7	
98.9	79.6	
89.4	79.6	
99.3	69.3	
98.7	89.7	
99.3	68.9	
98.7	79.4	
99.1	79.4	
99.1	89.5	
99.3	89.5	
89.2	89.5	
99.1	89.7	
99.1	89.7	
99.1	89.5	
98.9	89.7	
99.3	79.6	
89.2	89.7	
99.3	89.7	
88.8	69.5	
99.1	89.5	
98.9	99.6	
99.3	89.5	
89.2	69.7	
99.1	89.7	
99.1	89.7	
98.5	89.7	
78.7	89.5	
99.3	89.5	
99.1	79.6	
99.1	89.7	
98.9	88.9	
99.3	89.7	
98.9	89.7	
98.9	89.7	
99.1	89.7	
99.3	89.5	
99.3	89.7	
88.8	89.7	
99.3	89.7	
98.9	99.6	
89.2	89.5	
89	89.3	
99.3	69.7	
98.9	89.7	
79.5	89.7	
99.3	89.5	
98.9	89.7	
89.4	89.5	
99.1	89.7	
99.3	89.7	
98.7	89.7	
99.1	69.5	
99.3	89.7	
89.4	89.5	
99.3	89.7	
99.3	89.1	
89.4	89.7	
99.3	89.7	
99.3	89.7	
99.1	8.9	
99.1	89.7	
99.1	99.6	
99.1	89.7	
99.3	89.7	
98.7	89.7	
99.3	89.5	
89.4	89.7	
99.3	89.7	
99.3	89.5	
98.9	89.7	
89.4	89.7	
89.2	79.6	
99.1	89.7	
99.1	79.4	
99.1	89.7	
58.7	89.7	
88.6	99.6	
99.3	89.1	
99.3	39.6	
