-7.7	-274.9	
64.6	79.4	
89	-52.7	
83.6	-89.4	
74.3	68.7	
87.2	-84.4	
98.5	58.2	
99.1	79.4	
98.3	49.1	
85.2	79.4	
98.1	89.3	
86	59.4	
96.3	18.6	
98.9	89.1	
98.7	68.7	
97.5	29.5	
88.4	99.4	
98.1	79.4	
98.5	89.5	
99.1	88.7	
98.9	56.4	
87.8	79	
68.6	97.6	
99.3	79.6	
88.6	79.4	
88.4	68.1	
98.9	68.9	
98.7	77.8	
96.5	79	
98.9	59.4	
98.9	89.7	
87.6	69.7	
88.4	69.5	
89.4	79.2	
98.7	57.2	
99.3	68.9	
99.1	96.4	
88.4	49.7	
99.1	67.7	
98.1	62.3	
99.1	-14.1	
89	99.6	
99.3	69.1	
78.9	97	
89.4	59.4	
87.8	62.5	
88	69.5	
87.2	88.1	
98.9	59.6	
86.2	57.6	
79.1	87.1	
99.3	73	
77.9	96.6	
99.3	99	
99.3	67.3	
98.7	77.4	
98.5	77.8	
89.4	76.2	
99.3	88.2	
99.3	87.1	
99.1	84.9	
98.7	97.4	
99.1	65.1	
97.1	97.8	
99.1	99.6	
99.1	89.3	
88.8	94.6	
88.6	88.9	
87.4	99.4	
78.5	99.6	
89	99.4	
99.3	89.5	
98.7	99.6	
99.1	99.2	
98.1	99.6	
98.5	89.5	
97.5	49.5	
98.9	89.5	
96.7	99.6	
95.7	99.4	
99.3	99.6	
96.3	99.2	
99.1	99.2	
89	89.3	
89.4	89.1	
89.2	99.4	
99.3	88.9	
99.1	99.6	
99.3	78.4	
99.3	99.6	
99.3	99.4	
99.1	99.2	
88	79.6	
99.1	99.6	
88.8	99.4	
88.6	99.6	
99.3	89.3	
98.9	99.6	
99.3	99.6	
88.8	88.5	
99.3	99	
99.1	99.4	
99.3	99.4	
99.1	99.6	
99.3	99	
89	99.6	
89	99.6	
99.1	99.6	
88.8	98.6	
88.2	99.6	
99.3	79.6	
99.3	68.9	
89.2	79.6	
98.9	99.2	
99.1	99.6	
99.1	99.2	
78.5	99	
58.9	99.6	
98.7	99.6	
88.2	99.6	
99.3	89.1	
98.5	99.4	
99.3	68.5	
98.7	99.6	
89	89.1	
99.1	99.4	
68.6	99	
99.1	99.6	
99.3	89.7	
99.3	99.4	
89.4	89.5	
99.1	99.6	
89.2	99.6	
88	99.6	
99.3	89.5	
99.3	99.4	
99.3	99.6	
99.3	98.8	
98.7	89.1	
99.1	99.6	
98.1	99.6	
99.3	99.4	
98.7	99.6	
99.1	99.6	
99.3	99.6	
99.1	89.5	
78.9	99.6	
89	99.6	
99.3	89.3	
89.2	99.6	
98.7	99.6	
99.3	89.3	
99.1	99.6	
89	99.4	
98.9	99.6	
79.3	99.6	
99.1	99.2	
99.3	99.6	
99.1	89.5	
98.7	99.6	
99.3	78.8	
99.3	99.6	
89.4	99.6	
98.7	89.1	
98.9	99.4	
99.3	99.6	
88.6	99.6	
99.1	99.6	
68	99.4	
99.3	99.4	
99.1	89.5	
99.3	99.4	
99.1	89.3	
99.3	99.6	
88.8	99.4	
98.9	99.6	
78.9	89.5	
98.7	99.6	
79.1	99.6	
98.7	99.4	
89.4	99.4	
99.3	99.6	
99.1	89.5	
99.1	99.6	
98.9	99.6	
78.5	79	
99.1	99.6	
57.5	99.6	
89.4	98.2	
98.9	99.2	
89	99.4	
99.1	99.6	
98.9	99.4	
99.1	79	
99.3	49.3	
99.1	99.6	
89.4	99.6	
79.1	98.8	
99.3	98.8	
99.3	99.2	
99.3	99.2	
89.2	99.6	
99.3	79.6	
89	89.7	
89	99.6	
99.3	99.6	
99.3	99.4	
79.1	99.6	
68.8	89.3	
89	99.2	
89.2	99.4	
89	89.5	
99.3	99.4	
99.3	89.5	
99.1	99.4	
79.3	99.6	
89.4	79.6	
98.1	99.6	
99.3	99.4	
99.1	99.4	
99.1	99.6	
89.2	99.6	
98.9	98.4	
98.9	99	
89	99.4	
99.1	99.4	
99.1	89.1	
99.1	99.6	
89.4	99	
99.3	99.4	
98.9	99.4	
88.8	99.6	
99.1	99.6	
99.3	99.2	
98.9	69.5	
99.3	98.8	
68.6	99.6	
88.8	89.3	
99.1	99.4	
99.3	99.4	
89	99.6	
88.6	99.6	
99.3	69.3	
98.7	99.6	
99.1	99.6	
88.6	99.2	
98.9	69.3	
98.7	99	
79.3	99.6	
98.7	79.4	
99.3	98.6	
98.5	99.4	
99.1	89.5	
99.1	98.8	
98.9	99.2	
79.3	99.6	
99.1	89.5	
99.1	99.4	
89.4	99.6	
98.7	79.4	
99.3	99.4	
98.9	79.4	
89	99.6	
99.3	99.4	
99.3	79.4	
89.2	99.6	
89.4	99.6	
99.3	79.2	
98.9	99.6	
68.8	99	
89.2	79	
98.9	99.6	
99.3	99.6	
99.3	69.5	
99.3	99.6	
88.8	98.6	
89	59	
99.3	99.6	
89.4	99.6	
98.7	99.4	
99.3	99.4	
89.2	99.4	
68.2	99.4	
99.1	89.5	
98.7	99.6	
99.3	99.2	
98.5	99	
99.1	89.5	
98.9	99.6	
99.1	99.6	
99.3	99.6	
99.3	99.6	
99.3	99.2	
89.2	99.4	
98.9	99.6	
99.3	99.6	
99.3	99.4	
99.3	79	
99.3	99.6	
88.8	89.3	
99.3	99	
99.3	99.2	
78.7	99.4	
89	89.5	
89.4	99.6	
99.3	89.1	
99.1	99.6	
99.3	99	
98.9	99.2	
98.9	99.6	
99.3	99.6	
99.3	99.4	
99.1	99.4	
98.9	99.6	
79.1	99	
89.4	99.6	
99.3	99.6	
89.4	99.4	
89	89.5	
98.9	99.4	
98.9	89.3	
99.3	69.3	
98.9	99.4	
89	99.6	
99.1	99.2	
88.4	98.4	
89	99.4	
88.4	99.6	
99.3	89.1	
68.2	99.4	
88.6	99.4	
99.3	99.6	
98.5	99.4	
78.5	29.1	
89	99.6	
98.9	38.2	
68.8	99.6	
98.9	99.4	
88.8	99.6	
99.1	89.7	
98.9	99.6	
98.5	99.6	
88.2	99.6	
99.3	99.6	
98.7	99.6	
99.3	99.4	
99.1	89.5	
89.4	89.5	
89.4	89.5	
98.9	99.4	
79.3	99	
99.3	99.2	
79.3	99.6	
89.4	99.2	
89.4	99.6	
99.1	99.4	
99.3	99.4	
88.6	99.6	
89	99.6	
99.3	69.3	
89.2	98.4	
99.1	99.6	
98.5	99.4	
99.1	98	
99.3	99.4	
98.9	89.5	
99.1	79	
99.3	99.6	
99.3	99.6	
58.9	99.6	
99.3	99.6	
89	99.4	
98.9	99.6	
88.8	99.6	
99.1	99.6	
99.3	99.2	
99.1	98.8	
89.4	88.1	
99.3	99.6	
99.1	89.7	
99.1	99.4	
98.9	99.6	
89	99.2	
89.4	89.5	
99.1	99.6	
99.3	99	
77.7	89.7	
99.3	99.4	
89	99.6	
99.1	99.6	
99.1	99.4	
89.4	99.6	
89.4	99.6	
99.1	69.5	
98.9	99.6	
99.3	99.6	
88.8	99.2	
99.1	99.6	
88.4	99.6	
99.1	89.5	
98.3	99.6	
99.1	99.6	
98.9	99.4	
79.1	99.6	
79.1	99.6	
98.9	89.5	
98.7	99.4	
99.3	79.4	
98.9	79.6	
88.8	99.4	
99.3	99.2	
99.1	99.6	
99.1	99.4	
99.1	99.6	
99.1	99.6	
99.1	89.5	
99.1	99.4	
88.8	99.4	
88.6	89.5	
99.1	69.5	
99.3	99	
89.2	99.4	
99.3	99.6	
99.1	98.8	
99.3	99.4	
98.9	79.6	
99.1	99	
99.3	99.4	
78.5	79.2	
99.3	99.4	
79.1	89.3	
99.3	99.4	
99.3	99.4	
88.8	99.6	
89	99.4	
99.1	99.2	
99.1	99.6	
98.9	99.2	
99.1	99.6	
98.7	99.6	
98.9	99.2	
89.4	69.3	
98.7	99.4	
99.1	99.6	
68.8	99.4	
99.3	89.5	
99.3	99.6	
99.3	99.6	
99.3	99.6	
89.4	99.6	
88.8	99.2	
88.8	99.6	
89.4	89.5	
99.1	99	
89.2	99.6	
99.3	99.6	
89.4	99.6	
78.7	99.6	
89	99.4	
99.3	99.6	
99.1	99	
99.1	99.4	
77.5	99.6	
99.1	88.7	
79.1	99.6	
98.7	99.4	
88.2	99.6	
98.7	99.4	
89.4	99.6	
88.6	99.6	
89	99.6	
99.3	99.4	
98.7	99.2	
98.9	99.6	
99.1	99.6	
99.3	99.6	
89.2	99.4	
98.9	89.3	
98.9	99.6	
98.5	99.6	
98.9	79.6	
89.4	89.5	
99.1	99.4	
98.9	99.4	
98.9	99.6	
98.7	99	
99.1	89.5	
98.7	99.6	
99.1	79.4	
98.9	99.6	
89.4	99.6	
99.3	89.5	
99.3	99.6	
99.1	99.6	
99.1	79.6	
98.7	99.2	
98.7	99.6	
89	89.5	
99.1	99.2	
89.4	99.4	
