46.8	-212.1	
88.6	26.1	
21.6	37.6	
89.4	56	
97.7	49.3	
76.1	78	
89.4	87.3	
79.1	79	
98.1	-12.3	
97.7	58.2	
95.3	88.5	
71.1	79.6	
98.9	99.6	
99.1	28.5	
98.5	79.2	
89.2	99.6	
97.7	89.7	
98.1	99.6	
89	99.6	
78.5	99.6	
99.1	59.6	
99.1	99.2	
76.1	99.6	
78.1	59.4	
98.9	99.6	
98.9	89.7	
87.4	78	
99.1	89.1	
78.1	99.6	
98.9	79.2	
89	99.6	
68.2	78.2	
98.9	98	
99.1	99.6	
85.4	99.6	
89.2	89.5	
98.5	79.6	
58.5	99.6	
89	89.1	
88.4	99.4	
98.7	99.6	
99.1	89.7	
99.1	89.7	
99.3	99.6	
77.7	89.1	
86.8	99.6	
89	78.8	
99.3	89.7	
87.2	99.6	
98.7	49.7	
99.3	99.6	
88.4	89.5	
98.7	69.5	
79.3	79.6	
86.6	99.6	
78.1	59.2	
88.8	69.5	
88.8	38.4	
99.1	99.2	
76.5	99.4	
98.7	79	
99.1	99.4	
99.3	89.5	
89.4	89.5	
98.3	78.8	
97.9	89.3	
88.2	88.9	
88.4	68.7	
98.9	89.7	
99.3	99.2	
69.4	89.5	
88.4	88.5	
89.4	99	
89.2	59.2	
99.3	99.6	
98.9	89.3	
98.7	69.1	
88.4	89.5	
98.9	99.4	
68.2	89.3	
88.6	99	
88.6	89.5	
67.8	89.7	
88.6	89.7	
99.1	89.7	
88.8	79.4	
89.2	79.8	
89.4	89.7	
98.3	69.7	
97.3	89.3	
88	89.3	
96.9	99.6	
99.1	49.7	
98.9	99.6	
99.3	99.4	
88.2	99.6	
98.9	99.6	
99.1	88.7	
78.7	99.4	
98.9	99.6	
98.5	99.4	
99.1	99.6	
99.1	99.6	
89.2	99.4	
98.9	49.7	
98.9	89.5	
99.3	99.6	
79.3	99	
98.3	99.6	
78.9	99.6	
88.8	89.5	
99.3	99.4	
87.4	99	
99.3	99.4	
98.9	99.6	
98.9	88.7	
99.3	99.6	
99.3	99.6	
99.3	69.7	
87.8	99.6	
78.9	99.6	
88.8	99.4	
88.8	89.1	
99.1	99.4	
89	68.5	
78.7	69.3	
89	88.9	
98.1	39	
98.1	29.5	
89	7.1	
98.3	79.2	
99.1	69.7	
98.7	79.6	
98.9	99.4	
79.1	79.8	
98.9	49.5	
88.8	89.3	
78.7	99.6	
89.2	99	
88.2	79.8	
98.1	79.4	
77.3	69.3	
88.8	89.1	
98.7	99.6	
98.9	29.3	
89.2	99.6	
99.1	89.3	
87.8	99.6	
88.8	89.3	
88.8	89.5	
88.8	99.4	
89.2	99.6	
75.1	89.1	
98.7	99.6	
99.1	99.4	
99.3	98.6	
98.7	89.7	
99.1	99.2	
98.7	99.6	
98.9	88.7	
98.7	79.6	
99.1	99.4	
79.3	98.8	
98.9	89.5	
89	98.8	
79.1	89.1	
98.7	99	
97.3	89.7	
98.3	89.3	
89.2	99.2	
98.7	49.5	
88	99.6	
87.8	88.5	
98.5	78.2	
99.3	99.6	
98.3	89.5	
99.3	99.6	
98.5	99.6	
79.1	99.6	
77.9	89.3	
77.9	99	
89	99.6	
98.7	99.4	
98.1	69.1	
98.9	68.5	
99.1	89.1	
99.1	79	
98.5	89.1	
89	59.2	
99.1	78.8	
68.4	88.9	
99.1	99.6	
99.1	89.1	
79.1	98.8	
98.7	37.8	
88.2	67.7	
98.9	89.5	
98.1	89.1	
88.8	99.6	
87.8	79	
88.8	79	
99.3	99.6	
88.6	89.1	
68.4	89.7	
79.1	88.5	
97.5	89.5	
99.3	89.7	
87.8	89.5	
79.1	99.6	
98.9	99.4	
99.3	99.6	
88.8	99.4	
89	89.7	
88.4	99.2	
98.9	99.6	
99.3	99.6	
98.9	99.6	
99.3	99.6	
99.1	99.2	
98.9	88.9	
79.3	89.1	
87.8	99.6	
98.9	99.6	
99.3	99.6	
98.5	89.7	
98.9	79.8	
89.2	99.2	
99.3	99.6	
68.4	99.6	
99.3	89.7	
99.1	79.8	
98.7	99.6	
67.8	99.2	
99.1	99.6	
99.1	99.6	
97.9	98.8	
88.6	99.6	
99.1	89.3	
89.2	79.6	
88.6	99.6	
99.1	99.2	
98.3	69.3	
98.9	89.5	
98.7	89.7	
99.3	8.7	
98.9	99.2	
89	89.3	
87.4	89.5	
98.5	99.4	
98.5	99.6	
99.3	79.8	
99.1	99.6	
98.9	99.4	
89.2	99.6	
99.3	89.7	
99.3	99.6	
89.2	89.1	
89.2	99.6	
98.9	99.6	
99.3	99.4	
79.3	89.3	
79.3	99.4	
98.1	99.6	
88.6	89.7	
89.2	99.6	
89.2	99.6	
99.3	99.4	
98.7	79.8	
89.2	89.5	
98.7	99.6	
99.1	89.5	
99.1	89.5	
88.6	99.6	
98.9	99.6	
98.9	89.5	
99.1	98.8	
98.9	79.4	
88.8	99.6	
89	89.3	
88.6	89.1	
98.9	59.8	
89.2	79.8	
98.5	99.6	
78.1	88.9	
98.7	89.3	
99.1	99.6	
98.5	79	
98.5	99.2	
88.8	99.4	
88	99.4	
78.1	99.4	
98.5	99.4	
98.7	99.2	
89	99.6	
88.4	99.4	
88.2	78.8	
69.4	99.2	
46.6	59.4	
98.9	78.8	
89	99.6	
78.7	99.6	
88.6	99.6	
98.7	99.4	
78.7	89.1	
98.1	99.2	
76.7	99.6	
89	89.5	
89	99.2	
76.7	99.4	
98.5	-12.9	
89.4	79.8	
96.5	99.6	
98.9	99.4	
97.1	99.6	
97.5	88.5	
89.2	89.7	
99.3	99.6	
99.3	99.6	
98.7	29.1	
99.3	99.4	
89	79.8	
98.5	79.2	
99.1	99.6	
88.6	99.6	
98.5	99.6	
99.1	99.6	
89.4	89.7	
99.1	98.8	
98.9	89.5	
97.7	69.7	
98.9	79	
99.1	78.8	
99.3	89.5	
98.3	79.4	
98.1	89.3	
98.3	79.4	
89.2	99.4	
96.9	99	
98.7	79.2	
99.1	69.7	
98.7	89.7	
89.4	79.6	
98.7	99.6	
98.9	39.4	
99.1	79.6	
99.3	79.2	
98.7	99	
68.2	99.4	
98.7	99.6	
89.2	99	
98.1	98.8	
99.1	99.6	
98.7	79.6	
98.3	99.4	
98.3	99.4	
98.5	79.6	
99.1	89.5	
78.3	99.6	
98.9	78.8	
68.6	99	
88.8	99.6	
89.2	99.4	
78.7	99.6	
78.1	79.8	
88.4	99.6	
98.7	99.6	
99.1	99.6	
88.6	99.6	
87.4	99.6	
89.4	99.6	
79.1	99.4	
99.3	59.6	
99.1	69.7	
98.5	99.6	
99.1	99.6	
79.3	88.9	
89	99.4	
87.6	88.1	
88.8	99.2	
88.4	99.4	
98.7	78	
76.3	99.6	
99.3	99	
88.8	98.8	
78.5	89.5	
89.2	99.2	
89	99.6	
88.6	99.6	
88.8	99.4	
58.9	89.5	
97.9	99.4	
79.5	89.3	
58.3	99.6	
68.6	99.2	
88.4	99.2	
85.8	99.4	
86.6	99.6	
97.7	99.4	
89.2	99.4	
99.1	79.6	
78.9	99.6	
88.4	99.6	
98.9	99.6	
98.9	99.6	
89	79.8	
99.1	99.2	
98.9	89.5	
66.6	88.7	
89.2	69.3	
88.4	99.4	
87.2	88.7	
89	99.2	
97.5	99.6	
88	99.6	
47.2	99.6	
97.9	58.6	
97.5	99.6	
99.1	99.6	
99.3	69.5	
88.8	88.7	
78.3	99.6	
97.9	89.3	
89.4	99.6	
99.1	99.4	
76.3	89.3	
87.8	99.6	
69	89.3	
88.2	59.2	
86.4	79.8	
88.4	99.2	
89.4	89.5	
89.2	88.7	
67.4	99.6	
68	68.5	
99.3	89.5	
88.8	99.4	
78.5	99.4	
98.5	89.5	
98.7	99.4	
89.2	89.3	
97.1	89.7	
98.7	99.6	
99.3	99.2	
99.3	89.1	
99.1	89.7	
88.8	89.3	
98.1	89.7	
97.9	58.6	
98.5	99.4	
99.3	99.2	
99.3	89.7	
88.6	99.4	
99.3	99.4	
88.6	79.2	
87.2	99.6	
99.1	99.6	
78.7	99.6	
99.1	99.6	
99.3	89.3	
98.1	99.4	
99.3	99.4	
88.6	89.7	
98.5	99.6	
88.2	99.2	
98.7	79.4	
99.1	99.6	
97.7	89.5	
88.8	89.7	
98.5	89.7	
87.2	79.6	
77.1	89.5	
87.4	89.5	
98.9	99	
99.3	79.6	
98.3	89.7	
77.3	88.9	
98.9	79.4	
75.1	49.7	
98.7	99.4	
98.7	48.5	
98.9	99.4	
98.9	69.5	
99.3	78.6	
98.7	89.5	
99.3	89.1	
87.8	89.5	
89.4	99.2	
98.5	89.7	
99.1	89.3	
88.6	89.5	
97.3	99	
88.6	99.4	
88.8	99.6	
68.2	99.6	
88.6	89.3	
98.5	99.2	
89	99.4	
99.1	99.4	
77.9	99.4	
98.9	99.6	
