24.8	99.2	
47.2	79	
54.5	48.1	
78.3	68.7	
87.6	79.8	
99.3	79.4	
98.5	98.4	
98.5	58	
98.5	79.4	
89.4	98.4	
98.3	99.6	
89.4	99.6	
99.3	99.6	
88.2	99.4	
98.9	88.9	
88.8	99.4	
87.8	89.5	
98.1	79.4	
98.3	79	
86.2	99.4	
78.9	98.8	
88	98.4	
98.3	99.6	
99.3	99.2	
99.3	99.2	
89.2	98.4	
87.2	79.2	
98.9	99.6	
99.3	99	
78.7	99.4	
99.1	88.7	
89.2	99.4	
99.1	98.8	
99.1	98.4	
89.4	98.6	
88.4	89.7	
97.9	77	
98.5	89.5	
69	99.4	
77.3	89.1	
99.1	99.6	
97.9	98.8	
78.9	99.4	
98.7	89.7	
98.9	99.6	
87.2	69.5	
99.3	-90.9	
98.9	99.6	
99.1	99.2	
99.1	89.3	
98.9	89.5	
99.1	99.4	
89.2	99.6	
88.2	99	
98.7	99.6	
98.9	89.7	
88.8	79.8	
89.2	89.7	
98.9	99.2	
88	98.6	
98.5	89.5	
97.7	99.6	
98.5	99	
98.3	89.5	
99.1	89.3	
88.8	88.9	
87.4	89.5	
69	89.1	
67.6	89.1	
58.7	88.9	
99.1	99.6	
99.1	99.6	
98.9	89.7	
89	79	
89.2	38.8	
46.4	99.6	
98.1	99.6	
98.9	79.8	
98.7	59.6	
99.3	99.6	
88.8	89.1	
69	99.6	
78.7	89.1	
89.4	99.6	
98.5	99.6	
68.2	99.4	
97.9	89.5	
99.1	78.4	
98.7	99.4	
98.5	89.7	
99.1	89.5	
88.2	99.2	
89.4	79.4	
99.1	99.6	
89.2	99.4	
98.9	89.7	
88.6	89.5	
98.3	39.2	
88.2	79.2	
77.5	89.7	
95.5	89.3	
87.6	99.6	
87.8	88.7	
89	69.1	
87.6	99.6	
89	89.7	
99.1	89.3	
98.3	79.6	
35.9	89.7	
89	79.4	
88.6	99.2	
98.9	99.4	
97.7	78.6	
98.9	99.4	
98.5	89.7	
78.3	99.4	
99.3	89.3	
89.4	89.5	
89.4	99.6	
98.9	99.6	
89.2	99.6	
99.1	69.7	
87	89.7	
98.5	89.3	
98.1	99.6	
78.9	99.2	
98.7	89.5	
99.3	89.3	
99.3	88.7	
89.4	89.5	
89.2	69.1	
89.4	89.7	
98.9	89.7	
89.2	99.6	
88.2	99.4	
88.8	89.7	
98.7	79.6	
99.1	79.6	
79.3	89.7	
76.7	89.1	
89	99.2	
86.8	89.7	
98.5	99.6	
78.1	89.7	
78.7	88.7	
99.1	99	
88	89.7	
88.2	99.4	
77.7	99.2	
68.4	88.9	
15.9	99.6	
88.2	78.8	
89.4	69.7	
97.1	89.1	
98.9	89.1	
99.1	89.5	
79.1	19.2	
97.9	89.7	
98.1	89.5	
99.1	99.6	
88.6	99.4	
98.9	89.7	
87.8	79.8	
99.3	89.7	
99.1	79.2	
99.1	99.6	
89	99.4	
99.1	99.4	
69	89.7	
87	89.1	
99.3	99.6	
88.8	89.7	
98.7	89.7	
98.9	99.2	
88.4	48.9	
88.4	89.7	
97.3	89.7	
98.1	99.6	
99.3	88.5	
98.1	99.4	
77.5	99.2	
98.9	59.8	
97.3	89.3	
88.8	99.2	
98.9	89.1	
87	89.5	
98.5	99.6	
99.1	99.4	
88.8	89.3	
78.1	99.6	
99.1	89.3	
98.5	89.5	
88.4	79.8	
56.7	89.5	
88.2	79.4	
89	89.1	
89.2	99.6	
96.9	99.6	
77.9	89.3	
78.5	99	
98.7	99.2	
77.5	89.5	
98.5	99	
88.2	57.8	
46.6	99.4	
58.3	89.3	
99.3	88.5	
89	59.8	
97.7	89.3	
88.8	89.7	
98.9	89.7	
99.1	88.3	
89	99.6	
88.4	99.6	
99.1	99.6	
99.3	99.6	
98.1	99	
99.1	48.9	
88	99	
99.1	99.4	
87.4	79.6	
99.3	99.6	
96.7	39.4	
99.1	99.6	
88	99.6	
88.8	89.5	
98.9	99.2	
99.1	88.9	
98.7	89.3	
79.3	69.5	
99.3	18.8	
88.8	38.4	
77.9	39.2	
88.4	89.3	
98.9	88.9	
99.1	89.3	
98.7	89.7	
99.1	79.6	
89	99.6	
99.3	58.2	
98.1	79.2	
99.3	89.3	
89.2	99.6	
99.1	88.9	
97.7	99.6	
77.9	79.2	
77.7	99.6	
98.7	69.5	
88.4	99.2	
99.3	99.4	
98.7	79.2	
86.6	79.6	
98.7	89.3	
77.3	98.4	
88.2	99.4	
98.9	99.4	
98.5	99.4	
89	99.4	
99.1	99.2	
99.3	99.6	
98.9	99.6	
99.3	99.6	
98.9	68.9	
88.6	89.3	
98.5	79.2	
99.1	99.4	
98.5	99.6	
98.5	99	
98.9	79.8	
98.9	99.6	
89.2	99.6	
66.8	99.6	
98.5	89.3	
98.3	99.4	
99.1	89.1	
99.1	99.6	
99.1	89.7	
98.5	89.5	
77.7	99.6	
79.1	99.6	
98.7	99.4	
67.8	69.3	
98.3	88.5	
99.3	99.6	
99.1	99.6	
99.3	99.6	
98.7	99.6	
87.8	79.4	
89	89.7	
98.9	99.4	
88	99.6	
99.3	99.4	
88.8	88.9	
88.6	99.6	
98.7	99.4	
78.5	89.5	
79.1	69.7	
89.2	79.4	
79.1	99.6	
99.1	99.4	
69	99.4	
98.5	89.3	
98.9	89.5	
89	79.8	
98.5	89.5	
88.4	69.7	
98.7	99.2	
98.7	78.6	
78.7	99.4	
98.7	78.8	
98.1	99	
77.5	99	
98.5	89.5	
99.3	99.2	
99.3	99	
89.2	79	
99.3	99.6	
89.2	99	
99.3	99.4	
78.9	99.6	
98.7	99.6	
99.1	99.6	
68.4	99.4	
98.9	89.7	
96.5	99.2	
97.9	99.2	
88.4	99.4	
99.3	99.6	
98.9	99.4	
79.1	89.1	
88.8	99.2	
77.1	99.2	
97.9	39.2	
78.3	99.4	
88.6	99.4	
78.5	99.6	
98.1	99.4	
98.7	89.3	
78.9	79.6	
98.9	99	
78.9	99.6	
98.9	88.9	
99.3	39.2	
87.6	99.2	
99.3	89.1	
88.4	99.6	
97.9	99.6	
98.7	99.6	
89	99.6	
79.1	98.4	
99.1	89.7	
77.9	99.4	
77.5	79	
88	89.5	
87.2	99.6	
98.9	79.8	
99.3	99.6	
98.9	99.6	
78.9	99.4	
78.9	99.6	
89	99.2	
99.1	99.4	
97.7	99.6	
88.8	99.6	
98.9	79.8	
99.3	89.5	
99.1	99.4	
98.9	79.8	
89.2	89.5	
98.9	99.4	
47.4	69.5	
86.6	79.4	
78.9	79.8	
98.9	79.6	
78.9	99.6	
89.4	89.3	
86.4	99.6	
77.3	69.3	
98.9	99.4	
78.7	99.6	
57.3	99.6	
99.1	79.6	
78.5	69.5	
98.9	99.6	
79.1	89.7	
47.6	99.4	
99.1	79.6	
58.3	69.3	
99.3	98.4	
88.8	79.2	
88.6	99.4	
79.1	88.7	
88.8	88.9	
97.5	89.5	
97.1	89.3	
69.4	98.4	
98.3	78.8	
89.2	79.6	
98.9	68.3	
99.1	79	
98.7	89.5	
78.9	99.6	
88.6	69.5	
89	99.6	
89.2	59.2	
87.8	99.2	
78.5	99.6	
78.1	28.7	
88.2	89.7	
98.7	89.3	
98.7	89.5	
88.8	69.3	
88.6	89.5	
99.1	79	
88.2	89.7	
99.1	49.1	
78.3	89.3	
98.9	99.6	
77.9	99.6	
88.8	89.7	
98.3	99.6	
98.5	69.1	
98.9	89.7	
99.3	99.6	
78.7	99.6	
98.3	89.1	
78.3	99.4	
88.2	99.6	
99.3	99.6	
88	99.6	
46.6	89.3	
78.5	78.6	
84.4	99.4	
98.5	99.6	
97.9	99.6	
78.7	99.6	
97.9	89.7	
98.5	89.1	
99.3	69.7	
88.8	89.3	
78.3	99.4	
89	89.5	
89.4	79.4	
97.9	78.8	
99.3	69.1	
78.7	78.6	
99.3	89.5	
57.5	89.7	
78.9	89.5	
99.3	99.6	
99.3	89.7	
98.7	78.6	
98.9	89.7	
98.5	79.6	
89.2	38.4	
89.2	89.5	
98.9	98.8	
79.1	78.6	
87	99.4	
99.1	89.7	
98.5	89.3	
88.8	99.4	
79.1	79	
98.1	89.3	
88.4	89.3	
99.1	89.1	
99.1	99.2	
99.3	99.6	
78.7	89.1	
98.3	89.3	
89	99.6	
98.3	89.7	
99.1	88.7	
78.9	99	
87.6	79.6	
99.1	99	
99.1	99.6	
97.9	99	
89	99.6	
79.5	79.6	
47.8	99.6	
99.3	99.6	
99.1	89.3	
89.4	99.6	
98.9	99.6	
79.1	88.7	
78.3	98.8	
88.6	99.6	
77.1	89.5	
99.3	98.8	
99.1	99.4	
88.8	99.6	
89	99.6	
98.7	89.5	
88.8	59.6	
97.3	99.4	
97.9	99.6	
99.3	89.7	
88.8	99.6	
87.2	99.6	
