-68.9	-362.6	
17.6	-31.5	
9.5	-32.1	
32.1	79.2	
87.6	-2.6	
4.8	99.6	
63	78.6	
76.9	88.9	
87.6	55	
97.9	89.3	
57.1	89.3	
87.8	79.4	
28.4	49.5	
76.3	8.3	
89	79.4	
99.1	99.6	
99.1	89.1	
99.3	89.7	
65.4	88.7	
98.7	69.5	
96.9	98.4	
98.9	89.1	
98.9	89.5	
77.5	89.7	
87.6	89.7	
98.5	79.6	
98.5	89.1	
98.9	78.8	
78.7	69.7	
98.3	89.1	
88.4	99.6	
88.6	99.2	
88.8	68.9	
54.3	69.5	
65.6	99.6	
99.1	39	
97.9	89.7	
87	98.8	
98.7	89.1	
88.6	-0.8	
77.9	89.7	
77.9	99	
79.1	99	
68	99.6	
87	89.5	
98.5	89.5	
99.1	99.4	
99.1	-1.4	
99.3	99.6	
98.7	58.8	
88	89.3	
78.1	99.4	
57.9	99.6	
78.5	99.2	
99.1	78.8	
88.6	99.6	
99.3	89.3	
99.3	78.6	
78.1	99.6	
99.1	89.1	
99.3	99.4	
88.2	99.6	
98.9	89.5	
89.2	89.5	
89	99.6	
98.7	99.6	
89.2	39.4	
88.2	99.4	
89.4	99.4	
97.9	89.3	
68.6	99.6	
98.5	99.6	
98.9	99.2	
98.7	79.2	
67.6	99.6	
98.9	99.4	
68.8	78.6	
97.9	59.2	
89.4	49.1	
98.1	99	
98.7	99.2	
88.2	79	
89.2	88.9	
89	99.6	
88.2	99.2	
98.9	59.2	
88	88.7	
98.9	99.4	
46.8	79.8	
8.4	39.2	
66.8	99.6	
89	99	
88.4	79.4	
78.7	78.8	
97.5	99.2	
88.4	99.2	
98.5	39.6	
58.3	79.8	
99.1	79.6	
99.3	59.4	
77.7	79.6	
97.7	88.9	
98.9	89.1	
88.8	99.2	
98.9	99.6	
76.5	99.6	
69	99.6	
87.8	89.5	
97.3	99.2	
98.1	79.2	
98.9	79.8	
98.3	99.2	
98.7	89.5	
57.1	19.2	
89.4	49.1	
88.4	99.6	
99.1	-31.9	
99.1	99.4	
88.6	99.6	
69.2	59.2	
36.1	88.9	
78.9	99	
98.9	79	
77.9	98.4	
99.1	99.2	
96.9	99.6	
98.9	99.4	
66.2	89.7	
25.8	79	
99.1	89.5	
89.4	99.6	
99.3	88.9	
97.1	99.4	
98.3	88.5	
98.9	98.8	
98.7	88.7	
98.5	98.8	
88.8	99.6	
78.5	58.4	
99.3	88.9	
99.3	99.6	
99.3	98.4	
98.9	98.6	
78.3	99.6	
97.9	38	
88.6	99	
89.4	99.6	
76.3	99.6	
88.6	48.1	
88.6	89.5	
79.3	88.9	
89.2	99.6	
76.9	99.4	
88.8	99	
88.8	99.6	
98.1	99.6	
98.3	99	
68.4	99.4	
48.2	99.4	
98.1	87.1	
68	99.6	
88.2	99.6	
77.9	99.6	
89	99.4	
99.3	99.6	
98.9	89.3	
99.3	99.6	
88.6	79.2	
89	58.4	
88.2	59.2	
88.6	99	
78.1	69.3	
87.8	79.2	
88	89.3	
98.5	99.4	
65.6	89.1	
89.4	79.8	
79.5	89.1	
88.8	99.6	
99.3	89.7	
89.4	99.2	
99.3	99.6	
26.8	79	
99.1	99.4	
98.3	78.6	
87.4	79.6	
88.2	99.4	
88.8	99.2	
67.6	99.6	
68.4	99.6	
98.1	39.2	
87.6	99.6	
87.8	69.1	
88.6	88.7	
86.8	99.6	
98.1	68.7	
25.8	99.2	
89.2	68.5	
88.4	99.6	
77.7	89.3	
98.7	9.1	
86.2	99.6	
88.6	99.6	
87.4	99.4	
78.7	99.6	
99.1	39	
99.1	99	
99.1	99.6	
78.5	99.4	
89.2	98.4	
56.9	99.2	
89	99	
97.9	89.1	
99.3	98.6	
68.4	89.7	
88.2	59.4	
99.3	99.4	
89.4	99.4	
77.3	99.2	
76.3	79.8	
78.7	89.3	
99.1	98.8	
78.3	79.2	
99.1	98.2	
88.6	99.6	
89.2	89.5	
78.3	99.4	
69.2	89.5	
99.1	59.4	
88.8	89.5	
97.9	48.9	
89.2	99.2	
46.2	99	
98.1	99.6	
88.8	99.4	
65.2	88.9	
88.8	49.1	
78.3	49.7	
55.9	99.6	
76.7	58.8	
88.8	99.4	
98.9	79.6	
99.1	89.7	
89	98.8	
75.9	89.3	
96.9	99.2	
78.5	99.2	
87.4	89.3	
98.5	99.2	
78.9	38.8	
99.1	89.5	
99.1	99.6	
98.9	99	
79.1	99.4	
78.5	99.6	
87.4	99.6	
98.3	99.4	
78.7	89.1	
88.6	99.6	
98.5	99.6	
99.3	99.6	
67.2	79	
69.2	38.8	
99.3	99.4	
37.5	99.6	
77.3	99	
97.9	99	
98.3	-52.7	
99.1	89.1	
98.3	27.9	
99.1	89.3	
89.2	89.7	
35.3	69.5	
57.9	99.6	
98.7	89.5	
99.1	49.5	
77.7	88.7	
78.7	89.3	
69	48.7	
89.2	59.4	
88.2	79.6	
88.6	39.2	
57.7	79.6	
88	78.8	
88	99	
85.6	89.7	
78.5	99.4	
78.5	89.5	
98.7	88.7	
97.1	98.6	
87.6	99.4	
78.5	89.5	
89	68.9	
56.3	99.4	
88	99.4	
99.1	99.6	
98.9	68.1	
99.1	38.8	
98.3	99.4	
87.8	99.6	
78.1	99.6	
98.3	99.6	
98.7	99.2	
78.7	89.3	
88.4	99.6	
69	99	
78.9	99.6	
88.4	89.5	
88.2	99.2	
99.1	68.3	
89	69.5	
88.8	89.5	
78.7	99.4	
88.2	79	
98.1	89.3	
99.3	89.3	
79.3	99.4	
97.5	88.7	
88.6	99.6	
68	97.4	
78.3	79.4	
79.3	99.4	
98.7	69.3	
77.9	79.2	
87.8	88.9	
98.9	99.6	
98.9	99.6	
98.7	99.6	
78.9	78.4	
88.6	98.8	
98.1	99	
77.1	79	
89	38.2	
78.7	99.6	
97.7	99.6	
89.2	89.3	
78.7	98.6	
98.1	99.6	
89	99	
99.3	89.3	
98.7	88.5	
87.6	69.7	
88	69.3	
99.3	79.6	
98.7	78.2	
78.5	99.6	
46.4	99.6	
87.6	89.5	
88	99.4	
89.4	99.6	
57.3	89.5	
89.2	79.2	
88.8	79.6	
88.2	99.4	
89	38.8	
89.2	99.2	
78.9	99.6	
98.9	89.5	
97.7	88.3	
96.7	88.9	
98.7	99.6	
78.5	69.5	
98.5	99	
88.2	69.7	
88	79.4	
99.1	99.4	
97.7	99.6	
57.3	69.3	
99.3	99.6	
89	69.3	
89	99.4	
99.3	99.4	
96.9	79.4	
78.3	89.5	
98.7	99	
89	89.3	
98.5	99.6	
98.5	99.4	
77.7	99.6	
88.8	98.8	
87.4	69.1	
77.9	99.6	
99.3	99.6	
98.7	99.6	
98.9	88.9	
77.9	89.7	
88.6	99.4	
87.8	89.5	
58.3	88.7	
99.1	89.1	
89.2	39.4	
98.7	38	
98.7	99.6	
89.4	99.6	
99.3	89.3	
88.6	99.6	
77.7	99.6	
98.7	79	
98.7	89.3	
98.9	98.8	
87.6	59	
99.3	99.6	
88.8	99.2	
99.3	98.8	
99.3	99.4	
89	78.8	
88.6	68.3	
98.5	99.2	
98.9	99.4	
78.1	89.7	
87.6	89.3	
98.5	89.3	
79.3	99.6	
98.9	99.6	
98.9	99	
98.1	99	
98.9	68.7	
89.4	89.5	
76.9	99.6	
88.8	99.2	
98.5	17.2	
88.2	79	
79.3	99.6	
98.3	89.5	
98.1	89.7	
79.3	99.6	
97.5	38.8	
77.5	99.4	
75.9	99.4	
56.7	78.6	
89.2	89.5	
88.6	99.6	
98.3	88.9	
98.3	98.8	
68.2	98.6	
-4.1	89.3	
97.1	48.7	
87.8	89.7	
98.1	99.6	
98.1	89.5	
89.2	89.5	
98.3	79.6	
87	78.6	
78.7	99.2	
98.5	99.6	
68.4	98.8	
98.5	89.7	
97.7	98.8	
98.1	99.4	
54.9	79.8	
87.8	99	
98.1	99.4	
87.4	89.7	
98.9	89.7	
89	59.2	
78.5	89.3	
87.2	79.4	
99.1	99	
98.9	89.7	
87.4	79	
98.1	99.6	
98.5	89.7	
99.1	89.3	
99.3	78.6	
67.6	89.5	
98.7	19.4	
87.8	99.4	
77.7	78.8	
87.2	89.5	
88.4	99	
89.4	79.2	
98.7	79	
88.8	99.4	
89.2	89.5	
77.3	99.6	
58.1	99.6	
99.1	99.6	
98.7	88.9	
78.1	59.2	
78.5	79.6	
87.6	99	
89.4	69.5	
89	78.6	
88.8	89.7	
78.3	8.9	
89.4	99.6	
88.2	99.2	
89.4	18.8	
89.2	79.4	
68.4	89.3	
88.6	79.4	
88.4	89.1	
98.7	89.5	
98.1	79.6	
77.7	89.7	
78.5	98.6	
98.7	99.2	
88.2	99.4	
99.3	99.6	
98.7	59.2	
