-81.2	-21.4	
-21.6	-62.4	
68.7	-166.2	
74.7	89.3	
87	99.4	
54.3	-73.7	
55.1	67.9	
65	68.9	
97.9	55	
88.8	79	
86.8	68.7	
87	39.2	
97.3	98.6	
77.7	38.2	
77.7	-4.8	
78.9	69.1	
98.7	89.5	
99.3	79	
78.5	-1.8	
86.8	87.9	
56.3	47.3	
98.1	89.5	
88	79.2	
42.4	99	
74.7	99.6	
87.6	99.2	
98.9	89.1	
94.9	98.8	
88	88.9	
99.3	99.6	
98.3	69.1	
88.4	78.2	
99.1	59.4	
98.9	98.2	
77.1	99.6	
57.9	99.6	
98.5	89.3	
78.9	99.6	
98.3	88.1	
78.5	99	
66.8	99.4	
98.9	99.2	
45.8	78.8	
92.7	99.6	
66	78.8	
86.4	89.7	
88.8	98.6	
88.8	59	
84.6	99.2	
99.1	99.6	
99.1	79	
86.4	78.8	
77.3	89.5	
84.6	99.4	
78.1	89.3	
88.4	99	
88.6	88.9	
88.4	88.5	
67.4	89.3	
99.1	99.4	
78.5	99.4	
88.4	99.6	
98.7	89.7	
99.3	89.7	
98.9	99.4	
89.2	99.6	
68.8	89.3	
86.2	89.1	
78.7	79.4	
76.3	89.7	
78.1	69.1	
88.4	89.5	
14.9	99.4	
68	69.3	
98.5	79	
97.9	99.2	
98.3	99.6	
99.1	98.8	
78.5	79.6	
78.5	89.3	
88.6	79.6	
79.3	88.9	
78.3	69.1	
88.8	89.5	
68.2	-2.6	
97.7	88.9	
98.1	99.6	
88.8	-11.1	
98.9	89.3	
98.5	99.2	
99.3	99.6	
78.7	99.2	
99.3	99.6	
99.1	99.6	
66.6	89.5	
77.7	68.9	
46.8	89.1	
88.2	99.6	
89.4	99	
98.3	38.6	
68.4	99	
78.9	59.4	
99.1	99.6	
76.3	99.4	
98.7	99.6	
97.1	99.4	
77.5	99.6	
99.3	89.3	
98.3	99.6	
66	88.9	
69	89.5	
87.8	88.7	
88	98.6	
98.1	-1.4	
97.5	99.2	
87.4	89.5	
97.9	99.4	
78.1	99.2	
99.3	99.2	
89	89.3	
76.3	99.6	
57.5	59	
88.4	99.2	
89.2	79.6	
67	98.8	
88.6	99.2	
88.6	89.5	
99.3	48.3	
78.3	89.7	
88.4	69.3	
89.2	89.5	
98.1	89.3	
98.5	99.6	
88.8	99.6	
88.8	99.2	
98.7	89.5	
87.8	89.1	
78.9	99.2	
88.6	69.1	
67.2	89.7	
89.4	69.1	
77.3	79.2	
89.2	89.7	
78.9	89.3	
98.7	99.6	
69.2	98	
99.3	89.5	
67.6	99.2	
88	98.8	
88.6	79.8	
88.6	89.1	
97.5	98.4	
89	79.6	
-45.7	89.3	
87.6	79.6	
88.6	99.6	
97.1	99.4	
88	89.3	
35.7	99.6	
36.5	68.1	
99.1	99.6	
88	79.4	
99.1	39	
89	78.6	
88.8	99.4	
99.3	88.9	
99.1	99	
87.8	69.5	
98.5	59	
48.2	58.8	
88.8	99.4	
99.3	89.7	
88	89.5	
99.1	99.6	
88.2	89.5	
89	99.4	
67.8	99	
98.5	79.6	
89.2	99.2	
78.5	99.6	
98.5	99.6	
78.1	79.8	
97.3	99.6	
98.1	78.4	
86	88.9	
98.3	99.6	
95.7	79	
26.8	99.2	
98.1	89.5	
78.7	89.3	
98.9	28.5	
98.9	99.6	
88	19.2	
98.9	89.3	
88.6	99.4	
88.8	88.3	
98.7	89.5	
67	59.2	
69.4	88.5	
88.6	99.6	
87.2	99.6	
89	98.4	
66.8	99.6	
69.2	68.1	
98.3	99.6	
79.5	99.6	
98.3	89.7	
89	79.2	
98.7	89.7	
88.6	89.3	
98.9	99.2	
98.1	59.8	
88.2	89.5	
89	89.7	
99.1	99.6	
98.5	78.2	
69	79.4	
77.3	99.6	
98.5	-10.7	
99.3	89.3	
78.3	99.2	
98.7	99.4	
76.9	89.1	
99.3	99.6	
87.2	99.2	
98.9	99	
98.7	68.9	
88.4	88.7	
97.7	99.4	
89	89.7	
77.7	99.4	
88.2	98.8	
66.6	79.4	
87.6	99.6	
89.2	89.7	
69	99	
99.1	99.6	
98.1	89.3	
99.1	89.7	
67.4	89.5	
48.2	79.2	
88.8	99.4	
88.8	39.6	
79.3	89.5	
67	89.7	
79.1	89.3	
78.9	88.9	
78.1	37.4	
99.3	97.8	
98.9	69.3	
89.2	39.6	
98.9	79.8	
89.2	99.2	
88.8	89.3	
57.9	89.3	
88.2	78.6	
69.2	99.6	
98.3	89.7	
67.4	99.2	
99.1	69.1	
99.1	99.4	
89	59	
88.6	89.1	
98.9	79.4	
89	98.8	
99.3	99.6	
67.8	99.4	
88.4	99.6	
89.2	88.9	
57.9	99.2	
78.9	99.6	
99.3	89.7	
98.7	79.4	
57.7	48.3	
89	89.5	
89.4	89.5	
15.3	99.6	
99.3	88.1	
98.9	-82	
68.4	99.4	
77.9	99.6	
98.7	28.9	
75.7	79.6	
86.8	98.8	
98.9	58.6	
77.9	99.2	
99.3	99.6	
78.9	99.6	
99.3	99.2	
88.2	99	
98.9	99.6	
87.6	99.6	
98.7	98.6	
89.2	89.1	
98.5	89.1	
69	79.8	
59.1	7.9	
98.1	99.2	
48	79.6	
88.4	89.5	
77.9	89.5	
89.2	88.9	
99.3	68.7	
89.2	89.7	
89	89.7	
88.8	89.7	
89.2	79.4	
99.1	59.4	
77.7	39.6	
98.7	99	
77.5	99.2	
87.4	89.3	
98.5	99.4	
78.5	89.5	
99.3	99	
99.3	89.5	
93.5	89.7	
98.7	89.7	
99.1	69.7	
88.4	79.4	
88.6	89.1	
89.2	98.8	
97.5	59.6	
97.7	79.4	
68.2	88.5	
65.6	99	
77.3	88.9	
88.6	59.6	
68.8	89.1	
98.9	99.4	
88	98.8	
68	79.6	
89	99.6	
86	99.4	
88.6	87.5	
89.4	18.6	
97.1	89.3	
88.4	99.6	
98.9	79.4	
98.3	99.2	
89.4	58.8	
57.9	59.2	
99.1	88.9	
98.3	99.6	
89.2	9.1	
88.8	78.6	
68.6	89.3	
79.1	99	
88.8	49.1	
97.9	99	
88.8	99.6	
76.3	99.6	
99.1	18.8	
98.9	99	
66.4	99.6	
76.7	99	
97.9	69.5	
77.5	79.4	
78.7	99.4	
89.2	79.6	
98.9	99.4	
98.5	78.4	
98.7	99.6	
98.3	39.4	
88.2	99.4	
78.5	89.5	
98.7	89.3	
88.2	59.6	
87.4	99.4	
99.1	99.6	
98.7	99.6	
67.6	99.4	
68.4	99.4	
89	99.4	
88	89.7	
99.1	98.6	
98.3	99.2	
98.7	89.5	
97.7	99.4	
98.7	79.2	
89.2	99.4	
78.9	99.4	
88.6	79.8	
76.7	89.1	
67	48.3	
55.3	79.8	
45.2	88.9	
99.1	99.4	
88.8	99.6	
79.3	98.2	
87.2	99.4	
88	99.6	
88.4	89.5	
58.9	89.5	
89.4	49.5	
88.4	99.6	
89	99.2	
98.5	79.8	
87	6.9	
88.4	98.8	
97.9	89.5	
59.1	98.2	
88	89.5	
68.8	99.6	
78.9	88.9	
78.7	89.3	
47	89.3	
78.5	89.3	
67	99.4	
56.3	99.6	
77.5	99.4	
98.7	59.4	
88.2	98.4	
88.6	99.4	
78.9	87.9	
98.5	89.5	
66.4	99.4	
98.9	99.2	
98.7	88.5	
98.9	79.2	
78.5	99.4	
98.5	99.2	
87.8	79	
99.1	89.5	
78.7	99.4	
98.3	89.5	
87.8	99.6	
99.1	99.6	
88.4	99.4	
47.2	89.5	
66	99.4	
89.2	99.6	
68	79	
77.5	89.1	
57.3	79.6	
89.4	99.6	
58.3	99.6	
98.1	99.4	
68.6	99.6	
79.1	99	
89.2	89.1	
89	99.4	
99.1	69.7	
99.3	89.3	
88	99.4	
89	88.9	
57.9	99.4	
88.4	99.6	
88.2	79.6	
79.1	79.6	
98.3	48.7	
88	79	
98.9	99.6	
89.2	99.6	
75.7	48.7	
88.2	99	
66.6	99.6	
78.7	99.6	
78.5	99.6	
88.4	99.6	
65.2	89.3	
77.1	49.3	
99.1	68.9	
77.9	99.6	
48.6	89.5	
67.6	89.5	
98.7	99.6	
97.5	58.2	
97.9	99.6	
79.1	98.4	
87.6	88.7	
88.4	99.2	
68.6	89.7	
75.5	99.4	
77.9	99.6	
98.7	89.3	
67	99.6	
99.1	49.1	
99.1	89.5	
88.8	99.4	
78.7	99.2	
77.7	99.2	
88.4	99.6	
87.6	99.4	
89.2	79.6	
68	99.6	
98.9	99.6	
88.4	99	
88.2	99.4	
79.1	99.6	
88.2	99.4	
99.3	99.6	
97.9	89.5	
68.4	99.6	
99.1	58.4	
88.2	99.2	
79.1	79.8	
89	99.6	
88.8	99.6	
87.8	99.6	
