98.5	89.5	
66.4	-31.5	
67.8	89.5	
58.1	48.9	
55.9	98.8	
98.7	98.4	
99.3	39	
38.1	99.2	
89.2	98.6	
98.7	18.2	
97.1	38.4	
99.3	48.3	
88.2	-51.1	
45.6	-41	
99.1	59	
88.4	98.4	
88.8	39.2	
98.7	89.5	
98.9	-10.7	
37.3	89.5	
98.5	59.6	
89	88.1	
78.7	99.6	
88.2	99.4	
98.7	99	
98.5	89.5	
99.3	88.9	
66.6	99.6	
57.9	79.6	
26	49.3	
51.5	88.3	
88.6	59.4	
98.7	59	
98.7	89.7	
98.1	48.9	
98.9	68.7	
98.7	79.4	
98.1	99.4	
76.1	78.8	
98.1	88.3	
54.9	58	
78.3	98.8	
98.9	89.3	
98.5	58.2	
87.4	89.1	
86.6	39	
65.8	89.7	
88.6	99.4	
88.6	89.1	
97.3	18.4	
98.5	79.6	
87	89.3	
16.9	69.5	
68	79.4	
98.9	99.4	
48.2	79.6	
97.9	89.3	
97.9	99	
78.7	89.3	
78.7	48.3	
97.3	99.2	
99.3	89.1	
97.5	77.8	
67.2	79.2	
77.7	98.8	
77.5	89.1	
98.9	89.3	
98.7	69.1	
78.9	79.8	
99.1	99.4	
77.9	59.4	
79.1	79.2	
99.3	89.5	
98.3	8.9	
99.3	99.4	
89	79	
88.6	79.4	
99.1	99.4	
67.6	99.6	
78.7	89.1	
57.1	69.5	
46.8	69.7	
99.1	99.6	
98.9	99.6	
88.8	99.2	
88.4	99.4	
89.2	99.6	
89	79.4	
98.3	99.4	
89.4	59.4	
88.6	99	
97.5	89.7	
96.3	89.1	
98.7	89.5	
57.9	78.6	
89.2	68.9	
86.8	99.6	
87.8	99.6	
78.3	99.2	
88.6	79.4	
79.1	58.8	
77.7	79.8	
89	99.6	
88.4	69.3	
67.4	99.6	
88.4	99.2	
58.1	89.7	
86.2	89.5	
88	99.4	
76.5	79.4	
98.9	99.4	
99.1	69.5	
68.8	89.3	
98.9	-31.3	
97.7	-40.6	
68	99.4	
88.4	99.6	
79.1	79.2	
56.7	17	
38.3	99.4	
88	99.2	
89.4	79.4	
78.5	89.1	
66.2	99.6	
75.3	99.4	
79.1	99.4	
76.1	89.5	
88.4	78.6	
99.1	99.6	
77.5	88.9	
17.5	99.6	
99.1	39	
98.9	19.4	
74.9	99.6	
76.7	99	
47.4	79	
88.6	38.8	
89.4	89.1	
89	88.1	
98.7	89.1	
98.5	99	
78.7	99.4	
98.7	98.8	
87.8	99.6	
98.9	89.5	
98.7	99.6	
89	59.2	
86.6	89.5	
77.5	89.3	
88.2	89.5	
88.8	69.7	
98.9	79.6	
85.6	99	
25.8	78	
66.4	89.1	
99.3	79.4	
98.7	99.4	
98.7	98.8	
88	29.3	
88.4	79.4	
87.2	89.1	
76.9	89.5	
99.1	99.6	
64.4	98.4	
76.5	99.6	
76.7	99	
98.9	99.4	
98.9	88.5	
98.7	99.2	
57.1	68.5	
98.9	99.6	
89.4	79.2	
99.3	79.6	
58.7	39.2	
76.7	88.9	
67.4	19.4	
78.5	59.2	
98.9	89.7	
98.7	89.7	
98.7	97.8	
99.1	99	
89.2	79.6	
40.8	99.6	
36.7	69.3	
47.2	99.6	
87	99.2	
78.3	89.7	
99.3	99.4	
88.8	99	
98.7	59	
86	89.3	
98.3	99.4	
88	99.6	
66.4	79.6	
57.1	99.6	
89	99	
56.7	88.7	
88	-0.8	
88.8	79.4	
98.3	99	
78.7	79.8	
99.1	78	
77.3	59.4	
99.3	69.5	
67.8	-1	
98.9	69.7	
66.8	69.7	
57.5	79.8	
97.5	68.9	
99.1	69.5	
98.5	89.5	
68.6	99.2	
87.4	99.6	
97.7	98.6	
45	99.4	
65	69.5	
78.3	88.5	
86.2	99.4	
87.6	88.9	
68.6	99.4	
77.7	99.6	
98.1	59.2	
88.6	88.5	
98.5	99	
77.1	68.9	
88.8	99.6	
97.9	99.6	
99.3	-21.2	
99.1	89.5	
99.1	89.3	
78.1	89.3	
89.4	68.7	
87.6	29.3	
78.3	89.5	
98.9	79.2	
68.2	99	
89	99.6	
58.1	99.4	
89.2	99.2	
78.1	49.5	
78.9	99.6	
44.2	99.6	
78.5	89.1	
88.8	59.6	
88	99.4	
46.6	89.5	
67	89.3	
88	69.1	
99.3	99.6	
78.1	79.2	
78.3	79.6	
98.7	99.4	
77.7	47.9	
88.6	48.7	
99.1	88.5	
98.9	99.4	
78.3	-11.9	
76.1	99.4	
78.5	99.6	
87	89.7	
74.9	59.4	
88.6	89.3	
87.6	99.4	
98.5	99.4	
98.7	99.6	
57.5	6.7	
86.4	98.6	
98.1	99	
98.3	69.1	
98.9	58.8	
78.5	99	
78.3	-40.6	
78.7	99	
86.8	59	
79.1	99.6	
86.8	39	
98.7	88.5	
88.4	88.3	
57.5	98.4	
88	98	
99.1	89.1	
98.3	79	
87.8	88.5	
89.4	99.6	
88.6	79.6	
89	99.2	
67.6	98.6	
79.1	88.5	
99.1	68.9	
88.8	79.4	
79.1	69.1	
79.5	99.2	
78.5	79.4	
98.3	98.6	
77.3	89.7	
88.8	99.6	
78.1	79	
88	99.6	
98.7	99.4	
77.3	99.6	
97.1	89.1	
88.6	89.5	
89	79.4	
97.7	39.2	
88.6	99.6	
99.3	99.6	
67.4	99.6	
67.2	19.2	
68.2	99.4	
88.2	89.1	
98.7	78.2	
98.3	88.5	
57.5	99.4	
76.9	89.3	
87.6	58.2	
77.7	-1.6	
97.5	38	
77.9	79.8	
88.6	89.5	
89	79.8	
78.3	48.7	
68.6	79.4	
98.3	69.5	
99.3	99.6	
89.2	99.6	
66.2	99.2	
77.3	99.6	
88.2	99.4	
88	99.4	
98.9	89.1	
85.8	78.6	
58.1	88.7	
67	89.5	
89	99.6	
99.3	99.4	
98.3	79.4	
98.9	99.2	
86.8	99.4	
88.8	88.7	
98.3	89.7	
67.6	99.6	
88.4	89.3	
66.6	89.7	
98.7	69.7	
98.9	99.6	
98.7	69.3	
98.5	99	
88.2	39.2	
66.4	98.8	
98.3	89.5	
99.1	89.7	
88.4	88.5	
69	89.3	
98.3	-31.5	
67.4	99.6	
99.1	89.5	
6.2	99.4	
98.7	88.5	
78.7	38.2	
98.7	99	
57.3	79	
89	89.3	
89.2	38.8	
86	89.3	
78.5	98.8	
68	99.6	
89	88.1	
88.6	89.7	
98.1	99	
88.6	99.6	
77.7	99.6	
78.1	99	
78.7	89.5	
88.6	49.3	
88.2	99.6	
57.1	89.7	
98.7	89.5	
66.6	59.4	
76.7	98.6	
88.8	79.2	
97.5	69.1	
89.2	47.7	
87.8	89.5	
77.9	78.8	
36.7	78.6	
88	99.6	
66.8	99.4	
38.1	68.9	
88.4	99.6	
86.6	78.6	
58.5	19	
69.2	99.2	
98.5	99.4	
98.5	99	
98.9	-21.2	
58.3	98.2	
77.3	79.6	
89	99.6	
89.2	88.3	
88.8	98.4	
88.4	99.2	
98.9	99.6	
68.4	79	
88.8	89.3	
99.1	78.4	
99.3	99.6	
57.1	69.3	
98.9	89.3	
97.9	89.3	
55.9	-1.4	
88.2	89.3	
77.9	89.1	
78.3	99.4	
88.2	99.6	
78.3	99.6	
88.4	58.4	
99.1	89.1	
67.4	79.6	
98.3	99.6	
88.8	59.4	
98.9	99.2	
98.7	88.3	
78.1	89.1	
68	69.3	
68.8	89.5	
79.1	89.5	
89	89.1	
96.7	89.7	
38.1	59.4	
77.3	79	
97.7	99.6	
89.4	89.5	
57.1	38.4	
86.6	88.5	
89	98.8	
97.7	78.8	
66	-32.1	
76.9	89.3	
68.6	89.1	
84.4	99.4	
73.9	99.6	
96.5	99	
78.7	99.4	
97.5	68.9	
77.9	29.1	
98.7	49.1	
98.5	57.8	
88.8	9.3	
66	99	
88.2	69.5	
88.8	79	
89.2	89.7	
99.3	99.4	
79.1	99	
89.2	99.6	
63.6	79.4	
99.1	99	
44.8	89.3	
98.5	98.2	
98.9	99.2	
99.3	88.9	
98.5	89.7	
98.3	69.3	
87.8	98.6	
88.6	99.6	
99.1	38.6	
99.1	59.4	
86.8	59.6	
87	88.7	
99.3	99.4	
98.9	99.4	
87.2	99	
76.3	99.4	
97.7	59.2	
89.2	89.7	
99.1	78.6	
98.1	98.8	
79.1	99.6	
68.6	68.5	
66.6	78.4	
99.3	48.1	
98.7	78.8	
98.3	88.9	
88.8	99.6	
99.1	89.3	
89.4	99.4	
99.1	99.2	
89	89.3	
88.4	68.7	
77.9	89.5	
98.7	99.2	
88.2	99.4	
68.4	69.5	
78.5	69.1	
76.7	98.2	
87.8	99.6	
88	99.4	
78.5	69.7	
89	98.8	
87.4	79.6	
