45	-1008.2	
-9.7	69.1	
52.1	-13.1	
30.1	-2.2	
97.7	88.5	
97.3	89.3	
75.9	78.2	
95.3	-33.7	
83.4	-41.6	
98.9	69.3	
88.2	38.8	
98.3	59.4	
77.7	69.3	
99.3	58	
97.9	68.7	
95.9	79	
76.9	69.1	
68.7	89.5	
94.7	79.2	
90.5	79.2	
97.3	89.1	
-20.1	89.1	
-20.1	89.5	
-30	89.5	
95.7	89.1	
98.1	89.3	
96.7	89.5	
89	79	
97.7	69.3	
99.3	89.5	
94.5	78.8	
97.9	78.6	
98.3	58	
98.9	89.5	
88.9	78.8	
98.7	89.5	
98.1	47.5	
93.7	89.1	
93.3	88.7	
97.9	87.1	
98.5	58.2	
97.5	88.7	
94.9	78.2	
97.3	78.6	
95.1	86.7	
98.5	89.5	
97.5	89.5	
96.1	46.3	
96.5	-14.7	
99.1	23.5	
99.1	78.6	
97.1	88.7	
98.3	89.5	
98.5	89.5	
87.6	88.7	
89.7	89.5	
97.3	89.3	
99.1	69.3	
99.1	89.3	
98.5	89.5	
98.9	89.3	
88.6	89.5	
99.3	69.1	
99.1	89.1	
99.1	89.5	
98.7	58.8	
98.7	88.7	
99.1	89.5	
98.3	89.3	
98.3	89.5	
99.1	89.3	
87.6	89.3	
89.4	68.9	
99.3	89.3	
98.9	89.5	
98.5	89.5	
99.1	79	
88.8	89.5	
99.1	89.5	
98.9	89.3	
99.1	89.3	
99.3	79.2	
99.1	89.5	
99.1	89.5	
89	89.5	
98.7	89.3	
98.9	89.3	
99.3	79.2	
98.9	89.3	
99.1	89.5	
98.7	89.5	
98.5	89.5	
99.1	79.2	
99.1	89.1	
99.1	79.4	
88.8	79	
98.3	79.2	
98.7	69.3	
98.1	89.3	
99.3	59	
79.1	68.9	
98.3	79.2	
98.9	89.5	
99.1	89.5	
98.7	89.1	
89	79	
88.8	79.4	
89.2	89.5	
99.3	89.1	
86.4	89.5	
89	79.2	
98.3	88.9	
98.7	59.2	
98.9	89.5	
99.1	89.5	
99.1	69.1	
98.1	79.4	
78.7	79.2	
97.9	79.2	
98.9	78.6	
68.8	89.5	
99.3	89.3	
89.2	79.4	
97.5	89.3	
99.3	79	
98.1	89.5	
88.8	89.5	
99.1	89.3	
99.1	89.5	
99.1	59	
99.3	89.3	
98.5	89.5	
97.9	89.3	
98.9	89.5	
88.6	79.4	
98.9	79.2	
98.9	59.2	
99.1	79.2	
99.1	89.5	
78.5	89.3	
99.1	89.1	
99.3	89.5	
98.7	79.4	
99.1	79.4	
99.1	79.2	
98.3	79.4	
98.7	89.5	
98.9	59	
98.9	79.4	
98.9	89.3	
99.1	89.5	
99.1	79.4	
98.9	89.3	
98.3	48.7	
98.5	69.1	
98.5	89.3	
99.1	89.5	
88.6	89.1	
99.1	79.4	
98.5	89.5	
98.9	89.3	
98.9	89.5	
98.9	89.5	
99.1	89.5	
99.1	89.3	
98.7	89.5	
98.3	79.2	
88.4	89.5	
98.9	89.1	
98.9	89.5	
98.9	89.3	
98.5	89.5	
88.8	89.5	
98.5	89.5	
98.9	68.7	
98.1	89.5	
99.1	89.1	
98.7	89.5	
98.1	68.9	
78.5	49.1	
98.5	89.5	
98.9	69.1	
98.7	79.2	
98.5	89.5	
99.1	89.5	
99.3	88.9	
88.8	89.5	
99.1	48.5	
98.5	89.5	
99.1	69.1	
88.6	79	
99.1	89.5	
99.1	89.3	
98.5	88.9	
97.9	89.1	
89	89.3	
98.5	79.2	
98.3	79.4	
98.7	79.2	
88.6	89.5	
99.1	89.5	
98.9	79.2	
68.4	88.7	
99.3	89.3	
99.1	79.4	
99.1	69.3	
98.7	89.5	
99.1	79.4	
98.7	79.4	
99.1	89.3	
99.1	89.5	
98.9	79.2	
89.2	89.5	
88.6	89.3	
99.1	89.3	
99.1	89.5	
99.1	69.1	
99.1	89.1	
88.8	89.3	
98.9	79	
98.7	79.2	
99.1	68.9	
98.3	69.3	
89	59	
89.2	89.1	
88.8	79.4	
99.1	89.3	
99.1	89.3	
99.3	89.3	
98.7	78.8	
98.9	89.5	
99.1	89.5	
98.9	69.1	
99.1	89.5	
99.1	89.5	
98.9	79	
98.9	89.5	
88.8	89.5	
88.6	79.2	
98.7	78.8	
97.9	89.5	
98.7	89.5	
99.1	89.5	
88.2	89.5	
98.9	89.5	
98.9	89.3	
99.1	89.5	
99.1	89.5	
89	89.5	
98.9	89.3	
99.3	89.5	
99.1	79	
98.7	89.5	
99.1	89.1	
98.3	89.5	
99.1	79	
99.1	89.5	
99.1	89.5	
99.1	79.4	
99.3	89.3	
99.1	79.4	
99.1	89.5	
89	89.5	
99.3	89.5	
98.3	89.5	
89.2	79.4	
99.1	89.3	
99.3	89.5	
89.2	58.8	
99.1	78.8	
99.3	89.5	
89	89.5	
88.8	79.4	
98.9	79.2	
98.9	89.5	
99.3	89.5	
98.5	89.5	
99.3	89.3	
99.3	68.9	
98.7	79.2	
98.9	48.7	
99.3	89.3	
98.5	38.6	
99.1	89.5	
99.1	79.2	
99.3	89.5	
98.5	89.5	
99.1	79	
99.1	89.5	
89.2	89.5	
99.3	89.5	
99.1	89.1	
89	59.4	
98.7	68.9	
99.1	68.7	
99.1	88.9	
99.3	79.4	
99.1	88.9	
98.9	89.3	
78.9	89.3	
99.3	89.5	
98.9	89.5	
99.3	89.5	
99.3	79.2	
89.2	89.3	
99.3	89.5	
98.5	89.5	
99.3	59	
99.3	89.3	
99.1	89.1	
99.1	89.5	
99.3	89.3	
99.1	79.2	
98.5	89.5	
98.5	89.5	
99.1	78.8	
99.3	69.3	
99.1	89.5	
99.1	89.5	
99.1	89.5	
99.3	89.5	
88.6	89.5	
99.1	89.3	
98.9	89.3	
98.7	89.3	
98.9	89.5	
99.3	89.5	
98.7	89.5	
99.1	79	
99.3	89.1	
98.9	69.1	
99.3	89.1	
98.9	89.5	
99.3	89.5	
99.1	79	
98.9	68.3	
99.3	68.7	
99.1	79.4	
99.3	79	
89	89.3	
99.3	89.5	
98.7	89.5	
99.3	89.3	
99.1	88.7	
78.7	89.1	
99.3	69.3	
98.5	89.5	
99.1	99.6	
98.7	89.1	
99.1	89.5	
99.3	89.5	
99.1	99.4	
99.3	89.3	
99.3	89.5	
98.5	88.7	
99.1	79.2	
99.1	79.2	
98.7	89.5	
98.7	89.5	
99.3	89.5	
99.3	89.1	
98.9	89.3	
99.1	89.3	
98.5	89.5	
98.9	79.4	
99.1	89.5	
99.1	89.5	
99.1	89.7	
98.7	89.5	
99.1	89.3	
98.9	89.5	
99.3	89.5	
88.6	89.5	
99.3	89.5	
98.9	88.9	
99.1	89.3	
99.3	89.5	
98.5	89.3	
99.3	68.5	
99.3	89.3	
89.2	79.4	
98.9	79.2	
99.1	89.5	
99.1	79.2	
99.1	89.5	
99.1	89.5	
99.3	89.5	
99.1	89.5	
99.1	89.5	
99.1	89.3	
89	89.3	
98.7	99.6	
98.9	89.5	
98.9	89.5	
98.7	69.3	
79.1	88.9	
99.3	89.3	
89	89.5	
98.7	79.4	
99.3	89.5	
99.3	69.3	
99.3	78.8	
99.3	89.5	
99.3	89.3	
99.3	79.4	
99.1	79.2	
99.3	89.1	
99.1	89.5	
98.9	99.4	
99.1	79.2	
99.1	89.7	
88.4	89.5	
99.3	79	
98.9	89.5	
98.7	79.4	
99.3	89.5	
99.1	89.5	
99.3	99.6	
99.3	89.5	
98.7	79.4	
99.3	89.5	
98.9	79.2	
99.1	89.5	
99.1	79.4	
98.9	89.5	
99.1	89.5	
99.1	89.5	
98.7	99.6	
98.9	68.9	
88.6	89.3	
99.1	89.5	
99.1	89.3	
99.3	89.5	
99.3	89.7	
99.3	79.4	
99.3	69.3	
99.1	89.3	
98.9	89.5	
98.9	89.3	
99.3	89.5	
99.3	79.2	
99.3	99.6	
99.3	89.5	
79.1	89.5	
99.3	79.2	
98.5	89.3	
99.3	99.6	
99.3	79.2	
98.9	79	
99.1	88.9	
99.3	89.5	
89	89.5	
88.6	69.1	
99.3	99.4	
99.1	89.5	
98.7	99.6	
99.3	79.2	
99.1	89.5	
99.3	99.6	
99.3	89.5	
88.8	99.4	
89.2	89.7	
99.3	89.5	
99.3	79.4	
88.2	89.5	
99.3	89.1	
99.3	89.1	
99.1	89.5	
99.1	89.3	
99.3	89.1	
99.3	78.8	
98.3	89.3	
98.9	89.3	
98.9	89.1	
98.7	99.4	
98.9	69.3	
98.9	89.5	
98.9	89.1	
99.1	89.3	
98.9	89.3	
99.1	89.1	
88.8	89.3	
99.1	89.5	
99.3	89.5	
99.3	89.5	
99.1	89.7	
88.2	79.6	
99.3	89.5	
89.2	79.6	
99.3	79.6	
99.1	89.7	
99.1	89.5	
99.3	99.6	
99.3	79.6	
89.2	89.7	
98.5	89.3	
99.3	89.7	
99.3	89.5	
99.3	79.4	
98.5	79.6	
