68	-312.7	
57.7	-52.1	
3.6	-193.9	
54.5	89.5	
92.7	69.7	
83.8	88.9	
65.2	39.6	
97.9	97.6	
77.9	88.5	
55.9	-2	
79.1	59.4	
88.4	79.6	
88.4	35	
87	79.8	
97.9	78.2	
79.1	98.6	
96.5	68.9	
99.3	99.4	
76.5	98	
77.7	78.4	
98.5	88.5	
97.7	89.3	
95.9	63.9	
88.2	18.2	
88.6	89.7	
78.7	89.5	
74.5	98.4	
84.4	79.6	
88	89.5	
84.8	68.9	
89	89.7	
88.6	89.5	
97.7	89.5	
98.7	89.7	
78.7	89.7	
66.4	99.4	
94.5	89.7	
99.1	79.6	
89.2	89.5	
98.9	69.5	
86.4	39.4	
84.4	79.6	
99.3	89.7	
99.3	99.6	
89	89.7	
97.7	89.7	
65.8	69.5	
93.1	89.5	
98.7	79	
87.8	79.2	
98.3	69.3	
77.7	99.4	
99.1	-22.6	
78.3	99.2	
86	89.5	
98.5	89.7	
98.9	89.7	
77.3	89.7	
98.9	79.4	
89.2	69.1	
97.7	89.5	
98.3	89.5	
97.7	99.6	
98.7	89.7	
99.1	99.6	
96.5	89.1	
98.1	89.7	
88.6	99	
98.9	49.5	
98.9	79.8	
98.9	49.1	
98.9	79.4	
78.9	89.7	
89.4	89.7	
98.9	89.5	
98.7	89.7	
98.9	89.7	
89.2	79.4	
88.2	89.7	
99.1	89.5	
99.3	89.7	
99.1	79	
89.2	79.6	
89	89.7	
98.9	99.6	
99.1	89.5	
78.9	79.8	
88.4	89.7	
89.2	89.7	
99.1	89.5	
99.3	69.5	
99.3	79.6	
78.7	89.7	
89.2	79.2	
98.9	49.3	
88.4	89.5	
89	69.7	
98.9	89.7	
99.3	89.7	
98.5	89.7	
89	89.7	
99.1	99.2	
99.3	99.2	
98.5	99.4	
89	79.6	
98.9	79.6	
89	89.7	
89.4	69.5	
98.5	89.7	
88.4	58.8	
86.6	89.3	
98.9	89.7	
98.9	29.3	
99.3	99.2	
97.7	89.7	
89	99.4	
98.9	79.4	
98.5	59.4	
78.9	99.6	
97.9	89.7	
98.9	89.7	
88.4	99.6	
89	89.5	
88.6	89.5	
99.1	89.3	
88.8	89.5	
98.9	69.5	
89.4	89.7	
99.1	89.7	
97.7	89.5	
99.1	89.7	
78.3	89.3	
99.3	89.5	
98.7	89.7	
98.9	99.4	
99.1	99.4	
99.3	59.4	
99.1	29.5	
99.3	99.2	
88.8	89.7	
98.3	79.4	
98.9	89.7	
77.9	89.5	
99.3	99	
89	89.7	
98.7	89.3	
99.3	99.6	
58.3	99.6	
88.8	89.5	
99.1	99.4	
98.5	89.1	
99.1	99.6	
97.9	79.8	
99.3	99.6	
98.1	99.6	
88.2	99.6	
98.9	99.6	
99.3	99.4	
79.3	89.1	
78.3	99.6	
98.3	89.5	
88	99.2	
98.3	99.2	
99.3	99.6	
99.1	99.6	
89.2	89.7	
98.9	99.4	
98.9	99.4	
88.2	58.8	
98.7	89.1	
88.4	99.6	
88.2	99.6	
98.3	99.6	
89	89.5	
99.3	99.2	
68.8	99.6	
77.5	99.6	
99.1	89.5	
99.1	99.4	
99.1	99	
97.9	99.6	
88.6	99.4	
98.9	99.4	
89	99.4	
78.5	89.5	
89.4	99.6	
98.3	99.6	
99.1	89.5	
79.3	99.2	
98.7	99.6	
99.1	89.3	
98.9	99.2	
88.4	99.4	
88.4	99.4	
88	89.5	
88.6	69.7	
98.7	39.2	
99.3	98.8	
89.2	99.6	
98.7	99.4	
88.4	99.4	
99.1	99.6	
79.3	99.6	
98.9	89.5	
98.7	99.6	
99.1	99.6	
98.7	88.5	
98.9	89.3	
89	89.5	
87.2	88.9	
99.3	99.2	
99.3	99.6	
89	99.6	
98.9	99.6	
89.2	99.4	
79.1	99.6	
89.4	89.1	
98.7	59.4	
88.8	89.7	
88.8	78.8	
98.9	99.6	
99.1	99.6	
98.9	69.1	
99.3	99.4	
78.7	79.4	
99.3	79.2	
99.3	99.4	
98.9	99.4	
88.8	89.7	
99.1	99.6	
89.2	99.4	
99.3	99.4	
88.8	79.4	
99.1	99.6	
98.9	89.3	
99.1	89.3	
99.1	79.4	
89.2	8.9	
79.1	98.8	
68.4	99.4	
98.3	79.6	
99.1	99.4	
88.8	99.6	
78.7	99.4	
89	89.7	
99.1	99.2	
98.5	69.7	
97.9	99.6	
98.7	79.8	
88.4	99.2	
98.7	99.6	
78.9	89.5	
98.3	99.2	
89.2	69.7	
98.5	99.6	
98.7	17.8	
98.3	99.6	
99.1	99.2	
99.1	78.8	
99.1	99.4	
69	99.6	
99.1	99.6	
88.8	99.6	
99.1	99.4	
99.1	99.6	
88.4	99.6	
99.3	99.6	
99.1	99.4	
99.1	99.6	
98.7	89.5	
88.4	99.4	
47.8	99.4	
98.1	99.6	
89.2	79.4	
98.7	89.5	
89	79.6	
98.7	89.3	
89	99.6	
99.3	89.3	
99.1	89.5	
88.6	89.3	
99.1	99.6	
89.2	99.4	
78.3	78.8	
88.4	99.6	
98.9	99.6	
98.7	89.1	
99.1	98.8	
89.2	89.7	
99.1	99.4	
99.3	99.6	
79.1	99.6	
98.3	69.7	
98.9	99.6	
79.3	99.4	
88.2	89.5	
99.1	79.6	
99.3	69.7	
98.3	99.2	
99.3	99.2	
99.3	48.3	
89.4	78.2	
89.2	89.5	
99.1	89.1	
98.7	99.6	
99.1	79.8	
99.1	99.6	
99.3	99.6	
99.1	99.6	
99.1	89.1	
88.6	89.5	
88.8	99	
98.3	99.4	
98.7	99.6	
98.9	99.6	
89.2	89.1	
98.9	99.6	
99.3	99.6	
99.1	99.4	
98.7	89.7	
98.1	99.2	
89.2	99.6	
99.3	99.4	
78.9	89.7	
78.3	99.6	
98.9	99.2	
99.1	89.1	
89.2	98.8	
88.8	99	
89.4	99.6	
99.1	89.3	
88.2	99.4	
78.9	99.6	
88.6	99.4	
99.3	99.6	
99.3	99.4	
89	79.8	
78.5	79.4	
99.1	68.7	
98.7	99.4	
98.7	99.2	
98.9	99.4	
78.9	69.7	
78.9	89.3	
89.4	89.3	
97.9	79.4	
89	89.5	
89.2	89.5	
98.9	99.2	
98.9	99.6	
88.4	89.3	
99.1	99.4	
88.8	99.4	
89.4	89.5	
98.7	99.6	
89	99.6	
78.5	99.4	
99.3	99.6	
89	99.6	
99.3	99.2	
99.3	89.5	
89.4	89.5	
99.1	29.5	
99.1	89.7	
99.3	89.7	
99.3	48.9	
89.4	89.7	
99.3	59.6	
99.1	99.6	
89.4	79.4	
99.3	99.6	
99.3	89.5	
89.4	89.5	
98.7	99.6	
98.9	99.4	
88.6	99.6	
89.4	89.5	
99.3	59	
89.2	99.6	
88.8	99.6	
98.9	99	
79.1	89.5	
99.3	99.4	
89.2	79	
89.4	99.6	
98.9	99.6	
98.3	99.4	
98.7	99.6	
98.9	59.4	
87.4	99	
99.3	88.9	
98.9	89.3	
98.7	79.4	
87.8	99.6	
98.7	89.5	
89	99.6	
98.9	99.6	
98.9	99.4	
99.1	99.6	
98.5	98.8	
98.7	58.4	
89.2	89.7	
99.1	79.8	
99.3	99.4	
88.6	89.5	
99.1	-11.1	
99.3	68.3	
98.5	99.4	
88.4	58.8	
99.1	99.4	
78.5	99.6	
98.3	99.4	
89.4	99.4	
88.8	99.2	
69	99.2	
89	59.6	
88.8	99.2	
98.1	79.8	
99.1	79.6	
99.3	99.6	
77.9	89.1	
99.1	99.2	
99.1	99.4	
98.5	59.2	
88.2	99.6	
98.7	69.3	
88.6	99.6	
89.4	89.3	
99.1	89.7	
99.3	99.6	
98.9	99.6	
98.7	99.6	
88.6	89.7	
68.4	99.6	
99.1	89.1	
98.9	99.6	
98.7	99.2	
98.9	99.6	
89.2	48.5	
89	99.2	
99.3	99.6	
99.1	99.6	
98.7	79.8	
99.1	99.6	
98.9	99.6	
99.1	99.6	
89.2	89.1	
99.3	99.6	
99.3	99.6	
98.7	99.4	
78.3	99.4	
99.3	69.3	
98.7	98.8	
99.3	99.2	
98.5	99.6	
88.8	99.6	
99.3	99.6	
98.9	99.6	
99.1	99.6	
88.8	99.4	
98.9	99.2	
99.1	99.6	
89	98.8	
98.5	39.6	
89.4	99.2	
88.4	98.6	
88.6	88.7	
88.2	69.1	
99.3	99.2	
99.1	99	
99.1	99.6	
98.7	89.5	
99.3	99.4	
99.3	89.3	
89.2	99.6	
98.7	89.3	
88.4	99.6	
98.9	99.6	
99.3	78.2	
98.7	99.2	
98.9	89.5	
99.3	99.6	
89.2	89.1	
99.1	99.6	
98.9	99.6	
99.1	99.6	
99.3	89.3	
88.2	69.1	
99.3	99.6	
99.3	99.4	
88.4	99.6	
99.1	89.5	
99.3	99.4	
99.3	79.2	
98.1	99.6	
99.1	99.2	
89.2	79.8	
99.1	99.2	
99.1	99.6	
99.1	99.2	
