77.3	-604.6	
76.5	59.6	
25.4	89.3	
88.6	68.5	
67.2	98.8	
87.4	99	
44.2	98	
64.6	79.2	
98.5	46.9	
81.4	88.5	
78.9	79.6	
-30	89.5	
99.3	69.1	
62.4	99.6	
73.3	69.7	
88.2	78.8	
98.3	99.6	
46.8	89.3	
54.7	99.6	
77.1	89.5	
99.1	89.7	
63.6	99.6	
63.1	99.4	
98.5	88.3	
89.2	99.4	
87.2	99.2	
87.2	99.4	
50.5	99.6	
98.1	99.6	
98.3	89.7	
87.4	59.6	
86.2	99.6	
99.1	48.9	
76.9	99.6	
68.2	99	
93.7	98.8	
98.9	99.6	
88.8	99.6	
96.3	89.5	
89	99.6	
86	88.9	
75.9	99.4	
99.3	69.1	
97.7	99.6	
77.3	79.2	
73.1	99.4	
95.7	89.3	
84.8	69.3	
78.3	79.8	
56.7	99.2	
99.3	99.6	
99.3	99.2	
78.1	88.9	
97.9	79.8	
79.3	99.4	
99.1	59	
88.6	99.4	
97.5	89.3	
99.3	79.6	
88.8	99.6	
98.9	89.3	
98.9	99.4	
98.9	99.4	
99.1	88.5	
88.8	99.4	
98.5	99.4	
78.1	89.3	
88.8	99.2	
68.8	59.2	
98.9	58.8	
78.5	58.8	
99.3	99.4	
88	99.4	
78.7	59.2	
98.9	89.7	
99.1	99.6	
99.1	99.4	
99.1	89.3	
98.7	99.4	
75.9	99.2	
78.7	88.9	
88.2	89.7	
98.9	99.2	
98.1	79.2	
97.7	99.4	
98.9	89.7	
86.8	79.8	
99.3	89.3	
98.7	99.6	
98.1	99	
88.8	99	
99.1	99.4	
99.1	99.4	
97.7	99.4	
78.9	99.6	
99.3	99.6	
99.3	49.7	
99.1	99.6	
99.3	79.2	
89.2	89.1	
48	89.3	
98.7	49.3	
88.6	89.3	
96.5	99.6	
88.2	69.5	
76.5	99.6	
98.9	99.4	
98.7	99.2	
99.1	89.7	
98.7	99.6	
98.9	69.5	
87.8	99.6	
98.7	49.3	
89.2	78.2	
88.6	99.6	
99.1	99.6	
98.9	98.8	
99.3	99.4	
38.5	98.8	
99.3	89.5	
98.9	99.4	
99.3	89.7	
99.1	99.2	
97.9	68.9	
78.7	99.4	
99.1	99	
86	99.6	
98.7	59.6	
99.3	79.4	
78.7	99.2	
99.3	79.6	
98.9	99.6	
88.4	99.6	
79.1	99.6	
97.7	99.4	
88.8	99.6	
97.5	99.4	
88.6	99.2	
77.9	98.8	
99.3	99.2	
78.7	99.6	
99.3	99.6	
98.3	59.4	
99.1	88.1	
68.8	99.6	
79.3	99.4	
99.1	99.6	
99.3	99.6	
88.6	99.6	
99.1	99.4	
99.1	99	
89.4	89.5	
99.1	99.6	
99.1	89.5	
99.1	99.2	
78.9	99.6	
88.8	99	
99.1	99.4	
99.1	89.5	
98.9	99.6	
98.9	79	
99.1	99.2	
99.1	89.1	
87.6	79.4	
79.5	99.2	
98.1	99.4	
98.9	78.8	
79.3	99.6	
99.3	99.4	
98.7	18.8	
89.2	99.6	
88.6	99.4	
88.8	89.5	
67.4	99.2	
99.1	99.6	
89.4	99.6	
98.7	99.6	
99.1	99.2	
77.5	89.3	
79.3	88.5	
98.5	89.5	
78.7	99.4	
99.1	98.8	
88.6	99.6	
98.7	99.4	
87.8	99.6	
78.9	99.6	
89	99.4	
78.7	99.4	
88.6	49.1	
78.1	99.6	
99.1	99.6	
99.1	99.4	
99.1	79	
88.2	69.5	
99.1	99.6	
78.7	79	
89	99.6	
98.9	89.5	
88	89.3	
89.2	89.7	
89	99.6	
98.5	88.9	
88.6	89.1	
79.1	99.6	
98.9	89.7	
98.7	79.2	
98.5	99.6	
88.8	99.6	
98.7	99.6	
78.1	99.2	
99.1	99.6	
89.2	89.7	
98.3	99.2	
88.4	99.2	
99.3	99.6	
99.3	99.4	
89.2	99.4	
88	99.4	
89.4	89.3	
98.9	59.2	
99.3	99	
99.1	99.4	
98.7	99.6	
89.2	59	
99.3	-20.6	
98.7	99.6	
88.8	99.6	
98.9	99.2	
89	99.6	
78.9	99.6	
87.6	99.2	
98.9	99.6	
98.5	99.6	
78.9	89.5	
89.2	79.2	
99.1	99.4	
67.8	79.4	
99.3	99.6	
89.2	88.7	
68.6	99.6	
89	89.5	
98.3	99.6	
88.6	89.5	
98.9	99.6	
88.8	89.3	
87.6	98.8	
88.2	99.6	
98.1	99.6	
89	99.6	
78.5	99.6	
77.5	99.6	
98.9	79.8	
88.8	99.6	
88.6	99.6	
78.3	99.4	
68.4	89.3	
89	99.6	
77.7	69.3	
89	99.6	
99.3	89.5	
99.3	99.4	
89.2	99.6	
89.2	89.5	
88.2	79.4	
98.9	89.5	
98.7	89.5	
99.1	89.1	
89	99.6	
88.6	79.6	
98.7	99.4	
98.5	89.5	
98.3	99.6	
98.9	99.4	
97.9	69.5	
78.5	79.6	
89.2	99.4	
78.9	99.6	
99.3	89.7	
98.9	99.4	
89.4	99.6	
98.9	89.7	
78.5	99.6	
88.2	99.4	
99.1	79	
78.7	99.6	
98.3	99.6	
58.7	99.4	
89.2	98.8	
98.9	99.6	
58.3	99.6	
98.9	99.6	
89.2	79.2	
78.5	49.3	
99.3	89.1	
88.6	99.6	
98.7	99.4	
99.1	89.5	
89.2	99.2	
98.7	99.4	
89	99.2	
98.9	89.5	
89	89.5	
98.3	79.6	
99.3	79.2	
89	99.6	
98.9	99.4	
99.1	69.1	
99.1	99.6	
99.1	79.4	
89	99.6	
98.3	99.6	
89	99.2	
69.2	88.7	
98.9	79.4	
89.4	99.6	
78.3	99.4	
89	79.6	
88.8	29.5	
89.2	99.4	
89.2	89.7	
89	99.6	
89.4	99.6	
89.2	99.6	
98.7	99.6	
87.8	98.8	
99.3	99.2	
97.9	99.2	
89	38.6	
78.9	99.4	
99.3	89.3	
78.5	99.4	
89.4	79.4	
79.1	99	
89.2	89.3	
99.1	99.2	
88.6	58.8	
99.3	98.8	
99.1	99.6	
98.5	99.4	
98.9	79	
98.1	89.7	
99.1	99.4	
88.2	99.6	
98.7	88.7	
98.5	89.5	
99.1	99.4	
88.2	99	
89.4	99.6	
88.2	59.6	
89	99.2	
89.2	99.2	
87.8	99.6	
89	99.6	
99.3	99.4	
99.1	99	
77.9	99.6	
89.4	69.5	
77.5	99.6	
99.1	99.4	
88.2	99.6	
98.3	99.2	
98.5	89.5	
68.6	69.1	
88.6	99.6	
88	99.4	
98.9	89.7	
98.7	98.8	
98.5	88.1	
98.3	99.4	
98.5	59.4	
98.9	99.4	
98.9	99.6	
89.2	99.6	
87.8	99.2	
99.1	98.8	
99.1	98.8	
89	99.6	
89.2	99.6	
98.7	99.6	
87.6	89.3	
98.9	99.6	
99.3	49.5	
98.7	99	
98.3	99.6	
89.2	99.6	
89.4	79.4	
98.7	89.7	
98.5	99.6	
98.9	99.4	
98.9	99.6	
99.3	99.4	
99.1	99.6	
78.5	99.6	
98.7	99.4	
78.1	99.6	
67	89.1	
47	68.9	
78.3	99.6	
99.3	99.6	
98.5	98.6	
78.5	99.2	
88.8	89.5	
98.3	99.4	
99.1	99	
98.7	88.5	
88.6	99	
98.9	89.7	
98.9	99.4	
88	18.6	
89.4	99.4	
88.8	89.5	
98.9	89.3	
78.7	99.6	
99.1	79	
99.1	-10.9	
88.4	98.8	
88.8	99.6	
98.5	58.4	
88.4	89.5	
98.3	99.4	
98.7	99.2	
89.4	78.4	
97.5	99	
88.4	99.2	
99.1	99.6	
98.7	99.2	
98.9	98.8	
79.1	99.6	
99.1	99.6	
99.3	99.4	
78.9	99.2	
89.2	79.6	
99.3	99.2	
99.3	99.4	
98.7	99.4	
79.1	79.6	
99.1	99.6	
78.1	99.2	
99.1	99.6	
79.1	99.2	
78.5	99.6	
98.3	79.4	
78.9	89.7	
98.9	99.2	
99.1	99.6	
98.9	99.6	
68.8	99.4	
89.4	79.2	
99.3	79.8	
78.7	69.7	
88.6	99.6	
88.4	89.7	
99.3	99.2	
97.3	99.2	
88.6	99.6	
98.3	99.4	
99.3	99.6	
99.3	99.6	
88.4	89.7	
99.3	99.6	
99.3	99.6	
99.3	79.8	
99.3	88.9	
98.9	99.6	
98.3	99	
88.4	99.6	
98.5	99.6	
98.9	99.6	
99.3	89.5	
77.7	99.6	
98.7	99	
99.3	99.4	
99.1	99.4	
79.1	79.8	
88.8	99	
76.7	99.2	
68.8	99.6	
99.3	99.6	
98.9	89.5	
67.8	89.3	
99.1	89.1	
88.8	99.6	
88.6	99.4	
98.9	99.4	
98.9	99.4	
57.1	99.4	
99.3	89.7	
88.4	99.4	
99.3	99.4	
89	99.4	
98.7	99.6	
99.3	99.6	
75.9	99.6	
99.3	99.2	
67.8	79.8	
99.3	99.6	
99.1	89.1	
99.3	69.5	
67.8	99.6	
