-60.8	-22.6	
34.9	18.6	
57.1	39.6	
34.1	69.1	
88.2	-1.6	
98.1	-33.5	
44.2	39.2	
68	9.1	
95.5	-26	
99.3	67.5	
76.9	79.4	
57.1	88.9	
97.9	89.7	
98.9	27.5	
89	89.5	
89	87.9	
88	99	
78.7	26.1	
88.2	89.3	
99.1	78.2	
98.5	78.2	
76.1	58.2	
86.4	88.9	
97.9	99.4	
98.5	89.3	
77.7	89.7	
98.3	79.2	
99.1	99.6	
99.3	69.1	
88	89.5	
78.3	99.4	
97.3	68.5	
88.6	99.6	
87.4	49.5	
96.7	89.1	
88.8	68.9	
68.2	99	
67.8	79.4	
89	78.6	
98.1	59.2	
98.9	89.5	
68.6	99.4	
98.5	99.4	
87.8	89.5	
68	89.5	
77.9	89.7	
77.9	58.8	
88.8	88.7	
99.3	68.7	
84.2	89.7	
98.9	89.5	
88.4	9.1	
87	89.7	
98.9	99.4	
77.9	59.6	
98.7	89.7	
99.1	99.6	
99.1	28.9	
57.7	99.6	
88.2	99.4	
99.3	89.5	
96.5	99.6	
87.4	89.3	
88.8	89.5	
98.9	99.4	
98.1	28.7	
98.7	-71.5	
78.5	39	
78.3	99.4	
67.8	88.7	
87	99.6	
67.2	99.4	
89.2	89.5	
56.5	99.4	
67.4	89.7	
97.7	59.4	
99.1	48.1	
55.5	99.2	
88.8	79.4	
77.9	99.6	
37.7	99.6	
88.6	98.6	
98.1	89.5	
99.1	87.9	
57.5	89.1	
98.3	99.2	
88.8	99.2	
87.2	79.4	
66.2	19.4	
78.5	98.8	
88.4	69.3	
98.7	79.6	
78.5	99.6	
98.7	99.6	
79.3	29.5	
77.3	99.4	
78.1	99.4	
98.5	89.3	
98.7	58.8	
89	18.8	
99.3	99.6	
98.9	99.4	
88.2	89.1	
77.1	89.5	
98.9	89.1	
57.9	88.5	
79.1	58.2	
98.7	98.8	
98.3	88.5	
57.9	99.4	
88.8	99.4	
98.7	89.5	
98.3	89.7	
88	99	
99.1	99	
98.5	99.6	
57.9	78.8	
99.1	89.3	
88.4	99.2	
77.7	99.6	
13.7	99.4	
78.7	69.3	
57.7	89.5	
68.6	99	
88.6	79.4	
89	99.6	
98.7	99.4	
57.7	99.4	
78.1	99.6	
88.8	99.6	
65.6	99.6	
88.4	88.5	
98.3	98.8	
87.6	98.6	
98.7	89.3	
79.3	99.6	
98.5	99.2	
86.4	99.6	
98.9	99.2	
86.2	89.5	
78.3	99.4	
78.5	89.3	
36.9	99	
99.1	99.4	
86.8	99.4	
88.6	89.3	
98.7	89.5	
35.7	79.8	
98.1	99.6	
88.4	99.2	
88.6	69.1	
88.2	99.4	
88.4	99.6	
88.8	39.6	
99.1	99.2	
99.3	99.6	
98.7	99.6	
98.3	99.4	
89.2	79.6	
98.7	99.4	
98.7	99.4	
78.1	99.6	
99.1	99.2	
98.9	99.2	
36.7	59	
67.4	89.1	
99.1	79.4	
88.6	79.8	
89.2	99.4	
78.5	79.6	
88.2	98.8	
98.5	59.6	
87.8	99.6	
98.7	39.6	
87.2	28.9	
99.3	99.6	
99.3	99.2	
88	99	
89.2	99	
57.9	69.1	
96.5	88.3	
88	57.8	
78.3	69.7	
78.5	69.3	
97.9	88.7	
55.3	68.7	
89	99	
98.1	99.4	
87.2	99.4	
99.1	-22	
88.6	99.6	
97.5	89.1	
68.8	99.6	
98.3	79.4	
99.3	88.9	
89.2	99	
87.8	89.7	
78.7	89.3	
99.3	99.4	
99.1	99.2	
89	89.5	
88.4	98.6	
89	69.1	
74.7	79.4	
37.1	79	
66.8	99.6	
99.1	99.4	
88.8	89.1	
69	99.4	
88.6	-1.8	
97.3	99.6	
97.5	99.4	
88.6	99.4	
96.9	69.3	
97.5	99	
98.3	69.3	
77.9	89.5	
88.6	79.4	
79.1	98.8	
88.6	98.6	
98.9	67.7	
99.3	69.7	
88.2	89.5	
99.1	89.5	
88.8	99	
89.2	19	
89	99.2	
89.2	69.1	
88.6	79.8	
88.6	79	
99.3	89.5	
48.4	58	
87.6	19	
99.3	19.4	
78.9	69.7	
79.1	99.4	
68.8	79	
99.1	89.1	
68	69.1	
97.5	99.4	
87.8	99.2	
87.2	99	
98.3	99	
79.1	99.6	
88.6	89.7	
67.6	89.1	
68.2	69.7	
98.7	99.6	
99.1	79.8	
47.8	99.4	
77.7	99.4	
69	79.2	
88.2	89.1	
99.1	99.6	
89	79.4	
56.9	99.4	
48.2	99.4	
79.1	89.5	
68.4	59.2	
77.3	48.5	
78.9	19.4	
98.9	88.9	
88.6	89.1	
-5.3	99.6	
88.2	88.5	
78.5	89.1	
87.8	88.7	
78.3	99	
98.9	99.6	
76.7	89.3	
99.3	29.1	
98.9	99.6	
89	39.4	
88.2	89.3	
77.9	79	
78.1	89.3	
89	79.4	
89	99.6	
77.9	99.6	
98.9	99.6	
89.4	99.4	
89.2	69.1	
88.8	88.9	
98.1	99.4	
98.1	99.6	
88.6	99.4	
79.5	89.5	
67.4	69.5	
97.5	99.6	
98.9	99.6	
88.6	99.6	
25.8	78.8	
88.6	68.9	
68.6	99.4	
88.2	79.2	
87.4	89.7	
56.9	99.6	
88.2	99.4	
76.1	99.6	
78.3	89.3	
98.7	99.6	
78.5	99.6	
89	99.2	
98.3	28.7	
88.6	39.4	
98.9	89.3	
89.2	99.2	
79.3	88.9	
89.2	89.7	
87.8	78.8	
68.2	59.6	
98.7	89.3	
98.9	99.6	
35.7	99.4	
97.9	89.7	
79.3	99.2	
78.3	29.1	
97.3	87.3	
76.3	99.6	
87.4	89.1	
98.9	99.2	
89	68.7	
67.6	99.2	
77.5	19.2	
87.2	89.3	
99.1	99.6	
34.3	69.5	
69.2	39.2	
6	69.1	
67.6	19	
87.4	89.1	
98.7	99.4	
67.4	89.7	
79.3	99.4	
98.7	99.6	
76.5	99.6	
54.5	89.5	
89	99.4	
98.5	89.1	
88	99.4	
36.1	69.3	
46.6	99.2	
78.5	99.4	
98.1	-20.8	
99.1	59.2	
98.9	48.1	
87.8	79.4	
87.6	99	
77.7	89.5	
98.5	89.7	
99.3	99.6	
78.9	89.5	
88.8	98.8	
98.3	99.4	
77.3	89.5	
88.8	69.7	
99.1	79.4	
88.2	89.3	
79.1	89.3	
98.5	69.3	
68.4	88.9	
99.3	99.4	
99.1	69.5	
96.3	78.6	
89.2	78.8	
35.1	69.5	
98.9	99.6	
88.2	79.2	
88.6	89.5	
45.8	49.5	
47.8	99.4	
98.3	-33.3	
79.1	69.1	
79.5	68.9	
58.3	88.9	
78.1	99.6	
56.9	89.5	
99.1	88.5	
68.2	88.9	
89.2	99.4	
78.1	99.6	
56.1	98.2	
99.3	69.3	
98.7	89.1	
88.2	88.9	
88.4	59.4	
97.9	89.1	
88.6	89.7	
88.4	67.7	
78.7	89.5	
69.2	99.6	
89	99.2	
98.9	89.5	
87.6	89.7	
98.9	38.6	
67.6	99.4	
98.5	98.8	
99.1	99.6	
98.5	89.5	
98.9	78.6	
97.7	89.7	
89.2	89.3	
79.1	99.4	
89	89.7	
89	28.7	
98.3	99.6	
98.7	79.4	
77.7	89.1	
88.4	79.2	
78.9	99	
98.7	89.5	
15.3	99.2	
87.8	99.2	
78.3	99.6	
99.1	58.8	
87.2	69.5	
98.9	78.6	
99.1	89.5	
88.4	79.2	
88.2	89.3	
98.9	79.2	
88.6	99.6	
46.4	79.8	
88.6	99	
98.9	88.7	
89.2	79.6	
88	87.7	
88.8	88.9	
58.1	88.9	
88	79.4	
89.4	69.5	
99.3	99.6	
99.1	89.1	
99.3	99.4	
99.3	69.7	
89.2	89.5	
99.1	99.6	
99.1	89.7	
99.1	89.7	
98.9	89.1	
54.7	98.8	
37.3	89.5	
64.6	99.4	
79.1	89.1	
78.5	89.1	
89	89.7	
89.4	79.6	
67.8	69.5	
87.6	89.7	
88.6	89.1	
98.5	48.3	
77.3	89.7	
98.7	58.6	
57.5	79	
89.2	89.5	
99.3	89.5	
98.5	69.3	
98.7	99.6	
89.4	99.4	
98.3	98.6	
88.4	99.6	
87.6	79	
98.7	88.9	
77.9	99.2	
37.3	59.4	
98.5	99	
87.2	89.5	
89.2	59.2	
86.2	99.4	
88.2	99.6	
-18.2	19.4	
88.2	89.3	
98.1	99.4	
98.7	89.3	
75.5	89.7	
67.2	89.1	
98.5	78.8	
98.9	99.2	
95.9	89.7	
99.1	69.1	
98.7	99.2	
79.1	99.4	
78.1	99	
98.3	89.5	
98.7	99.6	
98.5	68.5	
57.5	49.3	
88.6	88.7	
88.6	99.4	
77.3	99.4	
77.9	28.9	
78.7	99.2	
87.8	79.4	
98.5	99.4	
98.5	88.9	
79.3	99.6	
98.9	89.5	
56.1	79.6	
99.1	69.5	
97.5	99.6	
