-9.1	-104.2	
55.5	85.3	
77.1	78.8	
76.5	-31.2	
98.5	79.2	
97.9	99	
97.1	59.2	
99.1	79.2	
97.7	69.3	
98.7	59.4	
98.9	78.6	
99.1	89.1	
99.3	86.7	
99.1	78.6	
98.9	97.2	
98.7	99	
99.3	88.9	
98.9	89.3	
98.9	79.4	
98.9	89.3	
88.8	89.3	
99.1	89.3	
99.3	89.5	
98.7	89.3	
99.1	89.3	
99.3	89.3	
99.1	89.5	
99.3	89.5	
99.3	89.1	
99.3	89.5	
99.3	89.5	
99.1	89.3	
98.7	89.5	
99.1	89.5	
99.3	89.3	
98.9	89.5	
99.3	99.6	
99.3	89.3	
99.1	89.5	
99.3	99.6	
98.9	89.5	
99.3	79.2	
98.7	89.5	
98.9	89.5	
99.3	89.5	
99.3	59	
99.3	89.5	
99.3	89.5	
99.1	89.3	
98.3	89.1	
98.9	89.3	
99.3	79.2	
99.1	69.5	
99.3	89.5	
78.5	89.1	
99.3	89.5	
99.3	89.3	
99.3	89.5	
99.3	79.2	
98.7	89.5	
99.3	89.5	
98.7	69.3	
98.3	89.5	
99.3	79.4	
99.1	89.5	
99.3	89.5	
99.3	89.5	
99.3	89.5	
99.3	89.1	
99.3	89.5	
99.3	89.5	
99.1	99.2	
99.3	69.3	
99.3	89.5	
89.2	89.5	
99.3	79.4	
98.5	89.5	
99.3	79.2	
89	89.5	
99.1	99.2	
79.3	89.3	
99.3	89.3	
99.1	79.4	
99.3	79.4	
99.1	89.5	
99.3	89.5	
99.1	79.4	
98.9	89.5	
99.3	89.1	
99.3	88.9	
98.9	89.5	
99.3	89.5	
79.3	89.3	
99.3	89.5	
78.7	79.4	
99.1	89.5	
99.3	89.3	
99.1	89.3	
88.8	89.5	
99.3	89.5	
99.3	99.2	
98.5	89.5	
99.3	99.4	
99.3	99.4	
88.2	99.2	
99.1	99.6	
98.7	89.5	
79.1	89.5	
99.3	89.5	
98.9	89.5	
99.1	89.5	
99.1	89.5	
99.3	89.5	
98.9	89.5	
99.3	99.2	
99.3	89.3	
99.1	89.3	
99.3	59.2	
99.1	89.5	
88.4	89.5	
89.2	89.5	
99.1	89.5	
99.3	89.5	
99.3	69.3	
98.9	89.1	
99.3	89.5	
99.1	89.1	
99.1	89.5	
99.3	89.1	
99.1	89.3	
99.3	89.5	
99.1	89.3	
99.3	89.5	
99.3	89.3	
98.9	89.3	
99.1	89.3	
99.3	89.3	
99.3	99.6	
99.3	89.5	
99.3	89.5	
99.1	89.5	
99.1	89.5	
99.3	69.3	
99.3	99.4	
98.9	89.3	
99.3	89.5	
99.3	89.5	
99.3	89.3	
99.3	89.5	
99.1	89.5	
88.8	79.2	
99.3	89.5	
99.3	99.6	
99.1	89.3	
99.3	99.6	
99.3	99.2	
88.8	99.4	
99.1	99.4	
99.1	99.4	
88.8	99.4	
98.9	99	
99.3	99.4	
99.3	99.4	
99.3	99.2	
89	99.4	
99.1	99.6	
99.3	99	
99.3	99.4	
99.1	99.4	
99.3	99.6	
99.3	99.4	
99.3	89.3	
99.3	89.1	
99.1	98.8	
99.3	99.4	
99.3	99.6	
89.2	98.8	
98.9	99.4	
99.1	99.4	
99.1	99.2	
89	99.4	
99.3	99.2	
99.1	99.6	
89	99.6	
99.1	89.5	
99.3	99.6	
88.8	89.3	
99.3	89.5	
99.3	99.6	
88.6	99.6	
99.1	89.5	
98.5	99.6	
99.3	99.6	
99.3	88.7	
99.3	99.4	
99.1	99.4	
99.3	99.4	
88.8	99.2	
89	99.6	
99.3	99.6	
99.1	99.6	
98.9	99.6	
99.1	99.4	
98.9	99.4	
99.1	99.4	
99.3	99.6	
98.9	99.4	
99.1	99.6	
99.3	99.4	
99.3	99.6	
99.1	99.6	
98.9	99.6	
89.2	99.4	
99.1	99.2	
99.1	99.6	
99.3	99.6	
99.3	99.6	
99.3	99.6	
99.3	99.6	
99.3	88.9	
89	99.2	
98.9	99.6	
99.3	99.4	
99.1	99.6	
99.1	99.6	
88.4	99.6	
99.3	99.4	
99.3	99.6	
78.7	99.4	
99.3	79.4	
99.3	99.4	
89.4	89.5	
99.1	99.6	
99.3	99.4	
99.1	99.4	
99.1	79.2	
99.3	99.6	
99.3	69.5	
99.1	79.4	
99.3	99	
99.1	99.6	
99.3	99.6	
99.3	99.6	
99.3	89.1	
99.3	99.6	
99.1	99.4	
99.3	99.4	
99.3	99.6	
99.3	99.6	
99.3	99.6	
89.4	99.6	
99.1	99.6	
99.1	89.1	
89	99.6	
98.9	99.6	
99.3	89.7	
99.1	79.2	
99.3	99.6	
99.3	99.6	
99.3	99.6	
99.3	99.2	
99.1	99.4	
98.5	99	
99.3	99.4	
99.3	99.6	
99.3	99.4	
99.1	99.4	
99.3	99.6	
99.1	99.6	
98.7	99.2	
99.3	99.6	
99.3	99.6	
98.7	99.6	
99.3	99.6	
99.3	99.6	
99.3	99.4	
99.3	99.6	
99.3	99.6	
99.1	99.6	
98.7	99.6	
99.3	99.6	
99.1	99.6	
99.1	99.2	
99.3	99.4	
99.3	99.2	
99.1	99.6	
99.3	99.6	
99.3	99.6	
89	99.4	
98.9	88.9	
99.3	99.6	
99.3	99	
99.1	99	
79.1	79.4	
99.3	99.6	
99.3	99.6	
99.3	99.4	
89	99.2	
99.3	99.6	
99.3	79.4	
99.3	89.3	
99.3	99.6	
98.5	99.4	
99.3	99.6	
88.8	99.6	
99.1	89.5	
99.3	99.6	
99.1	99.2	
99.3	99.6	
98.9	99.2	
98.5	99.6	
99.1	99.6	
99.3	89.3	
99.3	99.6	
99.3	99.2	
99.1	99.6	
88.8	99.6	
99.1	99.6	
88.8	99.6	
99.1	99.6	
99.3	99	
99.1	99.6	
99.1	88.9	
99.1	99.6	
99.3	99.6	
78.7	99.6	
98.9	99.6	
98.9	99.6	
98.9	99.6	
98.3	99.6	
99.3	99.6	
89.2	79.4	
78.7	89.3	
99.3	99.6	
89.4	99.6	
99.3	99.6	
89.2	99.6	
99.3	99.6	
99.3	99.6	
99.3	99.4	
99.1	99.6	
99.3	99.6	
98.9	99.6	
99.3	89.5	
99.1	99.6	
99.3	99.2	
99.3	99.6	
99.3	99.4	
99.3	99.6	
99.1	99.4	
99.3	99.2	
99.1	79.4	
98.7	99.4	
89.2	89.5	
99.1	99.4	
99.3	99.6	
99.1	99.6	
99.3	99.4	
99.3	89.5	
99.3	99.6	
99.1	99.6	
99.3	99.6	
98.9	99.4	
99.3	99.2	
99.3	99.6	
99.3	99.4	
98.9	99	
98.9	99.2	
98.7	99.6	
88.6	99.6	
99.3	79.4	
99.3	79.4	
99.3	99.6	
99.3	89.3	
99.1	99.6	
89	99.4	
99.3	99.6	
99.3	99.4	
99.3	99.4	
99.3	99.6	
99.3	69.7	
99.1	99.4	
89.4	99.6	
98.9	99.6	
99.3	99.6	
99.3	99.6	
99.3	99.6	
99.3	99.6	
99.1	99.2	
99.3	99.6	
99.1	99.4	
99.1	99.6	
99.3	89.3	
99.3	89.5	
88.8	99.4	
99.1	79.2	
99.1	79.2	
99.3	79.4	
99.3	99.6	
99.3	99.4	
89.2	99.6	
99.3	99	
99.3	99.6	
99.3	89.3	
99.1	99.6	
99.1	99	
99.3	99	
99.3	99	
98.9	99.6	
99.3	99.6	
88.6	99.4	
98.7	99.2	
99.3	99.4	
89	99.4	
99.3	99.6	
99.1	99.4	
99.3	99.6	
99.3	99.6	
99.3	99.6	
99.1	99.6	
89.4	99.6	
98.9	99.2	
89.2	89.3	
99.3	99.6	
99.1	99.6	
99.3	99.6	
99.1	99.2	
99.3	99.6	
89.2	79	
99.3	99.6	
98.9	99.6	
99.3	99.6	
98.9	99.4	
99.3	99.2	
98.9	99.6	
88.8	99.6	
99.3	99.6	
99.3	99.6	
99.3	99.4	
99.3	99.6	
99.3	99.6	
99.3	99.2	
99.1	99.6	
98.9	99.6	
99.1	99.6	
99.3	49.1	
98.7	99.6	
99.3	99.6	
89.4	99.6	
99.3	99.2	
98.7	99.6	
99.3	99.4	
99.1	99.6	
99.1	99.6	
99.1	99.6	
99.3	88.5	
99.1	99.4	
99.1	99.4	
99.3	99.6	
99.3	99.6	
99.3	99.6	
89.4	99	
99.3	99.6	
99.3	99.6	
99.3	89.5	
99.3	89.5	
99.1	99.4	
99.3	99.6	
98.9	99	
99.3	99.4	
98.9	99.6	
99.3	99.6	
99.1	99.2	
99.1	89.5	
99.1	99.6	
99.3	99.6	
99.3	99.6	
99.3	99.6	
99.3	99.2	
99.1	79.4	
99.1	99.4	
99.3	99.4	
99.1	99.6	
99.3	99.6	
98.9	99.6	
98.7	99.4	
98.5	89.5	
99.1	99.4	
99.1	99.6	
99.3	99.6	
99.3	99.6	
99.3	99.6	
99.1	79.4	
99.3	99.6	
99.1	89.5	
88.8	99.6	
99.1	99	
99.3	99.6	
99.3	99.6	
99.3	99.4	
