3.8	-121.6	
78.9	88.5	
31.7	88.9	
95.7	59.6	
88	87.3	
99.1	58.4	
45	89.5	
98.5	79.2	
98.5	89.5	
98.5	67.5	
99.1	59	
98.9	49.5	
37.7	88.9	
98.9	59.2	
98.9	-173.7	
89.4	49.3	
89	36.8	
97.7	99.6	
66.8	87.5	
89.4	79.6	
75.7	89.7	
98.5	79	
88.8	29.3	
56.3	99.4	
88.8	68.7	
96.3	89.5	
99.3	99.6	
78.5	99.4	
89.2	99.4	
87.4	99.4	
98.9	99.2	
88.4	89.7	
78.7	99.4	
99.3	89.5	
98.9	89.3	
98.9	99.2	
88.2	99.6	
97.7	99.2	
97.3	99	
89.2	99.4	
89	99.6	
98.7	79	
97.5	89.7	
99.3	59.2	
97.3	99.6	
98.7	99.6	
98.7	99.6	
87.8	89.5	
99.3	89.5	
98.9	69.3	
99.1	99.6	
89	89.5	
89.2	-0.4	
98.3	39.4	
64.4	99.4	
99.1	89.3	
78.9	89.5	
99.1	89.7	
78.3	89.7	
88.6	79.6	
99.1	49.7	
89.2	99.4	
87.8	99.2	
57.7	99.2	
78.3	89.7	
98.3	88.9	
96.7	79.2	
99.1	89.3	
97.9	88.9	
98.7	49.5	
99.1	99.6	
89	99.6	
98.9	99.6	
99.1	98.2	
98.9	89.7	
67.8	99.6	
78.7	99.4	
88.2	79.6	
99.3	79.6	
98.3	99	
89	79.6	
78.3	99.4	
87.6	99.4	
98.9	99	
77.7	69.1	
98.7	99.6	
98.7	89.3	
98.7	99.4	
99.1	99.4	
99.1	99.4	
88.8	99.6	
98.7	79.6	
99.3	99.6	
99.3	89.5	
99.1	99.6	
99.1	89.3	
88.6	99.2	
99.1	99.6	
89	99.2	
99.1	99.2	
78.9	49.1	
98.3	79.8	
88	99.4	
98.9	89.1	
98.7	99.6	
98.3	79	
99.3	99.6	
99.3	99.6	
87.4	79.8	
89	99.6	
89.2	99.4	
98.7	89.5	
98.9	99.6	
98.9	79.6	
98.7	99.6	
98.9	89.7	
99.1	99.6	
88.8	99.6	
98.7	99.6	
88.4	89.7	
98.9	99.6	
78.5	99.6	
88.8	79.4	
89.4	99.6	
78.5	89.1	
98.3	98.2	
99.3	99.6	
58.1	89.7	
78.3	79.6	
89.2	99.4	
79.3	99.4	
97.1	99.4	
99.3	89.7	
98.9	89.3	
99.3	39.2	
57.3	79.8	
98.9	99.4	
98.5	99.4	
98.9	99.6	
99.1	99.6	
89	99	
89	99.6	
99.1	78.2	
99.3	89.5	
99.1	99.2	
88.2	99.4	
97.9	99.6	
49	99.6	
78.5	99.2	
99.1	99.6	
78.5	99.6	
79.3	69.1	
98.9	99.4	
98.9	79.2	
98.7	99	
79.3	79.8	
99.1	89.3	
87.4	89.5	
89.4	89.5	
98.7	29.3	
98.9	89.7	
99.3	99.6	
89.4	58.4	
98.1	99.4	
97.7	99.6	
98.9	99.6	
98.9	99.6	
98.7	99.4	
99.3	99.6	
99.1	89.5	
99.1	88.9	
88.8	79	
88.6	79.8	
78.7	99.6	
78.7	99.6	
79.3	99.6	
99.1	69.3	
69.4	99.4	
79.5	89.7	
98.3	99.4	
78.5	59.6	
67.6	89.7	
98.3	89.7	
68.2	79.2	
89.2	89.5	
98.1	79.8	
98.5	99.6	
98.1	99.4	
99.3	99.4	
98.5	99.6	
88.6	99.2	
89.4	69.1	
98.1	89.5	
98.7	99.6	
98.7	99.4	
98.9	79.4	
99.3	89.3	
98.7	99.6	
88.8	99.6	
98.7	98.8	
98.3	89.5	
98.5	89.7	
98.5	89.5	
89.2	99.4	
98.9	59.2	
77.5	99.6	
99.1	99.6	
88.6	79	
98.7	79.4	
79.3	99.6	
98.3	79.8	
88.8	59.4	
98.9	79.8	
89	59.6	
89.2	89.7	
98.3	89.7	
58.3	99.6	
98.7	69.5	
78.5	69.7	
98.3	89.1	
98.9	99	
98.9	69.3	
88.4	79.2	
68.2	89.5	
99.3	89.3	
88.8	99.2	
97.3	69.5	
89.2	99.6	
67.6	99.6	
99.3	99.6	
88.2	99.6	
97.9	99.6	
99.3	99.6	
99.3	99.4	
99.3	69.3	
98.9	99.4	
88.8	89.7	
99.1	99.6	
99.3	99.4	
79.1	89.7	
88.8	69.7	
98.9	79.4	
98.9	99.2	
97.5	79.6	
88.8	88.9	
78.5	99.4	
99.3	59.2	
99.3	99.6	
88.6	89.3	
99.1	89.5	
98.5	99.4	
98.5	89.5	
78.9	79.4	
69	99.6	
99.1	99.4	
67.2	99.6	
99.3	79.8	
97.9	89.1	
78.7	89.3	
98.7	89.1	
89	89.5	
99.3	99.6	
89.2	99.4	
99.3	59.4	
98.7	99	
98.5	69.3	
88.8	99.6	
89	79	
98.3	99.2	
99.1	79.8	
88.6	99.6	
89.4	99.6	
79.3	89.7	
98.3	89.5	
89.2	79.4	
98.9	89.3	
88.4	99.6	
68.6	99.6	
89.2	89.7	
89.2	69.5	
98.9	99.4	
88.4	89.7	
98.1	48.9	
89.4	89.5	
98.3	79.4	
89.4	89.7	
89	89.5	
98.7	89.5	
89.4	89.7	
99.1	99.6	
88.8	89.7	
98.5	89.7	
89.4	79.6	
98.7	99.4	
88.8	89.7	
98.7	79.4	
98.5	99.4	
98.9	89.5	
99.1	99.6	
88.8	99.6	
99.1	99.2	
86.8	99.4	
98.1	79.2	
98.1	89.5	
78.7	99.6	
99.1	99.6	
89	49.5	
67.8	99.6	
78.5	79.6	
89.2	88.7	
98.9	99.6	
89	88.7	
97.5	49.5	
98.5	99.6	
98.7	89.3	
99.3	88.9	
99.1	99.6	
88.4	99.6	
88.4	99.4	
79.3	79.8	
89	99.6	
98.9	99.6	
78.5	99.6	
98.9	99.6	
98.9	99.6	
99.1	99.4	
99.1	99.6	
98.9	89.3	
98.3	99.2	
89.2	89.7	
98.9	99.6	
89	99.6	
98.7	69.3	
99.3	99.4	
97.7	89.3	
89.4	99.6	
99.3	99.6	
98.9	98.8	
98.7	99	
87.8	99.6	
98.3	99.6	
99.1	89.7	
99.1	99.6	
98.9	89.7	
98.3	99.6	
88.6	99.6	
99.1	99.4	
87.6	99.6	
99.1	99.4	
88.2	89.5	
98.5	89.3	
99.1	99.6	
88.8	99	
98.9	99.2	
98.9	99.4	
99.3	69.7	
99.1	99.6	
99.1	98.8	
98.1	79.8	
98.9	78.8	
99.1	89.1	
98.7	99.6	
88	59.6	
89.2	99	
87.2	99.6	
99.3	99.6	
56.5	99.2	
98.9	89.3	
98.9	99.6	
89.4	99.2	
97.9	99.6	
99.1	89.5	
89	89.7	
99.1	99.4	
98.9	99.4	
88.2	79.4	
98.7	99.6	
98.1	89.7	
89	79.2	
99.3	79.6	
99.1	99.4	
98.7	99.4	
88.8	99.6	
99.1	99.6	
78.3	89.5	
78.7	79.6	
99.1	69.3	
99.3	99.6	
89.2	89.7	
78.9	89.5	
98.9	89.5	
99.3	99.4	
99.1	88.9	
98.5	99.2	
99.3	99.6	
99.3	89.7	
89.2	99.4	
98.9	99.4	
99.3	99.4	
99.3	99.4	
79.1	99.4	
79.5	99.4	
89	99.6	
99.3	99	
86.6	99.6	
99.3	99.6	
99.1	99.4	
99.1	-11.7	
99.3	99.6	
98.3	99.2	
99.1	99.6	
89.4	99	
99.1	99.4	
88.8	99.2	
98.5	79.6	
99.1	99.6	
68.4	99.6	
98.7	99.4	
99.3	99.4	
89.2	89.3	
99.3	99.6	
78.9	99	
76.9	99.4	
99.1	99.4	
77.9	89.3	
89.4	89.3	
99.3	99.6	
79.3	99.4	
89.4	99.6	
99.3	89.3	
77.9	99.2	
89.2	99.4	
88.6	99.4	
78.5	89.7	
99.3	99.4	
79.3	99	
88.4	99.6	
89.2	98.6	
98.5	99.4	
99.1	99.2	
88.2	99.4	
98.9	99.2	
89	99.6	
99.1	99.2	
98.7	99.4	
98.7	99.4	
99.1	99.6	
99.1	79.8	
67.4	59.8	
79.3	99.4	
99.3	79.4	
99.3	99.4	
89.2	69.7	
98.1	99.6	
78.7	69.3	
99.1	99.4	
89.4	79	
89	99.6	
89.2	89.3	
79.3	79	
89.2	99.4	
88.4	98.4	
99.1	99.2	
98.9	99.6	
67.4	89.7	
98.5	89.3	
98.9	99.6	
89.4	99.6	
78.9	99.2	
89.2	89.5	
79.1	89.7	
68.8	68.9	
68	99.6	
69	89.7	
88.6	89.5	
98.9	89.3	
99.1	99.6	
99.3	99.6	
98.3	89.5	
99.3	99.6	
98.5	79.8	
78.1	99.6	
88.4	99.6	
98.7	99.4	
98.9	99.4	
88.6	79.2	
88.8	99.4	
88.2	88.9	
96.9	89.5	
77.9	89.3	
99.1	99.2	
99.1	79.8	
99.1	69.5	
99.3	99.4	
99.3	29.5	
97.9	79.6	
99.3	89.5	
98.3	99.6	
68.6	59.4	
99.1	89.5	
