17.3	-747	
55.3	79.6	
96.7	59.6	
87.8	67.5	
33.7	88.9	
74.5	89.1	
53.3	79	
88	-65.8	
54.7	96.8	
88.4	58.6	
84.6	59.6	
98.5	28.9	
97.7	88.5	
87	58.4	
88.8	88.3	
98.9	50.2	
58.3	87.5	
75.5	88.9	
98.5	88.9	
98.3	79.2	
53.9	78.8	
89	99.2	
88.2	87.5	
89.4	99.2	
98.7	89.3	
98.7	99	
98.9	98.8	
98.7	99.2	
88.6	68.5	
87.2	99.6	
88.2	89.3	
98.3	99.4	
98.3	88.5	
94.5	99.4	
86.8	99.6	
87.2	79	
88.6	99.4	
96.7	99	
98.1	99.4	
98.5	38.4	
98.5	79.4	
99.1	89.3	
98.9	79.2	
96.7	99.4	
88	89.3	
97.9	89.1	
77.7	79.6	
97.3	89.5	
96.3	69.3	
89.4	28.9	
98.7	99	
98.3	99.4	
99.3	89.7	
89.2	99.4	
57.1	99.6	
98.7	99.6	
98.9	89.7	
99.1	99	
88.8	99.2	
88.2	99.2	
46.2	99.4	
98.7	99.4	
98.9	99.6	
87.6	88.7	
99.1	99.6	
98.5	98.4	
98.7	89.5	
98.9	99.4	
98.5	89.5	
78.7	99.6	
68.6	89.1	
98.7	99.4	
87.8	99.6	
99.1	99.2	
88.4	99.6	
99.1	99.4	
89.2	79.2	
98.9	99.4	
97.9	99.4	
99.1	79.4	
88.8	88.9	
88.6	88.5	
99.3	89.3	
98.5	99	
99.1	99.6	
99.3	99.6	
97.7	89.1	
99.3	99.6	
98.9	99.2	
99.1	48.5	
99.1	89.3	
99.1	99.6	
88.6	99.4	
88.8	99.6	
88.4	99.6	
89	99.6	
78.9	99.6	
98.9	49.7	
77.5	99.6	
78.7	99.4	
99.3	89.5	
99.1	99.6	
99.1	99.4	
89.4	99.4	
89	99.6	
98.9	79.4	
99.3	69.1	
98.9	89.5	
88.8	69.3	
89	89.1	
88.6	99.4	
98.9	89.1	
98.9	99.6	
98.5	99.4	
98.5	99.6	
88.8	89.7	
99.1	99.6	
79.1	99.4	
98.7	99.2	
98.9	99.6	
98.7	89.5	
66.8	99.4	
68	99.4	
97.5	99.6	
98.7	99.6	
98.9	99.4	
98.9	99.6	
99.3	79.8	
98.7	99.6	
98.3	79.8	
99.1	99.4	
76.9	88.5	
99.3	38.6	
79.1	99.4	
89	79.6	
98.7	89.5	
88.6	79.4	
99.3	99.4	
98.9	89.3	
99.3	99.6	
88.8	79.4	
98.5	99.4	
98.7	99.6	
98.7	99.2	
78.7	88.9	
98.9	99.6	
88.8	69.5	
78.9	99.6	
78.7	69.1	
89	99.6	
89	99.6	
97.1	79.8	
97.3	99.6	
99.3	99.6	
98.9	99.4	
98.9	99.4	
98.7	88.9	
99.3	99.4	
89	79.2	
99.1	99.2	
88.8	99.6	
88.6	88.9	
98.5	69.7	
88.4	99.6	
89.2	89.5	
89	79.6	
78.5	59.8	
88.8	59	
99.1	99.6	
78.1	99.2	
88.6	99.6	
98.9	89.5	
98.7	89.7	
88.4	99.6	
88.8	99.4	
99.1	99.6	
99.3	99.4	
88.2	99.4	
78.3	78.6	
98.3	99.6	
99.3	89.5	
98.5	99.2	
89.4	99.6	
89	89.5	
78.7	89.3	
99.3	99.6	
98.5	89.5	
98.9	99.4	
68.6	99.6	
98.7	99.6	
99.1	79.8	
98.5	89.3	
68	99.6	
99.3	99.6	
98.3	99.6	
99.1	89.5	
98.7	99.6	
99.3	99.6	
98.7	99	
99.1	99.6	
99.3	99.4	
99.1	99.6	
87.8	99.6	
98.9	99.6	
89	89.7	
88	89.5	
98.5	79	
88.6	99.2	
99.1	89.5	
89	79.6	
77.3	99.6	
78.3	79.4	
98.7	99.4	
99.1	89.7	
98.3	89.7	
99.3	99.6	
78.5	69.3	
87.2	89.7	
98.1	99.6	
98.9	69.3	
98.3	99.6	
99.1	79.2	
97.7	99.6	
89.2	19.4	
98.7	89.3	
98.9	89.3	
88	99.4	
88.8	99.6	
89.4	99.6	
89	99.4	
98.9	99.6	
99.3	99.4	
88	99.4	
98.7	99.6	
99.3	99.4	
99.1	89.5	
89.2	99.6	
99.3	99.6	
98.9	98.8	
88.6	99.6	
99.1	99.6	
89	79.4	
99.3	89.5	
88.2	49.1	
99.1	99.6	
99.1	99.4	
99.1	88.7	
78.9	99.6	
99.1	99.6	
99.3	99.4	
68.2	89.7	
98.5	89.1	
98.1	99.6	
97.3	99.4	
99.3	99.6	
89.2	79.6	
99.3	99.6	
99.3	99.6	
88	99.6	
99.3	99.6	
99.1	59.6	
98.3	99.6	
88.6	89.5	
88.4	99.6	
98.7	99	
98.5	89.3	
99.3	99.6	
99.3	99.6	
88.8	88.9	
89	99.6	
88.8	99.2	
99.3	89.1	
99.1	89.5	
98.7	58.8	
88.8	99.6	
88.6	99.6	
98.9	89.3	
99.3	99.4	
99.1	-0.4	
98.7	49.5	
99.3	89.5	
99.3	8.7	
98.9	99.4	
99.1	89.3	
98.5	99.6	
98.7	99.6	
99.1	99.4	
99.1	99	
98.9	99.4	
99.3	99.4	
99.1	99.6	
98.7	89.1	
99.1	99.2	
89.2	49.1	
98.9	79.4	
98.3	99.6	
98.9	99.2	
99.3	99	
99.1	99.6	
78.3	89.1	
98.3	99.6	
88.8	99	
99.1	99.4	
99.1	99.6	
98.3	99.2	
88	89.3	
99.3	99.6	
98.7	99.6	
98.9	99.4	
99.1	99.6	
99.1	99.2	
78.9	99.6	
89	99.4	
98.7	89.7	
99.3	99.6	
99.3	79.4	
99.3	99.6	
99.1	89.5	
89	99.6	
99.1	99.4	
89.4	89.7	
79.3	99.4	
98.7	59	
88.8	99.6	
88.4	99.4	
98.7	99.4	
97.9	99.6	
99.1	99.6	
79.3	99.6	
99.3	89.5	
99.3	89.5	
99.1	99.2	
99.3	99.4	
98.3	99.6	
98.7	99.6	
99.1	99.4	
98.7	99.6	
98.5	99.4	
99.3	99.6	
98.9	99.6	
99.3	99.6	
99.1	89.7	
99.3	99.6	
98.9	99.4	
98.7	28.7	
98.5	99.4	
88.8	99.4	
98.9	99.2	
99.3	79.6	
98.7	79.8	
98.7	99.2	
89.2	99.4	
98.9	99.6	
98.9	99.6	
98.9	89.7	
98.7	99.6	
88.6	98.4	
99.1	49.5	
99.1	99.6	
99.1	89.5	
88	99.4	
99.1	89.7	
89	99.6	
98.5	99.6	
88.4	99.2	
98.5	99.2	
98.9	99.6	
89	98.8	
99.3	99.4	
99.3	99.6	
99.1	99.2	
76.5	79.8	
89	89.5	
99.1	99.4	
99.3	99.6	
88.8	79	
97.7	49.7	
99.1	79.2	
88.4	79.4	
99.1	99.4	
68.6	99.2	
98.9	79	
87.8	99.6	
98.9	99.4	
88.4	99.4	
99.1	99.2	
99.1	69.5	
88.8	59.2	
78.7	89.5	
98.7	89.5	
68.2	99	
89.2	89.1	
98.3	99.6	
98.9	99.6	
98.9	99.2	
99.3	99.4	
98.9	99.6	
98.9	99.4	
99.1	99.2	
89	78.8	
99.3	99.4	
98.3	99.4	
87.4	99.4	
99.1	99.6	
89.2	99	
56.7	99.6	
88	99.4	
98.5	99.4	
99.3	88.7	
99.1	89.7	
89	99.4	
98.9	99.4	
99.1	99.6	
69.2	99	
99.3	99.4	
88.8	99.4	
89	99.4	
68.6	88.9	
79.1	99.4	
88.2	99.6	
98.9	99.6	
99.1	99.4	
78.7	69.5	
88.4	99.6	
88	99.6	
78.1	99.4	
97.3	99.2	
98.7	99.6	
98.9	99.6	
98.9	99.4	
98.7	99.2	
98.1	99.4	
79.1	59.6	
98.5	99.6	
89	99.6	
98.9	89.7	
99.3	99.4	
87.6	99.6	
98.7	99.6	
99.3	79.6	
88.2	89.5	
68.6	89.3	
89.2	89.5	
89.2	99.6	
99.1	99.4	
89	89.5	
99.1	99.2	
98.9	89.3	
99.1	99.4	
78.1	99.6	
98.5	89.3	
98.7	89.7	
98.9	88.9	
88.8	89.3	
98.9	99.6	
98.3	99.6	
98.7	99.6	
99.3	89.7	
98.1	99.4	
88.6	79.2	
99.1	79.4	
88.2	79.8	
99.1	79.4	
99.3	79	
98.7	89.5	
99.3	89.7	
89.2	88.9	
99.3	89.7	
98.9	99.6	
87.8	79	
99.1	89.3	
99.1	89.5	
99.1	88.9	
89.2	99.6	
68.2	89.7	
99.1	99	
98.7	99.4	
87.2	98.8	
99.1	99.6	
88.6	99.6	
99.3	99.6	
98.7	99.6	
89	99.6	
89.2	99.6	
89	89.5	
98.5	78.8	
99.3	79.2	
89	99.4	
99.1	99.6	
98.9	99.6	
78.7	99.2	
68.4	99	
99.1	99.6	
89.4	99	
98.3	99.6	
98.5	99.6	
68	99.6	
98.9	89.5	
88.8	89.5	
78.5	99.6	
