-83.4	-1004.8	
-63.2	89.7	
59.1	-0.8	
55.5	-243.6	
78.5	-1.4	
11.5	-82.6	
88.8	-93.3	
55.7	79.4	
46	79.6	
67.6	49.5	
98.3	79.6	
99.1	79.6	
58.5	79.6	
97.1	89.5	
46.6	79.6	
98.5	79.6	
36.7	69.5	
88.2	79.4	
88.4	79.6	
89.2	79.4	
89.2	79.4	
88	79.6	
84.4	69.3	
86.4	69.5	
97.9	79.6	
94.9	79.6	
97.7	59.2	
97.3	79.6	
99.1	69.5	
99.3	79.4	
89.2	79.4	
98.5	69.5	
99.1	79.6	
99.3	79.6	
99.3	79.6	
89.2	88.5	
99.3	79.6	
89.4	79.4	
99.3	78.2	
99.3	69.3	
99.3	79.6	
98.9	79.6	
98.5	79.2	
99.3	69.5	
88.6	79.6	
79.3	79.6	
99.3	79.6	
99.1	79.2	
88.8	79.6	
99.1	79.6	
89.2	59.4	
99.1	79.6	
99.3	79.6	
99.3	69.5	
98.9	89.5	
99.3	49.3	
99.3	59.4	
98.5	59.4	
99.3	79.6	
99.3	79.6	
99.3	69.5	
99.3	69.5	
89.4	79.4	
99.3	99.6	
99.3	59.6	
98.5	79.6	
99.1	79.6	
99.3	69.7	
99.1	59.4	
99.3	79.6	
99.1	89.7	
99.1	79.4	
99.3	69.5	
89.4	69.7	
98.9	89.5	
99.3	79.4	
99.1	79.6	
89.2	89.5	
99.3	79.6	
99.3	69.3	
99.1	59.4	
99.3	79.6	
98.5	79.2	
98.9	79.6	
98.9	79.2	
99.3	79.6	
99.3	89.5	
99.1	79.6	
99.3	79.6	
99.3	79.6	
99.3	79.6	
89.4	79.6	
98.7	79.6	
99.3	79.6	
68.6	29.5	
99.3	99.6	
99.3	69.5	
99.3	69.5	
99.3	79.6	
98.9	79.6	
99.3	89.7	
99.3	69.5	
99.1	79.6	
99.3	89.7	
98.9	79.6	
99.3	59.4	
99.3	79.6	
99.3	79.6	
99.3	79.2	
99.3	79.6	
88.6	79.6	
99.3	79.6	
99.3	99.2	
99.3	69.5	
99.3	79.6	
89.4	49.3	
99.3	69.5	
89	79.6	
89.4	59.6	
99.1	79.6	
98.9	69.5	
99.3	59.2	
88.2	79.4	
98.9	69.5	
99.3	79.6	
99.3	79.6	
98.9	79.6	
99.1	79.6	
99.3	79.6	
98.9	69.5	
99.3	79.4	
99.3	69.3	
99.3	99.6	
98.9	79.6	
99.1	79.6	
99.3	79.6	
98.9	59.6	
98.9	59.6	
99.1	79.6	
99.3	79.4	
99.3	99.6	
99.1	79	
99.3	69.5	
89	79.6	
99.3	79.4	
99.3	79.6	
98.7	59.6	
99.3	79.6	
98.9	79.2	
98.3	79.6	
99.1	79.6	
99.1	79.6	
99.1	69.5	
88.8	69.5	
98.7	79.6	
99.3	49.3	
98.9	79.6	
99.3	79.6	
99.3	79.6	
99.1	79.6	
99.3	79.6	
99.3	69.5	
99.3	99.6	
99.3	99.6	
99.1	99.4	
99.3	99.2	
99.3	99.2	
99.3	99.6	
98.9	99.6	
99.3	99.6	
98.9	99.6	
99.1	79.6	
99.1	99.6	
98.9	99.6	
99.3	99.6	
99.3	99.6	
99.3	89.7	
99.1	99.4	
99.3	79.6	
99.3	99.4	
98.7	99.6	
99.3	79.6	
99.3	99.6	
99.3	79.4	
88.4	79.4	
89.4	99.6	
88.8	99.6	
98.5	99.6	
99.3	79.4	
99.3	99.4	
98.9	99.6	
99.3	99.4	
89.4	99.6	
99.3	89.7	
89	99.6	
99.1	99.2	
98.7	69.5	
99.3	99.6	
99.3	99.6	
88.4	99.4	
89.2	89.7	
89.2	79.6	
98.7	99.6	
99.1	99.4	
89.4	99.6	
99.3	99.6	
98.7	89.7	
99.3	99.6	
99.1	89.3	
98.9	89.5	
99.3	99.6	
99.3	99.4	
99.3	99.6	
99.1	99.6	
99.1	99.4	
88.4	99.6	
89	99.6	
99.3	99.6	
98.9	89.5	
99.3	99.6	
99.3	99.6	
98.9	99.6	
88	99.6	
99.3	99.6	
99.3	99.4	
99.3	99.6	
99.1	99.4	
99.1	99.4	
99.3	99.6	
99.3	99.6	
98.9	99.4	
99.3	99.6	
89	99.6	
98.9	99.4	
98.5	99.6	
99.3	99.6	
99.1	99.6	
99.3	99.6	
99.1	99.6	
87.4	89.5	
88.6	99.4	
99.1	99.6	
98.3	99.6	
99.1	89.7	
99.3	89.5	
99.3	99.6	
98.9	79.6	
99.3	99.6	
99.3	99.4	
98.9	99.6	
99.1	99.6	
99.3	99.4	
99.3	99.4	
99.3	99.6	
99.1	78.8	
99.3	99.6	
99.3	99.6	
98.3	69.5	
89.2	79.6	
89.4	99.2	
88.6	99.6	
99.3	99.2	
98.9	99.6	
98.9	99.6	
99.3	99.6	
98.7	99.6	
99.3	99.6	
99.1	99.6	
98.9	99.6	
99.3	99.6	
99.1	99.2	
99.3	99.4	
99.3	99.6	
98.7	99.6	
99.3	99.6	
99.3	99.6	
99.3	99.6	
99.3	99.6	
99.3	99.6	
99.3	89.7	
68.6	89.7	
99.3	99.6	
89	99.6	
99.1	99.6	
99.3	99.6	
99.1	99.6	
98.9	99.6	
98.9	99.4	
88.8	99.6	
99.3	99.6	
98.9	99.4	
89.2	99.6	
99.3	99.6	
99.3	99.6	
99.1	99.6	
99.3	99	
99.1	99.6	
99.1	99.4	
98.9	89.5	
98.9	99.6	
99.3	79.6	
89.4	99.6	
99.3	99.6	
99.3	99.4	
99.1	99.4	
98.5	99.4	
88.6	99.6	
77.7	89.5	
98.7	89.7	
99.3	99.6	
98.7	99.4	
99.1	99.6	
99.3	99.6	
98.7	99.6	
99.3	99.6	
99.1	79.2	
99.3	99.6	
98.7	99.6	
99.3	99.6	
99.3	89.5	
99.3	99.6	
88.8	99.6	
99.3	69.5	
99.1	79.6	
98.9	99.4	
89.4	79.4	
89.4	89.3	
99.3	99.4	
99.3	99.4	
98.7	99.4	
99.3	99.6	
99.3	99.6	
99.1	99.6	
98.9	99.6	
99.1	99.6	
89	79.6	
98.9	79.6	
89.2	99.6	
99.3	99.6	
99.1	99.6	
98.9	99.6	
98.9	99.6	
99.3	99.6	
99.3	99.6	
99.3	99.6	
99.3	99	
99.1	99.6	
99.3	99.6	
99.3	89.5	
89.4	99.6	
99.3	79.4	
99.3	99.6	
99.3	89.1	
99.3	99.4	
99.1	99.6	
99.1	99.6	
99.1	89.5	
99.3	99.4	
99.1	89.5	
98.9	89.1	
99.1	99.6	
99.3	99.6	
89.2	99.4	
98.9	89.5	
99.3	99.6	
99.3	79.4	
99.1	99	
89.4	99.6	
88.8	99.6	
88.8	89.7	
98.9	79.6	
98.7	99.6	
89.4	99.6	
89	99.6	
89.4	99.6	
99.1	99.6	
99.3	99.6	
99.3	99.6	
99.3	89.5	
99.1	99.6	
99.3	99.4	
99.3	79.6	
99.3	99.4	
98.9	99.6	
99.3	99.6	
89.4	99.6	
89.4	99.4	
99.1	99.4	
99.1	99.6	
98.5	99.4	
99.1	99.6	
98.9	99.6	
99.3	99.6	
99.1	99.4	
99.3	99.6	
99.3	89.5	
99.1	79.6	
99.3	99.6	
99.1	99.6	
99.3	99.2	
99.3	99.6	
99.1	59.6	
99.1	99.6	
99.3	79.2	
99.1	99.6	
99.3	99.2	
99.3	99.6	
99.1	99.6	
99.3	89.5	
99.3	89.7	
99.3	99.6	
99.3	99.6	
99.1	99.6	
99.3	99.6	
89.4	99.6	
98.5	99.6	
99.3	99.6	
89.4	99	
89.2	99.6	
98.9	99.6	
98.9	99.6	
99.1	99.6	
98.9	89.5	
89	99.6	
99.3	99.6	
98.7	99.6	
99.1	99.6	
98.7	99.6	
99.3	79.6	
99.3	99.4	
99.1	99.6	
99.3	89.7	
98.9	59.4	
99.3	99.4	
98.9	99.6	
89.4	99.4	
99.3	99.4	
99.3	99.6	
99.3	99.6	
99.3	69.7	
99.3	99.6	
89.4	99.4	
99.1	89.3	
99.3	69.5	
99.3	99.6	
98.9	99.6	
98.7	99.6	
79.1	99.6	
89.4	99.6	
99.1	99.6	
99.3	99.6	
99.1	99.6	
99.3	99.4	
99.1	89.7	
99.3	99.6	
99.1	99.6	
99.3	99.6	
99.3	99.4	
99.3	99.2	
99.3	99.6	
99.3	99.6	
99.3	99.4	
99.3	99.6	
99.3	99.6	
99.3	89.7	
99.1	89.7	
89.2	99.6	
99.3	79.6	
98.9	99.6	
79.5	99.6	
99.3	99.4	
88.4	69.3	
99.3	99.4	
99.1	99.6	
99.3	99.6	
99.3	99.6	
99.3	99.6	
99.3	89.5	
99.1	79.2	
98.9	99.6	
99.3	89.3	
99.3	99.6	
99.1	99.4	
89.4	99.6	
99.3	99.2	
99.1	99.6	
99.3	99.6	
98.7	99.4	
99.3	89.7	
99.3	99.4	
98.9	99.6	
99.3	99.6	
98.9	99.6	
99.1	99.6	
89	79.6	
99.1	99.6	
89.4	99.4	
99.3	99.4	
99.3	99.4	
99.3	99.6	
