-6.3	-861.6	
87.2	-222.1	
94.1	87.3	
87	86.9	
99.3	77.2	
97.9	87.7	
87.4	-3.8	
98.5	64.1	
98.5	87.7	
98.3	86.5	
98.5	24.2	
98.9	-27.4	
98.7	98.6	
99.3	76.2	
99.1	89.3	
99.3	86.7	
99.1	99.6	
99.3	99.4	
99.3	36	
99.1	99.2	
99.1	99.6	
99.3	99.6	
99.3	99.6	
99.3	99.6	
99.3	87.1	
98.9	88.9	
68.6	99.6	
98.9	98	
99.1	88.9	
99.1	99.6	
99.1	99.6	
98.7	99.6	
89.2	87.3	
99.3	99.6	
99.3	89.5	
99.1	99.2	
99.1	87.9	
99.3	99.4	
99.1	99.6	
98.9	99.6	
99.3	99.6	
99.1	99.6	
98.9	99.4	
99.3	89.1	
99.3	99.6	
99.3	78	
79.1	99.6	
99.3	79.2	
99.1	77	
99.1	99.6	
98.5	77.6	
99.3	99.4	
99.3	99.6	
99.3	86.9	
99.3	99.6	
99.3	64.9	
99.3	99.6	
98.9	99.6	
99.1	99.6	
99.3	99.6	
99.1	99.4	
99.3	89.3	
99.3	88.9	
98.7	99.6	
98.9	78.8	
99.1	99.6	
99.3	99.6	
88.8	99.6	
99.3	99.6	
99.3	99.2	
99.3	99.6	
88.8	99.6	
99.3	89.5	
99.3	99.6	
99.1	99.4	
99.3	89.5	
98.9	99.6	
99.1	99.6	
89	87.1	
99.1	99.6	
99.1	99.6	
89	99.4	
99.3	99.6	
99.3	99.6	
99.1	99	
99.3	99.6	
99.3	99.6	
98.9	99.6	
99.3	99.2	
99.1	99.6	
99.3	99.6	
99.3	99	
79.3	99.6	
99.3	99.6	
99.3	99.6	
99.3	88.9	
99.1	89.5	
99.1	89.5	
98.7	99.6	
99.3	98.8	
89.2	99.6	
99.3	99	
99.3	99.6	
99.3	99.4	
99.3	99.4	
98.3	99.6	
99.1	99.6	
99.3	99.6	
99.3	99.6	
99.3	99.4	
99.3	99.6	
99.1	99.6	
99.1	99.2	
99.1	99.6	
99.3	99.6	
99.3	99.6	
99.3	99.6	
99.3	99.6	
99.1	89.3	
89.2	99.6	
99.3	99.4	
99.1	99.6	
99.1	99.6	
98.7	88.9	
99.3	99.4	
99.3	89.5	
99.3	99.4	
99.1	99.2	
99.3	99.6	
99.3	99.2	
99.3	99.6	
99.3	99.6	
99.3	99.6	
99.3	99.4	
99.1	99.4	
99.1	99.6	
99.3	99.4	
98.9	99.6	
99.3	99.4	
99.3	99.4	
99.3	99.4	
99.3	99.4	
99.3	99.6	
99.3	99.6	
99.3	99.4	
99.3	99.6	
99.1	99.6	
99.3	99.6	
99.3	99.4	
99.3	99.6	
99.3	99.2	
98.9	99.6	
99.3	99.6	
89	99.6	
99.3	99.6	
99.3	99.6	
98.9	79.4	
89.4	99.6	
98.9	99.6	
99.1	99.6	
99.3	99.6	
99.1	99.6	
99.3	99.4	
99.3	99.6	
99.3	99.6	
99.3	88.5	
98.9	99.4	
99.3	99.6	
99.3	99.6	
99.1	88.9	
98.9	99.6	
99.3	99.6	
99.3	99.6	
99.3	99.6	
98.9	99.6	
99.3	99.6	
99.3	99.6	
99.1	99	
99.3	99.6	
99.3	99.6	
99.3	89.5	
99.3	99.6	
98.7	99.4	
89.4	99	
99.1	99.6	
99.3	99.6	
99.3	98.4	
89.2	99.6	
89.4	99.6	
99.1	99.6	
98.9	99.6	
98.9	99.4	
99.3	99.4	
99.1	89.5	
99.3	89.5	
99.3	99.2	
99.3	89.1	
99.3	99.4	
98.7	99.4	
99.3	78	
99.1	89.5	
99.1	99.4	
98.9	99.6	
99.1	89.5	
99.3	99.4	
99.3	99.6	
98.9	99.6	
98.9	99.6	
99.1	99.6	
99.1	67.5	
99.3	99.6	
99.3	99.6	
99.1	99.6	
99.3	99.6	
99.3	89.3	
99.3	99.6	
98.9	99.4	
99.3	99.6	
89.4	99.6	
99.3	79.4	
88.4	99.6	
99.3	99.4	
99.3	99.4	
99.1	99.4	
99.3	99.2	
99.1	89.5	
99.1	99.6	
99.3	99.6	
99.1	99.6	
99.1	99.6	
99.3	99.4	
98.7	99.6	
99.3	99.4	
99.3	99.6	
99.3	99.6	
99.3	99	
99.1	99.4	
99.1	99.4	
99.3	99.6	
99.3	99.4	
89.2	99.6	
99.1	99.6	
99.3	99.4	
99.3	99.6	
99.1	99.4	
99.3	99.6	
99.1	99.4	
99.3	99.6	
99.1	89.3	
99.1	99.6	
98.9	99.6	
99.3	99.4	
99.3	99.6	
99.3	99.4	
99.1	99.2	
79.1	99	
99.1	99	
99.1	99.2	
99.3	99	
98.7	99.6	
99.3	99.4	
99.3	88.5	
99.1	99.6	
99.3	99.6	
98.7	99.4	
99.3	99.4	
99.1	99.6	
99.1	99.4	
99.3	99.6	
99.3	99.6	
89.2	99	
99.3	99.6	
89.2	79	
99.3	99.6	
99.3	99.6	
98.9	99.6	
99.3	99.6	
98.9	89.5	
99.1	99.6	
99.3	99.2	
99.1	99.6	
99.3	99.6	
99.3	99.2	
99.3	99.6	
99.1	99.6	
99.1	89.5	
99.1	88.9	
89.2	99.6	
99.3	99.6	
99.3	99.6	
99.3	99.6	
99.3	99.6	
99.3	99.2	
99.3	89.5	
99.1	99.6	
89.4	99.4	
98.9	99	
99.3	89.7	
99.3	88.1	
99.3	98.8	
89	89.5	
99.3	99.6	
89.2	99.4	
99.3	88.3	
99.1	99.2	
98.9	99.4	
99.3	99.6	
99.1	99.6	
99.1	89.3	
99.1	99.6	
99.1	99.6	
99.1	99.6	
98.7	89.1	
99.1	99.6	
99.3	99.6	
99.1	99	
99.3	99.6	
99.1	89.5	
98.5	99.6	
99.1	99.4	
78.7	99.6	
99.1	99	
99.3	99.6	
99.3	99.6	
99.3	99.6	
99.3	99.4	
99.3	98.8	
98.9	99.4	
99.3	99.6	
99.1	89.5	
99.3	99.6	
98.7	99.6	
99.3	99.6	
99.3	99.4	
99.1	99.2	
99.3	99.6	
99.1	98.8	
99.3	99.4	
98.9	99.6	
99.1	99.4	
99.1	99.4	
99.3	99.4	
99.3	99.2	
99.3	99.6	
98.9	99.4	
88.8	99.6	
99.3	89.3	
99.1	99.4	
99.3	99.2	
99.3	98.8	
99.1	99	
99.3	99.6	
98.9	99.6	
99.3	99.6	
99.1	99.6	
99.3	99.6	
99.3	99	
99.1	99.4	
99.3	99.6	
98.9	89.3	
98.5	99.2	
99.3	99.4	
99.1	99.6	
99.3	99.6	
98.7	99.6	
99.3	79.4	
99.3	99.6	
99.3	99.6	
98.9	89.3	
89.2	99.6	
98.9	89.5	
99.3	99.6	
99.1	99	
99.3	99.6	
99.3	99.4	
99.1	99.6	
99.3	99.6	
99.1	99.6	
99.3	99.6	
99.3	99.6	
99.3	99.6	
99.1	99.6	
99.3	99.4	
99.1	99.4	
99.3	89.5	
89	99.2	
98.9	89.5	
99.1	99.6	
99.1	99.2	
99.3	99.6	
98.9	99.4	
99.1	99.6	
99.1	99.6	
99.3	99.6	
99.3	99.6	
99.3	99.6	
99.1	99.4	
99.3	99.6	
99.3	99.6	
99.3	99.6	
89.2	99.2	
99.3	99.6	
99.3	99.4	
88.8	89.5	
99.3	99.4	
99.1	99.4	
99.1	99.6	
89	89.5	
99.3	99.6	
99.3	99.2	
98.9	99.6	
99.3	99.6	
99.3	99.6	
99.1	99.6	
98.5	99.6	
99.1	99.6	
99.3	99.4	
99.3	99.6	
99.1	99.6	
99.1	99	
99.3	99.4	
89.4	99.6	
99.3	99.4	
99.1	99.6	
98.9	89.5	
98.7	89.3	
99.1	99.6	
99.1	78.8	
99.1	99.6	
99.3	99.6	
99.1	89.5	
99.3	98.8	
99.3	99.4	
99.3	99.6	
99.1	99.4	
99.3	99.6	
99.3	99.6	
99.1	89.5	
99.3	99.4	
99.3	99.6	
98.9	99.6	
89.2	99.6	
99.3	99.6	
99.3	99.4	
99.3	99.6	
99.3	99.2	
99.1	99.6	
99.1	99.6	
99.3	99.4	
98.9	99.6	
99.3	99.6	
99.1	99.6	
99.3	89.1	
99.1	99.4	
79.3	99.6	
99.3	99	
89.2	99.6	
99.1	99.6	
98.7	99	
99.1	99.6	
88.6	99.6	
99.3	99.6	
98.9	99.4	
99.3	89.7	
99.1	98.6	
99.3	99.4	
99.3	99.6	
99.3	99.2	
99.1	99.6	
99.3	99.4	
99.3	99.6	
99.3	99.2	
99.3	99.4	
98.9	99.4	
99.3	99.6	
89.2	99	
99.3	99.6	
99.1	99.4	
99.3	89.5	
99.3	99.4	
99.1	79.4	
99.1	99.6	
99.3	99.2	
98.9	99.6	
99.3	99.4	
99.3	98	
99.3	99.2	
99.1	99.6	
99.1	99	
99.3	99.4	
89.2	99.6	
99.1	89.5	
99.3	89.1	
88.8	99.6	
99.3	99.6	
99.1	99.6	
89.2	99.2	
99.3	99.4	
99.3	99.6	
99.3	99.4	
