46	-472.3	
13.7	-111.5	
88.4	-264.8	
89	99.6	
53.7	38.8	
77.1	59.4	
88	27.5	
65.6	49.5	
86	68.3	
86.8	28.3	
87.4	59	
88	49.5	
97.7	69.3	
99.1	27.9	
89.4	77.4	
57.5	58.6	
87.8	87.9	
89.2	39.2	
88.8	77	
43	59	
77.3	89.5	
85.2	89.5	
57.5	99.2	
98.7	46.9	
97.9	53.4	
99.1	-21.2	
58.3	98.6	
88.6	89.1	
89	39	
85	47.8	
97.9	98.4	
87.4	68.9	
88.4	37	
88.8	68.7	
63	68.5	
99.1	76.2	
98.9	95.6	
89	38.8	
98.3	88.5	
88.8	79.4	
85	78.4	
87.2	88.1	
99.1	99.6	
89.4	99.6	
86	89.5	
88.2	99.6	
97.3	99.6	
96.9	99.6	
97.5	99.6	
98.7	89.3	
88.4	98.8	
98.3	89.5	
94.3	88.9	
94.9	99.4	
93.5	99.4	
88.2	99.4	
78.1	89.3	
87.8	79.6	
88.4	89.3	
77.7	79	
89.2	89.5	
86.8	99.4	
88.2	59	
84	99.6	
97.9	99.4	
89	99.4	
89	98	
99.3	98.8	
98.9	16.6	
88.4	99.4	
77.3	79.4	
98.5	99.6	
98.9	99	
98.7	49.1	
58.3	99.6	
87.8	78.8	
98.9	78.8	
98.9	99.6	
88.4	99.2	
88.6	89.3	
78.7	99.6	
55.9	99.6	
97.5	79.6	
88.8	99.4	
98.9	99.6	
98.9	89.5	
89.4	99.6	
98.5	89.5	
89	99	
88.8	88.7	
89	89.7	
89.2	99.6	
97.5	18.8	
95.5	99.2	
93.5	98.6	
86.4	99.6	
89	88.9	
74.5	79.2	
96.3	99.4	
97.9	99.4	
97.5	98.6	
87.6	89.7	
78.3	99.2	
88.4	58.2	
89.2	99.6	
77.5	99.6	
98.7	68.9	
98.9	99.2	
67.4	99.6	
87.8	89.7	
98.1	99.4	
77.7	89.5	
98.7	99.6	
88.2	98.4	
99.1	99.4	
98.3	79	
89.2	89.5	
88.6	68.9	
86.2	99.6	
98.1	89.5	
77.7	69.3	
97.3	99.6	
98.9	88.9	
98.9	79.2	
88.2	99.2	
99.3	99.6	
87.6	79.2	
87.8	99.6	
77.5	99.4	
99.1	99	
89.2	69.5	
97.7	99.4	
68	99.4	
78.9	88.7	
89	89.5	
98.7	89.7	
99.3	99.6	
98.9	99.6	
88.8	89.7	
98.5	99.6	
78.9	88.9	
89.2	88.9	
99.3	89.5	
98.9	99.4	
98.7	-1	
89.2	59.4	
77.5	79.6	
96.5	88.9	
88.6	99.4	
87.8	99.6	
99.3	99.4	
88.2	69.1	
97.5	79.4	
96.7	79	
78.1	89.5	
78.9	79.8	
99.1	99.6	
98.5	79	
79.1	99	
98.9	99.2	
79.3	89.1	
99.1	89.3	
66.8	99.6	
98.9	89.3	
68.8	99.4	
99.3	89.5	
99.1	89.5	
99.1	99	
88.2	89.3	
98.5	79.2	
98.1	89.5	
87.6	99.4	
79.1	99.6	
98.5	99.6	
99.3	99.4	
98.3	79	
78.1	99.2	
88.6	89.5	
77.5	99.4	
87.6	69.1	
98.7	99.4	
88	99.6	
88.8	78.4	
98.9	88.7	
98.9	99.6	
99.3	89.5	
99.3	99.4	
98.7	99.2	
78.5	99.6	
99.1	99.4	
98.9	99.6	
88.6	99.6	
98.3	89.5	
78.9	99.6	
98.7	79.4	
87.6	99.6	
89.4	99.4	
88.4	68.1	
98.7	69.3	
98.5	98.8	
99.1	98.8	
89	98.8	
78.9	99.2	
88.2	99.4	
99.3	99.4	
98.1	99.4	
98.5	99.6	
97.9	99.4	
68.4	99.4	
98.3	69.3	
98.7	68.9	
88.8	69.3	
97.3	99.4	
98.7	79.2	
98.9	69.7	
88.6	89.5	
75.5	99.4	
89.2	99.6	
98.5	99.2	
98.1	59.2	
88	79.8	
99.1	79.2	
99.1	89.5	
98.7	99.2	
99.3	89.7	
98.9	49.1	
98.3	99.6	
98.3	99.2	
98.9	99.4	
68	89.5	
88.8	89.3	
78.3	69.7	
87.8	99.6	
98.9	99.2	
99.1	89.3	
88.2	79.8	
98.3	89.5	
87.4	89.1	
88.6	99.6	
88.6	29.5	
98.9	99.6	
87.2	89.1	
78.5	99.2	
99.1	99.4	
89.2	99.6	
98.5	79.6	
98.7	99.2	
89	99.6	
89	99.6	
99.3	99.4	
98.7	59.4	
87.8	99.4	
98.9	79.2	
99.3	99.6	
88	89.7	
88.8	-21.4	
98.5	89.5	
88.4	99.4	
99.1	19.2	
79.1	99.6	
98.5	89.5	
98.9	99	
87.8	89.1	
98.7	99.4	
89.2	99.6	
88.8	99.4	
89	99.6	
87.6	19.4	
89.2	99.2	
77.3	69.5	
98.9	99.4	
98.9	89.7	
99.1	99.6	
87.6	99.6	
89	89.3	
99.1	99	
98.9	99.4	
98.3	99.6	
89	99.4	
98.9	89.5	
89.4	9.1	
99.1	79.6	
99.1	99.6	
98.7	99.4	
89.4	99.6	
77.7	99.4	
99.1	99.6	
99.3	89.5	
98.7	79.4	
98.3	99.6	
88.4	89.5	
98.7	69.3	
98.1	99.4	
78.5	99	
87.8	99.6	
88.8	99.6	
89	89.5	
98.9	89.5	
97.5	69.3	
88.6	99.4	
88.8	29.5	
89	99.4	
99.1	99.4	
88	69.7	
66.8	89.5	
78.3	89.7	
79.1	49.3	
88.4	99	
99.1	89.3	
88.2	88.9	
87.6	99.6	
88.4	58.4	
48.2	59.2	
88.6	89.7	
88.4	99.4	
89.2	99.4	
88.4	79.6	
99.3	99.6	
98.1	89.7	
89	79.4	
98.7	99.6	
99.1	89.3	
68.8	99.4	
77.5	58.6	
98.9	99.4	
77.5	99.4	
78.9	99.4	
88	98.8	
89	88.5	
99.1	99.4	
98.9	99.6	
98.3	99.6	
98.9	99.6	
98.7	89.3	
98.9	17	
76.9	99.6	
98.9	89.5	
98.9	99.6	
88.4	88.9	
99.1	99.6	
88.6	99.4	
89.2	99.2	
98.3	99.6	
98.9	69.7	
89	99.6	
99.1	99.4	
87.8	99.4	
77.9	99.4	
88.6	99.4	
89.4	89.5	
99.3	89.7	
89.2	99.4	
88.8	99.4	
89.2	99.6	
98.7	99.6	
99.3	99.4	
88.6	99.6	
98.9	99.6	
98.9	99.2	
87.6	99.6	
99.1	99.4	
89	99.6	
89	99.6	
88.8	99.6	
98.3	99.6	
98.9	99.4	
99.1	99.4	
88.4	99.4	
89.2	99.6	
88.4	99.6	
87.6	89.5	
89.4	89.1	
49	39.2	
89.4	68.9	
98.7	88.7	
89.4	88.3	
98.9	89.5	
66.4	39.6	
98.9	99.4	
99.3	99.6	
89	89.5	
97.1	99.6	
98.9	99.6	
98.5	99.6	
68	99.4	
78.5	89.3	
98.9	99.2	
98.5	99.6	
98.7	89.7	
87	89.3	
88.4	99.6	
89	59.4	
88.2	69.5	
99.1	89.3	
89	69.7	
98.9	99.4	
88.6	99.4	
89	89.5	
88.4	89.5	
98.7	89.7	
99.3	78.8	
98.9	89.1	
98.9	98.8	
77.9	49.5	
77.7	89.5	
97.9	99.4	
98.9	99.6	
58.7	88.9	
99.1	59.6	
98.7	99.2	
78.3	89.7	
98.7	89.7	
78.7	99.4	
98.5	89.5	
96.9	99.4	
98.9	89.3	
89	99.4	
78.7	99.6	
99.1	59.8	
88.4	99.6	
98.1	79.6	
88.8	89.5	
88.8	99	
99.3	99.4	
88.8	59.8	
99.1	99.2	
88	99	
99.3	89.7	
88.8	79.2	
99.1	99.6	
99.3	99.6	
98.7	99.6	
99.1	89.5	
88.6	99.4	
99.3	99.4	
98.9	98.8	
89	99.6	
89.2	99.6	
99.3	89.7	
78.3	88.7	
99.3	89.3	
89.2	99.4	
98.7	99.4	
89	99.6	
98.3	99.6	
99.3	99.6	
88	99.2	
99.3	99.4	
98.3	99.4	
87.6	79.6	
79.1	99.2	
98.5	89.3	
99.1	99.4	
99.3	99.6	
98.9	99.6	
99.3	99.6	
99.1	88.5	
88.4	99.2	
99.1	99.6	
58.1	79.8	
98.7	89.7	
98.1	99.4	
89.4	69.3	
68.2	98.4	
87.2	98.8	
98.9	99.2	
98.9	89.3	
99.1	89.7	
99.1	79.8	
99.1	98.6	
89	69.7	
99.1	98.2	
88.4	99	
57.9	79.4	
87.8	99.2	
78.7	99.6	
98.7	99.6	
88	99.6	
99.1	99.2	
99.3	99.4	
99.1	89.3	
89	99	
88.4	99.4	
98.9	99.6	
98.5	99.6	
88.4	99.6	
89.4	99.6	
88.6	99.2	
99.1	99.6	
89	69.5	
99.3	98.8	
98.9	99.6	
98.5	99	
98.7	99.6	
99.3	99.2	
68	79.4	
99.3	58.8	
99.1	49.3	
99.3	99.6	
78.9	99.4	
