45.2	-61.2	
44.6	89.5	
31.9	19.2	
68.4	59.4	
68	99.6	
87.8	39	
85.6	47.5	
99.3	37.2	
67.8	28.7	
99.1	57.8	
57.1	-16.7	
26.4	99.2	
77.9	99.4	
98.7	-11.3	
98.3	79.4	
76.1	99	
78.9	79.6	
98.7	99.6	
97.1	89.5	
98.1	98.8	
88.8	99.2	
67.2	99.6	
99.3	89.3	
89.2	79.4	
87.6	99.4	
88	-0.8	
98.9	39.4	
88.4	99.2	
88.8	99.2	
89	99.6	
98.5	99.6	
98.9	89.3	
99.1	99.4	
88.8	99.6	
87.8	78.8	
77.7	99.6	
68.2	99.6	
98.7	89.3	
88.4	99.6	
98.7	99.6	
79.1	88.9	
88.8	99.4	
98.7	89.5	
99.1	99.4	
99.3	38	
78.7	78.8	
87	99.2	
79.1	89.5	
98.9	99.4	
98.1	59.2	
98.1	99.4	
85.2	99.2	
89	88.7	
98.3	79.4	
98.9	39.2	
99.1	68.5	
98.9	98.8	
99.1	79.6	
98.7	87.9	
97.3	98.6	
98.9	99.6	
99.3	99.4	
68.6	99.6	
99.1	99.6	
79.1	99.4	
89	99.2	
88.4	79.6	
88	88.9	
99.3	69.7	
88.8	89.3	
89	99.6	
98.7	68.5	
86	79	
78.5	99.6	
98.7	99.6	
98.9	99.4	
88.6	89.1	
98.3	9.1	
98.9	89.1	
98.7	99.4	
98.7	38.4	
97.9	99.6	
88.6	89.3	
87.8	89.3	
57.5	99.2	
99.1	99	
98.9	89.7	
88.4	99.6	
78.9	99	
88.2	99.2	
76.1	79.2	
98.7	99.6	
98.9	69.5	
98.7	99.4	
97.9	89.1	
98.5	89.5	
99.3	99	
78.3	89.3	
88.8	88.7	
66.6	89.3	
98.5	99.4	
98.5	99.4	
98.3	99.4	
79.1	89.3	
97.9	89.3	
98.7	99.6	
97.3	89.5	
99.1	89.5	
88.6	68.7	
99.1	99.6	
88.6	89.5	
97.7	99.4	
88.6	99.2	
87.8	89.1	
86	89.1	
88.2	99.2	
88.6	79.4	
98.9	89.7	
89	79.4	
98.5	89.3	
78.3	89.1	
98.9	68.9	
98.9	89.3	
98.9	78	
98.3	59.6	
99.3	59.2	
98.9	89.5	
99.1	99.4	
78.9	79	
89	99.4	
88.8	59	
98.9	8.7	
98.5	79.8	
86.4	99.2	
99.3	97	
99.3	89.5	
88.2	99.6	
97.9	89.1	
99.3	89.3	
98.9	89.7	
88.8	99.2	
88.6	89.7	
89	89.7	
98.9	89.5	
88.8	-12.1	
87.6	98.4	
98.9	79.8	
78.3	99.4	
98.7	99.2	
99.1	89.3	
87.6	89.1	
56.3	99.6	
99.3	79.2	
88	59.4	
98.5	99.2	
88.4	99.4	
97.9	99	
99.1	99.2	
98.5	99.6	
98.3	99.6	
97.7	18.6	
77.9	99.6	
99.1	98.8	
99.3	99	
88.8	99.6	
99.3	79.8	
88.6	99.6	
98.5	99.6	
88.6	99.2	
99.1	79.8	
97.9	89.3	
98.9	89.5	
98.9	99.4	
87.4	99.6	
98.5	99.6	
88.6	99.2	
78.9	89.5	
89.4	79	
98.1	99.6	
76.7	99	
89	99.6	
97.7	99.6	
88.2	89.1	
98.9	99.6	
98.9	79.2	
89	98.4	
76.9	87.9	
98.7	99.6	
98.7	99.6	
78.1	77.8	
77.7	88.9	
99.3	99.6	
89	99.6	
99.3	99.6	
89.2	99.2	
89	99.6	
68.8	89.1	
67.4	99.6	
88.6	88.9	
99.3	89.5	
88.2	49.3	
88.8	69.5	
78.1	99.6	
78.3	49.3	
88.4	59	
77.9	89.7	
98.3	99.6	
89	99.6	
88	68.1	
89.4	89.3	
79.3	99.4	
98.9	99.6	
88	99.4	
89.2	59.6	
99.1	99.4	
99.3	99.6	
79.3	99.6	
77.9	78.8	
77.9	89.5	
88.8	99.2	
98.7	89.5	
98.5	99.2	
67.2	99.6	
98.3	99.6	
58.1	88.7	
89.2	99.6	
99.1	99.6	
99.3	98.6	
89	88.1	
67.6	99.2	
89.4	99.4	
68.4	99.6	
98.3	89.3	
66.4	99.4	
89.4	99.6	
98.7	99.4	
88.6	79.2	
99.1	49.3	
89.2	89.1	
98.7	79.2	
86.8	99.4	
98.5	99.6	
99.3	99.4	
88	78.8	
98.3	99.6	
88.8	99.4	
96.7	18.4	
89.2	89.5	
98.9	99.6	
85	99.4	
98.9	99.4	
99.3	99	
98.3	98.6	
99.1	98.8	
89.4	99.4	
87	89.3	
98.5	99	
89	99.4	
78.1	57.8	
99.1	79.2	
89.4	19	
97.9	89.3	
98.5	88.7	
87	99.6	
87.8	89.5	
86	79.2	
97.1	99.4	
99.1	98.8	
79.1	89.5	
98.9	99.2	
88.6	89.5	
99.1	99	
78.3	99.4	
99.3	68.9	
69	88.5	
69	99.6	
98.9	78.8	
98.9	99.6	
98.7	99.2	
98.9	89.5	
98.9	99.4	
88.4	99.4	
98.7	99	
99.1	89.3	
88.4	99.4	
67	99.4	
99.1	99.6	
99.1	99.6	
98.3	88.7	
99.1	99.6	
89.4	99.4	
99.1	99.6	
46	99.4	
98.9	89.7	
79.5	99.4	
98.9	99.6	
96.9	89.5	
98.9	99.4	
88.2	99.6	
98.7	99.6	
88.2	99.4	
37.9	99.6	
99.1	69.5	
99.3	99.6	
98.3	98.6	
89	99.4	
78.7	79.2	
87.4	99.2	
89.2	99.6	
89.2	99.4	
97.5	99.6	
78.5	99.4	
89.2	99.6	
99.1	99.6	
97.3	79	
78.5	89.5	
98.3	98.8	
89	99.6	
98.3	89.5	
99.1	99.4	
89.4	99.6	
98.5	99.6	
99.1	99.4	
79.1	89.5	
99.1	99.6	
99.1	99.6	
96.7	99	
98.9	89.5	
98.9	99	
98.7	79	
87.8	88.5	
87.8	99.6	
99.1	69.5	
68.4	8.7	
68	89.5	
88.8	99.6	
98.7	78.6	
88.4	99.4	
87.8	99.4	
88.2	99.4	
99.1	69.5	
89	99	
78.5	99.6	
54.5	69.7	
88.8	99.6	
99.3	99.6	
88.8	89.3	
57.1	99.2	
97.9	58	
98.3	99.4	
98.7	99.6	
78.9	79.2	
87.2	99.2	
77.1	79.2	
97.9	78.4	
78.3	99.4	
68.2	79.2	
88.2	69.3	
99.1	99.6	
98.9	69.1	
78.9	99.2	
97.5	99.4	
88.8	98.6	
88.6	99	
98.3	99.6	
89	89.7	
99.1	89.5	
99.3	99.4	
98.3	99.6	
98.9	99.6	
99.3	89.1	
99.3	99.6	
99.1	99.4	
99.1	89.7	
89	99.6	
98.7	89.3	
89.2	79	
98.9	99.4	
98.5	99.4	
89.2	79	
98.9	89.5	
99.3	99.4	
89	89.5	
98.9	89.5	
98.7	89.3	
97.7	99.6	
77.5	79	
98.9	99.4	
99.1	99.2	
78.3	89.7	
89.2	99.6	
79.3	99.6	
88	99.6	
89.2	99.4	
89.2	99.6	
98.7	89.3	
89.4	99.6	
98.9	89.3	
89.2	78.8	
88.6	19	
88.6	99.4	
96.9	89.1	
98.9	99.4	
98.7	79.4	
99.1	99.2	
58.3	79.6	
88.2	89.7	
98.7	88.9	
98.5	99.4	
88.2	89.1	
79.3	49.5	
98.5	99	
97.9	99.4	
98.3	98.4	
99.1	99.6	
78.3	78.6	
67.8	89.5	
99.1	99.6	
99.3	99.6	
98.9	89.1	
98.7	99.4	
68.6	89.7	
99.3	89.1	
99.3	99.4	
99.1	69.3	
78.3	89.7	
88.8	99.6	
78.3	39.4	
98.9	89.3	
99.1	99.2	
99.1	68.9	
68.8	69.5	
98.7	89.7	
88.2	99.4	
97.7	69.7	
88.8	99.6	
98.7	99.2	
98.9	89.7	
98.7	99.6	
89	99.4	
99.1	88.9	
89.2	99.4	
88.8	99	
69	99.4	
88.4	68.9	
89.2	89.7	
78.5	89.5	
98.7	79.4	
88	79.4	
99.3	79.4	
98.7	99	
89.4	99.4	
99.3	29.1	
89	89.7	
78.5	78.2	
88.8	69.5	
88.2	59.6	
88.6	89.5	
99.1	69.5	
98.1	99.6	
88.2	99	
78.1	69.5	
98.1	68.9	
89.4	69.3	
98.9	99.6	
99.1	99.2	
99.3	79.6	
78.7	99.4	
99.1	79.8	
99.1	89.1	
98.7	79	
68.2	99.6	
58.1	99.4	
98.3	99.4	
99.1	89.7	
88.4	79.8	
89.4	68.7	
89	99.6	
98.3	99.6	
99.1	99.2	
98.5	28.1	
88.4	79.2	
78.9	99.4	
89	99.6	
77.9	99.4	
87.8	89.7	
99.3	69.5	
99.3	49.3	
99.1	79.2	
99.1	58	
99.3	59.6	
99.1	89.7	
98.1	89.5	
98.9	89.7	
99.3	89.5	
99.1	99.6	
98.7	69.1	
88.2	98	
99.1	79.6	
98.5	89.5	
