13.5	-51.1	
96.7	-133.1	
55.9	59	
96.7	99.6	
22.6	38.6	
98.1	18.8	
86	49.7	
88.2	0.5	
84.6	99.4	
98.5	99.6	
96.5	98.8	
98.1	99.6	
88.8	89.5	
88.2	99.6	
88.6	99.6	
99.3	69.7	
89	99.4	
77.1	79.4	
99.3	49.1	
88.2	49.1	
72.9	99.6	
88.8	99.4	
87.4	89.3	
97.7	78.2	
97.9	88.7	
98.7	89.5	
88.2	88.9	
98.5	99.2	
67.2	99.6	
98.5	89.3	
97.9	99.2	
99.1	99.4	
99.1	98.6	
57.7	59.6	
89.2	99.2	
99.3	99.4	
98.7	99.6	
98.7	89.1	
99.1	89.1	
99.3	99.6	
89	99.2	
98.5	59.4	
88.4	89.3	
98.9	99.4	
88.8	89.3	
99.1	99.4	
99.1	78.6	
89.4	89.1	
98.5	99.4	
98.7	99.6	
99.3	98.8	
98.9	99.2	
67.8	99.6	
79.1	58.4	
89.2	18.8	
87.4	79.6	
99.1	99.6	
99.3	99.2	
67.8	99.4	
99.3	99	
88.8	99.4	
99.3	89.5	
68.4	99.4	
99.3	99.6	
99.3	69.7	
88.4	99.4	
89	99.6	
98.1	99.4	
88.6	98.8	
98.9	99.6	
88.8	99.4	
98.9	89.3	
98.7	89.7	
88.6	59.2	
88.6	99.6	
98.7	89.3	
79.3	99.6	
99.1	99.2	
89	99.4	
88.4	59.6	
89.2	89.5	
99.1	99.4	
99.1	89.3	
98.9	99.6	
78.7	89.5	
88.2	79.4	
98.9	78.6	
77.7	99.4	
88.6	99.4	
88.2	99.6	
79.3	98.6	
98.9	99.6	
97.5	89.3	
79.1	99.2	
86	89.5	
89.4	99.6	
88.8	99.6	
88.2	99.2	
99.3	99.4	
98.7	99.2	
99.1	99.4	
98.9	99.4	
99.3	99.6	
99.1	99.4	
99.1	79	
99.1	89.5	
88.8	99.2	
89.2	99.4	
78.1	99.4	
89.4	79.4	
78.7	99.6	
99.3	99.6	
89.4	98.8	
98.7	99.6	
98.9	99.6	
99.1	99.4	
89.4	99.2	
79.5	99.6	
79.3	88.7	
68	89.5	
98.5	99.6	
68.8	99.6	
98.7	89.5	
88.6	-1.4	
98.9	38.8	
99.1	99.6	
99.1	99.6	
98.5	58.6	
99.3	99.4	
89.2	99.6	
99.1	99.6	
99.1	99.6	
99.3	79.6	
98.9	99.6	
99.1	59.4	
98.9	99.6	
98.7	99.6	
78.5	79.6	
89.4	99.4	
99.1	89.3	
88.8	99.4	
87.8	89.1	
98.9	89.7	
99.3	89.3	
99.1	99.2	
79.1	99	
99.1	88.9	
78.9	99.6	
98.7	79.4	
99.1	99.4	
98.9	99.6	
78.3	89.3	
89	99.2	
88.6	79.8	
88.2	99.4	
88.4	99.4	
98.9	99.4	
89	89.3	
99.3	99	
99.1	99.6	
99.3	79.4	
99.3	99.2	
98.7	99.6	
99.1	99.6	
69	99.6	
89	79.2	
99.3	99.6	
89	99.4	
99.1	99.6	
67.8	89.3	
98.5	99.2	
99.3	89.5	
98.7	99.2	
79.1	99.4	
99.1	69.3	
97.7	99	
98.7	99.6	
89	99.6	
98.9	99.4	
88.8	89.5	
98.9	99.6	
88.6	99.6	
98.7	99	
98.5	79.2	
99.1	79.4	
99.3	99.6	
98.5	89.5	
99.3	99.4	
89	99.2	
98.9	99.6	
99.1	99.6	
48.8	99.4	
88.8	99.2	
99.1	99.4	
68	89.7	
99.1	99.2	
99.3	99.6	
98.9	98.6	
89	99.6	
88.4	99.4	
88.4	99.6	
98.3	99.6	
78.7	99.4	
98.9	99.4	
88.6	99.6	
99.3	89.5	
98.9	99	
69.2	99.6	
89	99.6	
99.3	99.6	
89	99.4	
99.1	68.7	
88.8	89.5	
99.1	89.7	
87.6	99.4	
99.1	89.7	
98.7	99.4	
99.1	99.6	
99.3	79.2	
78.1	99.4	
88	89.1	
98.7	99.6	
98.9	99.2	
99.1	99.4	
99.1	99.6	
99.1	99.4	
99.1	99.4	
89	88.9	
99.3	99.2	
99.3	99.4	
89	99.4	
78.7	89.5	
89.4	79.2	
99.1	89.5	
98.9	69.3	
89	99	
98.9	99.6	
99.1	99	
98.9	78.2	
89.4	99.6	
98.9	99.6	
99.1	99.6	
89	89.5	
89	78.8	
98.7	99.2	
99.1	99.6	
99.3	99.4	
88.6	99.6	
88.4	99.6	
99.3	88.9	
77.3	99.6	
98.7	99.6	
99.3	99.4	
97.5	89.7	
89	99.6	
68	99.6	
88.8	99.6	
88.2	99.6	
98.9	98.8	
98.5	99.2	
99.3	99.4	
98.9	88.9	
99.1	99.6	
89.2	78	
88.8	99.6	
89	89.5	
89	89.1	
98.9	99.6	
99.1	99.6	
78.3	69.3	
99.3	89.7	
98.9	99.6	
89	99.2	
98.7	99	
88.8	79.6	
98.3	99.2	
98.9	99.6	
99.3	99.6	
79.3	79	
88.2	89.5	
78.7	99.6	
69.4	99.6	
99.1	99.6	
99.1	99.6	
89	79	
88.8	99.6	
28	99.6	
99.3	99.4	
98.7	99.2	
98.5	89.5	
99.3	69.1	
98.5	99.6	
89.4	99.6	
99.1	99.6	
98.9	99.4	
98.9	99.6	
99.3	99.4	
99.1	99.2	
99.1	89.1	
99.1	99.2	
98.5	89.5	
98.9	99.4	
98.9	99.6	
99.1	99.6	
98.9	99.6	
99.1	99.4	
88.6	78.6	
89.4	89.3	
99.3	99.2	
98.9	99.6	
99.3	89.1	
99.3	99.4	
98.7	99.2	
79.3	99.6	
98.3	99.6	
98.7	99.4	
99.1	59	
99.3	89.5	
99.3	99.6	
78.9	99.6	
98.3	99.4	
98.9	99.4	
98.7	89.5	
99.1	99.6	
99.1	99.2	
98.5	99.6	
88.8	89.5	
99.3	99.6	
99.3	99.6	
88.8	49.5	
89.2	89.3	
99.3	99.4	
98.9	99.6	
78.3	99.2	
98.9	68.5	
98.3	89.3	
99.3	99.2	
99.3	99.6	
88.8	99.6	
98.7	89.5	
99.3	98.6	
98.1	99.6	
89.4	99.6	
99.3	99.2	
89.2	99.4	
88.8	99.4	
78.5	89.3	
69	89.5	
98.9	99	
98.7	99	
98.9	99.6	
99.1	99.6	
69.4	79.4	
98.9	99.6	
79.1	89.7	
89.4	99.4	
98.7	99.2	
67.2	79	
89	79.4	
89.4	99.2	
99.3	89.1	
77.5	89.5	
99.3	89.5	
88.6	89.5	
88.6	89.1	
89	89.5	
97.9	69.1	
99.3	99.6	
88.8	99.6	
89	99.6	
89.4	99.6	
98.1	99.2	
88.4	69.1	
97.9	99.4	
98.7	89.1	
89	89.5	
67	79.6	
98.9	99.2	
98.5	89.1	
79.5	99.2	
88.4	79.2	
98.3	99.6	
88.6	99.6	
98.7	99.4	
98.9	99.6	
99.1	99.6	
57.5	99.2	
99.1	69.7	
88.2	99.6	
98.3	99.4	
89.4	99.6	
99.1	99.4	
99.3	78.6	
88.4	99.4	
99.3	79.8	
88.8	78.8	
77.7	99.4	
99.1	99.6	
58.7	89.5	
99.1	99.6	
98.5	99.6	
89.2	89.5	
68	99.4	
79.1	89.5	
98.7	89.7	
99.3	79.6	
99.1	89.1	
88	99.4	
98.9	88.9	
89.2	89.5	
99.1	99.6	
98.5	99.4	
98.7	79	
98.9	99.2	
98.9	99.6	
78.7	89.3	
78.5	79.6	
98.7	29.5	
78.5	99.4	
89	99.2	
88.8	89.5	
98.7	99.6	
99.1	89.7	
88.2	99.6	
98.3	79.6	
99.3	89.7	
88.8	89.1	
77.9	89.1	
98.5	89.3	
98.9	89.7	
68.2	99.6	
88.2	98.8	
98.9	99	
68.8	89.5	
98.7	79.2	
99.3	99.6	
99.1	99.6	
99.3	99.6	
98.9	99.6	
99.3	69.5	
76.9	99	
98.5	99.6	
68.8	99.4	
88.8	99.6	
88.8	99.6	
98.9	99.6	
99.3	99	
99.1	99.6	
99.1	99.6	
79.3	99.6	
99.1	99.4	
99.1	99.6	
99.1	99.4	
99.3	98.8	
98.7	99.6	
98.3	99.4	
98.7	79	
99.3	99.4	
99.3	99.6	
98.9	99.6	
99.3	68.9	
99.1	89.3	
99.1	99.2	
98.5	99.6	
87.8	99	
99.1	79.6	
99.3	99.6	
98.7	89.1	
89.2	99.4	
99.3	89.5	
87.8	79.2	
78.9	99.6	
78.5	89.5	
88.6	99.4	
89.2	99.6	
99.3	79.2	
99.1	89.7	
89	79.4	
99.1	99.6	
99.1	59.4	
98.9	99.4	
99.3	99.2	
98.7	78.6	
69.2	89.1	
88.6	99.4	
89	89.3	
88.2	89.7	
88.8	99.4	
98.9	79.4	
99.3	99.6	
88.4	99.2	
99.3	99.6	
98.9	68.9	
99.3	99.6	
99.1	99.4	
99.1	89.7	
88.2	99.6	
69.4	99.4	
98.9	48.3	
89	99.6	
