11.9	48.9	
45.8	-52.5	
-17.4	-115.1	
-30.5	99	
32.9	98.8	
87.6	58.8	
78.5	-92.9	
76.1	47.3	
98.3	59	
88	79	
99.3	75.4	
47.6	99	
98.5	8.1	
98.9	64.3	
79.1	26.1	
97.7	68.7	
53.5	89.3	
99.1	98.6	
75.5	78.8	
88.6	59.4	
77.1	-73.9	
48.2	57.8	
98.7	88.9	
86.2	89.3	
54.9	98.8	
65.4	79.4	
88.4	89.7	
87	99.2	
69	69.3	
88	98.8	
99.1	89.5	
96.9	99.4	
88.6	99.6	
87.6	28.5	
77.1	99.6	
88.2	89.3	
66.8	99.6	
88	99.2	
98.9	99	
67	49.1	
83	79.4	
86.8	99.4	
76.9	9.1	
76.7	99.2	
88.4	98.2	
84.8	-70.7	
98.3	88.7	
97.7	99.2	
68.6	-21.8	
96.5	9.1	
44.7	28.7	
78.3	79.8	
88.4	68.7	
98.3	99	
68	99.6	
97.9	99.6	
76.3	99.6	
66.2	99.4	
67.4	99.6	
97.5	99.2	
79.3	99.4	
99.1	79.4	
58.3	98	
78.7	97.8	
97.7	99.6	
87.2	79	
88.8	39.4	
88	89.5	
99.1	98.2	
98.9	99.6	
78.5	98.8	
67.8	79.2	
98.5	89.5	
99.3	99.6	
76.9	99.4	
78.3	99.6	
88	18.4	
99.1	79.4	
77.9	98.8	
77.3	99.4	
88	69.5	
78.5	99.4	
98.1	99.6	
98.7	69.3	
97.1	99.2	
78.5	89.5	
98.5	98.6	
99.3	48.5	
87.6	17.6	
76.7	99.6	
78.3	79	
89	89.7	
99.1	99.2	
99.3	99.4	
99.1	49.1	
87.6	49.7	
88.8	99.4	
89.2	69.1	
68.2	99	
89	69.5	
88.4	99.4	
98.5	99.6	
88.6	98.8	
98.1	69.3	
99.3	99.2	
89	99.6	
78.1	88.9	
89	99.4	
89	99.2	
96.5	-32.7	
88.4	99.2	
88.4	89.7	
87	99.6	
66	59.2	
78.1	79	
88.4	98.8	
98.7	99.2	
87.6	88.7	
98.5	78.4	
99.1	99.6	
98.1	99.4	
99.3	38.8	
56.1	99	
88.4	98.8	
98.5	79.4	
98.9	99.6	
77.7	99.6	
97.9	99.6	
99.3	79.4	
66.8	89.7	
78.9	89.1	
99.1	99.4	
99.3	99.4	
97.9	99.6	
89.4	48.9	
89.2	99	
78.5	99.6	
67.4	99.6	
88.6	89.5	
98.9	58.6	
98.9	98.8	
75.9	88.9	
88.4	89.7	
78.9	99.6	
98.9	99.4	
89.4	79	
98.5	98.4	
99.1	89.3	
98.7	89.3	
99.1	79.2	
58.1	99.2	
98.9	49.1	
89.2	99.4	
99.1	68.3	
98.9	99.6	
98.7	89.3	
89	98.6	
87.8	77.6	
99.3	99.4	
88.4	99.2	
99.1	99.6	
56.9	79	
98.3	99.6	
88.2	99	
98.1	99.4	
98.9	89.5	
99.1	69.5	
89	99.6	
98.7	99.6	
68.2	99	
89	89.5	
88.2	98.4	
67.6	99.6	
78.5	69.1	
98.9	99.6	
98.5	79.6	
89	88.7	
98.9	88.5	
98.7	99.4	
78.1	88.9	
99.3	89.3	
98.9	58.6	
89.2	68.9	
99.1	99.2	
98.3	99.6	
99.3	99.4	
78.1	99.6	
78.7	99.2	
98.9	99.4	
98.7	99.6	
88.8	99.6	
88.4	99.6	
98.1	99.6	
98.9	89.3	
98.9	98.8	
99.3	99.6	
97.7	68.9	
88.6	98.6	
98.9	99.4	
99.1	99.2	
88.4	99.4	
89.2	89.1	
97.1	89.3	
97.7	89.7	
98.9	79.4	
99.3	99.6	
86.8	98.8	
88	99.2	
99.3	99.2	
78.7	99.6	
99.1	99.6	
98.5	89.1	
98.3	89.3	
77.7	99.6	
88.6	99.6	
99.3	99.2	
57.1	99	
78.5	99.6	
47.2	89.3	
98.5	99.2	
99.3	99	
68	99.2	
89	99.6	
99.1	69.1	
77.9	39.6	
98.7	79.2	
98.5	99.6	
77.1	89.5	
99.3	79	
68.6	79.8	
98.9	69.7	
99.3	89.5	
88.2	68.1	
87.4	99.4	
88.8	89.1	
77.7	99.4	
99.1	89.1	
97.9	98.6	
88.8	99	
88.8	99.6	
88.8	99.6	
88.2	99.2	
88.8	99	
77.9	99.4	
89.2	99.4	
68.6	98.8	
98.7	99.6	
89	89.5	
98.5	99.6	
99.3	18.8	
47.8	89.1	
78.7	79.2	
98.5	99.6	
98.1	89.3	
78.7	99.4	
98.7	58.4	
67.6	79.6	
98.9	89.7	
78.1	99.6	
98.5	89.5	
56.7	99.4	
88.8	99	
98.7	89.5	
98.3	79	
99.1	99.6	
78.7	99.6	
46.2	99.6	
87.2	99.6	
88.6	98.8	
88	79	
89.2	99.6	
98.9	79.6	
77.3	99.6	
99.1	89.3	
89.4	99.2	
99.3	98.4	
78.9	99.4	
88	88.5	
99.1	89.1	
77.9	79.4	
98.7	89.3	
98.9	98.8	
86.8	99.6	
67.4	99.2	
98.9	89.3	
98.5	79	
79.5	79.4	
98.3	59	
88.6	99	
98.7	99.6	
66.8	99.4	
77.7	99.6	
88.4	89.3	
57.1	18.2	
98.5	99.4	
98.9	89.7	
98.9	99.6	
98.5	99.4	
98.7	99.2	
87.8	89.5	
46.6	99.6	
89.2	79.4	
89	89.1	
88.6	38.4	
67.4	99.6	
67.8	99.6	
88.8	89.3	
78.9	99.6	
98.9	99.2	
88.4	89.5	
66.4	99.4	
98.3	99.6	
88.2	89.5	
98.9	89.5	
46.2	89.7	
98.5	89.5	
88.2	89.1	
88.8	68.9	
57.9	89.3	
99.3	99.6	
77.7	99.4	
79.3	99.4	
96.9	99.6	
77.9	89.1	
98.3	99	
98.5	98.6	
69	99.6	
67.2	99.6	
98.5	89.3	
89.2	99.6	
88.8	99.6	
78.5	99	
97.5	99.4	
78.5	89.3	
89.2	99.4	
98.5	79.2	
88.8	89.5	
98.5	99.4	
88.2	99.6	
89	99.6	
98.5	99.2	
58.9	89.7	
99.1	99	
88.6	99.6	
98.1	79.2	
88.4	99.6	
88.2	99.4	
78.3	99.4	
99.3	69.1	
97.9	99.2	
88.4	79.2	
99.1	89.3	
98.9	99.6	
98.5	88.5	
88.8	99.2	
99.1	79	
78.1	99.6	
98.5	89.7	
98.7	99.4	
98.3	99.6	
78.7	99.6	
97.9	78.8	
57.5	58.6	
89.2	59.4	
98.3	58.8	
68	99.6	
68	69.7	
68.6	98.2	
67.8	99.4	
98.7	99.4	
78.3	9.3	
76.5	89.1	
98.5	99.6	
98.9	99.6	
99.3	89.3	
98.3	99.2	
98.7	99.2	
98.3	99.6	
98.9	79.8	
88.8	99.2	
88.2	99.6	
89.2	99.6	
87.4	99.6	
88	99.6	
98.7	99.4	
98.1	99.6	
88.6	99.2	
88.6	89.5	
77.9	99.6	
98.9	79.8	
88.4	99.4	
88.6	99.2	
58.7	89.5	
89	87.9	
77.5	77.6	
78.7	99.4	
99.1	68.1	
98.7	79.2	
87.8	88.9	
87.8	89.1	
76.7	99.6	
98.7	28.9	
88.4	99.2	
87.4	68.9	
99.1	99.4	
87.6	89.7	
99.1	59.6	
58.1	88.9	
58.3	99.4	
98.5	99.6	
88.8	79.2	
77.7	99.4	
98.9	78.6	
99.3	99.4	
98.3	98.8	
98.5	89.5	
97.9	99.6	
56.5	89.7	
87.6	99.4	
98.5	89.3	
69	98.4	
98.9	99.4	
79.3	89.7	
77.7	78.8	
69	69.1	
99.1	49.5	
89.2	99	
77.7	99.4	
79.1	99.4	
98.5	89.5	
88.2	78.8	
88.8	88.9	
89.2	79.6	
77.5	89.5	
88.6	99	
78.7	99.4	
98.7	59.6	
89	99.6	
78.7	99.6	
99.3	69.3	
88.6	98.8	
67.8	99.6	
67.4	99.4	
97.5	99.4	
99.1	89.3	
48.4	99.6	
88	99.2	
78.3	99.6	
99.1	99.6	
98.7	99.4	
98.5	99.6	
88.6	68.9	
98.3	99.4	
99.3	99.6	
79.5	79.2	
98.9	89.7	
98.3	89.1	
98.9	99.6	
98.9	89.3	
88.6	18.8	
88	59.6	
98.5	99.2	
78.7	89.7	
89	58.8	
98.9	88.9	
88.8	89.7	
97.9	99	
88.2	89.7	
89.2	8.7	
87.4	89.1	
87.4	99.4	
55.9	89.3	
87.8	89.3	
67.6	99.4	
87.8	89.1	
98.9	89.1	
97.3	79	
99.3	99.4	
66.6	69.7	
78.1	99.6	
87.8	79.4	
89.2	99.2	
77.9	99.2	
99.3	89.7	
98.7	99.6	
99.1	89.5	
89.2	99.6	
88.6	-31.1	
79.1	99.4	
87.8	99	
79.1	99.6	
99.3	79.2	
88.2	69.1	
99.1	99	
68.2	79.4	
77.1	98.8	
99.3	79.2	
77.7	89.3	
68.4	99.6	
88.6	-11.5	
