15.1	-487.8	
55.5	39	
77.9	79.2	
68.2	-23	
93.3	78.8	
96.5	89.3	
97.3	49.5	
58.3	99.6	
86	69.7	
98.3	16.8	
87.4	79	
98.7	99.6	
72.7	99.4	
87.2	99.6	
98.1	89.7	
98.5	99.4	
99.1	99.4	
87.8	99.6	
98.9	99.6	
98.7	99.2	
98.7	99.6	
97.9	99.4	
98.3	99.6	
89	99	
89.4	99.6	
88.4	99.4	
98.5	89.3	
88.2	99.6	
65.6	99.4	
96.9	89.5	
88.6	99.2	
86.6	99.6	
98.5	89.3	
77.7	78.8	
75.1	99.6	
88.4	89.3	
97.7	99.4	
97.7	99.6	
86.8	99.6	
98.5	99.6	
99.3	59.6	
98.9	89.5	
98.5	99.6	
79.1	79.2	
76.7	99.4	
98.3	98.8	
98.3	99.6	
89.2	89.5	
98.9	99.6	
88.6	99.4	
98.5	99.6	
89.4	99.4	
78.3	99.4	
89	89.5	
98.9	99.6	
78.9	99.6	
98.9	89.7	
99.3	88.7	
99.1	99.4	
99.1	99.4	
99.1	98.4	
99.3	99.6	
88.4	99.6	
98.7	99	
98.7	89.3	
98.7	99.6	
89	99.6	
99.3	89.5	
99.3	99.6	
98.9	98.8	
89.2	99.6	
98.9	99.2	
88.6	99.4	
99.3	99.6	
89	89.5	
99.1	99.2	
89	99.4	
88.4	99.2	
99.1	77.8	
99.3	99.4	
87.8	79	
98.9	89.7	
99.3	89.7	
88.8	89.3	
98.9	49.1	
88.4	79.4	
88.6	89.5	
98.9	89.5	
98.9	99.6	
99.3	99.6	
89	89.7	
99.1	89.7	
99.1	89.7	
98.5	47.9	
99.1	99.6	
88.8	99.6	
99.3	89.3	
99.1	99.6	
98.9	98.6	
99.3	99.4	
99.3	89.5	
88.8	99.6	
89.4	99.4	
99.3	99.4	
98.9	89.7	
89.4	78.6	
98.7	79.2	
99.1	98.8	
88.8	99.6	
99.3	99	
99.3	99.6	
99.1	99.2	
78.9	99.4	
99.3	99.4	
69.2	89.3	
98.9	99.6	
99.1	99.6	
99.3	99.4	
97.3	99.2	
99.1	89.3	
98.7	99.2	
99.1	99.2	
99.1	99.6	
88.6	89.5	
98.9	99.4	
97.9	99.4	
88.6	99	
98.7	99.6	
89.2	99.6	
99.3	99.4	
99.3	99.4	
98.9	98.8	
99.3	99.4	
68	99.6	
89	99.6	
88.2	99.6	
99.3	89.1	
99.3	99.6	
99.3	89.5	
88.6	99.4	
88.8	99.6	
99.3	99.6	
88.8	99.6	
99.3	99.4	
99.1	99.4	
78.9	89.7	
88.8	69.1	
99.1	99.6	
88.8	89.3	
98.7	99	
99.3	99.4	
99.1	99.6	
98.9	99.2	
99.1	99.6	
99.3	99.6	
89.2	79.2	
98.1	99.6	
98.9	99.6	
88	99.2	
88.2	99.6	
98.9	99.6	
89.2	79	
99.3	89.3	
88.8	99.6	
99.1	89.5	
98.7	99.4	
99.1	99.6	
99.1	88.9	
99.3	79	
99.3	39.2	
98.7	99	
99.3	69.7	
99.1	69.3	
88	89.3	
88.6	89.7	
98.5	79	
97.5	89.7	
88.6	99.2	
89.4	99.6	
98.9	99.6	
78.9	98.8	
98.1	99.6	
99.1	79.8	
89.4	89.3	
89	99.6	
88.8	99.4	
98.7	99.6	
99.3	99.6	
78.3	99.6	
99.1	99.4	
99.1	99.6	
99.1	89.5	
89	99.2	
78.7	99.4	
89	99.6	
98.5	99.6	
87.2	99.6	
89.2	89.7	
99.3	89.5	
99.1	99.6	
89	89.7	
99.3	99.6	
99.3	99.6	
89	89.7	
89	89.7	
98.9	69.5	
99.1	99.4	
98.9	99.4	
89	99.6	
98.9	69.5	
68.4	99.6	
89	99.6	
66.6	98.8	
98.9	99.6	
89	89.5	
99.1	99.6	
88.8	99.6	
99.1	99.6	
98.9	99.4	
88.8	99.6	
99.3	79.8	
99.3	99.4	
99.3	99.6	
98.7	89.3	
78.7	99.6	
99.1	99	
99.3	89.3	
99.3	99.6	
99.3	99.4	
88.6	99.4	
98.9	89.3	
99.3	99.6	
98.9	79.6	
69.2	99.2	
98.9	99.6	
78.9	99.2	
89.2	99.4	
99.1	99.6	
99.1	99.6	
88.8	99.6	
99.1	99.6	
98.5	89.3	
99.3	99.4	
99.1	99.2	
99.3	99.6	
99.3	99.6	
89	99.6	
99.1	79.4	
99.3	99.6	
98.3	99.6	
89.2	88.5	
98.3	89.7	
99.3	99.2	
99.3	89.7	
99.1	89.7	
98.9	99.4	
98.5	99.6	
99.1	99.6	
99.1	99.6	
98.9	69.7	
99.1	99.6	
88.8	99.6	
98.7	99.6	
89.4	89.5	
98.9	89.3	
99.3	99.6	
98.7	99.6	
98.5	99.6	
98.9	99	
99.1	99.4	
98.7	89.1	
99.1	89.7	
98.7	99.6	
98.9	99.6	
99.3	79.4	
99.1	99.6	
99.1	99.6	
97.9	99.6	
99.1	99.6	
99.3	99.4	
99.1	99.6	
89	99.4	
89.2	99.6	
67.4	99.4	
99.3	79	
99.1	99.6	
89	99.2	
99.1	99.4	
89	99.2	
97.7	99.6	
99.3	99.4	
98.5	99.4	
99.1	78	
99.1	99.6	
98.9	99.6	
98.9	79.2	
99.1	89.3	
89	99.6	
89.2	99.4	
88.6	99.6	
99.3	99.2	
99.1	89.5	
98.7	99.6	
99.3	99.6	
99.1	78.8	
99.3	89.7	
99.3	99.6	
97.5	99.6	
99.3	89.5	
77.5	99.4	
89	89.5	
88.6	99.6	
99.3	99.4	
99.3	99.4	
99.3	99.4	
79.1	99.6	
89	88.9	
98.9	99.6	
99.3	99.4	
89.4	99.4	
98.7	99.2	
88.8	79.2	
98.7	99.6	
98.3	99.2	
98.9	99.6	
99.1	99.6	
99.3	98.8	
98.9	99.6	
99.1	99.6	
99.3	99.6	
99.1	99.6	
88.4	99.6	
98.7	99.6	
99.3	99.6	
98.7	79.2	
99.3	99.6	
99.3	99.6	
89	99.6	
99.1	99.6	
89.4	99.6	
99.1	99.6	
98.9	99.4	
98.5	99.6	
99.3	99.6	
99.3	99.4	
98.9	-31.7	
99.1	99.6	
99.3	99.6	
98.9	89.5	
89.4	99.6	
89.4	99.6	
99.1	99.6	
88.8	99.6	
99.1	99.6	
99.3	99	
78.9	88.7	
98.7	99.6	
99.1	99.6	
99.1	99.4	
98.3	89.3	
99.3	99.6	
89.2	89.5	
89.4	99.2	
99.1	99.6	
89.2	99.6	
99.1	99.2	
99.3	99.6	
88.8	99.4	
98.7	89.5	
99.3	99.6	
89.4	79.4	
99.1	99.6	
89.2	99.4	
98.9	99.6	
99.1	89.3	
99.3	99.4	
98.9	68.9	
99.3	89.5	
99.1	89.7	
99.1	89.7	
98.9	89.7	
89.2	99.6	
88.8	89.7	
99.3	89.7	
98.3	69.1	
88.6	99.2	
98.9	99.6	
79.5	89.7	
99.1	89.7	
99.1	79.4	
98.9	89.7	
98.9	99.4	
89	99.6	
99.3	99.4	
99.1	89.5	
98.9	99.6	
98.9	99.6	
99.3	79.4	
89.2	79	
99.1	89.7	
89	89.7	
99.1	99.4	
99.1	99.4	
89.2	99.4	
98.9	99.6	
87.8	79.6	
99.1	89.1	
99.3	99.4	
99.1	99.6	
99.1	99.6	
98.9	99.4	
99.3	89.5	
98.7	99.6	
99.3	88.9	
99.3	99.4	
99.1	99.6	
89.2	99.4	
99.1	99.6	
99.3	99.6	
98.9	99.6	
98.5	89.3	
99.1	99.6	
99.1	79.4	
99.3	99.6	
99.1	89.5	
98.9	99.6	
99.3	99.6	
88.4	99.6	
99.1	89.1	
89	89.3	
89	99.6	
89.4	99.6	
88.8	99.4	
99.1	99.6	
99.1	99.6	
98.9	89.5	
98.9	99.6	
89	99.6	
99.1	99.2	
88.8	99.6	
98.9	89.3	
98.9	99.4	
99.3	99.4	
99.1	99.2	
98.9	89.5	
98.9	99	
99.3	89.1	
79.1	99.4	
99.3	99.6	
99.3	99.2	
88.8	89.5	
99.1	99.6	
98.7	99.6	
89	99.6	
89	79	
88	99.4	
99.3	99.4	
89.4	99.4	
88.8	99.2	
98.9	89.5	
99.3	79.2	
99.3	99.6	
99.3	99.6	
98.7	99.6	
89.2	99.6	
99.3	89.5	
88.8	99.6	
88.8	99.6	
98.9	99.6	
99.3	89.3	
98.9	99.2	
98.9	99.6	
78.1	89.7	
99.3	89.7	
88.8	99.6	
89.2	99.4	
78.9	89.5	
98.3	99.2	
99.3	99.6	
99.3	89.3	
77.9	99.4	
89.4	89.3	
99.1	99.6	
99.3	78.8	
98.7	99.4	
99.3	99.6	
79.3	99.6	
98.9	99.4	
98.9	99.4	
98.7	99.6	
99.3	99.6	
88.6	99.6	
88.8	89.3	
99.3	99.6	
78.9	99.6	
99.3	99.4	
98.5	99.6	
99.1	89.7	
99.1	99.6	
89.2	99.6	
