-28.1	-112.3	
98.1	69.5	
98.1	-11.3	
58.3	8.3	
88.4	69.7	
85.2	69.3	
98.9	87.3	
84.8	69.5	
84.2	87.7	
54.5	89.3	
99.1	88.7	
87	69.7	
79.1	99.6	
98.9	99.6	
98.9	78.6	
99.3	99.2	
99.3	79.2	
99.3	78.6	
99.1	99.6	
88.4	99.4	
98.3	99.6	
89.2	99.2	
99.1	99	
98.9	99.6	
89.2	99.6	
98.3	69.1	
98.9	99.4	
98.7	99.6	
99.1	99.6	
98.9	88.7	
88.4	99.4	
78.5	99.6	
52.3	99.6	
99.1	88.7	
99.3	99.4	
98.7	79.4	
88	99.4	
99.1	89.1	
39.8	99.4	
78.1	79.6	
86	59.4	
98.3	98.8	
97.3	98.2	
87.2	99.6	
86	99.4	
76.1	99.6	
98.9	99.4	
87.8	69.3	
98.9	99.6	
98.9	98.2	
99.3	99.6	
99.1	99.6	
79.1	69.5	
78.3	99.6	
98.7	89.5	
99.1	88.9	
89	99.2	
89.2	99.6	
98.7	99.4	
99.3	99.2	
99.1	99.4	
99.3	89.3	
99.3	99	
98.1	99.4	
99.3	99.6	
99.1	99.6	
99.1	69.3	
99.3	99.6	
98.3	79.6	
99.1	99.4	
88.8	99.6	
98.5	79.4	
98.9	89.1	
88	99.6	
99.1	99.6	
99.1	79.4	
99.3	99	
99.1	99.4	
98.9	99.2	
88.8	99.6	
88.6	99.6	
98.7	99.4	
99.3	99.4	
78.9	99.6	
98.9	99.4	
97.7	99.6	
88	99.6	
78.5	98.6	
99.3	99.2	
97.1	69.3	
98.5	99.4	
99.3	99.6	
99.3	38.8	
99.1	69.1	
99.3	99.4	
99.1	99.4	
99.1	38.4	
99.1	99	
99.3	79.6	
99.1	99.6	
88.8	99.2	
99.1	68.1	
99.3	99.4	
99.1	99.6	
99.1	99.6	
99.3	98.8	
98.9	89.1	
97.7	99.6	
78.9	79.4	
88.8	99.6	
99.3	99.6	
99.3	99.6	
98.9	89.5	
67.2	89.5	
98.9	99.6	
98.9	59.2	
99.3	78.6	
88.4	78.8	
86.8	69.7	
58.5	99.2	
98.9	99.6	
99.1	89.3	
99.3	89.5	
98.9	99.6	
99.1	99.4	
89	99.6	
98.5	99	
79.1	89.3	
99.3	99.4	
99.3	99.6	
98.5	99.4	
89.4	79.2	
86.8	99.2	
98.9	99.6	
98.1	99.6	
99.1	89.1	
98.9	99.6	
99.3	89.5	
89	99.6	
99.1	99.6	
88.8	79.6	
99.1	89.3	
89.4	89.7	
98.9	99.6	
99.1	79.2	
98.5	99	
99.3	99.4	
99.1	99.6	
99.1	99.6	
99.1	99.6	
99.1	99.6	
99.1	99.6	
99.3	99.6	
98.9	99.4	
88.6	79.4	
89.2	59	
47.4	99.6	
99.3	89.7	
98.7	99.6	
98.5	99.6	
88.8	79.6	
98.3	99.6	
98.3	99.4	
89.2	99.6	
78.5	99.6	
98.3	99.4	
89.4	89.1	
68.4	49.5	
98.7	79.4	
98.9	99.4	
98.9	99.4	
99.3	89.5	
99.3	99.4	
98.9	99.6	
99.3	99.6	
99.3	99.4	
98.9	99.4	
89.2	89.5	
99.3	99.2	
89.2	99.6	
99.1	99.6	
99.1	99.4	
99.3	89.5	
99.3	99.4	
68.4	99.4	
98.9	89.1	
88.6	99.4	
99.1	99.4	
98.5	89.7	
99.1	99.4	
88.4	99.6	
99.3	89.5	
98.3	99.6	
98.7	99.2	
99.3	99.6	
98.9	89.7	
99.3	88.9	
99.1	89.1	
78.7	99.6	
89.2	49.5	
99.1	99.4	
88.2	89.3	
99.1	99.6	
98.5	99.6	
89.2	89.7	
88.8	89.7	
99.1	89.5	
98.9	89.7	
89.2	99.6	
98.9	99.6	
99.1	79.2	
89.2	99.6	
98.7	99.6	
98.3	99.6	
98.9	78.8	
99.1	99.6	
98.9	99.6	
99.3	99.6	
98.9	79.4	
99.3	99.2	
79.3	89.1	
99.3	99.6	
88.4	99.6	
68.6	99.6	
99.1	89.7	
98.5	79.6	
98.7	79.6	
57.3	99.4	
99.1	79.4	
88.6	99.6	
89	89.1	
98.7	99.4	
98.7	99	
79.1	99.6	
98.1	99.4	
98.9	89.5	
99.1	89.1	
98.9	99.4	
98.5	89.1	
99.1	99.4	
98.5	99.6	
88.8	89.5	
78.5	99	
99.1	89.5	
99.1	99.4	
78.3	99.4	
99.3	99	
99.1	89.5	
98.9	89.7	
97.7	89.5	
89	89.5	
99.3	99.6	
77.7	99.6	
99.1	99.4	
99.3	99.2	
99.3	99.6	
99.1	89.5	
99.1	99.4	
89	99.4	
96.3	99.6	
88.6	99.6	
99.3	99.4	
98.9	99.4	
88.6	89.7	
87.6	99.2	
99.3	68.7	
99.3	89.5	
88.4	99.6	
98.9	99.2	
89.4	99.4	
99.3	89.5	
99.1	79.2	
89	99.4	
99.3	89.5	
99.1	89.5	
98.9	99.4	
79.1	89.5	
99.3	99.6	
89	99.6	
88.6	89.7	
99.1	99.6	
88.8	89.1	
99.1	89.5	
88.8	89.5	
89.2	99.2	
97.7	99.6	
99.3	99.4	
99.1	88.9	
78.3	99.6	
98.5	99.6	
88.8	99.2	
98.7	89.5	
99.3	79.4	
88.6	99.6	
78.5	99.6	
98.9	99.6	
98.9	99.6	
88.8	99.6	
89	89.5	
78.5	99.6	
77.3	99.6	
99.3	99.4	
89	88.7	
99.1	89.5	
99.1	99.4	
89	99.6	
88.4	99.4	
89.2	89.7	
99.1	99.2	
88.8	89.5	
98.9	89.7	
89.4	89.3	
98.5	89.7	
99.3	89.7	
99.1	78.8	
99.3	99.6	
88	99.6	
67.2	99.2	
99.1	99.2	
99.1	99.6	
98.7	78.8	
99.3	99	
99.1	89.3	
98.3	99.6	
98.7	99.6	
98.9	89.1	
88.6	89.3	
99.3	99.6	
99.3	88.5	
98.7	99	
98.1	89.1	
98.9	99.4	
89.2	99.6	
98.9	99.6	
98.3	99.6	
99.1	99.6	
98.7	99.6	
99.1	99.4	
99.1	98.6	
99.3	99.6	
98.7	99.6	
98.5	89.1	
99.1	88.9	
78.7	99.6	
99.3	79.2	
88.6	99.4	
98.9	89.3	
99.3	99.6	
98.9	99.6	
99.3	99.6	
78.5	89.5	
97.7	99	
99.3	99.6	
88.6	99	
98.5	99.6	
98.9	89.3	
99.3	89.1	
99.3	99.6	
88.2	78.6	
98.9	99.6	
99.3	99.6	
78.5	99.2	
99.1	99.6	
98.9	99.4	
89.4	89.1	
99.3	99.6	
99.1	99.4	
89	99.4	
99.3	89.5	
98.9	99.6	
89.2	79.4	
89	99.6	
99.3	98.8	
98.9	99.6	
98.5	99.6	
99.3	99.6	
89	99.6	
99.1	88.7	
98.7	99.6	
99.1	99.2	
98.9	98.8	
89	99.4	
99.3	99.6	
98.9	89.3	
68.6	98.6	
99.1	99.6	
99.1	98.8	
89.4	79	
98.9	99.6	
99.3	99.6	
89	99.4	
98.5	99.6	
98.9	99.6	
98.7	99.2	
77.7	99.4	
99.1	79.4	
99.1	79.6	
89	99.2	
89.4	99.6	
99.1	99.6	
99.3	99.2	
99.1	99	
99.3	89.3	
98.9	89.1	
99.3	78.6	
98.9	99.6	
89	99.6	
89	99.4	
99.3	79.4	
99.1	99.6	
98.9	99.4	
77.7	79	
99.1	99.6	
87.8	99.6	
88.2	99.2	
98.9	99.6	
89.2	99.2	
98.1	99.6	
98.9	99.2	
98.9	89.3	
99.3	99.4	
88.8	99.6	
88.4	98.8	
88	89.5	
98.7	99.6	
88.2	89.7	
99.1	99.4	
89.4	79	
98.7	99.6	
99.1	99.4	
98.7	99.6	
99.1	99.6	
48	99.4	
99.3	99.4	
98.5	99.4	
99.1	99.2	
99.3	99.4	
79.1	99.6	
89.4	99.6	
88	99.6	
99.3	99.2	
88.6	99.6	
88.4	99.6	
99.3	89.3	
99.1	89.3	
99.1	99.4	
98.5	89.5	
89	99.4	
98.3	99.6	
98.9	89.5	
99.3	99.6	
99.3	99.4	
98.7	89.3	
89	99.2	
88.6	99.4	
87	89.5	
99.1	99.6	
98.7	99.4	
89.2	99	
88.6	89.5	
99.1	89.3	
98.7	99.6	
88.8	99.6	
99.3	99.6	
99.1	89.3	
99.3	89.7	
88.6	58.8	
78.9	89.7	
88	89.5	
99.1	89.7	
99.3	89.7	
88.4	89.7	
99.1	69.5	
98.7	89.7	
98.3	99.4	
89.2	99	
99.3	89.7	
89.4	79.6	
98.9	99.6	
99.1	99.6	
88.4	89.5	
89	69.5	
88.4	79.6	
99.3	99.4	
98.9	99.6	
99.1	99.4	
89.2	99.6	
99.3	99.6	
99.3	88.9	
79.3	99.4	
99.1	99.6	
89	99.6	
98.9	79.4	
89	99.4	
99.1	99.6	
99.1	89.3	
89.4	99.6	
99.3	89.7	
99.1	99.4	
99.1	89.5	
