44.8	39	
56.7	-254.7	
-17.8	-11.5	
88.6	-113.5	
88.6	18.8	
77.9	-51.9	
98.5	-35.7	
88.6	86.9	
47	35.2	
67.4	57.8	
86.6	99	
96.7	87.3	
75.9	79	
87.2	89.5	
77.7	98.4	
89	99.4	
76.9	79	
86.4	59.2	
94.9	99	
89.2	99.4	
98.1	99.2	
77.3	99.6	
97.7	99.2	
88.4	89.3	
98.3	69.3	
88.4	68.7	
98.7	99.4	
78.7	89.3	
97.5	79.6	
98.9	79.2	
98.9	89.1	
78.7	79.4	
66.8	89.1	
68.2	89.5	
97.3	79.2	
89	99.6	
47	88.7	
97.7	98.8	
96.5	88.7	
88.8	69.5	
88.4	99.6	
89	89.5	
77.3	98.8	
89	48.5	
89.4	79.6	
98.5	99	
98.7	28.5	
95.3	99.4	
98.7	99.6	
98.1	28.9	
89	99.6	
98.9	99.4	
79.1	89.7	
98.5	99.4	
98.7	99.6	
98.7	99.4	
88	79.8	
98.1	99.4	
58.5	99.6	
96.9	89.1	
87	99.4	
98.9	99	
89.4	99.6	
88.6	99.2	
78.5	89.3	
99.1	99.4	
66.2	89.5	
99.1	39.2	
88.8	69.3	
78.9	98.4	
88	57.4	
98.9	89.3	
97.9	99.6	
78.5	89.5	
79.3	69.3	
99.3	79.2	
99.3	78.6	
26.6	89.5	
97.9	99.4	
78.9	99.2	
99.3	99.2	
-4.1	89.1	
86.6	99.6	
89	79.2	
88.2	89.1	
79.1	18.2	
99.1	99.2	
97.1	99.6	
78.5	99.6	
98.7	89.1	
99.3	49.3	
98.9	99	
98.9	79.4	
99.1	79.6	
98.9	99.6	
78.7	99.4	
56.7	79.4	
67.2	98.8	
67.4	99.6	
88.8	99.6	
88.6	98.6	
89.4	99.6	
98.9	79.2	
58.9	99.6	
89.4	79.6	
98.5	99	
77.9	-11.1	
79.1	99.4	
97.9	79.8	
88.6	79.6	
88.2	99.4	
89.2	89.1	
79.5	79.4	
78.9	99.6	
67	78.8	
97.5	99.6	
68	99.6	
77.7	88.7	
74.9	89.3	
94.7	79.2	
88	99.2	
99.1	99.4	
87.6	99.6	
98.9	99.2	
88.4	79	
98.3	99.2	
98.5	99.6	
77.7	99.2	
98.1	99	
88.8	69.3	
89	99.6	
89	99.4	
89	79.4	
88.6	68.7	
98.9	99.6	
68.2	99.2	
98.7	99.6	
97.3	99.2	
88.2	87.5	
89.4	88.9	
99.3	79.4	
78.1	79.6	
89.2	79.6	
99.1	99.6	
99.3	99.6	
67.8	99.6	
78.5	99.4	
98.5	18.6	
97.3	99.2	
89	99.6	
87.2	69.3	
98.1	99.2	
99.1	99.4	
99.3	99.2	
98.9	89.3	
89	99.2	
99.3	99.2	
58.3	99.4	
68.2	99.6	
98.3	98.8	
98.9	99.6	
98.5	78.8	
88.8	68.3	
98.9	89.5	
88.2	79.2	
98.7	38.2	
89.4	89.1	
98.7	86.3	
78.5	99.4	
99.3	78.8	
99.1	99.4	
88.2	99.4	
98.7	39.4	
78.3	79.6	
87.8	99.4	
89	99.4	
98.5	79.2	
88.8	89.5	
97.3	58	
97.1	89.1	
98.5	99.6	
68.6	89.1	
99.1	89.3	
99.1	79	
88.8	99.4	
98.5	99.6	
99.1	99.6	
87.8	99.2	
88	79.4	
77.3	78.4	
55.9	99.2	
99.1	98.6	
88.4	99.6	
99.1	78.8	
99.1	99.6	
78.7	98.4	
99.3	79.4	
88.8	98.8	
99.1	89.1	
98.7	99.2	
88.8	89.3	
77.9	89.5	
77.9	89.5	
67.8	99.6	
98.9	99.6	
79.3	48.5	
77.7	88.9	
99.3	78.8	
78.7	89.1	
99.3	99.4	
78.1	99.6	
77.9	99.6	
79.1	89.5	
88	79.4	
58.1	79.8	
78.9	99.6	
79.1	88.9	
99.1	69.5	
58.1	99.4	
97.9	99.4	
89	89.7	
66.6	99.6	
55.1	77.2	
48.4	89.5	
99.1	79.4	
88.8	79	
37.9	69.3	
58.1	78.8	
78.5	89.7	
79.1	-10.9	
88.6	99.4	
13.7	89.3	
97.5	37.6	
98.1	79.2	
98.7	99.4	
89	99.6	
87.6	88.5	
88.4	89.7	
68.2	89.7	
98.7	99.6	
98.7	99.6	
68.6	99.6	
88	57.8	
99.3	99.4	
77.5	89.1	
97.9	79.4	
89.4	88.9	
98.7	79	
88.2	89.7	
67.4	89.7	
99.1	59	
98.7	89.5	
98.5	69.5	
67.4	99.6	
99.1	89.5	
98.3	68.5	
98.9	89.5	
88.2	79	
98.9	89.1	
89	99.6	
48.4	99.6	
98.1	27.7	
88.8	79.2	
57.3	99.6	
89	77.8	
88.6	99.6	
99.1	99.4	
98.7	98.2	
98.1	89.5	
67.4	99.2	
68.2	99.4	
99.1	99	
89	99.4	
88.8	89.1	
88.8	99.6	
98.5	89.7	
56.9	99.4	
89	89.5	
89	68.7	
99.3	99.2	
98.7	79.4	
99.1	99.4	
87.8	98.6	
99.1	88.9	
88.6	79.6	
98.5	88.9	
88.2	59	
98.9	-11.7	
88.4	89.5	
79.3	99.6	
99.3	99.6	
86.8	78.4	
68.2	-1.2	
99.1	99.4	
68.6	79.2	
99.3	99.4	
77.9	89.5	
89	58	
98.3	89.3	
98.9	99.2	
98.9	99.6	
88.6	99	
89.2	79.6	
88	99	
98.5	99	
66.8	99.4	
98.7	99.6	
88.2	78.6	
98.7	99.4	
78.1	99.4	
98.9	99.4	
98.1	88.9	
88.6	89.3	
89	99.6	
78.9	49.1	
99.1	99.2	
99.1	89.7	
88.6	8.7	
87.4	47.7	
99.1	19.2	
98.7	99.4	
77.9	89.5	
96.1	99	
57.5	89.7	
98.1	99.6	
99.3	48.9	
77.9	79.4	
98.5	79.2	
87.2	68.1	
98.5	78.8	
97.7	89.3	
97.7	88.9	
98.9	79.6	
98.9	89.1	
99.1	88.9	
68.6	99.6	
96.3	89.5	
89	27.5	
88	78.8	
88	89.1	
97.5	99.6	
89.2	89.1	
77.5	99.4	
88.8	89.5	
79.1	89.5	
88.8	99.6	
67.4	89.1	
88.8	89.7	
89.2	89.3	
88.4	89.5	
98.5	78.8	
98.9	98.6	
67.8	89.7	
77.7	99.2	
99.1	68.5	
98.7	59.2	
99.1	89.5	
88.8	88.7	
99.3	89.3	
98.9	99.4	
99.3	78.8	
77.1	38.2	
89	89.3	
87.2	89.7	
89	78.4	
98.3	-11.5	
98.5	99.4	
86.6	89.5	
98.9	99.6	
97.3	69.3	
89	88.9	
79.1	69.3	
99.1	99.4	
78.1	29.5	
68.2	89.1	
88.2	98.8	
89	89.3	
67.2	88.9	
99.3	79.4	
88.6	79.4	
99.1	99.6	
98.5	99.2	
89.2	88.9	
89	99.2	
98.9	99.4	
88	99.6	
88.4	89.1	
66.6	68.9	
88.8	99.6	
98.9	99.2	
88.6	99.4	
48	49.5	
88.4	99.4	
88	79.6	
98.9	58.8	
77.9	79.8	
88.8	78.8	
98.7	99.4	
98.5	69.1	
98.7	99.2	
98.1	99.6	
87.6	79.6	
88.6	69.7	
89.2	99.6	
99.3	98.8	
99.3	99.6	
88.8	89.7	
68.2	69.3	
98.3	38.6	
79.1	39	
88.6	99.6	
35.7	68.7	
88.8	99.4	
77.9	98.6	
78.5	89.3	
67.4	79.8	
77.5	-41.8	
86.8	99.6	
89	98.8	
89.4	99.4	
88.6	79.2	
87.2	78	
99.3	39	
68.6	99.6	
98.9	68.9	
78.3	99.4	
98.7	99.6	
78.9	99.6	
98.9	89.1	
98.3	79.4	
99.1	68.9	
78.1	79.2	
97.9	78.8	
99.3	89.5	
98.7	78.6	
99.3	89.1	
78.5	99.2	
88	89.1	
89.2	99.2	
98.5	99.6	
78.5	89.7	
89	68.9	
98.1	89.1	
88.6	27.9	
88.4	89.5	
97.3	39.6	
98.9	88.9	
98.9	88.7	
99.1	79.8	
79.1	99.6	
68	99.2	
88.6	99.6	
98.1	88.5	
89.2	79	
87.4	19.6	
67.2	99.4	
98.9	79.4	
68.8	79	
89	99.4	
79.1	89.1	
64.6	98.8	
98.9	79.4	
99.1	78.6	
78.9	79.6	
87	87.9	
99.1	99.6	
98.1	89.5	
98.5	69.5	
98.9	79.4	
99.3	79	
97.9	69.5	
89.2	89.7	
87.8	88.7	
78.3	79.4	
98.3	88.7	
78.3	99.6	
67.8	68.5	
89.4	99.2	
68.6	89.3	
99.1	99.6	
88.2	99.2	
97.5	68.9	
98.9	89.1	
64.6	99.4	
77.3	89.7	
99.3	99.6	
89	79.6	
99.3	99.2	
99.1	79.4	
99.1	99.4	
98.7	89.5	
88.2	89.7	
77.7	79	
76.5	59.2	
25.8	99.6	
96.7	88.9	
98.7	89.7	
98.7	99.6	
98.9	99.6	
89.4	99.6	
