3.2	79.4	
78.3	-331.6	
99.3	-57.7	
41.4	-166.6	
97.1	79.6	
96.9	79.4	
86.8	79.4	
95.7	79.4	
97.5	89.5	
99.1	59.4	
98.3	79.4	
98.7	39.4	
78.5	79.4	
98.3	79.4	
98.7	79.4	
97.7	89.3	
99.1	79.4	
98.9	79.4	
99.1	79.4	
99.3	48.9	
99.1	79.4	
99.3	79.4	
88.6	79.4	
99.3	79.4	
98.7	69.3	
98.1	64.5	
99.1	55	
99.1	46.5	
99.3	37.2	
87.2	65.1	
88.4	68.6	
99.1	78.4	
99.1	97.8	
98.9	88.3	
98.7	27.1	
99.1	77.4	
89.4	78.8	
99.3	88.5	
99.3	98.8	
99.3	56.4	
99.3	88.3	
99.3	78	
99.3	89.3	
99.3	99.4	
99.3	76.6	
98.9	69.3	
99.3	89.3	
98.9	89.1	
99.1	79	
99.3	68.7	
78.5	68.9	
99.3	89.1	
98.1	89.3	
98.7	89.1	
98.9	89.3	
99.3	89.1	
99.3	89.3	
88.8	89.3	
99.3	89.3	
89.4	69.1	
99.3	69.3	
99.3	68.5	
99.3	89.1	
99.3	89.3	
99.1	79.2	
98.7	89.3	
88.6	89.1	
99.3	78.8	
89	89.3	
89	99.6	
99.1	58.4	
99.3	68.9	
99.1	89.1	
99.3	69.1	
99.3	88.9	
88.8	29.3	
98.7	78.6	
99.3	89.1	
99.3	88.9	
98.9	69.1	
99.1	88.9	
99.1	69.3	
99.3	89.1	
88.8	89.5	
99.1	89.5	
98.9	79.4	
98.9	89.1	
89.2	68.9	
99.3	89.1	
98.9	89.1	
99.1	88.9	
99.3	89.1	
99.1	89.3	
99.1	89.3	
99.3	89.3	
99.3	98.8	
98.7	89.1	
99.3	18.8	
99.1	89.3	
88.8	89.1	
99.1	89.5	
99.1	79	
89	89.3	
98.5	79.2	
89	89.3	
89.2	79.2	
99.3	69.1	
98.7	99.4	
99.3	78.8	
98.9	89.5	
99.3	89.1	
98.9	89.1	
99.1	89.5	
99.1	89.1	
98.9	89.5	
99.3	89.3	
99.3	88.7	
99.3	89.1	
97.9	89.1	
98.5	89.3	
99.1	8.1	
99.1	89.3	
99.3	79.2	
99.1	88.9	
99.1	89.3	
89.2	89.5	
98.9	78.6	
99.1	89.3	
99.1	89.3	
98.9	88.9	
98.9	79	
88.8	89.5	
89	89.1	
99.3	89.1	
98.9	89.3	
99.3	89.1	
89.2	88.9	
99.1	89.3	
98.7	88.9	
98.1	89.3	
99.3	88.9	
99.1	99.2	
98.7	99.6	
99.3	99.6	
99.3	99.4	
98.9	99.4	
98.9	99.6	
99.3	99.4	
99.1	99.6	
79.3	99.6	
99.1	89.1	
98.9	99.4	
98.9	79.2	
99.1	99.4	
89	99.6	
99.3	99.4	
99.3	99.4	
98.9	99.6	
99.3	99.6	
99.1	99.2	
89.4	99.4	
88.8	89.1	
99.1	99.6	
99.1	99.6	
88.6	99.6	
99.1	89.3	
99.3	79	
78.5	99.4	
89.2	99.6	
99.3	89.5	
99.3	99.4	
99.3	99.6	
99.1	99.6	
99.1	99.6	
78.7	99.6	
89	99.6	
99.3	99.4	
89	99.6	
88.8	99.6	
99.3	89.5	
98.7	99.4	
99.3	99.6	
98.9	99.6	
99.1	99.2	
88	99.6	
98.9	99.4	
89.2	99.4	
99.3	99.4	
99.1	99.6	
99.1	99.6	
99.3	99.4	
89	99.6	
99.3	99.6	
99.1	99.6	
99.3	79.2	
99.3	99.6	
99.1	99.6	
98.3	99.6	
99.3	99.6	
99.1	99.6	
99.1	89.5	
88.4	99.6	
89.2	89.5	
89.2	89.5	
99.3	99.2	
98.9	99.6	
98.9	99.6	
98.9	99.6	
99.3	89.3	
99.1	99.2	
99.3	99.2	
98.9	99.6	
99.3	89.3	
98.7	99.4	
99.3	99.6	
99.1	99.6	
99.3	89.5	
89.2	99.6	
89.2	99.4	
99.1	99.4	
99.3	98.6	
99.1	99.4	
99.1	99.6	
98.1	99.4	
99.1	99.6	
87.8	99.6	
98.9	99.6	
99.3	99.4	
99.1	99.2	
99.1	99.2	
99.1	99.6	
99.3	99.6	
99.1	99.6	
99.1	89.3	
88.6	99.4	
99.3	99.6	
88.6	99.6	
99.3	99.6	
99.3	99.4	
99.3	99.6	
98.9	99.6	
99.1	99.6	
99.3	99.6	
99.3	99.6	
98.5	89.3	
89.4	99.6	
79.3	99.6	
98.9	99.4	
98.9	99.4	
98.7	89.3	
99.3	89.5	
89	69.1	
89	99.2	
99.3	99.6	
98.9	99.6	
89.4	99.6	
99.1	99.6	
99.1	99.4	
99.3	99.4	
99.1	99.6	
98.5	99.6	
99.1	99.6	
89.4	99.4	
99.3	99.2	
99.3	99.6	
99.1	99.6	
98.7	89.3	
89	99.2	
99.1	89.3	
98.7	99.6	
99.3	99.6	
98.7	99.6	
89.2	99.6	
99.3	89.3	
78.3	99.6	
98.9	99.6	
88.8	99.4	
89	99.4	
99.3	89.5	
98.7	79	
78.5	99.6	
88.8	99.6	
99.3	99.6	
89.4	99.4	
99.1	99.4	
98.9	99.6	
88.8	99.2	
89.2	99.6	
99.3	68.7	
99.3	99.6	
99.1	99.6	
99.3	99.4	
77.1	99.4	
99.1	99	
99.3	99.4	
99.3	99.6	
88.8	99.6	
99.3	99.4	
99.3	99.6	
99.3	89.3	
99.1	99.6	
98.9	68.9	
88.8	88.9	
88.8	99.6	
99.1	99.6	
99.3	99.4	
78.9	99.4	
99.3	99.2	
99.3	99.2	
88.8	89.3	
99.3	88.9	
89.4	99.2	
99.3	99	
99.3	99.6	
99.1	99.6	
98.9	99.6	
99.1	99.6	
99.3	99.6	
78.7	99.2	
89.2	99.4	
99.3	99	
99.3	99.2	
99.3	99.6	
99.1	99.6	
99.1	99.6	
98.7	99.6	
99.3	99.6	
98.9	99.4	
99.1	99.6	
98.9	99.4	
99.3	99.4	
98.9	99.4	
88.6	99.4	
99.3	99.6	
98.7	99.6	
98.9	99.6	
99.1	99.2	
98.9	99.6	
99.1	99.2	
99.3	99.6	
99.3	89.7	
99.3	99.6	
79.1	99.6	
99.3	69.1	
99.3	99.6	
99.3	99.4	
99.3	99.6	
99.1	99.6	
98.9	89.3	
88.8	99.6	
99.3	99.6	
99.3	99.4	
99.3	99.4	
99.1	99.6	
99.3	99	
99.3	99.6	
98.9	99.4	
68	79	
77.9	99.6	
98.9	88.9	
98.9	99.4	
99.1	99.6	
98.9	99.4	
99.1	99.2	
99.3	99.6	
88.8	79	
99.3	99.6	
99.1	79.2	
89.2	99.6	
99.3	99.6	
99.3	89.3	
89	99.6	
99.1	99.4	
99.3	78.6	
98.9	99.6	
99.1	89.5	
99.3	49.1	
99.3	99.6	
99.1	89.5	
79.1	89.3	
98.7	99.6	
99.3	99.6	
99.1	99.6	
89	99.6	
99.3	68.9	
87.8	99.6	
99.1	99.6	
98.9	99.4	
89	99.6	
99.3	99.6	
98.9	99.6	
88.8	99.6	
78.5	99.4	
98.9	89.1	
98.7	89.1	
99.3	99.6	
99.3	99.4	
89.2	69.3	
99.3	99	
99.1	99.6	
99.1	89.5	
99.1	99.6	
98.5	99.6	
99.1	99.4	
99.3	98.6	
99.3	99.6	
99.3	99.6	
99.1	99.2	
99.3	99.6	
99.3	99.4	
99.1	99.4	
98.7	99.4	
98.9	99.6	
89.2	99.6	
99.3	99.2	
99.1	99.4	
78.5	99.4	
99.1	99.4	
99.3	89.5	
98.9	99.4	
88.8	88.5	
99.3	99.4	
99.3	99	
99.3	99.6	
99.3	89.5	
99.3	99.6	
88.8	99.6	
99.3	99.6	
99.1	99.4	
98.5	99	
88.8	99.6	
99.3	99.6	
99.3	99.6	
99.3	99.4	
99.3	98.8	
98.9	99.4	
99.1	89.5	
99.1	99.6	
88.8	99.6	
88.8	99.4	
99.3	99.4	
99.1	99.4	
98.9	58.8	
99.1	89.1	
99.1	99.6	
99.3	89.3	
98.9	99.4	
89	99.4	
99.3	89.5	
99.1	99.6	
99.3	99.6	
89.2	89.1	
88.8	99.6	
88.8	99.6	
99.3	99.4	
98.9	99	
98.9	99.4	
99.3	99.6	
98.7	99.6	
89.4	99.6	
99.3	99.6	
99.3	99.4	
99.1	99.6	
99.1	99.6	
99.3	99.2	
99.1	99.6	
99.1	99.6	
99.3	99.6	
98.9	99.6	
99.1	99.6	
99.1	99.6	
98.9	99.6	
99.1	99.6	
99.3	88.9	
99.3	99.6	
99.3	68.9	
89	99.6	
99.3	99.6	
89	99.4	
99.3	99.6	
98.7	99.4	
99.3	99.2	
99.3	98.8	
98.9	99.6	
99.3	99.6	
99.3	68.9	
99.1	99.6	
99.1	99.2	
89.2	99.6	
99.1	99.4	
99.3	89.3	
99.3	99.6	
89.4	89.3	
88.8	99.2	
99.1	78.8	
99.1	99.6	
89.2	89.5	
98.9	99.6	
98.9	99.6	
98.9	99	
