36.9	-194.1	
45.4	-83.4	
98.9	37	
67.6	-71.7	
67.2	78.4	
76.1	8.9	
87.4	97.4	
77.9	89.7	
67	99.4	
86.6	48.1	
87.6	-30.9	
88.2	68.9	
76.3	99.6	
99.1	79.2	
77.9	99.6	
79.1	99.2	
58.1	79.2	
89.2	89.7	
77.3	87.3	
66.6	89.5	
86.2	79.2	
89.2	89.1	
89.4	88.7	
88	79.2	
59.1	79.6	
98.9	99.6	
88.8	89.5	
77.1	89.7	
98.5	78.8	
98.1	89.7	
99.1	89.5	
67.4	99.4	
44.2	99	
88.6	79.6	
24.4	99.6	
78.7	89.5	
98.9	99.6	
76.9	89.7	
47.6	99.4	
88.4	89.1	
99.1	99.6	
57.3	88.1	
98.9	99.6	
88.6	99.4	
99.1	98.2	
88.8	99.4	
89.4	99.4	
98.7	99.6	
88.6	79.6	
88.8	89.7	
68.6	99.4	
96.7	99.6	
88.4	99.6	
89.4	99.4	
88.6	88.9	
88.4	18.2	
88	99.4	
67	89.1	
98.5	88.7	
89.2	77.6	
98.3	89.5	
79.5	5.9	
99.3	99.6	
98.3	88.7	
88.6	99.6	
87	89.3	
98.3	88.9	
78.1	99.4	
67	99.2	
99.1	99.6	
98.1	99.4	
77.5	88.9	
88.6	89.5	
99.3	99.4	
98.9	98.6	
47.8	89.3	
98.5	79.4	
88.4	68.9	
88.8	89.1	
89	99.6	
77.7	89.1	
88.8	99.6	
98.5	88.5	
88	89.5	
79.1	79.2	
89	89.7	
78.1	89.1	
99.1	69.5	
69.4	69.5	
71.1	79.8	
87	79.6	
87.4	89.5	
78.1	89.5	
89	89.7	
68	58.8	
95.7	69.3	
99.3	69.7	
98.9	99.6	
98.9	99.6	
79.1	99.4	
98.9	79.4	
79.1	89.1	
88.8	89.5	
89.2	89.7	
88.6	99.4	
99.1	89.7	
99.1	89.7	
36.9	89.3	
97.3	99.6	
78.5	89.5	
97.3	89.1	
98.3	38.8	
89	99.2	
98.7	69.5	
87.8	59.8	
98.1	99.4	
78.7	89.7	
98.3	89.5	
98.9	89.5	
74.7	8.1	
99.1	69.7	
78.9	79.8	
97.7	-1	
98.3	79.2	
99.1	89.7	
98.1	79.4	
95.7	89.1	
98.9	99.4	
89	99.2	
68.2	79	
77.7	79.6	
78.7	99.6	
98.3	99.6	
89.4	-41.4	
89.4	99.6	
89	58.2	
77.1	99.4	
77.3	89.3	
87.2	88.9	
88.2	89.5	
56.1	89.5	
78.9	99.6	
89.2	98.6	
64.8	99.6	
68.2	-62	
97.9	89.3	
88.2	88.9	
98.7	99.2	
98.5	99.6	
99.3	88.7	
88.8	89.3	
89	99.6	
77.7	99	
77.9	89.3	
75.7	99.6	
98.5	99.6	
98.3	99.6	
88.8	99.4	
98.5	99.4	
99.1	99.6	
89	89.1	
88.2	99.6	
88.8	99.4	
87.6	99.4	
87.6	97.4	
78.9	89.5	
98.7	99.4	
89.2	78.6	
98.9	88.1	
87.2	68.9	
98.3	79.2	
98.1	99.6	
88.8	89.1	
89	89.3	
79.3	89.1	
46.6	38	
98.3	28.7	
99.1	99	
88.2	99.4	
78.1	99.6	
77.7	99.6	
98.5	99.6	
88.2	99.6	
78.7	99.4	
99.3	99.4	
98.9	79.6	
88.2	99.6	
99.3	99.6	
66.6	38.8	
67	79.6	
98.9	39.4	
73.9	99	
96.5	69.3	
89	89.7	
53.7	79.4	
78.5	89.5	
88.4	78.6	
76.3	99.6	
88.2	89.5	
99.1	89.3	
87.8	99.4	
79.1	99.4	
89	99.6	
98.7	88.7	
89	99.6	
67.8	18	
86	99.6	
78.7	59	
78.7	99	
98.5	89.1	
98.9	89.3	
97.7	88.9	
98.3	89.3	
98.9	89.5	
79.3	99.4	
98.7	89.5	
89.2	89.7	
38.9	99.6	
77.7	99.2	
99.1	99.4	
88.8	99.6	
88.8	99.2	
77.5	89.5	
48.8	79.8	
78.7	99.6	
89.2	79.6	
89	89.7	
68.8	99.4	
77.1	89.7	
99.1	79.2	
96.9	99.4	
78.5	39	
48.6	99.4	
47.2	99.4	
99.3	88.7	
68.4	99.6	
54.1	79.2	
98.1	99.4	
57.1	89.7	
97.3	69.5	
98.7	88.1	
99.3	99.6	
89	89.5	
89.4	99.4	
99.3	68.9	
68.8	99.6	
99.1	99.2	
88.6	99.2	
87.6	19.6	
89	69.5	
98.7	99.6	
69.4	59.6	
88.8	98.6	
48.2	99.2	
99.1	79.8	
89	99.4	
89.4	98.8	
66.2	99.2	
89.2	99.4	
87.8	89.3	
78.1	79.6	
89.4	59.6	
86.4	88.5	
99.1	89.1	
77.7	79.4	
98.7	89.3	
89.2	88.9	
98.7	99.6	
98.9	88.9	
68.4	79.4	
47	89.3	
69	69.7	
99.1	-21	
77.9	99.4	
88.4	99.2	
87.4	89.1	
99.1	89.5	
68.6	99.6	
88.4	49.7	
98.7	89.3	
89.2	89.7	
77.3	79.2	
89.2	89.3	
88	9.1	
87.6	89.7	
98.7	89.3	
98.7	59	
99.1	37.8	
88.6	78.4	
98.9	99.6	
98.9	99	
88.6	79.4	
88.8	89.1	
87.2	9.1	
89.2	89.1	
76.9	49.3	
65.4	89.3	
88.4	88.1	
97.5	99.4	
87.6	79.6	
89.2	99.6	
98.5	69.3	
89.2	99	
99.1	49.1	
78.9	49.5	
98.7	99.6	
98.3	68.5	
98.9	99.4	
98.7	68.7	
88	67.3	
78.7	99.6	
98.1	79.4	
87.8	79	
88.6	79	
88.4	89.5	
89.4	89.1	
88.6	89.3	
57.3	69.1	
98.1	88.9	
89.2	59.2	
99.3	88.9	
95.3	89.7	
89	68.3	
99.1	99.2	
98.1	98.8	
98.7	89.7	
98.7	99.2	
78.7	99.4	
89.2	69.1	
88.6	89.7	
99.3	99.6	
99.1	99.6	
99.3	99.4	
99.3	88.7	
88.6	99.6	
67.4	88.9	
89	79.4	
89.2	99.4	
99.3	88.9	
98.3	88.9	
98.7	99.2	
98.7	78.6	
98.9	99.6	
78.3	99.4	
88.6	99.4	
87.4	89.1	
99.3	99.6	
48.2	99	
99.1	99.6	
97.5	98.8	
67.4	29.3	
98.7	99.4	
98.9	99.6	
99.3	99.4	
79.5	99.6	
99.3	89.3	
88	69.5	
67.4	79.8	
88.6	99.2	
88.8	99.4	
96.9	99.6	
88	38.6	
98.1	89.7	
67.4	99.6	
88.4	99.6	
89.2	68.9	
98.1	99.2	
88.4	99.6	
97.7	99.2	
88.4	89.5	
89.4	99	
89.2	79.8	
89	89.5	
98.1	89.5	
88.8	99.6	
98.7	99.6	
77.5	89.5	
89.2	69.3	
88.2	99.6	
98.7	99	
58.9	89.3	
79.3	99.6	
98.7	89.3	
77.5	99.6	
98.1	99.6	
78.9	79.8	
98.3	99.4	
57.7	89.5	
78.7	89.1	
98.3	99.6	
89	99.2	
78.7	69.7	
97.3	99.6	
98.7	99.6	
78.9	79.6	
98.9	99.6	
58.3	39.6	
88	79.6	
88.8	79.6	
79.1	89.1	
89.2	88.7	
99.3	99.6	
99.3	79.6	
98.9	99.2	
89.2	39.2	
99.1	99.6	
97.7	99.4	
77.9	69.5	
99.3	99	
99.3	99.6	
99.3	89.3	
79.1	89.5	
68.6	78.4	
89.2	68.7	
99.1	99.2	
88.4	99.6	
78.5	99.2	
98.7	99.6	
89	99.2	
67.6	99.6	
88.8	88.5	
98.5	39.2	
98.9	99.4	
78.7	79.8	
98.9	99	
99.3	99.6	
68.6	99.6	
99.1	99.6	
78.7	98.6	
99.1	99.4	
88.8	79.8	
98.5	99.6	
98.7	88.9	
99.3	99.4	
88.8	99.6	
89.4	99.6	
57.5	99.6	
98.3	79.8	
99.1	89.3	
78.9	79	
99.1	89.5	
98.7	89.3	
99.3	99.6	
99.1	89.1	
78.9	99.6	
98.7	99	
88.6	99.6	
98.7	99.6	
98.9	99.2	
99.3	78.8	
88	99.2	
99.1	79.2	
78.9	99.6	
99.1	99.6	
98.9	89.5	
78.7	89.7	
69	69.7	
99.3	79.2	
98.5	59.6	
99.3	79.2	
88.8	99.6	
98.9	99.4	
99.3	78.8	
99.1	79.8	
78.9	99.2	
96.9	99.2	
98.7	98.6	
89.4	99	
89.2	89.1	
99.3	89.5	
78.7	68.1	
97.9	89.7	
79.1	79.8	
78.5	99.6	
88	99.4	
89.2	69.7	
78.9	79.2	
88.8	79.6	
89.2	59.2	
79.3	99.4	
77.9	89.7	
88.2	99.6	
68.8	89.5	
99.3	99.4	
98.7	49.3	
98.9	99.6	
98.9	58.6	
68	69.3	
89.2	89.5	
98.3	69.3	
99.3	99.4	
98.7	99.6	
78.9	89.3	
98.7	89.3	
68.4	58.8	
88.8	99.4	
88.4	99.4	
99.3	79.6	
99.1	99.2	
78.3	99.4	
