-21.2	8.9	
66.2	-83.6	
12.7	58	
99.1	-63	
67.8	99.4	
98.1	78.8	
89	47.5	
87	99.2	
98.7	98.6	
97.7	99.2	
87.4	98.8	
77.9	98	
88.8	67.7	
98.7	89.1	
76.9	48.3	
76.9	99	
67.2	99	
73.9	88.5	
89	99.6	
88.8	99.2	
98.9	99.6	
97.9	79.2	
98.3	99.6	
77.3	99.6	
89.2	99	
98.3	69.1	
89.2	99.4	
88.4	89.5	
88.4	77.6	
97.1	89.7	
72.5	99.2	
78.1	99.6	
77.9	98.2	
98.1	88.9	
88.8	99	
88.6	89.5	
98.5	99.4	
88	68.3	
79.1	99.6	
77.9	99.6	
99.1	99.6	
87.8	19	
98.7	99.6	
99.3	79.4	
98.1	99.4	
89.2	99.6	
98.9	99	
99.1	98.6	
98.9	99.2	
99.1	99.4	
67.6	88.3	
68.6	99.6	
98.9	89.1	
67	79.6	
98.1	99.6	
98.7	99	
89.4	89.5	
99.1	76.6	
98.7	27.5	
78.1	68.7	
99.1	99.2	
89.2	69.5	
88	79	
88.8	78.8	
98.9	99.4	
78.7	89.3	
89.2	89.3	
98.5	89.5	
79.3	-51.3	
98.9	99.4	
99.1	8.7	
88.6	58.8	
68.2	68.3	
79.1	89.5	
69	99.6	
98.1	99	
88.8	89.3	
78.5	88.5	
66	7.9	
88.4	89.3	
56.7	99.2	
98.3	78.8	
88.8	99.2	
78.7	79.4	
98.5	99.2	
99.1	99.6	
98.9	89.1	
98.5	68.7	
89	99.4	
98.7	99.6	
88.6	99.6	
89.2	69.3	
88.6	99.2	
87.2	99.6	
99.1	68.9	
89.4	99.4	
88.6	99.6	
78.9	89.3	
98.1	69.1	
67.4	89.5	
98.9	79.4	
98.7	99.6	
78.7	79	
98.7	99.4	
98.9	89.1	
79.3	69.5	
97.7	89.1	
89	79.2	
98.7	99.2	
97.9	99	
87.4	99.6	
89.2	99.4	
88	99.4	
86.6	89.7	
47	59.4	
77.9	99.6	
78.3	78.6	
66.8	99	
15.5	89.3	
89.4	99.2	
68.6	99.4	
88.4	99.6	
99.3	99.4	
88.4	99.6	
78.3	99	
68.2	99.4	
87.8	99.6	
88	58.8	
27.2	99.6	
86.2	89.1	
98.3	98.8	
97.5	99.6	
87.6	99.2	
99.1	69.3	
98.5	99.4	
55.9	99.4	
76.1	88.5	
88.2	99.4	
88.8	99.6	
98.1	99.2	
89.2	68.5	
88.8	99.4	
98.9	89.5	
99.1	99.4	
87.2	89.3	
98.7	99.6	
77.9	99	
68.6	79	
89	38	
98.7	99.2	
68.8	88.7	
78.1	89.1	
46.4	69.7	
78.9	99.2	
99.1	99.4	
98.3	38.6	
76.9	99.6	
98.9	99.6	
89	99	
88	89.5	
98.3	48.7	
99.1	89.5	
97.9	79.4	
77.9	99.2	
69	99.4	
99.1	99.6	
79.1	39.4	
88.8	99.2	
88.8	89.7	
87.4	99.2	
98.3	69.7	
98.9	68.5	
99.1	89.3	
99.3	89.3	
88.8	99.2	
99.1	88.1	
77.9	99.4	
78.9	89.5	
79.3	99	
78.1	89.5	
77.7	99.4	
95.9	99.2	
72.5	49.5	
89.2	99.6	
97.3	89.1	
89	99.6	
88.4	99.4	
98.9	49.7	
97.7	99.6	
99.1	88.5	
68.6	99.6	
89.2	89.3	
88.8	99.4	
98.9	89.1	
98.3	99.6	
98.5	89.3	
99.3	68.5	
88.6	69.7	
68.2	69.5	
99.3	79.2	
99.1	39	
89	99	
99.1	99	
88.6	79	
88.8	99.6	
88.8	99.4	
98.7	69.3	
48.4	88.9	
98.9	99	
88	69.3	
99.1	78.2	
88.4	89.3	
88.6	99.6	
78.1	99.6	
98.9	99.4	
99.1	99.2	
99.3	99.4	
98.5	99.2	
98.3	79.4	
98.7	88.9	
88.8	99.4	
98.7	99.4	
98.9	79.6	
98.3	99.4	
99.3	99.6	
98.7	99.2	
88.8	99	
88.2	59	
97.7	99.6	
77.9	99.4	
99.1	88.5	
88.8	88.7	
99.1	68.7	
98.9	99.2	
88	98.8	
99.3	99.2	
98.5	99.4	
68.4	57.8	
77.7	99.6	
89.2	79	
77.9	19	
99.3	99.4	
88.4	89.5	
99.3	99.4	
87.8	78.8	
87.8	99.6	
99.1	99.2	
47.6	98.8	
88.6	99	
99.1	99.4	
98.3	78.4	
76.5	99.2	
99.3	99.6	
98.1	78.8	
99.1	99.4	
89	99.6	
87.6	99.6	
89	99.6	
99.3	99.6	
98.9	99.4	
98.5	89.1	
69	89.5	
78.1	99.6	
79.3	89.7	
98.9	69.7	
68.4	89.1	
57.1	99.6	
65.8	79.4	
88.2	99.4	
89.2	99.6	
79.1	89.3	
55.5	99.6	
89	99.2	
67.4	79.6	
98.9	99.2	
87	99.2	
59.1	99	
77.9	89.3	
77.9	78.2	
97.7	99.6	
98.9	98.4	
88.4	69.3	
98.9	79.4	
98.9	69.7	
98.3	69.5	
78.3	89.7	
98.5	49.7	
99.3	99.2	
97.7	99.6	
88.6	89.7	
99.3	69.7	
97.7	78.6	
78.9	49.7	
99.1	49.1	
78.7	99.4	
98.9	99.6	
97.5	99.6	
88.8	59.6	
78.7	99.4	
78.1	99.2	
88.2	99.6	
98.9	99.4	
89	99.4	
98.9	99.4	
98.9	99.6	
98.5	99.2	
89.2	77.6	
88.2	99.4	
88	59.8	
89.2	88.9	
88.8	89.7	
96.9	88.7	
68	99.6	
89.4	89.7	
98.5	99.2	
89	18.6	
57.3	79.2	
88.2	79.2	
78.9	89.7	
98.9	89.5	
68.8	99.6	
88.2	79.6	
98.5	99.4	
58.3	99.6	
89.4	89.5	
68.6	99.4	
77.1	89.3	
88.8	79.2	
78.5	99.2	
89.2	99.6	
78.9	79.6	
88.4	99.6	
99.3	89.5	
88.4	59.6	
47.8	99.6	
76.3	98.8	
86.4	99.2	
98.7	99.4	
77.3	99.2	
98.1	99.4	
77.5	89.7	
89.2	99.6	
89.2	89.7	
78.5	99.4	
77.7	99.4	
97.7	48.7	
99.3	98.6	
98.7	58.8	
99.1	58.8	
78.3	98.6	
78.9	99.6	
99.3	99.6	
88.6	99.6	
88.6	79.6	
89	99.6	
89.2	99.2	
99.1	89.5	
88.6	99.6	
68.4	99	
89.4	99.4	
58.5	79.2	
98.9	89.5	
88.6	79.6	
79.3	89.5	
78.9	99.4	
25.8	89.5	
98.7	89.5	
88.8	89.3	
89.4	89.5	
99.1	89.1	
67.2	99.4	
78.5	89.7	
78.5	88.5	
99.3	99.6	
88.8	88.9	
89	99.4	
99.3	69.7	
98.1	49.1	
77.3	88.9	
78.7	49.1	
87.4	49.1	
98.9	58.8	
98.5	69.7	
88.4	79.2	
99.3	89.5	
98.9	99.6	
79.1	99	
89.2	79.4	
28	99.4	
89.4	89.3	
97.5	68.3	
88.4	89.5	
97.7	99.6	
98.5	99.4	
97.5	99	
88.6	89.7	
88.2	78.8	
98.7	89.5	
67.2	58.8	
99.3	99.2	
99.3	99	
88	79	
98.7	-0.8	
99.1	79.8	
78.5	99.4	
89.2	69.7	
98.9	99.2	
99.3	38.8	
69	99	
89	99.4	
98.5	99.6	
88	79.4	
87.8	99.2	
78.3	99.6	
78.5	79.8	
78.5	88.9	
97.5	99.6	
99.3	99.4	
78.9	99.4	
68.2	99.6	
78.1	79.6	
98.9	99.6	
88.8	99.6	
99.1	99.4	
98.9	88.9	
98.9	-1.6	
89	99.6	
88	99.2	
88	68.9	
77.9	99.6	
68	99.4	
98.9	58.2	
98.3	89.5	
99.1	99.2	
99.1	99.6	
88.4	99.6	
98.5	99.4	
98.5	69.1	
78.3	87.5	
88.2	99.2	
68	99.6	
99.1	99.4	
99.1	99.4	
98.9	59.6	
99.3	98.8	
58.3	88.5	
89	39.6	
98.3	99.4	
98.3	98.4	
87.8	68.9	
98.1	99.6	
98.7	19	
99.3	68.9	
99.1	99.6	
88.8	99.6	
99.1	89.1	
88.8	78.8	
98.9	99.4	
88.8	99.4	
68.4	88.5	
98.1	79.4	
99.3	89.1	
68	89.3	
98.7	49.3	
99.3	48.5	
88	99.4	
88.2	88.7	
76.9	89.5	
47.6	99.6	
89	49.3	
98.3	88.9	
98.9	99.4	
78.7	99.6	
87.8	99.6	
98.5	88.5	
89.4	69.7	
77.5	78.6	
57.5	99.6	
88.6	99.2	
67.6	99	
77.7	38.6	
88.4	89.3	
99.1	99.6	
36.5	99	
98.7	58.6	
98.7	99.4	
89.2	99.6	
97.3	89.5	
97.3	89.5	
97.9	99.6	
98.5	88.5	
98.9	89.7	
97.5	88.9	
25.8	99.6	
77.9	99.6	
77.5	89.5	
79.1	99.6	
87.4	99.6	
88.6	99.6	
99.3	99.2	
