-67.9	-626	
1.2	-152.1	
44	18.6	
56.3	89.5	
-8.6	-2	
87	-11.3	
-129	-11.3	
23.8	-21.8	
84.4	-1	
5.7	-41.6	
83.2	-13.5	
75.3	79.2	
74.5	24.1	
97.1	-22.4	
89.2	67.7	
87.8	-72.5	
64	88.5	
84.6	18.4	
98.1	99.2	
51.5	17.6	
75.1	74	
74.9	37	
89	8.3	
98.3	67.9	
86.2	28.9	
56.9	16.6	
99.1	48.5	
98.9	27.5	
64.8	-22.2	
99.1	28.3	
88.4	28.1	
66.6	8.3	
88.4	49.3	
99.1	36.6	
89.2	49.3	
55.7	46.9	
72.7	98.8	
98.1	99.6	
98.1	25.7	
98.3	99.4	
98.9	48.1	
77.5	44.7	
66.2	49.3	
98.3	2.5	
97.7	60.7	
63.2	68.5	
97.7	99.6	
62.6	39.2	
98.1	49.5	
57.9	87.9	
87.2	98.8	
98.3	72	
96.5	77.2	
98.5	59	
98.3	59	
96.5	79.2	
98.7	67.7	
77.3	88.1	
88.4	99.6	
95.3	28.5	
87.4	79	
86.2	79.2	
89	97	
75.7	69.3	
88.2	99.6	
89.2	98.8	
49.3	47.5	
77.3	66.1	
98.3	56.8	
89.2	59.2	
99.1	88.9	
97.5	28.3	
98.3	99.6	
87.4	98.4	
88.2	99.6	
67.8	99.2	
96.1	98.8	
68	99.6	
46.6	85.9	
78.7	97.6	
98.7	88.9	
98.5	26.3	
68	69.1	
89	87.3	
84.2	89.3	
98.7	89.5	
98.5	88.7	
99.3	88.7	
76.9	89.5	
96.9	85.5	
96.7	58.4	
98.7	68.5	
98.9	99.2	
88.8	88.3	
78.7	-11.3	
98.1	98.6	
87.4	87.7	
98.7	66.1	
97.1	89.3	
87.4	38.6	
42.6	-11.3	
97.7	69.1	
98.9	89.5	
97.5	18.4	
75.5	89.7	
68.4	99.2	
86.2	99.6	
77.3	89.7	
88.6	99.6	
88	89.3	
98.7	89.7	
87.4	99.6	
87	99.6	
98.9	98.6	
85.8	89.5	
98.7	99.6	
98.7	99.6	
98.1	99	
99.1	99.2	
97.9	98.4	
88.2	59.4	
87.8	89.1	
83	89.5	
79.1	89.7	
97.5	99.4	
97.3	99	
99.1	-22.4	
99.1	79.6	
98.9	99.6	
86.8	48.5	
89.2	78	
57.9	99	
77.5	89.5	
88.4	99.6	
98.7	68.7	
88.8	26.7	
88.6	88.7	
64.6	98.8	
97.5	78.4	
76.7	88.9	
98.9	99.6	
99.1	88.5	
98.3	79	
78.9	99.4	
88	99.4	
99.3	99.4	
99.3	99.2	
88.6	99.4	
88.6	99.6	
98.9	99	
87.4	89.3	
87.6	48.7	
98.9	98.8	
99.1	69.5	
98.7	79.2	
99.3	99.4	
67.4	66.9	
88.6	98.6	
86.6	99.6	
97.9	89.5	
98.7	99.4	
98.5	99.4	
47.8	99.6	
89	99.6	
96.9	89.5	
77.7	77.2	
98.7	99.2	
77.9	59.2	
86.4	99.2	
99.1	99.4	
98.5	98.2	
99.3	99.2	
97.1	99.4	
78.1	89.1	
89.2	49.7	
99.3	68.1	
86.8	89.7	
98.5	89.5	
99.1	98.8	
86.2	69.1	
99.1	99.4	
88.2	99.4	
98.7	89.5	
68.2	99.2	
89.2	99.6	
98.5	98.4	
78.1	79.6	
99.3	99.4	
78.7	99.6	
77.7	88.9	
88.4	99.6	
89.2	88.9	
98.3	99.4	
55.1	49.1	
65.6	68.9	
99.1	88.7	
78.1	79.6	
98.1	99.2	
98.9	99	
78.3	89.3	
87.8	79	
87.6	99.6	
99.1	99.6	
98.1	99.6	
67	98.8	
74.7	89.1	
78.5	89.5	
98.5	99.6	
98.9	99.6	
98.9	99.4	
88.4	19	
97.1	99.6	
88.2	99.4	
89.2	99.6	
97.7	99.6	
98.3	89.1	
76.7	99.2	
88.6	88.9	
98.9	99.6	
88.4	99.6	
99.1	99.4	
98.7	88.3	
77.3	99.6	
77.7	68.7	
66.8	99.6	
98.7	99.4	
67.4	99.6	
98.9	99.6	
99.1	99.2	
89.4	69.7	
88.2	98.4	
98.7	99.6	
99.1	79.2	
98.7	89.5	
98.9	99	
89	99.4	
88.8	89.5	
88.8	89.7	
99.1	89.1	
78.7	79.2	
77.9	99.6	
97.7	99.4	
88.8	59.4	
86.6	99.6	
68.8	89.5	
88	59.2	
88.8	99	
96.7	69.3	
98.1	99.4	
88.4	99	
88.8	98.8	
98.1	89.7	
98.1	77.8	
99.1	89.5	
68.6	89.7	
99.1	89.1	
99.1	89.3	
98.5	99.6	
98.7	69.5	
98.7	59.6	
88.8	99.6	
98.5	99.6	
78.9	59.4	
46.8	98.8	
98.5	69.5	
98.9	89.3	
98.3	99	
98.9	89.5	
88.4	99.6	
89.2	89.1	
58.5	78.6	
88.8	99.6	
89.2	69.1	
98.7	69.7	
97.7	99.4	
98.7	89.7	
78.1	88.3	
98.9	89.3	
88.2	59.4	
97.9	89.3	
89.2	18.4	
98.7	99.4	
98.7	99.2	
99.1	99.2	
89.2	79.6	
68.6	89.3	
99.3	99.4	
86.2	99.4	
98.7	98.2	
79.3	89.5	
98.9	89.3	
99.1	89.5	
98.3	99.6	
99.1	99.6	
98.7	99.6	
68.4	18.8	
88.8	99.6	
98.1	68.9	
98.5	99	
89.2	99.2	
98.7	99.4	
87	39.6	
98.5	99.4	
88.4	99.6	
88.8	99.6	
88	99.2	
88.4	79.6	
77.5	99.6	
88.2	99.2	
88.4	99.6	
98.3	99.6	
98.9	99.4	
87.6	99.2	
78.1	99.2	
97.9	79.6	
88.4	79.4	
87.8	99.6	
89	99.4	
97.3	99.6	
97.9	88.1	
68.2	79	
89	99.6	
97.9	89.1	
87.8	99.6	
98.3	69.3	
89	99.2	
78.9	67.1	
97.7	99.2	
97.9	99.2	
89.4	99.4	
89.2	89.3	
89	99.6	
95.9	99.2	
76.1	99.6	
78.7	99.2	
99.3	89.1	
98.5	67.5	
98.7	99	
79.5	99.2	
95.9	89.5	
77.7	79	
98.3	99.6	
98.1	99.4	
98.9	99.2	
99.1	99.4	
78.7	99.4	
99.1	78.6	
88	89.5	
88.2	99.4	
99.1	99.4	
98.5	89.7	
98.7	99.6	
98.7	89.1	
79.1	89.3	
88.2	89.3	
98.9	79.2	
87	89.3	
77.5	89.3	
97.9	99.6	
98.5	79.2	
98.5	59	
88.2	99.2	
79.3	99.6	
68.6	99.4	
87.8	99.6	
99.1	99.6	
98.3	99	
98.7	89.3	
99.1	99.4	
88.6	99.2	
98.7	99.4	
68.6	99	
98.9	99.6	
98.7	89.5	
99.3	99.6	
98.5	89.5	
98.7	99.2	
68.8	99.6	
98.3	99.2	
76.5	88.9	
99.1	99.4	
77.9	89.7	
97.7	99.4	
88.8	59.2	
67.2	89.3	
99.1	98.8	
78.9	99.4	
89.2	99.6	
98.7	99.4	
99.1	99.6	
86.8	99.6	
98.9	88.9	
76.5	99.4	
88.6	99.4	
67.4	99.4	
86.8	68.7	
78.3	99.4	
98.5	89.3	
98.7	59.4	
78.3	99.4	
98.7	99.4	
98.1	99.2	
88.8	99.6	
78.3	99.6	
98.7	99.6	
98.5	89.3	
99.1	97	
98.3	99.4	
98.1	98.8	
98.5	99.6	
79.1	79.4	
98.9	89.3	
87.6	99.6	
99.3	99.6	
78.5	99.6	
98.5	88.9	
99.3	99.4	
98.5	99.4	
78.1	89.3	
98.9	99.6	
99.1	79.4	
88.2	79.6	
68.4	79.2	
88.6	99.6	
98.5	99.6	
89	99	
98.9	99.6	
87.8	97.8	
99.1	99.6	
99.3	38	
99.1	99.6	
99.3	99.6	
99.1	89.3	
88.8	79.8	
88.8	99.4	
89.2	89.1	
89	99.4	
99.1	78	
99.1	99	
98.7	88.7	
88	78.6	
67.8	59	
89	67.9	
99.3	89.3	
88.4	89.1	
68.6	99.4	
88.6	99.4	
78.5	99	
88.8	99	
98.5	79.2	
98.7	89.5	
88.6	99	
99.3	88.7	
98.9	99.6	
97.9	99.6	
99.1	99.6	
99.1	99.2	
98.9	89.5	
98.1	88.3	
99.1	88.9	
68.6	99.4	
88.8	48.9	
98.7	99.6	
98.5	99.6	
98.7	99.6	
98.1	99.6	
98.7	99.6	
98.1	99	
98.7	99.2	
98.5	69.5	
99.3	99.6	
98.1	98.8	
99.1	89.5	
98.7	99.4	
98.5	99.6	
99.1	99.6	
99.3	89.1	
99.3	68.7	
98.7	79.6	
88.2	89.7	
89	79.4	
89.2	89.5	
97.7	79	
78.9	69.3	
87.4	88.9	
88	88.9	
36.9	99.2	
98.9	99.6	
98.9	89.7	
87.8	99.6	
78.9	99.4	
99.3	89.5	
98.9	89.5	
98.7	78.6	
99.1	99	
98.5	69.7	
89.4	99	
89.4	88.7	
99.3	99.6	
88.4	99.2	
