78.7	-646	
57.5	59	
77.1	89.3	
63.6	89.1	
88	89.1	
86.4	89.7	
98.1	69.1	
88.2	89.3	
97.5	89.1	
68.6	-12.5	
98.7	89.7	
89.2	89.7	
99.3	89.3	
89.4	89.3	
98.9	89.7	
99.3	89.3	
79.1	89.3	
98.5	69.1	
69	89.3	
99.3	89.5	
97.5	89.5	
98.1	99.4	
97.7	88.9	
99.3	99.6	
99.3	89.5	
99.3	99.2	
99.1	99.4	
99.3	99.6	
99.3	99.6	
89	99.6	
79.1	99.6	
89.4	89.7	
98.9	79.2	
99.3	99.4	
99.3	79.6	
99.3	89.5	
99.1	99.6	
98.9	99.4	
99.3	99.6	
98.7	99.2	
98.7	99.6	
88.8	99.6	
98.7	99.2	
99.1	99.6	
99.3	99.6	
99.3	88.9	
89.4	99.6	
99.3	99.6	
98.9	89.7	
99.1	89.5	
99.1	99.6	
89.4	99.6	
99.3	89.7	
98.9	99.6	
89.2	79.4	
89.4	99.6	
99.3	99.6	
99.3	99.4	
99.3	79.6	
99.1	99.6	
99.3	79	
99.1	99.6	
99.1	89.7	
89.2	89.3	
98.7	99.6	
99.1	99.6	
99.1	89.7	
99.3	99.6	
99.3	88.9	
99.3	89.5	
89.4	99.4	
99.1	99.6	
99.1	99.6	
89	99.6	
99.3	89.3	
99.3	99.6	
78.5	99.6	
98.9	99.6	
99.3	89.7	
99.3	99.6	
99.3	99.6	
99.3	79.6	
99.3	89.1	
99.3	99.6	
99.3	48.9	
99.1	99.6	
89.2	99.6	
99.3	99.6	
99.3	89.3	
89.2	89.3	
99.1	99.6	
99.1	89.5	
99.3	99.6	
99.1	99.6	
99.1	99.6	
98.9	99.6	
99.3	89.5	
99.3	99.6	
99.1	99.4	
99.3	99.6	
99.1	99.6	
99.3	99.2	
99.3	99.2	
99.3	99.6	
99.3	99.6	
98.9	99.6	
89.4	99.6	
99.1	99.6	
99.3	99.6	
99.3	99.6	
99.3	99.2	
99.3	89.3	
99.1	89.3	
99.3	99.6	
98.9	99	
99.3	89.5	
99.3	99.6	
99.3	99.6	
99.3	88.9	
99.3	99.6	
99.3	99.6	
98.5	99.6	
99.3	89.3	
99.3	99.6	
99.3	99.6	
98.9	99.4	
98.3	99.6	
89.2	89.1	
99.3	99.6	
99.3	89.1	
89	99.6	
99.3	99.6	
89.2	99.6	
99.3	99.6	
89	99.6	
99.3	99.6	
88.8	99.4	
99.3	99.6	
98.7	79.4	
99.1	99.6	
99.1	89.7	
99.1	99.6	
99.1	99.4	
79.3	99.6	
99.3	99.4	
99.3	99.6	
99.3	99.6	
99.3	99.2	
99.3	89.7	
99.3	88.7	
99.3	99.6	
99.3	99.6	
99.3	99.6	
99.3	99.6	
99.1	99.4	
99.3	99.4	
89.2	99.6	
99.3	99.6	
99.1	99.4	
99.1	99.6	
99.3	99.4	
99.3	99.6	
99.3	89.5	
99.1	99.6	
99.3	99.4	
99.3	89.3	
99.3	79.6	
99.3	89.5	
79.1	99.6	
99.3	99.6	
89	99.6	
99.3	99.6	
99.3	99.6	
98.9	99.6	
89.4	89.1	
99.3	99.6	
99.1	99.6	
99.1	99.6	
99.3	99.4	
99.3	99.6	
99.3	99.6	
99.3	88.9	
89	89.3	
99.3	99.6	
99.1	99.6	
99.3	99.6	
99.3	99	
99.3	99.6	
99.3	89.3	
99.1	89.3	
98.7	99.4	
99.3	99.6	
98.3	99.6	
98.9	99.6	
99.3	89.3	
99.3	99.4	
99.1	69.1	
99.1	99.6	
99.3	99.6	
99.3	99	
99.1	99.6	
99.3	89.7	
89.2	99.6	
89	99.4	
99.3	89.3	
99.3	89.5	
98.9	99.2	
89.2	99.6	
99.3	99.6	
89.2	99.6	
99.1	99.6	
99.1	99.6	
99.1	99.4	
99.3	99.6	
99.3	99.6	
89.4	99.6	
98.7	89.7	
89	89.3	
89	99.6	
99.3	89.3	
89.2	99.6	
99.1	99.6	
99.1	99.6	
99.3	99.6	
99.3	99.4	
99.1	99.6	
99.3	99.6	
99.3	99.6	
89	88.9	
99.1	99.6	
99.3	99.6	
98.9	99.4	
99.3	99.6	
99.3	99.6	
99.1	99.6	
99.3	89.3	
98.9	99.6	
99.3	99.6	
99.1	99.2	
89.4	99.4	
99.1	89.3	
78.9	99.4	
99.3	89.3	
88.8	99.6	
99.3	99.6	
99.3	99.4	
99.3	99.4	
99.1	99.4	
99.3	89.1	
89.4	99.2	
99.1	99.6	
99.3	99.6	
99.3	99.6	
89	99.4	
99.3	79	
98.7	99.6	
99.3	99.6	
98.9	99.4	
99.1	67.1	
99.3	89.7	
89.4	99.6	
99.3	99.4	
99.3	99.6	
99.3	99.6	
99.1	99.6	
98.9	99.6	
99.3	99.6	
88.6	99.6	
99.3	99.6	
99.3	99.6	
98.5	99.6	
99.1	99.6	
99.1	89.5	
99.3	99.6	
98.7	99.4	
99.3	99.6	
99.1	99.6	
99.1	99.6	
99.1	99.4	
99.1	99.6	
98.9	99.6	
99.1	99.2	
99.3	99.6	
99.3	89.5	
99.1	99.4	
99.3	99.6	
99.1	89.5	
99.3	99.6	
99.3	89.7	
79.5	99.6	
99.1	99.6	
99.1	99.6	
99.3	99.4	
99.3	99.6	
99.3	99.2	
99.3	99.6	
99.1	99.6	
98.7	99.6	
88.8	89.7	
99.3	99.6	
99.3	99.4	
98.9	89.3	
99.3	89.5	
89.4	99.4	
98.9	49.3	
99.3	89.5	
99.3	88.9	
89.2	99.6	
99.3	89.3	
99.3	99.6	
99.1	99.6	
99.1	99.6	
99.3	99.6	
99.1	99.6	
99.3	99.4	
89.4	99.4	
99.3	99.6	
98.7	99.6	
99.3	99.6	
99.3	99.6	
78.9	99.4	
98.9	99.6	
99.1	99.6	
99.1	99.6	
98.7	99.6	
99.3	99.6	
89	99.6	
99.3	99	
89.4	99.4	
98.9	99.4	
99.1	99.6	
97.9	99.4	
99.3	88.9	
88.8	99.6	
99.1	99.6	
99.1	99.4	
99.3	99.6	
99.3	98.8	
89.2	99.6	
98.7	99.6	
99.3	99.2	
99.3	89.3	
99.3	99.6	
99.1	89.7	
99.3	79.4	
99.3	99.6	
99.3	99.6	
99.1	99.6	
99.1	89.5	
98.9	79.6	
99.1	89.7	
89	99.6	
98.9	99.6	
79.1	99.4	
99.3	89.3	
99.1	99.6	
89.2	99.6	
89	99.6	
99.3	89.3	
99.3	99.6	
99.3	99.6	
99.3	99	
99.3	99.6	
99.3	89.3	
99.3	99.6	
89.2	99.6	
99.3	99.4	
99.1	99.6	
99.3	99.4	
98.9	99.6	
99.3	99.4	
89.2	99.4	
98.9	98.8	
99.1	99.6	
99.1	99.4	
99.1	99.6	
99.3	99.6	
98.7	69.1	
99.3	99.2	
99.3	99.6	
99.1	99.6	
99.3	99.4	
99.3	99.6	
99.1	99.6	
99.3	89.5	
99.1	99.2	
99.3	99.6	
99.1	99.6	
99.3	99.6	
98.9	99.6	
98.9	99.4	
99.3	99.6	
99.3	99.6	
88.4	99.6	
98.9	99.6	
99.3	99.6	
99.1	99.6	
99.3	99.4	
89.2	79.2	
98.9	99.6	
99.3	99.6	
99.3	89.1	
99.3	99.4	
99.3	99.4	
99.3	99.6	
98.5	99.6	
99.3	99.2	
99.3	99.6	
99.3	99.6	
99.3	89.5	
99.1	99.4	
89.2	98.8	
89.4	99.2	
79.3	99.6	
99.3	99.6	
99.3	89.5	
99.3	99.6	
98.9	99.6	
99.3	99.6	
99.3	99.6	
98.7	79.2	
99.3	99.6	
98.9	89.5	
89	99.6	
99.3	99.6	
98.9	99.6	
99.1	99.6	
99.3	99.6	
99.3	99.6	
99.3	99.6	
89.4	89.5	
99.3	99.2	
99.1	89.3	
99.1	99.6	
99.3	89.7	
99.3	89.7	
99.3	99.6	
99.3	99.6	
99.3	99.6	
98.9	99.4	
98.9	99.6	
98.7	89.7	
99.3	99.6	
98.9	99.6	
99.3	89.1	
98.9	99.6	
99.3	89.7	
99.1	89.1	
99.3	99.6	
99.1	99.6	
99.3	99.6	
99.1	79	
99.1	99.6	
89.2	99.6	
99.1	99.4	
99.3	99.2	
98.7	89.3	
99.1	79	
89	99.6	
99.3	89.7	
99.3	99.6	
89	99.4	
99.1	89.3	
99.1	99.6	
99.3	99.6	
99.3	99.6	
99.1	99.6	
99.3	89.3	
99.1	99.6	
99.3	99.6	
89.2	99.6	
99.1	99.4	
99.3	99.6	
99.1	89.7	
99.3	99.4	
89.2	89.3	
99.1	99.4	
88.8	99.6	
89.4	99.6	
89.2	99.6	
98.7	89.3	
99.3	89.5	
99.3	89.1	
98.9	99.6	
89.2	99.6	
99.3	99.4	
99.3	99.6	
99.3	99.4	
99.3	99.6	
88.8	89.5	
99.3	79.4	
89	99.4	
99.3	69.3	
99.3	99.4	
99.3	99.6	
99.1	99.4	
99.3	99.6	
99.3	99.6	
99.3	99.6	
98.9	99.4	
