58.1	-42.6	
89.4	57.8	
44.8	-283.2	
34.1	-43.4	
78.3	88.9	
77.7	89.1	
87.2	98.8	
95.1	99.4	
98.9	99	
88.2	99.4	
99.3	99	
87.2	99.4	
98.7	59.2	
68	88.3	
99.3	99.6	
98.5	99.6	
99.1	99.4	
98.7	99.4	
88.6	99.4	
78.3	88.9	
78.9	69.3	
87.4	99.6	
88.8	89.3	
88	69.5	
98.3	99.2	
88.2	69.5	
89.4	99.6	
76.9	98.8	
78.7	99.4	
88.6	99.4	
98.3	99.4	
86.2	78.2	
98.9	98.6	
98.3	99.6	
98.7	69.3	
98.9	99.6	
87.6	89.1	
98.5	69.1	
77.5	99.6	
68.4	99.6	
78.7	78.8	
99.3	98.8	
98.9	99.6	
98.5	99.6	
89.4	88.9	
99.3	88.7	
88.6	79.4	
99.1	78.4	
99.1	99.2	
97.9	89.5	
88.6	89.5	
98.5	99.6	
68.6	99.6	
88	89.3	
99.3	89.1	
98.9	99.2	
98.7	68.7	
99.1	99.4	
98.9	79.4	
67.2	88.9	
99.3	99.4	
88.2	99.4	
98.5	99.2	
99.1	99.4	
88.6	68.3	
98.1	99.4	
88.6	88.7	
88	99.6	
88.6	79.2	
98.5	99.6	
89.4	89.5	
98.5	99.2	
98.7	89.5	
89	89.1	
78.9	99.4	
98.9	79.2	
98.5	99.2	
98.1	88.9	
99.1	99.4	
99.3	59.2	
88.8	88.9	
89.4	79.6	
99.1	88.7	
78.1	89.7	
99.3	99.4	
88.6	99	
79.1	89.3	
78.1	99.6	
97.9	99.6	
85.4	89.5	
87.8	88.9	
98.5	99.4	
88.2	99.6	
77.7	99.6	
86.6	89.5	
88.2	99.2	
68	69.3	
99.1	79.6	
89.4	99.6	
86.2	99.2	
96.9	99.4	
97.9	99.6	
99.3	89.1	
57.9	99.6	
69	99.2	
98.5	99.6	
98.5	99.2	
27.8	98.6	
77.5	99.6	
98.9	89.5	
88.6	99.6	
87.6	99.6	
78.7	99.6	
66.8	99.6	
79.1	79.8	
76.5	89.5	
98.9	99.6	
88	99.6	
87.8	89.5	
97.5	99.6	
98.3	89.1	
88.6	99.4	
86.8	99.4	
99.1	99.6	
98.5	99.2	
88.6	89.5	
99.3	88.9	
98.9	89.3	
68.6	79.2	
99.3	99.4	
89.2	88.9	
97.9	99.4	
86.4	99.6	
68.2	89.3	
99.1	89.3	
79.1	88.9	
99.3	79.2	
99.3	79.8	
99.3	99	
99.3	99.6	
99.3	99.6	
88.8	89.3	
98.7	59.2	
99.3	99.4	
99.1	99.6	
99.3	99.6	
98.9	99.4	
89.2	79.4	
99.1	99.6	
98.9	99.4	
97.9	99.6	
88.6	99.2	
98.3	99.6	
98.7	99.6	
58.5	99.4	
98.7	79.8	
89.2	99.4	
86.2	69.7	
98.9	99.6	
78.1	99.6	
99.1	89.3	
98.9	88.9	
88.8	78.6	
98.3	58.8	
88.6	99.4	
98.1	99.4	
68.6	99	
99.1	99.6	
78.9	99.4	
88.6	99.6	
99.3	99.6	
97.3	99.6	
99.1	99.6	
99.1	99.6	
77.9	79.8	
98.5	69.1	
98.3	99.4	
98.7	99.4	
98.7	79.2	
77.5	79.2	
98.1	39.4	
89.2	89.3	
69.2	99.6	
99.3	89.3	
99.3	99.6	
89	89.3	
98.9	99.6	
77.9	79.8	
77.9	69.5	
66.6	89.3	
87	89.7	
89	99.6	
99.1	89.5	
88.6	99.6	
98.7	79.4	
77.5	99.6	
98.5	59.2	
88.4	99.4	
88.8	89.1	
99.1	99.4	
99.3	88.5	
98.9	79.2	
98.9	89.3	
99.1	89.5	
89.2	89.7	
99.1	58.8	
98.9	99.6	
89.2	79.2	
98.9	99.6	
88.8	59.4	
99.1	99.6	
98.3	99.6	
88.6	99.4	
88.4	99.6	
88	99.4	
98.9	79.8	
88	59.2	
99.3	99.6	
87.8	99.6	
77.7	99.2	
96.9	99.6	
89.2	99.6	
98.5	99.2	
89.2	79.2	
99.3	99.6	
98.9	79.2	
88.8	89.7	
99.1	89.3	
98.1	68.7	
88.4	99.4	
98.7	89.7	
79.3	79.4	
87.4	79.6	
89.2	89.7	
99.3	89.5	
99.1	99.6	
99.1	79.4	
79.1	89.7	
99.1	88.9	
98.9	89.3	
99.3	99.6	
98.9	99.6	
98.9	99.6	
98.9	99.6	
99.3	59.4	
89.4	89.7	
89.2	99.4	
89	79.4	
89.2	88.5	
88.8	99.4	
88	99.6	
98.3	99.4	
89	99.6	
99.3	99.6	
99.1	99.4	
98.7	79.2	
98.5	99.6	
88.8	89.3	
98.9	99.6	
99.1	89.7	
99.3	99.6	
89.2	98.8	
89.4	99.4	
77.5	89.3	
99.1	88.9	
97.7	89.5	
99.1	89.3	
88.6	89.5	
99.1	99.6	
99.3	89.1	
87.2	99.6	
89.2	79.4	
98.5	99.2	
87.8	99.6	
99.1	99.6	
98.7	99	
99.1	99.4	
98.7	99.6	
98.9	99.6	
89	49.3	
98.7	99.6	
78.9	99	
88.6	99.4	
88.8	99.6	
99.1	99.2	
89.2	99.6	
77.9	99.6	
88.2	99.6	
89.2	99.6	
89.2	99.6	
98.9	99.6	
98.9	99.4	
78.9	99.6	
99.1	89.5	
88.8	99.2	
88.8	39	
88.6	98.8	
98.3	99.6	
98.9	49.1	
99.3	99.6	
88.6	99.6	
88.4	59	
88.8	99	
99.1	99.6	
68.8	99.6	
77.7	99.4	
67	89.1	
89	89.5	
77.7	98.8	
89.2	99.6	
89	99.4	
99.1	99.4	
89	89.7	
98.7	99.6	
98.3	88.7	
98.9	99.4	
98.9	99	
96.9	99.4	
99.3	99.6	
98.3	99.4	
88.6	79.4	
99.1	59.4	
98.5	99	
98.9	99.4	
98.3	69.7	
88.6	9.5	
87.6	99.6	
89.2	88.9	
89.4	99.6	
87.4	89.7	
89	79.4	
78.7	89.7	
98.1	69.1	
77.5	89.7	
68.2	99.6	
89.2	99.2	
98.1	99.6	
89.4	99.4	
98.7	98.8	
98.9	99.6	
99.3	99.6	
89	89.3	
79.3	99.4	
99.3	99.6	
89.4	99.4	
78.5	48.5	
88.6	38.2	
97.5	89.7	
99.1	99.6	
69	89.1	
87.6	89.5	
98.1	99.4	
98.5	79.8	
98.7	99.2	
57.1	99.6	
88	89.3	
98.7	89.3	
89.2	99.6	
99.3	89.5	
89.2	99.4	
98.7	99.6	
99.3	89.3	
98.9	59.2	
98.5	99.6	
99.1	89.5	
37.3	99.6	
99.1	89.5	
98.9	99.4	
89	79	
98.9	99.2	
78.7	99	
98.9	88.3	
99.1	89.5	
98.9	99.4	
98.5	99	
99.3	99.4	
78.1	99.6	
99.3	99.6	
99.1	99.6	
98.9	89.5	
78.5	89.5	
99.1	79.6	
98.9	99.4	
98.1	79.6	
89.2	79.6	
88.8	99.6	
87.2	99.4	
99.1	79.6	
99.1	99.4	
89.2	99.6	
89	89.7	
88.6	99.6	
89.2	99.4	
99.3	99.2	
78.7	99.6	
89.4	99.6	
89.2	99.6	
98.9	99.4	
88.8	99.6	
88.8	89.1	
89.2	89.7	
69	79.2	
98.9	58.6	
88.8	89.3	
77.5	79.6	
98.7	99.6	
99.1	99.6	
89.4	99.2	
77.1	99.4	
88.2	9.5	
99.3	89.3	
88.8	89.7	
99.1	99.6	
77.9	69.1	
99.1	99.6	
87.8	99.6	
97.9	79.8	
99.1	89.7	
88.6	99.6	
98.1	89.7	
89	99.6	
78.5	99.6	
99.3	79.8	
89.4	78.8	
99.3	98.4	
99.3	99.6	
99.1	98.6	
99.1	99.6	
89.2	99.6	
99.3	98.6	
99.1	59.4	
98.5	99.4	
98.9	89.7	
68.8	99.4	
98.9	99.2	
99.1	99.6	
77.3	98.8	
99.3	99.4	
99.3	88.1	
79.1	89.5	
89	69.1	
98.9	79.6	
47.6	79.2	
89	99.6	
98.9	99.4	
99.3	99.2	
99.1	99.4	
88.8	99.2	
99.1	99.4	
99.1	99.4	
89	89.7	
98.3	99.4	
88.8	99.6	
78.7	99.6	
99.3	99.6	
88.8	79.2	
89	68.7	
89.2	99.6	
99.3	89.7	
99.3	99.6	
98.9	59.2	
98.9	99.4	
99.3	39	
98.9	98.4	
89.2	99.6	
99.3	99.6	
89	68.9	
88.6	79.6	
89.2	89.1	
99.1	88.5	
89.2	88.9	
99.3	89.1	
99.3	79.4	
99.1	99.6	
99.3	89.7	
89.2	89.3	
98.5	99.6	
98.9	89.3	
98.7	79.6	
89	88.9	
99.1	69.7	
99.1	69.5	
88.6	99.6	
88.8	99.6	
68.6	99.6	
99.1	89.5	
98.7	99.6	
89	89.5	
89	89.3	
99.1	99.6	
88.6	99.2	
98.3	99.4	
57.1	99.6	
98.7	99.4	
98.7	99.4	
99.1	99.4	
88.6	99.6	
99.1	99.4	
89.2	89.5	
98.7	99.6	
