47	-43.6	
26.6	6.7	
23.8	58	
85.8	-22.8	
67	-21.6	
14.9	69.1	
55.9	29.3	
65.2	48.1	
46	38.8	
67.8	8.9	
88.8	89.1	
46.4	59.2	
98.5	-21	
78.5	67.3	
98.7	89.1	
99.3	-3.6	
68.2	89.3	
97.9	89.5	
98.9	-84.6	
47.4	99.2	
30.7	45.1	
57.5	98.6	
57.9	98.4	
78.3	98.4	
74.9	79	
79.3	89.1	
98.9	99.2	
89	48.7	
98.7	87.9	
98.7	99.4	
77.5	89.1	
99.1	99.2	
98.9	8.3	
88.4	99.2	
98.7	79.2	
99.1	89.5	
99.1	98.4	
98.1	39.6	
56.9	49.3	
99.1	98.2	
77.5	78.2	
98.7	99.6	
89	99.6	
98.5	68.5	
88.8	18.8	
36.3	99.6	
78.9	99.6	
98.7	89.7	
98.5	67.1	
98.9	78.6	
67.6	28.7	
88.6	27.9	
89	89.7	
77.5	99	
78.5	99	
99.1	88.9	
99.1	79.4	
78.9	89.1	
67.2	68.9	
87.6	88.3	
87.8	99.4	
88.6	57.6	
37.1	-2	
67.2	89.5	
76.9	99	
99.1	99	
99.1	98.8	
87.6	39.4	
79.1	68.3	
98.1	79.2	
76.3	99.4	
99.1	88.9	
88.8	79.4	
86.6	99.4	
97.7	89.7	
56.7	28.9	
89.2	28.5	
87.4	89.5	
97.5	89.7	
58.3	89.3	
68.6	79.6	
55.9	88.9	
89.2	99.6	
97.9	99.6	
98.9	69.1	
-10.1	68.7	
98.3	98.4	
99.1	99.6	
87.2	99	
77.9	79.4	
37.9	99.4	
88.8	59.6	
98.7	78.6	
88.6	-1.2	
88.2	-0.8	
77.9	-1	
48	58.8	
87.4	18	
89	88.1	
98.9	99.4	
88.8	79.6	
77.1	79	
77.9	79.8	
85.2	89.5	
99.1	67.3	
98.5	58.4	
68	99.4	
28.2	88.9	
67.8	99.6	
67.6	99.6	
99.1	98.6	
75.9	99.4	
98.1	79.6	
98.5	78.6	
87.2	99	
97.3	79.2	
76.9	99	
67	79.2	
68	99.4	
78.5	49.3	
65.8	79.2	
99.3	8.9	
98.1	79.6	
88.6	79.6	
67.6	28.9	
66.8	78.2	
35.5	99.6	
67.2	99.4	
79.3	99	
96.5	99.4	
87.2	69.3	
87.2	99.6	
78.1	28.9	
57.9	98.6	
97.1	99.2	
89	99.6	
98.3	99.2	
88.2	88.5	
88.4	89.7	
55.7	18.2	
88.8	99.6	
89	28.3	
98.7	99.4	
68	98.4	
88	79.4	
47.4	69.1	
97.7	89.5	
25.6	99.6	
78.5	48.7	
76.7	79.8	
99.1	89.3	
88.8	99	
57.5	79.8	
68.6	99.4	
88.6	99.6	
77.3	98.8	
98.1	79	
88.4	79.6	
98.7	99.2	
78.5	79.2	
77.7	89.1	
78.7	79.2	
87.8	99.6	
88.2	99.6	
57.9	89.3	
88.8	89.3	
67.4	59.2	
57.7	69.3	
63.6	79.2	
77.7	69.5	
89.2	99.6	
97.9	89.5	
98.3	99	
57.5	89.7	
16.3	69.3	
78.5	88.5	
69.2	99.6	
47.6	-111.9	
97.7	89.5	
89	79	
25.4	59.4	
98.1	39.2	
47.4	99	
78.3	79.8	
67.6	28.7	
97.7	89.5	
98.9	69.1	
87.2	99	
87.8	89.3	
55.9	89.7	
98.7	29.1	
76.5	99.4	
97.3	79.8	
67	79.4	
88.6	89.5	
99.3	78.6	
99.1	99.2	
77.5	19.4	
57.1	99	
98.7	99.6	
88.6	99.4	
78.5	89.1	
88.2	78.2	
98.3	98.6	
56.9	89.3	
99.3	99.2	
97.7	99	
88.6	79.2	
99.3	88.9	
89.4	49.5	
98.7	99.6	
98.7	99.4	
53.3	48.9	
67.4	99.4	
98.7	-1.4	
88.4	98.4	
87.6	99.6	
66.8	58.8	
59.1	69.3	
99.3	68.1	
88.8	48.5	
87.6	69.1	
78.9	89.7	
98.7	99.6	
65.6	79.6	
99.1	89.3	
99.1	89.7	
66	99.6	
88.2	37.8	
68.4	99.4	
47.8	99.4	
78.5	78.6	
98.1	89.5	
89	89.5	
89.2	98.8	
76.1	88.5	
88.6	89.3	
88.6	89.3	
98.5	59	
75.9	99.4	
99.3	58.6	
36.9	59	
98.7	89.5	
88.2	88.9	
98.9	89.1	
45.8	47.9	
78.5	69.5	
98.9	48.5	
75.3	18	
99.1	99.6	
88	99.4	
56.7	89.5	
87	89.5	
98.9	88.3	
89.2	89.5	
97.3	79.6	
66.6	89.3	
79.1	88.7	
89.2	69.1	
98.1	29.1	
86.4	89.3	
98.3	89.3	
78.9	89.1	
88.4	69.5	
98.5	79	
88.4	99.4	
88	48.9	
66.8	29.1	
89	48.9	
87.8	98.6	
66.4	78	
99.3	49.5	
87.8	29.1	
89	89.5	
88.4	68.1	
77.9	99.4	
57.7	89.3	
88.6	89.5	
88.8	87.7	
75.7	99.6	
86.6	79.2	
97.3	89.3	
66.8	88.1	
87.2	89.3	
37.7	99.6	
84.2	99	
-14.8	98.2	
57.5	5.5	
87.8	99.6	
99.1	99.4	
57.1	99.6	
36.5	89.3	
25	79.2	
56.1	39	
96.7	79.2	
77.9	89.5	
66	99.6	
68.6	88.7	
47.6	48.1	
88.8	99	
26.2	89.7	
86	78.4	
99.1	38.6	
98.5	-31.1	
86.6	79.4	
68.4	99.6	
89	79.6	
98.9	99.4	
88.4	-10.5	
99.1	19.2	
99.3	97.6	
98.9	98.8	
98.7	99.6	
98.7	99	
88.2	89.7	
87	89.3	
35.3	59.8	
89	99.6	
88.2	88.9	
68.6	99	
98.9	89.5	
88.8	98.8	
77.7	59	
68.8	99.6	
88.6	78.6	
98.9	38.6	
78.7	99	
89.2	58.6	
79.3	79.6	
86	99.6	
98.1	88.9	
98.1	79.8	
78.5	99.6	
87.6	29.5	
97.7	99.4	
98.3	99.6	
67	99.4	
98.7	89.5	
88.8	78.4	
67	99.6	
99.1	99.4	
68	78.6	
45.2	99.4	
87.4	99.4	
79.3	89.1	
76.5	89.5	
88.4	69.5	
79.1	78.4	
45.2	79.6	
89	69.5	
99.1	78.6	
88.6	58.8	
99.3	89.5	
88.4	57.4	
88	69.7	
97.9	99.6	
77.7	99.6	
98.7	99.4	
88	99	
98.9	58.2	
4.8	99.4	
99.3	99.4	
58.3	99.4	
86.2	79.6	
76.1	99.6	
13.7	79.4	
77.7	88.7	
26.2	79	
64.6	88.7	
46	99.4	
74.7	89.7	
97.7	77.6	
88.8	99.2	
68.6	99.6	
87.8	89.5	
89.2	89.7	
96.7	38.2	
66.2	79.6	
99.1	78.6	
41.8	99	
34.1	99.2	
75.5	46.9	
98.9	88.1	
87	89.5	
77.7	99.4	
37.1	98.6	
97.9	99.4	
98.7	99.4	
77.5	99	
48.2	98.6	
69	59.4	
96.1	98.8	
53.9	99.4	
87.4	99.6	
41.8	-11.1	
77.5	99.2	
68.4	99.2	
99.1	98.8	
98.9	99.4	
77.1	78.8	
54.7	99.4	
67.6	89.1	
99.3	99	
78.3	99.4	
68.4	98.6	
57.5	99.6	
42.8	36.8	
46.2	79.4	
99.1	58.8	
96.9	99.6	
78.1	69.1	
88	68.7	
88.8	89.3	
77.3	68.1	
78.1	38.2	
68.4	48.5	
36.7	89.3	
65.6	49.5	
86.2	18.2	
58.1	99.6	
57.7	99	
97.9	48.7	
74.7	99.6	
98.7	99.6	
87.8	89.5	
69.2	99.4	
88.8	88.3	
87.6	78.4	
78.7	89.3	
75.9	77.2	
58.1	89.5	
87.4	78	
46.6	99.4	
78.5	99	
89	99.6	
98.5	-41	
88.6	99.6	
96.9	88.9	
85.8	59.6	
68.6	89.5	
88.2	-31.5	
57.9	27.9	
76.9	69.5	
89	99.2	
98.3	68.9	
67.2	48.7	
89	69.1	
67.8	59.4	
99.1	99.2	
98.9	99.4	
99.1	78.2	
68.2	99	
67.6	99.6	
36.9	59.6	
88.8	79.6	
85.4	89.3	
89.2	88.5	
98.9	89.3	
78.9	99.2	
88.2	8.3	
47.6	87.7	
87.8	88.7	
97.7	89.5	
-15.2	88.3	
96.9	89.5	
97.9	99.6	
89	37.4	
98.5	8.5	
98.9	79.2	
98.1	99.2	
54.1	79.6	
88.2	99.6	
89	99	
88.4	99.4	
88.4	47.9	
88.6	89.7	
89.4	99.4	
88.8	78.6	
98.3	38.6	
89.4	79.8	
88.6	88.7	
97.7	39.2	
87.8	89.7	
99.3	29.1	
88.8	68.7	
97.7	78.6	
88.8	98	
77.9	99.4	
78.5	88.5	
98.1	99.2	
68.6	99	
97.9	89.1	
87.2	99.2	
89.2	59.2	
46.8	79.2	
86.2	48.9	
99.3	49.5	
66.8	89.7	
86.4	99	
68.8	78	
