-120.8	-12.3	
88.2	47.9	
31.9	98	
98.5	65.3	
3.6	99.4	
57.1	98.8	
76.3	99.4	
2.4	99.2	
87.6	87.3	
97.3	98.8	
12.7	38.8	
66.2	98.8	
89.4	79.4	
97.7	68.7	
87.8	69.1	
78.3	99.2	
88.2	99.6	
88.6	99.6	
88.8	99.6	
85	88.7	
78.5	99.2	
78.5	-30.9	
88.4	99.6	
76.3	99.6	
98.3	87.7	
77.5	89.5	
77.1	99.2	
35.1	88.3	
87.8	87.9	
89.2	99.6	
98.3	89.3	
88	99.4	
78.9	68.1	
51.9	58	
88	78.8	
89	99.6	
78.5	99	
97.7	48.3	
98.1	99.2	
99.1	99.2	
67.2	87.7	
66.4	39.6	
77.9	99.2	
89	99.4	
54.1	99.6	
88.8	98.6	
97.3	-11.1	
98.1	99.6	
89.4	99.6	
98.5	8.3	
79.5	38.6	
86.2	89.1	
88.8	99.2	
55.9	57.2	
74.9	49.3	
77.5	98.6	
75.7	79.8	
77.5	98.6	
79.3	99.6	
67.8	99.4	
78.5	89.5	
98.5	68.5	
98.9	99.2	
99.3	89.1	
78.5	98.6	
97.1	98.4	
89.2	99.2	
64.6	99.6	
75.7	79	
99.3	89.3	
88.4	-2.2	
98.9	79.6	
78.1	-22.2	
98.3	8.1	
68.2	89.7	
98.3	99.4	
78.7	89.5	
88	99.2	
57.3	99.6	
88.6	69.1	
87.6	79.2	
77.7	79.2	
77.9	99.6	
98.7	89.5	
88	48.5	
98.9	49.1	
98.9	78.6	
98.7	99.2	
23	-11.1	
78.3	8.7	
89	7.5	
77.7	48.7	
52.5	99.6	
73.7	89.3	
87.6	89.5	
98.9	39.2	
88.8	38.8	
99.1	78.4	
57.1	59.4	
67.8	99.2	
57.3	68.9	
57.3	19.6	
20.8	99.6	
87.8	89.1	
78.9	79.4	
98.9	79.4	
67.8	99.2	
98.9	19.2	
98.5	99.6	
89	79.2	
78.7	99.2	
98.7	99.2	
32.9	77.4	
78.9	99	
87.6	99.6	
78.5	79.2	
98.3	58.6	
88	89.5	
66	88.1	
-15	79.8	
67.2	49.3	
-1.8	88.9	
56.3	99	
67.8	18.8	
88.8	79	
77.9	89.3	
77.1	19	
78.3	78.4	
98.7	89.1	
78.5	99.6	
-19	99.6	
78.7	99.6	
87.2	79.2	
88.4	99.6	
97.3	68.9	
57.7	69.3	
78.7	79	
77.3	99.6	
87.6	98.8	
98.3	89.1	
98.7	99.4	
99.1	99.6	
54.9	68.9	
46	99.4	
88.8	99.6	
67.8	9.3	
68.2	99.6	
45.6	79.2	
88.4	89.5	
46.6	99.4	
66.8	79	
98.9	99.2	
97.7	99.6	
70.3	79.8	
76.3	58.4	
56.9	99.6	
88.6	89.3	
55.5	99.6	
88.2	79.4	
78.3	89.3	
96.9	88.3	
87	99	
96.5	89.5	
98.9	99.6	
88.6	89.7	
78.1	89.1	
78.3	-72.1	
78.9	99.4	
77.5	99	
88.6	48.5	
89.4	17.6	
78.5	89.7	
77.3	28.1	
87.4	79.4	
46.4	89.5	
69	29.5	
89.2	79.2	
87.8	88.9	
88.8	89.5	
86.4	97.8	
89	89.3	
89	99.4	
88.4	78	
77.5	99	
98.9	88.9	
86.2	79.4	
88.6	99.6	
34.1	99.2	
44.2	99	
97.7	99	
68.2	89.7	
99.1	99.2	
99.1	99	
88	89.3	
98.7	89.1	
98.9	99.4	
78.5	99.4	
98.9	99.4	
98.9	37.2	
77.7	59.6	
78.3	17	
97.3	88.9	
97.7	78.6	
98.9	58.2	
86	99.2	
84.6	39.2	
98.9	28.9	
99.1	59	
96.5	49.3	
88.6	79.4	
98.7	88.9	
98.7	59.2	
89.4	38	
65.6	99.2	
86	48.9	
88.4	99.6	
66.6	28.9	
98.5	89.5	
68.2	99.4	
98.1	99.4	
1.4	58.6	
89.2	98.8	
76.1	98.8	
65	46.7	
76.9	79.8	
55.3	89.5	
66.8	99.6	
89.4	19	
67	89.5	
77.9	89.1	
99.3	99.2	
68.4	89.1	
58.5	68.3	
99.3	99.2	
68	69.5	
89	98.6	
77.5	99.2	
97.5	89.5	
88.4	79.2	
98.9	89.5	
88	89.7	
67.2	99.4	
98.7	77.8	
89.2	78.4	
68.8	99.6	
17.7	99.4	
98.3	99.6	
65.2	89.3	
78.7	89.1	
98.7	89.5	
98.9	99.6	
99.1	79.4	
99.1	99.6	
68	89.1	
98.9	89.5	
63.4	98	
77.7	99.2	
58.7	79.2	
67.4	79	
43.2	88.9	
88.8	68.7	
78.5	99.4	
53.9	89.5	
98.9	69.1	
78.5	99.2	
46.4	99.2	
77.7	27.9	
88.6	89.7	
78.7	89.3	
87	79.2	
97.7	89.7	
77.9	89.5	
99.3	89.5	
58.3	89.3	
58.7	68.9	
98.1	49.1	
62.6	99.6	
77.1	99.6	
98.7	99.4	
86.2	99	
88.2	88.9	
79.1	8.7	
68.8	79.2	
74.9	79	
46.6	89.1	
68.6	99.4	
68	88.7	
88.2	89.3	
97.9	37.6	
66.4	89.7	
79.1	99.4	
96.9	89.7	
87.6	79.2	
88.8	79.8	
79.3	99.4	
78.3	59.6	
96.5	59.2	
99.3	78.2	
88.4	29.3	
67.4	89.3	
69	69.1	
98.3	89.5	
77.9	99.6	
89.4	89.3	
98.5	89.7	
88.6	89.5	
97.9	99.4	
99.3	89.5	
98.7	48.7	
99.1	99.2	
79.1	77.8	
89.2	99.6	
65.8	78.8	
97.5	99	
98.3	49.3	
77.9	99.2	
77.5	89.3	
89	99.4	
87	89.5	
46.2	39.4	
97.9	78.8	
99.1	99.4	
44.2	99.6	
98.1	89.3	
78.9	89.7	
87.8	59.6	
55.5	89.3	
99.3	78.4	
98.3	59.6	
67.8	79.4	
88.6	98.8	
66	59.4	
89	49.5	
86.8	48.5	
68.6	89.3	
88.4	98.8	
89	98.8	
98.9	68.5	
78.9	99.6	
99.1	68.7	
99.1	89.1	
98.9	88.7	
79.1	79.4	
78.1	98.4	
98.7	98.4	
97.5	89.3	
78.7	68.9	
87	99.2	
55.3	99.6	
53.7	79.4	
97.9	99.4	
89.2	89.5	
99.1	89.1	
88.6	89.5	
88	99.4	
89	38.8	
98.7	49.3	
87.2	79.2	
99.1	58.2	
86.8	96.8	
76.5	58.4	
67.4	78.2	
87.6	58.2	
48.6	89.7	
56.9	78.2	
88.4	78.8	
69.4	99.4	
57.1	57.8	
45.8	99.2	
98.5	68.1	
87.6	67.9	
35.1	99.2	
88.4	99.2	
98.7	49.1	
98.3	29.5	
78.7	89.5	
99.3	88.9	
88	99.6	
88.4	38.8	
78.1	79	
88.8	89.7	
77.3	89.5	
88.2	59.6	
77.9	58.8	
85.8	79.6	
67.8	79.6	
98.9	89.5	
98.9	78.8	
78.1	59.6	
88.8	89.3	
86.4	89.5	
78.5	78.8	
98.5	99	
57.3	79.8	
98.9	89.7	
99.3	89.5	
97.5	37	
99.1	29.3	
54.1	88.9	
98.9	69.3	
77.7	99.6	
67.8	49.5	
58.7	89.3	
97.7	99.2	
98.5	68.9	
98.3	98.6	
79.1	89.3	
88.8	79.2	
68.6	99.2	
77.3	99.6	
99.1	99.4	
69	99.4	
98.7	88.7	
87.2	98.8	
99.1	69.3	
99.1	99.2	
87.8	99.4	
88.2	89.7	
98.5	79	
98.7	79	
78.5	79.4	
73.9	89.3	
99.1	88.5	
57.7	68.3	
88.8	89.3	
88.6	98.6	
88	68.9	
99.3	29.1	
56.5	58.2	
98.3	99	
48.2	89.7	
47.8	89.5	
98.3	67.9	
78.1	99.4	
97.3	89.7	
89	89.1	
78.5	99.2	
98.7	39.2	
87.6	89.5	
99.1	98.8	
87.8	89.5	
78.7	48.5	
98.9	98.4	
97.9	49.1	
88.4	89.7	
98.3	78.6	
98.5	-0.6	
88	-41.6	
86.2	99.2	
54.5	99	
58.5	99.6	
79.3	68.9	
88.4	99.6	
77.5	-21.2	
62.6	88.9	
88	39.2	
77.3	99.4	
89.2	79.8	
68	47.1	
78.9	99.6	
47	99.6	
46	89.5	
89	19.2	
77.9	88.5	
98.5	59.6	
88.8	99.6	
88.4	99.4	
77.1	79.2	
88	89.7	
99.3	99.6	
88	68.1	
86.6	89.5	
88.2	99.4	
98.7	99.4	
67.2	49.5	
97.9	89.5	
99.1	57.2	
78.1	89.5	
88.6	89.1	
47.4	88.1	
98.9	99.6	
96.9	99.4	
68.2	79	
88.6	88.5	
78.3	99.6	
77.1	99.4	
88.2	99	
77.3	99.6	
89	69.5	
78.7	99.4	
89	99.4	
57.5	89.5	
68.8	78.8	
46.8	89.1	
78.9	99.2	
89.4	58.6	
88.4	89.3	
88.8	78.8	
78.1	78.2	
36.5	47.9	
