57.5	-182.8	
-72.5	-71.9	
98.3	-1.6	
56.7	-545.6	
65	99.2	
67.4	59.2	
97.9	16.4	
53.1	58.8	
67.4	58	
73.7	-42.4	
84	-118.3	
89.2	75.2	
88.4	-24.2	
87.6	8.9	
88.6	79.2	
75.3	57.2	
98.5	-41.4	
88.6	39	
99.1	86.7	
98.5	79.2	
76.7	-12.5	
73.7	57.6	
99.3	-21.8	
88.8	84.1	
87.6	67.5	
96.5	55	
78.5	76.4	
78.1	58.2	
78.7	98.2	
79.1	67.3	
76.9	66.9	
95.5	98.8	
86.8	38.4	
97.5	64.9	
99.1	39.4	
75.9	97	
66.8	85.9	
98.7	88.1	
76.7	88.7	
98.3	8.5	
87.8	99	
88.6	18.6	
88.6	78.2	
68	46.7	
88.2	27.1	
88.6	88.3	
98.9	87.5	
87.8	67.1	
88.2	36.2	
66.4	77.8	
88.4	78.2	
68.6	79.2	
66	99.6	
58.3	84.5	
88	78.6	
85.2	79	
98.1	53.6	
77.3	88.9	
76.1	-8.2	
75.3	78.2	
97.1	88.9	
87.4	58.4	
87.6	68.9	
86.2	96.4	
58.5	76.4	
85.2	56.8	
98.7	89.7	
67	99.2	
77.7	89.7	
88.8	97.2	
79.5	48.3	
97.1	99.6	
88.6	97.4	
78.1	98.2	
88.6	59.2	
89.4	57.8	
99.3	88.3	
79.3	34	
87.6	55.2	
97.1	88.5	
53.7	86.9	
34.7	89.5	
88.8	99.6	
86.4	79.6	
73.1	98.6	
87.8	99.6	
97.7	99.6	
87.2	99.4	
44.4	79	
68.2	89.5	
76.1	88.9	
67.8	99	
77.3	89.7	
87.6	89.5	
87.8	99.2	
53.5	99.6	
87.8	99.4	
37.7	88.9	
88.2	79.2	
77.1	19.4	
79.3	99.6	
97.9	89.1	
99.1	99.4	
94.9	29.1	
67.2	99.4	
78.3	99.6	
88.2	77.4	
98.1	69.7	
89	99.6	
88	99.4	
67.4	99	
88	89.3	
87.6	99.6	
99.1	98.8	
89.2	89.1	
98.9	99.6	
67.4	99.6	
98.3	98.8	
97.9	79.6	
98.1	99.6	
78.1	89.3	
99.1	69.3	
87	79.2	
99.3	99.2	
77.7	99	
98.5	69.5	
88.2	99.2	
98.1	79.6	
78.7	79.6	
66	98.8	
66.6	88.5	
98.1	88.7	
88.4	48.9	
98.5	98.8	
77.5	99.6	
88	28.3	
68	69.5	
88.8	99.6	
87.6	89.1	
76.1	99.2	
56.9	99.4	
87.8	78.6	
78.1	98.8	
97.1	99.2	
88.2	78.4	
55.1	79.4	
88.8	88.9	
97.1	99.6	
56.7	49.5	
88.8	99.4	
98.1	99	
99.1	79.4	
98.7	89.3	
99.3	78.4	
98.7	89.1	
98.1	99.6	
85.8	49.3	
98.5	99.2	
88.2	89.7	
97.9	97.8	
99.1	79.2	
99.1	89.5	
87	89.3	
88.6	99.6	
77.9	99.4	
98.7	89.7	
37.3	99.6	
93.1	89.7	
67.8	99.4	
58.1	98.4	
86	79.4	
67.6	99.4	
88.2	89.3	
97.3	99.2	
98.9	99.4	
97.9	89.7	
88.6	99.6	
87.8	59.6	
97.7	79.4	
89.2	69.7	
98.3	58.8	
88.4	8.3	
67.2	99.6	
86.6	88.9	
67	89.1	
93.5	89.3	
78.1	98.6	
98.7	99.2	
98.5	99.2	
55.7	99.2	
86.6	99.4	
86	69.7	
89.2	99.4	
98.9	99.4	
87.8	69.5	
88.2	78.4	
67.2	99.2	
97.3	99.6	
73.9	99.6	
36.1	99.6	
88	99.6	
98.7	88.5	
78.5	89.3	
48	99.4	
78.3	-71.7	
77.3	78.8	
98.7	89.5	
98.1	88.5	
97.7	79.4	
78.7	99.6	
98.5	99.4	
78.9	99.4	
98.3	8.9	
98.5	28.1	
88.6	98.2	
97.9	88.5	
67	99.6	
97.1	69.5	
77.3	89.3	
97.5	99.6	
77.5	59	
98.9	99.2	
57.9	49.5	
89.2	99	
78.3	99.4	
98.3	99	
87.2	69.7	
96.7	-61.2	
89.2	89.3	
98.9	99	
99.1	98.4	
98.5	78.6	
98.9	49.5	
88.4	69.3	
77.5	69.1	
89.2	69.3	
37.5	99.4	
96.7	89.1	
77.9	78.4	
73.7	98.6	
97.7	79.2	
97.3	28.5	
78.9	78.6	
75.9	99.6	
79.1	79	
88.8	68.9	
99.1	98.6	
97.7	59	
97.5	59.6	
86.2	67.7	
98.1	99.6	
78.3	48.5	
87	98.8	
98.7	9.5	
99.1	99.6	
77.3	99.6	
88.8	99.6	
78.1	99.2	
66.2	99.6	
78.5	99.2	
98.3	89.7	
78.5	89.1	
76.3	49.3	
97.5	99.6	
78.7	-11.5	
95.9	88.9	
98.5	98.6	
99.1	99.4	
99.1	89.5	
65.2	99.4	
67.8	87.3	
89.2	88.7	
87.8	89.5	
88.4	99.6	
98.3	99.6	
68.8	99.4	
98.9	48.3	
58.5	99.6	
77.7	99.4	
79.1	99	
88.4	99.4	
98.5	89.5	
98.3	99.4	
78.3	88.5	
97.1	69.5	
79.1	59.2	
87.8	99	
78.1	99.4	
68	99.6	
89	99.4	
98.9	99.6	
78.1	89.3	
88.6	89.5	
98.9	8.7	
87.6	79.2	
89.2	99.6	
88.6	98.8	
98.5	99	
98.3	99.6	
37.9	99.2	
77.9	89.1	
98.9	79.4	
76.1	88.5	
78.5	-30.9	
79.1	99.4	
78.5	99.4	
98.5	89.7	
57.1	99.4	
99.3	99.4	
98.5	99.6	
67.2	99.4	
98.9	59.4	
89	99.2	
79.3	78.8	
97.9	99.6	
89	89.3	
98.3	69.5	
99.3	89.1	
88.6	89.3	
78.1	89.7	
89	89.3	
78.3	89.5	
68.4	67.9	
88.8	89.1	
99.3	88.9	
88	88.1	
99.1	98.4	
78.7	18.8	
68.6	99.4	
79.3	99.4	
88.8	89.7	
78.7	59.4	
88.6	18	
68.4	29.1	
99.1	79.4	
88.8	99.6	
99.1	99.6	
57.9	78.4	
95.9	99.6	
99.3	-31.7	
99.1	99.2	
88.2	29.7	
98.5	89.5	
98.7	99	
86.8	89.5	
98.7	48.9	
97.3	77.2	
89.4	99.6	
99.3	89.7	
98.9	99.6	
87.2	79.6	
87.2	99.2	
77.1	89.3	
88.6	89.1	
98.5	99.4	
78.3	99.6	
98.9	69.1	
87.6	99.6	
97.7	99.6	
89.4	89.1	
98.3	99.2	
88.4	88.9	
99.3	88.9	
89.2	89.1	
69	89.7	
99.1	79.4	
99.3	79.4	
77.7	99	
97.1	89.1	
99.1	89.1	
99.1	99.2	
65.6	78.4	
78.5	89.5	
98.3	77.6	
65.8	89.1	
88.6	88.3	
76.9	99.6	
74.9	99.4	
67.6	89.3	
77.9	99.6	
98.9	89.3	
57.5	89.3	
98.9	89.7	
97.9	68.7	
97.7	57.6	
98.1	79.4	
89.4	89.3	
99.1	59.4	
47.6	79.4	
97.9	99.6	
97.9	78.8	
47	99.2	
98.9	89.5	
87.8	79.4	
87.4	99.6	
79.1	99.6	
97.3	99.2	
57.3	99.2	
89	99	
66.4	99.4	
88.2	99.4	
88.6	99.2	
88	89.5	
78.9	89.3	
87.8	99.4	
78.5	99.6	
99.1	99.6	
89	99.6	
98.7	99.6	
89.2	99.6	
88.8	99.6	
78.3	89.5	
89.2	99.4	
98.3	89.5	
98.3	98.6	
98.9	99.6	
98.1	89.5	
98.5	99.4	
99.3	88.9	
89.4	99	
57.9	99.6	
75.7	99.2	
97.9	98.8	
99.3	89.5	
89.2	99.6	
97.5	99.4	
89.2	58.8	
97.5	69.5	
67.4	89.7	
98.9	58.2	
89.2	98.2	
98.3	47.5	
98.1	48.5	
78.3	79.8	
68.4	89.5	
77.7	99.4	
98.5	89.7	
67.6	99.2	
88.8	38.8	
89	99	
87.2	68.7	
77.3	99.6	
68.4	88.9	
88.8	99.6	
78.3	38.4	
88.4	99.6	
99.1	79	
88.4	38.8	
99.1	99.6	
98.3	99.6	
97.3	89.1	
98.1	99.2	
97.9	89.7	
78.7	99.6	
68.4	99.6	
88.4	79.6	
88.4	99.4	
67.6	98.8	
87	89.3	
79.1	89.1	
98.7	99.2	
76.7	99.2	
89.4	79	
99.3	99.4	
99.3	89.7	
89.2	98	
98.7	99	
89.2	39.2	
99.3	88.9	
89.4	89.7	
88	99.2	
99.1	99.4	
88.6	99.6	
78.3	67.5	
57.5	99.6	
77.9	69.1	
98.7	99.4	
98.9	79.4	
98.3	68.9	
45.6	89.7	
88	79.4	
99.1	49.1	
98.3	89.3	
78.1	99.6	
89.2	49.7	
79.1	99.6	
97.7	-50.9	
88.2	79	
57.3	99	
69	89.5	
98.7	89.7	
78.1	99.6	
78.1	99.6	
89.2	49.1	
98.5	79	
37.9	89.7	
98.3	39.2	
97.9	69.5	
98.5	99.6	
89	78.8	
