-4.3	-31.9	
35.1	48.9	
77.7	39	
68.4	98.4	
85.8	38.4	
97.9	99	
78.5	88.9	
96.7	98.8	
88.8	89.7	
74.3	99.2	
72.1	88.3	
88.4	99.2	
96.7	98.8	
97.7	99.4	
64.8	67.9	
99.1	99.6	
99.1	99.6	
66.6	99.6	
79.3	99.2	
99.1	99.4	
88.4	99.6	
99.1	89.3	
97.5	89.5	
98.5	89.1	
97.9	99.6	
98.7	99.4	
57.1	99.6	
98.7	88.9	
98.9	99.6	
88.2	78.8	
98.5	89.3	
79.3	99.4	
88	99.4	
88.6	99.4	
84.8	88.9	
92.5	98.8	
88.8	88.3	
92.5	99.6	
86.4	79.6	
88.6	89.5	
86.6	99.4	
86	99	
97.9	89.3	
98.9	99.4	
99.1	99.2	
89.2	99.4	
98.1	99	
88.4	78.4	
99.3	98.2	
99.3	98.8	
98.9	89.5	
67.2	78.8	
98.5	88.7	
98.5	99.6	
99.1	99.6	
98.7	79.4	
98.1	78.2	
78.7	58.2	
89	79.2	
78.5	99.6	
99.1	89.1	
88.8	-12.1	
79.3	99.6	
88	38.8	
98.3	78.8	
97.9	99.6	
98.3	89.3	
98.1	89.5	
99.1	99.6	
99.3	98.6	
89.4	99.6	
99.1	89.3	
99.3	89.3	
77.9	29.5	
99.3	77.8	
78.7	99.4	
89.2	89.5	
88.8	99.6	
89	79.8	
98.9	89.5	
89.2	88.9	
88.8	89.3	
99.3	89.5	
98.3	69.1	
88	89.3	
77.5	88.1	
88.6	78.6	
89	79	
99.1	89.1	
98.9	89.1	
78.5	28.9	
88	99.4	
99.3	59	
99.1	78.2	
89.2	99.2	
99.3	99.2	
99.1	98.8	
79.1	89.5	
99.1	69.3	
98.9	99.6	
89.4	99.4	
99.1	89.5	
99.1	89.5	
89.2	99.4	
98.1	89.5	
99.3	99.6	
98.7	88.9	
89.2	89.3	
89.2	99.6	
88.8	99.6	
89.2	99.6	
89.4	99.4	
98.9	68.9	
99.1	99.6	
89.2	99.6	
99.3	99.6	
89.2	98.8	
88.8	99.4	
88.2	89.5	
98.7	99.6	
99.3	99.4	
89	99.6	
89	99.6	
78.5	89.1	
89.2	89.1	
48.6	89.7	
88.8	89.5	
88.6	89.7	
79.1	99.6	
89.4	89.5	
98.7	59.6	
98.9	79.6	
99.3	89.7	
98.9	89.1	
69.2	99.6	
99.1	99.6	
99.3	89.5	
98.9	99.2	
65.8	99.6	
79.1	99.6	
96.3	99.4	
78.9	99.4	
98.1	88.5	
98.1	99.4	
89.4	99.4	
88	99.6	
89	79.4	
99.1	99.4	
97.9	99	
99.1	89.7	
78.7	99.6	
89	99.2	
97.9	69.1	
98.3	59.6	
79.1	99.6	
98.7	99	
98.9	89.3	
99.1	99.4	
98.5	99.6	
67.4	89.3	
89.2	88.9	
86.8	88.1	
98.9	99.2	
99.3	99.6	
99.1	89.7	
89	99.6	
97.3	99.4	
98.9	99.6	
78.5	99.6	
78.9	99.4	
89	89.3	
88.8	89.5	
99.3	89.1	
89.2	99.4	
78.3	88.9	
98.9	89.3	
97.9	99.4	
98.7	89.7	
98.5	89.7	
98.9	99.4	
99.3	99.6	
98.9	99.6	
99.3	79.6	
98.9	99.6	
98.9	79.2	
89	89.5	
98.5	89.3	
88.2	99.4	
98.1	79.4	
98.9	89.1	
88.6	99.2	
97.9	99.4	
99.1	99.6	
89.4	99.4	
87.6	99.4	
89.4	98.8	
88.4	89.3	
98.7	99.6	
89.2	89.5	
88.4	88.7	
98.7	99.2	
58.5	89.5	
89.2	89.3	
99.3	99.4	
89.4	79.6	
99.3	89.7	
98.3	79.6	
68.2	89.7	
88.2	79.4	
98.3	99.6	
99.3	89.1	
88.6	99.6	
99.1	89.5	
98.9	99.6	
99.1	99.6	
98.7	89.3	
99.1	99.2	
98.5	99.6	
68.6	89.5	
98.7	89.3	
98.3	99.4	
57.5	99.4	
99.1	99	
89	88.5	
99.1	79.4	
98.9	79.4	
89	88.3	
98.3	89.7	
88.2	89.5	
99.3	99	
98.9	88.9	
99.3	79.8	
99.3	58.6	
88.8	99.2	
98.5	69.7	
98.3	39.2	
98.5	99.6	
99.3	89.7	
88	78.4	
98.9	69.5	
88	79	
98.7	79.6	
97.3	69.3	
98.5	79	
99.1	89.3	
98.9	79.2	
78.3	99.4	
89.2	49.7	
88	88.9	
98.7	99.6	
89	69.1	
99.1	89.5	
99.1	69.3	
78.7	89.5	
98.9	89.7	
99.1	99.6	
98.1	99.6	
98.1	99.2	
99.1	99.4	
99.3	99.6	
98.9	59	
99.3	88.7	
98.5	99.6	
98.7	99	
99.1	79.6	
98.5	89.7	
98.9	99.4	
98.5	89.5	
98.9	99.6	
99.1	99.6	
78.5	99.4	
99.1	89.7	
99.3	99.6	
77.7	99.6	
98.3	99.2	
79.1	99.6	
98.5	99.6	
89	98.8	
78.5	99.4	
99.3	99.6	
78.3	89.1	
77.5	89.7	
99.3	88.9	
98.7	99.4	
99.3	99	
98.9	99.2	
79.1	99.6	
99.1	99	
99.1	99.6	
99.3	78.6	
77.9	99.6	
78.9	89.1	
79.3	19.2	
78.7	59	
78.7	79	
88.6	99.6	
88	89.3	
98.7	59.6	
89	99.4	
88.8	78.8	
98.7	99.4	
78.7	99.4	
98.5	99.6	
98.9	99.6	
98.5	99.4	
88	99.6	
99.3	89.3	
98.5	99.4	
88	99.6	
99.3	89.7	
87.6	98.8	
99.1	79.2	
98.5	99	
86	89.1	
98.5	78.8	
88.4	99.6	
98.9	78.8	
89.2	89.5	
99.3	79	
89	89.5	
78.5	78.6	
99.1	99.4	
97.5	79.6	
98.5	99.6	
99.3	99	
98.9	89.1	
99.1	58.8	
99.1	99.6	
88.2	99	
99.3	99.6	
88	89.1	
98.9	99.6	
99.1	99.6	
57.5	58.8	
89.2	79.4	
98.7	99.6	
99.1	99.4	
96.1	99.6	
79.5	89.5	
87.8	99.2	
98.7	99.2	
99.1	78.2	
98.9	99.4	
99.1	99.6	
98.7	99.6	
99.3	99.4	
69	89.5	
89	89.5	
98.7	99.4	
96.5	69.3	
67.8	99.6	
97.7	99.4	
98.7	99.6	
99.3	89.5	
98.9	99.4	
89.2	99.6	
88.8	99.6	
88.6	99.6	
89.4	69.3	
98.3	99.6	
88.8	89.5	
77.7	99.4	
85.8	99.4	
89	99.4	
89.2	99.6	
88.4	88.9	
78.3	99.4	
98.7	89.7	
89.4	99.4	
98.9	59.2	
78.3	99.6	
98.3	99.4	
99.3	99	
89	99.6	
88	99.6	
88.4	99.4	
97.3	99.6	
76.1	99.4	
87.4	78.6	
98.9	89.7	
78.3	99.4	
98.9	99.6	
98.9	99.6	
99.1	89.7	
87	99.6	
98.1	99.4	
89.4	99.2	
89	99.4	
98.9	99.6	
99.1	99.6	
99.1	99.6	
98.9	99.6	
89.4	99.4	
98.7	99.6	
99.1	99.6	
99.3	99.4	
99.3	69.1	
98.7	99.2	
87.8	99	
98.9	99.6	
99.3	99.6	
88.8	99.6	
98.7	49.3	
99.3	89.1	
98.9	99.6	
99.3	98.8	
78.7	99.4	
98.7	99.4	
89.4	99.6	
98.7	99.4	
99.3	99.4	
79.3	99.6	
88.6	99.4	
99.1	99.6	
89.4	99.2	
98.9	88.7	
98.9	99.6	
99.1	19.2	
68.4	99.6	
99.1	99.4	
98.9	99.2	
79.3	99.4	
99.1	99.2	
98.9	79.6	
99.1	99.6	
89	99.4	
98.9	98.8	
99.3	69.1	
89.2	89.7	
79.5	99.4	
77.3	89.3	
99.3	99.6	
99.3	99.6	
89.2	89.7	
99.1	89.5	
98.9	89.3	
96.9	79.6	
89.2	88.9	
98.9	99	
88	99.6	
97.9	99.6	
99.3	99.6	
48	88.9	
89.4	99	
99.3	99.6	
98.7	99.6	
89.2	99.2	
99.3	89.5	
89.4	98.8	
99.3	99.6	
99.3	99.4	
99.1	99.6	
99.3	79.2	
99.3	99.6	
88	99.6	
88	99.6	
98.3	99.6	
99.1	99.6	
99.3	89.7	
87	99.6	
69	99.2	
99.3	89.3	
89	99.6	
98.9	99.6	
98.7	89.1	
88.2	99.2	
89.4	99.6	
79.1	89.5	
78.3	99.4	
88.8	99.6	
97.9	99.4	
99.3	99.6	
48.2	99.2	
78.5	99.4	
99.3	99.6	
88.8	59.2	
89.2	99.6	
99.3	99.4	
78.3	99	
98.9	79.2	
98.5	99.6	
88.2	59.6	
98.7	89.1	
88.8	89.7	
99.3	99.6	
99.3	99.2	
89	59.6	
78.9	99.4	
88.8	89.5	
98.7	99.6	
88.8	99.6	
78.5	99.4	
98.5	99	
98.7	89.3	
88.4	99.6	
88.4	89.5	
89.4	79.2	
88.6	99.2	
99.3	99.6	
89	99.4	
