-48.5	-40.8	
99.3	-374.5	
96.7	79.4	
33.7	89.5	
96.1	48.9	
75.3	39.2	
85.8	68.9	
88.6	-1.4	
88.2	79.4	
87.2	38.4	
88.2	49.3	
99.1	19.2	
88.2	59.2	
78.1	99	
76.9	88.7	
98.1	78.4	
99.3	89.5	
95.5	67.7	
87	59	
97.1	87.1	
81	68.9	
96.3	88.7	
86.4	79.2	
98.7	88.3	
98.9	88.5	
99.1	88.9	
99.3	89.1	
98.9	88.9	
78.3	89.1	
98.3	99.6	
89.2	89.5	
98.9	89.1	
99.1	99.4	
99.3	99.4	
99.1	79	
89.4	89.1	
98.7	88.7	
98.9	89.3	
99.1	79.4	
98.7	89.1	
98.9	79	
99.1	89.3	
98.7	89.3	
99.1	79.4	
98.9	89.1	
99.1	89.5	
99.1	89.5	
79.1	89.1	
99.3	89.5	
88.4	79.4	
98.9	79.4	
88.4	99	
98.9	89.5	
89	89.5	
99.3	89.1	
99.1	89.5	
99.3	79.4	
99.3	79.4	
88.6	88.9	
98.9	88.9	
99.1	89.1	
98.1	89.5	
99.1	89.3	
99.1	89.3	
99.1	89.3	
89.2	89.1	
99.1	79.4	
99.3	89.5	
99.3	79.2	
99.1	79.2	
98.7	78.8	
99.3	89.3	
99.1	79.8	
99.1	89.3	
98.9	89.5	
79.1	79.4	
99.1	89.5	
99.3	89.3	
98.1	89.5	
99.3	89.5	
98.3	89.5	
98.9	89.3	
99.3	99.6	
78.9	68.9	
89.4	89.5	
99.3	89.5	
98.9	89.5	
98.9	68.3	
99.1	79.4	
99.3	99.6	
99.3	69.3	
89	88.9	
89	89.7	
98.5	89.3	
99.3	78.8	
99.1	99.6	
88.8	89.5	
99.1	89.1	
98.9	89.5	
98.5	79.4	
99.1	89.5	
98.9	79.2	
99.1	89.3	
78.7	79.2	
89.2	89.5	
98.9	99.6	
98.5	99.6	
99.3	99.6	
98.5	79	
79.1	89.5	
98.9	88.9	
99.3	99.6	
79.3	89.5	
99.1	99.4	
99.1	88.5	
99.1	88.9	
88.8	99.4	
98.7	99.4	
98.5	99.6	
99.3	99.6	
99.1	79.4	
99.1	99.6	
99.3	99.6	
99.3	99.6	
99.1	99.4	
99.3	99.4	
99.3	99.2	
99.3	99.6	
99.3	99.4	
98.9	99.2	
99.1	99.4	
99.3	99.6	
88.8	99.4	
88	79	
99.3	99.4	
99.1	99.6	
99.1	49.3	
99.3	89.3	
98.9	99.4	
99.1	99.4	
99.3	99.4	
98.9	99.2	
98.9	99.6	
89.4	99.6	
98.7	99.6	
99.3	99.2	
99.1	99.2	
98.7	99.4	
98.9	89.3	
99.1	89.7	
99.3	99.6	
89	99	
89.2	89.5	
89.4	99.4	
89.2	99.4	
98.9	88.7	
89	99.6	
98.7	79.4	
98.7	98.8	
99.1	99.6	
89.2	89.1	
98.9	99.6	
89.4	99.6	
79.1	89.3	
99.1	89.5	
88.2	69.1	
99.3	99.6	
99.1	89.5	
99.1	99.4	
99.3	99.6	
99.3	99.4	
98.9	99.4	
98.9	99.4	
99.3	99.4	
99.3	99.6	
89	99.2	
98.7	99.6	
89.2	99.6	
98.9	89.5	
89	99.2	
99.1	99.4	
79.1	89.3	
98.9	89.1	
99.3	99.4	
99.1	99	
99.3	99.6	
99.3	99.4	
99.3	79	
99.3	99.6	
88.8	69.1	
98.9	99.6	
99.1	99.6	
99.3	99.6	
99.1	89.3	
99.3	99.6	
99.3	99.6	
89.2	89.3	
89.2	89.3	
99.3	99.4	
99.3	99.2	
98.9	99.4	
99.3	79.2	
99.1	99.4	
89	88.5	
99.1	99.6	
99.1	99.4	
99.1	79.8	
88.6	89.3	
98.9	99.6	
99.1	99.4	
99.1	99.4	
98.9	99.2	
89.4	68.3	
99.1	79.8	
89.4	79.8	
99.3	99.4	
98.3	99.4	
98.9	99.4	
99.3	99.6	
99.3	89.3	
99.3	89.3	
98.9	99.2	
89	99.6	
99.1	98.6	
99.1	99.6	
78.1	99.6	
99.3	89.5	
99.3	98.6	
89.4	99.2	
99.1	88.3	
89.2	99.2	
98.9	99.4	
98.9	99.6	
88.8	99.2	
99.3	99.6	
99.3	79	
99.1	99.6	
98.7	99.2	
98.7	69.3	
98.9	99.6	
99.1	99.6	
99.3	99.6	
89.2	99.6	
99.3	89.5	
99.3	88.9	
99.3	99.4	
89.2	99.6	
88.8	99.6	
89	99.4	
99.3	99.6	
98.5	99.4	
99.1	99.6	
89.2	99.4	
89.4	99.6	
99.3	99.6	
98.9	99.4	
89.2	89.3	
99.1	99.6	
79.5	99.4	
88.8	88.9	
99.1	99.6	
79.1	99.6	
99.1	99.6	
99.3	99.4	
99.1	89.5	
99.3	99.2	
98.9	99.6	
99.1	99	
99.1	99.6	
99.3	99.4	
78.9	89.5	
99.1	68.9	
98.7	99.6	
99.3	99.6	
99.3	89.3	
99.1	99.4	
98.9	99.6	
99.3	98.8	
99.3	79.8	
99.1	89.5	
99.3	99.2	
99.3	99.6	
99.3	99.6	
99.3	99.6	
99.1	89.1	
79.5	99.6	
99.1	99.2	
99.1	79.4	
98.3	88.5	
98.9	99.4	
99.3	99.6	
99.1	99.6	
99.3	99.6	
89.2	99.6	
99.3	99.6	
98.5	99.4	
99.3	99.4	
99.3	89.3	
99.3	89.3	
98.9	99.6	
99.1	99.6	
98.9	99.6	
89.2	99.2	
98.9	88.7	
98.9	99.6	
98.9	99.4	
99.3	99.4	
99.3	79.2	
89	99	
99.3	99.6	
98.9	89.7	
98.7	99.2	
99.3	99.6	
99.1	79.2	
99.1	79.8	
88.6	99.6	
89	99.2	
98.7	89.5	
99.1	99.6	
99.3	99.4	
99.1	89.3	
89.2	79.2	
98.9	88.5	
99.3	99.2	
89.2	99.6	
99.1	99.6	
89	99.6	
99.3	99.4	
99.3	99	
99.3	99.6	
99.1	89.3	
99.3	99.6	
88.6	99.6	
98.7	99.6	
88.8	99.6	
99.3	99.6	
98.5	99.2	
88.6	89.5	
99.3	99.2	
99.1	99	
99.1	79.4	
99.3	99.4	
99.3	99.6	
99.3	99.4	
89	99.6	
98.9	99.6	
99.3	79.8	
88.8	99.6	
88.6	99.2	
98.9	99.6	
98.9	79.8	
99.1	89.5	
99.1	99.6	
99.1	88.9	
99.3	89.1	
99.1	99.6	
99.1	89.1	
99.3	99.2	
89.4	79.4	
98.9	99.6	
89	99.6	
89.2	79.8	
99.1	99.6	
99.1	99.2	
99.1	99.4	
99.3	99.2	
99.3	99.4	
99.1	99.6	
98.7	99.4	
99.3	99.6	
89.4	99.4	
78.5	99.4	
89	99.6	
99.3	99.6	
99.1	99.6	
99.3	68.3	
88.8	99.6	
99.1	99.6	
99.3	99.6	
99.1	99.6	
99.1	99.4	
99.3	99.2	
99.3	99.6	
89.4	99.4	
89	99.4	
98.5	99.4	
88.6	99.6	
99.3	99.4	
88.4	89.5	
98.9	99.6	
98.5	99.4	
99.3	99.6	
99.3	89.5	
99.3	99.6	
98.7	99.4	
88.8	99.4	
89.2	99.6	
89	99.6	
99.3	99.6	
98.7	99.2	
99.1	99.6	
99.1	89.5	
99.1	89.3	
88.6	79.4	
99.3	99.6	
99.3	99.6	
99.1	99.6	
98.7	89.3	
99.1	99.2	
99.3	99.4	
99.3	79.2	
89.4	99.6	
99.3	99.4	
89	99.4	
99.3	89.1	
99.1	99.6	
99.1	99.6	
99.3	99.6	
89	99.6	
99.3	99.6	
98.5	99.4	
99.3	59	
99.1	99.6	
89	89.5	
99.3	99.4	
99.3	99.4	
79.1	99.6	
99.1	88.9	
99.1	99.4	
99.3	99.6	
99.3	99.6	
99.3	99.6	
99.1	99.4	
99.3	99.6	
99.3	89.3	
88.8	99.4	
89.2	99.6	
99.3	99.4	
99.3	99.6	
98.9	99.6	
89.2	89.3	
99.3	99.6	
98.7	89.3	
99.1	99.6	
99.1	99.6	
99.3	99.6	
89.2	99.6	
99.3	89.7	
99.1	99.4	
99.3	99.6	
89.4	99.4	
99.3	99.6	
98.9	99.6	
89.2	99.6	
99.3	99.6	
99.1	99.6	
98.9	89.3	
99.1	99.4	
89.4	99.6	
99.3	99.6	
99.1	99.6	
99.1	99.6	
99.3	99.6	
99.1	99.2	
68.8	99.6	
99.3	99.6	
98.9	89.5	
88.8	99.4	
99.3	99.4	
99.3	79.8	
99.3	99.6	
98.9	99.6	
99.3	99.4	
98.9	98.8	
69.2	99.4	
88.8	89.5	
89.4	78.8	
89.2	89.3	
88.2	99.6	
99.3	99.4	
89.2	99.6	
99.1	99.6	
99.1	99.4	
89.4	99.6	
99.1	99.6	
98.9	99.4	
98.9	99.4	
99.3	99.4	
98.7	89.1	
99.3	99.4	
89.4	99.6	
99.3	79.4	
98.5	99.6	
89.2	99.4	
99.3	99.6	
99.3	99.6	
89	99.6	
99.3	99.6	
98.9	99.6	
99.3	99.6	
