-48.1	88.7	
1.6	-412.9	
-11.3	-293.1	
78.7	58.4	
97.7	-42.2	
86.8	-52.3	
51.7	78	
78.1	17.4	
46	29.1	
98.9	38.4	
87.8	-42.2	
89	47.7	
37.5	-132.7	
89	29.1	
87.4	49.3	
88.4	9.3	
99.3	58.6	
73.5	97.6	
99.1	69.5	
79.1	68.5	
98.5	99.4	
54.5	39.4	
22.6	89.3	
77.1	89.1	
54.1	83.1	
78.3	25.1	
98.3	67.9	
74.3	66.9	
87.2	-80.8	
86.4	-15.3	
87.8	79	
97.9	88.3	
88.4	57.4	
65.4	38	
77.5	38.6	
50.7	57	
89.4	69.5	
86.8	56.2	
98.3	88.7	
82.6	68.5	
78.9	54.4	
43.3	42.5	
68.8	49.3	
98.7	46.1	
99.1	49.3	
88	68.5	
98.9	89.3	
77.5	46.7	
97.3	58.8	
86.8	88.1	
98.3	78.8	
97.9	28.7	
97.5	36.6	
75.9	63.7	
75.7	87.3	
46.8	88.1	
99.1	98.6	
87.8	98.4	
97.9	85.9	
85.8	47.7	
67.4	88.9	
88.8	88.7	
65	85.7	
98.9	69.5	
99.1	-4	
89	99.6	
99.1	77.8	
97.9	98	
86.4	97.4	
88.4	99.4	
98.9	79.4	
88.8	48.5	
77.3	-2.2	
88.4	99.4	
86.4	77.8	
88.2	43.1	
63.4	74	
74.7	99.6	
98.3	78.4	
77.3	79.6	
88.8	59.2	
86.6	9.2	
98.9	34.2	
87.4	98.6	
85.6	18.2	
99.3	59.4	
88.8	98.8	
98.3	59.6	
98.9	99.6	
88.8	99.4	
84.2	89.3	
95.3	99.2	
98.7	99.4	
79.1	29.3	
88.8	98.8	
98.7	89.1	
88	99.6	
99.1	89.5	
84.4	68.5	
88.8	89.1	
96.7	59.4	
76.5	99.6	
89	79	
97.9	89.3	
98.5	89.5	
98.7	89.7	
87.8	69.3	
71.1	99.4	
97.7	99.6	
99.1	98.6	
98.7	88.9	
98.9	88.5	
98.5	99.6	
78.3	99.6	
89.4	99.6	
98.7	79.6	
99.1	99.6	
88.6	69.3	
98.9	99.6	
99.1	39.2	
99.3	99	
99.3	99.6	
98.1	99.6	
88.2	-12.1	
98.9	99.6	
98.7	99.6	
88.4	99.4	
98.9	48.9	
77.7	99.6	
67.6	69.1	
89.4	89.5	
67.8	78.4	
69	59.2	
98.5	99.4	
98.7	99.6	
98.5	99.2	
89.2	89.5	
98.3	89.3	
98.3	99.2	
78.1	78.4	
97.7	88.9	
97.7	99.6	
47.8	89.7	
67.4	89.1	
88.8	89.3	
85	89.5	
97.9	59.4	
88.4	69.7	
88.8	99.6	
98.5	98.8	
98.7	99.6	
98.9	99.4	
99.3	99.4	
98.5	99.6	
88.2	79.6	
99.1	89.5	
88.2	99.6	
55.9	89.5	
97.9	89.1	
79.5	79.4	
99.3	99.4	
87.8	99.4	
98.7	-1.4	
98.9	99.4	
99.1	49.3	
87.4	99.4	
98.9	99.6	
99.3	99.6	
99.3	89.7	
98.9	99.6	
99.1	99.2	
78.3	9.1	
99.3	99.6	
78.5	99.6	
98.7	99.2	
99.1	89.7	
88.8	79.4	
98.9	99.6	
99.1	89.3	
88.8	78.8	
89.4	89.5	
88.8	79.4	
98.7	99.4	
98.7	99.6	
88	99	
89.2	39	
98.1	99.4	
99.1	89.3	
98.5	99.6	
98.9	88.7	
89	68.5	
79.5	59.2	
98.1	89.3	
99.1	38.4	
99.3	89.7	
89	68.9	
99.3	99.6	
69	99.6	
88.6	89.7	
78.1	89.5	
98.9	99.6	
98.1	99.6	
99.1	99.2	
88.8	89.7	
99.1	99.4	
99.1	99.6	
89	99.2	
98.9	88.7	
98.9	89.5	
99.1	99.6	
99.3	99.4	
98.9	39.2	
88.6	89.3	
88.6	99.2	
98.1	99	
98.7	99.4	
88.4	79.6	
88.8	99.2	
99.3	99.2	
98.7	99.4	
78.7	99.6	
79.1	99.4	
78.1	99.6	
88.4	99.6	
89.2	79.2	
99.3	89.3	
99.1	68.9	
89	99.6	
98.9	89.5	
98.9	99.6	
88.8	99.6	
88.4	89.3	
99.1	99.4	
98.7	99.4	
68.8	88.9	
98.3	79.4	
88.4	79	
98.3	89.7	
88.4	78.8	
98.1	89.5	
89.2	99.4	
88.6	99.4	
88.4	99	
78.5	99.2	
98.9	89.5	
79.1	99.6	
88.6	68.3	
89	88.9	
99.3	89.5	
98.9	99.6	
98.7	99.6	
99.1	89.1	
87.6	89.3	
98.5	98.8	
78.7	99.4	
88.8	99.2	
89.4	99.4	
89	99.4	
88.8	88.9	
88.8	89.5	
88.6	98.8	
99.1	99.6	
99.1	99.4	
99.3	99.4	
88.4	89.1	
86.8	99.2	
99.1	9.1	
97.9	69.5	
88	59.2	
88.8	79.2	
98.9	99.4	
98.5	99.6	
99.1	89.5	
89	99.4	
89.2	99.6	
98.9	69.3	
99.1	79.6	
78.9	99.6	
89	99.6	
88.8	99.6	
99.3	99.4	
98.1	99.6	
98.9	99	
88.6	99.4	
88.8	79.4	
98.7	99.4	
98.5	79.4	
88.6	99.2	
99.1	99.6	
98.9	79.2	
99.1	89.7	
77.9	99.4	
99.3	89.5	
99.1	99.6	
99.1	88.7	
99.3	99.6	
99.3	99.6	
99.3	89.7	
98.3	99.6	
78.5	99.6	
99.1	69.3	
98.9	89.3	
69	99.6	
79.1	48.9	
99.3	89.5	
98.9	99.4	
78.1	89.5	
88.6	99.6	
87.6	99.6	
98.7	89.5	
97.7	99.6	
47.2	89.7	
88.8	99.6	
97.7	89.7	
89	88.5	
98.9	89.1	
98.3	79.4	
89	99.6	
98.5	49.1	
89.4	99.6	
98.9	99.6	
99.3	99	
98.9	99.6	
99.1	99.6	
89.4	79.6	
99.3	99.4	
88.8	99.4	
98.5	99.4	
99.3	79	
98.7	99.2	
99.1	89.5	
89	99.6	
88.6	99.6	
98.7	89.5	
88	89.1	
88.4	99.2	
99.1	78.4	
98.7	89.3	
98.9	99.6	
98.9	99	
98.9	98.4	
98.3	99.4	
77.5	99.4	
98.5	79.6	
88.8	79	
89	79.4	
98.7	99.4	
99.3	69.1	
88.6	99	
88.8	99.6	
98.9	99	
88.8	99.6	
98.9	99.4	
89	99.6	
99.1	99.6	
79.1	99.4	
99.1	99.4	
99.1	88.7	
98.9	99.2	
98.9	99.2	
99.3	99.6	
89	79.2	
88.8	99.4	
88.4	99.4	
99.1	99.6	
99.1	99.4	
78.1	89.7	
99.1	99.4	
99.1	99.6	
99.1	89.7	
89	88.9	
78.9	-11.5	
88.6	98.6	
78.9	99.4	
99.1	99.6	
99.3	69.7	
98.1	99.6	
89.2	89.5	
98.5	99.6	
98.3	99.6	
99.1	99.2	
98.9	99.6	
98.7	99.4	
99.1	99.6	
98.9	99.6	
77.5	88.9	
99.3	99.6	
88.8	89.7	
89.2	89.5	
98.9	99	
99.3	99.2	
77.9	79.4	
79.3	89.3	
99.1	99	
98.3	99.4	
98.7	99.6	
77.9	99.2	
89	79.6	
68.6	89.3	
88.2	89.5	
78.9	58.6	
89.4	89.7	
98.5	69.3	
58.3	99.4	
99.3	88.9	
89.2	79.6	
88.8	99.6	
67.8	69.3	
88.8	89.3	
99.1	68.9	
79.1	99	
98.9	99	
78.5	99.4	
98.5	99.4	
99.3	98.4	
88	99.4	
88	89.5	
98.3	99.2	
88.2	99.6	
98.9	69.3	
89	89.5	
78.1	99.6	
89	89.3	
89.4	89.5	
99.1	99.6	
89	99.6	
99.1	89.5	
99.1	89.5	
88.8	99.2	
88.4	89.7	
89.2	99.4	
77.1	99.2	
98.7	89.3	
99.3	79.8	
99.1	99.4	
88.2	99.4	
87.8	8.9	
89	99.4	
89.2	99.4	
77.9	99.6	
99.3	99.4	
89	79.6	
99.3	99.6	
98.7	99.6	
99.1	89.5	
98.9	59.6	
89	99.6	
98.9	99.6	
98.9	99.6	
98.3	38	
99.1	19.2	
98.9	99.6	
78.7	89.3	
98.7	89.5	
88.6	99	
98.7	89.3	
88.2	99.6	
98.7	99.2	
67.6	99.6	
99.3	89.5	
88.4	99.6	
69	89.3	
88.6	99.4	
98.7	89.5	
98.9	9.1	
99.3	78.8	
99.3	69.1	
79.3	99.4	
99.1	99.6	
89	88.5	
58.1	99.4	
89	99.2	
88.8	99.6	
98.9	99	
98.9	99.4	
89	68.5	
98.9	-0.4	
98.9	28.1	
99.1	59.6	
89	79.4	
99.1	89.7	
88.4	78.6	
98.3	99.2	
98.5	88.9	
88.8	99.6	
78.5	88.9	
78.7	99.6	
76.5	78.2	
98.3	99.6	
88.4	99.2	
98.3	99.6	
89.4	99.6	
89.2	89.7	
98.9	99.4	
89.2	99.6	
98.9	99.6	
89.2	99.4	
99.3	99.4	
77.9	99.6	
98.7	99.6	
