1.2	-346	
88.2	68.3	
86.6	-11.3	
98.9	58.2	
98.1	69.1	
98.9	-31.5	
76.3	-32.9	
98.1	58.6	
98.9	77.8	
98.3	57	
85.8	48.5	
96.1	-2.2	
98.5	18.2	
89.2	68.5	
88.4	49.1	
98.5	86.9	
98.7	66.3	
99.1	78	
99.3	88.5	
98.9	89.5	
98.9	18.8	
98.7	8.5	
99.1	88.9	
99.1	68.5	
89.2	87.5	
99.1	26.9	
98.7	25.5	
99.3	57.8	
98.9	33.2	
88.4	63.9	
98.9	88.1	
99.1	79.4	
99.1	89.3	
88.8	89.1	
98.5	56.4	
99.3	89.5	
98.9	89.5	
99.1	99.4	
99.1	68.7	
99.3	89.1	
99.1	89.3	
99.3	79.2	
96.9	89.1	
98.7	88.7	
98.9	89.3	
98.9	79.6	
99.3	79.2	
88.8	69.1	
88.6	89.3	
98.1	78.4	
99.1	98.8	
99.1	89.5	
99.3	89.3	
99.3	89.5	
98.9	89.3	
98.3	78.8	
89	89.3	
99.1	89.5	
99.1	89.3	
98.9	89.3	
99.3	89.1	
99.3	89.5	
99.1	78.8	
98.1	89.5	
98.7	89.5	
88.2	88.5	
99.3	89.5	
98.3	79.2	
98.9	99.6	
98.9	99	
98.9	99.6	
99.3	99.6	
98.9	99.6	
99.3	98.6	
99.3	99.4	
76.5	88.5	
99.1	99.2	
99.3	99.2	
78.9	99.4	
99.3	99.4	
99.1	89.1	
99.3	99.4	
99.1	99.2	
99.1	88.7	
98.9	79.4	
98.7	99.6	
89	99.4	
88	89.5	
99.1	99.4	
98.9	99.6	
99.1	99.2	
88.2	99.2	
98.9	89.1	
99.1	99.2	
89	99.6	
98.9	79.2	
88.8	99.6	
99.1	99.4	
98.1	99.6	
89.2	89.1	
88.6	99.2	
99.1	99.6	
99.3	78.2	
99.1	99.6	
99.1	99.6	
99.1	99.6	
98.5	99.4	
98.9	89.5	
99.3	79.2	
98.9	89.7	
98.5	99.4	
88.4	89.5	
99.1	88.9	
98.9	89.5	
87.8	89.7	
99.3	99.6	
98.9	99.4	
99.3	99.6	
89	79.4	
98.9	99.4	
98.5	99.2	
98.7	99.4	
99.3	98.8	
88.6	99.6	
98.9	69.7	
99.1	99.6	
88.8	99.6	
99.1	79.8	
98.9	99.6	
98.5	99.6	
97.7	99.6	
89	98.8	
99.3	99.6	
89	99.4	
99.1	99.6	
98.9	49.3	
99.1	99.6	
99.3	99	
88.6	99.6	
99.1	79.6	
98.3	99.6	
98.5	89.5	
98.9	89.5	
99.3	99.4	
98.9	99.6	
99.3	79.4	
99.1	99.4	
89	89.5	
98.9	99.6	
99.1	99.6	
99.1	99.4	
99.1	99.4	
99.3	99.6	
99.1	99.4	
98.9	99.4	
99.3	99.4	
99.1	99.4	
99.1	79.8	
99.3	99.6	
99.1	99.6	
98.5	99.6	
99.1	89.1	
78.3	99.4	
99.1	99.4	
89	89.5	
99.3	99.4	
88.4	99.6	
98.9	99.6	
98.3	99.4	
99.1	89.5	
98.5	99.6	
88.8	89.5	
89.2	99.2	
99.1	99.6	
98.9	99.4	
98.9	69.3	
98.9	99.4	
88.8	99.6	
98.9	89.3	
99.3	99.4	
98.5	99.6	
99.1	89.7	
99.1	99.6	
98.7	99.6	
98.9	99.6	
99.3	99.4	
78.7	89.5	
99.3	99.4	
88.8	89.5	
99.1	99.4	
89.4	99.6	
99.3	99.4	
98.9	78.8	
99.3	99.6	
99.3	99.6	
99.3	49.1	
99.3	99.4	
98.9	99.6	
89	99.6	
89	89.5	
99.3	89.3	
98.9	99.6	
99.3	89.5	
99.1	99.6	
99.1	89.3	
88.6	99.6	
99.1	79.4	
99.3	99.4	
78.5	99.6	
99.3	99.2	
98.9	99.6	
99.1	99.6	
88.6	99.6	
99.1	99.6	
99.1	69.5	
98.7	89.3	
98.5	99.6	
99.1	99.6	
99.3	99.6	
99.3	99.6	
87.6	99.6	
99.3	99.6	
99.3	99.4	
99.1	99.6	
98.7	99.6	
89	98.8	
98.3	89.5	
99.3	79.6	
89	89.5	
99.3	99.6	
89	99.6	
89.2	99.6	
98.7	99.6	
99.3	99.6	
99.1	89.3	
99.1	99.6	
88	89.3	
99.3	99.4	
98.9	69.5	
99.1	89.5	
98.5	99.6	
99.1	89.1	
99.3	99.4	
99.1	99.4	
98.9	99.2	
98.9	88.9	
98.3	99.6	
99.3	99.6	
98.7	99.4	
98.9	89.7	
98.9	89.1	
99.1	99.2	
98.9	99.6	
88.8	99.6	
99.1	89.5	
98.3	89.3	
98.7	99.4	
99.1	99.6	
99.1	99	
78.3	99.4	
89	89.1	
98.9	99.6	
99.3	99.6	
99.1	89.5	
88.8	99.6	
99.1	89.3	
98.5	99.4	
98.9	79.4	
98.9	99.6	
98.9	99.6	
99.3	99.2	
99.1	99.2	
99.3	99.6	
98.9	99.6	
98.9	79.4	
89	99.6	
98.5	99.6	
98.9	99.6	
89.2	99.6	
99.1	89.3	
99.3	99.6	
97.9	99.4	
99.1	99.6	
99.1	99.6	
98.1	99.6	
99.1	89.5	
79.1	89.5	
99.3	99.6	
99.1	99.4	
98.9	99.4	
99.1	99.6	
99.1	99.6	
98.5	99.4	
79.1	99.6	
98.7	99.4	
89.2	99.6	
98.9	99.2	
99.3	79.6	
99.3	99.6	
78.3	99.6	
88.6	99.6	
99.3	99.6	
98.9	99.4	
98.9	99.6	
99.3	99.6	
98.9	99.6	
98.9	79.2	
88.6	89.5	
77.9	89.7	
89.2	99.4	
98.9	99.4	
98.5	99.4	
88.6	99.6	
88.8	99.6	
99.3	99.6	
98.5	99.6	
98.5	99.4	
88.6	99	
98.7	99.6	
89.2	99.6	
88.6	78.8	
77.5	99.6	
88.2	99.6	
99.3	99.4	
99.3	99.6	
88.2	99	
99.1	99.4	
99.1	99.6	
99.3	99.6	
98.9	79.6	
99.1	99.6	
99.3	99.4	
98.9	99.6	
88.8	99.6	
98.9	99.6	
89.2	99.6	
98.9	99.6	
89.4	69.7	
99.3	79.6	
98.9	99.4	
89	99.6	
99.1	99.6	
99.3	79.4	
99.1	99.6	
78.9	99.4	
99.1	98.6	
98.9	99.4	
59.1	99.6	
98.9	99.4	
99.3	99.6	
99.1	99.6	
88.4	99.4	
88.8	88.9	
99.3	99.6	
99.1	99.2	
89	99.6	
99.1	99.4	
99.1	98.8	
89.2	99.6	
99.1	59.8	
99.3	99.6	
99.1	79.4	
98.9	99.6	
99.1	99.6	
99.3	99.4	
99.3	99.6	
99.3	88.9	
88.4	99.4	
99.1	79.8	
89	99.6	
99.3	99.4	
89.4	89.5	
99.3	99.4	
88.8	99.6	
99.1	99.4	
99.1	99.6	
99.3	99.4	
98.9	99.4	
88	99.6	
99.1	99.4	
99.1	99.6	
98.9	99.6	
99.1	89.3	
89	99.4	
89.2	99	
99.1	99.6	
89	79.4	
88.6	99.6	
89.2	99.4	
99.3	89.1	
98.5	99.6	
99.3	99.6	
98.9	99.4	
98.9	99.6	
99.3	99.6	
89	89.7	
98.7	99.6	
99.3	48.7	
99.3	99.6	
98.9	99.6	
99.3	99.4	
99.1	99.6	
99.3	99.4	
99.1	99.6	
89	89.5	
98.9	99.6	
99.1	99.6	
89.4	99.6	
89.2	99.6	
78.7	99.6	
79.5	99.4	
99.3	99.4	
89.2	99.2	
97.7	69.1	
99.1	99.6	
79.3	99.6	
99.1	99.6	
99.3	99.4	
98.9	99.2	
99.1	99.2	
69	99.4	
98.9	99.4	
89	99.4	
89	99.4	
98.9	99.6	
99.1	89.5	
99.3	99.6	
89	99.6	
88.8	99.4	
99.3	99.6	
98.9	99.4	
99.3	99.4	
99.1	99	
98.9	78.4	
99.1	99.6	
68.2	99.6	
98.9	89.7	
99.3	99.6	
89	99.6	
88.2	89.3	
99.1	99.2	
99.3	99	
99.1	99.6	
99.3	99.6	
99.1	99.6	
99.1	99.6	
99.1	99.2	
99.3	99.6	
99.3	99.6	
99.3	69.7	
99.3	99.4	
89.2	99.6	
99.1	89.5	
99.3	99.4	
99.1	99.6	
99.1	99.4	
98.9	99.4	
89.2	99.4	
88.8	79.8	
89.2	99.6	
89.2	99.6	
98.9	99.4	
99.1	99.6	
89	99.6	
88.8	98.8	
99.3	99.6	
99.1	99.6	
89	99.4	
98.5	99.2	
89	99.4	
79.1	99.6	
99.1	99.2	
99.3	89.5	
98.9	99.6	
99.3	99.2	
99.1	99	
98.9	79.6	
97.9	99.6	
99.1	99.4	
78.9	79.4	
99.1	99.4	
98.5	99.6	
99.3	99.4	
99.1	79.6	
88.8	59.4	
99.1	69.5	
89.2	69.7	
99.3	89.3	
98.9	89.1	
89.2	89.5	
99.1	79.4	
98.9	69.1	
89.2	89.3	
69	99.6	
78.7	99.6	
99.1	99.6	
98.9	99.4	
89.2	99.6	
99.1	99.6	
99.3	99.2	
