13.9	-10.5	
77.1	-331.9	
97.9	-136.9	
75.1	-3	
78.7	86.1	
74.7	28.5	
98.1	69.5	
95.7	78.8	
99.3	59.2	
97.7	87.9	
99.1	87.7	
99.1	78	
99.1	67.7	
88.8	89.5	
99.1	59	
99.1	88.9	
94.3	89.5	
99.3	89.5	
99.3	89.3	
99.1	89.3	
98.5	89.3	
99.3	89.5	
98.9	89.3	
99.1	89.1	
99.1	89.5	
99.3	99.4	
88.8	79.4	
99.1	89.1	
98.9	79.4	
99.1	89.5	
98.3	98.6	
98.9	89.5	
99.1	68.5	
99.3	79.2	
98.7	89.3	
98.9	99.6	
99.1	99.6	
88.2	79	
99.3	89.1	
99.3	99.6	
79.1	99.6	
98.9	99.2	
99.3	99.6	
99.3	99.6	
99.3	99.6	
89	99.6	
99.1	67.1	
99.3	88.9	
98.7	99.2	
99.1	99.6	
98.9	99.6	
99.3	79.4	
89.4	99.4	
99.1	99.6	
89.4	99.4	
89.4	99.6	
99.3	99.6	
88.4	99.6	
99.1	15.8	
98.9	99	
99.3	99.6	
98.7	99.6	
99.1	78.4	
98.5	99.4	
99.1	99.4	
99.1	99.6	
89.4	86.9	
99.1	99.4	
99.1	99.6	
99.3	99.6	
99.1	99.6	
99.3	99.6	
99.1	99.6	
99.3	99.6	
89.2	79.4	
89.4	99.4	
99.1	99.6	
99.3	97.6	
99.1	89.5	
99.3	99.2	
89.4	99.4	
89.2	99.6	
78.7	99.2	
98.9	99.4	
89.4	89.5	
99.1	89.5	
99.1	99.6	
99.3	99.6	
98.3	99.6	
99.1	99.6	
98.9	99	
99.3	99.4	
99.3	99.4	
98.7	99.6	
89.2	99.6	
98.7	99.6	
89.4	99.6	
98.9	69.3	
99.1	99.6	
98.7	99.6	
99.3	98.8	
97.7	99.4	
99.1	99.6	
97.3	99.6	
89	99.6	
97.3	99.6	
99.3	99.6	
99.3	99.6	
99.3	99.6	
99.1	99.6	
98.5	99.6	
99.3	89.5	
98.9	99.6	
99.1	99.6	
99.1	99.6	
98.9	99.6	
99.3	99.6	
99.1	89.5	
99.3	99.6	
89.2	99.6	
99.3	99.6	
99.1	99.6	
99.1	99.6	
99.1	89.5	
99.3	99.6	
98.9	89.5	
98.7	99.6	
68.6	99.6	
98.7	98.8	
89.2	99.6	
69.2	89.3	
99.3	99.6	
98.9	99.6	
99.1	99.6	
99.1	99.6	
99.1	99.6	
98.7	99.6	
99.3	99.6	
88.4	79.2	
99.3	99.6	
98.9	99.6	
99.3	99.4	
99.1	99.6	
99.1	99.6	
99.1	99.6	
99.1	79.2	
98.7	99.6	
99.3	89.5	
89.2	89.5	
98.7	99.6	
99.1	99.6	
99.3	99.4	
99.1	99.6	
99.1	99.6	
89.2	99.6	
98.7	99.6	
99.1	99.4	
99.1	59.6	
88.8	99.4	
99.3	99.6	
98.9	99.6	
99.1	99.6	
99.3	99.4	
99.1	99.6	
99.3	89.5	
99.1	78.6	
99.3	99.6	
99.3	89.3	
99.3	99.6	
98.9	99.6	
99.1	99.6	
98.9	99.6	
99.3	99.6	
99.3	99.6	
99.1	99.4	
99.3	99.6	
99.3	99.6	
99.3	79.4	
99.3	99.6	
98.7	99.4	
99.3	89.5	
89.2	89.5	
98.5	99.6	
99.3	99.6	
99.3	79.4	
99.1	99.6	
99.3	99.6	
89.2	99.6	
79.1	99.4	
98.9	99.6	
99.1	69.1	
99.1	99.6	
98.5	79.4	
89.4	69.3	
89	99.6	
88.4	99.6	
98.9	99	
89	99.6	
88.6	99.6	
88.4	99.6	
99.1	99.6	
89.4	99.6	
89	99.6	
99.1	99.6	
98.5	99.6	
98.9	89.5	
99.3	99.6	
99.3	99.6	
98.7	89.3	
89.2	99.6	
89.2	89.5	
98.1	89.5	
88.6	99.6	
98.1	89.5	
99.1	89.5	
98.9	99.6	
99.1	89.5	
99.3	99.2	
89.2	99.6	
99.1	99.6	
98.5	99.2	
99.3	99.2	
98.3	99.4	
99.3	99.6	
89	99.6	
99.1	99.6	
88.8	99.6	
65.8	99.6	
98.1	99.6	
99.1	99.6	
98.7	99.6	
98.9	99.4	
99.3	78.4	
98.7	99.4	
99.1	99.6	
99.3	79.6	
98.3	99.6	
98.5	99.6	
89.2	99.6	
99.3	99.6	
98.9	99.6	
99.3	99.2	
89	99.4	
98.9	99.6	
99.3	99.4	
99.1	89.5	
99.3	79.4	
99.1	99.6	
99.1	99.6	
99.1	99.6	
98.9	99.6	
99.1	99.6	
79.1	69.3	
99.1	99.6	
99.3	99.6	
99.1	99.4	
99.3	99.4	
99.1	69.5	
99.1	89.5	
99.1	99.6	
99.1	99.6	
88.4	69.5	
99.3	99.6	
99.3	99.6	
99.1	99.4	
99.1	88.7	
99.1	99.4	
98.9	99.4	
99.3	99.4	
98.7	99.6	
99.3	99.6	
98.7	99.4	
99.3	99.6	
98.7	99.6	
99.3	99.6	
99.1	79.4	
98.3	99.6	
99.1	99.6	
99.1	99.6	
99.3	99.2	
99.3	99.6	
99.3	69.5	
98.9	99.6	
99.3	88.9	
98.9	99.6	
99.3	99.6	
99.1	99.6	
99.3	59.4	
99.1	99.4	
89	99.6	
89	99.6	
98.9	99.6	
99.1	99.6	
99.3	99.6	
99.3	99.6	
88.6	99.6	
56.7	79.4	
99.3	99.6	
99.3	99.6	
89	89.5	
98.9	99.6	
98.3	99.6	
99.3	99.6	
99.3	99.4	
99.3	89.3	
98.7	99.6	
98.9	79.4	
89.4	99.6	
98.5	99.4	
98.9	99.6	
98.9	99.6	
99.1	99.6	
99.1	79.4	
98.3	89.5	
98.7	99.6	
99.1	79.4	
98.7	99.6	
89.4	99.6	
99.1	99.6	
98.9	99.6	
98.9	99.2	
98.9	99.6	
99.3	99.6	
99.1	99.6	
99.1	99.4	
99.1	99.4	
98.9	99.6	
99.3	99.6	
89.4	99.4	
99.3	89.5	
98.9	99.4	
98.3	89.5	
98.7	99.4	
99.3	99.4	
99.1	99.4	
99.3	99.6	
99.3	99.4	
98.7	99.6	
99.3	99.6	
99.1	99.6	
88.8	99.6	
99.3	99.4	
98.9	99.6	
99.3	89.5	
99.3	99.6	
89.2	99.6	
99.1	99.6	
89.2	99.6	
99.3	99.6	
99.1	99.6	
98.9	99.6	
98.7	99.4	
99.1	99.6	
98.9	99.6	
98.9	99.6	
98.7	99.6	
99.3	99.6	
89.4	99.6	
99.3	99.6	
99.1	69.3	
98.9	99.4	
99.1	99.6	
98.9	99.4	
98.9	99.2	
99.3	99.4	
99.1	99.6	
98.7	99.6	
98.7	99.6	
99.1	99.6	
98.1	99.2	
99.3	79.4	
99.3	89.3	
89	99.4	
99.3	79.6	
98.9	99.4	
99.1	79.6	
99.1	99.6	
98.7	99.6	
98.9	99.4	
98.9	99.6	
88.6	99.6	
98.9	79.4	
99.1	99.4	
78.9	99.4	
99.3	99.6	
99.3	99.6	
99.1	99.6	
99.1	99.6	
99.3	99.4	
99.1	99.6	
99.3	79.4	
79.3	99.6	
99.1	49.5	
99.1	99.6	
89.2	99.6	
99.3	99.6	
99.3	99.6	
99.1	99.6	
98.3	99.6	
98.9	99.6	
98.9	99.6	
99.3	99.6	
99.3	89.5	
99.1	99.6	
99.1	99.6	
99.1	99.4	
89.2	99.6	
98.9	99.6	
98.9	89.3	
99.1	99.6	
98.7	99.6	
79.1	99.6	
99.3	99.6	
99.3	99.6	
89.4	89.5	
99.1	89.3	
99.3	99.6	
99.3	99.6	
88.8	99.6	
98.9	99.6	
98.3	99.6	
89.2	99.6	
99.3	99.4	
89.2	99.4	
99.3	99.6	
87.6	99.6	
89	99.6	
98.9	99.2	
99.3	99.6	
98.9	88.5	
99.3	99.6	
98.7	99.6	
99.3	99.6	
99.3	59.6	
99.3	99.4	
99.3	88.9	
78.5	99.6	
99.1	99.6	
99.3	99.2	
89	89.5	
99.3	99.6	
99.3	79.6	
89.2	99.4	
99.1	99.6	
99.1	79.4	
99.3	99.4	
99.3	79.4	
89.2	89.5	
98.1	99.6	
99.3	99.6	
99.1	99.4	
99.3	89.5	
99.3	99.4	
99.3	99.6	
98.3	99.6	
98.7	99.4	
99.3	68.5	
89	99.4	
78.7	99.6	
99.1	99.6	
99.1	99.6	
99.1	99.4	
99.1	99.6	
99.3	99.6	
98.9	99.2	
99.3	99.6	
99.3	69.5	
99.3	89.3	
98.9	99.6	
89.2	99.6	
99.1	99.6	
99.1	99.4	
99.3	99.2	
98.9	99.2	
99.1	99.6	
99.1	99.6	
98.7	99.6	
99.1	79.4	
99.3	99.4	
99.3	99.6	
99.1	99.4	
98.9	99.4	
99.3	99.6	
99.3	99.6	
99.1	99.4	
99.3	99.4	
98.3	89.5	
99.1	99.6	
99.3	99.4	
99.1	99.4	
99.3	99.6	
99.1	99.6	
99.1	99.6	
99.1	99.6	
99.3	89.5	
99.1	99.6	
99.1	99.6	
99.1	99.6	
99.3	99.6	
99.3	99.4	
