-15	-153.1	
45.6	17.6	
97.3	-71.9	
64.8	28.9	
98.9	89.1	
98.5	79.2	
98.7	89.5	
97.5	77.2	
98.9	59	
99.3	-13.1	
99.1	68.5	
98.9	25.9	
98.9	78.8	
99.1	64.7	
99.3	32.8	
99.1	57	
99.1	87.5	
99.1	89.1	
77.7	-2.8	
99.1	68.5	
99.3	35.8	
99.1	36.6	
98.5	62.3	
98.5	82.3	
99.3	89.3	
98.9	87.9	
98.7	89.5	
99.3	79.4	
99.3	34	
98.7	64.1	
88.8	88.3	
99.3	88.7	
99.1	77.6	
99.3	99.4	
99.3	68.1	
88.6	66.3	
98.9	87.3	
99.1	75.8	
97.7	89.3	
99.1	89.5	
88.6	88.9	
89	89.5	
99.1	89.3	
99.3	89.5	
98.9	87.3	
73.5	76	
99.1	79	
98.9	89.1	
98.3	79.2	
99.3	77.8	
99.1	57.4	
88.2	58.6	
99.3	49.5	
99.1	89.5	
99.3	89.5	
98.3	68.9	
99.1	89.5	
99.3	89.3	
99.3	89.3	
99.1	89.5	
98.7	58.8	
98.7	99.4	
98.9	99.4	
76.7	89.3	
89.2	69.1	
98.7	68.9	
99.3	89.5	
99.1	89.5	
99.3	89.5	
98.9	89.3	
99.3	89.3	
98.7	69.1	
78.5	89.3	
86.2	89.3	
96.7	69.3	
86.6	89.5	
98.7	89.1	
86.2	89.3	
98.7	79	
99.1	99.4	
99.1	99.4	
99.3	99	
99.3	99.4	
88.6	98.6	
79.1	99.2	
99.3	99.4	
88.6	79.4	
98.5	99.4	
89.4	99.4	
42.8	99.4	
99.1	99.4	
99.1	99.6	
98.3	98.2	
78.9	88.7	
89	99	
78.3	99	
88.2	48.7	
99.3	89.1	
98.5	68.5	
99.3	98.8	
77.7	79.2	
88.4	99.2	
89	99.4	
99.3	99.2	
89.2	99	
99.1	99.2	
95.7	99.2	
99.3	99.4	
86.8	99.4	
99.3	99.4	
99.3	98.6	
99.1	99.2	
99.1	89.1	
99.3	99.2	
99.1	99	
98.9	99.4	
68	99.2	
98.7	99.4	
99.3	99	
99.3	99.4	
98.9	68.9	
86	99.2	
98.7	99.6	
98.3	99.6	
98.9	99.6	
99.3	99.4	
99.3	99.6	
78.1	98.2	
64.2	99.4	
98.7	99.6	
99.1	99.6	
98.9	99.4	
99.1	99.2	
86.8	68.9	
99.3	99.4	
98.9	99.6	
99.3	99.4	
97.9	99.4	
99.3	99.4	
99.1	99.6	
99.3	99.6	
78.9	99.6	
99.3	89.1	
89	99.6	
89	79.4	
97.5	99.6	
98.3	99.2	
96.7	99.6	
99.3	99.6	
89.4	89.5	
98.5	99.4	
99.1	99.6	
98.7	99.6	
98.7	99.6	
99.1	99.6	
99.3	89.5	
99.3	99.6	
99.3	99.2	
89	89.7	
99.3	98.8	
89.2	99.6	
98.3	99.4	
99.3	99.6	
89	99.4	
98.7	89.3	
98.9	99.6	
89.2	99.6	
99.1	89.3	
99.3	99.6	
99.1	99.6	
99.3	99.6	
98.9	79.2	
89.4	89.5	
98.5	89.3	
98.7	99.6	
88.8	89.1	
98.3	99.6	
98.9	99.4	
98.9	99.4	
99.1	89.5	
99.3	89.5	
99.1	99.6	
99.3	98.8	
99.3	89.1	
99.1	99.4	
99.1	89.5	
99.3	99.6	
99.3	99	
99.3	99.4	
98.5	99.6	
99.3	99	
99.1	98.6	
99.3	88.7	
98.7	99.6	
98.7	99.4	
99.3	89.5	
99.3	99.6	
98.9	99.6	
99.1	99.4	
98.9	99.6	
98.7	99.6	
98.9	99.6	
98.9	99.4	
99.1	99.4	
99.3	89.5	
88.6	99.4	
88.8	99.6	
89.4	99.4	
99.3	99	
89.2	99.4	
98.7	78.8	
98.5	99.6	
88.4	99.6	
98.5	89.5	
99.3	79.4	
98.9	99.6	
99.3	99.6	
99.3	99.6	
98.7	89.5	
99.1	89.5	
99.1	99.2	
99.3	99.6	
98.9	99.4	
99.3	89.5	
99.3	99.4	
99.3	88.9	
98.9	99.6	
88.8	89.5	
98.5	98.8	
99.1	99	
98.7	99.6	
98.9	99.6	
98.9	99.6	
99.3	99.6	
98.9	99.6	
89	99.4	
99.3	79.6	
99.3	99.4	
98.5	99.6	
99.3	99.6	
89.4	98.8	
99.3	99.6	
99.1	99.6	
99.1	99.6	
99.3	88.9	
98.9	79.6	
89.2	99.2	
99.1	89.3	
99.1	99.6	
98.7	89.5	
98.9	98.4	
89.4	99.2	
98.9	99.6	
98.3	99.4	
99.3	99.6	
98.3	99.6	
89	49.1	
99.1	99	
99.3	99	
98.7	99.4	
99.1	99.6	
99.3	99.6	
98.5	99.6	
99.3	99.4	
89	79.6	
99.1	99.6	
98.7	89.3	
98.9	89.1	
99.1	99.4	
99.1	89.5	
99.1	99.2	
98.7	79.4	
99.3	99.4	
68.4	99.6	
99.1	99.6	
99.1	99.6	
98.9	99.6	
99.3	99.6	
99.3	99	
98.9	99.4	
99.1	99.6	
89.2	99	
99.3	79.4	
98.3	89.5	
99.3	88.9	
99.1	99.4	
99.3	89.3	
99.1	89.5	
99.3	99.6	
78.5	89.7	
99.3	99.6	
99.1	98.8	
98.9	99.6	
99.3	89.5	
98.9	99.6	
99.1	89.5	
99.3	99.6	
98.7	99.6	
99.1	99.4	
98.9	99.6	
99.3	99.6	
98.7	99.4	
98.9	99.6	
99.3	99.6	
99.3	98.6	
99.3	99.6	
98.3	99.6	
98.9	99.2	
89.2	99.4	
99.3	89.7	
99.3	99.4	
99.3	89.3	
99.1	99.4	
98.7	99.4	
99.1	99.4	
89.4	99.6	
99.1	79.2	
99.1	99.6	
79.1	99.6	
98.9	99.6	
99.3	89.7	
99.3	79.2	
98.7	88.9	
99.3	99.6	
99.3	89.5	
99.1	79.2	
89	89.5	
89.4	99.6	
99.1	89.3	
89	89.7	
88.6	89.7	
99.1	89.5	
99.3	89.5	
99.1	89.5	
89	89.3	
99.1	89.5	
99.1	89.3	
99.1	89.5	
88.8	89.3	
98.9	99.6	
89	99.6	
99.3	99.6	
79.1	59.4	
99.1	99.6	
99.3	98.6	
99.3	99.4	
99.1	99.4	
98.9	99.4	
98.9	99	
89.2	99.4	
99.1	89.5	
99.3	99.6	
89.4	89.3	
99.1	99.2	
99.3	79.6	
99.3	99.6	
99.1	89.1	
99.3	99.4	
99.3	99.6	
98.9	99.6	
89.4	99.6	
98.9	99.4	
99.3	99.2	
99.1	89.7	
99.3	99.6	
89.2	99.6	
99.3	99.6	
99.3	89.3	
98.7	99.6	
99.3	99.6	
98.9	99.6	
98.9	99.6	
89.2	99.4	
99.3	99.2	
99.1	88.9	
99.1	99.6	
98.7	99.6	
89.4	79.6	
89.2	99.6	
99.3	69.5	
99.1	99.6	
99.3	99.6	
98.9	99.6	
89.2	99.4	
89	89.5	
98.7	99	
99.3	99.6	
99.3	99.6	
99.3	89.7	
98.9	99.4	
99.1	99.6	
99.3	99.6	
99.3	89.1	
99.3	99.4	
99.1	78.8	
97.9	89.5	
89	99.6	
99.3	99.6	
98.3	99.6	
89.4	89.7	
99.1	99.6	
99.3	99.4	
99.1	99.2	
99.1	89.7	
99.1	89.7	
99.3	89.1	
98.9	99.4	
98.9	79.4	
99.1	89.7	
99.1	89.5	
99.3	89.1	
99.1	99.6	
98.5	99.6	
99.3	89.5	
98.5	99.6	
99.3	99.6	
98.9	99.6	
99.1	99.6	
89.2	99.4	
99.3	89.5	
89	89.3	
99.3	99.2	
99.3	99.6	
99.3	99.2	
99.1	99.6	
99.3	99.6	
99.3	99.6	
89.4	99.4	
68.6	99.4	
99.1	89.3	
99.1	99.6	
98.9	99.6	
98.9	99.6	
99.3	99.4	
98.9	99.6	
99.3	99.4	
89	99.4	
99.3	99.2	
99.3	88.7	
99.3	99.6	
98.9	99.4	
89.2	89.5	
89.4	98.8	
88	89.3	
99.1	89.3	
88.8	99.2	
89.2	99.6	
99.3	99.6	
78.5	99.6	
98.7	99.6	
98.3	99.6	
98.5	99.6	
98.9	99.6	
99.3	99.2	
99.3	99.4	
99.1	89.5	
99.1	89.7	
99.1	89.3	
99.3	99.4	
99.3	79.4	
99.1	99.4	
98.9	99.4	
99.3	99.6	
99.1	99.4	
98.7	99.6	
99.3	89.5	
98.9	99.2	
98.7	89.5	
99.3	99.4	
99.1	99.6	
88.8	99.2	
99.3	99.6	
99.1	99.6	
99.3	99.4	
99.3	99.6	
98.9	99.6	
99.3	99.4	
98.9	99.6	
98.9	99.6	
99.1	99.4	
98.7	89.3	
99.3	89.7	
99.3	99.6	
98.9	99.4	
99.1	99.4	
99.1	99.6	
99.3	99.6	
88.2	99.6	
99.3	99.6	
98.9	69.3	
99.3	99.2	
99.3	89.1	
99.1	99.6	
99.3	99.6	
78.3	99.4	
99.3	99.6	
98.1	78.4	
99.1	89.5	
99.3	89.1	
98.7	79.2	
