-45.7	99.4	
58.5	69.5	
44.2	88.3	
89.2	97.8	
66.4	99.6	
66.6	-142.4	
57.7	99.6	
88.6	-21.8	
85.4	69.3	
86.6	79.4	
4.2	89.3	
98.1	-23	
88	99.2	
96.3	99.2	
98.7	19.2	
98.7	49.3	
88.8	99.4	
63.4	-51.3	
77.3	89.7	
97.7	99.4	
77.1	89.1	
98.9	38.8	
98.5	99.6	
47	98.6	
98.7	29.3	
99.1	18.2	
87.8	59.6	
98.7	99.6	
76.1	79.2	
78.5	69.3	
97.5	89.5	
77.9	78.6	
86.8	69.1	
98.5	79	
89.2	89.7	
77.5	-1	
89	89.7	
98.3	89.1	
99.1	89.5	
68.6	89.1	
78.7	99.4	
87.2	89.7	
55.9	79.2	
87.8	88.9	
89.2	79.6	
89.2	58.8	
77.9	69.1	
98.7	89.3	
97.5	99.2	
88.2	99.6	
88.6	89.1	
66	99.6	
88.6	99.6	
86.6	79.6	
97.7	99.6	
88.6	99.6	
68.8	99.4	
87.6	89.3	
97.9	79	
88.4	89.3	
79.5	49.1	
57	99	
66.2	99.6	
98.7	79.6	
98.5	99.4	
88.6	99.6	
67	68.5	
64.6	89.3	
78.9	99.6	
86.6	79.4	
96.1	89.7	
82.8	48.1	
98.1	99.6	
77.9	89.3	
88.2	89.1	
74.9	99.6	
78.9	69.3	
99.1	99.2	
88.4	-41.4	
98.5	79.2	
36.1	8.1	
77.7	99.4	
66.6	99.2	
99.1	99.4	
89	59	
77.3	89.1	
97.3	77.2	
99.3	89.3	
89	98.8	
77.9	58.2	
35.5	99	
77.3	89.5	
99.1	79.4	
98.9	99.4	
87.8	99	
78.3	79.6	
98.7	99.6	
98.3	8.9	
78.5	28.9	
88.8	59.2	
78.5	98.8	
98.1	79.8	
73.3	99.6	
96.9	59.4	
35.1	69.7	
48	99.6	
98.7	88.7	
98.9	99	
98.5	89.3	
98.9	48.5	
78.9	89.3	
98.9	89.5	
88.6	89.3	
57.3	99	
88.6	99.2	
88.8	89.1	
46.2	49.5	
79.1	58.6	
87.2	99.6	
97.5	78	
98.7	79.2	
66.8	89.5	
88	58.6	
77.1	99.6	
58.3	99.2	
88.4	99.6	
88.2	79.6	
88	98.6	
88.8	89.5	
97.7	89.5	
88.4	99.6	
68.2	48.7	
98.3	78.8	
97.5	88.3	
69.2	79.2	
98.9	79.8	
88	-10.9	
98.9	68.7	
77.5	88.5	
57.5	99.6	
78.5	99.2	
78.5	98	
99.3	7.1	
89.2	89.3	
99.3	69.7	
78.3	89.3	
98.5	79.4	
98.7	87.5	
89	79.6	
88.6	99.4	
88.4	89.3	
89	88.1	
88.8	68.7	
89.2	99.6	
88.8	99.6	
77.9	99.2	
86.4	69.3	
89.4	99.6	
68.8	99.6	
78.1	99.6	
79.1	88.5	
98.3	89.5	
98.7	99.6	
98.7	99.4	
78.7	89.5	
98.3	99.6	
98.5	99.6	
57.9	99.6	
95.9	79.2	
77.3	78.6	
98.9	99.6	
99.1	89.5	
87.8	99.6	
98.7	89.1	
99.3	89.3	
88.8	89.5	
99.3	99.4	
99.1	99.6	
98.9	48.7	
99.3	99.6	
98.3	99.6	
88.2	99.6	
98.9	89.7	
78.9	89.7	
67	58.6	
87.6	88.7	
77.7	99.4	
99.3	99.6	
98.3	18.8	
89	89.5	
78.9	99.6	
88.4	69.7	
58.3	99.6	
88	99.2	
75.9	99.6	
98.9	99.6	
87.4	89.5	
89.4	68.9	
89	89.1	
88.4	99.4	
98.5	99.2	
57.3	68.1	
87.4	98.4	
77.1	99.2	
99.3	89.3	
68	99.6	
77.5	99.6	
88.4	98.6	
68.8	89.5	
89	89.1	
88.8	99.4	
89	88.5	
88.6	88.7	
99.3	69.5	
86	89.7	
98.5	59.2	
88.2	88.7	
88.8	89.1	
88.8	89.5	
88.4	99.6	
56.9	99.4	
98.7	99.4	
99.1	89.7	
87.8	99.4	
88.8	99.4	
88.6	99.2	
79.1	99.6	
98.5	98.6	
69.2	99.4	
58.1	79.4	
89.2	98.6	
98.7	99	
89.2	89.7	
78.7	79.4	
88.6	79.6	
87.8	89.3	
88.8	8.7	
99.3	89.5	
87.2	59.4	
87.6	99.2	
88.2	89.5	
37.1	99.2	
78.9	89.7	
99.3	28.5	
99.1	99.6	
88.4	89.3	
98.5	99.4	
89	98.2	
88	79.6	
77.7	59.2	
97.7	89.3	
98.9	99.6	
98.9	59.2	
88.8	79	
68.4	89.5	
98.9	89.5	
98.1	78.8	
98.3	99.6	
68.6	99.4	
88	79	
99.1	99.6	
98.9	69.1	
77.7	89.3	
89	79.4	
99.3	99.4	
88	59.4	
88.4	99.2	
98.7	99.4	
88.6	89.5	
88.6	99.2	
99.3	98.6	
78.1	88.9	
67.6	89.3	
89	88.9	
98.3	59.6	
98.9	99.2	
98.5	99.4	
98.3	99.6	
99.1	99	
67	99.6	
88.8	39.4	
88	89.1	
99.1	49.5	
98.7	79.8	
78.5	99.6	
85.8	88.9	
99.1	88.3	
56.9	99.2	
88.8	99.4	
78.5	99.6	
97.1	99.6	
88	89.7	
98.7	89.3	
78.9	38.4	
68.6	99.6	
99.1	99.6	
57.3	88.9	
99.1	88.7	
98.7	68.9	
98.7	79.4	
98.9	99.6	
89.4	99.2	
88	88.9	
87.2	79.4	
88	99	
88	98.8	
98.3	99.6	
88.4	48.5	
76.5	99.6	
48.2	99.4	
88.8	99.6	
89.2	49.3	
86.4	59.4	
67.8	99.6	
99.1	89.5	
99.1	99.6	
89.4	89.5	
99.1	89.7	
88	98.4	
96.9	98.4	
99.3	19.4	
89	88.3	
78.5	99	
98.1	99.6	
79.1	99.2	
88.8	89.5	
88.8	99	
78.5	89.3	
77.3	99.6	
88.8	39.6	
98.9	88.1	
97.9	99.6	
98.1	39.6	
98.9	99.2	
67.8	58.4	
98.1	9.1	
98.1	99.6	
66.8	98.4	
98.5	79	
97.7	99.4	
97.9	29.3	
88.2	99.2	
99.1	89.5	
98.7	79	
99.1	99.6	
67.4	99	
87.4	68.7	
99.1	89.5	
99.1	99.2	
78.1	78.4	
97.3	98.8	
98.7	99.4	
88.4	79.2	
78.7	89.7	
99.1	99	
77.7	79.2	
99.1	99.2	
78.9	89.7	
78.1	19	
99.1	98.8	
89	59	
88.8	89.5	
98.9	99.6	
99.3	89.1	
98.5	89.3	
78.7	99.6	
88.6	99.4	
98.5	99.6	
78.7	48.9	
88.8	79.2	
99.3	99.6	
89.2	89.7	
78.3	89.1	
98.7	99.6	
98.7	89.5	
89	88.9	
97.7	99.4	
99.1	89.5	
98.1	99.6	
98.9	79.4	
99.1	99.4	
89	79.2	
89	28.5	
68.4	99.4	
99.1	69.3	
98.3	79.6	
98.1	89.5	
98.3	89.7	
88.8	88.9	
78.5	89.5	
77.9	28.3	
79.1	89.1	
98.9	99.6	
77.3	99.2	
98.3	78.8	
98.9	89.5	
89.2	99.4	
88.8	88.7	
99.1	99.2	
98.7	89.3	
99.1	28.5	
99.3	29.3	
77.1	99	
69	99.6	
97.9	99.4	
88.4	38.8	
89	79	
87.8	89.3	
69	99.2	
88.4	69.3	
56.3	89.1	
48.2	39.6	
77.9	68.9	
99.1	99.6	
78.3	89.5	
88.8	89.5	
88.8	59.6	
78.9	99	
98.5	89.5	
99.1	89.7	
79.3	69.1	
98.7	59.4	
58.9	89.5	
89.4	88.9	
88.8	89.1	
89	59	
87.4	99.4	
68.6	89.1	
89	79	
68.8	99.4	
97.7	99.6	
78.7	89.3	
98.1	69.1	
89	99.4	
98.9	99.2	
89	29.1	
89	89.1	
56.9	99	
87.4	88.9	
77.5	49.5	
89	88.9	
88.8	99.2	
98.5	99.2	
54.7	99.6	
89	99.6	
98.7	99.4	
78.1	99.6	
78.9	59.2	
57.7	99.6	
98.7	89.3	
68.4	79.6	
87.6	99.6	
99.3	99.6	
58.3	39.6	
88.8	99	
89.2	-212.1	
88.8	89.7	
99.1	99.4	
89	89.1	
98.9	99.4	
89	59.2	
89.4	99.6	
98.7	99.2	
67.4	89.5	
69.2	99.4	
98.7	89.7	
-3.9	99.6	
87.8	99.6	
89.2	99.4	
87	89.7	
98.9	88.5	
78.7	89.5	
78.1	99.4	
79.1	99.2	
78.3	99.6	
98.5	79.4	
78.3	99.4	
88.8	99.4	
78.3	39	
99.3	99.2	
88.6	99.6	
98.1	99.6	
99.3	88.7	
89.2	89.7	
79.1	38.6	
89	99.6	
68.2	69.7	
99.1	89.5	
89	79.2	
89.2	99.4	
97.9	99.4	
89.2	99.6	
89	78.8	
89.2	99	
78.9	79.6	
89.4	99.4	
89.4	78.6	
99.1	99.6	
89.2	99.6	
88.6	89.1	
