-15.4	-172.7	
54.9	-23.2	
68.8	58.4	
98.9	49.5	
58.7	78	
48	99.2	
87.2	89.1	
65.2	68.7	
75.1	58	
98.1	68.7	
94.5	57.4	
87	66.3	
88.4	35	
64.2	69.5	
82.4	18.6	
96.5	99.4	
99.3	-1.4	
78.7	88.5	
87.4	99.4	
96.5	99.2	
88.4	69.1	
87	87.9	
87.8	88.3	
88.6	99.6	
97.9	99.4	
98.9	99.6	
88.6	99.6	
68.6	99.4	
44.6	99.6	
99.1	99.6	
99.3	88.7	
98.9	89.5	
98.5	68.7	
77.5	99.4	
89.4	99.4	
98.9	99.6	
99.3	99.4	
66.8	99.2	
89	99.6	
98.1	99.6	
79.5	89.1	
82.4	99.4	
3.7	89.5	
87.2	99.6	
56.5	89.3	
99.1	99	
88.4	99.6	
58.5	69.1	
88.8	99.6	
88.2	89.3	
98.3	99.6	
89	99.6	
85.8	89.3	
78.9	99.4	
78.3	68.9	
88.8	99.6	
87.8	49.1	
78.5	88.7	
68.4	99.4	
98.9	99.6	
89.2	89.5	
89	79.4	
89.4	67.7	
89.2	89.3	
78.3	99.6	
97.5	89.5	
99.1	99.4	
99.1	99.6	
89.2	69.5	
89	99.6	
89.2	99.4	
98.7	99.6	
88.2	89.1	
98.1	99.6	
78.5	99.6	
89.4	99.6	
88.6	99.6	
99.1	99	
89	99.6	
88.6	99.4	
98.9	99.2	
88.6	89.5	
97.7	99.4	
87.8	99.6	
98.1	99.6	
98.9	99.4	
77.9	99.4	
88.4	78.8	
98.9	98.8	
88.6	99.4	
98.9	99.4	
78.1	99.6	
89	99.6	
88.8	88.3	
77.5	99.2	
98.5	89.7	
78.5	98.8	
99.3	99.6	
87.8	99.6	
78.9	99.6	
98.3	79.2	
78.1	89.7	
99.3	99	
69.4	99.6	
75.1	99.6	
97.5	99.6	
88.8	99.4	
98.5	79.6	
78.7	49.1	
57.9	79.2	
87	99.2	
98.5	28.3	
89	99.2	
99.1	88.7	
99.1	99.4	
48.8	99.2	
98.5	99.6	
98.9	99.6	
99.3	99.6	
99.1	79.6	
97.9	99.6	
66.8	99.4	
38.7	89.3	
99.3	59.4	
98.9	79.6	
99.3	89.7	
98.9	89.5	
98.9	99.6	
98.5	99.4	
87.8	99.6	
87.8	49.3	
88.2	99.6	
78.9	99.4	
89.4	79.2	
88.6	98.4	
86.2	99.6	
88.6	98.8	
57.1	99.6	
86.8	99.6	
88.8	79.2	
99.3	99.4	
68.4	59.4	
99.1	98.2	
89.2	99.4	
79.5	99.4	
89	99	
78.9	99.2	
88.6	99.6	
78.7	98.8	
98.7	99.6	
77.7	99.6	
99.1	99.4	
79.5	99.4	
77.5	89.7	
88.8	99.6	
89	89.5	
98.1	79.2	
87.6	98.8	
98.9	88.9	
98.5	89.5	
99.1	89.5	
99.3	89.7	
99.1	99.4	
98.7	49.1	
99.3	79.2	
89	99.6	
98.5	48.9	
99.1	99.4	
78.9	68.5	
99.1	99.6	
98.5	59	
98.7	99.6	
97.7	88.5	
68	89.3	
89	89.5	
98.9	99.6	
88.8	89.3	
77.9	89.1	
88.2	89.3	
99.3	99.6	
89.2	99.6	
99.1	59.2	
88.4	89.1	
99.1	79.8	
98.9	99.4	
98.9	99.6	
98.7	99.2	
98.5	68.7	
87.6	99.6	
98.5	99.6	
78.1	89.1	
89.2	99.6	
98.7	99.6	
89.2	99.4	
88.6	99.6	
78.3	99.6	
88.4	79.8	
88.6	18.2	
88.8	99.6	
78.9	99.6	
99.1	99.6	
88.8	99.6	
99.1	99.6	
89.2	99.6	
78.9	99.4	
87.8	99.6	
99.1	99.4	
88.2	99.4	
98.5	99.4	
99.3	99.2	
89.4	99.6	
75.5	99.6	
82.8	69.7	
88.4	99.6	
98.1	99.4	
88.2	99.6	
86.8	79.8	
77.7	89.7	
84.4	99.4	
78.7	98.8	
98.7	99.6	
88.8	99.6	
89.2	99.4	
89.4	69.7	
98.9	99.4	
68.2	99.2	
88.4	99.4	
98.9	39.2	
88.8	89.5	
78.9	99	
99.1	99.6	
89	99.6	
86.6	99.6	
98.9	99.2	
99.1	89.5	
98.3	99.4	
87.2	79.6	
89	99.4	
98.7	59.2	
89	89.7	
79.1	99.4	
89	99.6	
88	68.7	
98.9	99.6	
89	79.2	
99.1	99.6	
89	79.6	
89.4	99.6	
99.1	99	
98.1	69.5	
88.6	99.6	
98.9	89.7	
89.2	99.6	
88.8	99.4	
87.8	89.3	
88.4	89.7	
98.5	99.4	
88.8	79.2	
89	99.4	
97.3	59.8	
88.4	99.6	
98.9	89.3	
89	79.2	
98.5	89.5	
99.3	49.3	
78.5	99.4	
99.3	99.4	
88.4	99.4	
98.1	89.5	
99.1	99.6	
58.1	69.3	
99.1	79.6	
89.4	99.2	
99.1	89.5	
88.6	69.1	
99.1	89.7	
88.6	89.7	
78.7	89.3	
98.1	89.7	
99.1	99.4	
89.4	89.5	
78.9	89.1	
89.2	89.3	
99.3	99.6	
89	49.7	
98.5	98.8	
98.1	99.6	
78.3	79.2	
79.1	99.4	
57.5	99.4	
85.6	99.6	
78.9	79.4	
88.6	89.7	
99.3	99.6	
89.4	99.6	
87.2	49.3	
77.3	99.2	
99.1	99.4	
78.9	99.6	
98.1	79.6	
99.1	99.4	
88.4	99.4	
87.6	79	
98.5	79.2	
98.3	79.6	
99.3	79	
89.2	99.4	
88.6	89.3	
87.4	69.7	
95.9	89.5	
88	49.5	
87.8	89.7	
99.3	88.5	
89	99.6	
98.7	99.6	
88.6	69.1	
77.9	89.3	
89.4	89.3	
79.1	89.5	
88.4	89.3	
98.3	99.4	
88.8	78.6	
79.5	88.5	
48	99.2	
98.5	99	
98.7	99.6	
98.7	79.2	
88	99.6	
89	79	
99.3	78.8	
97.9	89.5	
98.3	39.4	
99.3	89.7	
78.3	99.4	
98.7	69.3	
78.3	89.5	
98.9	99.2	
98.3	89.5	
98.1	69.5	
99.3	99.2	
98.9	99.6	
98.7	99.4	
98.1	99.6	
88.8	39	
98.7	99.4	
97.9	89.7	
88.8	89.7	
88.8	79.2	
89	99.6	
98.9	99.6	
99.1	99.6	
88.4	99.2	
88.8	99.6	
98.7	79	
79.3	99.6	
78.5	99.6	
68.6	79.6	
98.9	89.5	
99.1	89.7	
99.1	89.5	
99.3	99.6	
88	99.4	
98.3	89.5	
98.9	69.1	
88.2	99.6	
88.8	99.6	
98.1	99.6	
98.9	89.5	
78.7	89.7	
98.9	79.4	
78.7	99.6	
89.4	89.5	
77.1	99.6	
98.5	89.3	
89	99.6	
99.1	-10.7	
88.4	99.6	
88	89.7	
99.1	99.2	
89.2	99.6	
99.1	99.6	
99.1	99.4	
67.6	99.6	
99.3	99.6	
88.4	99.4	
98.3	89.5	
88.8	59.2	
78.5	99.4	
98.3	99.6	
85.8	99.2	
98.7	89.7	
88.4	89.7	
99.3	79.2	
98.7	99.6	
99.3	98.8	
98.1	89.5	
78.5	79.6	
98.3	99.6	
98.1	99.4	
99.1	99.6	
99.1	99.2	
98.5	99.6	
98.7	99.6	
98.9	99.6	
88.2	99	
98.3	89.3	
99.1	89.7	
98.9	89.5	
99.3	79.2	
99.3	38.6	
88.8	99.6	
99.1	99.4	
88.2	99.4	
99.1	88.9	
89	99.6	
76.9	99.6	
89.4	99.6	
68.8	99.4	
79.1	99.6	
88.8	89.5	
98.5	99.4	
98.9	99.6	
99.3	99.4	
78.9	99.6	
99.1	99.4	
99.1	99.4	
89	89.3	
88.4	89.3	
78.5	99.4	
98.1	89.3	
97.3	99.6	
77.7	98.4	
98.5	68.5	
98.7	79.2	
99.3	89.7	
99.1	58.6	
99.3	98.8	
88.2	99.6	
99.1	89.5	
89	99.2	
98.9	69.5	
89.4	79.2	
88	99	
88.8	99.4	
98.7	99.4	
99.3	99.4	
89.4	68.7	
98.5	99.4	
98.7	79	
98.5	99.6	
98.7	58.8	
99.3	99.6	
98.7	99.6	
89.4	89.3	
98.3	89.5	
98.7	89.7	
69	89.7	
89	99.6	
99.1	79.6	
99.3	89.5	
99.3	59.4	
99.1	78.6	
89	99.4	
98.1	99.6	
79.1	89.5	
98.5	89.5	
99.3	99.6	
98.5	99.6	
89	89.5	
98.9	99.6	
99.1	89.5	
98.1	99.2	
77.3	89.1	
88.6	99.6	
98.3	89.7	
98.5	99.6	
58.1	69.5	
99.3	99.6	
98.3	99.6	
98.9	89.5	
99.1	99.6	
99.3	89.5	
98.9	99.4	
77.9	98.8	
98.5	99.4	
98.5	99.6	
99.3	99.4	
88.8	99.2	
98.9	99.4	
98.9	99.6	
88.6	99.4	
58.1	99.4	
89	99.4	
98.5	79.4	
88.6	99.6	
99.3	99	
98.5	99.6	
88.6	99.4	
98.9	99.6	
99.1	99.4	
