16.3	-61.4	
97.5	-21	
68.2	57.4	
-0.2	6.7	
65.8	48.3	
-89.9	-32.5	
66.4	45.1	
97.3	19.4	
78.1	-63.2	
88.8	88.1	
83	58.8	
86.2	79.4	
95.1	87.9	
63	99.4	
98.9	99.2	
98.5	87.5	
98.3	79	
87.4	48.7	
53.1	89.1	
98.9	37.2	
88.4	99.2	
98.5	89.5	
78.1	99	
95.7	89.3	
86.8	39.4	
68.2	39	
88.6	89.3	
98.9	99.6	
98.1	99.4	
87.8	-61.6	
88	98.8	
99.1	-40.8	
78.7	88.9	
68.6	88.9	
78.9	89.1	
17.3	98.8	
87	59.2	
87.6	89.5	
88.6	89.3	
98.5	49.5	
95.9	69.3	
87	89.7	
88	59.6	
89	99	
68.6	88.7	
89.2	89.7	
98.7	18.2	
78.3	79.2	
74.3	59.4	
68.4	99	
99.1	88.1	
65.4	99.6	
57.1	99.6	
97.7	48.9	
85.6	99.6	
55.9	99.6	
75.9	89.1	
97.1	89.3	
89.4	19.4	
97.9	59.4	
69.4	79.4	
99.1	99.6	
57.7	89.5	
78.5	89.7	
87.8	99.6	
47.2	48.1	
78.7	98.8	
79.1	99.2	
99.1	79.2	
87.4	99.6	
76.1	99.4	
86.6	99.6	
88.4	99.2	
88.6	98.8	
88.2	29.5	
79.1	99.6	
55.3	99.6	
98.1	99.6	
57.1	89.7	
78.5	89.1	
98.7	28.5	
89.4	89.5	
98.1	99.4	
77.5	79.2	
97.9	58	
86.6	99.6	
88.8	89.3	
98.3	78.2	
87.4	88.7	
76.9	99.6	
88.4	77.4	
88	99.4	
88.6	87.9	
67.8	99	
98.7	99	
98.1	89.5	
99.1	69.5	
98.9	99.6	
89	68.1	
78.1	99.2	
88.4	99.6	
98.3	99.4	
88.2	49.1	
88.4	98	
88.4	38.6	
86.6	28.5	
79.1	88.3	
88.6	69.1	
88.2	78.6	
97.7	99.2	
88	89.3	
89	99.4	
57.3	99.6	
98.9	99.6	
86.8	99.6	
87.4	79.4	
89	89.5	
56.9	88.9	
87.8	99.6	
99.1	88.7	
99.3	69.3	
76.7	89.7	
95.1	89.7	
88.2	78.2	
88.6	59.2	
85	89.7	
98.7	79.4	
64.8	99.6	
99.3	99.6	
99.3	99.6	
97.9	28.5	
98.1	99	
78.3	78.6	
88.8	89.5	
88	99.6	
78.9	99.6	
98.9	99.6	
99.3	69.7	
98.1	89.7	
87.8	79.2	
88.8	49.3	
79.5	99.2	
98.5	99.6	
99.3	99.4	
99.1	99.2	
97.9	88.3	
99.1	99.2	
98.9	89.5	
99.1	39.4	
97.9	79.8	
98.5	69.1	
99.1	89.7	
88.8	79.2	
89	69.7	
76.7	39.4	
87.4	68.9	
89	99.2	
78.7	88.7	
67.8	38.8	
26.8	28.5	
98.1	99.4	
99.1	99.4	
99.3	98.8	
98.7	99.2	
66.8	89.3	
97.7	99.4	
87.2	89.3	
98.1	99.6	
98.9	69.5	
99.1	69.1	
67.2	99.6	
88.2	89.3	
98.9	99.4	
67.4	37.4	
98.9	99.6	
66.6	89.5	
79.3	99.4	
98.5	99	
68	79.8	
96.3	99.6	
89.2	49.1	
88.4	99.4	
88.6	58.8	
77.7	78.8	
97.7	99.4	
99.1	99.4	
88.4	79.8	
98.7	59	
88.4	98.2	
77.9	99.4	
88.6	88.7	
88.4	89.7	
34.1	89.3	
78.5	8.1	
99.1	58.4	
98.9	-20.4	
98.7	99	
56.9	99.4	
77.7	99.6	
99.3	89.3	
77.7	99.4	
57.1	99.6	
79.1	99.6	
87.4	79.8	
98.7	99.6	
98.7	89.1	
75.9	89.7	
98.9	87.9	
88.8	69.5	
75.7	79.6	
88.8	99.2	
99.3	89.7	
99.1	89.3	
98.3	99.4	
98.3	89.1	
75.7	79.6	
87	89.5	
88.8	99.6	
88.8	79.2	
88.8	99.6	
58.3	99.2	
88.8	99.4	
77.1	88.1	
76.9	99.6	
98.9	99.6	
89	99.4	
89	99.6	
87.4	89.5	
77.9	99	
97.9	88.5	
96.9	89.7	
78.9	79.4	
77.9	89.7	
68	99.4	
77.9	99.4	
98.1	69.7	
89	79.2	
88.8	89.5	
98.7	89.5	
88.8	99	
98.3	89.3	
88.4	99	
88.4	89.7	
78.7	99.6	
99.3	99.4	
78.9	99.2	
98.9	99.4	
97.9	98.6	
88.6	99.2	
89.2	89.3	
78.3	99	
66.6	89.7	
88.8	99	
98.7	99.6	
88.8	79.2	
98.5	99.6	
98.9	79.8	
88.8	89.7	
67.4	69.1	
88.2	99.4	
98.1	77.8	
88.8	99.4	
98.1	99.6	
88.8	89.1	
98.5	89.5	
89	69.5	
68.6	99.6	
79.1	89.7	
77.7	99.4	
98.9	79.8	
99.3	99.6	
98.1	99.6	
27.6	68.3	
58.7	79.6	
98.5	89.1	
89	99.6	
98.3	99	
98.9	99.2	
97.9	59.4	
64.2	99.4	
98.1	59	
77.9	88.5	
88.8	89.3	
68.4	99.4	
78.7	89.3	
87.4	89.3	
88.6	99.4	
58.5	99.6	
98.5	79.2	
97.5	99.4	
89	98.8	
99.3	99.2	
98.9	99.6	
-3.7	99.4	
88.2	89.5	
98.5	99.6	
78.1	79.8	
99.1	99	
68.4	99.4	
88.2	38.8	
89	99.6	
78.9	68.7	
98.1	68.5	
88.6	8.5	
99.3	99.4	
88.4	58.4	
95.5	99	
98.7	49.1	
68.4	88.7	
68.6	68.9	
99.3	79.6	
87.6	89.7	
88.2	59.6	
36.9	88.9	
98.3	99.4	
98.1	99.6	
98.9	79.2	
55.3	79.2	
67.2	98.6	
78.9	79	
47.4	99.6	
68	99.4	
87.8	99.6	
88	89.1	
89.4	89.3	
88.2	99.2	
88.2	99.2	
88	99.4	
97.9	89.7	
88.8	78.8	
79.1	38.2	
79.5	79.6	
-4.1	99.6	
68	99.6	
76.1	89.5	
89.2	79.8	
77.5	88.7	
64.4	88.9	
68	79.6	
98.9	89.3	
68.8	89.3	
89	99.6	
88	99.6	
98.1	89.3	
99.1	99.6	
99.1	99.6	
89	79	
88	89.3	
68.8	99.6	
46.6	89.3	
98.3	58.8	
98.7	99.6	
76.3	99.6	
88.4	99.6	
98.3	99.6	
98.5	99.2	
98.3	99.6	
88.6	69.1	
99.3	99.4	
88.2	99.6	
87.8	89.1	
77.9	79	
88.8	99.4	
88.6	79.8	
88	79.8	
88.8	99.6	
88.4	98.8	
99.1	88.9	
88	79.6	
89	99.4	
97.9	38.8	
57.7	79	
88.8	89.7	
88.2	49.3	
66.2	-1.4	
75.5	78.8	
99.1	99.4	
88	99.6	
78.9	99	
99.3	89.3	
89	89.7	
32.9	88.9	
57.9	79.8	
98.7	99.2	
47	99.4	
88.6	59.2	
98.9	38.6	
99.3	89.7	
99.3	99.6	
89.4	89.5	
67.4	99.6	
98.7	59.4	
98.7	99.6	
88.6	28.9	
77.5	99.6	
67.8	99.4	
98.9	69.3	
99.3	68.9	
69.2	99.2	
68.4	88.5	
56.9	99.2	
98.3	99.2	
89.4	99	
58.1	99	
98.9	99	
58.5	99.6	
88	89.7	
78.3	69.1	
99.1	79.8	
98.7	48.9	
98.5	58.8	
88.8	99.6	
99.3	88.9	
98.9	99.2	
58.7	99.6	
89.4	99.6	
88.4	99.2	
98.1	89.5	
99.3	88.7	
76.9	69.5	
98.9	99	
47.4	99.6	
77.9	89.7	
98.9	99.6	
98.3	69.5	
99.1	89.3	
78.7	78.8	
36.3	29.1	
88.8	89.7	
68.4	79.2	
98.5	99.4	
99.3	87.9	
78.1	99.2	
87.8	79.6	
85.8	98.4	
98.5	88.7	
98.5	99	
98.5	79.6	
88.8	88.9	
98.7	79.2	
98.3	99.6	
98.9	78.6	
98.9	99.6	
69.2	78	
88.2	99.6	
98.7	99.2	
97.9	68.7	
87.4	99.2	
98.7	99.6	
98.5	59	
77.9	88.7	
98.9	87.9	
68.4	38	
98.7	79	
98.9	88.9	
98.9	89.1	
57.5	68.9	
66.6	99.6	
88.8	39	
99.1	38.2	
88.8	58.6	
86.8	-61.8	
68.4	28.1	
55.9	89.3	
79.1	99.6	
79.1	69.5	
87.6	89.1	
77.3	99	
57.3	99.4	
98.5	89.3	
97.3	99.6	
88.6	68.9	
88.8	49.5	
57.3	99.2	
88.8	99.2	
89.2	99.6	
98.7	89.1	
99.3	99.4	
89	99.6	
76.7	89.3	
99.3	79	
97.3	69.5	
99.1	99.6	
98.7	99.4	
89.2	99.6	
78.9	99.4	
59.1	99	
88.8	89.5	
57.3	88.5	
99.1	69.1	
58.5	99.2	
77.7	89.7	
78.3	88.3	
89.2	99.6	
97.7	99.2	
89.2	78.6	
99.1	59.4	
87.4	98.8	
88.2	99.6	
97.9	99.4	
