-49.3	39	
-53.5	89.1	
24.8	89.7	
30.1	88.9	
76.3	8.3	
87	-21.4	
96.9	-22	
67.8	68.5	
13.3	89.5	
98.9	-21.6	
96.5	99.2	
48	99.2	
97.5	99.6	
87.6	8.3	
86.4	-144.6	
63.4	77.4	
98.5	89.5	
76.5	79	
68.4	99.4	
44.6	57.4	
86	79.2	
88.4	69.3	
77.3	99.4	
87.6	89.5	
68.8	89.7	
88	59	
98.7	99.6	
96.5	99.6	
66	79.8	
88.2	98.8	
96.9	99.4	
77.7	88.9	
96.3	69.3	
88	89.3	
87.6	98.8	
75.3	89.3	
88.4	99.4	
98.5	48.5	
98.1	58.8	
75.3	38.2	
87.8	89.3	
97.5	99.6	
55.1	79.8	
87.6	89.5	
88.2	89.5	
98.3	89.7	
78.9	99	
78.1	99.2	
89	89.3	
98.9	99.4	
55.3	27.5	
58.3	67.5	
77.9	99.6	
88.6	98.8	
79.3	99.6	
79.5	89.3	
78.1	99.4	
99.1	79.2	
10.7	99.6	
58.3	78.6	
51.5	99.4	
89	28.9	
55.9	89.5	
68.6	79.8	
99.3	28.1	
55.1	89.1	
88.8	69.3	
68.8	89.7	
67.4	89.5	
88	89.7	
78.1	89.1	
88.2	89.1	
68	69.5	
79.1	49.7	
87.4	79.4	
98.7	48.9	
99.1	59	
78.7	98.8	
88.2	68.3	
98.1	99.4	
87.6	99.4	
78.1	98.8	
87.4	98.8	
87.8	69.7	
79.1	99.4	
67.4	89.3	
68.6	89.1	
89.2	99.6	
98.9	48.5	
87.6	89.5	
56.5	89.5	
78.5	89.5	
98.9	99.6	
77.7	78.8	
99.1	28.1	
97.7	99.6	
88	79.4	
78.1	99.6	
76.9	99.2	
68.8	69.1	
69	99.6	
79.3	68.9	
89	78.6	
88.2	78.8	
87.2	77.8	
99.1	99.6	
77.5	99.4	
23.2	98.6	
88.6	79.2	
75.3	88.9	
98.7	68.3	
78.1	88.7	
44	78.6	
77.7	99.4	
57.7	69.1	
97.9	98.8	
64.8	99.2	
97.1	79.4	
88.8	99.4	
89	78.2	
98.9	99.4	
88.8	78.8	
75.5	89.7	
77.3	89.5	
78.9	89.5	
98.7	99.6	
96.9	98.8	
87.8	89.7	
77.9	99.4	
77.5	89.1	
97.9	89.1	
88.2	99.6	
96.5	89.7	
46.6	77.8	
89.2	89.5	
78.5	99.6	
98.1	89.7	
98.1	88.7	
97.9	89.7	
89	69.7	
68.4	79.6	
58.3	69.3	
98.3	88.7	
98.5	99.6	
75.5	99.4	
78.5	89.5	
78.5	98	
88.2	69.3	
89	99.4	
89.4	89.5	
55.9	99.6	
77.5	89.7	
35.7	99.6	
56.3	99.4	
99.3	89.5	
78.5	89.1	
89	59.2	
88.2	89.3	
67.8	69.5	
55.9	89.1	
58.1	67.7	
77.7	99.4	
88.4	99.6	
68	59	
58.1	89.1	
79.1	99.6	
67.8	78.6	
88.8	89.7	
98.3	79.4	
88.4	99	
89.4	38.6	
88.8	69.1	
79.1	59.4	
89	98.8	
87.8	79.6	
88.4	98.4	
68.6	99.6	
89.4	58.2	
89	79.6	
88.2	99.6	
89.2	68.9	
98.7	99.2	
87.4	99.6	
98.9	99.6	
33.7	69.3	
57.9	79.6	
68.8	88.9	
46.4	99.2	
77.5	89.3	
78.3	39.2	
86.4	79.6	
98.3	47.7	
86.6	-11.3	
87	99.2	
77.7	99.2	
45	58.4	
87	89.7	
33.3	99.6	
45.4	69.5	
88.6	79.4	
99.1	89.5	
66.2	88.7	
88.2	79.6	
55.3	89.3	
77.3	99.2	
69	48.3	
98.9	69.7	
88	89.3	
89	89.3	
7.3	88.9	
78.7	99.6	
67.6	89.1	
98.7	89.3	
57.7	99.4	
98.9	99.2	
98.3	99.2	
89.2	19.2	
88	38.6	
98.7	98.6	
66.2	99.6	
88.8	89.1	
88.4	89.5	
77.9	48.3	
77.3	69.7	
80.6	99.6	
88.6	89.3	
98.3	99.2	
68	49.7	
-16	79.6	
67.4	68.1	
73.5	89.7	
-52.7	99.6	
57.3	79.6	
68.6	68.3	
57.5	99	
98.7	99.6	
97.3	89.3	
87.2	79.6	
88	99	
68.2	99.4	
75.7	89.1	
88.2	89.3	
98.1	69.1	
69.2	89.5	
78.7	79.2	
88.2	18	
88.8	88.7	
98.7	99.6	
99.3	89.1	
77.9	89.1	
98.9	28.9	
98.5	99.6	
98.3	69.3	
87.8	99.4	
97.9	99.6	
77.3	98.2	
88.6	99.4	
-27.3	99.4	
37.5	57.4	
78.3	89.7	
98.7	56.8	
68.4	88.9	
65.8	89.3	
66.6	79.6	
69	99.4	
78.5	89.7	
88.2	78.4	
36.5	18.8	
44.2	99.6	
65.8	79	
89	79.4	
98.9	99.6	
87.8	88.9	
76.5	89.3	
46.2	99.6	
76.3	88.3	
99.3	89.5	
89.2	89.5	
98.9	79.2	
89.2	89.5	
74.9	28.5	
76.9	89.3	
98.9	99	
98.7	58.8	
98.5	99.6	
55.5	89.3	
46	99	
86.2	69.3	
87.6	79.6	
98.1	89.7	
79.1	99.6	
99.3	69.7	
78.7	89.7	
88.4	99.6	
78.7	88.9	
78.5	89.3	
98.5	99	
88.2	79.4	
99.1	68.5	
99.1	89.7	
98.7	49.1	
78.7	68.9	
87.6	79	
88.4	79.2	
88.6	78.6	
97.9	97.8	
65.2	99	
68.2	78.6	
78.3	89.5	
87.6	-11.5	
89.2	39.4	
68	79.4	
67.8	89.1	
88.8	99.6	
77.5	88.3	
98.9	28.9	
66.6	79	
57.3	69.5	
99.3	79.4	
87.4	99.2	
96.3	99	
89	-11.1	
69.9	89.3	
66.8	89.3	
87.4	99.4	
99.3	79.6	
87.8	99.6	
77.3	98.8	
98.5	88.9	
98.1	69.5	
99.1	89.3	
88.6	89.3	
98.7	89.1	
87.8	89.5	
45.8	89.7	
77.7	99.6	
87.8	97.4	
88	79.8	
65.8	99.2	
44.6	98.2	
76.3	59.2	
78.5	99.4	
88	58	
68	99.6	
78.5	89.7	
99.1	99.6	
67.6	69.3	
87.2	39	
57.9	98.6	
78.5	38.6	
88.8	89.1	
78.5	99.6	
47	79	
78.7	79.6	
98.9	29.5	
87.8	-0.4	
98.9	78.6	
79.5	78.4	
87.6	89.7	
79.3	48.9	
88.8	99.6	
57.7	99.4	
68.8	99.4	
88.6	48.7	
88.4	99.6	
78.1	99.4	
99.1	79	
98.5	89.1	
97.1	99.4	
89	99.4	
77.9	38.2	
76.5	89.1	
96.1	99	
86.4	89.3	
76.9	99.6	
98.9	99.6	
36.5	99.4	
88.8	99.4	
87.4	48.1	
79.1	89.1	
65.8	89.5	
88.2	79.6	
52.5	99.6	
67.4	89.5	
98.5	99.4	
57.7	89.5	
99.3	88.9	
89.2	99.4	
76.5	99.6	
89	38.8	
88.2	89.7	
98.3	79.4	
88.2	99	
99.3	79.2	
56.7	79.2	
68.6	58.8	
98.9	79.2	
98.5	38.4	
98.9	67.9	
58.9	97.4	
99.1	88.1	
78.3	99.4	
98.7	99.6	
89	98.8	
98.3	58	
97.9	79.2	
78.1	88.5	
79.3	99.6	
89.2	78.6	
78.1	99.4	
77.9	99.6	
85	69.1	
98.3	89.5	
86.8	99.6	
55.7	48.3	
87.2	79.2	
98.5	79	
87.8	-51.9	
78.5	99.6	
88	99.6	
78.5	99.4	
88.6	98.8	
89	89.3	
58.9	99.4	
77.9	88.7	
54.1	88.9	
66.8	98.8	
89	99.6	
88.8	89.1	
98.5	99.6	
88.8	89.3	
98.7	69.1	
98.9	59.8	
99.1	99.6	
15.3	99.4	
88.6	89.7	
99.3	79.4	
78.9	89.7	
88.6	38.8	
78.7	88.9	
88.6	99.6	
56.5	67.3	
97.1	99.2	
15.9	57.6	
98.9	99.6	
67.2	99.4	
68	39.4	
97.7	78	
85	27.9	
88.6	79.2	
98.3	89.1	
86	99.2	
99.1	79.4	
99.3	38.8	
99.1	-32.9	
85.6	89.3	
98.9	99.4	
98.7	88.5	
99.1	69.3	
99.3	99.2	
99.1	89.7	
78.1	99.6	
98.3	99.2	
88.8	98.4	
88	89.3	
88.6	88.3	
77.7	99	
57.7	68.5	
78.3	89.3	
86.4	89.7	
88.4	29.1	
88.6	89.3	
88.4	99.6	
88.8	79	
58.1	89.3	
78.7	79.6	
98.7	89.7	
98.9	89.7	
56.5	99.6	
78.1	79.4	
66.8	88.7	
99.1	68.9	
77.5	89.1	
87.6	69.5	
98.9	79.4	
78.9	89.3	
89	49.3	
22.8	78.4	
89	79.4	
67.8	89.5	
87.6	88.1	
74.7	69.3	
89	69.1	
78.1	59	
-0.8	99	
98.7	48.9	
99.1	99.4	
89.2	99.6	
77.5	99.4	
99.3	99.4	
