-28.3	48.7	
34.5	79.4	
76.1	49.3	
97.1	78.2	
85	65.1	
96.7	89.3	
99.1	27.1	
86.2	79.6	
88.6	79.4	
99.1	-20.6	
88.8	79	
98.3	-11.1	
98.9	79.6	
98.3	88.5	
79.3	99.6	
99.3	99.6	
89	88.7	
98.5	89.1	
89.2	89.1	
88.4	89.3	
98.9	99.4	
99.1	99.6	
99.1	99.6	
88.6	99.6	
98.7	99.4	
99.1	99.4	
88.4	99	
78.9	59.6	
99.3	99.6	
99.1	99.6	
88.4	99.6	
98.9	99.6	
89	69.1	
89	48.9	
57.7	99.2	
96.5	99.4	
99.1	99.6	
89.4	99.6	
98.7	59.4	
87.6	99.4	
98.9	99.4	
99.3	99.6	
98.9	89.1	
98.3	89.5	
98.9	89.5	
98.5	99.4	
99.3	79.6	
99.1	89.7	
89	99.6	
99.1	99.6	
99.3	99.6	
88.6	99.4	
99.1	99.6	
89	79.4	
99.1	98.4	
88.6	59.2	
89	99.6	
98.7	89.5	
99.3	79.6	
99.3	99.4	
99.3	99.6	
89.2	89.3	
99.1	99.4	
88.2	99.6	
99.1	99.6	
98.1	98.4	
78.5	99.4	
98.9	99.2	
99.3	89.7	
99.1	99.6	
99.3	48.9	
99.1	99.6	
78.7	99.4	
98.9	98.8	
98.3	78.2	
88	98.8	
99.3	99.6	
99.1	99.6	
98.9	89.3	
98.7	98.8	
99.3	99.4	
89.4	99.6	
98.9	99.6	
98.9	99.4	
99.1	99.6	
98.9	99.6	
98.9	69.3	
78.3	99.4	
98.7	99.6	
89	99.2	
98.3	89.7	
99.1	99.6	
99.1	99.6	
97.9	99.4	
88.2	99.2	
89	99.6	
99.3	88.9	
99.3	99.2	
98.9	89.3	
98.7	89.7	
99.1	99.2	
99.3	99.4	
98.9	99.6	
99.3	79.6	
78.9	99.4	
98.9	99.2	
99.1	89.7	
98.9	99.4	
89.4	99.6	
98.9	99.6	
88.4	99.6	
88.4	99.2	
99.1	79.4	
88.4	99.6	
98.3	99.4	
88.8	99.6	
99.1	89.1	
99.1	98.8	
99.3	89.1	
99.1	89.7	
99.3	89.7	
98.7	89.5	
98.7	99.4	
98.9	99.4	
99.1	79.6	
98.7	89.5	
89	99.2	
89.4	99.4	
98.5	89.5	
99.1	99.6	
99.1	99.4	
88.6	98.8	
99.1	99.4	
99.1	99.6	
67.6	99.2	
79.1	99.4	
88.8	99.4	
97.5	89.5	
97.7	68.5	
98.9	99.4	
89.4	89.5	
79.1	99.6	
99.3	79.6	
99.1	89.5	
89.2	68.5	
98.9	88.9	
99.3	99.6	
99.3	99.6	
99.1	89.7	
98.1	99	
99.1	89.7	
89.4	89.7	
89.2	89.7	
99.3	99.4	
99.1	99.4	
99.3	99.6	
99.3	99.6	
99.1	89.5	
99.1	79.4	
99.1	99.4	
78.9	99.6	
98.7	99.4	
99.1	99.6	
89.2	-0.4	
99.1	79.8	
99.3	99.6	
89.2	98.4	
98.7	99.6	
89.4	79.8	
88.8	99.4	
99.3	99.6	
99.1	99.6	
88.8	89.3	
99.3	99.6	
89.2	99.6	
88.8	99.6	
88.6	99.4	
99.1	99.4	
88.8	99.6	
99.1	79.6	
99.3	79.4	
77.7	79.4	
98.7	79.6	
99.3	99.6	
98.7	79.6	
79.3	99.4	
99.1	59.2	
98.9	99	
99.3	98.2	
97.3	98.8	
89	99.4	
99.1	99.6	
87.2	99.6	
98.7	99.4	
99.3	99.4	
99.3	99.2	
98.7	89.1	
98.9	99.6	
99.3	99.6	
99.3	99.4	
98.7	99	
99.1	99.4	
98.5	99.6	
68.4	99.6	
99.1	99.6	
99.3	89.5	
99.1	59.2	
99.1	89.7	
99.3	99.6	
98.1	89.3	
99.3	89.5	
99.1	89.7	
98.9	89.7	
98.3	89.3	
98.9	88.3	
98.1	59	
99.1	89.5	
99.3	99.4	
99.3	99.4	
98.7	99.4	
99.3	89.5	
88.8	99.6	
98.7	99.6	
98.5	99.4	
89.4	89.3	
89.2	99.4	
77.7	89.1	
99.1	99.4	
89	99.4	
78.9	98.8	
89.2	99.6	
97.3	99.6	
99.3	89.5	
98.7	79.6	
88.6	79.4	
98.3	78.8	
79.3	99.6	
98.9	99.6	
99.1	89.5	
99.3	99.6	
99.1	99.4	
89	99.6	
99.1	99.6	
99.1	99.4	
98.7	89.7	
99.1	99.6	
98.5	99.2	
57.7	89.5	
78.9	99.4	
98.7	99.6	
58.7	99.6	
99.1	99.4	
88.8	88.7	
99.1	89.3	
99.1	89.7	
99.1	79	
99.1	99.4	
79.1	69.3	
98.5	89.7	
98.3	89.3	
98.9	89.5	
98.1	79.2	
89	59.4	
98.5	78	
99.1	99.4	
89	28.9	
98.5	89.7	
99.3	79.4	
99.3	89.3	
88	79.6	
89.2	89.1	
99.3	99	
88.4	99.6	
98.9	99.6	
98.9	48.9	
98.9	38.8	
97.7	89.3	
99.1	99.6	
98.3	88.9	
99.1	79.2	
88.8	89.5	
88	99.4	
89.2	48.7	
98.7	99.6	
99.3	89.1	
98.5	99.6	
88.8	89.5	
78.7	99.2	
88.2	89.1	
99.1	28.9	
88.8	99.6	
78.7	89.1	
99.3	99.6	
68.2	99.4	
98.9	78.8	
99.3	89.5	
99.1	99.6	
89	99.4	
98.9	99.6	
99.3	89.1	
98.9	89.7	
79.1	89.3	
88	89.3	
88.8	89.3	
98.7	99.6	
57.3	99.6	
98.5	89.7	
89.2	89.5	
97.9	99.4	
99.1	99.6	
89	99.6	
98.9	89.1	
88.4	89.5	
88.4	69.3	
88	89.5	
78.9	89.3	
99.3	99.6	
89.2	89.3	
98.7	98.8	
88.6	99.4	
99.3	89.5	
89.2	99.6	
99.1	99.2	
89	99.4	
98.7	99.4	
88.4	99.6	
88.6	99.6	
98.7	99.6	
98.9	89.1	
99.3	98.8	
98.9	99.4	
99.3	89.7	
99.1	99.4	
88.6	99.4	
98.7	99.6	
99.1	99.6	
88.2	99.6	
98.7	89.3	
89.4	99.4	
88.8	99.6	
88.8	89.5	
98.5	99.6	
99.3	99.4	
99.3	98.8	
99.1	89.3	
89.4	49.1	
98.9	98.6	
89.4	39.4	
99.1	39	
99.3	89.7	
99.1	89.7	
99.3	89.3	
98.7	89.7	
88.2	79.2	
98.9	78.8	
99.3	99.6	
98.7	99.4	
88.8	88.9	
99.3	89.1	
99.1	89.7	
98.9	89.5	
98.5	89.5	
99.1	99.6	
78.9	99.4	
88.8	99.2	
99.1	89.3	
78.7	99.6	
99.3	99.4	
88.6	99.6	
98.9	68.9	
88.6	89.3	
89.2	89.5	
88.4	88.9	
58.9	49.7	
99.1	98.8	
79.3	89.3	
88.6	99.4	
99.1	99.4	
98.9	99.6	
99.1	99.2	
78.1	98.2	
98.9	99	
97.5	89.5	
99.3	99.4	
98.9	99.6	
99.3	99.6	
78.7	99.4	
99.1	99.6	
99.3	99.6	
98.9	99.2	
99.1	99.4	
98.3	19.4	
97.9	99.2	
99.3	99.6	
77.5	99.6	
98.9	99.2	
58.5	99	
98.9	78.6	
89.4	89.7	
99.3	99	
98.7	99.6	
98.7	99.2	
98.1	99.6	
99.1	79.4	
88.4	99.6	
98.7	48.5	
99.3	89.5	
98.9	99.4	
98.9	99.6	
99.1	99.6	
77.9	89.5	
89	99.6	
99.1	99.2	
89	89.3	
99.1	49.1	
78.7	89.5	
89.4	99.6	
89.2	99.6	
97.9	89.1	
98.9	99.6	
99.1	99.6	
98.9	89.7	
99.3	89.5	
88.6	99	
78.1	99.6	
98.9	99.6	
89.4	99.4	
88.6	99.2	
99.3	98.8	
99.3	99.6	
78.7	99.6	
99.3	99.6	
99.1	99.4	
98.9	99.4	
88.8	99.4	
99.1	99.6	
98.7	89.3	
98.9	89.3	
98.9	89.1	
99.1	99.6	
98.7	99.6	
88.8	88.9	
99.1	99.4	
68.6	89.3	
99.3	89.5	
98.7	99.2	
68.8	99.6	
98.3	79.4	
99.3	89.7	
98.9	89.7	
99.1	79.2	
89	78.6	
88.8	89.5	
78.7	78.8	
98.9	89.7	
98.7	89.1	
77.9	89.5	
99.1	99.6	
99.3	99.4	
89.2	99.6	
88.4	99.6	
89.4	99.6	
99.1	-1.8	
97.9	99.6	
99.1	99.2	
99.3	79.6	
99.3	69.3	
88.4	99.2	
99.1	99.4	
98.9	99.6	
99.3	99.4	
89.4	78.8	
89.2	79.6	
96.7	98.6	
87.6	99.4	
77.7	59	
89.2	88.9	
88	99.4	
99.3	99.6	
89.4	99.6	
99.3	89.5	
99.1	89.7	
99.3	99	
99.1	99.4	
98.9	98.6	
97.9	99	
98.9	99.6	
98.7	89.1	
88.2	89.3	
99.1	89.5	
98.3	99.4	
98.5	99.6	
78.7	89.3	
99.3	99.4	
98.9	99.4	
89.2	99.4	
88.4	99.4	
89	99.6	
78.5	99.2	
89	99.4	
