-4.7	-290.7	
98.5	-262.2	
42.4	-564.6	
77.3	-152.7	
97.3	-2	
87.4	39.6	
46	59.4	
99.1	49.5	
88	59.4	
77.3	8.7	
99.3	-82.2	
97.7	-31.9	
99.1	49.5	
89	53.9	
98.7	73.6	
88.4	75.4	
97.5	69.1	
78.3	65.9	
84.6	47.7	
97.1	76.2	
98.5	15.6	
98.9	53.4	
99.1	46.1	
99.1	53.2	
99.1	78.6	
98.7	35	
97.7	-49.8	
97.7	79.4	
99.3	-17.5	
97.5	32.8	
98.3	55	
98.9	69.7	
99.3	74.8	
98.5	69.1	
98.9	23.1	
88.4	87.9	
98.9	66.1	
98.5	-22.6	
89	69.1	
99.1	94.2	
99.3	40.5	
97.9	54.6	
88.6	88.1	
99.1	79.4	
98.3	-30	
98.9	35.8	
98.5	26.4	
99.1	53.3	
98.9	8.4	
99.1	72	
98.5	-39.9	
89.2	41	
99.1	77.4	
98.7	60.9	
98.3	50.8	
99.3	27.6	
99.3	88.1	
99.1	98.4	
99.1	80.5	
99.3	70.4	
79.1	66.2	
99.1	79.2	
98.7	67.3	
99.1	76.6	
99.1	78.6	
98.7	78.6	
89.2	89.5	
99.1	88.1	
99.3	89.3	
99.1	89.5	
78.5	79.6	
99.1	89.1	
99.3	76.2	
98.9	78.8	
87.8	86.1	
78.7	88.9	
89.2	79.4	
99.1	98.4	
99.1	89.5	
98.9	88.9	
99.3	87.9	
98.9	89.1	
99.1	88.7	
98.9	59.2	
99.3	89.5	
99.1	89.3	
89	89.1	
98.9	88.9	
99.3	88.3	
88.6	89.5	
88.8	59	
99.1	89.1	
99.3	89.3	
99.3	89.5	
99.1	89.5	
99.1	89.5	
99.3	69.3	
99.1	98.8	
99.3	89.5	
98.7	89.5	
98.5	89.5	
99.3	89.3	
99.3	89.5	
99.3	59.4	
89.2	99.2	
98.9	89.3	
99.3	79	
98.9	88.9	
98.7	89.5	
89	89.1	
99.3	89.3	
99.3	89.5	
99.3	89.5	
98.1	89.5	
98.9	88.9	
99.3	89.3	
88.2	69.5	
99.3	79	
99.1	89.5	
98.5	79.4	
99.1	89.5	
98.3	89.3	
99.1	89.5	
98.5	89.3	
99.1	69.5	
98.5	99.4	
98.9	99.2	
99.3	99.2	
89.2	99.4	
98.5	99	
98.9	99	
88.6	99.6	
98.5	99.6	
98.5	99.6	
99.1	99.4	
99.3	99.6	
88.8	99	
99.3	99.6	
98.9	99.4	
77.9	89.1	
99.3	99.6	
98.9	99.2	
98.5	99.6	
99.1	99.6	
99.1	89.5	
99.1	99.6	
99.1	99.2	
99.3	99.6	
99.3	99.6	
98.9	99.4	
99.3	99.6	
89.2	99.4	
98.9	99.6	
98.3	99.2	
98.9	99	
99.1	99.6	
98.9	99.2	
79.1	99.6	
98.9	99.6	
88.2	99.6	
99.3	99.4	
97.3	99.6	
98.9	69.5	
98.9	89.5	
89	99.2	
88	99.4	
99.1	99.4	
78.5	99.4	
89.2	99.2	
99.1	99.6	
88.6	99.6	
89	99.6	
99.3	89.3	
98.5	88.9	
99.1	99.6	
99.3	99.6	
98.5	89.5	
99.3	99.6	
99.3	99.4	
89.4	89.5	
88.8	99.6	
98.7	99.6	
98.7	99.6	
89.2	89.3	
99.3	99.4	
98.7	99.6	
97.7	99.4	
88.8	89.7	
99.1	99.6	
99.3	99.6	
98.9	99.6	
99.1	99.4	
99.1	89.3	
98.7	99.6	
99.1	99.6	
89.4	99.4	
99.1	99.2	
98.1	98.8	
99.3	99.6	
99.3	99.2	
99.1	89.7	
98.9	99	
99.1	98.8	
89.2	99.2	
99.3	99.4	
88.8	89.1	
99.3	99	
99.3	99.6	
98.9	99.6	
98.3	79	
88.6	99.4	
99.3	99	
89.4	89.7	
99.3	99.4	
88.8	99.2	
98.9	99.6	
98.9	99.6	
99.3	99.6	
88.2	79.4	
99.3	99.6	
99.3	99.4	
98.9	99.6	
99.3	99	
99.3	89.1	
98.9	79.4	
98.9	99	
89.2	99.6	
98.9	99.4	
99.3	99.4	
98.9	89.5	
99.1	89.5	
98.9	99.6	
89.2	99.6	
99.1	99.2	
99.1	99.4	
99.1	88.7	
99.3	99.4	
99.1	99.6	
89.4	99.4	
99.3	99.6	
98.1	79.2	
98.7	99.6	
98.7	89.3	
79.3	99.4	
98.7	99.6	
88.8	99.6	
98.9	99.6	
88.2	69.3	
99.3	99.6	
98.1	99.6	
99.1	99.4	
99.3	89.5	
58.9	99.2	
98.9	99.6	
88.4	99.6	
99.3	99.6	
89.4	99.6	
98.9	88.7	
99.1	99.4	
99.1	89.5	
99.1	99.6	
99.3	99.6	
99.3	99.4	
98.9	99.6	
89.2	99.2	
98.5	99.6	
98.5	99.6	
99.3	99	
99.3	89.3	
99.1	89.1	
99.3	99.4	
99.1	89.5	
89.4	99.6	
98.9	99.6	
89	99.6	
89	99.6	
88.2	99.6	
98.5	99.6	
99.3	99.6	
99.3	89.5	
89.2	88.9	
98.5	99.2	
89	99.4	
98.9	89.1	
99.3	99.4	
89.2	89.5	
98.7	89.3	
99.1	99.4	
98.7	99.4	
98.7	89.5	
98.5	88.9	
98.9	99.4	
98.9	99.6	
98.9	99	
88.8	99.4	
99.3	99.4	
99.1	99.6	
98.9	99.4	
99.1	89.1	
98.5	99.4	
98.7	89.5	
98.1	89.3	
98.9	88.7	
99.1	99.6	
89.4	99.6	
99.3	89.7	
99.1	99.2	
99.3	99.6	
89.2	99.2	
98.1	99.4	
99.3	99.2	
98.9	99.6	
89	89.1	
98.9	88.9	
98.9	79.4	
98.3	99.4	
88.6	99.4	
98.9	89.5	
99.3	99.6	
99.3	99	
89	98.8	
99.3	99	
99.1	99.6	
99.3	99.6	
99.1	89.5	
99.1	89.3	
88	99.4	
98.9	99.6	
99.1	89.3	
99.3	99.2	
98.9	99.6	
89.4	99.2	
98.7	99.6	
99.1	99.4	
99.3	99.6	
99.3	99.6	
98.9	99.6	
99.1	89.5	
99.3	49.3	
99.1	99.6	
99.1	99.4	
98.3	89.7	
98.5	69.1	
99.1	89.3	
98.7	99.6	
99.1	99.6	
99.1	88.7	
99.3	99.4	
98.9	99.6	
89.4	99.6	
88	99.2	
98.9	99.4	
99.3	99.6	
88.8	99.6	
99.3	99.6	
88	99.6	
67.6	99.6	
99.3	89.1	
99.3	99.2	
98.9	59.4	
88.6	99.4	
98.5	99.6	
99.1	89.5	
99.3	99.2	
99.3	79.2	
99.1	99	
98.5	99.6	
89	99.6	
99.3	99.4	
99.3	99.4	
89.2	99	
98.9	99.6	
99.1	99.4	
98.7	89.5	
99.3	99.4	
89.2	29.5	
89.2	99.6	
88.8	89.5	
98.9	99.6	
98.7	89.5	
88.8	99.4	
98.7	99.2	
97.9	99.2	
98.9	99.6	
99.1	99.6	
98.7	99	
98.9	99.4	
98.7	99.6	
98.3	69.3	
78.7	99.6	
99.3	79.4	
99.1	99.4	
89.2	99.4	
98.7	99.2	
98.9	78.8	
98.9	99.2	
89.4	99.6	
99.1	98.6	
88.6	89.5	
98.7	99.6	
89.4	89.7	
99.1	99.4	
99.3	98.8	
99.1	79.2	
99.1	99.4	
99.3	48.7	
98.7	99.6	
99.1	89.7	
99.3	99.4	
99.1	99.6	
99.1	49.7	
99.3	99.6	
98.9	99.2	
88.8	89.3	
88.6	99.6	
99.3	99	
99.3	99.2	
99.3	99.6	
98.7	99.6	
98.9	89.5	
98.9	99	
99.1	99	
89	99.4	
98.9	99.2	
98.7	89.5	
98.7	99.4	
99.3	99.6	
98.9	99.4	
99.1	89.7	
99.1	89.7	
88.8	99	
99.3	99.4	
99.1	99.6	
99.1	99.6	
98.5	99.6	
99.3	59	
98.9	99.4	
99.1	99.6	
98.5	99.4	
99.3	99.6	
98.9	99.4	
78.7	99.6	
98.7	99.6	
99.1	99.4	
98.7	99.6	
88.8	99.6	
99.3	88.1	
99.1	89.7	
99.3	99.6	
99.3	99.6	
98.7	99.6	
98.9	88.9	
99.1	99.6	
98.7	99.6	
98.9	89.3	
79.1	99.6	
89.2	99.6	
99.3	99.6	
98.5	89.7	
99.1	99.6	
89	99.4	
99.3	99.6	
98.9	89.3	
88.8	99.6	
99.3	99.6	
98.9	99.2	
99.1	89.5	
88.6	99.6	
79.3	99.6	
89.4	89.7	
99.1	99.6	
99.1	99.6	
98.9	99.6	
99.3	89.5	
98.3	99.4	
88.6	99.6	
99.1	99	
98.7	99.4	
98.7	99.6	
99.1	99.4	
99.1	99.6	
88.8	89.3	
98.5	99.4	
88.6	99	
89.2	89.3	
99.1	99.6	
99.3	99.6	
99.3	89.1	
99.3	99.6	
99.1	99.4	
99.3	48.7	
99.1	79.2	
98.9	99.6	
98.9	99.6	
98.9	99.6	
97.9	99.6	
99.1	79.2	
98.7	99.4	
88.8	99.4	
89.4	99.4	
