36.5	-41.8	
-8.9	-91.3	
23	49.3	
88.8	79.6	
86	69.7	
66.6	78.4	
87.6	79.2	
98.1	66.1	
88.2	46.9	
97.5	78.6	
97.7	99.4	
87.6	88.5	
68.8	85.7	
68.4	88.3	
99.1	99.6	
98.1	-11.1	
98.3	99.4	
76.1	48.3	
89.2	79.4	
86.6	99.4	
99.3	79.2	
98.3	99.4	
89.2	69.7	
88	99.6	
97.3	68.9	
75.3	99.6	
78.1	79.6	
74.5	89.3	
98.9	89.7	
98.3	89.5	
99.3	67.7	
89	79.2	
98.9	78.6	
68.2	99.4	
99.1	99.6	
98.5	99.6	
99.1	98.4	
98.9	99.2	
99.1	79.4	
98.9	8.7	
89.2	99.6	
98.1	88.3	
67	99.4	
87.8	89.1	
88.6	99	
87.6	99.6	
98.3	19.2	
98.7	99.6	
99.3	89.1	
98.9	99.6	
99.1	29.3	
99.1	99.4	
88.2	88.9	
98.7	69.1	
99.3	49.3	
97.5	99.4	
99.1	79	
98.9	79	
99.3	99	
99.1	99.2	
99.1	89.1	
79.1	99.6	
98.7	89.5	
98.7	99.4	
98.1	99.4	
79.1	99.6	
68.4	99.4	
88	99.6	
77.5	99.6	
87.8	89.7	
88.4	99.6	
78.3	99.4	
77.9	99.2	
98.5	79.4	
98.3	99.6	
68.8	79.2	
76.9	99.6	
89	89.5	
89.4	88.9	
89	88.7	
79.1	89.5	
98.5	99.4	
89	99.4	
88.6	99.6	
98.7	8.9	
98.7	99.4	
99.1	99.6	
98.7	88.3	
97.9	89.1	
99.1	99.6	
99.3	88.3	
99.3	99.6	
88.2	99.2	
98.9	99.2	
89.4	87.9	
77.9	79.2	
99.1	89.1	
98.3	78.6	
78.3	89.1	
98.3	89.3	
99.1	99.6	
99.3	99.4	
88	99.4	
78.9	89.5	
99.1	99.4	
87.6	99.6	
98.5	78.2	
99.1	78.8	
99.3	49.7	
99.1	79.4	
99.1	79.6	
88	99.4	
88.2	99.4	
98.7	69.7	
99.1	89.3	
98.7	79.8	
98.7	-12.7	
78.3	99.6	
98.9	99.4	
98.1	98.8	
98.7	99.4	
98.9	99.6	
79.3	38.4	
98.5	89.5	
99.1	49.1	
88	99	
89.2	99.6	
99.3	99.6	
98.5	99.2	
88.6	89.7	
99.3	98.4	
68.4	99.6	
99.1	98.6	
58.1	99.6	
98.5	99.4	
77.5	99.6	
98.9	99.6	
89.2	99.4	
98.1	99.6	
98.3	99.6	
88.6	99.6	
88.6	99.6	
88.4	89.3	
98.9	79.4	
99.1	89.5	
99.3	79.2	
99.1	89.5	
98.7	89.5	
88.4	89.7	
67.6	99.2	
99.1	99.6	
99.1	89.5	
97.7	89.7	
68.8	99.6	
45	99.4	
88.8	59.4	
78.7	99.4	
99.1	58	
89.2	99.4	
88.8	99.4	
98.9	88.7	
97.7	99.6	
99.1	99.2	
98.5	79.8	
88.8	99.6	
88.6	79	
99.1	89.7	
89	79	
88.8	89.5	
98.5	99.6	
98.5	99.6	
99.3	89.7	
99.1	59.2	
88.8	88.9	
78.7	99.6	
98.7	99.2	
88.8	99.4	
89	99.6	
78.9	79.4	
89.2	39.6	
98.7	89.3	
98.7	99.6	
97.9	99.6	
88.8	99.6	
77.3	89.7	
67	69.5	
99.1	99.4	
98.5	89.5	
58.5	99.6	
99.1	99.6	
98.9	99.4	
99.3	79	
78.1	99.4	
99.1	99.4	
88.8	99.6	
69.2	89.5	
77.9	99.4	
99.3	68.5	
89	99.4	
78.7	99.2	
98.9	59	
97.9	49.5	
98.3	89.1	
98.9	79.2	
89.4	99.4	
98.3	99.4	
56.7	99	
89.4	99.2	
89	99.6	
89	99.6	
98.9	88.7	
87.4	99.6	
88	89.5	
79.3	68.5	
88.2	99.6	
98.7	79.6	
86.6	79.6	
88.6	99	
87	89.5	
88.6	89.7	
76.3	89.5	
98.5	89.5	
89.2	99.6	
89.2	99.6	
98.7	99.4	
99.1	99.4	
88.8	98.2	
89	99	
98.5	79	
99.3	88.9	
89	69.1	
99.3	79.2	
99.3	99.2	
78.9	89.1	
88.8	78.6	
88.2	99	
99.1	79.4	
88.8	79	
96.3	99	
98.9	89.5	
88.8	99.4	
79.1	89.1	
87.6	79.6	
89.2	58.6	
89.4	89.5	
98.1	89.5	
79.3	99.6	
68.6	99.6	
58.7	99.2	
88.2	99.6	
99.3	99.6	
99.1	89.5	
98.5	99.6	
98.5	89.3	
77.9	99.4	
77.7	99.2	
98.5	79.6	
88.8	99.6	
88.2	79.8	
99.1	89.3	
98.9	89.1	
98.9	99.4	
99.3	89.1	
79.3	99.4	
66.4	99	
87.8	49.7	
98.9	98.6	
88.8	99.6	
99.1	99.2	
89.2	49.3	
97.1	89.3	
99.1	99.6	
78.1	99.6	
98.9	99	
89.2	99.2	
89	88.9	
98.5	99.4	
98.7	69.7	
98.9	89.5	
98.7	89.7	
86.8	99.6	
89	99.6	
99.1	69.5	
87.8	99.2	
89.2	98.4	
78.9	99.6	
98.7	69.3	
99.3	59.2	
88.6	89.5	
99.3	89.3	
98.1	98.8	
89.2	89.7	
68	99.4	
99.3	89.5	
89	99.6	
98.7	99.6	
98.9	99.4	
88.6	79.8	
99.1	99.6	
97.7	99.6	
88.6	48.9	
99.3	99.6	
89.4	89.3	
87.4	99.6	
98.7	99.2	
99.1	99.4	
98.5	98.8	
98.9	99.6	
99.3	88.7	
98.3	99.2	
88.8	99.2	
99.3	48.7	
98.1	89.3	
78.9	99.6	
99.3	88.9	
99.1	69.1	
99.3	99.6	
89	99.6	
98.9	49.7	
99.3	99.4	
89.2	89.3	
98.5	99	
98.7	88.5	
58.5	99.6	
89.4	98.8	
99.1	78.4	
99.1	89.5	
99.1	99.4	
78.1	99.2	
99.3	79.6	
68.6	89.5	
88.6	99.6	
88	99.2	
78.7	99.6	
99.1	79.8	
88.6	99.6	
78.3	59.4	
78.7	79.4	
89.2	98.8	
87.6	59.4	
99.1	69.7	
99.3	99.4	
99.3	89.7	
77.3	89.7	
89.2	99.4	
98.9	99.6	
98.9	89.7	
98.5	99.4	
98.5	99.4	
99.3	29.1	
98.3	99.6	
89	99.4	
79.1	79.6	
77.7	98.8	
88.6	99.6	
99.1	99.4	
99.1	88.9	
98.7	99.6	
48.6	89.5	
79.3	89.5	
88.2	99.2	
68.4	89.7	
99.1	99.6	
99.1	89.7	
99.3	99	
98.9	89.7	
88.6	19.4	
98.5	99.6	
78.1	69.3	
68.6	79.8	
89.2	99.6	
99.3	79.6	
98.1	89.3	
97.3	99.6	
88.4	89.5	
78.7	99.2	
89.2	99.4	
98.9	99.6	
88.6	89.5	
35.9	78.8	
99.3	89.7	
98.9	99.4	
98.1	99.4	
98.9	89.3	
78.7	49.1	
88.6	99.6	
88.6	69.3	
98.5	99.4	
78.9	98.6	
89	89.7	
89	99.6	
89.2	99.6	
99.3	99.4	
98.7	99.4	
98.5	99.6	
99.1	89.5	
57.3	89.7	
99.1	99.2	
99.1	99.6	
89	98.6	
57.9	99	
98.9	49.5	
89	89.5	
88	99.2	
87.4	79.6	
99.3	99.4	
99.1	89.1	
99.3	79.8	
98.9	99.6	
98.5	89.1	
86.8	99	
25.8	69.1	
79.5	99.4	
99.1	99.4	
98.7	99.6	
99.1	59.2	
57.3	99.4	
99.3	99	
98.7	99.4	
97.7	99.4	
98.7	99.4	
99.3	99.4	
58.7	99.6	
89	78.6	
99.3	89.1	
77.5	99.6	
69	99.6	
97.7	99.4	
89	99.6	
98.7	99.6	
88.4	89.5	
87.8	99.2	
67.2	89.7	
99.1	69.1	
79.3	79.4	
98.5	99.6	
98.9	79.6	
46.6	99.2	
99.1	98.6	
78.1	99.4	
89	78.6	
78.9	99.6	
97.9	99.4	
98.1	39.2	
98.3	99.6	
98.7	99.6	
99.1	79.8	
99.1	99.4	
98.9	99.2	
99.3	89.7	
87.8	99.4	
78.7	99.6	
98.3	99.6	
99.1	68.9	
99.3	99.6	
98.3	99.6	
98.3	98.8	
99.3	99.6	
89	99.2	
99.1	79.4	
99.1	99.6	
88.6	99	
99.1	99.4	
78.9	89.1	
79.1	79.6	
89.4	89.3	
98.7	8.1	
98.3	79.4	
89.4	99.6	
89.4	99.6	
88.2	89.1	
88.2	89.5	
76.7	89.5	
99.3	89.1	
78.5	99.6	
88.2	79.6	
98.9	18.8	
99.3	98.6	
98.9	99.4	
99.1	99.4	
97.1	99	
99.1	99.4	
87.8	89.7	
78.5	89.5	
99.1	99.2	
79.1	99.6	
99.3	89.3	
98.5	89.3	
99.1	89.1	
99.3	89.1	
98.9	99.2	
98.3	99.6	
98.7	99	
99.1	99.6	
89	58.2	
98.9	79.4	
89	99.4	
98.9	89.3	
68	39.2	
99.1	99.6	
