-4.7	-122.8	
85.6	-114.1	
87	58.8	
74.3	8.1	
66	89.5	
97.5	95	
98.3	38.8	
87.4	8.9	
58.1	79	
89	37.8	
31.7	98	
26.8	99.6	
25.8	99.2	
75.1	89.5	
67	89.3	
89	-21.4	
77.9	-63	
97.5	67.1	
72.3	99	
98.7	99.4	
76.7	98.4	
87.4	99.4	
87.6	99.4	
98.3	89.1	
89.4	99.2	
77.7	89.1	
98.9	69.3	
88	99	
99.1	89.3	
99.3	89.5	
99.1	99.4	
78.3	99.6	
97.5	89.5	
78.7	99.4	
98.7	58.6	
78.9	99.4	
88.6	77.4	
99.1	39	
89	79.4	
88	79.8	
78.1	99.2	
64.6	99.6	
77.3	47.3	
36.5	99	
58.3	99.6	
97.1	18.8	
89	98.8	
98.1	99.2	
97.9	79.4	
68	69.1	
88.6	99.6	
97.5	99.6	
98.7	99.4	
87.2	89.5	
68.6	89.3	
88.8	99	
99.3	99	
99.3	49.1	
47	99.6	
89.2	59.2	
67.2	88.9	
75.3	89.5	
98.1	79.2	
89.2	69.5	
47.8	18.4	
98.5	99.2	
88.2	98.6	
99.3	89.1	
98.7	68.5	
99.3	99.6	
99.3	79.2	
78.9	99.6	
89	89.7	
99.1	89.1	
99.1	99.2	
98.3	99.6	
98.9	48.7	
78.7	79.4	
68.2	99	
78.1	99.2	
68.2	77.4	
98.3	88.7	
78.7	89.3	
86.6	47.3	
87.8	29.1	
89.2	89.3	
88.6	88.9	
76.9	99.4	
87.8	98.6	
78.7	89.5	
77.3	89.3	
78.3	68.3	
67.4	78.8	
56.3	88.3	
78.1	99	
99.3	89.1	
78.7	-11.5	
96.7	89.3	
98.9	89.1	
97.5	89.3	
98.1	99.4	
67	68.7	
88.2	99.2	
26	79	
66.4	69.5	
67.4	99.6	
99.3	79	
98.7	99	
98.9	99.4	
87.8	79.8	
89.2	99.4	
89.2	89.5	
88.8	99.6	
88.6	99.6	
68.4	99	
88.6	88.9	
55.5	99.2	
89.2	69.5	
96.9	89.3	
98.7	88.9	
78.5	99.6	
89	79.8	
78.1	89.7	
88.8	89.5	
98.5	79.2	
98.9	89.1	
68.4	68.9	
88	79	
65.4	98.4	
-19.4	68.5	
78.1	89.5	
77.7	99.6	
87.8	89.1	
88	99.6	
58.5	99.6	
98.7	28.9	
88	59.6	
89	98.8	
96.9	89.3	
97.9	79.2	
78.7	79.8	
89.2	89.7	
98.7	99.4	
89	99	
88.2	99.6	
78.5	48.5	
89	48.5	
78.7	98.8	
88.8	99.4	
98.3	99.6	
85.4	99.2	
99.1	99.4	
98.5	89.7	
79.5	69.7	
66.2	99.2	
98.7	99.4	
98.3	98.8	
98.1	98.4	
98.3	99.6	
25.6	39	
98.3	99.6	
98.9	89.5	
78.5	59.2	
88.2	99.6	
88.4	88.3	
98.1	58.4	
88.8	99.6	
98.5	88.3	
88.8	89.5	
67.6	17.4	
88.4	99.4	
87	99.4	
89	99.6	
77.3	99	
98.5	99.2	
78.3	78.6	
99.1	99.4	
77.9	79.6	
77.3	99.4	
87.2	68.5	
79.3	98.6	
98.1	99.6	
88.6	99.2	
98.1	89.1	
87.8	79.4	
78.5	99.2	
68.8	99.6	
87.8	89.7	
97.9	39.4	
88.8	99	
79.1	99	
98.5	99.6	
36.7	99.6	
88.4	88.7	
77.3	99.2	
78.5	89.3	
48.2	79	
87.8	28.1	
78.1	99	
79.1	99.2	
88.8	17.2	
87.4	89.5	
89.4	89.7	
67.2	99.4	
78.7	89.5	
99.1	89.3	
78.3	89.7	
98.1	99.2	
77.3	89.7	
88.6	79.8	
35.7	99.6	
89.2	49.1	
67	89.3	
99.3	99.6	
45.6	-0.6	
88.2	-0.8	
98.1	68.7	
97.9	-73.5	
77.3	99.4	
57.1	58.6	
98.7	57.2	
88.2	89.5	
99.3	79	
88.4	99.2	
98.3	89.3	
78.5	68.9	
88.6	89.3	
88.6	9.5	
78.9	48.3	
79.1	99.6	
98.9	99.4	
89.2	89.5	
69	89.5	
89.4	79.2	
68.2	49.1	
89.2	99.4	
98.1	99.4	
77.9	88.5	
88	99.6	
89	98.4	
88.2	99.2	
88.4	99.6	
69.2	99.2	
88.2	99.6	
99.1	99.6	
99.1	89.7	
89.4	99.6	
98.3	27.3	
78.1	88.9	
27.8	99.4	
98.1	48.1	
-89.3	69.1	
76.7	88.9	
68.6	99.2	
99.3	89.5	
89.2	99.6	
98.9	99.4	
88.8	99.6	
89.2	99.2	
89	99.6	
99.1	88.9	
88.8	99.6	
99.3	99.2	
78.3	68.9	
88.4	99.6	
86.8	99.6	
89	99.4	
78.5	99.4	
77.7	99.6	
98.5	79.8	
46.8	99.4	
98.5	89.7	
87.8	99.6	
99.3	79.6	
78.1	69.7	
68.4	88.9	
65	99.6	
58.1	99	
87.8	98.8	
88.6	28.9	
98.5	89.5	
99.1	99.4	
79.1	39.2	
57.3	79	
89.4	88.9	
68.2	99.2	
76.9	89.5	
86.6	89.5	
88.8	79	
57.7	99.6	
98.7	69.1	
79.5	99.6	
97.3	69.5	
77.9	79.6	
98.1	99.6	
69.2	98.8	
88	99.2	
98.7	79.2	
98.5	79.4	
98.9	58	
78.1	88.3	
78.3	38.8	
77.3	99.6	
89.2	89.3	
89.2	99.6	
89.2	89.1	
98.1	99.4	
98.3	89.5	
88.8	99.6	
98.5	79.6	
88.2	99.6	
98.7	99.2	
78.9	89.7	
88.6	79.6	
79.3	79.4	
98.5	89.1	
88.6	89.5	
67.6	78.2	
97.7	99.4	
98.5	99.6	
68.4	89.1	
98.7	99	
89	99.4	
89.4	99.4	
97.7	99.6	
89	89.5	
57.5	78.8	
98.7	99.6	
98.3	49.1	
98.9	99.6	
98.1	78.6	
88.2	89.1	
98.7	99	
88.4	59.2	
98.3	99.2	
89	89.5	
89.4	79.4	
88.8	99.6	
89.2	99.4	
16.5	8.3	
89	88.7	
99.1	68.9	
78.3	89.3	
58.9	99.6	
88.8	99.2	
98.3	99.2	
87.8	89.5	
88.6	89.1	
68.4	99.4	
98.3	89.7	
89.2	98.4	
77.9	98.8	
98.9	79.2	
99.1	18.8	
88.2	89.3	
78.3	99.6	
97.7	69.1	
68.4	88.9	
97.1	89.7	
77.1	79.6	
89.2	39	
67.4	89.1	
99.3	99.6	
66.8	89.5	
98.9	89.5	
98.9	-42.2	
77.3	68.9	
99.1	59.4	
68.8	89.1	
88.4	99.2	
89	99.4	
77.9	99.6	
89.2	99.6	
89	99.6	
67.8	99.6	
56.9	78.8	
97.5	68.7	
98.7	89.3	
89.2	99.6	
98.9	79.6	
89.2	89.3	
77.5	79.2	
99.1	99.6	
98.7	89.1	
98.9	79	
97.3	99.6	
36.1	69.5	
47.6	89.5	
89	89.3	
76.9	99	
89.2	99.4	
68.4	98.8	
98.9	89.5	
98.5	89.7	
77.5	99.4	
87.2	99.4	
88.8	88.5	
98.9	99	
48.2	99.4	
75.9	89.5	
98.5	88.9	
67.8	89.7	
75.7	99.4	
87.2	89.7	
98.3	99	
98.5	79.6	
98.9	99.6	
99.3	88.7	
89.2	68.7	
87	79.4	
98.3	89.3	
99.3	39.6	
98.9	89.1	
67.2	89.5	
97.7	39	
88	99.4	
87.6	58.6	
57.7	79.8	
98.7	99.6	
88	98.6	
98.1	49.7	
67	28.1	
88.6	58.4	
97.9	99.6	
78.3	79.4	
98.5	99.6	
99.1	99.6	
88.8	89.5	
98.9	98.6	
98.5	79.4	
98.5	89.5	
98.9	99.4	
77.7	49.3	
98.1	99.4	
98.9	99.6	
66.2	59	
98.5	79.6	
89	98.2	
28.2	89.7	
99.1	99.4	
67.6	99.4	
46.6	99	
89.2	98.6	
78.3	89.7	
89	99.2	
99.1	99.4	
99.3	99.4	
89	99.4	
67.4	89.5	
98.9	99	
75.9	99	
88.8	98.4	
97.5	49.5	
87	99	
67.8	99.2	
97.9	99.4	
99.1	89.3	
98.9	79	
88.4	88.5	
87.8	88.9	
98.5	89.5	
78.3	99.4	
78.1	39.4	
68.6	89.5	
98.5	99	
48.8	89.7	
48.4	89.3	
78.3	79.4	
57.5	99.4	
79.1	69.7	
47.2	88.9	
79.1	99.6	
58.3	99.6	
77.7	69.3	
78.5	59.8	
78.5	98.4	
88.8	79.8	
85.4	89.3	
98.7	79	
98.5	88.9	
58.7	98.8	
98.5	89.5	
98.5	89.1	
98.3	89.7	
98.9	89.5	
88	79.4	
98.5	89.1	
78.9	58.2	
89.2	59.2	
87.2	99.4	
88	79.2	
77.7	79.6	
76.3	49.1	
77.5	69.1	
57.5	99.4	
98.9	58.4	
79.1	99.6	
99.1	88.5	
97.9	79.4	
87.4	99.4	
