57.9	78.6	
89.4	79.4	
55.9	-59.9	
87.2	77.8	
78.5	7.5	
-4.6	-52.7	
96.5	18.4	
93.7	99.6	
67	99.4	
78.1	89.3	
84.4	89.3	
85.8	99.4	
89	69.1	
67.6	79	
14.6	38	
87	99.6	
84	99.6	
99.1	97.4	
97.9	49.7	
88.4	28.5	
87	89.1	
97.5	99.6	
78.3	99.4	
98.7	98.6	
99.3	98.6	
77.7	99.4	
68.2	99.2	
68	59.4	
88.8	99.4	
99.3	59.6	
88.6	99.4	
98.7	99.4	
77.7	99.2	
89.4	99.6	
58.3	89.7	
85.8	79.2	
88.8	99.4	
88	38.4	
87.4	28.5	
74.9	89.1	
99.1	-3	
36.3	99.6	
98.7	89.5	
76.5	99.6	
88	78.4	
98.9	99.6	
97.5	58.6	
89	88.7	
88.6	99.4	
46.2	99.4	
88	99.6	
88	38.4	
88	78.4	
98.5	99.2	
89	99.6	
89	99.6	
75.9	68.7	
78.3	99.6	
87.8	99.2	
68.8	69.3	
89.2	78.8	
87.2	88.7	
98.7	99.2	
89	88.9	
78.3	99.6	
77.7	68.9	
68.8	79.4	
99.1	98.8	
99.1	69.7	
98.9	59.4	
87.8	99.2	
98.3	98.8	
98.3	88.9	
68.6	68.5	
98.5	-1.2	
98.9	59.6	
99.3	78.8	
66.8	79.4	
98.7	99.6	
98.3	89.7	
67.8	99.6	
69.4	79.6	
97.7	88.7	
89	59.4	
99.1	67.5	
98.7	18.6	
88.8	99.6	
98.7	99.6	
68.2	88.9	
98.9	79.8	
98.3	99.2	
88.6	89.1	
97.9	99.4	
88.4	88.9	
77.3	79.4	
88.8	38.8	
88	88.9	
99.1	99	
88.4	99.2	
88.2	99.4	
57.5	99.6	
99.3	99.4	
77.7	69.7	
89.4	99.2	
98.7	89.5	
78.1	69.7	
98.7	98.4	
98.9	99.6	
78.9	99.2	
99.1	89.5	
99.1	88.7	
78.9	88.3	
88	89.5	
67.8	99.6	
89	99.6	
87.6	58	
77.9	99.6	
88.6	89.3	
97.5	38.4	
98.9	48.5	
98.9	98.8	
89.2	79.6	
78.3	69.7	
89	99.4	
99.3	79.4	
89.4	99.6	
88.8	58	
79.3	89.5	
79.3	87.5	
78.7	69.3	
78.5	48.3	
88.4	98.6	
98.7	89.3	
89.2	58.2	
98.7	99.4	
98.7	99.6	
97.7	99.6	
99.1	99.6	
88.6	99.4	
98.7	89.7	
89.4	89.5	
99.3	99.4	
99.3	99.6	
98.7	69.5	
98.7	88.9	
67	99.6	
89	89.5	
98.9	59.2	
88	79.6	
89	79.8	
98.9	69.1	
78.7	67.9	
69	89.1	
87.4	99.2	
85.8	89.5	
98.9	89.3	
88.6	99.2	
98.9	39.4	
46	19.2	
99.3	69.1	
89	98.8	
98.9	-41.2	
97.9	99.6	
79.1	99.2	
88.2	99.6	
98.7	99.6	
89.2	89.3	
98.9	69.3	
98.9	78.6	
98.7	99.4	
98.1	89.3	
88.8	99.6	
98.7	99.6	
88.4	89.5	
88.4	68.9	
66.4	99.6	
88.2	99.6	
77.1	79	
89.4	59	
98.5	88.7	
88.8	78.8	
58.7	99.6	
98.3	88.9	
78.9	99.6	
58.1	89.7	
66.8	89.3	
89	99	
97.9	99.6	
96.7	99.6	
98.5	79	
78.5	99.6	
88.8	99.4	
98.7	99.6	
98.7	89.1	
98.9	79.2	
99.1	99.4	
88.8	79.6	
98.5	49.3	
67.4	59.2	
89.2	89.1	
98.3	99.4	
88.2	68.1	
88.4	99.6	
88	88.5	
97.1	99.2	
76.3	99.2	
78.5	69.3	
97.9	79.4	
99.1	89.5	
78.9	99.4	
87.4	89.3	
77.7	89.5	
99.1	28.9	
88.8	99.6	
87.6	79	
89.2	89.1	
89.2	99.4	
89.4	69.3	
89.4	79.2	
57.5	58.8	
98.9	89.3	
99.3	79	
99.1	59.6	
68.2	99.4	
98.5	78.2	
99.3	99.4	
77.1	99.4	
89.2	99.4	
67	28.7	
98.3	48.5	
86.4	49.1	
88.2	89.3	
99.3	99	
67.2	99.6	
88.8	87.7	
89.2	99.4	
88.8	78.6	
78.5	89.3	
98.7	99.6	
89	69.7	
77.5	59.2	
68.4	99.4	
99.1	89.3	
85.8	79.6	
78.1	88.7	
89.2	89.3	
89	98.4	
98.3	78.8	
87.6	99.2	
98.3	99.2	
57.1	98.8	
89.2	68.7	
98.7	99.4	
89	89.3	
88.8	99.2	
87.8	99.2	
88.8	99.4	
87.2	99.6	
88	79.8	
98.9	99.2	
88.4	89.1	
99.1	78.8	
88.8	79	
98.7	99.6	
88	69.3	
78.5	49.3	
98.7	88.7	
79.1	99.6	
98.9	49.3	
98.5	99.6	
99.3	59.6	
89	79.8	
98.7	99.2	
89	99.4	
68.4	89.3	
98.9	89.3	
98.9	89.3	
98.7	88.7	
88.6	99.6	
98.5	99.6	
97.9	18.4	
66.2	89.5	
99.3	98.6	
77.5	99.2	
89.2	89.7	
87.6	79.4	
68.6	89.3	
68	99.4	
96.9	18.6	
97.7	88.9	
77.3	99	
88.6	89.3	
79.1	99.6	
89.2	99.2	
98.5	89.3	
98.1	89.5	
99.3	99.2	
89	19	
68	89.1	
98.5	99.2	
88.8	99.2	
99.3	99.2	
89	99.4	
79.5	99.6	
98.9	87.9	
57.9	99.6	
13.3	89.3	
98.5	69.5	
79.3	99.6	
77.1	88.7	
85.6	89.3	
87.8	48.7	
96.3	99.2	
88.6	99.6	
88	89.3	
87.2	59.4	
78.1	98.8	
78.9	78	
88.6	89.3	
99.1	99.4	
88.6	88.9	
98.1	89.5	
78.5	89.7	
88.8	78.6	
89.4	99.4	
69	88.7	
55.5	89.5	
98.5	38.8	
89	88.9	
89	79.2	
89.4	79.4	
73.9	88.9	
78.5	28.9	
88.4	49.5	
88.4	99	
98.5	99.6	
88.6	99.6	
78.1	99.4	
98.7	99.2	
79.1	57.2	
88.4	19.6	
98.9	99.6	
78.5	98.8	
88.8	49.3	
97.3	59.6	
68.2	89.5	
99.1	99.6	
87.8	89.5	
79.3	-2.4	
88.2	99.6	
98.9	79.2	
88	89.7	
99.1	89.3	
98.5	98.2	
88.8	49.3	
35.1	79.8	
78.5	89.7	
89.4	99.2	
79.1	89.7	
48.4	99.6	
68.8	69.3	
97.7	79.2	
75.1	99.4	
98.5	99.4	
88.8	89.5	
77.9	99.6	
96.7	79.2	
98.5	99.4	
99.1	79.4	
57.7	99.4	
89.2	79.6	
89	68.5	
77.3	99.6	
88.4	89.7	
98.5	98.8	
78.9	68.7	
98.5	99.6	
87.6	89.5	
57.3	89.3	
88.6	99.6	
98.5	89.3	
88.8	68.5	
97.9	99.6	
67.4	69.5	
98.9	98.8	
79.1	79.6	
67.2	79.4	
99.1	99.4	
78.9	88.9	
89.2	79.6	
98.5	99.6	
99.1	89.1	
88	99.6	
98.7	89.7	
89.4	99.4	
99.1	99.4	
88	99.6	
88.6	99.4	
77.7	89.1	
97.3	99.2	
98.1	99.2	
78.5	79.6	
78.3	99.2	
98.5	89.7	
89.2	99.6	
98.9	99.2	
79.1	18.4	
77.5	99.6	
98.5	89.5	
76.7	99.6	
88.6	79.6	
97.9	89.3	
99.3	99.6	
89	99	
98.5	89.5	
97.7	89.3	
89.4	69.5	
99.3	79.6	
88	89.5	
88.6	68.5	
89	77.4	
98.7	78.6	
97.9	89.7	
99.1	88.7	
98.7	59	
88.8	99.4	
68.6	99.4	
67	99.4	
78.7	98.8	
67.8	99.6	
98.9	99.4	
98.9	59	
89	88.9	
97.5	99.4	
88.6	79.2	
97.7	78.6	
98.3	88.5	
78.5	79.8	
88.2	89.7	
88	79.8	
88.8	59.6	
78.1	79	
98.9	99.6	
88.6	79.4	
88.8	99.6	
79.1	89.5	
89	68.9	
87.6	99.4	
88.8	99.6	
89.2	89.5	
78.5	89.5	
46.6	99.6	
78.9	99	
25	99.6	
67.2	99.4	
78.7	99.4	
98.7	89.7	
88.6	78.2	
88.2	79.8	
78.7	88.3	
57.1	89.3	
57.7	99.6	
78.5	99.4	
77.7	79.6	
99.1	68.7	
67.8	99.4	
88.6	89.5	
88.2	49.5	
64.2	89.3	
78.1	79.2	
97.7	99.4	
56.7	68.9	
88.8	99.4	
76.5	99.6	
76.7	69.3	
87.2	78.8	
98.9	99.4	
99.1	39.2	
53.7	89.3	
87.4	89.5	
65.4	89.3	
57.1	89.7	
86.4	99.6	
86	99.6	
98.7	8.9	
69	99.4	
89.2	98.8	
98.5	99.4	
75.7	99.6	
89	89.7	
55.9	79.2	
79.1	99.2	
98.7	99.6	
88.6	99.4	
67.4	99.6	
88.4	89.5	
69	99.6	
89.4	99.6	
87.2	89.7	
97.9	99.6	
