47.2	56.4	
63.8	8.3	
88.2	65.5	
98.1	66.3	
89	56.2	
98.5	-31.3	
99.3	73.8	
99.1	99.6	
88.6	89.3	
98.7	97.4	
99.1	99.4	
99.1	59	
98.3	99.6	
99.3	99.4	
89	99.6	
99.1	99	
99.1	99.4	
98.9	99.4	
89.2	99.6	
79.3	99.6	
98.3	99.4	
99.3	99.2	
98.9	99.6	
99.3	98.6	
77.7	99.2	
89	99.6	
97.9	99.6	
78.7	-20.6	
77.9	88.9	
99.1	88.9	
98.1	79.4	
99.3	99.6	
99.1	99.6	
89.4	99.4	
88.8	99.2	
86.8	99.6	
95.5	99.4	
98.9	88.9	
87.6	78.4	
98.5	99.6	
98.9	89.5	
99.3	99.6	
98.7	98.8	
89.4	99.6	
87.4	99.6	
89	89.3	
99.1	99.2	
98.9	99.6	
88.8	98.8	
99.3	99.2	
99.1	38.2	
98.9	98.8	
88.4	99.4	
88.4	98.2	
98.9	99.6	
98.9	99.4	
88.8	89.5	
98.5	99.6	
98.1	99.2	
97.7	99.6	
88.8	99.4	
88.8	88.7	
89	99.6	
88.6	99.4	
98.7	99.6	
98.9	58.4	
98.1	89.3	
88	99.4	
99.1	99.6	
98.7	99.4	
96.9	99.2	
99.3	99.6	
96.5	79.2	
99.3	99.6	
99.3	89.3	
99.1	99.6	
99.3	99.2	
99.1	99.4	
87.8	99.6	
88.8	99.4	
99.3	69.1	
98.9	99.6	
99.1	99.6	
98.9	99.4	
98.9	99.6	
98.3	98.8	
99.1	99.6	
98.9	99.4	
89.2	89.3	
99.3	99.4	
99.1	99.4	
99.3	89.3	
99.1	99.6	
99.3	99.4	
89.4	99.4	
99.1	99.6	
99.1	79.2	
88.8	99.4	
99.3	99.6	
98.9	89.3	
78.9	99.4	
99.3	99.6	
98.9	99.6	
99.1	99.6	
99.1	99.6	
98.9	99.4	
99.1	99.4	
99.1	99.6	
99.1	99.6	
88.8	99.6	
78.5	99.6	
99.1	99.4	
98.7	99	
88.4	99.4	
98.7	99.6	
99.3	89.5	
98.7	99.6	
89.2	89.5	
98.9	79.4	
89	79.4	
99.1	99	
99.3	99.4	
99.3	99.6	
99.1	99.6	
98.5	99.6	
89.4	99.4	
99.3	99.4	
89.2	99.6	
87.8	99.6	
99.1	99.6	
79.1	99.6	
89	89.1	
88.2	89.1	
87.8	99.6	
98.9	99.6	
98.9	99.6	
99.1	89.1	
89	99.4	
98.7	88.9	
89.2	89.5	
99.1	99.6	
99.1	99.2	
99.1	8.7	
89.2	89.5	
88.6	99.6	
88.8	89.3	
96.9	99.4	
98.9	88.9	
99.3	99.6	
98.7	99.4	
78.9	99.6	
98.3	89.5	
99.3	99.6	
99.3	99.4	
89.4	99.2	
99.1	99.6	
99.3	99.2	
99.1	89.5	
98.9	99.6	
98.5	99.6	
98.9	99.2	
99.3	98.6	
98.9	99.6	
99.3	99.2	
99.3	99.4	
98.9	99.4	
98.3	99.6	
88.6	88.9	
99.3	99.6	
99.3	98.8	
98.7	99.6	
89.2	99.6	
99.3	88.9	
99.1	99.6	
88.2	89.3	
99.1	99.6	
99.3	99.4	
98.7	89.5	
79.3	99	
88.6	89.3	
88.8	99.4	
88.2	99.6	
99.1	99.6	
88	99.4	
98.7	99.4	
98.9	99.6	
89.4	79.2	
98.3	99.6	
89.2	89.1	
79.1	99.6	
99.1	59.4	
98.7	99.6	
98.9	99.4	
89.2	99.4	
88.8	99.6	
98.3	99.6	
98.5	99.4	
89.2	79	
99.1	89.3	
99.1	99.4	
89.2	99.4	
98.9	99.6	
99.1	99.6	
97.7	99.6	
68.6	89.5	
77.7	99.4	
98.3	99.2	
88.6	89.1	
99.1	89.5	
79.1	99.6	
98.3	99.4	
99.1	68.7	
98.9	99.6	
99.3	99.2	
98.3	99.6	
98.3	99.4	
99.3	99.6	
78.3	69.1	
99.3	99.6	
98.9	99.4	
88.4	99.6	
99.1	99.2	
87.8	89.5	
88.4	89.5	
87.4	99.6	
99.3	99.6	
89.2	99	
99.1	99.6	
99.3	89.3	
98.7	99.6	
99.3	99.4	
78.9	99.6	
99.1	79.2	
88	89.5	
98.9	99.6	
77.3	99.6	
99.1	99.6	
98.3	89.3	
99.1	99.4	
98.9	99.6	
99.1	99.6	
98.9	99.6	
98.9	99.2	
99.1	89.1	
98.9	99.6	
99.3	99.6	
99.1	99.4	
79.1	99.2	
98.5	99.6	
98.5	99.6	
99.3	99.6	
98.7	89.5	
99.3	99.6	
98.9	99.6	
99.1	99.6	
79.3	99.6	
98.5	99.4	
87.8	99	
98.9	79.2	
98.9	99.4	
99.3	99.4	
99.3	99.4	
89.4	78.8	
98.9	99.4	
98.1	99.4	
88.6	99.6	
98.5	99.4	
99.3	89.3	
99.3	99.6	
99.1	99.6	
98.7	88.5	
98.7	78.4	
78.9	99.6	
98.3	99.6	
98.7	99.6	
89	99.6	
99.1	79.4	
89	99.6	
99.3	59.2	
98.9	99.4	
79.3	99.2	
98.5	99.6	
99.3	99.6	
68.6	79.4	
98.9	79.6	
88.8	99.6	
78.9	99.2	
98.9	99.2	
98.9	89.5	
89	99.6	
99.3	99.2	
87.6	99.6	
99.3	99.6	
88.4	89.5	
99.1	99.6	
99.1	99.4	
98.5	99.6	
99.3	99.4	
88.2	99	
98.5	99.2	
98.9	99.2	
98.7	99.6	
98.3	79.4	
98.9	99.4	
79.5	99.2	
88.6	99.6	
88.6	99.6	
88.8	89.5	
88.6	89.3	
99.3	99.2	
89.2	99.4	
88.4	99.2	
99.1	99.6	
88.4	99.6	
98.3	99.6	
89	99.6	
89.2	99.4	
99.3	89.5	
89	88.9	
88.8	99.6	
89	99.6	
99.3	99.6	
88.6	89.7	
98.9	99.6	
98.7	99.4	
99.3	99.6	
88.4	99.6	
98.5	99.6	
99.1	89.3	
99.1	89.7	
89	68.9	
88.8	99.6	
99.1	99.6	
99.3	99	
98.7	99.6	
99.3	99.6	
89.2	99.2	
99.3	99.6	
99.1	99.6	
98.3	99.6	
99.1	99.6	
98.5	99.4	
98.9	99.6	
99.3	79.4	
98.9	99.6	
89.2	99.6	
99.3	99.6	
98.5	79	
99.3	99.6	
98.7	99.6	
99.1	99.6	
99.3	99.6	
88.4	79.2	
98.7	79.6	
98.7	99.4	
99.3	99.2	
79.3	99.2	
99.3	99.2	
99.3	99.4	
98.9	99.6	
99.1	99.4	
88.6	99.2	
87.8	99.6	
99.1	99.6	
98.3	99.6	
99.1	99.4	
77.9	99.6	
98.9	99.6	
99.1	99.4	
98.9	98.8	
59.1	99.2	
98.7	99.6	
98.5	89.3	
99.3	89.5	
99.1	99.6	
98.9	99.6	
98.1	99.6	
89.4	99.4	
99.1	89.3	
99.1	99.4	
98.3	99.2	
99.3	99.6	
99.1	99.4	
99.3	99.6	
78.5	99	
98.9	99.4	
97.7	99.6	
98.9	99.6	
68.8	99.6	
98.3	99.6	
98.9	99.4	
99.3	99.6	
98.5	99.6	
99.3	79.6	
99.3	59.4	
99.3	99	
99.3	99.6	
88.4	89.7	
99.1	79.4	
99.3	99.6	
99.1	99	
99.3	99.4	
98.9	99.6	
99.1	99.2	
99.3	99.2	
88.8	99.6	
98.7	99.6	
99.1	98.8	
98.3	89.1	
79.1	99.2	
88.6	79.6	
98.9	99.4	
67.2	99.4	
88.6	88.9	
98.7	78.8	
99.1	99.6	
99.1	99.6	
98.5	99.6	
98.7	79.6	
98.9	99.4	
89	99.6	
99.3	58.4	
98.5	89.5	
89	69.5	
98.5	99.2	
87.4	99.6	
98.7	99.6	
99.1	99.6	
88.4	99.6	
99.3	99.6	
99.1	99.6	
89.2	99.4	
87.6	99.6	
99.3	99.2	
99.3	99.6	
88.8	99.6	
99.1	99.2	
99.3	99.6	
98.7	99.6	
58.7	99.6	
89.2	99.4	
99.1	99.6	
77.7	99.6	
87.2	99.6	
99.3	99.4	
99.1	99.6	
98.5	99.4	
88.4	99.6	
89.2	89.5	
99.1	99.6	
78.5	99.6	
99.1	89.5	
98.7	99.6	
89	28.9	
89	99.6	
88.8	99.6	
99.1	98.8	
99.3	99.6	
69.4	28.5	
98.9	99.4	
99.1	99.4	
99.1	99.6	
98.7	99	
99.3	99.2	
99.3	99.6	
98.9	99.4	
88.6	99.4	
89.2	99.6	
98.7	99.4	
89.2	99.2	
88.6	89.5	
89	78.4	
88.2	99.6	
98.3	99.6	
98.7	89.5	
99.1	99.4	
99.1	99.6	
89.2	99.6	
98.9	99.2	
98.1	99.2	
98.9	89.7	
89	99.6	
99.3	99.6	
99.3	48.7	
99.1	99.6	
98.9	99.6	
89.2	99.6	
99.1	99.2	
98.9	89.3	
99.3	99.6	
98.9	99.6	
98.5	99.6	
89.2	79.4	
98.1	99.2	
99.1	79.6	
88	98.8	
99.1	99.6	
88.8	89.1	
68.2	99.6	
98.9	99.2	
