66.8	28.9	
13.7	-71.3	
79.1	-11.5	
47.4	-304.6	
67.8	47.7	
98.1	88.7	
96.1	96.6	
87.8	-93.1	
89.2	77.4	
87.6	37.8	
67.2	-11.3	
53.3	85.7	
67.4	-12.1	
76.3	39.4	
75.9	-21.6	
98.9	99.4	
98.7	99.6	
87.8	28.5	
98.5	99.6	
77.9	-81.4	
46.6	35.8	
26.8	-13.1	
96.9	-113.7	
77.9	82.3	
88.8	79.2	
78.5	87.3	
89.2	96.6	
98.7	78.2	
89	77.8	
47.2	-1.2	
67.8	98.6	
76.5	98.4	
88.6	-2.4	
87.8	89.1	
54.3	88.5	
95.1	99.4	
88.4	38.8	
79.3	89.5	
97.1	99.6	
79.1	99.6	
98.9	69.1	
88	68.5	
77.5	78.6	
96.5	68.9	
97.9	69.1	
98.5	58.8	
87.4	88.9	
98.3	99.4	
96.9	99.6	
93.7	99.6	
66.4	89.7	
87.6	99.4	
78.7	89.5	
89	89.3	
87.6	78.8	
89.4	67.7	
85.2	89.3	
67.8	69.3	
45.8	99.2	
49.5	99.2	
88.8	98.8	
87.2	99.4	
76.9	89.3	
98.7	48.3	
67.6	99.6	
77.1	99.6	
89.2	89.5	
77.5	99.4	
89.2	88.3	
47.6	99.2	
98.1	78.4	
86.8	89.7	
89	89.3	
78.5	99.6	
76.9	99.6	
98.3	99.6	
93.7	89.5	
98.5	99.6	
94.9	99.4	
55.9	98	
58.7	-0.6	
40.6	99.4	
98.9	99.6	
98.9	88.5	
87.2	79.8	
89	99.6	
54.7	19	
89	99.6	
97.5	99.4	
98.9	98.6	
65.8	88.7	
77.1	79.4	
77.7	88.7	
68.4	99.4	
68	99.6	
98.9	99.6	
97.7	38.2	
78.7	69.5	
88.6	89.7	
87.6	49.1	
89.4	69.3	
89.2	99.6	
87	49.3	
98.3	38.6	
98.5	59.2	
89	29.1	
98.1	79.4	
99.1	99.4	
87.8	79.2	
78.9	99.4	
89	88.9	
86.4	89.3	
98.9	99.6	
98.1	-1.2	
77.7	88.9	
88.8	99.2	
98.1	99.4	
98.9	48.9	
79.1	89.1	
79.3	99.4	
88.6	89.1	
88.8	79.4	
36.1	89.5	
67.8	99.4	
97.5	99.2	
87.4	89.5	
75.5	89.3	
77.7	89.5	
86.8	89.1	
78.9	99.6	
98.1	79.2	
98.7	89.5	
46.8	79.6	
98.7	68.9	
89.2	89.1	
86.2	99.6	
77.9	99.4	
98.7	99.4	
88.8	88.9	
88.8	58.8	
66.6	98.8	
88.8	87.9	
77.9	99.4	
98.5	99.6	
98.9	89.3	
65.4	89.5	
87.8	99.6	
89.2	89.1	
86.4	88.7	
54.9	99.4	
68.4	99.2	
79.3	89.3	
98.7	99.4	
99.3	99.4	
98.5	48.9	
78.9	79.6	
88	89.5	
77.9	99.4	
98.5	89.5	
98.5	99.2	
97.7	98.4	
48	9.1	
97.3	99	
65.8	89.5	
98.5	47.9	
98.5	79.2	
76.7	99.2	
58.9	59	
34.3	79	
87.8	89.5	
88.4	89.7	
78.1	79.4	
97.5	79.2	
77.7	89.3	
77.5	88.9	
48.4	99.4	
98.9	78.8	
98.5	79.8	
98.5	88.5	
77.5	89.1	
98.3	89.3	
77.1	69.7	
99.1	99.6	
78.1	99.2	
78.7	99.6	
98.5	88.9	
97.3	89.1	
77.5	89.1	
87.4	89.5	
98.9	98.8	
77.3	-20.6	
98.9	89.3	
56.5	98.4	
97.7	79.4	
96.5	98.6	
77.5	69.1	
98.9	39.4	
86.8	99.6	
78.3	99.6	
88.8	99.6	
68	69.5	
57.1	68.9	
78.5	99	
77.9	99	
57.3	89.3	
98.1	79.8	
88.2	99.2	
57.3	99.4	
89.4	99.6	
56.1	98.8	
97.3	88.1	
88	98.6	
98.5	79.6	
88	59	
99.1	8.3	
98.9	99.2	
89.2	99	
67.6	99.4	
98.7	89.7	
98.3	99.6	
87	79.8	
25.8	98.4	
98.9	79.2	
88.4	79.2	
98.3	89.7	
87.8	88.9	
68	78.6	
66.8	99	
89.2	99.6	
88	79.8	
96.5	57.2	
89.4	99.6	
98.9	59.2	
98.3	39.2	
78.9	78.8	
88.4	79.6	
88.4	99.6	
89	68.9	
88.6	99.6	
98.5	98.6	
67.2	89.5	
88	78	
88	78.6	
77.1	99.6	
55.7	99.4	
67.6	39.2	
87.2	89.5	
68.2	99.4	
98.3	99.4	
99.3	99.4	
88.6	78.6	
97.9	58.6	
98.9	88.9	
89.4	79	
77.7	39.2	
87.8	99.6	
78.1	-1.2	
77.7	98.8	
78.3	99.6	
88	88.9	
88	99.2	
97.3	89.5	
78.5	99.2	
68	59.2	
88.8	99.2	
78.9	99.6	
56.7	99.2	
45.8	99.2	
98.1	59.4	
79.3	59	
89.2	99.6	
98.9	99.6	
69.2	99.6	
77.5	98.6	
99.1	79.4	
89	88.9	
99.1	99.6	
99.1	79.2	
67.8	79.6	
88.4	79.4	
79.5	99.4	
98.1	99	
88.8	89.7	
87.6	69.7	
79.1	99.4	
88.2	78.6	
79.1	99.2	
57.5	79	
97.9	99.6	
78.9	-10.9	
88.8	98.6	
75.9	99	
99.1	89.5	
97.7	99.6	
89	79	
36.1	79	
77.1	59.4	
78.3	78.8	
68.2	99	
64.6	59	
66.8	49.3	
98.9	89.7	
47.6	99.6	
88.8	78.8	
99.3	79.8	
89	99.4	
26	88.9	
87.4	99.6	
78.7	89.1	
79.1	99.6	
76.7	79	
69	89.7	
98.9	89.5	
99.1	78.6	
58.1	89.5	
76.7	99.6	
88.4	89.3	
47.6	69.1	
98.7	99.6	
89	89.1	
11.7	78.6	
89	89.1	
99.1	99.6	
98.9	89.5	
78.3	99.4	
78.9	58.4	
87.4	89.1	
65	9.1	
88.2	69.1	
87.8	79.8	
85.6	99.6	
68	29.1	
98.5	88.9	
88.8	-20.8	
98.7	78.6	
98.9	89.1	
89.2	89.3	
99.1	99.4	
99.3	99.6	
57.5	59.6	
68.8	88.9	
68.6	97.8	
88.8	78.8	
66.2	89.1	
88.6	88.9	
98.7	99.4	
74.5	89.7	
98.9	99.2	
88.6	99.6	
66.2	99.6	
78.9	99.6	
88.6	78.8	
88	79.2	
88.2	99.4	
89.4	99.4	
98.3	99.6	
78.1	99.2	
79.3	88.3	
79.1	89.5	
98.7	88.9	
86.4	99.4	
89.2	99.4	
99.1	78	
78.1	99.6	
88.4	89.1	
67.6	99	
98.3	99.4	
98.9	89.7	
97.9	79.2	
68	99.6	
78.9	89.3	
89.4	58.4	
77.7	99.2	
68.4	69.7	
78.7	89.7	
57.9	49.3	
99.1	89.3	
78.5	89.1	
99.3	99.6	
78.7	99.2	
98.5	68.3	
88	98.6	
97.9	79.4	
89.2	89.1	
89	89.1	
88.8	59.2	
99.3	89.1	
87.8	99.6	
59.1	39.2	
87.4	98.8	
88.8	89.3	
67.6	89.5	
99.1	99.6	
57.9	89.3	
78.3	99.6	
99.1	78.6	
88.8	99.4	
99.1	89.5	
77.9	79.6	
99.1	99.6	
98.7	99.4	
57.5	99.6	
56.1	89.3	
79.1	48.9	
-18.4	88.9	
98.5	46.9	
88.2	99.6	
97.9	99.6	
87.6	79.2	
87.2	79	
68.6	88.5	
88	89.5	
99.3	89.1	
98.9	99.6	
98.7	99.4	
67.6	89.5	
87.8	99.4	
79.3	89.3	
99.3	79.2	
98.7	88.9	
99.3	99.6	
77.3	99.2	
88.4	99.6	
99.1	79.4	
77.5	-20.8	
78.7	99.6	
99.1	98	
67.6	99.6	
78.7	59.2	
99.3	79	
98.9	88.9	
98.9	99.6	
75.5	79.2	
99.1	59.6	
88.4	99.6	
98.9	59.2	
47.2	79.4	
17.9	99.4	
78.5	99.6	
98.9	99.2	
88.6	99.4	
87.2	69.7	
97.9	99.6	
98.1	59.6	
68.4	69.1	
98.9	99.6	
78.7	89.3	
97.9	99.2	
98.7	58.2	
98.3	99.2	
98.1	79.2	
99.1	89.1	
37.1	99.6	
88.6	59.4	
76.9	48.7	
88.8	48.1	
57.9	68.5	
97.9	99.2	
88.4	99.4	
88.8	68.9	
89.4	87.9	
99.1	99.6	
88	98.4	
98.9	98.8	
78.1	99.4	
97.3	99.2	
78.9	8.7	
89.2	99.2	
88.2	79.8	
79.1	99.4	
98.9	79.6	
88.6	79.4	
98.1	79.2	
79.1	88.7	
88.8	89.1	
99.1	88.9	
98.9	89.3	
98.9	98.4	
97.5	48.3	
96.5	99.6	
78.7	89.7	
77.5	69.5	
98.3	18.6	
98.5	98.4	
98.7	49.1	
89	78.2	
88	79.4	
78.3	98.8	
77.1	89.5	
98.9	99.2	
78.7	99	
98.5	98.8	
77.5	99.4	
88.2	99	
58.7	89.7	
87.8	-1.4	
98.9	99.4	
97.9	69.3	
47.8	99.4	
99.1	79.2	
