36.9	-10.5	
5.4	79	
99.1	38.6	
99.1	27.3	
45.6	76.2	
57.5	48.3	
-7.9	99.2	
65.6	67.7	
15.1	58.4	
22.4	99.4	
46.2	36	
76.7	69.1	
87.4	99.6	
78.7	99.6	
89.2	59.2	
4.8	79	
97.5	99.2	
98.9	79.2	
88.6	99.6	
86.2	99.4	
98.3	99.6	
99.1	99.4	
89.2	99.4	
97.3	89.3	
78.9	99.4	
99.1	99.2	
78.7	99.6	
88.6	88.9	
98.7	99.6	
78.7	78.8	
89	99.4	
89	99.4	
99.1	89.5	
89.4	99.6	
89.2	99.2	
78.9	99.6	
87.6	79	
56.9	99.6	
97.1	99.4	
68	99.4	
98.5	98.6	
99.3	57.4	
99.1	67.1	
89	99.2	
89.2	69.5	
88.6	99.4	
87.6	99.4	
98.5	79	
98.3	99.6	
78.5	58.8	
98.9	79.2	
88.8	79.4	
88.8	89.1	
89.4	99	
99.3	88.7	
78.7	98.4	
89	99.6	
78.1	89.1	
89.2	88.5	
87	99.6	
98.5	48.5	
99.3	89.3	
99.3	99.6	
89.2	89.1	
88.6	99	
78.5	-10.7	
88	78.2	
68.8	88.7	
89.2	49.7	
89.2	99.6	
89.2	99.4	
89.2	99.6	
88.4	99.2	
98.9	79.6	
88.2	79.6	
88.2	99.4	
68.2	99.4	
99.1	69.3	
88.8	48.9	
97.5	99	
88.8	99.4	
57.5	89.5	
98.3	79.2	
88.6	98.8	
98.7	59.6	
98.9	99.6	
56.9	49.3	
88.4	57.6	
78.1	88.7	
98.9	19.6	
88.8	98.6	
98.7	99.4	
78.9	99.6	
79.1	89.5	
68.6	77.8	
96.7	99.6	
55.3	99.6	
88.8	89.1	
67.8	89.3	
98.1	99.2	
55.9	99.6	
98.1	88.9	
99.1	99.4	
98.3	99	
99.3	89.1	
99.1	89.5	
75.5	89.5	
89.2	99.6	
88	99.4	
89.2	69.7	
98.7	18.6	
98.5	68.9	
98.1	88.1	
69.2	69.7	
89.2	89.7	
78.5	89.3	
98.5	69.3	
89.4	58	
68.8	89.7	
68.4	89.5	
98.7	89.5	
79.1	-11.3	
88.6	99.6	
87.8	99.4	
76.7	99	
79.1	99.2	
48.6	78.4	
89	99.4	
88.8	88.9	
77.5	59.4	
69	69.5	
79.3	99.2	
17.7	89.7	
98.9	99.4	
28	99.4	
89.2	59	
68.4	99.4	
89.2	99.4	
99.1	89.3	
96.7	89.3	
98.3	99	
98.9	89.3	
98.3	89.3	
88.2	99.4	
97.9	89.3	
88.2	99.6	
87.6	89.1	
89.2	69.5	
88	59.6	
35.9	79.2	
99.1	68.9	
88.2	99.2	
65.8	89.1	
94.1	58.8	
98.1	89.7	
88.8	79.2	
76.9	69.7	
87.8	99.6	
99.1	79.2	
89.4	48.3	
68.6	89.5	
1	48.9	
57.1	8.7	
87.2	99.6	
76.9	69.1	
88.8	28.9	
89	99.6	
64.4	99.4	
88.8	89.1	
88.8	89.3	
87.4	79.8	
87.8	99.4	
89.2	89.1	
88.4	99.6	
73.7	59.2	
65.6	89.7	
98.1	99.6	
96.9	79.6	
89.2	99.6	
88.6	99.6	
77.9	99.4	
88	89.5	
56.1	99.6	
78.7	99.4	
98.9	89.7	
89	89.5	
78.7	99.6	
99.1	89.3	
98.9	99.2	
69	98.6	
65.2	99.6	
99.1	69.7	
89	98.8	
88.8	68.5	
97.3	99.6	
89.2	89.3	
98.9	98.6	
88.8	99.6	
89.4	89.5	
68	59.2	
74.9	99.4	
58.3	99.6	
67.8	38.6	
87.6	99.6	
97.7	99.4	
87	59.2	
77.9	99.4	
67.4	69.3	
98.1	89.7	
98.9	99	
78.5	99.6	
89	89.3	
97.3	99.4	
97.7	99.4	
97.7	99.4	
67	39.6	
78.9	69.5	
95.9	89.3	
98.5	89.3	
88.8	69.3	
97.9	89.7	
98.9	68.9	
88.8	39.6	
88.8	79.4	
78.5	89.7	
88.8	89.7	
99.1	99.6	
97.3	98.6	
86.8	79.8	
78.7	88.9	
99.3	89.3	
79.1	48.5	
98.3	89.3	
69	69.3	
89.4	99.6	
68.6	99.6	
87.4	89.3	
47.6	99.6	
88.8	99.6	
89.2	49.5	
68.8	69.7	
65.8	89.3	
97.3	99.4	
88	49.7	
78.5	99.6	
85.4	79.4	
97.9	99.6	
89	99	
76.1	69.5	
68.6	59.4	
99.1	99.6	
89	29.7	
78.5	99	
88.4	89.1	
97.5	-0.6	
98.9	99.2	
99.3	99.6	
98.9	99.4	
88.4	79.4	
78.7	89.1	
98.1	99.6	
87	89.5	
89	99	
78.1	59.6	
89	99.6	
88.4	58.6	
78.3	79.2	
88.8	89.3	
89	99.6	
78.1	99.4	
57.1	99.4	
87	88.5	
97.5	99.6	
88	88.7	
68.2	99.6	
56.9	99.4	
99.3	99.4	
88.6	99.2	
88	79	
98.5	99.2	
99.3	88.9	
77.9	89.7	
89.2	78.4	
99.1	79.8	
77.5	99.6	
88.8	79.8	
69	98.6	
97.7	99	
98.7	99.6	
88.8	89.5	
86.8	99.6	
88.4	89.3	
89	49.1	
89	89.7	
86.8	99.6	
57.7	79.4	
89	69.3	
98.9	99.2	
88.4	79.2	
77.7	78.8	
78.9	89.5	
28.2	99.6	
89	79	
58.9	-11.3	
97.3	99.4	
98.7	69.3	
98.9	99.2	
99.3	99.4	
98.9	99.6	
89	59.4	
88.6	99.4	
68.6	79.4	
99.1	79.8	
98.9	89.3	
98.3	98.4	
88.8	79.4	
56.5	99.6	
87.6	99.6	
87.8	99.6	
79.1	49.1	
25.4	89.3	
78.7	99.6	
89.4	89.3	
88.6	69.3	
86.6	99	
88.8	99.4	
68.6	-21	
66.4	99.6	
88.4	79.2	
97.9	89.1	
99.1	98.8	
88.8	89.5	
87.6	99	
98.9	79.6	
98.5	99.6	
88.6	99.6	
87	99.6	
97.7	99.6	
98.9	87.7	
68.2	99.6	
88	69.1	
89.2	99.6	
76.1	99	
99.3	78.6	
87.8	99.4	
97.9	69.1	
67	58.8	
67	99.2	
67.8	99.4	
68	89.5	
78.7	68.9	
98.9	69.3	
78.5	59	
66.6	99.4	
99.1	99.4	
98.1	99.4	
87.2	99.4	
99.3	89.7	
78.9	89.7	
79.1	99.6	
99.3	49.5	
79.3	8.7	
87.8	69.5	
77.7	-30.7	
98.7	99.6	
89	89.3	
88.4	79.4	
59.1	28.7	
98.1	49.5	
89.2	99.4	
89.4	99.6	
89.2	99	
98.7	79.4	
89.4	56.4	
89.2	49.1	
77.1	89.5	
58.5	99.2	
79.3	99.6	
69	99.6	
78.9	79.6	
98.7	89.5	
79.1	89.3	
98.5	99	
78.7	99.6	
68.2	89.3	
26.4	99.6	
97.9	79.2	
97.9	69.7	
79.3	79.4	
88	79	
69.2	89.5	
89	78.8	
88.8	99.2	
87	79.2	
99.3	98.8	
79.1	59.8	
47.4	99.6	
87.4	89.7	
98.7	99.6	
89.2	99.6	
98.9	29.3	
98.9	19.6	
78.3	89.7	
88.2	79.2	
67	68.9	
98.7	99.4	
88.8	89.1	
99.3	79.2	
98.7	99.4	
99.1	89.7	
77.9	88.3	
87.2	69.7	
77.9	99.2	
97.7	99.2	
98.9	99.6	
88.6	69.5	
34.1	89.3	
88	99.4	
87.4	89.5	
78.3	79.4	
66.4	99.4	
88.6	89.7	
99.1	8.5	
76.9	68.7	
76.5	-20.8	
89.2	68.3	
78.7	99.6	
98.3	99.6	
36.1	88.7	
99.1	88.9	
88.4	99.6	
98.7	68.7	
98.7	68.7	
98.1	79	
47.8	78.6	
77.1	88.9	
98.3	99.2	
88.2	99.4	
97.7	99.6	
69.2	79.2	
88.4	79.6	
77.3	59.6	
86.4	58.2	
99.3	99	
78.7	89.1	
89.2	99.6	
97.5	99.4	
98.9	79.2	
77.7	99.4	
77.5	99	
35.5	88.9	
68.6	89.1	
78.3	99.4	
88.2	79	
57.5	99.6	
76.1	89.5	
77.5	89.5	
77.9	88.9	
88.8	78.6	
99.3	89.3	
88.6	99.4	
99.3	89.5	
88.8	78.2	
88.4	49.3	
26.2	99.4	
89.2	89.7	
87.6	79.2	
99.1	99	
77.7	99.6	
35.5	99.6	
98.9	89.3	
99.3	78.6	
89.4	88.9	
98.9	98.4	
75.5	99.4	
65.4	99	
78.5	99.2	
99.1	89.5	
89	-11.1	
87.6	88.9	
98.9	99.6	
87.4	78.8	
89.2	99.4	
98.7	99.6	
67.4	99.4	
78.7	99.6	
89.2	78.8	
78.1	99.6	
98.9	89.5	
89.4	99.6	
89.2	99.6	
78.3	99.6	
37.9	99.6	
77.5	89.5	
88.8	9.5	
88.2	78.4	
20.4	58.4	
88.6	58.4	
87.2	99.6	
98.1	99.6	
