46	-160.6	
58.1	-553.3	
45.4	-351.3	
86.6	29.3	
74.5	-162.8	
77.5	-151.3	
96.1	-144	
97.5	27.7	
68.2	-4.6	
67.2	89.5	
99.1	79.4	
78.5	48.7	
98.1	69.3	
97.3	48.9	
67.4	49.1	
87.4	38.8	
98.3	89.1	
88.8	49.5	
99.3	79.4	
96.7	69.5	
98.9	89.3	
98.7	18.4	
89	88.7	
98.5	49.3	
87.4	-41.2	
98.9	89.1	
99.1	68.3	
99.1	67.7	
99.1	-11.1	
98.9	89.3	
78.3	88.9	
98.9	49.3	
98.9	69.1	
99.3	59.2	
88	79.4	
98.9	47.5	
99.3	14.6	
76.7	83.7	
98.7	66.5	
98.9	78	
88.6	47.5	
76.1	48.1	
87.6	68.7	
78.9	89.3	
99.1	76.2	
98.9	88.7	
99.3	67.5	
89.4	86.1	
99.3	77	
88.8	88.5	
99.1	88.1	
98.9	6.5	
98.5	58.4	
79.3	61.9	
78.5	5.9	
98.9	76.2	
98.7	87.1	
98.9	88.9	
98.9	47.7	
99.1	81.5	
97.3	79.2	
98.1	78.4	
97.7	58	
99.3	39	
89	68.5	
95.1	89.5	
88.4	59.5	
98.7	41.1	
96.1	68.2	
97.7	87.1	
79.3	95.2	
97.7	68.6	
89	75.7	
88.4	99.2	
88.6	13.2	
98.9	82.1	
98.7	38.7	
98.5	75.4	
95.5	33.4	
87.4	76	
89	60.9	
99.1	47.3	
92.1	88.7	
87.4	88.7	
85	58.6	
86.4	79.7	
97.1	46.9	
99.1	49.1	
98.5	49.5	
78.1	83.7	
99.1	67.7	
98.5	68.9	
98.7	78.6	
88.4	69.7	
88.6	59.4	
98.3	77	
95.5	87.9	
86.6	99.4	
72.5	88.7	
87.4	59.2	
88.8	79	
63.8	88.7	
88.4	89.5	
98.3	79.2	
98.7	99.4	
95.1	99.4	
94.3	79.4	
98.3	38.6	
95.7	89.5	
98.9	89.3	
98.3	89.1	
85.2	59	
88.6	99.2	
99.1	88.7	
96.7	99	
89.2	79.4	
87.8	98.8	
98.9	69.1	
99.3	78.8	
98.9	79.4	
99.1	89.3	
79.3	77.6	
79.1	78.2	
98.3	49.1	
88.6	59	
88.4	89.5	
99.1	89.3	
99.3	89.3	
85	69.3	
98.9	68.9	
96.7	79.4	
98.9	79	
97.5	88.3	
99.1	69.5	
98.5	69.1	
99.3	89.5	
98.9	49.1	
99.1	89.5	
97.5	89.3	
98.7	98.6	
98.9	89.3	
89.2	69.3	
89.2	99.2	
89	79.2	
99.3	79.6	
99.3	88.9	
99.3	89.5	
98.5	68.7	
98.9	88.7	
89.4	89.5	
98.7	89.3	
99.3	89.3	
99.1	89.1	
98.5	89.3	
98.9	89.5	
99.1	88.3	
99.1	89.3	
98.9	69.1	
98.9	47.7	
99.3	69.1	
99.1	99	
99.3	89.1	
99.3	78	
99.1	89.5	
99.3	89.3	
99.3	88.7	
98.9	69.5	
99.3	69.1	
89.2	89.3	
99.1	48.9	
98.5	79.4	
78.7	89.3	
89	99.4	
98.5	89.5	
89	78.6	
99.1	88.9	
98.7	89.3	
99.3	99.4	
99.1	89.3	
98.9	89.5	
99.3	89.1	
99.1	79.2	
99.1	69.5	
99.3	79.4	
99.1	99.4	
99.1	89.5	
98.9	99.4	
98.9	79.2	
88.2	59.6	
89	69.5	
87.2	79.2	
78.9	79.4	
99.3	99.4	
98.3	99.4	
98.9	49.1	
98.9	79.4	
99.3	99.6	
98.9	99.4	
99.3	99.6	
97.7	39	
88.6	99.6	
99.3	99.6	
99.3	99.4	
98.9	99.6	
99.3	99.2	
89	99.6	
99.1	99.4	
98.7	99.4	
98.7	98.4	
99.3	99.6	
99.3	89.5	
79.1	99	
99.1	99.4	
99.3	99.6	
99.3	99.6	
98.9	99.4	
89.2	99.4	
99.1	99.4	
98.9	99.6	
99.3	99.4	
98.3	99.6	
99.1	89.3	
88.8	99.6	
98.7	78.8	
99.1	99.2	
78.5	89.3	
99.1	99.6	
99.1	99.2	
99.1	99.6	
89	89.5	
98.3	89.3	
98.7	99.4	
88.8	99.6	
98.7	88.9	
98.5	99.4	
57.3	99.6	
89	99.6	
98.7	89.1	
98.5	99.2	
98.9	99.4	
99.1	79	
99.1	79.6	
96.5	99.4	
98.5	99.4	
98.7	98.8	
99.1	99.4	
79.3	79.2	
98.7	99.4	
99.3	99.6	
98.9	99.6	
98.7	99.4	
88.4	89.3	
98.7	99.2	
89.4	89.5	
99.1	99.2	
98.9	79.4	
98.9	99.6	
88.4	99	
99.3	89.3	
99.3	99.6	
99.1	89.3	
99.1	99.4	
89.2	99.4	
99.1	69.5	
98.9	99.6	
99.3	49.1	
99.1	49.1	
98.7	78.6	
99.1	99.6	
99.3	78.2	
98.7	88.9	
99.3	89.1	
99.1	99.2	
99.3	99.6	
99.1	99.2	
89	99.4	
98.7	79.2	
98.7	99	
98.5	89.3	
98.5	78.8	
99.1	79.4	
98.9	99.6	
99.1	79.4	
98.9	99.2	
98.1	99.6	
88.8	88.9	
99.1	99.6	
99.3	99.4	
98.9	99.4	
99.1	88.9	
98.9	89.1	
98.9	99.4	
98.9	99.4	
99.3	88.7	
99.3	99.6	
99.1	99.2	
88.8	99.6	
98.7	69.7	
99.3	99.4	
98.7	89.5	
99.3	69.5	
98.9	88.9	
98.9	99.6	
99.1	99.6	
99.1	89.5	
99.1	99.6	
89	99.2	
99.1	59	
99.1	99.4	
99.1	99.6	
78.3	99.4	
98.9	99.2	
78.9	79.4	
99.3	69.1	
98.7	99.4	
99.1	88.9	
78.5	89.1	
99.3	99.6	
99.3	99.2	
99.3	88.5	
99.3	88.5	
98.9	99.2	
98.1	99.6	
88.8	99.6	
98.9	99.6	
99.1	99.4	
88.8	68.7	
89	99.6	
98.3	99.6	
69.2	78.6	
79.3	99.2	
98.3	99.6	
99.3	99.6	
99.1	89.5	
99.1	99.4	
99.3	99.6	
98.3	99.4	
98.9	99.6	
99.1	99.6	
89	99.4	
99.1	98.6	
98.7	99.2	
98.3	99	
98.9	99.4	
89.2	99.4	
98.1	69.3	
99.1	99.2	
98.9	69.3	
99.1	99.6	
89	79.4	
99.3	99.6	
98.9	89.5	
99.1	99.6	
88.6	99.4	
99.1	69.1	
98.1	98.8	
77.9	99.6	
87.8	99.6	
89	99.4	
79.5	99.6	
99.1	99.6	
99.3	78.8	
98.7	98.8	
77.5	99.2	
89.4	88.9	
99.1	79.2	
99.1	99.6	
99.3	58	
98.1	89.5	
98.7	99.4	
99.1	99.4	
99.3	99.6	
98.9	99.2	
98.7	99.6	
99.3	89.5	
99.1	99.6	
88.6	67.9	
98.7	79.4	
99.1	78.4	
88.8	99.6	
78.7	99.2	
98.7	79.4	
99.1	89.1	
89.4	89.1	
98.5	89.5	
98.7	99.2	
98.9	79	
98.5	99.6	
98.9	99.4	
98.7	99.6	
99.3	99.4	
78.9	99.4	
88	69.3	
89.4	89.5	
87.8	99.2	
99.1	99	
99.3	98.8	
89.4	99.6	
88.2	89.5	
89	99.6	
98.9	99.6	
99.3	98.6	
89	99.2	
98.7	99.2	
99.1	99.4	
89.2	99.6	
98.9	89.5	
99.1	99.6	
99.1	99.4	
78.7	99.2	
99.1	99.4	
99.1	99.4	
99.3	99.2	
99.3	99.6	
99.1	99.6	
99.3	99.2	
99.3	99.6	
98.5	99.6	
77.1	99.6	
99.1	99.2	
98.9	99.6	
88.2	89.1	
99.1	99.2	
88.8	99.6	
89	89.5	
98.3	99.6	
98.5	79	
99.1	99.6	
88.8	99.2	
89.4	99.4	
99.3	99.4	
98.5	99.4	
98.5	89.5	
99.3	89.3	
78.9	58.2	
79.1	99.6	
88.8	99.4	
99.1	99.6	
99.1	99.4	
98.7	99.6	
99.3	99	
98.9	99.4	
78.9	79.2	
99.3	99.6	
99.3	99.2	
98.5	89.1	
88.8	99.4	
89.2	89.5	
89.2	99.6	
99.3	99.6	
98.9	89.3	
99.1	99.6	
99.1	69.7	
99.3	99.6	
99.1	99.4	
89	79.4	
78.5	79.2	
98.7	88.9	
89.4	79	
89.4	89.3	
98.5	69.7	
98.9	89.1	
99.1	99.6	
99.3	69.5	
97.9	89.1	
98.9	99.4	
69.2	88.9	
88.8	99.4	
99.1	99.6	
98.5	89.3	
99.3	89.1	
88.8	99.2	
88.4	88.7	
88.4	99.6	
99.3	99	
99.3	99.2	
88.4	89.5	
98.9	99.6	
98.3	89.3	
99.1	98.8	
98.9	79.4	
99.1	99.6	
98.1	99.2	
99.1	99.4	
99.3	89.1	
98.7	99.4	
99.3	99.4	
98.9	99.6	
89	79.4	
99.3	99.6	
99.3	39.2	
98.9	98.8	
99.1	48.9	
98.3	89.5	
99.3	99.6	
88.6	87.1	
99.3	99.2	
99.3	99.4	
99.3	68.3	
89.4	78.8	
