-15	-262	
64.2	39.4	
87.2	35.8	
77.5	38.4	
82.2	89.3	
98.1	8.3	
97.9	78.4	
98.5	58.9	
99.1	79.4	
99.3	88.9	
96.9	47.1	
98.9	78.8	
98.1	79.6	
88.8	68.9	
99.1	79.2	
98.7	78.4	
96.1	76.6	
95.5	57.8	
98.3	89.3	
98.7	87.9	
98.9	86.7	
95.9	79.2	
99.1	56	
98.3	89.3	
99.3	87.9	
99.3	89.5	
99.1	79.4	
98.5	89.5	
99.3	69.1	
99.3	79.4	
99.3	89.5	
99.3	88.9	
98.9	89.5	
99.1	79.2	
99.3	89.5	
78.9	89.5	
99.3	69.7	
99.3	89.5	
89	89.5	
99.3	89.5	
99.1	79.6	
99.3	79.6	
99.1	89.3	
99.3	69.7	
89.4	88.7	
89	89.3	
88.2	79.6	
99.3	69.5	
98.9	89.3	
89.4	58.8	
99.1	89.5	
99.1	89.3	
99.3	69.5	
99.3	88.9	
99.1	89.5	
98.3	99.6	
99.3	89.3	
98.9	89.3	
76.5	48.3	
99.3	89.5	
99.1	89.5	
99.1	66.7	
99.3	68.7	
99.3	88.9	
98.9	59.4	
99.3	88.9	
98.7	69.5	
99.1	89.3	
98.9	89.5	
99.3	99	
99.3	89.5	
99.3	89.5	
99.3	79.6	
98.7	89.1	
99.3	79.4	
98.3	89.5	
98.5	89.5	
89.4	69.5	
97.5	78.4	
99.3	79.4	
99.3	95.4	
99.3	99.6	
99.1	89.3	
98.9	88.9	
99.1	88.9	
99.1	89.1	
99.3	88.5	
98.9	89.5	
99.1	98.8	
99.3	89.5	
99.3	99.6	
99.1	89.5	
99.3	47.1	
97.7	39.4	
99.3	89.3	
99.1	89.5	
99.1	89.5	
99.1	89.1	
98.5	79.4	
98.7	99.6	
98.7	69.5	
99.3	78	
99.1	99.6	
98.7	99.4	
88.2	99.4	
89.2	99.6	
98.9	99.4	
89	99.2	
99.3	99.4	
98.3	99.6	
98.9	89.3	
99.1	99.6	
99.3	99.6	
89	79.4	
88.8	99.6	
99.3	99	
97.9	99.4	
99.1	99.6	
99.3	99.4	
99.1	19.6	
99.1	99.4	
99.1	99.6	
99.3	59	
99.3	99.6	
98.5	89.5	
99.3	99.6	
98.9	99.6	
99.3	99.6	
97.7	69.5	
98.9	69.5	
99.3	99.4	
99.3	99.4	
99.3	99.4	
99.3	99.6	
99.1	99.6	
99.3	99.4	
98.7	99.6	
98.7	99.2	
99.3	99.6	
99.1	99.4	
98.7	99.2	
99.3	99.4	
99.3	99.6	
99.3	69.7	
98.7	79.6	
99.3	99.6	
98.9	69.7	
98.9	99.6	
99.3	99.4	
99.3	99.6	
98.9	98.6	
99.3	79.4	
99.1	99.4	
99.1	99.4	
99.3	99.6	
98.1	98.8	
98.9	79.6	
99.3	99.4	
99.1	99.6	
97.9	99.6	
98.9	99.6	
89.2	99.4	
78.9	79.2	
99.1	69.7	
99.1	99.6	
98.9	49.3	
99.3	99.4	
99.3	99.6	
98.5	79	
89.2	99	
99.1	99.6	
99.3	99.6	
99.1	88.9	
99.3	99.6	
99.3	98.8	
98.9	99.6	
99.3	99.6	
98.9	89.5	
99.1	99.6	
89.2	99.4	
99.3	99.6	
99.1	99.4	
99.3	59.2	
99.3	99.6	
99.1	99.6	
89	99	
98.9	99.6	
99.3	99.4	
99.3	99.6	
99.3	99.4	
99.3	99.4	
99.3	99.6	
98.3	99.4	
99.1	99.6	
89	99.6	
98.7	99.6	
98.7	99.4	
98.9	99.6	
99.1	99.4	
99.1	89.5	
99.1	99	
99.3	99.6	
99.3	99.6	
98.5	99.6	
99.3	99.6	
99.1	99.4	
98.9	99.2	
99.1	99.4	
98.1	99.2	
99.3	99.6	
99.1	99.6	
88.4	99.4	
99.1	99.6	
99.3	99.6	
98.9	99.2	
99.1	49.7	
77.5	99.6	
98.5	99.2	
84	99.6	
99.3	99.6	
99.3	89.5	
89	99.6	
98.1	99.6	
98.9	99.6	
99.1	99.4	
99.1	98.8	
99.1	89.5	
99.3	99.4	
74.9	69.1	
99.1	99.6	
99.3	98.8	
88.8	99.6	
98.7	79.2	
99.3	69.7	
99.3	99.4	
99.1	99.6	
99.3	99.4	
99.3	99.2	
88.6	99.4	
88.8	99.6	
89	99.6	
99.3	99.4	
98.9	49.5	
89.4	99.6	
98.5	99.6	
89	99.6	
99.3	99.4	
99.1	79.6	
99.1	69.7	
99.3	99.6	
99.1	99.6	
89.2	99.6	
99.3	99.6	
98.9	99.6	
99.1	99.6	
99.3	99.4	
99.3	69.7	
99.1	99.6	
89.2	99.6	
99.3	99.6	
98.9	99.4	
99.1	99.4	
88.8	89.7	
98.7	99.6	
98.5	99.6	
99.1	99.6	
98.7	99.4	
99.3	99.4	
89.4	99.6	
99.1	99.6	
99.3	99.2	
98.7	99.4	
99.3	99.2	
99.3	69.5	
98.5	99.6	
99.3	99.2	
89.4	99.6	
99.3	99.6	
98.7	99.2	
99.3	99.6	
99.1	99.4	
89.4	79.2	
99.3	99.6	
93.3	99.6	
99.1	99.6	
98.7	99.6	
99.3	99.6	
99.3	99.6	
99.3	79.8	
98.9	99.4	
99.1	99.6	
99.3	99.2	
99.1	99.4	
99.3	99.6	
98.9	99.6	
99.1	99	
99.3	99.6	
88.4	79.4	
89	99.2	
89.2	99.6	
99.3	69.7	
98.7	99.6	
99.3	49.7	
98.7	79.2	
99.3	99.6	
88.8	99.6	
99.3	99.6	
99.1	99.4	
99.3	99.6	
99.1	99.6	
99.1	99.6	
99.1	99.2	
99.1	99.6	
99.3	99.6	
98.9	99.6	
99.1	99.4	
99.3	89.3	
99.3	99	
99.1	99.6	
98.5	99.4	
98.5	99.6	
99.1	99.4	
98.7	99.6	
99.3	79.4	
89.2	99.6	
99.1	99.6	
99.1	79.4	
99.3	99.6	
98.5	99.6	
99.1	99.6	
99.3	99.6	
98.5	99.2	
99.3	49.7	
98.7	99.6	
99.1	99.2	
89.4	99.6	
98.7	99.6	
99.3	99.6	
89.4	99.6	
99.1	99.6	
99.3	99.6	
99.1	99.6	
99.1	79.6	
99.1	99.2	
99.1	69.7	
99.1	99.6	
99.3	99.6	
99.1	79.2	
99.1	99.6	
99.1	99.6	
99.3	99	
99.1	99.6	
89	98.8	
89.4	99.6	
99.1	78.8	
99.3	99.6	
99.1	99.4	
98.9	99.6	
99.1	99.6	
99.1	79.4	
99.3	99.6	
89	89.5	
99.3	69.7	
89.4	99.6	
99.1	99.6	
99.1	99.6	
99.3	79.4	
89.4	79.2	
89.4	99.6	
98.7	99.4	
99.3	99.6	
99.1	69.3	
99.3	99.6	
89	99.6	
98.9	99.4	
99.3	99	
99.3	98.6	
89.2	99.2	
98.7	99.6	
99.1	79.4	
99.1	99.6	
99.1	99.6	
99.3	99.6	
79.1	99.4	
98.9	99.6	
99.3	99.6	
98.9	99.6	
99.1	99.2	
99.1	99.6	
99.3	99.4	
99.3	68.9	
99.3	99.4	
98.3	99.4	
99.3	99.6	
99.1	99.6	
99.3	69.7	
89	99.6	
99.1	99.6	
99.1	99.6	
88.8	79.4	
99.3	99.6	
99.3	99.6	
99.3	99.6	
89.2	89.1	
98.9	99.4	
98.9	99.4	
99.1	59.2	
99.3	99.6	
98.7	99.6	
99.3	99.6	
89	99.6	
99.3	99.6	
98.9	99.6	
98.9	99.6	
99.1	99.6	
99.3	99.6	
99.3	99.6	
99.1	99.6	
99.1	99.6	
88.6	99.6	
99.3	99.6	
98.9	98.8	
99.1	99.6	
99.1	99.4	
99.1	99.6	
98.7	99.4	
98.9	99.6	
99.3	99.6	
99.3	99.2	
88.8	99	
99.1	99.4	
98.9	99.6	
99.3	89.5	
99.3	99.6	
99.3	99.6	
99.3	99.6	
98.1	99.6	
99.3	99.6	
98.9	99.6	
98.1	99.6	
99.3	99.6	
99.1	99.6	
89	99.6	
99.3	99.4	
98.7	99.4	
99.1	99.4	
99.1	99.6	
99.1	99.6	
98.9	99.6	
99.3	99.6	
99.3	99.6	
99.1	99.6	
99.1	99.2	
99.1	99.6	
99.1	99.6	
98.9	99.6	
99.1	99.4	
98.9	99.6	
68.6	79.6	
98.7	99.6	
99.1	99.6	
99.1	69.3	
98.9	99.2	
78.9	99.6	
99.1	99	
99.1	99.6	
89	99.6	
99.1	99.6	
99.3	99.6	
99.1	99.6	
99.1	99.6	
99.3	99.6	
89.2	99.6	
98.7	99.4	
99.3	99.6	
89.2	99	
99.3	98.6	
89.2	99.4	
99.3	99.6	
98.9	99.6	
99.3	99.6	
99.3	99.6	
99.3	99.6	
99.1	99.6	
99.1	99.6	
99.1	99.4	
89	99.4	
98.9	89.1	
99.1	99.6	
99.1	99.4	
99.3	89.5	
99.3	99.6	
99.1	99.6	
99.1	99.6	
89.2	99.6	
88	99.4	
89.2	99.6	
99.1	99.6	
98.7	99.6	
99.3	99.6	
