89	-11.3	
6.8	99.4	
-13.3	78.8	
6.8	99	
-2.4	-1.4	
98.5	6.3	
-30.1	86.3	
87.8	68.5	
77.3	99.4	
43.6	68.1	
64.2	49.5	
46.4	69.7	
77.1	99.2	
23.4	-63.6	
67.2	-12.3	
79.1	98.8	
87.6	99.4	
97.7	79	
77.7	69.1	
67.2	59.2	
88.4	89.1	
78.5	99.6	
87.2	79	
68.8	28.9	
98.7	99.6	
57.9	99.2	
88	89.3	
89	89.3	
97.9	8.7	
86	99.6	
54.7	99.6	
67.8	99	
84.6	99	
78.7	79.2	
77.9	79.6	
89.2	98.8	
53.3	68.5	
88.4	99.2	
89	79	
78.1	99.4	
-6.9	89.1	
56.9	99.4	
77.5	79.4	
97.5	89.1	
65	-1.8	
98.7	89.5	
67.2	99.6	
78.7	38.6	
97.9	59.2	
97.9	99.6	
77.7	99.4	
84	89.7	
98.5	98.8	
88.8	88.3	
78.3	49.1	
98.9	98.6	
79.1	89.3	
97.5	99.2	
78.7	99.6	
55.5	98.6	
98.1	99.6	
99.3	79.4	
68.2	88.9	
99.3	89.3	
99.3	78.2	
98.7	89.5	
88.2	99.4	
78.3	87.1	
98.3	99.4	
35.1	79.4	
99.1	99	
88.6	99.4	
76.9	99.6	
98.7	99.4	
67.8	79.4	
68.2	9.1	
99.1	88.7	
89.2	59	
88.6	89.1	
87.4	89.3	
78.5	68.9	
67.6	99.6	
98.9	99.6	
98.7	68.3	
66.6	99.6	
78.7	79.2	
88.8	69.1	
98.1	79.2	
98.7	79.4	
88.4	79	
98.5	99.6	
88.8	89.3	
89	99	
99.1	99.6	
89.2	88.3	
2.4	89.1	
57.5	68.9	
67.2	69.1	
76.9	79.2	
77.7	99.4	
67.2	78.6	
86.2	39	
99.3	69.5	
58.9	89.1	
86	38.4	
67.2	99	
98.9	99.2	
88.4	99.6	
88.8	89.5	
78.7	98.2	
68.4	78.8	
86.4	99.6	
77.3	99.6	
89.2	49.1	
67.2	19	
85.2	79.2	
89.4	98.8	
87.6	99.4	
78.7	89.3	
87.2	99.4	
98.3	58.6	
96.7	79	
77.5	99.2	
88.4	18.2	
68	99	
97.7	99.6	
68.2	68.5	
78.7	99.2	
98.3	38.6	
78.1	98.2	
98.3	79	
98.3	49.5	
56.5	38.8	
89.2	8.9	
99.1	99.6	
79.3	59.2	
97.3	99.4	
88.2	99.4	
78.3	99.4	
77.7	48.9	
88.4	99	
86.4	98.8	
88	28.1	
87.6	89.3	
98.7	57.8	
87.6	99.6	
78.7	99	
77.7	89.3	
78.3	99.2	
89.2	99.2	
77.5	98.8	
66.8	79	
88.8	89.7	
93.1	99.6	
54.9	89.5	
77.1	99.4	
68.2	99.6	
99.3	98.8	
97.3	89.7	
96.9	99.6	
44.8	58.8	
77.7	99.4	
88.8	99.4	
98.5	97.8	
98.3	89.5	
52.5	79.8	
75.1	89.7	
52.9	88.9	
77.9	89.7	
78.1	99.4	
88.6	99.2	
88	38.8	
88.4	8.7	
88.6	99.2	
87	99.4	
97.7	98.8	
98.9	99.2	
58.9	99.2	
98.7	99.6	
98.3	99.4	
76.5	99.6	
88.2	69.7	
99.3	99.2	
79.3	79	
97.3	78.8	
97.9	89.3	
33.1	99.2	
98.1	78	
76.9	99.2	
88.2	99.4	
77.7	79	
98.9	78.6	
88.4	59.2	
77.9	39	
88.6	99.2	
68.2	99.6	
77.9	88.7	
73.1	99.4	
69.4	89.3	
67.6	99.6	
67.8	88.3	
89.2	88.9	
78.5	69.7	
98.7	89.1	
88.6	59.6	
98.7	89.1	
45.4	99.2	
89	68.9	
88.6	89.3	
97.5	59.2	
99.1	59.4	
98.5	89.7	
98.9	68.9	
89	48.5	
88.8	38.6	
68.6	78.6	
98.1	89.5	
78.1	68.7	
66	59.6	
55.5	48.9	
97.7	59	
89.2	99.4	
98.5	89.3	
97.5	69.1	
76.3	89.3	
89	89.3	
78.1	69.1	
77.7	99.6	
98.9	38.4	
98.3	99.4	
98.7	99.6	
98.5	88.7	
89	99.6	
77.7	99.4	
99.1	99.6	
98.7	69.7	
87.2	49.1	
79.3	99.4	
76.1	98.8	
97.1	69.1	
89	89.7	
88.2	98.8	
88	49.1	
98.1	99.6	
86.8	58.8	
79.1	69.7	
89.2	29.1	
99.3	99.6	
89	68.7	
22.2	99.6	
87.8	89.5	
99.3	99.4	
48.2	98.8	
26.2	99.2	
99.1	89.5	
64.2	89.1	
43.8	89.7	
88	98.6	
79.3	49.3	
88.8	89.3	
99.3	68.5	
89.2	48.5	
76.3	79.2	
97.7	58.8	
66	8.9	
88.4	99.6	
78.7	99.6	
68	99.6	
89.4	89.7	
89.2	99.4	
67.2	99.4	
79.3	89.3	
89.2	79.4	
99.3	78.6	
98.7	99.2	
99.3	78.4	
88.4	99.6	
78.5	89.3	
98.7	89.1	
98.7	89.3	
98.5	88.5	
99.3	89.5	
98.9	99	
88.6	89.1	
79.1	99.4	
98.7	99.6	
87.6	88.9	
15.7	99.2	
88.8	99.6	
67.8	88.7	
98.7	69.1	
88.8	48.5	
89.2	99	
45.6	78	
89	89.7	
99.3	98.8	
87.8	99.6	
67.6	69.3	
98.7	79.6	
77.1	89.5	
77.3	59	
68	79.4	
67	99.6	
78.9	89.3	
89	89.7	
88.8	69.5	
67	89.5	
89.2	49.1	
99.1	28.3	
68	99	
88.4	28.5	
96.5	89.1	
98.9	99.2	
88.4	29.5	
99.1	-61	
88.4	79.8	
88.8	69.1	
98.7	59.4	
88	79.4	
99.1	38.8	
99.1	68.7	
78.3	79.8	
68.4	69.7	
76.1	99.6	
68.4	68.7	
79.1	99.6	
69.2	89.5	
43.8	79.4	
88.8	99.4	
97.5	79	
87	99.4	
88.2	98.8	
78.1	78	
89.2	89.5	
77.7	48.5	
56.9	99.6	
14.1	29.1	
98.7	89.3	
98.1	79.4	
98.5	89.1	
88.2	78.6	
89.4	99.6	
97.9	67.7	
45.8	98.4	
35.1	98.8	
66	99.6	
87.6	89.3	
77.3	99.2	
88	19	
98.1	79.4	
98.9	48.5	
97.5	89.5	
78.5	98.4	
97.3	79.2	
98.1	69.7	
98.9	99.2	
88.6	99.6	
88.8	89.3	
98.5	99.6	
88.8	89.7	
88.6	69.7	
89.2	99.2	
89	88.7	
88.2	79	
88.4	69.1	
87.2	99.2	
99.1	79.6	
67	99.4	
98.7	99.6	
77.5	89.7	
87.8	99.4	
77.5	89.3	
89	78.8	
79.1	99.4	
87.8	99.4	
99.1	89.3	
88.8	57.2	
68.4	89.3	
99.1	99.6	
88.2	88.5	
98.9	89.1	
89.2	59	
68.8	78.4	
89.2	78.2	
88.4	69.3	
68.2	99.4	
36.7	-143.2	
89.4	68.9	
88.8	98.6	
98.3	69.5	
98.1	99.6	
77.9	49.1	
88.8	99.4	
87.8	88.5	
98.3	79	
88.8	89.3	
77.5	99.4	
97.7	59.2	
77.9	99.6	
88.6	28.1	
98.5	79.4	
98.5	99.6	
76.5	99.6	
65.6	89.1	
79.1	99.6	
78.9	99.4	
89.2	99.6	
78.1	48.3	
67.6	39	
88.8	99.2	
58.1	99.6	
37.1	99.6	
89.2	19.2	
77.3	89.7	
97.5	89.3	
98.5	98.8	
88.6	99.6	
89.2	99.6	
98.9	47.9	
97.5	99.6	
97.1	99.2	
58.3	99.6	
98.9	88.5	
88.4	38.8	
79.1	99.4	
24.8	89.7	
98.1	99.2	
46	88.1	
66.8	69.3	
89	89.3	
98.1	99.6	
78.7	47.7	
77.9	78.4	
65.8	99	
89.2	69.5	
67.8	99	
98.9	99.6	
88.4	99.6	
56.1	99.6	
68.8	88.7	
77.9	79.8	
88.8	78.6	
87.8	68.1	
99.1	78.6	
77.5	89.3	
98.9	99.6	
98.7	99.4	
77.9	89.3	
26.2	88.5	
77.9	79	
98.5	99.2	
46.8	99.4	
78.7	99.6	
97.5	99.2	
68.2	99.4	
88.8	99.6	
88	69.7	
88.4	99.6	
87.2	99.4	
97.7	9.3	
99.1	89.7	
88.2	99.4	
98.5	29.3	
88.8	99.4	
78.3	59.2	
98.9	79.4	
78.3	99.6	
98.7	79.4	
67	99.6	
47	99	
87.8	89.5	
88.8	99	
99.3	68.5	
89.2	79.4	
97.9	89.7	
75.9	69.7	
88.2	89.3	
98.5	89.7	
68.6	89.3	
79.3	89.7	
78.9	99.6	
76.1	49.3	
98.7	89.3	
89.2	78.4	
78.5	78.4	
98.9	99	
88.8	99.4	
56.9	28.3	
89.2	99.6	
88.6	99.6	
98.3	99	
77.3	18	
88	89.5	
98.5	79	
67.4	79.6	
98.9	99	
98.1	89.7	
77.5	99.2	
77.9	99.6	
88.8	58.6	
