-16.2	89.3	
76.3	89.1	
13.5	25.9	
98.1	78.8	
54.3	76	
98.5	47.9	
88.4	78.2	
89	-62.4	
77.7	98.8	
99.3	48.3	
99.1	99.4	
88.8	99.6	
98.7	99.2	
98.9	78.8	
76.5	98.6	
89	99.4	
78.5	37.6	
87.8	89.3	
98.9	99.6	
77.7	68.7	
99.3	99.4	
88.2	99	
89.2	79	
78.1	89.3	
88	99.4	
78.3	89.1	
99.3	88.9	
99.1	99.6	
98.7	99.6	
98.9	99.6	
88.6	88.9	
88.6	99.6	
99.3	79.8	
88.4	99.4	
88.4	99.6	
89.2	98.6	
98.9	99	
99.1	99.4	
99.1	99.6	
88.6	79.2	
88.8	99.4	
68.2	89.3	
99.3	99.6	
97.5	89.1	
98.7	78.6	
78.5	99.6	
99.1	39.6	
98.5	99.6	
89.2	59.4	
57.1	99.4	
99.3	99.2	
88.8	99.4	
88.2	79.6	
77.5	99.6	
98.5	99.2	
86.2	99.6	
98.5	9.3	
78.1	79.4	
89.2	99.4	
76.1	89.1	
98.9	99.6	
88.6	89.5	
97.9	89.1	
98.9	89.7	
98.3	89.1	
98.9	99.4	
99.3	99.6	
98.5	99.6	
99.3	99.4	
98.5	79	
89	89.3	
89	79.6	
98.9	99.4	
98.9	-31.1	
89	69.5	
78.9	98.6	
97.9	99	
99.3	99.2	
99.1	89.7	
99.1	99.4	
99.3	89.3	
99.1	99.6	
86.8	99.4	
98.7	99.4	
84	99.4	
88	99.2	
99.3	99.4	
98.7	69.1	
98.9	69.7	
68.8	98.4	
97.1	28.5	
77.7	69.1	
99.1	89.3	
78.7	89.5	
98.9	78.8	
99.1	68.3	
99.3	58.8	
99.1	89.1	
98.1	78.2	
98.7	89.1	
89	89.5	
68.2	89.3	
88.6	89.7	
69	79.2	
99.1	89.7	
98.7	-11.5	
98.9	79.2	
99.3	89.1	
78.5	88.9	
88.6	99.6	
98.7	89.5	
88.4	79	
99.3	99.6	
89	79.8	
88.4	99.6	
98.5	98.8	
99.3	89.3	
77.7	49.3	
68.4	99.2	
76.7	99.6	
89.2	99.6	
98.9	99.6	
67.8	99.6	
79.1	99.4	
88.2	88.9	
78.7	99.4	
89.2	69.3	
85.2	89.5	
99.3	99.4	
89	89.5	
86.4	39	
97.3	99.6	
77.9	99.6	
88.6	99.6	
88.4	79.8	
78.7	99.4	
88.8	99.6	
99.1	99.6	
89	79.2	
98.9	79.6	
67.2	99.6	
89.2	99.6	
69.2	69.3	
79.5	99.6	
87.8	59.6	
89.2	69.7	
79.3	28.9	
68.8	99	
79.1	99.6	
88.6	99.2	
78.9	99.4	
77.3	99.2	
78.3	99.4	
88.6	89.7	
46.2	99.6	
78.3	49.3	
98.1	89.5	
98.5	89.3	
99.3	99.2	
98.9	89.5	
97.9	89.5	
99.1	99.4	
98.5	89.5	
79.5	99.2	
78.3	88.9	
88.6	99.6	
99.3	99.6	
88.6	89.1	
87.2	99.6	
89	99	
67.4	89.5	
78.1	99.6	
87.6	99.2	
89.4	89.7	
89.4	89.3	
89	9.3	
88	79.2	
97.7	89.5	
89	88.9	
87.2	89.7	
88.8	69.1	
89.2	89.5	
89	89.1	
68.6	89.7	
88.6	89.7	
88.8	39.2	
89.2	99.4	
88.6	99.4	
89.2	89.7	
58.5	88.9	
77.3	89.5	
56.3	19.2	
88.8	59.2	
55.9	99.4	
99.1	99.4	
98.9	79.4	
88.4	88.7	
89.2	89.5	
98.9	89.3	
88.4	99.6	
99.1	49.5	
98.9	88.7	
98.7	89.3	
88.4	88.9	
99.1	79.2	
77.5	89.7	
99.3	79.2	
79.1	89.7	
99.1	99.6	
88.2	89.5	
98.9	99.6	
89.2	89.7	
98.1	68.5	
98.7	89.5	
88.4	99.6	
88.6	89.7	
78.1	79.6	
98.5	99.6	
98.7	59	
98.5	89.1	
89	99.6	
88.8	99.6	
88.6	79.4	
98.3	69.5	
98.3	38.8	
88.8	99.4	
99.1	69.7	
97.7	99.6	
98.9	99.6	
99.1	99.4	
58.3	79.2	
88.6	99.2	
97.9	99.2	
98.9	99.6	
98.7	99.6	
97.7	89.7	
88.8	78.8	
98.9	89.5	
89.2	99.2	
88.4	89.3	
88.2	88.9	
78.9	99.4	
98.1	89.5	
98.7	49.7	
88.6	99.6	
98.7	89.5	
97.3	89.5	
89.2	98.6	
86.4	99.6	
98.9	99.4	
98.9	99.4	
99.3	99.6	
98.9	99.6	
88.4	87.7	
88.4	99.2	
99.1	99.4	
88	89.7	
98.9	98.8	
76.9	68.9	
89	68.7	
47	58.6	
68.8	69.3	
79.3	89.5	
99.3	99.4	
99.1	98.8	
98.7	99.6	
99.1	99.2	
89.2	99.4	
99.3	68.7	
88.4	68.9	
99.1	89.1	
99.3	99.2	
79.1	78.4	
98.7	99.2	
98.1	99.4	
99.3	99	
99.3	79.2	
89	99.6	
47	88.9	
98.9	96.8	
99.1	99.2	
97.9	99.2	
99.1	99.4	
98.9	99.4	
98.9	99.4	
88.4	8.5	
98.7	98.8	
98.5	99.6	
78.7	89.7	
98.7	78.6	
99.3	99.4	
89.2	99	
88.6	99.6	
79.3	89.5	
89.2	99	
77.1	-23	
97.5	68.1	
97.9	97.8	
97.3	98.4	
99.3	79.2	
99.1	88.7	
88.6	98.6	
98.7	79.4	
97.3	98.2	
79.1	99.6	
78.7	79.2	
98.9	89.5	
79.1	99.6	
89.2	99.6	
88.2	89.7	
99.3	89.3	
98.9	89.3	
99.3	99	
88.6	99.2	
99.3	99.2	
98.9	99.6	
89.4	99.2	
88.4	79.4	
89.2	99.4	
89	99.2	
88.8	79.8	
98.3	99	
99.3	99.6	
78.3	99.4	
58.5	89.1	
57.5	99	
79.1	99.4	
89.4	99.4	
98.7	99.4	
67.8	99.6	
88.2	89.3	
55.3	99.6	
98.7	89.7	
98.7	89.3	
99.1	18.8	
88.2	38.8	
89.2	99.6	
78.9	99.6	
87.2	89.1	
86.2	89.3	
56.9	99.6	
75.9	99.6	
79.1	89.3	
89	99.4	
99.1	89.5	
99.3	88.9	
98.9	99.4	
88.4	99	
98.9	98.6	
79.1	99.6	
78.5	99.6	
88.8	99.6	
89.2	99.6	
88	99.6	
78.5	99	
98.1	99.6	
88.8	99.4	
67.2	99	
88.6	89.1	
89.2	99.4	
99.1	89.3	
98.9	89.3	
89	89.5	
99.3	89.1	
98.5	89.5	
89.4	99	
98.7	99.4	
98.5	99.4	
88.2	99.4	
99.3	89.1	
88.6	89.3	
99.1	99.4	
97.7	99.6	
66.4	99.2	
97.1	99.6	
99.1	88.9	
99.1	99.4	
97.3	99.4	
89.4	89.5	
99.3	89.5	
99.1	99.4	
78.5	99.6	
99.1	89.5	
98.9	99.6	
98.9	99.6	
99.3	99	
77.3	98.8	
89.2	98.6	
88.6	49.3	
98.9	88.9	
98.9	99.4	
56.3	99.6	
89	99.2	
95.9	99.6	
98.5	89.3	
97.7	89.5	
78.7	99.6	
77.9	99.6	
99.3	99.6	
78.7	99.6	
77.3	89.1	
99.1	88.9	
78.7	99.6	
99.1	99.4	
89	99.4	
98.9	89.1	
98.9	79	
88.6	88.9	
88.8	88.9	
78.7	58.8	
89.2	89.1	
98.5	99.6	
98.9	99.4	
98.1	89.1	
97.7	99.6	
87.6	99.6	
97.3	99.6	
89.4	89.5	
97.7	99.6	
79.1	89.3	
98.1	99.4	
47.8	99.6	
99.1	99.6	
88.2	88.5	
89.4	99.6	
98.7	99.6	
88.6	99.4	
68	99.6	
98.9	99.4	
89.2	99.4	
78.5	99.2	
98.7	99.4	
99.3	99.6	
99.3	89.1	
99.1	99.6	
99.1	99.4	
89.4	99.4	
88.8	88.9	
88.8	99.6	
99.3	99.6	
89.2	99.6	
99.1	99	
99.1	79.2	
68.8	99.6	
97.7	79.6	
88.8	69.7	
89.2	88.5	
99.3	99	
98.5	99.4	
88	99.6	
66.8	78.4	
88.8	89.1	
99.1	99.6	
88.4	99.4	
98.9	99.2	
98.1	99.6	
99.3	79.6	
88.4	89.5	
89.4	78.6	
76.3	99.6	
68	89.1	
89.4	69.3	
99.1	99.6	
89.4	78.2	
88.4	89.5	
97.7	99.6	
89.2	99.4	
87.8	89.7	
58.5	78.6	
88.4	99.6	
88.6	99	
68.4	99.4	
89.4	99.4	
98.3	99.2	
99.3	79.2	
98.7	99	
99.3	99.6	
88.4	49.3	
99.1	99.4	
99.1	49.1	
99.3	99.6	
99.3	99.6	
98.9	98.2	
99.3	99.4	
99.1	79.2	
99.1	79.4	
88.4	89.5	
79.3	89.5	
78.5	88.7	
89.4	79.4	
78.7	99.6	
99.3	58.6	
98.9	99.4	
76.5	99.4	
89	59	
98.9	89.7	
99.1	99.6	
88.4	79.4	
98.9	99.4	
98.3	99.6	
