-67.9	-193.1	
22.2	-191.3	
77.9	-151.1	
49.1	-92.3	
98.7	89.3	
97.5	69.3	
97.7	58.6	
87.4	68.7	
74.1	59.4	
13.9	-244.6	
88.4	-42	
86	47.9	
63.4	-45	
86.8	36.2	
46.2	69.3	
97.5	68.3	
93.1	69.3	
66.6	88.9	
89.2	69.3	
88.8	98.2	
78.5	88.5	
85	69.5	
77.5	68.9	
72.1	49.3	
47	39	
85.6	97.8	
64.4	54.6	
97.7	-71.2	
65.8	99	
97.9	69.1	
66.6	88.9	
86.6	78.2	
85.8	-3.6	
87.2	15.8	
97.5	66.7	
97.7	-153.1	
87.8	78	
98.7	68.7	
88.8	17	
99.1	66.1	
98.5	76.8	
88	57.8	
98.1	87.5	
87.6	66.9	
68.6	39.2	
98.7	27.9	
98.3	-11.7	
88.4	9.3	
97.1	69.7	
96.1	79.6	
83.4	57	
97.1	47.5	
51.1	15.8	
99.1	69.7	
87.4	46.7	
88.8	29.1	
99.3	99.4	
89.4	49.1	
66	68.5	
78.9	87.5	
98.3	67.7	
98.7	87.1	
78.1	88.9	
79.1	59	
89	98.4	
74.1	47.9	
70.7	88.3	
89	56.6	
88.8	5.7	
89.2	75.4	
98.7	89.7	
96.9	78.6	
98.3	98.4	
98.5	99.4	
99.1	98.8	
77.9	68.3	
56.3	59.4	
95.5	79.6	
99.1	88.3	
88	99	
87.6	79.6	
75.5	99.4	
69	99	
77.3	98.8	
99.1	99.4	
75.7	99.6	
98.1	99	
87.2	89.5	
74.9	99.6	
98.1	89.5	
81.6	99.4	
71.5	99.6	
96.1	89.5	
76.3	99.4	
56.1	99.2	
84	99.6	
96.7	99.2	
98.5	87.9	
85.6	89.1	
86.4	99.6	
79	89.5	
98.5	98.8	
88.8	89.5	
89.2	99.6	
67	69.3	
96.9	89.5	
88.4	99.6	
77.9	89.3	
76.9	89.5	
87.6	79.2	
77.3	79.8	
79.1	99.6	
98.7	49.7	
88.8	99.6	
88.8	37.6	
88.4	99.4	
88.6	99.2	
94.3	99.4	
98.3	99.4	
55.7	88.9	
68.6	89.5	
88	98.8	
78.5	99.6	
78.7	99.4	
99.1	99.4	
96.9	89.1	
97.7	99.2	
98.1	97.8	
88.2	78.8	
88.2	89.5	
88	99.4	
97.9	99.6	
99.1	89.5	
88	99.4	
97.5	99.6	
97.9	69.3	
89.4	79.6	
87.6	89.5	
88.8	99.2	
97.7	99.6	
89	99.6	
88.6	99	
97.3	99.4	
88	79	
76.5	99.6	
88	78.8	
99.3	99.6	
98.3	89.3	
97.3	99.4	
89	79	
99.1	99.2	
99.3	88.7	
88.6	99.6	
97.5	99.6	
88.4	89.5	
89	79.2	
98.1	99	
87.4	99.6	
87.6	99.4	
75.9	79.2	
87	68.3	
88	89.5	
99.1	99.6	
96.7	99.6	
89	89.5	
89.2	99.6	
99.1	89.7	
98.1	99.6	
99.1	89.7	
76.9	88.5	
88.2	89.3	
98.3	79.4	
74.5	89.7	
98.7	79.6	
55.9	89.5	
77.5	99.6	
88.2	89.5	
88.4	99.2	
78.1	99.6	
98.1	99.6	
78.1	89.5	
88.2	99.4	
87.4	99.4	
98.9	99.4	
88.8	79	
99.3	99.2	
99.1	89.5	
87.2	99.6	
89.2	99.6	
88.4	89.5	
99.1	88.9	
68.8	99	
99.1	99.4	
99.1	99.6	
88.4	89.1	
88.8	99.6	
89	99.2	
98.9	89.5	
98.9	88.9	
95.9	89.7	
88.8	89.1	
98.5	99.6	
98.1	79	
99.1	49.3	
88.6	99.4	
88.2	99.6	
88.6	99.6	
89.2	89.5	
99.1	99.6	
98.9	88.7	
78.1	99.4	
86.8	99.6	
98.1	99.4	
78.3	59.4	
88.6	89.7	
88.4	89.7	
98.9	79.2	
88	79.2	
89	79.8	
97.7	99.6	
98.3	88.9	
98.9	49.3	
98.9	89.3	
97.9	89.1	
98.7	99.4	
97.1	99.6	
78.9	99.2	
98.5	76.8	
98.3	99.4	
87.2	89.7	
89.2	99.6	
99.3	89.7	
99.3	79.2	
96.7	99.6	
89.2	89.5	
97.7	99.6	
78.9	99.6	
99.3	99.2	
98.9	99.6	
78.3	99.4	
88	99.6	
77.5	29.1	
88.8	99.4	
77.1	39.6	
86.6	99.6	
86.2	99	
68.2	79	
98.7	99	
99.3	99.4	
89.2	99.6	
88.2	99.2	
88.4	99.2	
99.1	99.2	
97.9	99.6	
88.8	99.2	
98.9	59.4	
86.6	89.7	
78.3	89.1	
88.2	99.4	
98.9	88.9	
98.7	79.6	
98.9	99.6	
88.8	69.3	
78.3	89.5	
88.4	99.4	
88.8	88.1	
98.9	88.9	
98.7	99.4	
98.5	99.4	
67.6	98.4	
99.1	99.4	
97.3	78.4	
77.1	99.6	
98.5	99.6	
88.6	99.6	
88.8	99.4	
99.1	99.4	
98.5	89.5	
68.2	99.6	
99.1	99.6	
99.1	79.4	
98.5	89.3	
98.7	69.5	
78.9	99	
88.8	28.7	
88.4	99.6	
99.1	88.9	
87.2	59.6	
99.1	68.9	
99.1	99.4	
98.9	99.6	
99.1	99.6	
98.5	99.6	
98.9	98.6	
88.4	89.5	
78.3	59.6	
98.7	99.6	
68	99.6	
88.6	99.6	
89.4	78.8	
99.3	89.1	
99.1	89.5	
88.8	99.4	
88.6	89.5	
68.6	89.3	
88.4	89.5	
89.2	99	
78.7	89.3	
98.9	99.6	
99.3	99.2	
88.6	99.6	
98.7	89.5	
77.7	99.6	
88.6	89.3	
97.1	99.4	
89.2	89.5	
88	9.1	
98.9	78.8	
98.7	69.1	
98.7	99.4	
88.6	99.6	
88.6	68.7	
99.1	99.4	
88.8	99.2	
67.8	99.6	
88.8	99	
99.1	99.4	
79.1	78.4	
89	89.1	
98.5	17.2	
98.5	49.5	
99.1	89.7	
78.9	99.6	
87	89.5	
78.3	99.6	
78.1	89.5	
89.2	39.4	
89	89.5	
89	89.3	
88.8	99.6	
78.7	78.2	
95.3	99.6	
77.5	99.2	
57.3	89.5	
97.9	99.6	
97.9	99.6	
88.6	89.7	
98.9	99.6	
87.8	99.6	
89	18.8	
89	89.3	
98.7	99.6	
99.1	79.2	
78.3	89.5	
98.7	88.5	
99.3	89.5	
89	89.7	
78.3	89.1	
98.7	89.1	
98.7	99.6	
98.9	99.6	
98.9	68.9	
77.7	79.4	
89.2	39.2	
98.1	99.2	
97.9	89.5	
97.9	99.6	
98.5	99.4	
98.9	79	
89	89.7	
88.4	89.5	
79.3	99.6	
96.1	89.5	
89	69.5	
98.7	89.1	
78.9	99.4	
57.1	89.3	
88	99.6	
98.9	99.6	
98.5	99.4	
89.2	89.3	
87.8	99.2	
99.1	69.1	
88.6	89.7	
97.7	99.6	
97.9	98.6	
88.2	79.2	
87.4	99.2	
88.6	99.2	
78.9	99.6	
99.3	99.4	
98.9	89.3	
98.9	99.6	
88	88.7	
98.3	88.7	
89.4	99	
89.2	89.5	
88.6	99.6	
79.1	48.7	
79.1	69.1	
99.1	49.3	
98.1	88.7	
98.7	59.4	
68	79.6	
98.7	99.4	
68.6	99.4	
98.9	89.1	
98.7	99.6	
99.3	99.2	
98.7	99.4	
98.7	99.6	
78.3	99.6	
98.9	99.4	
78.7	79.2	
77.5	79.8	
88.6	99.6	
77.5	99.2	
98.7	99.4	
98.5	89.5	
99.3	88.9	
98.7	59.4	
99.3	98.4	
88.6	79.8	
98.9	49.1	
98.9	98.8	
99.1	99.6	
98.3	89.3	
88.2	99.4	
86.6	89.3	
68	99.6	
78.1	99.6	
87.8	89.3	
96.5	99.6	
68.4	99.2	
87.8	99.6	
98.9	89.7	
98.5	99.6	
98.7	99.6	
98.1	99.6	
78.9	99.2	
78.7	89.3	
88.8	89.5	
88	99.6	
98.3	99.2	
89.4	47.1	
98.1	89.5	
98.7	59	
57.3	99.6	
88.6	69.5	
99.1	99.2	
89.2	99.4	
69	48.7	
99.1	89.5	
98.9	99.2	
77.3	99.2	
88.8	99.4	
99.1	88.9	
77.7	89.3	
98.9	99.6	
89.4	99.4	
77.9	99	
99.1	48.9	
99.1	89.5	
98.9	99	
88.8	99.6	
98.9	99.4	
98.7	99.4	
89.4	99.2	
89.2	68.3	
98.5	99.4	
88.8	99.6	
89	99	
78.9	89.3	
98.9	99.2	
98.9	89.5	
89	88.7	
89.2	89.5	
67.8	99.6	
98.3	98.8	
98.9	99.6	
89	89.3	
78.5	89.3	
88.8	88.9	
28.2	89.5	
98.9	89.5	
89.2	99.6	
88.8	89.3	
98.1	99.4	
99.3	99.2	
89.2	68.9	
98.7	99.6	
89	99.4	
98.3	99.6	
98.9	99.6	
88.6	99	
99.1	69.3	
97.7	99.2	
98.9	99.4	
67.8	89.7	
98.7	99.6	
