-83.4	-61	
98.9	58.6	
47.4	-50.9	
47	37.8	
66	67.9	
68.4	89.7	
98.7	29.5	
95.1	99	
76.9	89.1	
98.5	89.3	
88.6	87.7	
63.4	79.4	
73.7	98.2	
77.3	-2	
96.3	89.1	
88.4	79.6	
98.7	89.5	
58.3	89.1	
66.8	79.2	
98.9	59.2	
95.9	89.3	
87.4	99.6	
78.1	88.7	
98.9	79.4	
68	88.9	
55.7	89.5	
88.2	89.7	
65.4	98	
88.6	99.4	
96.7	99.4	
78.7	99.4	
88.8	89.5	
78.5	89.5	
98.3	89.7	
88.4	79	
89	99.6	
98.5	89.3	
89.2	89.3	
99.3	69.5	
98.9	89.3	
88.4	99.6	
98.5	79.6	
88.8	99.6	
98.9	89.5	
67.8	59.2	
78.7	99.4	
99.1	99.6	
88.8	99.2	
89	99.4	
87.8	89.7	
88.8	99.4	
87.8	79.6	
88.4	79.6	
89	99.4	
89	78.8	
89.4	89.5	
68.4	89.1	
58.5	89.7	
98.5	98.6	
98.7	79	
98.9	89.7	
88.6	59.2	
99.3	69.5	
78.9	89.7	
98.7	79.6	
98.3	69.3	
98.9	89.3	
98.9	88.5	
78.5	29.5	
88.6	99.2	
88.4	99	
98.7	99.4	
78.9	89.7	
89	99.6	
88.2	79	
99.1	99.4	
99.1	89.1	
98.9	89.5	
98.3	99.6	
79.5	99.6	
98.3	99.6	
99.3	99.4	
88.8	99.6	
98.7	99.2	
89	99	
98.9	89.1	
98.1	89.3	
69.2	99.6	
25.8	89.3	
98.9	99.6	
99.1	99.4	
47.6	79	
88.8	88.3	
88.8	89.7	
99.3	99.2	
89.4	89.7	
89.2	59.6	
97.3	99.4	
78.3	99.6	
87.4	89.7	
99.1	99.4	
57.1	99.6	
68.4	99	
99.1	78.8	
99.3	99.6	
89	99.2	
89.2	78.4	
98.5	79.4	
87.2	98.8	
98.5	69.5	
68.8	79.4	
88.6	68.9	
99.3	89.5	
98.5	99.6	
97.7	99	
98.9	89.1	
78.7	69.1	
68.2	89.3	
78.3	99.6	
98.7	99.4	
98.9	59.6	
89	89.3	
98.1	79.4	
99.1	99.6	
88.8	99.6	
87.6	99.6	
99.1	99.6	
99.1	89.5	
78.9	99.2	
86.2	69.3	
76.7	89.5	
88.4	48.5	
98.9	29.5	
78.5	79.2	
88.8	99.4	
69.2	98.8	
97.9	99.4	
67.6	89.7	
99.1	99.4	
88.8	88.7	
99.3	99.6	
89.4	99.6	
88.6	99.4	
98.9	89.3	
88.8	99.4	
98.9	99.2	
89	89.3	
98.9	99.2	
98.7	99.6	
98.5	99.2	
99.1	99.4	
78.9	89.1	
98.3	99	
98.9	58.4	
99.3	99	
98.7	79.2	
99.1	99.6	
99.1	99	
88.8	99.6	
88	17.4	
89	89.1	
88.6	99.4	
99.3	79	
88.6	99.6	
98.9	88.9	
57.5	89.5	
89.2	89.1	
88.6	39	
99.3	99.6	
99.3	89.7	
78.1	89.3	
67.6	89.3	
58.1	89.3	
98.9	79.4	
99.1	79.2	
89.2	89.7	
89.4	89.7	
99.3	89.3	
88.4	89.7	
99.1	89.7	
98.9	79.4	
97.9	18.8	
78.7	68.1	
89	78.8	
88.8	89.5	
99.1	89.3	
76.5	78.2	
98.9	89.7	
89	99.4	
88.6	99.6	
89	89.3	
76.1	99.6	
73.7	99.4	
86.6	89.3	
99.1	99.6	
99.1	99.4	
77.7	99.6	
38.1	88.7	
98.3	78.2	
87.8	58.8	
88.8	99.4	
98.7	99.2	
97.5	99.6	
35.9	99.6	
78.3	99.2	
88	59.2	
99.1	39	
87.6	59.4	
88.8	99.6	
98.7	99.2	
99.1	99.6	
99.1	69.7	
98.9	99.4	
98.7	89.5	
99.3	89.5	
98.9	79	
98.1	98.6	
98.1	99.4	
99.1	99.4	
88.4	99.4	
88.4	89.7	
88.8	99.4	
88.8	99.6	
98.1	68.3	
89.2	99.2	
87.6	89.5	
98.7	99.6	
98.7	89.5	
77.1	99	
98.7	99.2	
99.3	99.2	
89.2	88.3	
89.2	89.5	
68.6	79	
87.4	89.5	
97.9	99	
57.7	99.4	
88.8	99.4	
97.9	89.5	
99.1	89.5	
98.5	89.5	
88.8	89.7	
58.3	99.2	
78.7	99.2	
99.3	99.6	
89.4	99.4	
97.9	99	
78.3	88.9	
98.5	99.6	
78.3	99.2	
98.1	88.9	
98.3	89.3	
78.3	99.2	
99.3	99.6	
99.1	99.4	
88.8	99.6	
99.3	87.7	
88.8	99.6	
98.5	89.7	
99.1	89.7	
89	99.4	
88.6	99.6	
98.5	59	
68.4	89.1	
98.5	79.2	
99.1	79.4	
78.5	49.3	
98.9	89.5	
88.8	98.8	
78.9	99.4	
98.5	99	
88.2	88.9	
77.9	89.1	
99.3	89.5	
88	99.2	
88.8	99.6	
79.5	99.4	
89	79.8	
89.4	69.7	
99.1	89.5	
98.7	79.6	
98.9	88.9	
88.8	99.6	
88.8	99.6	
68.6	99.6	
98.3	99	
89	99.6	
98.9	99.4	
88.6	99	
98.9	89.5	
98.3	89.1	
98.3	99.6	
78.5	99.2	
99.3	99.4	
99.3	89.5	
98.9	99.6	
88	99	
78.1	99.6	
98.5	99.4	
77.5	99.6	
77.9	89.1	
98.9	99.6	
88.4	88.7	
98.1	99.6	
98.7	99.6	
98.7	99.2	
87.2	99.2	
77.7	89.7	
98.9	99.4	
88.4	99.6	
98.1	99.6	
89.2	79.4	
98.9	79.6	
89	99.6	
98.7	99.6	
98.9	99.6	
89.2	99.4	
97.7	89.3	
89.2	98.8	
87.8	99.6	
88.2	99.6	
99.3	79.4	
99.3	99.6	
99.3	89.7	
88.8	99.4	
98.1	99.6	
98.9	69.5	
98.7	99.2	
89	99.6	
89.4	89.7	
77.3	99.4	
98.9	89.5	
78.5	99.6	
57.7	99	
88.6	79.4	
98.3	78.6	
99.3	99.6	
97.5	99.6	
88.4	99.6	
98.9	99.4	
88.6	89.3	
98.3	89.3	
78.9	99.6	
88.6	98.8	
98.7	99.6	
98.7	79.6	
99.3	39.2	
99.3	89.7	
98.5	99.4	
98.9	99.6	
98.7	99.4	
98.5	69.5	
98.9	99.6	
88.6	99	
97.3	98.8	
58.5	99.2	
99.1	99.4	
77.7	99.6	
97.9	89.5	
99.3	69.1	
99.1	99.6	
98.7	89.7	
99.3	89.3	
79.3	99.6	
98.9	99.4	
98.7	99.6	
88.8	59.4	
68	69.5	
89	89.5	
89	78.8	
68.8	99.6	
99.3	99.2	
99.3	99.6	
98.3	99.6	
89.4	98.8	
98.9	79.4	
68.4	69.5	
78.7	99.2	
98.5	59.4	
79.1	89.5	
99.1	58.8	
98.7	99	
99.3	89.5	
89	99.6	
99.1	69.3	
98.9	99.6	
89	68.9	
98.7	89.3	
98.9	89.7	
89	99.4	
98.7	99.6	
99.3	39.2	
57.3	89.5	
88.2	39.4	
99.3	79.6	
99.1	89.7	
98.5	99.4	
99.3	89.5	
99.3	99.6	
99.1	99.4	
87.6	98.8	
99.3	99.6	
99.3	99.6	
89	99	
89	79.2	
99.3	99.6	
78.3	99.6	
98.9	99.2	
89.4	49.1	
99.1	99.4	
88.2	89.3	
88.2	89.3	
98.9	99.6	
86.8	99.6	
89.2	88.9	
88.4	99.6	
89.2	89.3	
99.3	99.6	
88.2	99.6	
99.3	99	
78.9	99.2	
99.1	78.8	
98.7	99.4	
88.6	99.6	
98.3	99.6	
88.8	99.4	
98.9	49.5	
88.6	99.4	
98.9	99.2	
98.7	99.6	
98.5	99.4	
89.2	89.7	
98.9	89.5	
89.2	99.4	
98.7	99.2	
78.7	99.2	
89.2	89.7	
89.2	99.6	
68.4	99.4	
98.7	89.5	
77.5	99.2	
89	69.7	
98.7	99.6	
98.3	69.1	
88.4	99.2	
98.7	99.2	
88.8	79.8	
98.9	99.6	
68.6	99.6	
98.3	59.6	
98.9	99.6	
57.5	89.5	
98.7	99.6	
89.2	89.7	
79.1	99.4	
98.7	99.6	
99.1	49.1	
88.2	89.5	
65.2	89.3	
89	99	
98.7	99.6	
88	69.3	
89.2	89.3	
98.7	99.6	
98.7	99.6	
98.7	98.8	
78.7	69.7	
98.5	68.7	
98.5	68.9	
89	89.3	
89.2	18.8	
88.4	99.2	
97.7	79.4	
99.1	39.6	
79.3	89.7	
98.5	89.5	
99.3	89.7	
98.9	99.2	
78.1	79	
88	79.8	
99.1	69.3	
89	89.3	
89.2	99.6	
89	39	
89.2	99.4	
88.4	99.6	
69.2	99.6	
87	78.8	
99.3	89.3	
98.9	89.3	
99.1	99.4	
98.5	89.1	
87.6	79	
99.3	89.7	
88.8	99.6	
88.6	99.6	
98.7	99.4	
99.1	99.6	
98.5	79.4	
98.7	99.2	
