56.3	-81	
67.6	69.3	
69	58.2	
88.4	-23.2	
64.4	38.4	
76.3	7.3	
89.4	88.3	
89.2	8.5	
97.5	67.5	
89.2	48.9	
82	88.3	
87.4	68.5	
98.7	89.1	
87	53.8	
99.3	89.5	
76.7	99.6	
97.3	79	
98.7	78.2	
78.5	-41.2	
98.9	28.9	
95.9	89.5	
97.9	59.4	
98.7	77.8	
98.9	79.8	
68.8	79.4	
89.4	87.9	
98.9	59.4	
99.3	99.6	
98.9	88.9	
98.5	99.4	
88.6	98.8	
99.1	99.6	
97.9	99.6	
99.1	99.2	
99.1	89.5	
99.1	99.2	
88.6	99.4	
98.9	99	
57.9	99.4	
89.2	79.4	
99.3	68.9	
98.5	99.6	
88.6	88.9	
79.5	88.9	
79.1	99.4	
98.7	89.5	
99.1	99.2	
89.4	79.2	
98.7	79.4	
99.3	99	
98.9	89.5	
97.1	39.4	
77.5	99.2	
68	89.1	
88.4	99.6	
99.3	99	
88.4	98.4	
57.9	79	
99.1	79.6	
98.9	69.3	
98.9	99.6	
87.8	89.3	
98.9	99.4	
46.4	89.5	
88.4	99.4	
98.9	78.8	
98.5	99.4	
89.4	79	
98.7	89.5	
98.5	89.3	
98.3	99.4	
98.7	49.1	
98.7	99.6	
98.5	99.4	
88.8	99.6	
99.1	99.2	
79.1	98.8	
98.5	89.3	
89.2	99.6	
99.1	99.4	
99.1	89.3	
25.8	29.5	
88.8	38.8	
89.4	98.8	
98.7	89.5	
88	89.3	
98.5	68.7	
88	99.2	
99.3	99.4	
87.6	89.5	
98.9	98.6	
77.9	99.4	
89.2	99.4	
88.2	89.7	
89.4	99.6	
99.1	88.7	
98.1	99.2	
89	89.5	
88.2	89.5	
99.1	77.8	
98.9	89.5	
98.9	89.3	
98.5	89.5	
99.1	99.4	
98.3	88.5	
88.2	99.4	
98.9	68.9	
98.5	58.4	
88.6	29.3	
99.1	99.6	
99.1	99.6	
15.9	99.4	
97.7	99.4	
98.7	79.4	
77.3	79.2	
98.7	89.5	
79.1	99.4	
98.7	98.8	
99.3	27.9	
89	79.6	
89.2	99.6	
66.4	89.5	
89.2	99.2	
87.8	89.3	
98.5	78.6	
99.1	69.1	
99.3	89.7	
99.3	89.5	
98.7	89.3	
97.9	89.3	
68.2	99.4	
89	79.4	
99.1	89.1	
99.3	99.4	
98.7	99.6	
88.4	99.6	
88.6	89.3	
89	99.6	
45	78.2	
98.5	99.6	
78.7	99.6	
78.3	99.4	
98.5	89.7	
79.3	99.2	
88.6	99.4	
99.3	99.6	
98.3	99.6	
99.3	89.1	
98.9	89.3	
98.9	99.6	
88.8	99.4	
98.9	89.5	
98.7	98.2	
88.2	99.6	
77.9	99.4	
58.5	99.6	
89.4	99.2	
98.5	89.1	
88.2	-11.7	
99.3	69.1	
79.1	99.6	
78.9	99.6	
78.5	99.6	
99.1	99.6	
98.3	77.2	
99.1	89.5	
99.1	99.2	
99.3	89.7	
97.5	89.7	
78.9	99.4	
89	99.4	
89	99.6	
98.9	99.4	
98.1	99.6	
98.9	89.1	
88.6	79.4	
89	99.6	
99.1	79.4	
68	99.6	
98.9	89.7	
78.1	88.7	
99.3	59	
87.8	98.6	
88.4	99.6	
69	89.3	
78.9	99.4	
79.5	99.2	
88.6	89.1	
48.8	78.2	
99.3	99.6	
98.3	99.4	
78.9	68.9	
27	99.2	
99.3	99.4	
89.2	78.4	
89.2	79.6	
69	79.4	
78.1	89.7	
89.2	99.6	
98.5	99.6	
89.4	99	
79.5	79.2	
99.1	79	
98.1	99.6	
88.6	89.1	
78.3	99.6	
99.3	99.6	
99.3	99.4	
98.9	89.7	
98.9	99.6	
98.7	99.4	
99.3	89.1	
88.2	79.2	
78.9	89.7	
98.7	99.6	
99.3	99.4	
98.9	99.2	
78.9	99.6	
79.1	69.1	
88.6	99.4	
98.5	99.6	
88.4	88.7	
78.1	87.9	
99.3	89.5	
99.1	89.5	
99.3	89.5	
77.3	89.7	
89	89.7	
98.7	79.4	
98.7	99.4	
89.4	99.6	
78.7	68.9	
99.3	99.6	
99.3	99.4	
99.1	89.7	
88.8	99.6	
78.9	99.6	
78.9	69.3	
99.3	89.7	
88.4	9.1	
99.3	99.6	
89.2	99.2	
98.7	99.2	
89	99.6	
78.3	99.6	
99.1	99.6	
98.9	99.6	
89.2	69.5	
79.3	99.6	
78.5	99.6	
98.9	99.4	
98.9	89.5	
78.9	39.4	
89.2	69.3	
46.4	89.7	
99.3	99.6	
98.9	69.7	
98.5	99.6	
97.7	99.6	
98.5	79.8	
89.4	89.3	
88.6	49.1	
99.3	99.2	
78.9	99.2	
58.1	89.3	
99.3	79.6	
98.9	99.6	
88.8	99.6	
88.2	99.6	
98.5	99.4	
99.3	99.6	
99.1	79.8	
99.1	99.6	
88.6	99.4	
87.6	99.6	
89.2	99.2	
87.6	99.6	
87.8	89.7	
78.3	99.2	
78.7	99.6	
99.1	58.8	
99.1	89.5	
89	68.7	
88.6	99.6	
99.1	99	
65.8	78.2	
78.1	99.6	
89	99.2	
97.9	99.6	
98.1	99.4	
88.4	99.6	
88.4	69.5	
88.4	99.4	
68	99.4	
68.8	99.6	
67.8	99.4	
82.2	99.4	
78.5	89.5	
98.9	89.7	
89.2	69.7	
78.3	99.4	
67.8	99.4	
99.1	89.3	
48.2	89.5	
98.5	99.6	
98.9	99.6	
98.9	79.6	
98.7	99.6	
89	99.6	
98.5	69.1	
99.3	99.4	
99.1	89.5	
98.7	99.6	
98.9	99.6	
88.2	89.3	
67.8	89.1	
78.7	89.7	
97.5	79.4	
98.5	89.7	
98.5	79.4	
98.9	89.7	
98.9	89.3	
99.3	89.5	
98.7	79.8	
88.2	79	
97.9	89.1	
89	79.6	
88.6	89.3	
88	89.7	
98.9	89.7	
87.8	79.4	
88.4	69.5	
98.7	89.7	
89	88.9	
78.9	99.6	
68.2	99.4	
89.2	99.4	
78.3	79.8	
98.9	88.9	
99.1	79	
87	99.2	
77.3	99.6	
89.4	99.6	
89	99.6	
98.9	99.2	
98.3	99.2	
98.7	99.6	
89.4	79.8	
99.3	99.6	
99.1	99.4	
98.7	89.3	
99.3	89.5	
98.5	89.7	
99.3	19.4	
99.3	89.1	
97.3	99.6	
98.9	89.7	
88	89.5	
97.9	69.5	
98.9	88.7	
98.7	99.2	
98.7	99.6	
78.5	99.6	
98.3	79.2	
98.7	99.4	
89	99.4	
57.7	99.6	
89	99.6	
98.9	69.7	
98.3	99.4	
99.1	99.4	
98.9	99	
98.9	79.4	
98.5	99.6	
98.7	99.6	
98.9	59.2	
98.9	99.6	
99.3	99.6	
97.1	89.3	
88.6	79.6	
89	99.6	
99.3	78.2	
88.2	99.6	
78.9	89.5	
89.4	69.5	
99.1	79.6	
98.9	39.4	
99.3	79.6	
98.5	79.4	
99.1	89.5	
98.3	59.4	
78.9	99.4	
87.2	69.5	
98.9	68.9	
98.7	99	
98.9	69.3	
88	99.6	
99.3	99.4	
78.1	69.7	
68.4	99.6	
89.4	98.6	
86.4	99.6	
89	99.6	
87.8	89.5	
89	89.5	
69	99.4	
89	99.6	
58.1	89.5	
78.5	89.3	
88.4	79.6	
76.7	98.8	
88.6	99.2	
76.5	69.3	
78.5	78.6	
98.9	89.3	
98.1	99.6	
88.6	69.7	
99.3	99	
89	78.8	
99.1	89.3	
99.1	99.6	
88	99.4	
98.9	99.2	
98.9	99.6	
98.7	98.6	
98.9	89.1	
87.6	99	
88.4	99.4	
98.7	88.9	
99.3	89.7	
98.9	99.6	
88.6	89.3	
99.3	99.6	
89	99.6	
89	89.3	
67.2	99.6	
98.7	79.2	
88.6	99.6	
98.1	99.6	
99.1	89.7	
88	89.7	
98.7	99.4	
98.3	99.4	
78.9	99.4	
99.1	99.4	
98.3	89.3	
89.2	88.9	
98.7	99.2	
89.2	99.4	
99.1	98.6	
98.7	99.2	
57.5	99	
98.7	89.5	
78.9	99.4	
99.1	99.4	
98.3	99.6	
68.4	99.6	
89	89.3	
77.5	29.3	
87.8	69.3	
98.9	99.4	
99.3	99.4	
89	99.2	
98.9	99.6	
88.6	99.6	
78.5	89.3	
98.5	99.4	
98.5	99.4	
99.3	69.7	
89	99.4	
89	89.7	
89.4	78.6	
99.1	99.6	
98.5	99.6	
79.1	99.6	
89.2	99.4	
98.1	89.3	
99.1	99.6	
68.2	99.4	
58.7	99.6	
88.8	99.2	
97.9	99.2	
99.1	89.1	
98.7	89.1	
99.1	99.6	
89.2	99.2	
98.7	99.2	
99.3	99.6	
88.8	89.1	
98.9	98.8	
98.9	99.6	
88.6	99.6	
99.3	99.6	
98.5	99.6	
99.3	89.5	
88	99.4	
98.9	99.6	
78.3	59	
98.7	68.9	
99.1	78.8	
