4.2	-165.4	
78.1	39	
46	59	
67	59.6	
98.5	78.8	
94.7	87.9	
98.9	69.1	
97.7	87.9	
65.4	58.8	
97.3	-24.2	
84.4	87.7	
98.5	99.6	
99.3	98.6	
87.8	99.2	
98.3	89.3	
86.6	89.3	
97.7	99.4	
66.2	78.2	
87	99	
99.3	99.4	
97.7	78.4	
75.5	98.8	
87	78.2	
95.7	99.6	
99.3	99.4	
99.1	89.7	
99.3	99.2	
88.6	79.2	
88.6	89.5	
98.9	99.6	
98.9	99.2	
97.9	78.8	
89.2	58.2	
89	78.6	
98.5	99.4	
99.3	98.8	
98.1	88.7	
98.5	98.4	
89.2	98.6	
93.5	99	
98.3	99.6	
78.7	79	
99.3	89.5	
87.6	99.6	
98.9	88.9	
99.1	99.4	
87.4	99.6	
98.7	99.6	
87.8	99.6	
98.7	99.4	
99.1	99.4	
99.1	99.6	
88.8	99.4	
99.1	69.7	
89.2	89.3	
89.4	59.2	
98.5	89.3	
88.6	99.6	
88.8	89.1	
89	99.6	
99.3	-11.1	
97.9	99.6	
98.9	99.6	
99.1	99.4	
88.8	99.6	
98.3	88.9	
84	99.4	
89	89.1	
94.7	99.4	
97.1	99.4	
99.3	99.4	
99.3	69.1	
98.5	99.2	
98.1	99.2	
75.9	99.6	
87.6	99.6	
98.7	99.6	
88.6	99	
79.3	99.4	
77.9	99.6	
98.9	99.6	
98.3	79.2	
98.9	99.6	
89.4	99.6	
88.8	89.7	
99.1	99.4	
79.5	89.5	
87.4	99.6	
89.2	79.4	
97.7	89.1	
88.4	99.4	
98.3	99.6	
99.3	89.3	
98.7	99.6	
98.1	99.4	
78.9	99.4	
78.5	89.5	
98.9	99.4	
69.2	99.6	
98.9	99.4	
89.2	89.5	
89.2	89.5	
98.5	99.4	
88.8	89.5	
98.7	89.3	
89.2	99.4	
98.7	99.4	
88.6	89.5	
89	99.6	
99.1	99.6	
99.3	99.4	
89.4	89.5	
99.3	79.4	
77.5	69.7	
98.9	99.6	
78.7	99.6	
99.3	79.2	
88.6	89.7	
98.5	88.7	
98.9	69.7	
98.7	99.4	
89.2	99.6	
98.7	99.6	
98.9	99.6	
88.4	89.7	
89.2	99.6	
99.1	99.6	
98.7	99.4	
99.1	99.4	
99.3	57.6	
98.3	99.6	
99.1	99.6	
99.3	19.2	
98.7	99.6	
98.7	79	
98.3	99.4	
99.1	99.4	
99.1	89.5	
99.3	89.1	
88.6	99.6	
98.9	99.2	
98.9	99.6	
89	99.6	
98.7	99.2	
68.8	99.4	
98.9	59.2	
99.1	99	
79.1	99.2	
98.7	99.4	
98.9	99.4	
99.3	59.6	
98.9	99.6	
98.3	99.4	
88.8	99	
98.5	99.2	
88.8	99.6	
88.2	79.4	
99.3	99.6	
99.3	89.3	
98.7	99.6	
88.8	99.6	
98.9	99.6	
88.4	99.6	
88.6	89.5	
99.1	99.6	
98.5	79.4	
99.3	99.6	
88.8	99.6	
99.3	88.5	
98.3	99.6	
99.1	89.1	
79.1	99.6	
98.9	99.4	
99.3	89.5	
98.9	79.6	
88.2	89.3	
89.2	99	
97.9	69.1	
89	89.3	
99.3	89.5	
98.3	89.1	
98.9	99.4	
78.1	99.4	
98.9	99	
98.5	89.7	
98.7	99.6	
79.3	99.6	
98.7	69.5	
89.4	89.3	
67.8	99.6	
99.1	99.6	
98.7	99.6	
98.9	99.6	
78.9	99.4	
89.4	89.7	
68.6	89.5	
98.9	99.4	
98.9	99.6	
98.1	99.6	
89.2	79.4	
89.2	99.2	
98.9	99.2	
99.1	99.6	
99.3	99.4	
79.3	99.4	
88.6	89.5	
79.1	99.4	
98.7	99.4	
88.2	99.6	
99.3	99.6	
89	99.6	
98.7	99.6	
78.7	89.1	
79.1	99.6	
99.3	99.6	
89	99.4	
99.3	99.4	
88.4	89.3	
98.3	99.6	
89.2	99.6	
99.1	99.6	
88.4	99.6	
89	99.4	
98.5	99.6	
98.5	99.6	
99.1	79.4	
98.9	99.4	
98.5	89.5	
99.1	99.4	
99.3	89.5	
98.7	79.4	
98.5	99.4	
98.9	89.3	
99.1	99.6	
89.4	79.4	
98.9	99.6	
99.3	99.4	
99.3	99.4	
99.3	99.2	
97.3	89.1	
99.1	99.2	
98.7	79	
99.1	99.6	
89.2	99.6	
88.8	89.7	
99.1	99.6	
99.1	89.5	
99.1	99.6	
88	99.6	
98.9	99	
98.7	99.6	
99.3	99.6	
89	99	
88.6	99.6	
98.9	99.6	
99.3	88.7	
99.3	79.2	
89.4	99	
89	99.6	
99.3	99.6	
98.9	99.4	
98.3	99.4	
99.3	89.1	
78.7	99.6	
99.3	99.6	
89	99.6	
99.3	99.6	
99.3	99.4	
99.3	89.5	
79.3	99.2	
99.3	59.2	
89.2	99	
99.1	69.7	
99.3	89.5	
99.1	99.2	
99.3	99.6	
99.3	99.6	
98.3	99.4	
99.1	99.6	
99.1	99.4	
99.1	99.4	
78.5	99.6	
98.1	89.3	
98.5	99.6	
89.4	99.4	
99.3	89.7	
89.4	99	
87.2	68.7	
98.1	99.4	
87.8	99.6	
98.9	99.6	
99.1	99.4	
98.9	99.6	
89.2	99.4	
88.6	89.5	
78.7	99.6	
98.9	99.4	
98.7	89.3	
88.6	99.6	
88.6	99.4	
99.1	99.6	
98.3	99.4	
88.2	99.6	
99.3	99.2	
98.9	99.4	
99.3	99.4	
89.4	99	
88.6	99.6	
99.1	99.6	
99.3	99.4	
79.1	59.6	
98.5	99.6	
99.3	99.4	
89.2	99.6	
98.9	99.6	
98.1	99.4	
99.1	99.4	
89.4	88.7	
89.4	89.1	
99.1	99.6	
88.4	99.4	
99.3	89.5	
99.1	69.1	
89	99.4	
89	99.6	
99.1	99.6	
99.3	99.6	
98.3	99.6	
99.3	99.6	
89.2	59.4	
98.7	89.7	
98.7	79.6	
88.8	99.6	
99.3	89.5	
88.4	99.6	
98.7	99.6	
89.4	99.6	
99.1	99.4	
98.9	99.6	
99.1	99.2	
89.2	89.3	
79.1	99.6	
99.1	99.6	
99.3	99.4	
89.4	99.6	
88.8	99.6	
99.3	79.4	
79.1	89.5	
98.5	99.4	
99.3	99.6	
99.1	89.7	
99.3	99.4	
88.8	99.2	
99.3	99.4	
98.7	99	
99.3	99.4	
89.2	79.4	
89.2	89.7	
98.7	99.6	
88.8	99.6	
98.9	99.4	
98.9	99.6	
99.1	99.6	
99.3	89.7	
88.4	98.8	
88.8	99.6	
99.3	99.4	
99.3	49.7	
99.1	99.6	
99.3	79.6	
99.1	99.2	
97.9	99.6	
99.1	99.2	
99.3	99.6	
89.4	99.6	
99.1	89.7	
99.1	99.6	
99.3	99.4	
98.7	89.7	
99.3	79.4	
99.3	99.2	
89.2	89.3	
99.1	99.4	
98.5	89.7	
89	99.6	
98.7	99.4	
99.3	89.5	
98.9	99.2	
88.6	99.6	
99.3	89.3	
89.4	89.7	
99.3	79.2	
99.3	89.5	
98.9	69.1	
99.1	99.4	
68.6	99.6	
98.9	89.5	
99.1	99.6	
99.3	99.4	
99.1	99.4	
89.2	89.7	
98.9	99.6	
88.8	99.4	
78.9	99.6	
68.6	99.6	
98.5	99.6	
99.3	99.6	
69	89.1	
99.1	99.6	
98.5	79.4	
98.9	69.1	
89.4	89.1	
98.9	99.2	
98.7	69.1	
99.3	79.2	
89.2	99.4	
99.1	89.3	
89	99.2	
99.1	99.4	
99.3	89.5	
98.1	99.6	
99.3	99.4	
98.9	99.6	
99.1	99.6	
99.1	69.1	
99.3	99.6	
99.1	99.6	
98.9	99.4	
99.3	99.4	
98.9	99.6	
98.5	99.6	
98.5	69.3	
89.2	99.6	
98.1	79.4	
99.3	69.3	
49.2	99.6	
89	99.6	
98.5	89.5	
78.7	99.2	
59.1	99.4	
98.3	79	
99.3	59.4	
99.1	99.6	
78.3	98.8	
98.9	89.5	
89.2	99.6	
98.3	99.4	
99.1	99.6	
89.4	89.5	
98.7	99.6	
99.1	99.6	
78.9	99.6	
98.7	79	
99.1	99.4	
89	99.6	
89.4	69.5	
87.8	89.3	
88.2	99.6	
89	99.6	
88.6	99.4	
99.1	89.5	
78.7	89.3	
89.4	99.6	
98.9	78.8	
78.9	99.2	
99.1	99.6	
99.3	89.5	
98.9	99.6	
98.9	88.9	
89	79.6	
89.2	99.2	
89	48.7	
99.1	99.4	
89	99.4	
88.2	99.6	
98.5	99.6	
89	99.2	
99.1	99.6	
99.3	69.7	
99.3	99.6	
98.7	99.6	
89.2	99.6	
89.2	79.2	
98.7	99.4	
79.3	99.6	
99.3	79.2	
99.3	99.4	
98.7	99.6	
98.7	99.4	
78.5	79	
99.3	99.6	
98.9	99.6	
99.3	89.3	
88.8	88.9	
89	89.3	
98.3	99.4	
99.1	89.1	
99.3	99.6	
87.8	99.6	
98.7	99.6	
