22.4	-432.9	
88.8	69.3	
67.4	6.9	
85.6	38.6	
86.2	89.5	
97.7	-1.6	
87.8	99.2	
78.1	99.6	
87.8	39.8	
77.5	99.4	
98.9	98.8	
98.9	79.4	
78.7	99.6	
98.7	99.2	
97.5	99.4	
97.9	89.7	
98.9	99.6	
98.9	59.4	
99.1	98.2	
99.3	78.8	
89.2	99.4	
99.1	99.6	
99.1	79.8	
87.6	69.3	
98.9	99.2	
99.3	89.7	
78.3	99.6	
89.4	88.5	
89.4	-1	
97.1	88.9	
99.3	89.5	
79.3	98.6	
78.9	89.3	
89	99.6	
98.5	99.6	
89.4	99.4	
98.9	99.4	
99.1	88.7	
88.8	88.9	
98.3	99.4	
88.4	78.8	
78.7	99.6	
98.9	89.3	
98.9	89.7	
98.9	49.3	
77.1	99.6	
98.9	89.7	
97.3	99.4	
99.1	98.4	
98.5	99.6	
89	89.7	
98.7	99.6	
98.9	99	
99.3	99.4	
99.3	69.3	
99.3	89.3	
98.9	99.6	
89.2	99.4	
99.1	89.5	
98.7	58.4	
88.4	89.5	
99.3	98.4	
98.7	69.7	
78.9	99.6	
88.4	89.5	
79.1	99.6	
89	99.6	
99.3	99.6	
99.1	99	
78.5	79.4	
98.3	99.6	
98.3	99.6	
99.1	99.6	
89.4	99.6	
98.9	99	
98.9	99.4	
98.9	89.3	
88.2	69.1	
98.9	99.6	
89.2	79.4	
98.7	98.8	
99.1	99.4	
99.3	99.6	
99.3	98.6	
99.3	99.6	
99.1	89.1	
88.6	99	
98.9	79.6	
99.3	98.6	
78.3	99.6	
98.9	99.4	
88.8	69.1	
89.2	99.4	
99.1	99.6	
78.1	99.6	
99.1	89.5	
99.3	99.6	
98.3	99.2	
98.9	69.1	
98.5	89.1	
98.9	99.6	
99.1	99.6	
99.3	99.6	
98.5	98.6	
99.1	98.6	
98.7	99.6	
99.3	79.4	
98.9	88.9	
99.1	99.6	
99.3	69.1	
99.3	99.6	
99.3	99.2	
98.7	79	
99.3	99.2	
89	79.4	
98.3	79.8	
98.9	99.6	
98.9	99.6	
98.9	88.5	
98.7	99	
88.8	99.6	
78.9	39.2	
98.9	99.6	
98.9	89.3	
98.3	99.2	
87.8	79.8	
89	99.4	
99.3	88.9	
89.4	99.4	
99.1	99.4	
99.3	79.4	
98.9	99.6	
89.4	89.1	
98.9	69.1	
98.3	58.8	
98.1	99.2	
97.9	99.6	
99.3	99.4	
88.6	99.4	
99.3	89.5	
68.6	99	
78.9	99.6	
99.3	79.2	
99.3	99.6	
98.7	79.4	
99.3	99.6	
99.1	89.5	
98.7	99.6	
99.3	99.4	
89.2	99.6	
99.1	99.2	
99.1	99.6	
98.9	99	
88.4	99.2	
99.3	99.2	
98.9	99	
99.1	99.6	
98.5	99.6	
98.7	99.6	
98.9	99.6	
98.5	99.2	
98.7	89.1	
98.7	99.6	
99.1	89.5	
88.6	79.8	
99.1	99.6	
99.3	78.8	
98.7	88.5	
98.7	59.4	
89	99.6	
98.7	78.8	
99.3	99.6	
99.3	99.6	
98.9	89.5	
88.4	99.6	
98.9	99.6	
99.3	99.6	
99.3	99.6	
58.1	99.6	
98.7	79.6	
89.2	99	
89	99.2	
69.2	99.6	
99.1	99.4	
98.3	99.4	
99.3	99.2	
89.2	99.6	
88.6	99.6	
98.7	89.5	
68.4	99.4	
99.1	99.6	
98.7	99.4	
98.9	99	
99.1	99.2	
98.7	99.6	
28	89.7	
98.7	89.7	
99.3	99.4	
88.8	79	
97.5	99.6	
89	17.6	
88.6	89.3	
88.8	99.4	
99.3	99.6	
89	99.6	
98.9	99.6	
99.3	99.6	
99.3	99.6	
88.6	99.4	
98.9	89.5	
99.3	99.4	
99.3	39	
98.9	99.6	
99.1	99.2	
89.4	99.6	
99.3	99.6	
88.8	99.6	
99.3	99.6	
88.6	89.5	
98.7	89.3	
99.1	98.8	
78.3	79.8	
99.3	99.6	
98.7	99.4	
98.9	99.6	
98.5	89.1	
98.9	99.4	
98.9	99.2	
98.9	99.4	
98.9	99.6	
98.3	39.6	
99.3	99.4	
88.8	99.4	
98.5	99.6	
99.3	99.6	
99.1	79.2	
99.1	78.6	
98.7	99.6	
78.7	99.4	
99.3	99.6	
88.6	99.6	
99.3	99.4	
99.1	99.6	
69.2	99.6	
89.2	99.4	
88.6	99.4	
89.2	99.6	
98.9	99.6	
88.2	99.6	
98.9	99.4	
98.9	99.4	
99.1	99.6	
88.8	99.6	
98.9	99.6	
99.1	89.3	
99.1	99.6	
98.9	99.4	
89	99.6	
99.3	99.6	
87.4	89.7	
78.7	99.6	
99.3	99.6	
99.3	89.5	
99.1	89.1	
88.4	99.4	
99.1	99.4	
89	99.2	
98.9	99.4	
98.7	99.6	
99.1	99.6	
99.1	99.6	
88.6	99.2	
89.2	79.8	
99.3	99.2	
98.9	89.3	
88	99.6	
99.3	79.6	
98.3	99.6	
98.7	89.3	
99.3	99.4	
87.6	99.6	
98.1	88.7	
98.7	99.6	
88.8	99.6	
99.3	99.6	
88.2	89.7	
99.1	99.6	
99.1	99.4	
98.5	99.4	
98.5	99.6	
99.1	99.4	
88	99.2	
88.6	99.4	
99.3	99.4	
89.4	89.5	
98.7	99.4	
98.3	99.6	
89	99.4	
89.2	99.2	
98.9	99.4	
89.2	99.6	
87.8	99.6	
99.1	99.2	
98.7	99.6	
99.3	89.3	
99.3	79.2	
99.1	99.2	
88.4	99.6	
98.9	99.6	
99.3	99.2	
99.1	99.6	
89	99	
99.3	99.4	
89.2	99	
98.9	89.7	
88.4	99.4	
98.5	79.6	
88.8	99.4	
99.3	89.7	
99.3	99.6	
99.1	59.8	
99.1	99.2	
99.3	89.5	
99.3	78.6	
99.1	99.2	
88.8	99.4	
88.6	99.6	
78.9	99.6	
89.2	79.8	
98.9	99.6	
99.3	99.6	
99.3	99.6	
98.3	69.3	
88.6	99.6	
99.3	99.4	
99.1	99.6	
98.7	78.2	
99.3	99.6	
89.4	89.5	
88.8	99.4	
99.1	99.6	
99.1	99.6	
99.1	69.3	
98.9	99.6	
98.7	99.6	
99.1	99.4	
99.3	79.6	
98.1	99.6	
89	99.6	
89.4	99.6	
99.3	89.5	
89.4	99.6	
99.3	39.8	
88.4	99.2	
99.3	79.2	
99.1	79.8	
98.9	99.2	
99.3	99.4	
99.3	99	
89	99.2	
99.3	99.6	
99.3	99.6	
98.7	49.7	
98.9	99.6	
88.2	99.6	
99.1	59.4	
98.7	99	
99.1	99.6	
98.9	59	
89.2	99.6	
88.8	98.8	
99.1	89.3	
89	99.4	
89	99.2	
99.3	99.6	
89	99.6	
98.7	89.5	
99.3	99.4	
99.3	89.5	
98.7	99.2	
98.7	99.6	
99.1	79.8	
99.1	99.6	
99.1	99.4	
98.9	89.5	
99.1	99.4	
98.7	99.6	
79.3	99.6	
99.3	89.5	
89.4	99.6	
99.3	99.4	
99.3	89.5	
88.6	89.7	
99.1	99.4	
99.3	89.7	
98.3	89.3	
99.3	99.6	
99.1	99.6	
98.9	79.6	
99.1	59.6	
99.3	99.2	
89.2	99.4	
89	99.2	
78.7	99.6	
99.3	99.6	
99.3	99.4	
98.7	99.6	
99.3	99.6	
89	99.6	
88.8	99.6	
99.1	48.7	
79.3	99.6	
99.3	99.6	
98.9	79.6	
99.3	99.2	
99.1	99.2	
89	89.7	
99.1	99	
78.9	99.6	
98.9	89.3	
68.6	99.4	
98.7	79.2	
88.8	69.1	
98.7	99.4	
99.3	99.4	
98.9	99.4	
89	99.4	
89.2	88.9	
99.3	99.4	
99.3	99.4	
79.3	99.6	
88.2	99.2	
99.3	99.4	
98.9	99.6	
89	99.6	
78.9	99.6	
98.7	99.6	
98.9	99.4	
98.7	99.4	
99.3	79.6	
98.9	99.4	
78.7	88.9	
89.4	99.4	
98.7	79.8	
79.1	99.6	
99.1	99.6	
88.4	99.6	
89.2	99.6	
98.9	88.9	
98.9	99.6	
99.3	99.6	
78.7	69.7	
99.3	99.6	
97.9	99.4	
98.7	99.6	
99.1	99	
99.1	99.4	
98.5	89.1	
99.1	99.2	
78.9	79.4	
99.3	99.6	
89.4	99.6	
68.8	99.6	
99.3	99.4	
99.1	99.6	
99.3	99.6	
99.1	99.4	
98.9	99.6	
79.1	99.6	
98.7	99.4	
98.9	99.6	
99.3	99.6	
98.9	89.5	
89.2	89.3	
99.1	99.6	
99.1	89.7	
99.1	99.6	
99.3	99.6	
99.1	99.6	
88.6	99.6	
88.8	89.7	
89.2	99.6	
99.3	99.2	
97.9	99.4	
99.3	89.3	
99.1	99.6	
88.2	99.2	
99.1	98.8	
99.3	99.4	
99.1	99.4	
78.7	99.4	
99.1	99	
99.1	79.8	
98.7	98.8	
88.8	99.4	
99.3	99.4	
99.1	89.3	
88.8	99.6	
99.1	79.8	
99.3	89.7	
