-65.7	-102	
67.4	58	
21.4	85.7	
45.2	69.3	
67.6	98.8	
98.9	88.9	
88.6	99	
75.1	68.9	
76.9	57.8	
-43.8	75.8	
78.1	89.3	
97.7	78.6	
98.3	89.5	
97.3	88.9	
89.2	99.4	
-99.3	88.9	
99.3	69.3	
75.7	89.5	
29.3	99.6	
78.7	89.7	
87.8	79.2	
64.8	-0.8	
97.9	8.7	
89	69.5	
94.7	36.6	
78.7	99.2	
97.1	99.2	
56.3	-1.4	
78.3	79.4	
98.9	79.6	
77.9	99	
88.8	19.4	
56.7	78.8	
88.8	99	
88	99.6	
89	88.9	
89.4	-11.3	
58.3	99.4	
98.9	99	
89.2	99	
58.1	68.3	
68.8	79.8	
78.5	89.7	
78.3	89.3	
89.2	99.6	
78.7	89.3	
87.8	37.6	
85.8	99.6	
98.7	99.2	
99.1	99.4	
67.6	99.6	
89	99.6	
56.1	99.2	
78.1	99	
47.6	88.7	
98.5	99.4	
97.5	99.2	
58.1	78.8	
88.8	39	
99.1	99.4	
78.7	79.2	
98.9	79.6	
99.1	48.3	
34.3	99.6	
98.9	99.6	
76.7	89.1	
88.2	79.8	
86	88.9	
79.1	99.4	
77.3	69.3	
97.5	89.7	
89.2	99.2	
86.4	69.3	
88.2	99.4	
76.5	79.4	
89.4	99.6	
88.2	88.9	
68.4	99.4	
97.7	69.7	
98.5	89.7	
78.9	89.3	
86.2	89.7	
88.4	89.7	
77.3	78.4	
99.1	89.7	
88.6	99.4	
97.7	89.7	
48.2	38.6	
76.9	-51.9	
88.6	-21	
99.3	99.6	
98.7	79.4	
67	59	
98.9	99.4	
67.8	99.6	
87.2	79.4	
88.6	99.2	
97.3	79.6	
86.4	38.6	
78.1	99.6	
78.3	98.6	
99.1	98	
78.9	89.7	
87.4	78.4	
98.7	99.6	
87.8	89.7	
68.6	89.3	
89	99.6	
77.9	69.7	
68	48.7	
98.9	78.8	
88.2	98.4	
57.9	78.4	
98.9	69.3	
99.3	49.3	
89	99.4	
68.2	99.2	
62.6	99.2	
88.2	99	
68.8	79.8	
88.6	79	
79.1	89.1	
86.2	88.9	
83.6	-1.4	
98.9	99	
88.2	99.2	
79.1	99.6	
97.9	78.8	
98.7	68.5	
88.6	59.2	
88.4	99	
88	79	
77.7	48.7	
98.3	99.4	
98.9	79.4	
88.4	89.7	
98.7	89.5	
98.7	99.6	
68.2	69.3	
98.9	99.6	
89.4	89.5	
88.4	57.6	
98.9	99.4	
98.3	78.6	
78.9	79	
79.1	89.5	
88.4	89.7	
87.4	-41.2	
77.5	79.4	
89.2	89.5	
98.5	68.9	
87.8	99.4	
25.2	59.2	
37.9	89.3	
79.1	89.5	
68.8	99.2	
66.6	88.9	
89.4	59.6	
97.1	89.5	
78.9	78.6	
99.1	99.4	
99.3	99.6	
98.7	79.6	
76.3	79.2	
98.9	67.1	
98.3	88.5	
98.9	99.6	
98.3	89.5	
99.3	99.6	
68	99.2	
57.7	99.6	
98.7	27.5	
98.3	99.4	
98.9	89.3	
99.1	69.7	
57.1	69.3	
46.4	69.1	
68.4	99.2	
99.1	79	
98.9	99.4	
89	89.1	
88.6	68.7	
78.3	99	
58.5	79.2	
26.6	78.8	
99.3	99.2	
99.3	99.2	
48.2	79.4	
98.9	79.8	
57.9	59.6	
68.2	99.4	
89	99.4	
99.3	99	
99.1	99	
88.4	89.1	
97.9	99.4	
85.8	98.8	
97.5	88.9	
89	79.6	
98.7	99.4	
77.3	48.7	
88.8	89.1	
68.4	99.2	
98.9	89.5	
76.3	79.4	
97.3	77	
98.5	99.6	
56.1	67.7	
89.2	99.2	
88.6	89.5	
78.3	99	
48.4	89.5	
87.8	89.7	
88	69.3	
98.9	99.4	
99.1	89.3	
98.9	69.5	
88.4	79	
-7.3	89.1	
68	49.5	
79.1	9.1	
66.4	68.5	
56.1	38.6	
78.1	99.4	
68.4	99.6	
87.4	99.6	
89.2	89.7	
97.9	99.6	
78.1	67.7	
77.3	99	
89	79	
77.9	79.4	
68	99.6	
68.6	99.2	
68	99.6	
87.2	99.6	
76.9	79.2	
88.2	79.6	
97.3	89.7	
96.9	38.8	
99.1	99.6	
98.7	87.7	
88.4	-30.9	
98.3	78.6	
68.4	69.3	
89	-61.6	
98.9	68.9	
77.1	99.4	
78.3	78.6	
88.4	98.6	
75.5	99.2	
78.5	99.4	
98.7	69.3	
78.7	99.4	
77.9	79.4	
87.4	88.3	
78.9	79.6	
77.1	99.6	
98.3	99.6	
68	99.6	
79.5	89.5	
87.2	99.4	
98.3	-31.9	
88.8	89.7	
68	99.6	
89.2	87.7	
78.1	49.3	
99.3	18.8	
98.7	99.4	
99.1	78.6	
87	99.4	
98.5	99.6	
79.3	99.2	
98.3	89.5	
68	69.3	
79.3	99.6	
88.6	59.4	
45	59.6	
98.5	99.6	
88.6	59.4	
57.7	98.8	
87.8	89.5	
78.5	99.6	
58.5	68.9	
88.8	99.6	
25	28.3	
98.9	88.9	
98.7	79.6	
88.6	99.2	
99.1	68.3	
88.4	99.6	
98.9	78.8	
99.1	99.6	
88.8	69.3	
98.7	99.6	
98.7	99.6	
76.7	89.3	
98.3	89.1	
88.4	88.3	
98.7	99.2	
77.3	69.1	
88.8	89.1	
98.7	38.4	
99.1	88.7	
98.7	99.4	
98.1	99.6	
87.8	78.8	
76.3	89.3	
68	89.7	
77.5	99.6	
87.8	89.5	
98.7	99.6	
87.4	78.6	
99.3	99.6	
88.4	79.6	
79.1	99.4	
99.1	99	
58.3	99.2	
58.5	99.4	
76.7	48.9	
46.4	99	
88.6	69.7	
98.1	38.4	
67.8	89.7	
77.1	78.8	
89.2	19	
98.9	88.9	
69	99.6	
98.7	89.1	
88.2	-1.2	
77.9	99.2	
67.2	99.6	
86.6	99.6	
98.3	99.6	
98.5	99.6	
98.9	99.6	
88.4	99.2	
87.4	99.4	
98.9	88.3	
98.9	57.8	
98.5	89.1	
88.6	99.4	
68.2	99.6	
87.6	99.6	
87.4	79	
98.5	99.4	
77.9	79.6	
66.8	99	
98.5	89.5	
88.8	89.5	
77.7	88.5	
98.3	99.2	
87.8	79.2	
99.3	89.3	
98.9	89.5	
98.1	99.4	
88	89.5	
78.5	79	
66.6	89.1	
99.1	89.1	
77.7	99.4	
89	89.3	
89	79	
47.6	99.6	
87.6	89.3	
55.1	89.5	
96.5	69.3	
67	99.4	
88.8	99.6	
78.9	99.6	
87	77.8	
55.5	88.9	
85.4	99.4	
88.8	59.4	
56.3	99.4	
88.6	98.8	
86.2	69.1	
77.7	49.1	
77.3	69.1	
88	98.6	
76.1	99.6	
88.8	88.9	
46.2	89.3	
67.8	98.2	
87.6	45.9	
99.1	99.6	
79.1	99.2	
89.2	89.5	
77.5	88.9	
88.6	89.1	
68.4	98.6	
67.2	89.3	
77.7	99.6	
98.1	99.6	
95.3	89.3	
77.3	99.6	
97.5	99.4	
56.7	89.1	
78.3	99.4	
88.8	99.2	
57.3	99.6	
88.2	99.6	
77.1	89.7	
88.4	99.2	
98.1	99	
97.7	79.8	
76.7	89.7	
87.4	99.6	
36.3	79.4	
58.7	99.4	
46.2	39.6	
54.9	99.2	
97.5	89.1	
77.5	89.7	
78.9	8.3	
96.9	-1.2	
94.7	58.2	
88	99.4	
77.5	89.5	
98.5	79.4	
76.1	89.1	
77.9	89.3	
88.8	68.9	
88.6	78.8	
67.8	99.4	
37.1	99.4	
99.1	69.5	
98.9	98.8	
87.6	99.4	
46.6	89.1	
88.2	99.4	
87.8	78.4	
79.1	58.8	
67.2	88.7	
88.2	99	
76.3	99.6	
97.9	99.2	
78.9	98.8	
97.3	99.4	
98.9	28.5	
77.7	99.2	
98.9	89.7	
52.1	88.9	
89.2	67.7	
87.6	88.3	
79.1	79.6	
88.2	78.8	
87.8	99.2	
89	98.8	
98.7	89.1	
88.8	79	
87.6	89.5	
56.5	79.6	
98.7	99.2	
99.1	89.3	
77.7	99.4	
78.3	89.3	
78.3	89.1	
99.1	89.1	
74.9	79.4	
47.2	79.6	
16.1	89.3	
68.8	39.4	
87.8	89.7	
78.1	79	
78.3	99.6	
88.6	99.4	
76.7	99.4	
89.2	68.9	
77.7	79.2	
89.4	99.4	
97.9	99	
57.1	89.3	
89.4	79	
87.8	88.9	
78.3	89.5	
89.2	98.8	
67.2	89.5	
88.4	99.6	
87.2	89.3	
89.4	99.4	
99.3	88.7	
76.3	99.6	
99.1	99	
47.8	99.6	
88.4	89.5	
78.5	68.1	
88.8	89.3	
87.4	99	
89.2	79.2	
86.8	99.6	
97.5	98.6	
98.5	99.4	
37.3	99.6	
98.9	69.7	
77.1	79	
98.9	99	
97.9	88.1	
88	88.9	
56.1	69.5	
