56.7	-503.4	
45.2	69.5	
99.3	89.7	
76.3	79.6	
97.5	79.8	
87.2	89.5	
99.3	89.7	
95.9	79.6	
97.5	79	
99.1	89.7	
98.1	89.7	
98.7	79.8	
99.3	79.6	
99.1	69.7	
76.7	89.7	
99.1	89.7	
99.1	89.7	
99.3	89.7	
99.1	89.7	
99.3	89.1	
99.3	89.7	
99.3	89.7	
99.3	79.8	
99.1	-64	
89.2	89.7	
97.3	49.3	
99.1	89.7	
99.1	89.7	
98.7	89.7	
98.9	79.6	
99.3	89.7	
99.3	89.5	
99.1	89.5	
99.3	89.7	
99.3	89.7	
99.1	89.7	
99.3	89.7	
99.3	89.5	
99.3	79.6	
89.2	79.4	
99.3	89.7	
99.1	89.5	
89.4	89.7	
79.1	89.7	
87.8	89.7	
89.4	89.7	
99.1	89.3	
99.1	79.2	
89.2	89.7	
99.1	79.6	
88.6	69.7	
99.3	89.7	
99.3	89.5	
88.6	59.8	
99.1	89.7	
99.3	89.7	
98.3	89.7	
98.9	89.7	
99.1	69.1	
98.9	89.7	
99.3	69.7	
99.3	89.5	
99.1	89.5	
77.9	89.7	
88.6	89.7	
99.3	79.6	
89	89.5	
98.9	89.7	
88.8	79.6	
99.1	89.7	
99.1	59.2	
86.8	89.7	
99.3	89.5	
99.1	89.7	
98.9	89.7	
99.1	89.7	
99.1	79.6	
99.1	79.6	
99.3	69.5	
88.8	79.6	
89	79.2	
99.1	89.7	
99.1	89.7	
99.1	89.7	
98.7	79.6	
98.9	89.7	
99.3	89.7	
99.1	89.5	
99.1	89.7	
98.3	89.7	
99.3	89.7	
99.3	89.7	
98.3	89.7	
98.9	89.7	
99.3	79.6	
99.3	89.7	
99.3	89.7	
99.1	89.7	
98.9	89.5	
99.3	89.5	
89.2	89.7	
79.3	89.7	
98.7	89.5	
99.3	69.3	
99.3	89.7	
89	79.8	
99.3	89.7	
99.3	89.7	
99.1	89.5	
99.3	89.5	
99.1	89.7	
99.3	89.7	
89.4	89.7	
99.3	89.7	
99.3	89.7	
99.1	69.7	
89.4	49.5	
99.3	89.7	
99.1	79.6	
99.3	89.7	
99.1	79.6	
99.3	69.7	
89.4	89.7	
99.3	79.4	
99.3	89.5	
99.1	79.6	
99.3	79.8	
99.1	89.5	
98.9	89.7	
99.3	89.7	
98.7	89.5	
89	79.4	
99.3	89.7	
99.1	69.5	
99.1	89.7	
99.3	89.7	
99.1	89.7	
99.1	89.7	
99.3	89.7	
99.3	89.7	
99.3	89.7	
99.3	89.7	
99.1	89.7	
99.1	89.7	
98.9	89.5	
98.9	89.7	
99.3	89.5	
99.3	89.5	
99.3	89.7	
99.1	89.7	
99.1	79.6	
99.1	89.7	
99.3	89.7	
98.7	89.7	
99.1	59.4	
98.5	89.7	
99.3	89.7	
89.4	79.6	
98.9	89.7	
99.3	89.7	
99.1	89.7	
99.1	89.7	
99.1	89.7	
89.4	89.3	
98.7	89.7	
99.3	89.7	
99.1	89.7	
98.9	89.7	
99.1	89.5	
99.1	89.7	
99.3	89.7	
99.3	79.6	
99.3	89.7	
98.9	89.3	
99.3	89.5	
89.2	89.7	
99.3	89.7	
99.1	69.5	
99.1	89.7	
98.9	89.7	
99.3	89.5	
99.1	89.7	
89.4	89.7	
99.1	79.6	
89.2	79.6	
99.3	89.7	
99.1	89.7	
99.3	79.6	
99.3	89.7	
89.4	89.7	
99.3	89.7	
99.1	89.7	
98.9	89.7	
98.9	89.7	
78.9	79.2	
99.1	79.6	
99.3	89.7	
98.9	79.4	
99.3	59.6	
99.3	79.6	
89.4	89.7	
99.3	38.8	
99.3	89.5	
89.4	89.7	
99.3	89.7	
99.3	89.7	
99.1	89.3	
99.1	89.7	
99.3	79.6	
89.4	89.7	
99.3	89.7	
89.4	89.3	
99.3	79.6	
98.5	89.5	
99.1	79.6	
99.3	89.7	
99.3	89.7	
99.1	89.7	
89.2	89.7	
89.2	89.7	
98.9	79.6	
99.3	89.7	
88.8	89.7	
99.3	79.6	
99.3	79.2	
98.9	79.6	
89.4	79.4	
99.3	89.7	
99.1	59.4	
99.1	89.7	
69	89.7	
99.3	89.7	
99.3	89.7	
98.9	89.7	
99.1	89.5	
99.1	89.7	
99.3	89.7	
99.1	89.7	
88.8	89.7	
99.3	89.5	
99.1	89.7	
99.1	89.7	
99.3	89.7	
99.3	89.7	
98.9	89.7	
99.1	89.7	
99.3	69.7	
99.1	49.5	
99.3	79.6	
99.3	89.7	
89.2	89.7	
88.4	79.2	
99.1	89.5	
98.9	89.7	
89.4	89.7	
98.7	89.5	
99.3	89.7	
99.3	89.7	
99.3	89.7	
99.3	89.7	
98.9	89.7	
99.1	89.7	
99.3	89.7	
89.2	79.6	
98.9	89.7	
99.3	89.7	
99.3	89.5	
99.3	89.7	
89.2	89.7	
99.1	69.3	
99.3	79.4	
88.8	89.7	
99.3	89.5	
99.3	89.7	
89.4	89.7	
99.3	89.5	
89.4	79.4	
98.9	89.3	
99.1	89.5	
99.1	69.7	
88.6	89.7	
89.4	89.7	
98.9	89.7	
99.3	69.5	
99.3	89.7	
99.3	89.7	
98.9	89.7	
99.1	89.7	
89.4	89.7	
99.3	89.7	
99.1	89.7	
99.3	89.7	
99.1	79.6	
99.3	69.7	
98.9	89.7	
99.3	89.7	
89.2	89.7	
99.3	89.7	
89.4	79.4	
99.3	89.3	
98.5	89.7	
99.3	79.6	
98.9	89.7	
99.3	89.7	
99.3	89.7	
89.4	89.5	
89	89.5	
98.5	79.6	
99.3	89.7	
99.1	89.7	
99.3	79.6	
89.4	89.1	
99.3	89.7	
99.3	89.7	
89.2	89.7	
98.9	79.6	
89	89.7	
99.1	89.7	
99.3	89.7	
99.3	89.5	
99.1	79.6	
89.4	69.5	
99.3	79.6	
89.2	89.7	
89.2	89.7	
99.3	89.7	
99.3	89.7	
89.2	89.7	
78.5	79.8	
99.3	89.7	
99.1	89.5	
99.3	89.5	
99.3	79.6	
99.3	89.7	
99.1	89.7	
99.1	89.7	
99.3	38.6	
99.3	89.3	
99.3	89.7	
99.1	69.5	
99.3	89.7	
99.1	89.7	
79.1	89.7	
99.3	89.7	
88.8	89.7	
99.3	69.5	
99.3	79.8	
99.1	49.5	
99.1	89.7	
99.1	89.7	
99.3	89.7	
99.3	89.7	
99.3	79.8	
98.9	79.2	
89.2	89.7	
99.3	59.2	
99.3	69.7	
98.9	79.8	
98.9	89.5	
99.3	89.7	
88.8	89.7	
99.3	59.2	
99.3	69.7	
99.1	79.6	
98.9	89.5	
99.3	89.7	
99.3	79.6	
99.1	89.5	
99.3	89.7	
99.1	89.7	
99.1	89.5	
89	89.7	
99.1	89.7	
99.1	89.7	
99.1	89.5	
99.3	89.7	
99.3	79.6	
99.3	89.5	
99.1	89.7	
99.3	99.6	
99.3	89.7	
99.1	89.7	
99.3	89.7	
98.7	89.7	
98.7	89.7	
99.1	89.7	
98.9	89.5	
99.1	89.7	
99.3	89.5	
99.1	89.7	
99.3	89.7	
99.3	99.4	
99.1	89.7	
99.1	89.7	
99.1	89.7	
99.3	89.5	
99.1	89.7	
98.9	89.7	
99.3	89.1	
99.3	79.2	
99.1	79.6	
99.1	89.7	
99.3	89.7	
89	89.7	
99.1	89.7	
89.2	79.6	
99.3	89.7	
99.3	39.6	
99.3	79.6	
99.3	89.7	
99.3	79.8	
99.3	79.8	
99.3	89.3	
99.3	89.5	
98.5	89.7	
99.3	79.4	
98.9	89.7	
98.9	89.7	
99.3	89.3	
99.3	89.7	
99.3	89.7	
99.3	79.6	
99.3	89.7	
99.3	79.6	
99.3	89.7	
79.1	89.7	
98.9	89.7	
99.1	79.6	
99.1	89.7	
99.3	89.7	
99.3	89.3	
88.2	89.7	
79.1	89.7	
99.3	89.3	
99.1	79.6	
99.3	59.6	
99.1	79.6	
99.3	89.7	
99.1	89.7	
99.3	89.5	
98.9	69.5	
88.8	89.7	
99.3	89.7	
99.3	89.7	
99.3	89.7	
99.3	69.3	
99.1	79.4	
99.3	89.7	
99.3	89.7	
99.1	69.5	
99.3	89.7	
98.7	89.5	
99.1	89.5	
99.3	89.7	
99.3	89.7	
89.2	69.7	
99.1	89.7	
99.1	89.7	
89.2	89.7	
99.3	89.7	
99.1	79.4	
99.3	89.7	
89.2	89.7	
98.9	89.7	
89.4	89.7	
99.3	89.7	
98.9	89.7	
88.8	89.7	
99.3	79.6	
99.3	79.6	
99.1	69.5	
99.3	89.7	
99.1	89.3	
99.3	89.7	
99.1	89.7	
99.3	89.5	
99.3	59.4	
99.1	69.7	
89.2	89.7	
99.3	79.8	
98.9	89.7	
99.3	89.7	
99.3	89.7	
99.3	89.5	
99.3	59.2	
89.4	79.2	
99.1	89.7	
99.1	89.7	
98.9	89.7	
89.4	89.7	
99.1	89.7	
89.4	89.1	
98.9	89.7	
98.7	59.4	
99.1	89.7	
99.3	79.8	
99.3	69.5	
98.9	59.4	
99.1	89.7	
98.9	89.7	
