35.7	-161	
-6.9	38.2	
98.7	66.7	
89	-11.1	
54.3	78.4	
65	26.9	
89.4	78	
67	99.2	
89.2	99.4	
94.9	99.6	
86.8	99.4	
96.9	99.6	
77.9	99.4	
75.3	98.6	
98.9	78.6	
99.1	79	
76.7	98.6	
66.4	77.4	
77.9	49.3	
99.3	78.6	
87.6	68.1	
88.8	99.2	
89.2	68.9	
77.7	99.6	
88.8	69.1	
98.9	99.6	
99.1	99	
97.5	78.8	
78.9	99.4	
68.6	89.3	
86.4	99.6	
98.5	99.6	
98.7	99.6	
99.1	99.2	
99.1	99.6	
99.1	48.5	
68.2	98.6	
99.1	98.4	
88.8	89.3	
89	79.2	
97.9	99.2	
87	79	
98.7	89.7	
88	99.6	
89.2	99.6	
98.5	69.5	
88.6	99.6	
88.4	98.4	
87.8	98.8	
98.7	88.9	
98.7	69.5	
99.3	89.3	
57.7	99.2	
99.3	99.6	
99.3	99.6	
89.4	99.2	
89	99.4	
98.3	99.6	
87.8	99.2	
66.6	79.6	
88.8	99.6	
97.3	99.4	
89	99.6	
86.6	79.2	
99.3	89.1	
89.4	89.5	
98.9	98.8	
98.3	89.5	
98.7	99.2	
78.7	89.5	
98.7	89.3	
89	89.5	
88.6	79.6	
88.8	89.7	
89.4	99.2	
97.7	39	
98.9	89.7	
79.3	79.6	
89.2	89.1	
65.6	88.7	
98.5	89.5	
99.3	99.4	
99.3	99.6	
88.8	88.7	
98.5	89.5	
87.8	89.3	
98.3	89.5	
78.7	99.2	
78.5	69.7	
98.9	99.2	
98.9	79.6	
76.7	68.5	
99.1	89.1	
98.5	99.4	
78.1	99.6	
99.1	99	
98.7	89.7	
37.5	99.6	
99.3	48.7	
99.3	48.9	
88.2	99.4	
98.5	89.7	
99.3	89.7	
89.2	99.6	
88.8	99.6	
89	89.5	
79.5	99.6	
79.1	98.8	
87.8	89.7	
77.7	99.6	
87.6	89.1	
99.1	38.8	
77.7	99.4	
99.1	99.6	
98.9	99.6	
89.2	89.1	
88.6	88.5	
77.9	29.3	
88.6	99.6	
69.2	68.9	
67.8	99.6	
89	99.2	
99.3	99.6	
88.8	79.4	
68.6	99.6	
96.9	69.5	
99.3	99.2	
99.1	89.5	
98.7	99.6	
88.4	99.2	
78.7	99.6	
98.7	58.4	
79.3	88.9	
98.9	89.1	
99.1	99.4	
67.4	99.6	
78.7	89.1	
98.9	99.6	
98.9	89.3	
98.5	98.6	
88	9.1	
86.2	79.2	
99.3	99	
97.1	58.8	
58.5	89.1	
98.7	29.1	
98.5	99.6	
68.6	99.6	
89.4	89.3	
89.4	99.4	
64.6	69.3	
97.5	99.2	
57.7	99.2	
99.3	99.6	
89	99.4	
48.8	99.4	
68.8	69.7	
89.4	89.3	
88.2	99.6	
78.9	99.4	
79.3	99.6	
98.7	88.9	
77.9	99.6	
88.6	59.6	
98.5	99.6	
68.6	88.9	
96.7	99.2	
98.1	99.4	
98.9	99.6	
89.2	99.4	
78.3	79.2	
99.1	99	
54.1	99	
97.9	58.6	
98.9	88.7	
97.7	99.4	
15.5	79.2	
78.9	48.1	
89.2	99.2	
99.1	99.4	
88.2	89.3	
88	98.8	
88.8	89.5	
97.9	79	
87.6	99.2	
97.9	99.4	
78.7	99.2	
99.1	99.4	
88.8	89.3	
98.9	99.4	
99.3	98.8	
97.7	98.8	
98.5	99.6	
99.1	49.5	
98.1	99.2	
98.5	99.6	
97.1	99.6	
77.7	89.5	
88.8	99.2	
67.2	89.3	
98.5	99.4	
56.3	99.6	
78.5	99.6	
89.2	89.5	
99.3	89.7	
97.9	78.8	
67	99.6	
88.6	99.4	
89.2	99.4	
78.7	99.4	
78.1	79	
78.3	99.6	
88.6	88.7	
88.2	99.6	
98.5	79	
96.5	79.6	
88.8	79	
88.8	99.4	
98.9	99.4	
97.9	89.7	
88.6	99.6	
98.5	99.2	
89.4	99.2	
98.3	89.7	
89.4	99.4	
98.3	58	
97.9	99.4	
99.1	99.4	
68.4	88.7	
98.1	99.4	
99.3	69.5	
88.6	99.6	
99.3	99.6	
99.3	89.3	
99.3	99.4	
99.3	68.9	
98.9	98.2	
99.3	79	
98.5	99	
89.2	99.6	
98.9	69.5	
88.6	89.5	
87.8	99.6	
88.8	99.6	
98.7	98.6	
79.5	89.3	
89.4	58.8	
88.6	89.5	
78.9	99.6	
99.3	99.4	
98.7	99.2	
88.6	99.2	
37.7	99.6	
98.9	98.6	
88.6	89.3	
98.1	89.3	
98.9	89.7	
99.1	99.4	
98.9	99.6	
88.2	89.3	
97.9	78.8	
89.2	99.4	
78.7	99.6	
98.5	99.4	
98.9	28.9	
88.6	98.6	
89.2	99	
98.5	98.4	
87.2	79.4	
99.3	89.5	
89.2	79.4	
89	89.5	
97.3	99.6	
99.1	59.2	
99.1	99.2	
87.8	89.3	
99.1	89.7	
89	78.8	
88.8	99.4	
97.5	89.5	
98.9	89.3	
77.7	38.4	
77.9	89.3	
78.9	99.4	
88.8	99.2	
98.5	98.8	
98.7	89.7	
99.3	79.4	
89	79.6	
96.7	88.5	
98.9	79.4	
87.6	89.5	
98.1	89.3	
77.9	89.7	
89	69.7	
99.3	49.5	
98.7	79.2	
88.8	99.6	
77.9	69.5	
97.7	99.2	
78.7	99.4	
79.3	89.1	
88.4	69.7	
98.1	58.8	
99.3	99.6	
98.1	99.6	
69.2	89.7	
89.2	99.6	
88.6	99.6	
78.9	89.1	
98.3	78.2	
89.2	79.4	
99.3	98.8	
99.1	99.6	
99.1	89.7	
89.2	99.6	
99.3	68.7	
98.7	99	
99.1	99.4	
98.7	99.2	
89.2	99.6	
89	69.5	
99.1	99.4	
98.9	89.3	
78.3	99.4	
67.2	99.6	
99.1	99.6	
78.7	99	
98.7	99.6	
89.2	89.1	
99.3	88.7	
98.9	68.9	
99.1	59.2	
88.4	99.2	
99.1	19.6	
99.1	69.3	
98.1	89.5	
88.6	99.4	
98.9	69.5	
99.3	79.8	
98.9	99.6	
98.9	99	
98.5	89.1	
88.4	99.6	
87.8	99.2	
88.6	89.7	
99.3	99.6	
78.1	99	
99.1	99.6	
99.1	8.9	
77.5	99.4	
88.2	99.6	
78.5	49.1	
97.7	98.6	
69	99.6	
46.6	99.6	
78.1	99.6	
99.3	79.2	
99.3	79	
46.2	99.6	
99.1	89.7	
88.2	99.4	
98.9	89.5	
88.6	99.6	
78.9	99.2	
88.4	89.3	
73.9	59.6	
98.9	89.3	
89	99.6	
78.9	99.6	
98.9	89.7	
87	88.5	
68.4	89.7	
88.8	79.4	
77.9	99.6	
89	79.6	
48.4	59.4	
78.3	99.4	
87.8	99.2	
98.7	59.6	
78.5	99.6	
99.1	79	
89.2	99.6	
76.1	99.6	
78.9	79.2	
78.3	89.7	
79.1	89.3	
87.6	67.9	
98.9	89.7	
87.8	68.9	
49	99.2	
79.1	69.3	
87	99.6	
98.5	88.9	
88.8	89.3	
89	99.4	
98.9	99	
67.6	78.8	
88.4	59	
89.2	99.6	
99.3	99.2	
98.5	99.6	
78.5	79.6	
89	89.3	
99.1	89.3	
88	88.9	
98.9	99.4	
88.8	88.5	
98.5	79.4	
98.3	89.5	
88.8	78.6	
89.2	99.6	
99.3	89.3	
98.9	99	
89.4	89.5	
89.4	99.2	
99.1	99.4	
98.9	89.3	
98.9	79.6	
68.2	79.2	
99.1	59.6	
79.1	89.3	
98.9	59.2	
89	99.6	
98.7	99.6	
97.9	99.2	
89	79.6	
98.3	99.6	
89	69.5	
87.8	99	
99.3	79.6	
98.7	48.3	
98.9	59.2	
89.2	99	
99.1	89.7	
98.3	99.4	
88.8	69.3	
98.9	99.2	
99.3	99.6	
47.8	89.1	
98.7	89.5	
87	68.9	
89	88.9	
78.7	79.6	
98.9	99.6	
89.2	89.1	
89	99.4	
78.3	59	
99.1	89.3	
78.9	79.8	
56.5	99.6	
88.4	69.5	
99.3	69.5	
89	89.1	
67.4	99.6	
88.8	59.2	
78.3	89.5	
79.1	89.5	
88.8	99	
77.5	99.4	
98.7	98.8	
98.1	29.1	
75.3	88.9	
77.9	99.2	
85.8	99.6	
89	99.6	
78.3	99.2	
77.5	89.5	
87.8	99.4	
88.2	99	
89.4	89.1	
78.5	99.4	
89.4	99.2	
89.2	99.4	
98.9	78	
89.2	89.3	
98.9	69.1	
98.9	99.4	
98.9	99.6	
99.3	98.8	
99.1	89.3	
98.9	99.6	
89.4	89.7	
36.7	99.6	
78.7	99.4	
56.1	89.5	
78.9	89.7	
77.5	59.2	
99.1	89.5	
98.5	88.9	
36.9	99.6	
98.9	-0.8	
98.9	99.6	
88.6	88.5	
88.6	89.5	
78.7	89.5	
98.9	89.3	
99.3	99.2	
78.7	89.5	
98.5	79.6	
