-4.3	79.6	
12.5	-62.6	
76.1	39	
98.9	79.6	
98.7	87.7	
56.1	78.2	
98.3	79.2	
56.7	35.8	
88.6	79	
88.6	89.7	
96.7	89.7	
99.1	39	
98.5	26.5	
97.7	99.2	
99.1	98.6	
88.8	88.3	
89	99	
86.4	88.5	
98.7	78.4	
87	88.5	
98.9	89.7	
98.5	79.4	
98.7	99.2	
67.8	79.4	
98.3	89.7	
89.4	79.4	
98.1	78.6	
98.7	79.2	
98.5	29.5	
99.3	89.7	
89	59.4	
78.1	18.8	
89	79.2	
98.9	98.4	
98.9	99.4	
99.1	99.6	
88.8	99.6	
98.9	99.6	
99.3	99.4	
86.8	89.1	
99.3	99.2	
99.1	99.2	
99.1	99.2	
98.5	69.3	
98.9	99.6	
99.3	99.6	
99.3	99.6	
97.7	99.6	
98.9	79.4	
98.3	79.6	
98.9	99	
68.6	79	
99.3	99.6	
77.5	99.6	
99.1	59.2	
99.3	89.7	
99.1	89.7	
97.9	99.6	
88.2	99.6	
78.1	99.6	
99.1	99.4	
88.8	99.6	
99.1	99.6	
98.9	99.6	
98.5	99.2	
99.3	99.2	
99.1	99.4	
98.7	99.2	
89	89.5	
98.7	99.4	
79.1	78.6	
98.5	99	
98.5	88.5	
87.8	89.3	
99.1	89.1	
99.1	89.5	
98.7	99.4	
89	99.4	
99.1	79.4	
88.2	99.4	
99.1	89.7	
99.1	99.2	
88.2	99	
99.1	88.9	
98.9	89.7	
98.7	89.5	
99.1	68.9	
99.1	99.4	
99.1	89.7	
98.9	89.7	
68.2	99.6	
98.9	89.7	
86.4	89.7	
97.1	79.4	
88.6	89.7	
98.9	89.3	
88.2	89.7	
99.3	79.8	
99.1	89.7	
99.1	69.7	
98.9	28.5	
98.3	99.4	
89	99.4	
87.8	99.4	
88.2	78.6	
98.5	98.8	
99.3	99.6	
89	99.6	
89	79.6	
89.2	89.5	
98.5	98.8	
97.7	89.3	
98.7	99.6	
88.8	89.3	
87.4	99.2	
89	98.6	
98.7	99.6	
79.3	89.3	
68.8	89.3	
98.5	99.6	
78.9	89.1	
79.3	99.6	
85.2	88.9	
97.9	99	
99.3	79.4	
97.9	99	
78.9	99.2	
99.1	79.6	
89	99.6	
48.2	99.6	
98.3	99.2	
97.9	99.6	
99.1	69.7	
99.3	99.4	
87	99.6	
98.9	99.6	
98.5	99.6	
89.2	89.1	
98.9	99.6	
99.3	99.6	
98.1	99.6	
88.8	49.7	
89.2	99.2	
57.9	99.6	
79.3	39	
97.9	99.6	
89	99.2	
99.3	79.6	
98.9	99.4	
99.3	99.6	
88.6	46.9	
99.3	99	
89.4	99.2	
89.4	99.2	
96.9	99.4	
86.2	99.6	
89.4	99.4	
97.5	99.6	
99.1	99.6	
78.1	89.3	
78.7	99.4	
99.1	99.2	
99.3	99.6	
99.3	99.6	
88.8	79.4	
98.9	78.8	
99.1	99.2	
99.3	99.6	
99.1	99.4	
98.9	99.6	
98.1	79.4	
88.8	99.6	
99.1	48.3	
98.7	89.3	
97.9	99.4	
98.7	99.4	
78.3	99.6	
98.5	99.6	
88.6	99.4	
89	99.6	
98.9	99.2	
99.1	99.4	
99.3	99.2	
99.3	99.2	
68.4	98.8	
99.1	48.5	
99.1	79.2	
99.1	89.3	
99.3	89.3	
98.9	77.8	
69.2	99.4	
98.3	79	
76.9	99.6	
89.2	99.2	
99.1	69.7	
98.9	79.2	
99.1	99.6	
99.3	79	
99.1	89.3	
98.1	77.6	
98.7	98.8	
98.7	99.4	
99.1	99.6	
98.9	79.2	
98.5	88.5	
99.1	89.3	
99.1	89.3	
98.1	99.6	
98.9	99.6	
99.1	99.4	
99.3	99.4	
98.9	99.6	
98.9	99.6	
98.9	79.6	
98.9	99.6	
98.5	99.4	
98.9	89.5	
99.3	99	
98.9	89.7	
58.7	39.6	
96.9	99.4	
99.1	89.5	
98.5	89.7	
99.1	99	
98.9	99.6	
98.9	99.6	
98.9	89.3	
98.5	88.7	
88.6	69.3	
88.8	89.7	
78.7	88.7	
99.1	99.4	
99.1	99.4	
89.2	99.6	
89.2	89.5	
78.7	89.5	
89.2	97.4	
89.2	99.6	
88.6	99.4	
98.9	57.4	
97.7	48.3	
98.3	99	
99.1	89.5	
99.1	99.6	
99.3	79.6	
98.9	99.4	
88.6	99.6	
98.3	99.2	
97.7	99.6	
69.2	89.7	
89	99.6	
47	99.4	
89.4	99.6	
99.3	99.4	
98.5	99.6	
98.7	79.4	
99.3	99.2	
97.7	99.4	
99.3	99.6	
89.2	99.6	
89.4	99.6	
99.1	99.6	
99.3	89.5	
98.9	99.4	
77.5	99.4	
99.3	99.6	
99.1	99.4	
99.3	89.5	
99.3	99.6	
99.1	99.6	
89	89.3	
88.6	99.6	
99.1	59.4	
99.1	99.6	
99.1	99	
79.3	99.4	
88.2	89.3	
77.9	99.6	
87.8	89.5	
99.3	98.6	
99.3	99.4	
89	99.6	
88.6	99.4	
89.2	78.8	
89.2	99.6	
78.9	79.6	
98.9	58.2	
88.8	69.1	
89.2	79.6	
99.1	89.1	
89.4	88.9	
79.1	89.5	
99.3	79.4	
98.9	79.4	
99.3	99.2	
98.7	99.6	
98.7	59.6	
89	89.7	
89	99.4	
99.1	89.5	
99.1	89.7	
87	89.3	
99.3	89.7	
98.5	89.5	
89.2	88.9	
88.4	89.7	
98.3	89.5	
99.1	68.9	
97.7	89.7	
77.3	89.5	
98.9	69.1	
57.9	79.4	
88.4	79.2	
98.5	89.7	
68	89.7	
78.3	69.5	
99.3	89.5	
99.1	89.3	
88.6	99.6	
88.8	99.6	
79.1	89.5	
89	99.6	
69	89.7	
89.4	79.2	
89	99.6	
89.2	99.6	
89.2	-62.6	
99.3	89.3	
79.5	99.4	
88.8	79.4	
57.1	89.5	
99.1	99.6	
99.1	89.5	
99.1	99	
98.9	99.4	
88	99.4	
89.2	89.7	
87.8	69.5	
88.8	99.4	
99.1	99.6	
98.9	99.6	
99.1	99.6	
97.7	99.4	
99.3	89.5	
99.1	99.4	
98.3	89.3	
99.3	89.3	
89.2	79.4	
99.3	79.6	
78.9	99.6	
99.1	99.6	
99.1	99.6	
99.1	99.4	
99.1	99.4	
99.1	88.9	
99.3	99.6	
99.1	59	
98.9	99.2	
99.3	79.4	
99.3	89.7	
78.9	89.3	
98.9	99.6	
99.3	99.4	
78.5	99.6	
89.2	99.6	
98.9	99.6	
88	99.6	
99.1	99.6	
86.8	99.6	
99.1	99.6	
88.4	99	
89.4	89.5	
98.9	99.6	
96.1	99.6	
99.1	99.4	
98.7	99.6	
98.3	79.4	
98.9	79.2	
98.5	99.6	
99.1	99.4	
89	99.2	
89	99.4	
89	99.4	
99.3	89.7	
99.3	99.6	
88.6	99.6	
99.3	99.4	
99.3	99.6	
78.9	99.6	
88.8	99.6	
88.6	89.5	
98.7	58.8	
87.6	79.4	
99.3	99.6	
98.7	98.8	
99.1	99.4	
99.3	99.4	
77.7	98.8	
99.3	78.6	
78.9	99.6	
98.9	99.4	
98.5	89.5	
99.1	79.6	
99.3	99.4	
89.4	99.6	
99.3	99.6	
89.2	89.3	
98.9	99.4	
88.6	89.1	
89.2	99.2	
99.3	99.6	
99.3	89.3	
99.3	89.1	
89	99.6	
98.3	99.4	
66.4	99.6	
87.6	78.8	
76.9	99	
88	98	
88.8	89.5	
88.8	89.7	
88.6	99.4	
89	99.4	
99.3	89.7	
87.6	89.7	
97.9	89.7	
99.1	79.6	
88.6	99.6	
99.3	99.4	
89	99.4	
99.3	99.6	
78.1	98.8	
89.4	99.6	
88.6	99.6	
99.1	99.4	
99.3	99.6	
88.8	89.3	
79.1	99.6	
88.8	19	
89.2	99.4	
99.3	99.6	
58.9	99.4	
99.1	78.6	
99.1	59	
98.9	89.7	
89.4	89.5	
99.3	89.7	
99.1	89.7	
78.9	99.2	
99.3	99.2	
99.3	99.6	
98.7	89.5	
89	99.2	
89.2	89.5	
88.2	89.7	
99.1	99.6	
99.1	89.7	
99.3	79.4	
98.9	99.6	
89.4	99.6	
78.9	99.6	
98.7	99.6	
99.3	99.6	
67.2	89.3	
68.6	89.7	
98.9	89.5	
99.3	79.6	
89.4	89.5	
99.3	99.6	
99.3	99.6	
99.1	99.4	
98.1	99.2	
99.3	89.5	
98.9	99.6	
88	89.5	
99.1	79.2	
99.3	99.6	
88.8	99.4	
88.8	99.2	
99.3	99.2	
99.1	99.6	
99.3	89.3	
88	89.5	
98.1	99.4	
99.3	89.1	
99.1	99	
99.3	78.8	
99.1	99.6	
89.2	99.6	
88.8	58.6	
98.3	78.6	
98.7	89.5	
78.3	89.5	
98.5	89.7	
99.1	89.5	
87.8	99.4	
98.9	88.5	
89.4	89.7	
98.9	89.3	
78.9	89.5	
