-24.9	-92.3	
37.1	88.7	
79.3	-1.2	
66.8	78.8	
76.3	12.4	
75.5	99.4	
44.6	77.6	
85	41.7	
97.3	78.4	
65.8	99	
88.8	48.7	
98.7	97.6	
88.8	98.6	
97.7	69.1	
98.1	99.4	
98.3	58	
88.8	99.4	
78.3	99.6	
87.8	68.9	
68	99.2	
98.9	99	
89.4	99.6	
99.1	79.6	
67.4	99.6	
89	99	
66.6	99.6	
97.3	99.6	
87	99.6	
89	99.6	
67	8.9	
77.5	99.4	
98.7	69.1	
87	99.6	
89	37.8	
68.6	99.6	
88.6	99.6	
88	99.6	
86.8	79.2	
76.9	89.1	
88	99.6	
78.1	68.9	
78.9	89.1	
68.2	88.3	
98.9	99.4	
88.6	99.2	
89.2	67.9	
99.1	89.7	
89	59.4	
68.4	68.3	
88.4	-51.3	
79.3	89.3	
99.1	79.6	
98.9	99	
88.2	89.1	
98.9	89.1	
88.8	99.4	
99.3	89.3	
98.7	99.2	
87.4	99.2	
99.1	98.6	
78.3	19	
98.9	89.3	
99.1	88.5	
79.3	78.8	
88.6	99.4	
99.3	49.1	
79.1	99.4	
89.2	99.4	
66.2	99	
98.7	99.6	
98.3	88.1	
99.3	99	
56.3	99.6	
78.9	99.2	
99.1	99.2	
97.7	89.3	
88.6	99.6	
98.1	79.6	
78.1	99	
98.5	79.8	
88.2	99.2	
88.8	89.5	
89	69.5	
89	-1.2	
96.9	79.4	
99.1	99.2	
98.7	99.2	
89	89.1	
98.9	99.4	
78.9	89.1	
57.9	88.9	
78.5	48.7	
68.4	99.2	
89	99.6	
88.8	79.6	
89	99.2	
98.5	99.2	
87.4	89.3	
88.8	99.4	
98.7	79	
87.6	99.6	
98.3	99.6	
77.5	99	
98.1	58.6	
97.7	89.5	
78.3	99.4	
78.3	99.2	
98.9	98.8	
98.9	99.6	
98.9	88.7	
78.3	99.6	
77.9	79.8	
68.4	39.2	
98.9	88.1	
89.2	99	
78.3	99.6	
78.5	79.2	
98.9	79.4	
78.9	98.8	
88.2	29.3	
88.4	89.3	
88.6	89.3	
78.5	99	
88.8	89.5	
78.7	18.2	
68.2	98	
88	28.5	
99.3	78.6	
67	99.6	
83.4	99.6	
88	99.4	
98.9	69.3	
98.9	99.6	
89	89.3	
88	79.4	
75.7	99.6	
89.2	89.5	
76.3	99.6	
79.1	99.6	
99.1	89.5	
98.1	99.4	
89.2	88.9	
97.7	17.6	
99.1	99.4	
79.3	68.7	
88	99.2	
84.6	99.6	
98.7	88.9	
89.4	79.2	
68.4	88.7	
98.5	99.6	
78.7	99.6	
89.2	99.4	
89	99.6	
98.5	99.6	
68.6	88.7	
98.9	39.2	
88.8	99.6	
89.4	99.6	
89	99.4	
89	79.8	
99.3	99.6	
78.5	99	
66.2	99.2	
99.3	79.4	
78.7	99.6	
78.3	99.4	
38.7	99.2	
79.3	99.6	
87.4	89.7	
87	88.9	
89	79	
87.4	88.9	
55.5	99	
98.7	87.9	
45.4	99.6	
88.6	78.8	
98.9	89.5	
76.3	89.5	
99.3	89.7	
76.7	99.6	
56.5	99.2	
77.1	99.2	
76.3	89.7	
98.9	99.6	
98.9	89.3	
98.9	99.6	
99.1	89.3	
88.4	69.5	
89.4	79.6	
78.1	78.4	
76.7	99.2	
78.5	29.1	
89.4	68.7	
98.3	99.2	
88.6	89.3	
88.4	79.6	
88.6	99.4	
98.9	99.2	
89	99.6	
98.5	79.4	
88.2	99.6	
99.3	99.6	
88.8	69.7	
89	99.6	
89	99.6	
68.4	68.7	
78.7	89.7	
98.7	99.6	
89	28.9	
48.2	99.6	
77.1	48.7	
79.3	99	
89	88.5	
98.5	89.3	
89.4	49.3	
37.5	99	
98.9	79.6	
98.9	88.9	
88.6	99.6	
78.3	79	
98.9	98.4	
89.4	79.2	
98.1	89.3	
89	78	
98.7	89.1	
68.2	99.6	
98.7	28.9	
98.7	99.4	
99.1	99.4	
98.9	79.4	
88.2	99.4	
88.4	68.7	
98.9	28.5	
98.7	89.3	
68.8	79	
98.7	99.2	
89	99.4	
87.8	68.9	
98.1	59.2	
88.4	99.4	
89	99.2	
87.6	99.2	
99.1	99.4	
89.2	88.9	
97.5	99.6	
98.9	89.7	
89.4	99.4	
78.5	99.4	
98.7	99.4	
98.5	98.8	
48	99.4	
75.7	89.7	
98.5	78.8	
78.7	99.6	
78.3	89.1	
99.3	59.6	
34.7	99.6	
87.8	89.7	
98.3	68.7	
97.9	38	
98.9	88.5	
89.2	79.6	
78.1	89.3	
98.9	98.4	
98.7	99.6	
98.1	89.1	
88.6	89.1	
89.2	68.5	
89	-1	
87.2	89.1	
98.7	99.6	
78.7	59.4	
99.1	99.2	
98.9	59	
48	99.6	
98.5	99.4	
78.7	79.4	
88.4	39.2	
88.2	89.3	
78.5	79.2	
98.5	29.3	
99.1	99.6	
99.1	88.7	
98.9	58.8	
98.3	98.4	
88.6	49.5	
78.7	79.6	
88.2	89.5	
88.6	99.6	
88.2	99.6	
78.7	99	
89	99.4	
67.8	79.2	
68	99.2	
98.9	79.2	
77.7	99.6	
99.1	99.2	
89.2	89.1	
98.1	99.6	
98.3	79.4	
88.8	99.4	
98.5	48.3	
79.5	99.4	
99.1	89.3	
98.9	79.8	
79.1	79.8	
98.1	79.2	
88.8	99.6	
99.1	98.6	
98.9	28.5	
98.3	99.6	
89	49.7	
89.2	99.6	
69	79.6	
98.9	99.2	
77.9	89.7	
88.8	99.2	
68.4	99.6	
99.1	79	
76.3	98.6	
56.7	89.5	
99.1	99.4	
88.8	89.3	
55.5	88.7	
78.7	89.3	
98.1	98	
89.2	99.6	
78.3	99.6	
99.1	79.2	
97.9	99.6	
89.4	48.1	
88.4	99.4	
98.7	89.7	
99.1	99.2	
87	68.7	
88.4	68.9	
68	69.3	
98.5	89.5	
88.2	58.4	
99.3	79.8	
78.3	89.5	
98.7	99.4	
98.5	89.5	
98.9	99.4	
99.1	48.9	
98.5	99.6	
99.3	99.6	
98.9	69.5	
89	79	
68.8	99.2	
99.1	99.6	
88.2	99.4	
89	99	
89	69.3	
98.9	99.6	
78.3	88.7	
87.4	69.1	
98.9	99.4	
57.5	89.5	
88	89.5	
98.3	99.6	
98.3	58.8	
99.1	99.6	
99.1	79	
88.8	57.2	
89	99.4	
88.6	79.6	
98.9	89.5	
89.2	49.3	
88.8	69.3	
45.4	97.8	
98.3	98.4	
99.1	89.3	
99.1	49.7	
88.8	68.9	
98.9	79.6	
98.9	99.6	
87.6	89.7	
88.8	99.4	
99.1	57.4	
88.4	59.4	
99.1	28.9	
77.9	99.6	
98.5	99.4	
78.5	69.5	
67.8	59.2	
98.7	99.6	
88.8	99.4	
87.8	99.4	
98.3	39.4	
98.7	99	
88.4	89.3	
88	89.5	
88.4	99.4	
98.9	69.1	
99.1	29.5	
78.1	79.2	
78.1	99.2	
89	99.4	
99.1	79	
98.9	99.4	
88.8	99.6	
88	89.7	
88.8	19.4	
98.5	99.4	
26.2	99.6	
97.9	79.4	
98.7	99.4	
98.5	89.3	
98.9	99.4	
89.2	89.3	
89	79.6	
99.1	99.4	
88.4	79.8	
98.7	99.4	
98.7	99.2	
99.3	99.4	
75.7	99.4	
89	48.9	
78.1	89.7	
98.7	89.1	
89	99	
67.8	89.3	
88.2	89.5	
98.1	89.1	
98.7	89.7	
89.2	-31.1	
57.1	89.7	
89	-3	
88.8	89.5	
98.7	78.6	
98.3	99.4	
89.2	99.6	
77.3	99.2	
88.6	99.4	
78.5	89.3	
89.4	89.7	
88.6	99.6	
68	79.6	
98.3	99.6	
98.7	49.1	
86.8	99.2	
89.2	69.5	
88.6	49.7	
87.6	99.6	
78.7	79.4	
98.9	89.7	
88.4	99.6	
88.6	89.3	
89.2	99.2	
97.9	78.8	
88	99.2	
98.9	99.2	
46	99.4	
87.6	78.8	
98.7	99.6	
87	18.8	
89	-1	
99.1	59.4	
89.2	79.6	
88.6	8.9	
88.4	38.8	
77.7	99.4	
88.4	88.9	
98.5	88.9	
88.2	89.1	
89.2	99.4	
99.1	78.6	
98.5	99.4	
87.8	99.6	
37.3	98.8	
99.1	99.6	
88.6	99	
89	99	
98.9	99.6	
99.1	99.4	
15.5	99.2	
89	98.6	
88.2	68.9	
88.6	99.4	
89.4	79.4	
89	99.6	
98.9	99.2	
88.2	99	
88.4	99.6	
98.9	79.6	
58.5	89.3	
88.8	69.3	
98.3	99.4	
68.2	99.4	
88.2	99.6	
98.1	89.5	
99.1	89.5	
89	88.5	
75.7	89.5	
98.3	99	
99.1	99.4	
98.7	59	
68.2	99.6	
