-9.5	-362.4	
45.2	79.4	
53.5	-11.3	
-64	46.7	
95.7	67.3	
82.6	18.6	
-69.6	89.1	
32.5	76.6	
99.1	26.9	
72.5	-14.3	
77.5	48.3	
88.6	68.7	
98.9	78.4	
55.9	58.6	
65.2	88.9	
87.6	39.4	
85	27.1	
86.4	7.3	
86	58	
74.1	18.2	
24.3	56.8	
58.8	68.3	
98.1	-95.7	
57.3	79.4	
71.7	48.9	
87.2	58.8	
85.4	68.9	
88.8	89.3	
68.8	89.1	
88.6	98.8	
99.3	88.5	
94.5	87.5	
98.5	59	
75.3	36.6	
98.9	99.6	
77.9	98.8	
97.9	99.6	
99.1	99.6	
88.4	99.6	
97.3	99	
76.3	99.6	
95.9	68.3	
97.7	98.4	
88.8	68.9	
69	99.6	
98.1	89.3	
78.1	99.6	
98.9	68.5	
98.7	47.1	
87.8	87.7	
98.5	99.6	
99.1	99.4	
99.3	39.6	
99.1	99	
87.8	89.7	
88.8	89.3	
89	89.3	
89	58.8	
99.1	89.3	
89.4	89.3	
88.2	89.5	
89	99.4	
99.3	99	
77.7	88.9	
98.5	69.1	
58.7	89.5	
57.5	89.5	
87.4	99	
88.6	99.6	
98.7	59.2	
68.2	99.2	
97.9	99.4	
77.3	99.2	
98.7	69.3	
98.5	99.4	
88.6	69.5	
97.5	99.6	
97.9	88.7	
87.2	99.6	
88.2	69.3	
78.5	59.4	
98.7	99	
77.5	99.4	
88.4	99.6	
98.5	99.4	
99.3	69.1	
99.1	99.4	
98.5	89.5	
86.2	99.6	
78.1	59.2	
98.7	79.4	
87.8	69.1	
87.6	99.2	
88.2	49.3	
96.9	99.4	
89.4	99.2	
88	59	
89.2	79.6	
99.1	87.9	
87.4	18.6	
98.3	79.6	
95.7	99.2	
68.2	89.5	
88	99.6	
97.1	88.9	
98.5	29.3	
67.8	99.6	
98.3	99.4	
98.7	99.4	
99.1	99.4	
85.8	-51.1	
57.5	79.2	
99.1	99.4	
78.5	99.6	
87.6	99.6	
76.9	99.6	
87	98.8	
98.9	99.6	
77.7	98.8	
98.3	89.1	
79.1	99.2	
98.1	89.5	
67.8	69.5	
96.7	99.6	
98.9	69.1	
77.5	89.3	
99.1	99.6	
99.1	99.6	
99.3	99	
98.7	99.2	
89	79.2	
89.4	99.6	
99.3	89.5	
88.6	99.2	
99.1	89.5	
99.3	49.3	
99.3	98.4	
97.5	99.6	
78.7	99.6	
89	99	
88	89.7	
99.1	89.7	
99.3	99.6	
66.6	99.2	
98.5	49.1	
87.8	99.6	
88.4	89.3	
99.3	99.6	
98.1	99.6	
97.9	89.1	
99.3	99.6	
97.7	99.6	
87.8	89.7	
98.9	89.7	
89	99.4	
98.9	99.6	
88.6	99.6	
98.7	99.6	
88.4	89.5	
88.8	99.6	
98.9	99.6	
89	89.3	
79.3	88.9	
99.3	58.8	
98.5	89.5	
97.9	49.1	
98.9	99	
87.4	68.7	
99.1	89.3	
79.1	89.1	
86.2	99.6	
89.2	89.5	
57.3	69.3	
85.8	99.2	
87.8	38.8	
98.7	69.3	
98.3	99.6	
78.1	99.4	
98.9	99.6	
78.3	99.6	
98.1	89.5	
99.3	99.2	
87.8	69.7	
55.7	19.2	
98.9	99	
99.3	99.6	
98.3	99.2	
79.1	88.9	
78.3	69.5	
78.9	99.4	
98.9	88.1	
98.1	99.6	
79.5	79.2	
99.1	99.4	
88.2	99.4	
88.8	99	
97.7	99.4	
98.9	99.6	
98.7	99.4	
98.5	78.4	
89	89.3	
98.9	98.6	
98.7	78.4	
89	89.3	
98.7	99.4	
88.8	99.6	
99.1	69.3	
99.1	79.2	
99.1	99.6	
98.7	99.2	
98.3	98	
79.3	99.4	
98.9	99.6	
79.1	89.1	
89.2	99.6	
98.7	88.9	
99.1	-1	
98.9	69.3	
99.3	99.4	
88.2	99.6	
99.1	89.7	
89	99.2	
98.5	98.8	
88.4	99.4	
88.4	59	
89.2	99.6	
98.9	99.4	
87.6	99.6	
89.2	38.6	
89.2	88.5	
99.3	79.4	
98.9	99.6	
99.3	89.5	
99.1	89.1	
97.1	99.6	
98.1	99.4	
99.1	99.6	
88.2	99.6	
89.2	99.4	
99.1	-21.4	
78.7	58.4	
98.7	99.6	
88.4	99.6	
99.1	99.4	
78.1	79.8	
96.7	89.5	
97.9	99.6	
88.4	99.6	
89.4	99.2	
99.1	19	
87.2	99.2	
99.1	99.4	
89.2	99.2	
89	99.4	
98.7	79.8	
76.5	99.2	
97.9	58.6	
98.5	69.1	
98.7	99.6	
88.4	88.5	
98.9	99.6	
88.6	89.3	
99.1	99.6	
69	99.2	
87.2	89.3	
78.9	99.4	
98.5	99.6	
99.1	99.6	
88.2	99.2	
79.3	99.6	
99.1	88.9	
88	99.6	
88.2	99.6	
67.6	99.4	
66	99	
98.7	89.5	
98.7	99.6	
97.5	98.4	
67.8	89.3	
88.4	69.3	
69.2	99.2	
69.2	89.7	
98.3	99.4	
99.3	98.6	
56.3	79.4	
87.4	99.6	
69.2	88.5	
98.7	79.8	
98.3	99.4	
98.7	99.4	
97.3	48.7	
88.8	79.4	
97.5	99.4	
88.6	39.4	
68	89.1	
97.9	78.6	
88	59.6	
63.8	89.7	
98.1	88.5	
68.8	99.6	
88.4	88.5	
87.8	79.6	
98.7	69.1	
98.5	79.2	
77.7	79.4	
98.9	99.4	
88	69.3	
98.5	98.8	
75.9	79.6	
99.1	78.4	
98.9	99.2	
68.2	98.4	
99.3	89.7	
86.8	88.9	
68.8	99.4	
98.5	89.1	
98.3	99.2	
87.4	88.3	
88.6	69.3	
98.9	99.6	
89.2	48.5	
88.2	79.2	
89.4	49.3	
58.3	99.4	
98.5	88.9	
99.3	89.5	
78.9	99.2	
88.8	99.2	
89.2	88.9	
99.3	99.2	
99.3	89.5	
98.9	89.5	
78.9	99.2	
78.3	99.2	
98.3	79.4	
98.3	89.3	
99.1	99.4	
69.2	99.4	
88.8	88.7	
88.6	59.6	
97.9	99.6	
98.9	99.6	
98.1	99.4	
99.1	99	
89	98.6	
87.6	39.4	
98.5	99.4	
99.1	79.4	
98.3	39	
97.5	79	
88.2	89.1	
88.4	89.1	
99.1	89.7	
88.2	89.3	
88.2	99.4	
98.5	89.3	
89.2	89.3	
68.8	69.5	
98.5	99.6	
89.2	99.6	
98.5	99.2	
99.1	99.6	
88.2	99.6	
97.9	99.6	
98.7	59.6	
98.9	89.5	
97.5	99.4	
98.9	99.4	
79.3	99.6	
68.2	99.2	
89.2	87.9	
78.5	99.2	
98.7	88.5	
89	99.2	
99.1	99	
88.2	69.5	
99.1	88.9	
88.4	89.1	
99.1	-11.3	
88.2	89.1	
89.4	79	
78.9	99.4	
98.3	89.3	
77.9	99.4	
98.7	99.4	
89.4	99.6	
88.6	99.2	
98.7	89.5	
78.1	89.3	
98.7	89.5	
99.3	99.6	
98.9	99.6	
99.3	89.5	
98.5	79	
99.1	-21	
98.9	99.6	
77.9	99.6	
78.3	69.1	
89	89.3	
88.4	99.2	
98.5	79.6	
98.9	99.6	
98.7	99.6	
78.9	79.6	
88.8	99.4	
99.3	89.5	
99.3	99.4	
98.9	99	
98.1	99.6	
78.3	99.4	
89	88.7	
98.7	99.6	
98.9	99.6	
88	99.6	
98.9	99.6	
99.3	98.8	
98.7	99.4	
78.5	99.6	
98.9	39.6	
98.7	78.8	
88.8	38.8	
99.1	99	
78.1	29.1	
68.6	99.4	
88.4	99.4	
99.3	99.4	
89.4	79.6	
98.9	99.4	
89	68.9	
98.9	99.2	
89	99.6	
56.1	99.4	
26.2	69.3	
99.3	79	
98.9	89.1	
99.1	99	
98.9	79	
78.3	99.4	
88.4	88.5	
99.3	79.8	
99.1	79.6	
99.1	99.4	
78.5	99.4	
88	78.8	
98.7	88.3	
89	69.5	
88	99.4	
99.1	99.6	
98.9	99.6	
89	99.2	
88.6	88.7	
57.3	99.6	
88.8	99	
89.2	99.6	
78.7	69.5	
99.3	89.3	
87.8	59.6	
89.4	89.5	
89	99.6	
89.2	99.2	
99.1	89.5	
98.9	99.6	
98.5	99.6	
77.5	39.2	
57.5	79.4	
99.1	99.2	
98.1	99	
77.9	99.6	
88.2	98.6	
77.9	77.8	
57.1	99.4	
99.1	99.6	
97.9	99.4	
88.4	79	
89.4	89.1	
99.1	88.9	
98.7	99	
88.2	79	
88.8	79.8	
98.9	99.4	
99.1	99.2	
48.6	88.9	
36.9	99.4	
97.9	49.5	
98.3	88.7	
78.3	89.1	
99.1	99.6	
98.3	88.5	
99.1	89.3	
88.8	88.3	
87	99.2	
78.3	99.4	
99.1	99.6	
99.3	39.2	
78.9	99.2	
99.1	89.7	
89.2	99.4	
99.1	99.2	
35.9	89.7	
99.3	99.6	
