78.9	-709.4	
23.8	27.7	
86.2	89.1	
64.8	89.3	
76.5	88.3	
97.5	88.7	
98.5	98.8	
77.7	99.2	
99.1	99.2	
97.7	59.2	
98.7	99.2	
98.9	88.9	
98.1	98.8	
98.5	69.5	
88.4	99.4	
98.9	99.4	
99.3	99.4	
99.1	99.4	
88.6	89.5	
98.7	99.4	
99.3	69.5	
98.5	99.4	
97.9	99	
98.9	99	
98.9	89.3	
99.1	98.8	
99.3	99	
99.3	78.6	
99.1	99.4	
89.2	88.9	
98.3	99	
99.3	98.8	
98.7	98.4	
98.5	99.4	
99.3	99.4	
87.6	99	
99.3	99.4	
88.8	99.4	
99.3	99	
67.4	99.4	
89.4	98.8	
99.1	99.4	
98.3	99.4	
99.3	99.4	
89.2	59	
99.3	99.6	
87.8	89.5	
89.2	99.4	
88	99	
89	99.4	
99.3	99.4	
89.4	99.4	
98.9	99.2	
78.3	99.4	
86.2	99	
98.9	99	
89	99	
99.3	99.2	
89.4	99.4	
99.3	99.2	
89.2	88.1	
99.3	99.2	
89.2	89.5	
99.1	99.2	
99.3	88.9	
88.8	99.2	
98.9	99.2	
89	89.1	
99.3	79.2	
89	88.5	
98.7	98.8	
99.1	89.1	
89	99.4	
99.3	99.2	
98.7	89.3	
88.8	99.4	
89	99.2	
99.3	78.2	
88.6	99.4	
88.8	99	
99.1	88.9	
99.3	99	
88.8	89.1	
98.9	99.4	
99.3	99	
99.1	99.4	
99.3	98.8	
99.1	99.4	
99.1	99.2	
99.3	99.4	
78.3	99.6	
98.9	99.2	
99.3	89.1	
98.7	89.1	
99.3	99	
98.9	99.2	
99.1	89.3	
99.3	89.3	
99.3	88.9	
89.2	99.4	
89.4	99.4	
89.2	99	
99.3	89.3	
99.3	99.4	
99.3	99.2	
88.8	99.2	
99.1	99.4	
99.3	89.1	
89	99.2	
77.9	89.5	
98.9	99.2	
88.6	99.4	
89.2	99.6	
98.9	99.2	
89.4	99.2	
97.7	99	
98.9	99	
99.3	99.4	
79.3	88.7	
98.9	99.4	
89	99	
99.1	99.2	
89.2	99.4	
99.1	99.4	
99.1	99.4	
88.4	99.4	
78.1	99.2	
99.1	88.9	
99.1	99.4	
99.1	89.5	
99.3	89.5	
89.4	89.5	
99.1	99.6	
89.2	99.6	
99.1	99.6	
98.9	99.6	
99.3	89.5	
99.1	99.6	
98.9	99.6	
88.8	89.7	
89.4	99.2	
89	99.6	
98.7	99.6	
98.5	99.6	
89	79.4	
98.9	99.6	
98.9	89.3	
87.8	89.3	
98.9	99.2	
99.3	99.2	
99.3	79.2	
99.1	99.6	
89	99.6	
99.3	99.4	
98.9	99.4	
89	99.4	
98.9	89.5	
99.3	99	
89.4	99.6	
99.1	99.2	
98.7	99.6	
99.1	89.3	
99.3	99.6	
99.1	99.6	
79.5	99.6	
78.9	99.4	
89.2	89.7	
99.1	99.4	
99.1	99.4	
99.1	99.6	
99.3	99.6	
89.2	99.6	
98.9	89.7	
98.1	99.4	
98.7	99.6	
89	99.6	
98.9	99.4	
99.1	99.4	
89.4	99.4	
79.1	89.7	
89	89.5	
99.3	99.6	
99.3	88.7	
98.9	78.8	
99.1	99.6	
99.1	99.6	
99.3	99.4	
99.3	99.4	
99.3	99.6	
98.9	89.7	
98.1	89.5	
78.5	99.6	
98.9	99.6	
88.8	99.6	
99.3	99.6	
89	99.4	
89.4	99.6	
88.4	99.6	
99.3	99.6	
89	89.3	
88.6	89.7	
98.9	99.6	
88.6	99.4	
88.6	99.6	
99.1	99.6	
98.9	99.6	
99.3	99.4	
98.5	99.6	
98.9	99.4	
99.3	99.6	
87.8	99.6	
99.1	99.4	
88.6	98.4	
89.2	99.4	
98.7	99.4	
98.9	99.6	
99.1	88.7	
88.8	99.4	
89	99.4	
98.7	99.2	
89	99.6	
98.7	79.2	
99.3	89.5	
99.1	99.6	
99.3	99.4	
98.7	99.6	
89.2	99.6	
98.9	99.2	
89	99.6	
88.8	99.6	
89.2	99	
98.9	99.6	
99.1	99.6	
99.1	99.6	
98.3	99.2	
98.9	99.6	
98.7	99.6	
98.3	99.6	
89	89.3	
99.1	99.6	
99.3	99.4	
89	99.2	
98.5	99.6	
99.1	99.6	
99.3	79.4	
98.9	99.6	
88.8	99.4	
78.7	99.6	
99.3	99.6	
88.6	99	
89	99.4	
98.9	-11.3	
79.1	99.2	
98.5	89.1	
98.9	99.4	
98.9	99.6	
88.8	39.2	
78.9	99.6	
99.1	89.7	
87.8	99.6	
99.1	99.6	
99.1	99.6	
78.9	99.6	
99.3	99.6	
98.9	99.6	
89.4	89.5	
98.9	99.4	
99.3	99.6	
99.1	99.6	
99.1	99.6	
99.3	99.6	
89	89.5	
99.1	99.4	
89.4	89.7	
89.4	99.6	
99.1	99.6	
99.1	99.4	
99.1	99.6	
89	99.6	
98.9	79	
99.1	99.6	
88.4	99.6	
89	99.6	
98.9	99.6	
98.7	98.8	
89.2	89.5	
98.9	99.6	
99.3	99.4	
87.8	99	
98.9	99.4	
89.2	99.4	
99.1	99.2	
98.7	99.4	
78.9	89.3	
98.7	99.6	
99.1	99.6	
98.7	99.6	
99.1	99.6	
99.3	89.1	
78.3	99.6	
99.1	89.5	
68.4	99.2	
98.9	99.6	
98.7	99.2	
98.9	99.6	
99.1	59.2	
88.6	99.4	
98.7	99.4	
89.4	99.6	
88.8	99.6	
99.3	99.6	
99.3	89.3	
98.5	99	
88.6	99.4	
99.3	99.6	
89	99.6	
99.1	99.6	
98.5	99.6	
98.9	99.4	
98.9	99.4	
98.7	99.6	
99.1	99.6	
99.3	99	
99.3	99.4	
99.1	99.4	
98.9	99.4	
99.3	99.6	
98.9	99.2	
99.3	99.2	
89.2	99.6	
89.4	99.4	
89.4	99.4	
98.1	89.7	
98.9	99.6	
89.2	89.7	
98.5	99	
98.9	99.6	
89.4	79.6	
98.9	99.6	
98.9	99.6	
98.7	99.6	
88.8	99.6	
99.1	99.6	
99.1	79.6	
99.1	99.6	
79.1	89.5	
88.8	99.6	
99.1	99.4	
89.2	99.2	
99.1	89.7	
99.3	99.2	
88.2	99.6	
98.5	99.6	
99.3	89.7	
99.3	99.6	
89.2	99.6	
99.3	99.6	
88.6	99.4	
99.1	79.6	
78.7	99.6	
99.3	99.2	
99.1	99.6	
98.9	99	
99.1	99.6	
69.2	89.7	
89	99.4	
99.3	89.3	
99.3	99.6	
98.9	-11.7	
98.9	99.6	
98.5	99.6	
88.6	89.3	
98.9	89.5	
99.3	99.2	
98.7	89.7	
89	99.2	
99.1	89.5	
99.3	99.6	
89.4	79.6	
99.3	99.6	
99.1	19.2	
98.9	99.6	
89.2	99.4	
99.1	99.6	
99.1	69.3	
98.9	99.4	
98.9	99.6	
99.3	99.6	
99.1	89.7	
89.4	99.4	
99.1	99.4	
88.8	99.6	
99.3	89.1	
98.3	99.6	
98.9	99.6	
98.7	99.6	
99.3	99.4	
99.1	99.4	
98.5	99.6	
99.1	99.2	
99.3	99.6	
99.3	89.3	
89.4	99.4	
99.1	59	
98.9	89.3	
98.7	99.6	
89.4	99.4	
89	98.8	
98.7	99.6	
98.9	99.4	
99.3	99.6	
88.2	99.2	
99.3	99.6	
88.8	99.6	
98.3	89.5	
98.7	89.3	
99.3	99.6	
99.3	99.4	
98.5	99.4	
89	98.8	
99.3	88.7	
98.9	99.4	
98.9	99.6	
99.1	58.8	
88.8	99	
88.8	99.4	
99.1	99.6	
99.3	99.6	
99.3	99.6	
99.3	99.6	
99.3	99.6	
99.1	99.6	
88.4	99.2	
89.4	99.6	
99.3	89.3	
99.3	98.8	
99.1	99.6	
89	99.6	
99.3	99.6	
98.9	99.4	
99.3	99.6	
99.3	89.7	
99.3	99.6	
99.1	99.4	
79.1	99.2	
99.3	99.6	
98.9	99.6	
89	99.6	
98.3	98.6	
79.1	99.6	
99.3	99.6	
98.7	99.6	
98.9	99.6	
99.3	89.3	
98.7	99.6	
99.1	99.6	
99.3	98.6	
99.1	98.4	
79.3	99.6	
99.1	89.3	
88.8	99.4	
98.7	79	
99.3	99.4	
98.9	99.6	
98.7	99.6	
89	99.6	
99.1	99.4	
98.1	99.6	
99.1	99.6	
98.7	99.6	
88.8	99.6	
89.2	99.4	
98.5	99.4	
89	99.6	
98.9	38.4	
98.5	99.4	
88.8	99.4	
98.9	79.2	
99.1	99.2	
98.7	99.4	
78.7	99.6	
99.1	99.6	
99.1	89.5	
89.2	99.6	
99.3	98.8	
99.3	99.6	
98.9	99.6	
98.9	89.5	
99.1	99.2	
98.9	99.6	
99.3	59.4	
98.9	89.3	
99.3	99.6	
99.3	99.6	
98.7	99.6	
99.3	99.6	
99.3	79.4	
99.1	99.4	
98.3	99.2	
99.3	89.3	
