-38.4	-61.6	
86.4	-104.2	
76.3	78.2	
98.3	78	
97.9	87.7	
98.9	66.1	
88	85.5	
95.5	79.9	
98.9	98.4	
98.9	89.1	
98.1	89.3	
98.1	99	
99.1	46.5	
99.3	45.7	
89.2	78.8	
98.9	28	
99.3	65	
99.1	86.5	
98.5	77.4	
99.1	85.5	
98.9	62.5	
99.3	99.6	
98.9	99.6	
98.7	99.6	
98.7	99.6	
99.1	99.6	
98.9	99.2	
98.9	99.2	
98.7	99.6	
87.8	99.6	
98.9	99.6	
99.1	99.6	
99.3	89.5	
89	99.6	
99.1	79.4	
99.3	68.7	
99.1	99.2	
99.1	99.4	
99.1	99.2	
88.6	99.4	
99.3	99.6	
99.3	99.4	
99.3	89.3	
98.3	99.4	
98.9	99.6	
99.1	99.4	
99.3	99.4	
99.3	99.4	
98.5	99.6	
99.3	99.6	
98.9	99.4	
99.3	99.6	
99.1	99.6	
88.8	99.4	
98.9	79.4	
78.9	99.6	
99.3	99.4	
99.1	99.6	
98.5	99.4	
99.3	89.5	
99.1	99.6	
99.3	99.6	
99.1	99.6	
89	99.6	
78.5	99.4	
89.2	99.6	
99.1	89.5	
98.9	99.6	
98.7	99.2	
98.5	99.6	
99.1	99.6	
99.1	99.6	
98.9	99.6	
98.9	99.6	
99.3	99.4	
99.3	99.6	
99.1	99.6	
99.1	99.6	
99.3	99.2	
89	99.4	
98.7	89.3	
99.1	99.4	
78.5	99.4	
99.3	99.6	
99.1	99.6	
99.3	99.4	
99.3	99.6	
98.9	99.6	
88.8	99.2	
99.3	99.6	
99.3	89.7	
99.1	99.4	
99.3	99.6	
99.3	99.2	
99.1	99.6	
79.3	99.6	
98.7	99.4	
99.3	99.2	
99.3	98.6	
99.3	99.6	
88.8	69.3	
99.3	99.6	
99.1	99.6	
89.2	99.6	
99.3	79.4	
99.1	99.4	
97.5	99.6	
99.3	99.6	
89.2	99.6	
99.1	99.6	
99.3	99.6	
99.3	99	
99.1	99.6	
99.3	99.4	
68.6	99.6	
99.3	49.1	
99.1	99.4	
99.1	99.6	
99.1	99.2	
99.3	99.4	
99.3	99.4	
98.5	99.6	
98.5	99.4	
99.1	99.6	
89.2	88.7	
88.4	99.6	
99.1	99.4	
99.1	99.6	
99.3	99.6	
99.3	99.6	
89	99.4	
99.1	99.4	
99.3	99	
99.1	89.3	
99.3	99.2	
99.1	99.4	
98.5	99.4	
99.3	99.4	
98.7	99.4	
99.3	99.6	
89.2	99.6	
99.3	89.3	
89.2	99.4	
99.3	79.2	
89	99.6	
99.3	99.6	
78.5	99.2	
98.7	99.6	
99.3	99.6	
99.1	99.6	
99.3	99	
98.9	99.6	
98.7	89.5	
98.9	99.6	
99.1	99.6	
99.3	99.4	
99.3	89.3	
98.9	99.6	
99.3	88.9	
99.3	99.6	
99.3	69.5	
89.2	99.6	
99.3	89.5	
99.3	89.3	
99.3	99.6	
99.3	99.4	
78.1	89.3	
99.3	99.6	
99.1	99.2	
99.1	99.4	
98.9	99.6	
99.1	99.6	
99.1	89.5	
99.1	88.7	
89.2	99.6	
99.1	99.4	
99.1	99.6	
89	99.6	
99.3	99.6	
89	99.6	
99.1	99.6	
99.1	99.4	
99.1	99.6	
88.8	99.6	
99.3	99.6	
98.9	99.6	
99.3	99.6	
98.9	99.4	
98.9	99.6	
98.5	99.6	
99.1	99.2	
99.3	99.6	
99.1	99.6	
99.3	99.6	
79.1	99.4	
99.1	78.8	
99.3	99.6	
89.2	78.8	
99.3	99.6	
98.9	99.6	
99.3	99.6	
99.1	89.7	
99.3	99.6	
98.7	49.3	
99.1	89.3	
99.3	99.2	
88.8	99.4	
99.3	99.6	
99.3	99.2	
99.3	89.5	
99.3	99.6	
89	99.4	
99.1	99.6	
99.3	99.6	
98.7	99.4	
89	99.6	
99.1	99.6	
98.7	99.6	
99.3	99.4	
88.4	99.4	
99.3	89.5	
99.3	99.6	
98.5	99	
99.3	99.6	
79.1	99.6	
99.3	99.4	
79.1	99.2	
98.3	99.6	
99.3	99.6	
88.8	99.4	
99.3	99.4	
88.8	99	
99.1	89.5	
98.9	99.6	
99.3	99.6	
88.4	99.4	
99.3	89.5	
78.9	99.2	
99.1	99.6	
99.1	99.6	
99.1	99.6	
98.7	99.4	
98.9	99.4	
99.1	99.2	
99.3	89.5	
99.3	99.6	
99.3	99.6	
99.1	89.5	
99.1	99.6	
98.7	99.6	
99.1	99.6	
98.7	99.6	
97.9	99.4	
99.1	88.9	
98.1	69.5	
88.6	99.6	
99.3	99.6	
99.1	99.6	
99.3	99.6	
99.3	99.6	
99.3	99.6	
99.1	99.4	
99.1	99.6	
99.1	99.6	
99.1	99.6	
98.9	99.6	
99.3	99.6	
99.1	99.6	
99.3	99.6	
98.9	99.6	
98.9	99.6	
89	99.4	
98.9	99.6	
89	89.3	
78.5	99.4	
99.3	99.6	
89	99.4	
99.1	99.4	
99.3	99.6	
99.3	99.6	
89.2	99.6	
99.1	99.6	
88.8	88.9	
79.1	99.4	
99.1	99.6	
98.9	99.6	
99.1	99.4	
99.3	99.6	
99.1	99.6	
99.3	99.6	
98.9	99.6	
88.8	99.4	
78.7	99	
98.5	99.6	
99.3	99.2	
98.9	99.6	
99.3	99.6	
99.3	99.6	
98.7	99.6	
99.3	99.2	
99.3	99.6	
99.3	99.6	
99.3	99.6	
98.9	89.5	
99.3	99.4	
99.1	99.6	
99.1	99.4	
98.9	99.6	
99.3	99.4	
99.3	99.6	
99.1	99.4	
99.1	99.6	
99.3	99.6	
89.2	99.4	
89.2	99.6	
98.3	99.6	
99.3	99.2	
99.1	89.1	
99.1	99.4	
98.1	99.6	
98.9	99.6	
98.9	99.6	
99.1	89.3	
78.5	99.6	
99.1	99.6	
99.3	99.6	
98.9	99.6	
98.9	89.5	
98.7	89.1	
98.9	99.6	
88.6	99.6	
99.3	89.5	
99.1	99.4	
88.6	99.4	
99.3	99.4	
99.3	89.3	
98.5	99.6	
99.1	99.6	
89.2	99.6	
99.3	99.6	
89.2	99.4	
99.3	99.6	
88.8	89.5	
89.4	99.4	
99.1	99.6	
99.1	99.6	
89	99.6	
88.8	99.6	
98.1	99.2	
99.3	99.6	
99.3	89.5	
99.1	99.6	
99.3	99.6	
99.1	99.6	
78.7	89.5	
99.3	99.6	
99.3	99.4	
89.2	99.6	
78.5	99.4	
98.9	99.6	
99.3	99.6	
99.3	99.6	
98.9	89.3	
99.1	99.4	
98.7	99.6	
99.3	99.6	
99.1	99.4	
99.3	99.6	
99.3	99.6	
99.3	89.3	
99.3	99.6	
79.1	99.6	
98.9	99.6	
99.1	99.6	
99.3	99.4	
99.3	99.6	
99.3	99.6	
98.9	99.6	
88.8	99.6	
98.7	99.6	
98.7	99.6	
98.5	99.2	
99.1	99	
99.3	99.4	
99.3	89.3	
99.3	99.6	
99.3	99.6	
99.3	69.1	
99.3	99.6	
66	89.5	
99.3	99.6	
99.3	99.6	
98.7	99.6	
98.9	99.4	
89	99.6	
98.1	99.6	
98.5	99.6	
98.5	99.6	
99.1	99.6	
98.9	99.4	
99.1	99.6	
99.3	99.6	
99.1	99.4	
99.3	99.2	
99.1	99.6	
99.1	99.6	
98.9	99.6	
88.6	99.6	
99.3	99.4	
99.1	99.6	
99.3	89.1	
99.1	99.4	
88.4	99.6	
99.1	79.6	
99.3	99.6	
99.3	89.1	
89.2	88.9	
98.5	99.6	
99.3	79.2	
98.7	99.6	
99.1	89.3	
99.3	99.4	
98.9	89.5	
98.3	99.4	
98.9	79	
89	99.6	
89	89.1	
99.1	99.6	
99.3	99.6	
99.3	89.5	
99.1	99.6	
99.3	99.4	
99.1	99.4	
99.3	99.6	
88.8	99.6	
99.3	99.4	
98.9	89.1	
99.3	99.6	
99.1	99.6	
99.3	99.4	
99.3	89.5	
78.5	99.6	
99.1	99.6	
99.1	99.6	
99.3	99.6	
99.3	99.4	
99.3	99.4	
99.1	99.6	
89	99.6	
99.3	99.6	
98.1	89.3	
99.3	99.4	
89	89.5	
99.1	89.5	
88.8	99.6	
99.3	99.4	
99.1	99.4	
78.9	99.6	
89.2	99.6	
99.3	98.6	
99.3	99.6	
98.7	99.6	
99.3	99.2	
98.9	69.3	
98.9	99.4	
99.3	99.6	
88.8	99.6	
99.3	88.9	
88.4	99.6	
89.2	99.6	
99.1	99.6	
98.9	99.6	
99.1	99.4	
99.1	99.6	
98.7	89.3	
98.9	99.6	
99.3	99.6	
99.3	99.2	
89.2	99.6	
99.3	99.4	
88.8	99.6	
99.3	99	
99.1	99.6	
99.1	99.6	
99.1	99.6	
99.1	99.6	
99.3	99.4	
99.3	99.2	
89	99.6	
99.3	99.6	
99.3	99.6	
89.2	99.6	
98.5	99.6	
89	99.6	
99.1	99.6	
88.6	99.4	
99.3	99.6	
98.9	99.6	
99.1	99.6	
89.2	99.6	
