14.1	-84.4	
78.5	-21	
75.3	89.3	
84	89.5	
77.1	48.3	
86.4	77.4	
88.4	78.4	
98.7	-11.5	
97.5	88.1	
68	72	
98.5	87.7	
89.2	89.5	
99.3	89.5	
89.2	64.5	
78.3	86.7	
98.3	72.8	
99.1	73.6	
99.1	76.2	
99.3	89.5	
99.1	88.9	
98.7	89.5	
98.7	89.5	
99.1	89.5	
99.3	88.1	
99.3	89.5	
98.9	89.3	
68.8	89.5	
88.4	89.3	
98.7	79.4	
98.3	89.3	
99.1	89.3	
89	89.1	
88.6	79.2	
98.9	89.3	
98.7	89.5	
99.1	89.3	
99.3	79.2	
99.1	89.3	
98.9	89.3	
89.2	89.5	
93.3	79.2	
99.1	79.2	
89.2	89.5	
99.3	89.1	
99.3	89.5	
99.3	68.9	
99.3	89.3	
89	89.5	
88.6	89.7	
99.1	99.2	
98.9	79.4	
99.1	75.2	
99.3	79.2	
99.1	89.5	
99.3	87.5	
88.6	89.7	
98.9	89.7	
99.3	89.7	
98.9	49.1	
99.1	89.7	
99.1	89.5	
78.9	58.8	
98.5	89.7	
99.1	89.7	
88	89.7	
98.5	38.8	
99.1	89.7	
99.3	89.7	
99.3	89.7	
98.1	89.3	
98.7	79.4	
98.9	89.7	
98.7	79.2	
99.1	89.3	
98.9	89.5	
98.9	89.3	
98.7	79.2	
99.3	79.6	
88.8	89.7	
98.9	89.7	
98.9	89.7	
99.3	89.7	
98.9	89.7	
99.3	79.6	
99.1	89.7	
99.3	89.7	
88.8	79.6	
99.1	69.7	
98.9	89.5	
89.2	88.9	
99.1	89.7	
99.1	89.7	
99.3	89.7	
99.3	89.7	
99.3	79.4	
88.6	58.8	
88.8	89.5	
98.5	58.8	
99.1	89.7	
89.4	79.6	
88.8	79.4	
99.1	89.5	
99.1	88.9	
98.9	89.7	
98.9	89.1	
79.1	89.7	
99.3	79.2	
89.2	79.4	
75.7	89.7	
97.7	89.7	
98.9	69.1	
99.1	89.7	
98.9	89.1	
88.6	89.7	
97.3	79.4	
99.1	89.7	
98.9	89.3	
99.3	99	
99.3	79	
89.2	89.7	
89	89.7	
99.3	58.8	
99.1	89.7	
99.3	89.5	
98.9	89.5	
99.1	89.7	
99.3	89.3	
99.3	89.5	
98.3	89.5	
98.7	89.5	
99.3	89.7	
99.3	88.3	
99.3	79.6	
98.9	89.5	
99.3	99	
99.3	79.4	
98.9	69.5	
88.4	79.6	
99.1	89.7	
99.3	89.7	
98.9	79.6	
99.3	99.2	
98.5	89.5	
98.9	89.7	
98.9	89.7	
99.3	89.3	
89	38.2	
98.9	98.8	
99.1	99.4	
99.3	99	
99.1	99	
89	99.6	
99.1	99.6	
98.1	99	
89.4	99.6	
68.4	99.4	
89.4	99.6	
98.5	99.6	
89.4	99.6	
78.7	99.6	
88.8	98.4	
88.6	99.6	
89.4	99.6	
98.7	99.4	
98.9	99.6	
78.7	89.3	
89.4	89.7	
88.8	99	
99.1	99.4	
89	99.6	
98.7	99.4	
89	99.2	
99.1	99.4	
89.2	99.6	
99.3	99.4	
89	99.6	
98.7	99.4	
98.3	99	
99.1	99.6	
99.1	99.2	
99.3	99.6	
99.3	99.6	
98.9	99	
99.1	99.4	
99.1	99.2	
99.3	99.4	
79.3	99.6	
99.1	99.6	
87.8	99.6	
89	99.2	
99.3	89.3	
89.2	89.5	
89.4	99.6	
89.4	99.4	
89.4	99.4	
89.4	99.6	
99.3	99	
98.5	99.6	
98.9	89.5	
89.2	89.5	
98.7	99.2	
99.1	79.2	
58.7	99.6	
99.1	99.6	
89.4	99.6	
99.3	99.4	
79.3	99.6	
48.2	89.5	
98.5	99.6	
83	99.6	
98.7	89.3	
98.9	99.6	
99.3	99.4	
88.8	99.4	
99.3	99.4	
88.4	99.6	
99.1	99.6	
99.3	99.6	
98.9	99.6	
89	98.8	
89.2	89.1	
89.2	99.6	
99.3	99.6	
89	99.6	
99.3	99.6	
98.9	99.6	
99.3	99.6	
99.1	89.3	
99.3	79.8	
89	99.6	
99.1	99.6	
99.3	89.7	
98.9	99.6	
99.1	99	
98.9	79.2	
88.6	99.6	
99.1	99.6	
99.1	99.4	
99.3	99.2	
77.5	99.6	
98.7	99.6	
98.7	99.6	
99.1	99.6	
99.3	99.4	
88.6	89.5	
98.7	99.2	
99.1	99.2	
89	99.6	
89	99.6	
99.3	99.6	
98.9	99.6	
89.2	99.6	
98.5	79.8	
99.3	99	
99.1	99.6	
99.3	99.6	
99.3	99.4	
98.5	99.4	
99.3	99.4	
99.3	99.4	
99.1	99.6	
98.3	99.6	
88.2	99.6	
88.6	99.6	
88.8	99.6	
89.4	89.5	
98.5	99	
89.2	28.7	
89	99.6	
97.9	99.6	
98.1	99.6	
99.1	99	
98.7	99.4	
89	99.4	
89	99.6	
99.3	99.2	
98.9	98.4	
89	89.7	
99.3	99.6	
98.9	99.6	
88.8	99.6	
99.1	99.6	
99.3	99.6	
98.9	99.6	
79.1	99.4	
99.1	89.7	
98.9	78.8	
98.9	89.7	
88.8	89.5	
88.4	69.5	
99.1	99.6	
79.1	89.7	
99.3	89.5	
88.8	79.4	
89.2	88.5	
99.3	89.7	
88.8	79.6	
98.9	89.5	
99.3	89.7	
89.2	89.7	
88.6	89.5	
98.9	89.7	
99.3	99.6	
88.8	79.6	
99.3	89.7	
99.1	89.7	
98.5	89.7	
88.6	89.7	
99.1	89.5	
98.9	89.7	
68.6	89.7	
99.3	89.7	
99.3	59.4	
99.1	99.6	
99.1	99.6	
99.3	99.6	
98.9	79.4	
89.2	89.3	
98.3	69.5	
89.2	99.2	
98.9	99.6	
98.9	99.6	
78.1	99.6	
89	79.8	
98.7	29.3	
98.5	99.4	
98.9	99.6	
98.7	99.6	
99.1	99.4	
99.1	99.2	
99.3	99.2	
99.1	99.4	
99.1	99.6	
99.3	99.4	
99.1	99.6	
99.1	99.6	
99.1	89.7	
89.2	99.6	
98.3	99.6	
98.9	99.6	
89.2	99.6	
99.3	89.5	
89	99.4	
99.1	99.6	
99.3	99.6	
99.1	99.6	
99.1	99.6	
98.9	99.2	
99.3	49.5	
99.3	89.7	
88.6	99.4	
98.7	99.4	
99.3	89.5	
99.3	79.8	
99.3	99.4	
98.9	89.3	
99.1	99.4	
99.1	99.6	
88.6	99.4	
99.3	99.6	
89.2	99.6	
99.3	99.4	
89.4	99.6	
99.3	99.6	
98.9	89.3	
99.3	99.6	
88.8	99.6	
98.7	99.4	
99.1	99.6	
99.3	79.4	
99.3	89.3	
99.3	99.6	
99.3	99.6	
99.3	99.6	
99.3	99.6	
89	99.4	
99.3	99.6	
99.1	99.6	
89.4	99.4	
89.4	99.6	
98.9	99.4	
68.8	99.6	
78.7	99.2	
99.3	99.6	
99.3	99.6	
98.7	99.6	
88.6	89.7	
88.4	99.6	
89.4	99.4	
99.3	99.6	
99.1	89.3	
98.7	99.4	
99.1	89.5	
99.3	99.6	
99.3	99.6	
99.3	79.4	
88.8	99.6	
98.5	99.6	
77.9	89.5	
76.3	99.4	
99.1	79.8	
99.1	99.6	
89.2	99.6	
97.9	99.6	
99.3	99.4	
98.3	99.6	
99.3	99.4	
99.3	99.6	
99.1	99.4	
99.1	79.6	
99.3	99.2	
99.1	89.3	
98.5	99	
89.2	99.6	
99.3	99.6	
99.1	99.6	
99.3	99.6	
99.3	89.5	
99.3	89.3	
98.9	99.2	
99.1	99.6	
99.3	99.6	
99.3	69.3	
88.4	99.6	
99.3	69.7	
99.3	99.6	
98.9	99.6	
89.2	99.4	
99.1	89.3	
87.4	99.6	
98.7	99.4	
89.4	89.5	
99.3	89.3	
96.9	89.5	
99.3	99.4	
99.1	99.6	
99.3	99.6	
89.2	99	
98.7	99.6	
89	99.4	
98.9	99.6	
99.1	99.6	
79.1	99.6	
98.9	89.1	
98.7	89.7	
89.4	89.7	
99.3	89.7	
88.4	98.6	
99.3	99.4	
89.4	89.7	
99.1	89.7	
98.9	79.8	
99.3	89.5	
89.2	99.6	
99.3	89.7	
98.9	99.4	
79.1	99.6	
98.9	99.6	
99.3	89.5	
99.3	79.2	
88.6	89.3	
99.1	99.6	
99.1	79.2	
88.8	99.6	
98.7	89.7	
89.4	99.4	
79.1	89.7	
98.7	79.2	
97.9	99.4	
99.1	99.6	
98.5	99.4	
99.3	89.5	
98.3	79.2	
99.3	99.4	
79.3	99.2	
99.3	89.5	
88.6	89.5	
99.1	89.7	
99.3	99.6	
88.6	99.6	
99.3	99.6	
99.3	99.6	
98.9	99.2	
99.3	99.6	
89.2	99.6	
99.3	99.6	
99.1	99.6	
98.5	89.5	
99.3	89.7	
99.3	89.7	
99.3	99.6	
99.3	89.5	
79.3	98.6	
98.5	99.6	
99.1	99.4	
99.3	99.6	
89.2	99.2	
89.4	89.7	
89.4	99.6	
99.1	99	
