-42.8	-61.6	
77.7	79.4	
86.8	26.5	
66	-83.8	
86.8	99.2	
87.4	89.1	
-34.7	99.6	
98.5	58.6	
68.6	99.6	
58.5	48.3	
85.6	89.1	
68.4	48.7	
75.7	99.4	
98.5	98.4	
88.6	88.9	
78.7	89.7	
67.6	78.6	
64.4	99	
87.4	98	
96.1	99.4	
78.7	89.5	
97.5	99.6	
68.6	99.4	
89.4	99.6	
68.6	99.4	
88.2	78.6	
78.7	99.4	
98.3	98.8	
98.7	79.2	
87.8	98.8	
88.8	79.6	
87	99.6	
65.6	99.6	
96.1	99.6	
43.8	99.6	
88.8	59.4	
99.3	89.5	
99.1	99.6	
67	99.6	
57.7	89.5	
99.1	69.3	
88.8	58.6	
44.8	98.6	
98.9	99.6	
94.3	98.8	
98.5	99.4	
88.6	89.7	
77.7	89.7	
88.8	99.6	
56.1	68.5	
79.3	78.6	
78.5	99.4	
78.9	88.9	
34.5	89.5	
56.3	68.9	
88.2	99	
55.3	99.6	
98.9	79.2	
88.8	99.4	
88.6	59.2	
98.5	79	
87.8	-11.5	
65.2	99.4	
78.1	9.3	
78.9	89.3	
41.2	87.9	
73.9	99.6	
98.7	88.5	
64.2	28.3	
55.7	39.4	
89	99.4	
87.4	89.1	
16.7	98.6	
41.8	99.4	
79.1	99.6	
76.9	-20.4	
46.6	89.7	
40.8	99.6	
87.6	89.5	
96.3	59.4	
78.3	89.1	
35.7	99.6	
32.7	49.7	
89.2	99.4	
87.2	99.6	
31.7	79	
46.4	58.2	
99.3	88.5	
85.6	98.4	
79.3	88.7	
58.1	89.1	
63.4	99.2	
99.1	68.7	
45.8	89.5	
58.5	99.6	
79.3	99.4	
98.7	99.6	
98.3	89.3	
78.3	89.5	
47.2	79	
87.2	99.2	
87.8	99.4	
98.5	69.5	
95.3	68.7	
98.1	49.3	
66.6	28.5	
98.5	67.3	
67.6	89.5	
88.6	99	
87	89.1	
98.9	88.5	
78.1	89.5	
46	99.6	
79.1	89.3	
75.1	99.6	
67.2	99.4	
78.5	29.1	
58.1	87.1	
77.9	99.4	
99.1	99.6	
79.5	98.8	
76.5	99.6	
4.2	58	
78.9	78.8	
59.3	88.7	
98.9	99.6	
97.7	99.6	
45.2	68.1	
99.1	89.1	
98.5	99.2	
48.6	89.5	
97.9	89.7	
87.2	99.4	
89	89.5	
98.3	28.3	
87	99.4	
78.3	99.6	
86.2	99.6	
99.1	77.4	
89	99.6	
87.2	39.6	
76.9	79.4	
88	78.8	
87.4	19.2	
88	79.2	
99.1	99	
56.9	79	
88.4	37.6	
76.7	-22.8	
99.3	89.1	
88.4	99.2	
89.2	99.4	
89	99.2	
88.8	99.4	
88.8	99.6	
35.3	68.7	
77.5	99.4	
97.7	99.4	
67.8	98.8	
46.4	99	
79.1	99.6	
76.7	78.8	
87	99.2	
13.3	29.1	
99.3	88.3	
98.3	79.6	
86.8	99.6	
87.4	67.7	
97.7	99.2	
47	99.6	
98.5	99.4	
89	89.1	
78.9	99.2	
88.6	19	
13.5	89.3	
55.1	88.9	
67.6	68.5	
98.1	18.8	
87.6	88.9	
99.1	49.5	
78.1	69.7	
68	99.6	
75.1	89.5	
77.1	89.3	
88.8	99.6	
88.6	99.6	
86	89.7	
98.3	89.3	
88.6	99.6	
77.1	99.6	
-6.3	98.6	
98.1	89.7	
98.9	89.5	
99.3	89.3	
99.1	88.3	
68.4	79.2	
47.4	-13.1	
88	58.6	
87.8	99.6	
78.7	18.8	
98.3	88.7	
99.3	99.2	
88.6	99.4	
87.8	19.6	
98.7	89.1	
98.7	59	
77.3	99.4	
98.9	99.4	
77.5	69.5	
98.1	99.6	
68.2	99.6	
69	79.4	
55.7	99.4	
78.7	99.6	
77.9	79.8	
88.6	99.2	
87.6	69.7	
88.6	98.6	
66	18.2	
98.9	99	
88	89.1	
89	79.6	
98.1	88.7	
98.7	78.6	
78.3	99	
88.2	79.6	
68.2	89.1	
99.1	99.4	
88.4	99.4	
78.7	89.5	
89	99.4	
79.1	89.5	
37.5	88.7	
87.2	88.7	
79.3	9.1	
88.4	79.4	
68	48.9	
47.6	77.6	
68.6	99.6	
97.1	99.4	
66.8	99	
86.8	78.8	
64.2	99.4	
51.9	79	
67	99.2	
77.9	99.6	
99.1	27.1	
89	99.4	
64.2	99.6	
87.8	48.9	
88.4	79.4	
88.4	49.1	
97.3	99.4	
98.9	89.5	
99.1	88.5	
88.4	99.4	
88.8	69.1	
88	99.6	
99.3	79.4	
37.3	99.6	
99.3	99.6	
89	79.8	
25.4	99.4	
78.1	29.1	
98.3	79.2	
96.9	99.2	
78.1	89.3	
77.1	98.4	
57.3	89.1	
87.6	-11.1	
98.3	79.6	
13.9	99.4	
58.1	99.6	
56.1	98.4	
67.6	99.4	
47	67.9	
45	99.6	
47	99.2	
88	79.2	
99.1	37.4	
78.7	-41.6	
99.3	89.1	
89.2	69.1	
77.9	88.9	
36.5	89.3	
87.2	89.7	
98.1	89.5	
97.5	89.3	
89.2	79.4	
77.9	79.8	
98.9	89.3	
89	99.6	
56.7	89.3	
98.3	39	
78.1	89.5	
47.6	69.1	
73.3	89.3	
57.5	56.8	
87.2	99.6	
88.8	99.2	
58.1	79.6	
89.2	79.2	
86.8	99.4	
99.1	99.4	
88	99.4	
46.4	99.6	
89	99.2	
89.2	99.2	
56.7	99.6	
88.6	99.6	
98.5	99.6	
89.2	-11.5	
77.9	69.7	
48.4	86.9	
88.8	59.4	
99.1	99.4	
57.3	69.3	
57.1	89.3	
77.9	58.6	
88.6	89.1	
99.1	78.8	
98.9	89.3	
88.6	29.1	
88	99	
87.4	99.6	
46	89.3	
88.6	99.4	
97.3	99.6	
76.5	99.2	
78.9	99.6	
88	99.2	
79.5	79.4	
87.6	19.2	
77.5	89.1	
89	99.4	
77.9	99.4	
87.8	99.6	
68.6	78	
86.6	89.1	
89	89.1	
68.4	48.7	
99.3	88.7	
89	69.1	
46.2	59.6	
76.7	69.3	
89	58.8	
78.7	88.9	
67.6	38.8	
88.6	59.4	
77.5	99.4	
87.4	89.7	
67	98.8	
99.1	48.3	
76.3	99.6	
24.4	69.7	
87.6	89.1	
88.6	99.6	
98.9	99.6	
98.1	59.4	
98.7	89.1	
97.9	89.7	
87.4	89.3	
66.8	79	
68.4	99.4	
77.5	98.6	
55.3	88.5	
98.1	99.6	
34.1	79.6	
65.4	99.4	
88.8	89.1	
87.8	89.3	
74.7	88.5	
57.5	99	
87.8	78.8	
97.9	99.6	
78.9	19.2	
97.9	99.6	
88	98.6	
98.9	89.3	
45.8	99.6	
78.5	67.7	
98.7	99.6	
99.1	99.6	
77.9	99	
4.4	99.4	
88.2	79.6	
87	89.7	
99.3	49.3	
33.5	79.6	
77.3	68.9	
99.3	89.3	
97.1	89.1	
88.6	99	
77.1	79.6	
77.5	79.2	
45.2	28.7	
65	89.3	
88.8	89.5	
98.9	39.2	
56.3	58.8	
98.1	79.2	
87.8	89.5	
67.6	99.4	
66.8	99.2	
98.9	99.4	
88.2	89.7	
76.9	68.3	
46	77.4	
87.4	99.4	
35.3	47.5	
87.4	89.1	
87.8	99.6	
96.3	99.4	
99.3	79.6	
99.3	99.2	
67	69.1	
98.9	49.5	
98.3	89.5	
98.1	99.6	
36.3	88.7	
78.3	99.2	
98.7	99.4	
57.3	29.3	
67.2	58.6	
43.2	69.3	
69	99.6	
97.5	89.3	
77.7	88.7	
86.6	99.4	
98.9	99.4	
56.5	89.3	
67.2	79.2	
98.7	88.7	
89	99.6	
45	79.4	
79.1	59.4	
96.3	99.6	
76.5	89.7	
78.5	78.6	
98.5	89.7	
59.1	-3.4	
99.1	99.6	
57.3	78.8	
97.1	99.6	
87.8	47.7	
65.4	79.8	
99.1	99.4	
88.2	99.2	
56.5	99.2	
89.4	99.2	
68.4	99.2	
77.7	99.6	
98.9	79.4	
99.1	79.6	
65.8	79.4	
55.9	99.4	
98.1	47.5	
77.9	99.6	
88.8	99.6	
67.8	99.2	
86.6	99.6	
98.9	88.9	
88.2	89.3	
77.9	99	
78.9	79.2	
88.4	99.2	
99.1	79.6	
88.8	67.9	
87.4	79.8	
87.6	17.2	
48.6	79	
67.2	-11.1	
68.6	99.4	
98.7	69.5	
88.6	99.6	
87.6	69.7	
88.2	59	
47.2	59.4	
88.4	99.4	
78.3	79.4	
88.4	18	
47	78.8	
88	89.3	
97.5	69.7	
36.7	99.4	
98.7	79	
88.4	58.8	
68.2	79.4	
98.1	99	
76.1	88.7	
66	98	
77.1	99.4	
99.1	89.1	
86.8	99.6	
67.4	99.6	
89	99.2	
36.9	88.5	
89	89.5	
75.9	29.1	
98.1	98.4	
