36.7	-161.8	
14.1	28.1	
98.9	24.3	
88.6	88.5	
97.9	25.5	
57.5	88.7	
95.7	69.3	
97.3	69.3	
88.2	89.1	
97.9	44.7	
98.9	88.1	
99.1	58.2	
87.4	97	
84.4	98.6	
88.8	99.4	
76.7	89.1	
89	37.8	
97.1	99.2	
97.3	89.3	
88	99.2	
84.6	99.2	
73.7	99.2	
79.5	89.1	
87.2	79	
88.6	89.5	
88.6	99.2	
85.2	98.8	
88.6	99.4	
89.2	79.2	
89	99.4	
88.6	98.8	
96.5	88.9	
89	99.6	
69	99.6	
78.9	89.3	
67.8	99.6	
89	99.2	
99.1	79.6	
79.3	99.6	
89	99.6	
88.8	99.6	
79.1	99.6	
87.8	99.2	
88.6	99.2	
99.1	88.7	
88.4	88.9	
69	89.1	
83.2	99.4	
89.4	79	
88.6	99.6	
99.3	99.6	
88.6	89.3	
83.4	88.7	
89	99.4	
98.9	99.4	
99.1	99	
98.3	99.6	
98.7	79.4	
99.3	99.6	
98.5	99.4	
89	99.2	
99.3	99.6	
79.3	99.6	
99.3	99.6	
89	88.7	
98.7	89.3	
98.7	99.6	
98.1	99.4	
78.3	99.6	
88.8	99.2	
98.7	99.6	
99.1	99.6	
87.4	89.5	
77.3	79.8	
53.1	19	
98.7	99.4	
75.7	99.6	
98.9	79.8	
98.9	99.6	
99.3	89.7	
89.2	99.6	
99.3	99.6	
95.9	99.6	
96.1	99.6	
98.9	69.3	
99.1	99.4	
89.2	68.7	
98.5	79.4	
99.3	99.4	
99.3	99.4	
89.2	99.4	
89.2	89.5	
78.1	99.6	
79.3	99.4	
88.4	99.4	
98.7	89.7	
89	99.2	
79.3	99.6	
88.8	99.6	
98.7	99.6	
99.1	99	
99.3	99.6	
98.9	99	
99.3	99.6	
89	99.6	
98.7	99.6	
89.2	79.6	
89	99.4	
99.1	99.4	
89.2	99.6	
98.7	99.6	
88.8	99.6	
98.7	99.2	
87.6	28.7	
88.8	99.4	
88.2	99.6	
89.2	99.4	
99.3	99.6	
98.9	99.4	
99.1	99.6	
88.6	99.6	
89	89.3	
88.8	99.4	
89	99.2	
99.3	89.7	
88.4	88.9	
99.3	89.7	
99.1	58.6	
99.3	99.6	
98.9	89.3	
98.9	99.6	
99.1	89.3	
99.1	79.8	
98.9	99.6	
88	99.4	
98.3	99.4	
99.3	99.6	
88.2	99.6	
99.3	69.5	
98.5	99	
88.4	-1.6	
88.4	89.7	
98.9	48.5	
99.3	99.2	
99.1	89.1	
98.9	79.4	
88.6	69.3	
89.2	99.6	
98.7	99.6	
88.8	99.6	
89	89.3	
75.5	78.2	
76.9	89.5	
97.9	89.5	
98.9	99.2	
89.4	89.7	
88	99.6	
88.6	99.4	
99.3	98.4	
97.1	99.6	
89.2	99.6	
67.6	99.6	
98.1	69.7	
97.9	99.6	
88.4	99.6	
99.3	99.2	
99.1	99.4	
87.8	59.8	
99.1	99.4	
88.4	99.6	
97.1	89.7	
79.1	99.6	
98.7	69.7	
99.1	89.3	
88.4	99	
98.5	89.7	
89	78.2	
99.1	99.6	
87.8	99.6	
78.7	99.4	
67.6	99.6	
89	99.4	
78.5	99.4	
99.1	99.6	
79.5	89.7	
95.1	89.5	
69.2	99.6	
97.3	59.6	
98.7	99.2	
99.1	99.6	
98.3	79.8	
89	79.8	
89.4	89.3	
98.7	99.6	
98.9	99.6	
88.4	89.7	
98.3	99.4	
88.8	99.6	
99.1	99.6	
99.3	99.2	
89.4	99.6	
99.3	99.4	
99.3	99	
78.5	99	
99.3	99.4	
99.1	99.6	
79.1	99.6	
89	89.7	
99.3	89.1	
99.1	99.6	
88.8	88.7	
99.3	89.7	
89	99.6	
99.1	89.7	
68.2	69.5	
89.2	89.5	
99.1	89.7	
78.9	89.7	
98.7	89.5	
98.9	68.9	
78.5	89.7	
98.7	69.5	
88.6	99.6	
88	99.6	
99.3	99.6	
99.1	98.8	
68.8	99.6	
88.8	99.6	
99.3	99.6	
89.2	99.6	
98.9	89.5	
98.7	99.4	
98.7	99.6	
88.8	89.3	
89	79.8	
88.8	98.8	
99.1	99.6	
98.9	99.6	
88	89.5	
89.2	99.6	
99.1	99.6	
99.1	99.6	
99.1	99.4	
89.2	99.2	
99.1	99.6	
99.3	99.6	
99.3	99.6	
99.3	89.7	
78.9	99.6	
99.3	99.6	
98.9	79.8	
99.3	99.4	
99.3	89.1	
98.9	99.4	
99.1	99.6	
98.3	99.6	
98.9	99.6	
89.2	99	
98.7	99.6	
98.9	99.6	
98.9	99.6	
89	79.8	
99.1	99.6	
98.9	78.8	
77.5	89.3	
89.2	79.8	
98.1	99.6	
98.9	99.4	
98.5	99.4	
88.8	89.3	
88.8	89.5	
88.8	99.6	
98.1	99	
99.3	99.4	
78.5	99.6	
78.7	99.6	
99.3	99.6	
98.1	89.5	
99.3	99.6	
99.3	99.4	
99.3	89.7	
99.3	69.5	
98.7	99.6	
99.1	99.6	
99.1	99.6	
98.5	99.6	
99.1	99.6	
89	99.4	
99.3	79.6	
98.9	99.4	
88.8	99.6	
89.4	99.6	
99.3	89.5	
89	99.2	
98.9	99.6	
88.8	99.2	
79.1	99.6	
78.9	99.2	
99.1	99.6	
89.2	99.4	
98.1	99.6	
99.1	99.6	
99.3	79.8	
89.2	99.6	
98.9	99.6	
99.1	79.8	
99.1	99.2	
89.2	99.2	
88.8	99.4	
98.3	99.4	
98.9	89.5	
88.8	79.8	
98.3	99.4	
98.9	99.6	
99.1	79.4	
98.7	99.6	
99.3	99.2	
98.9	89.3	
98.3	39.4	
98.3	89.1	
99.3	59.6	
99.3	89.7	
99.1	98.8	
99.1	99.6	
99.1	99.4	
98.7	99.2	
99.3	99.6	
98.9	89.5	
99.1	99.4	
98.7	89.3	
88.6	99.6	
98.7	89.3	
98.5	99.6	
79.1	89.7	
99.1	99.6	
99.1	99.6	
89.2	99.6	
98.9	99.4	
98.9	99.6	
98.7	99.6	
99.3	99.4	
99.1	99.6	
99.1	89.3	
99.3	99.4	
99.1	69.5	
98.9	69.3	
98.9	99.6	
98.3	99.4	
99.1	89.5	
99.3	79.2	
98.9	89.7	
99.1	89.7	
99.1	89.7	
98.9	89.3	
88.6	89.5	
98.7	89.7	
99.1	99.6	
99.1	99.6	
99.3	89.7	
89	89.1	
98.9	99.6	
88.8	89.3	
86.2	99.4	
98.3	99.6	
99.3	99.6	
69	99.4	
88.2	99.6	
99.1	89.3	
98.9	89.5	
88.8	99.4	
98.9	99.6	
89.4	99.6	
77.3	69.3	
98.3	99.6	
99.1	99.6	
88.2	99.6	
88.6	89.7	
98.9	89.7	
99.3	89.5	
98.9	99.6	
98.3	79	
88.6	99.6	
77.3	88.9	
98.7	99.4	
99.3	79.2	
98.7	69.5	
98.7	89.7	
99.3	99.6	
99.3	99	
98.9	99.6	
99.3	99.4	
98.5	99.6	
98.9	79.6	
99.3	99.2	
99.3	99	
99.1	99.6	
89.2	99.6	
98.9	99.4	
98.9	89.5	
88.8	99.4	
88.4	99.6	
99.3	89.3	
99.1	99.6	
98.9	99.4	
98.7	99.6	
98.7	99.2	
99.1	89.3	
79.3	99.2	
98.5	89.7	
99.1	99.4	
79.5	99.4	
98.5	69.3	
98.9	99.6	
99.3	69.7	
98.9	99.4	
99.1	99.4	
58.9	99.6	
88.8	99	
98.7	99.4	
89.4	88.9	
99.3	78.8	
99.1	99.6	
89	89.5	
98.9	99.6	
99.1	99.6	
89	99.6	
89.4	99.4	
88.4	99.6	
98.9	99.6	
88.8	99.6	
99.3	89.3	
97.7	88.9	
99.3	99.6	
68.2	99.6	
88.8	99.6	
99.3	99.6	
99.1	79.4	
68.8	59.8	
98.1	99.6	
78.9	99.4	
89	99.4	
89.4	99.6	
99.3	99.6	
87.6	99.6	
98.9	99.6	
98.7	99.6	
99.1	89.5	
99.1	89.1	
99.3	99.4	
99.1	99.6	
99.3	89.5	
98.7	99.6	
89.2	99.4	
98.9	89.7	
99.1	99.4	
98.9	99.6	
98.9	99.4	
98.9	99.2	
69	99.4	
98.9	99.2	
98.9	79	
99.3	89.7	
98.7	89.1	
98.9	89.5	
99.3	89.3	
98.7	89.1	
99.3	99.2	
99.3	99.4	
88.4	89.5	
98.5	59.2	
99.1	69.3	
99.3	99.6	
99.1	99.4	
98.9	89.7	
98.5	79	
99.3	69.1	
98.9	99.6	
99.3	89.7	
99.3	79.8	
88.6	89.5	
89.4	99.4	
98.7	99	
97.5	89.5	
99.1	99.2	
98.9	89.3	
88.2	99.4	
99.3	99.6	
98.7	99.4	
89	99.6	
88.8	89.1	
98.1	89.3	
99.1	89.1	
89.2	79.8	
98.3	99.6	
99.3	99.6	
99.3	99.6	
99.3	99.2	
99.1	99.6	
79.3	89.3	
99.1	99.4	
