14.1	-1475.4	
97.9	-264.2	
64.6	-6.2	
98.7	-56.7	
85.2	-260.9	
97.5	33.6	
89.2	45.1	
87.4	69.5	
88.4	35.4	
98.7	46.3	
98.9	-6	
99.1	5.1	
97.5	-104.2	
99.1	-3.2	
98.1	46.1	
98.7	-3.8	
98.3	89.1	
99.1	99.4	
99.3	79.2	
98.9	89.7	
98.9	79.2	
88.2	89.3	
99.3	95.2	
97.7	99.4	
98.5	76.8	
99.3	79.8	
98.9	95.8	
98.5	95.8	
99.3	84.9	
98.1	88.5	
99.1	89.3	
99.1	66.5	
68.4	97.8	
98.7	87.5	
69	95.6	
99.3	87.9	
98.3	92.8	
99.3	79.4	
99.3	95.6	
99.1	97.6	
89	97.2	
99.1	99.6	
99.3	99.2	
99.3	98.8	
99.3	99.2	
99.1	88.5	
96.1	99.6	
78.3	94.4	
97.9	89.1	
99.3	77.2	
99.3	97.2	
99.3	98.8	
99.1	96.4	
98.9	98.2	
99.1	99.4	
99.1	98.4	
98.9	98.4	
98.9	89.1	
98.9	89.7	
99.1	77.2	
99.3	98	
98.9	79.8	
99.3	89.5	
99.1	98.8	
99.3	88.7	
89.2	89.1	
99.1	99.2	
99.1	88.5	
99.1	99.4	
99.3	98.8	
99.3	99.2	
99.1	99	
99.3	96.2	
99.3	96.4	
98.5	97.8	
99.1	98.8	
99.3	99.4	
98.7	98.8	
99.1	99.2	
99.1	97.8	
99.3	97	
99.3	99.4	
99.1	99.4	
99.1	98.8	
99.1	99.2	
99.1	99.4	
99.1	99.2	
98.9	99.2	
99.3	99.2	
99.3	99.4	
99.1	99.2	
99.3	99.4	
89	99.4	
99.3	99.6	
99.1	99.2	
99.1	99.4	
99.1	99.2	
99.3	99.6	
99.1	89.3	
99.1	99.2	
98.7	99.4	
99.1	99.2	
99.3	99.4	
99.3	98.8	
99.1	99.4	
99.3	99.4	
99.1	99.2	
98.5	89.7	
88.8	99.4	
98.9	99.4	
99.3	99.4	
98.3	99.4	
99.3	99.2	
98.7	99.4	
99.1	99.4	
99.3	99.2	
99.3	99.4	
99.1	99.6	
99.1	99.4	
99.3	99	
99.3	99.4	
99.3	99.2	
99.3	99.4	
98.9	99.2	
99.3	89.3	
99.3	99.4	
99.3	99.4	
99.3	99.2	
99.1	99.2	
99.1	99.4	
99.3	99.4	
98.9	99.2	
99.3	99.4	
98.9	99.4	
99.1	99.4	
99.1	99.2	
99.3	99.4	
99.3	99.4	
98.9	99	
89.2	99.4	
99.3	99.4	
99.3	99.2	
98.7	99.4	
99.3	99	
99.3	99	
99.3	99.4	
99.3	99.4	
89.4	79.8	
99.1	99.4	
88.6	99	
99.3	99.2	
99.3	99.2	
89.4	99.4	
89.2	99.6	
99.3	99.2	
99.3	89.7	
99.3	99.4	
99.3	99.4	
98.7	99.2	
99.1	99.2	
99.1	99.4	
98.5	99	
99.1	89.3	
89.2	99.6	
99.3	98.6	
89.4	99.2	
99.1	79.4	
99.3	99.4	
99.3	99.4	
89.4	99.4	
99.1	99.4	
99.1	99.4	
89.2	99.2	
99.1	99.4	
99.3	99.4	
99.3	99.4	
99.1	99.4	
98.7	99.4	
99.3	99.2	
99.3	99.2	
98.3	99.4	
89.2	99.4	
99.3	99.2	
99.3	99.2	
98.9	89.1	
99.1	99.4	
99.1	99.4	
99.3	89.7	
99.3	99.2	
99.1	99	
99.3	99.2	
98.9	99.4	
99.1	99.4	
99.3	99.4	
99.3	99.4	
99.1	99.2	
99.3	99.4	
99.3	99.4	
98.9	99.2	
99.3	99.4	
89	99.4	
99.1	99.2	
99.3	99.4	
89.2	99.4	
99.3	99.4	
98.5	99.4	
99.3	99.4	
99.3	99.2	
89.4	99.4	
99.3	99.4	
99.1	99.6	
99.3	99.4	
99.3	99.4	
98.9	99	
89.2	99.2	
99.3	99.2	
99.3	89.1	
88.8	99.4	
99.1	99.2	
98.7	99.2	
99.1	99.4	
99.1	98.8	
99.1	99.4	
89.4	99.2	
89.4	99.4	
99.3	99.6	
89.2	99.2	
99.3	99	
99.1	99.4	
99.3	99.2	
99.1	99.2	
99.3	99.4	
99.1	99.4	
89.4	89.7	
99.3	99.2	
99.3	99.4	
99.1	99.2	
99.1	99.4	
98.9	99	
99.1	98.6	
89.4	99.2	
99.3	99	
99.1	99.2	
99.3	99.4	
99.1	99.2	
98.7	99.4	
99.1	99	
99.3	99.4	
99.3	99	
99.1	99	
99.3	99.2	
99.3	99.2	
99.3	99.4	
99.3	99.4	
99.1	99.4	
89	99.4	
99.3	99.4	
99.3	99.4	
98.9	99.4	
99.3	99	
88.2	99.4	
99.1	99.4	
99.3	99.4	
99.3	99.4	
99.3	99.2	
99.3	99.4	
99.3	99.2	
99.3	99.2	
89.4	99	
99.1	88.5	
99.1	89.3	
99.1	99.4	
99.1	99.4	
99.1	89.3	
98.9	99.4	
99.3	99.2	
89.4	99.4	
99.1	88.9	
99.1	99.2	
98.7	99.2	
99.1	99.2	
99.3	99.4	
99.3	99.2	
99.1	99.4	
99.3	99.4	
99.3	99.4	
99.3	98.8	
99.3	99.2	
99.1	79.8	
99.3	99.4	
88.6	99.4	
98.7	99.2	
98.9	99.4	
99.1	98.4	
99.1	99.2	
99.1	99.6	
99.3	89.1	
99.1	99	
98.9	99.4	
99.3	99.4	
98.9	88.9	
98.9	99.4	
99.3	99.2	
99.3	99.4	
98.9	99	
98.7	99.4	
99.3	99.4	
98.9	99.2	
98.9	99.4	
99.1	99.4	
98.9	99.4	
99.1	99.6	
99.3	99.4	
99.1	99.4	
99.3	99.2	
99.1	99.4	
99.1	99.4	
98.7	99.4	
99.3	99.2	
89	99.4	
99.1	69.1	
99.3	99.4	
78.3	37.4	
98.9	99	
99.3	99.2	
99.3	89.5	
88.8	99.4	
99.3	99.4	
99.3	99.4	
99.3	99.2	
99.1	99.4	
98.9	99.4	
99.3	99.4	
99.1	99.4	
88.6	98.8	
99.3	89.5	
99.3	99.4	
99.1	99.2	
99.3	88.9	
99.3	88.9	
99.3	89.1	
98.7	99	
99.3	88.9	
99.1	89.5	
99.1	99.4	
98.5	99.2	
99.3	99.4	
99.3	99.4	
99.3	99.4	
99.1	88.9	
98.9	99.4	
99.3	99.4	
99.3	99.4	
99.1	99.2	
99.1	99.4	
99.1	99.2	
98.7	99.2	
88.8	99.4	
98.9	99.4	
99.3	99.2	
99.1	99.4	
99.3	99.2	
99.3	99.4	
98.9	99.4	
99.3	69.3	
98.7	79.8	
99.3	98.4	
99.1	99.4	
99.1	99.4	
99.1	99.4	
99.1	99.2	
88.6	89.7	
99.3	99.4	
99.3	99.2	
99.3	99.4	
99.3	99	
99.3	99.2	
99.3	99.6	
99.1	99	
99.3	99.4	
98.9	99.4	
89	99.4	
99.3	89.1	
99.3	59.4	
99.3	99.2	
99.1	99.4	
99.3	99.4	
99.3	99.4	
99.3	99.4	
99.3	99.4	
98.5	89.3	
99.3	99.2	
89.2	89.1	
99.3	99.4	
99.3	99.2	
98.9	99.2	
98.9	99.4	
99.3	89.1	
89.2	89.7	
89.4	99.4	
99.3	99.2	
98.7	99.2	
89	99.6	
99.3	89.7	
99.3	99.4	
99.3	99.4	
89.4	99.2	
99.1	99	
99.3	99.2	
99.3	99.4	
99.1	99.4	
99.3	99.4	
99.3	99.2	
89.2	99.4	
99.3	98.8	
99.3	99.4	
99.3	99.4	
98.9	99	
99.3	99	
99.3	99.4	
99.1	99.4	
99.1	99.4	
99.3	99.6	
98.9	99.4	
98.7	99.4	
99.1	99.4	
98.9	99.4	
99.1	99.2	
99.3	99.2	
98.9	99.6	
99.3	88.5	
99.1	99.2	
98.7	99.6	
99.3	89.7	
98.7	99.4	
99.1	99	
99.3	99.2	
99.3	99	
99.3	99.4	
98.9	99.2	
98.7	99.4	
99.1	99.2	
88.8	99.4	
89.4	99.4	
99.1	99.6	
99.1	99.2	
99.3	99.4	
99.1	99.4	
99.1	99.4	
99.3	99.2	
99.1	99.6	
99.1	99.4	
99.1	99.4	
99.1	99.2	
99.3	99.4	
99.3	99.4	
99.1	99.2	
98.3	99	
99.1	99.4	
99.3	99.2	
98.9	99.4	
98.7	99.4	
99.3	99.4	
98.9	99.2	
89.2	99.4	
99.3	89.1	
99.3	99.4	
99.3	99.2	
99.3	99.4	
99.3	99.2	
89.2	99.2	
98.9	99.4	
89.2	99.4	
99.3	89.1	
99.3	99.4	
99.3	99	
89.4	99.4	
89.2	99.2	
98.7	99.6	
89.4	99.4	
99.3	99.4	
99.1	99.4	
99.3	99	
99.3	89.7	
99.3	99.4	
99.1	99.2	
99.1	99.4	
99.3	99.2	
98.9	89.3	
99.3	99.4	
99.1	99.4	
99.1	99.4	
99.3	89.5	
89.4	99.4	
99.3	99.2	
99.1	6.7	
99.3	99.2	
99.1	89.1	
99.3	99.4	
99.1	89.1	
