-40	-31.3	
45	69.7	
88.4	69.5	
68	78.8	
89	58	
76.9	-0.6	
89.2	76.8	
87.2	49.3	
97.3	25.5	
57.1	68.7	
21.8	77.8	
97.5	89.3	
88.6	28.7	
86.8	99.6	
89	89.3	
98.9	67.5	
68.2	88.7	
77.9	89.5	
99.1	99.6	
98.9	99.4	
99.1	99.4	
46.4	99.4	
76.1	39.2	
98.1	-10.7	
89.4	99.6	
98.3	69.1	
98.5	89.5	
78.3	-20.8	
98.5	99.6	
76.5	79.2	
68	79.6	
54.3	87.5	
88.8	99.4	
86.6	99.6	
98.9	99.6	
67.4	99.4	
98.1	99.4	
76.3	89.5	
88.8	88.9	
88.8	99.2	
98.7	99.4	
98.5	88.9	
98.7	99.6	
56.7	99.6	
86.6	99.6	
98.7	99.6	
89.4	78.8	
97.9	99.6	
98.9	88.7	
79.3	99.4	
88.4	79	
78.7	49.1	
86	89.7	
99.1	99.2	
68.6	99.6	
88.4	58.6	
89.2	99.6	
87.8	79.4	
98.3	68.7	
87.4	79	
78.9	89.5	
98.3	48.7	
98.7	98.8	
87.4	89.3	
98.5	99.2	
98.5	99.6	
88.4	99.4	
97.7	57.2	
98.1	99.4	
98.3	68.7	
98.5	99.6	
79.1	59.4	
89	89.3	
88.4	89.3	
98.9	79	
99.3	89.5	
98.5	99	
88.6	99.6	
88.6	89.5	
99.3	89.1	
37.9	99.6	
88.8	99.4	
88.4	98.8	
89.2	99.4	
69	99.6	
78.1	87.7	
98.5	79	
78.9	99.2	
98.5	99.4	
99.1	99.2	
99.3	99.6	
98.9	99	
89	59.2	
68.2	79	
78.1	57.6	
78.3	68.9	
98.9	89.5	
78.7	68.1	
98.5	79.2	
96.9	88.7	
87.8	99.6	
98.7	99.4	
99.1	99	
88.8	99	
98.7	79.2	
58.5	89.3	
77.5	58.8	
88.4	99.6	
89	89.5	
88.4	99.6	
98.9	88.5	
99.3	99	
86.6	99.6	
66.2	58.4	
98.3	89.3	
98.5	99.4	
88.6	99	
98.9	99.4	
98.9	89.5	
88	99.4	
98.9	99.4	
98.3	89.5	
68.2	99.6	
98.7	99.6	
98.1	99.6	
88.4	99.4	
89	99.6	
98.9	99.2	
98.9	89.3	
98.5	99.6	
98.7	99.4	
98.5	99.4	
98.9	89.5	
78.1	99.4	
97.9	89.5	
98.7	9.5	
77.9	89.5	
89.4	89.5	
47.6	99.6	
98.3	99.4	
88.8	99.6	
99.3	99.4	
88.6	89.7	
79.3	99.2	
88.8	69.3	
88	79.8	
99.1	99.6	
68	59.2	
76.5	99.4	
98.7	89.7	
99.1	98.8	
98.9	39.2	
99.1	99.4	
98.9	69.7	
99.3	88.9	
98.7	79.6	
98.9	99.4	
79.1	89.7	
79.5	99.2	
88.6	59.4	
98.9	99.6	
78.5	99.2	
78.1	99.6	
89.2	99.4	
76.9	78.8	
89.2	99.6	
98.9	79.2	
99.3	99	
98.3	89.7	
98.9	89.5	
98.9	99.6	
98.9	89.5	
98.9	99.4	
88.2	99.6	
98.5	99.6	
89.4	49.1	
99.3	79.8	
89.4	89.3	
99.3	89.7	
99.3	89.5	
79.1	89.3	
77.9	59	
89.2	99.4	
78.9	89.5	
78.3	89.7	
98.3	79.2	
98.7	99.6	
99.3	89.3	
78.3	99	
98.5	99.6	
88.2	58.8	
57.5	89.1	
98.9	99.4	
98.7	69.1	
99.3	79.2	
78.7	99	
78.9	58.4	
97.5	99.4	
99.3	99.6	
89.2	99.4	
78.7	89.3	
78.5	79.6	
88.6	79.4	
98.9	58.2	
98.7	99.4	
99.3	-11.9	
99.1	99.4	
78.1	99.6	
99.1	58.6	
79.3	89.5	
97.7	79.2	
88.2	49.5	
99.1	89.7	
88.8	89.3	
89.2	79.2	
88.6	69.7	
99.3	79.8	
98.5	59.4	
99.1	79.6	
89.2	79.6	
66.4	89.5	
99.3	99.2	
89	79	
98.7	89.3	
99.1	89.1	
75.3	99.4	
87.2	89.5	
98.3	89.7	
89.4	89.7	
88.4	69.7	
78.1	89.3	
98.7	89.5	
99.1	99.6	
89	89.5	
89	89.7	
88.6	79.6	
99.3	89.7	
47.2	89.7	
89	79.4	
98.5	99.6	
99.3	89.7	
98.7	99.6	
98.9	89.1	
55.7	89.5	
89.4	89.5	
99.1	89.1	
89	59.4	
88.8	89.7	
89.4	49.5	
87.2	99.2	
78.7	99.4	
98.7	99.6	
98.7	99.6	
78.5	99.2	
79.5	99.4	
99.3	99.6	
99.3	78.8	
99.3	99.4	
99.1	69.7	
88.4	79.8	
68	79.2	
99.1	79	
98.9	99.2	
98.5	89.1	
99.3	49.5	
99.1	99.4	
99.1	89.7	
99.1	89.5	
99.1	99.6	
99.3	99	
97.3	99.2	
99.3	89.3	
98.3	99.6	
98.5	99.6	
98.9	99.6	
98.3	99.4	
99.1	89.7	
98.9	89.5	
98.9	99.2	
89	99.4	
89	89.5	
98.1	99.2	
88.8	99.6	
77.5	99.6	
98.5	89.3	
98.5	99	
78.7	99.6	
88.4	99.2	
89	99.4	
78.1	89.7	
78.9	99.4	
98.3	99.2	
98.9	89.5	
78.3	78.4	
78.5	89.5	
98.5	59.2	
79.3	79.6	
98.9	78.4	
98.9	89.1	
99.3	88.3	
89.2	99.6	
98.9	69.1	
99.3	99.2	
89.2	99.4	
99.1	99.4	
99.1	69.3	
99.3	89.5	
99.1	99.6	
99.3	99.4	
88.8	99.6	
99.1	99.6	
98.3	99.4	
98.9	99.6	
99.1	99.4	
99.3	99.6	
68	99.6	
99.1	99.4	
99.3	98.6	
88.6	99.4	
68.6	99.2	
98.7	99.6	
98.1	99	
99.3	69.3	
88	79.6	
99.1	99.4	
88.4	99.6	
89	78.8	
37.3	99.6	
89	99.6	
89.2	89.5	
99.3	99.2	
89	18.8	
79.1	69.3	
97.9	68.7	
88.8	79.6	
78.3	48.7	
89.2	99.4	
58.1	39	
84.6	99.2	
96.7	99.6	
76.9	69.7	
68.2	79.6	
88.8	99.6	
99.1	99.2	
88.8	99.4	
99.1	99.6	
98.7	89.3	
88.6	99.6	
78.5	99.6	
98.9	89.5	
98.3	99.2	
99.1	99.6	
99.1	79.6	
89	78.6	
89.4	99.6	
98.1	89.5	
97.9	89.1	
76.9	99.2	
98.9	89.7	
98.5	99	
99.1	79.4	
87.8	58.8	
98.7	99.4	
88	99.6	
88.6	89.3	
78.9	89.5	
99.1	99.4	
87.8	79.6	
88.6	79	
67.6	99.2	
88.8	99.6	
98.5	69.7	
79.5	89.3	
96.9	79.4	
99.3	99.6	
79.3	99.4	
98.3	99.4	
79.5	78.8	
88.4	89.5	
98.7	99.2	
98.7	99.6	
99.1	99.6	
98.3	99.4	
86.6	99.6	
98.7	89.3	
99.3	99.6	
78.5	69.5	
98.1	87.9	
89.2	89.5	
99.1	69.7	
48	99.4	
89.2	79.4	
89.4	79.2	
88.4	98.8	
88.8	99.6	
89.2	99.4	
78.9	99.6	
88.8	89.5	
99.1	99.2	
56.7	69.7	
99.3	98.6	
99.3	79	
88.6	99.2	
98.9	99.2	
79.1	99.6	
78.7	59.6	
87.4	59.2	
98.3	89.5	
99.1	89.5	
88.6	99	
88	99.6	
88.4	99.6	
88.8	89.1	
99.1	99	
78.9	89.7	
87	89.5	
97.9	99.6	
98.7	59.2	
87.8	88.9	
78.7	89.3	
97.7	99.6	
77.1	89.1	
98.9	99.6	
88	99.6	
98.9	99.6	
99.1	98.4	
99.3	99.6	
98.5	99	
79.1	99.6	
98.9	78.8	
87.6	89.5	
89	99.6	
69.2	99	
98.9	99.6	
97.5	99.6	
99.1	79	
99.1	59	
98.3	79.4	
88.4	79.8	
79.1	89.7	
88.8	99.4	
78.5	99.2	
89	99.6	
78.7	99.6	
98.5	89.5	
89	98.6	
89.2	99.2	
89.2	99.6	
68	99.4	
57.7	99.6	
89.4	99.6	
98.5	99.4	
98.3	99.6	
89	99.4	
88.4	99.6	
98.9	99.2	
98.3	98.6	
99.1	79	
88.8	79.2	
99.3	99.6	
98.5	79.4	
99.1	99.4	
87.2	99.6	
98.9	99.6	
98.7	79.4	
98.5	89.7	
46.4	89.5	
98.5	99.6	
79.1	99.2	
98.9	99.6	
99.1	99.6	
57.5	88.7	
98.5	99.4	
98.3	99.6	
98.7	99.6	
99.1	68.9	
88.8	99.6	
99.3	99.2	
88.8	78.4	
89.2	99.2	
79.1	89.5	
98.7	99.4	
98.5	89.3	
99.1	99.2	
78.7	99.6	
99.3	89.3	
99.1	99.6	
99.3	68.7	
89.2	99.6	
98.7	79.8	
99.1	99	
89	99.4	
98.9	99.6	
79.3	89.7	
89.2	99.4	
99.3	89.7	
89.2	89.3	
98.9	98.8	
99.1	79.4	
79.1	79.8	
