99.1	99.6	
77.9	-62	
5.2	-43	
75.3	-51.7	
66	68.7	
78.1	99.6	
67.7	-42.4	
66.8	99.6	
76.9	78.2	
41.4	99.4	
98.9	88.1	
87.2	99.4	
98.9	98.8	
58.3	98.2	
86.2	99.6	
88.4	89.1	
88.6	98.8	
99.1	99.6	
78.9	99.2	
89.2	88.7	
88	99.2	
99.1	99.4	
97.7	27.7	
56.9	88.3	
85.8	99.6	
99.1	99	
89.4	99.2	
68.2	99.6	
98.7	99.6	
88.8	88.9	
44.6	48.3	
98.5	89.3	
99.1	99.4	
98.5	99.6	
99.1	89.3	
88.4	89.3	
87.6	78.8	
98.9	99.6	
76.3	99.6	
98.7	99.4	
24.2	99.6	
96.9	99.6	
98.7	98.6	
78.1	77.4	
97.9	78.8	
88.4	68.3	
88.6	99.6	
98.1	99.4	
88.2	89.7	
97.1	89.3	
98.5	89.3	
98.3	99	
98.7	99.6	
88	99.6	
97.7	-21.6	
88.8	99.6	
87.2	79.2	
76.7	89.7	
98.7	48.1	
98.1	79.2	
58.3	99.6	
98.5	99.4	
88.2	89.5	
89	88.3	
87	99.6	
99.1	99	
98.5	99.4	
98.7	39.2	
78.3	99.4	
77.7	99.4	
67.6	99	
86.2	69.1	
98.1	98.8	
98.7	99.6	
77.7	98.8	
87.4	99.4	
36.1	69.3	
78.7	18.8	
98.3	99.6	
55.3	99.2	
98.3	88.7	
89.2	89.3	
98.9	79.2	
89.4	99.6	
97.7	99.4	
98.7	99.6	
97.9	89.7	
98.1	88.9	
89.2	99.6	
98.5	99.4	
98.9	89.1	
97.9	89.1	
98.7	99.4	
88.8	99.4	
48.2	99.6	
98.7	99	
78.7	7.7	
66.4	79.6	
97.1	48.1	
88.6	68.9	
88.2	99.4	
89.2	89.5	
98.5	99.4	
98.1	89.1	
98.5	99.6	
88.4	99.4	
89.2	99.6	
89.2	99.2	
98.5	37.2	
89	99.6	
88.8	79.4	
97.9	67.7	
57.9	99.2	
68.2	98.4	
98.9	99.6	
98.7	29.1	
78.9	99.6	
89	69.5	
97.7	79.8	
97.9	99	
88.8	29.1	
97.9	79.2	
89	89.5	
98.5	79.4	
87.4	99.6	
99.1	99.6	
99.3	99.4	
99.3	99.2	
99.3	99.4	
88.6	99.4	
89.4	89.5	
89	89.1	
98.7	99.2	
98.3	99.6	
89	99.4	
77.7	99.2	
89.4	79	
78.3	89.7	
88.6	99.4	
99.3	99.2	
98.9	99.2	
77.9	98.8	
98.9	99.6	
78.1	99.6	
88.6	99.2	
99.1	99.4	
77.9	99.4	
98.3	89.5	
98.3	98.8	
98.7	99.6	
88.6	89.5	
78.9	99.4	
79.3	59	
67.4	99.6	
68.4	99.6	
77.9	89.3	
89.4	99.6	
77.9	79.4	
77.3	99.6	
87.4	99.6	
47.8	99.4	
88.2	58.8	
98.9	89.3	
99.3	78.8	
77.7	89.3	
89.2	89.3	
98.7	99.6	
89	89.1	
89	99.6	
77.7	99.6	
78.5	79.4	
89.2	99.6	
86.8	89.1	
98.9	89.1	
88.6	99.4	
98.9	99.4	
97.9	99.4	
98.1	68.3	
99.3	89.3	
78.7	99.6	
98.9	99.6	
98.3	99.4	
88	28.5	
97.9	99.6	
98.9	89.1	
75.7	98.6	
68	89.1	
96.1	89.5	
97.5	99.6	
98.7	89.3	
86.8	89.5	
98.3	88.5	
98.5	99.2	
78.3	99.6	
88.2	89.5	
99.1	99.6	
89.2	88.7	
99.1	99.2	
99.3	99.6	
88.8	99.4	
68.2	89.5	
88.6	99.6	
99.3	89.7	
98.7	89.7	
99.3	99	
98.7	89.3	
87.2	99.6	
99.3	79.4	
78.7	99.6	
98.1	68.9	
99.1	89.5	
58.1	99.6	
89	99.6	
98.9	99.2	
78.7	89.5	
99.1	99.4	
99.1	79.6	
79.1	99.2	
98.3	88.7	
99.1	99.6	
78.1	28.3	
88	79.2	
78.9	89.5	
88.6	99.6	
89	99.6	
77.1	99.4	
89	99.6	
78.5	99.6	
89	89.1	
88.6	99.6	
78.1	88.9	
88.2	88.9	
79.1	89.3	
98.5	99	
97.7	99.6	
88.6	99.6	
88.8	99.4	
98.3	99.6	
86.6	99.6	
67.4	99.4	
89.2	98.8	
99.1	89.3	
99.3	89.3	
99.1	29.3	
98.1	79.8	
78.1	88.9	
99.1	59.8	
78.5	89.3	
89.2	68.7	
98.5	99.2	
99.1	99.6	
89.4	89.3	
88.8	99.6	
89	99	
78.7	89.7	
86.6	99.4	
77.7	79.6	
98.9	99.6	
87	99.6	
98.9	99.4	
89	78.6	
97.1	89.1	
79.1	99.6	
97.9	88.9	
88.8	79.2	
98.9	89.5	
88.4	89.3	
97.9	68.9	
97.7	99.6	
89	99.6	
78.7	99.6	
88.8	99.6	
34.9	99.4	
98.9	39.2	
99.1	99.6	
99.3	99.6	
88.6	28.9	
98.9	29.5	
77.9	99	
97.5	99.4	
88.4	98.8	
88.6	89.1	
77.5	89.7	
98.9	99.2	
99.3	99.6	
98.1	99.4	
99.1	99	
88.8	99.6	
89.4	99.4	
99.1	99.4	
98.7	99.6	
99.3	79.8	
77.3	99	
79.1	99.2	
99.1	79.6	
88.4	79.2	
77.5	89.5	
89.2	89.5	
98.3	99.4	
86.6	99.4	
88.4	99.6	
98.5	98.8	
99.1	99.4	
98.9	99.4	
76.5	79	
78.7	98.8	
99.3	69.3	
97.7	99.2	
98.3	89.1	
77.9	69.7	
99.1	99.6	
98.9	99.4	
98.9	99.4	
88	79.4	
98.5	99.6	
89.4	99.2	
89	79.6	
99.3	99.6	
88.2	89.7	
98.7	99.6	
99.3	99.6	
89	88.9	
99.3	89.1	
77.3	99.6	
99.3	99.2	
99.3	58.8	
89.2	99.4	
67.6	99.6	
69	89.5	
97.3	99.6	
88	99.4	
77.9	99	
99.3	98	
98.9	59.6	
98.9	79	
88.8	57.8	
98.7	99.2	
89	89.5	
98.7	89.7	
99.1	98.8	
87.8	79.2	
99.1	79.2	
88.6	79.6	
99.3	89.7	
89	99.6	
89.2	99.4	
99.1	89.7	
99.3	88.7	
78.9	99.6	
88.8	99.2	
98.9	99.2	
98.9	89.3	
77.7	89.5	
99.1	99.4	
98.9	89.7	
99.3	78.8	
98.1	89.7	
98.9	89.3	
78.9	79.6	
79.1	78.6	
89.2	79.4	
98.3	99	
88.6	99	
87.4	99.4	
68.8	49.1	
89	98.4	
89.4	99.4	
78.7	99.2	
98.1	68.7	
89	99.2	
86.2	99.2	
78.7	99.4	
67.6	99.4	
98.5	99.6	
88.4	99.6	
98.3	88.9	
89	79.2	
78.9	99.4	
88.6	99.4	
78.1	99	
99.3	89.7	
78.9	99.6	
98.7	99.4	
98.9	89.3	
98.5	89.5	
98.3	89.7	
97.9	99.4	
67.6	28.5	
89	99.6	
98.9	88.7	
88.2	89.1	
89.4	89.3	
99.1	99.4	
98.9	89.7	
98.3	89.1	
98.9	89.5	
76.5	99.6	
89.4	99.4	
98.1	99.2	
99.1	99	
88.8	89.5	
99.1	89.7	
69	89.5	
98.9	79.2	
96.9	49.5	
98.9	99.4	
98.3	89.5	
98.9	79.4	
88.8	99	
99.3	99.4	
99.1	99.6	
98.9	99.4	
89	99.2	
88.4	79.2	
88.4	69.7	
88.6	99.6	
79.1	99.6	
89	99.4	
98.5	99.4	
88.8	99.6	
69	89.1	
88.8	98.8	
99.1	99.4	
98.9	77.2	
88.4	99.4	
98.5	99.6	
98.9	99.6	
79.1	99.6	
78.3	88.9	
88.6	99.6	
89.2	99.6	
78.7	99.2	
98.9	99.6	
88.4	89.3	
88.6	99.4	
77.7	99.6	
98.3	69.7	
99.3	79.6	
68	99	
88.8	89.5	
98.9	89.7	
98.7	88.3	
98.5	99.6	
99.1	89.7	
87.2	48.5	
77.7	88.9	
89	98.8	
88.4	89.7	
99.1	98.8	
99.3	99.2	
99.1	98.8	
88.8	68.5	
99.3	89.3	
98.9	99.4	
98.5	79	
98.9	99.2	
88.8	99.2	
98.7	99.4	
58.7	89.7	
98.5	99.4	
89.2	79.4	
98.3	99.6	
98.9	99.4	
89	89.5	
79.1	79.2	
99.1	99	
98.7	89.1	
99.1	99.6	
89	99.4	
98.7	99.6	
98.1	99	
97.5	99.6	
68.8	89.7	
67.8	98.6	
98.7	99.6	
89.2	89.5	
98.1	87.9	
97.5	88.9	
99.3	99.4	
89.4	18.4	
99.1	99.4	
89.2	69.1	
79.1	69.5	
76.5	89.1	
98.9	99.6	
78.7	89.7	
78.1	89.5	
98.9	99.6	
98.9	79.2	
99.1	8.9	
89.2	89.5	
68.2	89.5	
78.3	68.3	
87.6	89.1	
99.1	99.4	
89	99.4	
98.9	99.6	
98.7	99.4	
98.7	69.5	
99.3	99.2	
