-92.9	-30.7	
-168.6	-71.3	
29.1	-72.9	
60.2	49.5	
97.1	29.1	
66	89.1	
82	38.2	
94.9	89.7	
69.9	29.5	
51.9	99	
77.7	95.4	
98.1	59	
88.8	89.3	
88.8	88.9	
98.9	99	
67.2	89.3	
99.3	99.2	
98.7	89.5	
86.8	99.6	
78.7	48.9	
98.7	38.8	
87.2	99.2	
98.5	99.4	
98.7	99.6	
98.5	99.6	
98.9	79.8	
74.7	89.1	
65.6	68.5	
87.2	98.2	
83.4	98.6	
75.7	68.7	
99.3	99.6	
88.6	49.5	
99.1	99.6	
77.3	79.6	
99.3	99.2	
97.3	99.4	
99.1	99.6	
99.1	78.4	
98.9	99.4	
76.3	99.6	
99.3	79	
99.3	99.4	
68	59	
98.7	89.1	
98.9	99.6	
98.7	89.3	
98.7	89.1	
98.7	99.4	
98.3	99.6	
88.6	48.5	
99.1	89.3	
99.1	99.2	
99.1	89.5	
89.4	99.4	
99.1	88.5	
97.5	98.6	
79.1	99.6	
99.3	98.8	
89	99.6	
98.9	99.6	
98.9	99.6	
99.1	99.6	
99.3	79.4	
99.1	99.6	
86.6	99.4	
68.4	88.5	
89.4	99.6	
76.9	89.5	
45.8	99.6	
99.3	99.6	
98.1	89.1	
99.3	99.6	
98.5	99.6	
77.9	99.6	
88.8	99.6	
98.9	99.6	
98.5	89.5	
85.2	59.6	
98.9	99.6	
98.7	79.8	
88.4	88.9	
78.7	59	
88.8	99.6	
88.4	79.8	
98.7	79.6	
78.7	99.2	
98.7	99	
88.8	89.3	
88.8	99.6	
98.5	99.6	
89.4	78.8	
58.7	69.1	
89	99.6	
77.3	89.7	
87.8	9.5	
87	99.6	
88.8	88.5	
76.9	98.8	
78.5	99.6	
97.1	88.7	
97.7	99.4	
88.2	99.4	
87.4	99.6	
98.9	39.4	
78.5	99.6	
99.3	69.7	
89.4	89.3	
99.1	99.6	
99.1	49.5	
99.1	89.3	
99.3	89.7	
99.1	89.5	
98.9	89.7	
88.6	89.7	
98.9	-41	
98.9	89.5	
98.9	69.5	
78.5	89.5	
99.1	89.7	
99.1	99.6	
98.7	89.3	
98.5	89.7	
99.1	9.5	
98.7	69.3	
99.3	89.5	
88.6	79.6	
99.3	49.7	
89	99.6	
98.7	79.4	
99.1	89.5	
78.3	98.6	
88	99.6	
99.1	99.6	
99.1	99.6	
98.3	99.6	
99.1	99.6	
99.1	69.5	
98.3	69.5	
99.1	99.4	
99.1	79.4	
98.7	89.5	
99.1	99.6	
88.2	89.3	
98.7	99.4	
98.7	99.6	
98.5	89.7	
88.8	79.4	
89.4	99.6	
99.1	28.7	
99.1	78.8	
99.3	99.4	
78.7	99.4	
99.3	58.4	
98.9	89.1	
88.4	99.2	
88.6	99.4	
87.6	99.4	
99.3	89.1	
89	99.4	
99.3	99.4	
58.7	39	
98.9	89.3	
77.5	59.4	
98.9	99.4	
79.1	79.8	
98.7	99.6	
88.4	59.2	
89.4	99.4	
89.4	99.4	
89.2	99.2	
99.1	99.4	
99.3	99	
99.1	99.4	
69	99.6	
99.1	48.9	
99.1	58.8	
98.9	99.6	
99.3	99.2	
79.3	99.6	
98.9	99.6	
78.7	89.7	
99.3	88.7	
99.1	99.2	
89	49.5	
99.1	79.4	
88.6	79.2	
98.9	49.7	
78.1	89.7	
98.7	69.5	
98.5	88.9	
89.4	69.1	
99.3	99.4	
99.3	99.6	
98.5	89.3	
99.1	99.6	
89.2	89.3	
68	99.6	
98.5	99.4	
69	99.6	
98.5	99.6	
99.1	99.2	
98.9	69.5	
99.3	89.3	
88.2	99.4	
99.3	48.1	
79.5	89.5	
89.4	99.6	
97.5	99.4	
98.7	89.5	
99.3	98.2	
99.3	89.7	
99.1	99.4	
88	99.6	
88.6	99.4	
88.8	99.4	
78.7	99.6	
88.4	99.4	
99.1	49.3	
98.9	39.6	
99.1	99.6	
99.1	89.5	
88	99.2	
89.4	89.5	
99.3	79.2	
77.7	99.4	
98.9	99.4	
77.9	99.6	
98.9	99.4	
99.3	99.2	
88.6	98.8	
99.1	99.2	
99.1	99.6	
99.3	99.6	
99.3	99.6	
99.1	99.4	
89.4	99.2	
98.5	39.2	
98.7	79.2	
89	99.6	
89.2	99.6	
88.2	99.6	
98.9	78.6	
99.3	89.5	
78.5	99.6	
79.3	79	
99.1	89.5	
89	78.6	
88.8	89.3	
78.9	99.6	
99.1	59	
89.4	99.6	
88.8	99.6	
99.3	99.4	
78.3	99.4	
98.7	89.3	
99.1	89.3	
89	59.4	
89	99.6	
99.3	99	
89.2	18.8	
99.3	99.4	
89	99.4	
88.4	99.4	
98.7	99.2	
88.8	99.6	
89.2	99.6	
68.6	99.6	
68.8	99.2	
89.4	99.6	
98.3	39.4	
98.7	89.7	
88.8	89.3	
88.6	79.4	
99.3	99.4	
89.2	89.5	
98.7	99.6	
98.9	99.4	
89.4	99.6	
98.9	99.6	
99.3	99.6	
88.8	79.2	
99.3	98.8	
98.7	99.6	
89	99.2	
89.2	89.5	
78.5	99.6	
98.5	88.9	
99.3	88.9	
99.1	99.6	
99.3	59.6	
77.9	99.6	
97.7	99.6	
98.9	99.6	
67.6	99.6	
78.1	99.4	
99.3	99.6	
99.1	89.3	
99.3	99.6	
88.6	89.7	
87.4	79.2	
99.1	89.7	
88.4	99.6	
98.5	79.4	
88	99.6	
99.3	88.9	
99.3	99.2	
77.3	79.6	
99.3	99.6	
98.3	99.4	
99.1	99.6	
99.1	99.4	
89	99.2	
79.1	39.6	
89.4	88.9	
99.3	99.4	
98.5	89.5	
98.9	79.4	
99.1	99.6	
99.3	89.3	
99.1	48.9	
98.3	99.6	
77.7	99.6	
98.9	99.2	
99.1	89.5	
99.3	79.4	
99.1	99.6	
99.1	99.6	
58.3	99.6	
77.9	89.3	
98.7	99.2	
99.3	89.5	
98.7	69.3	
98.5	99.6	
88.8	78.6	
89.2	99.2	
98.9	99.6	
98.9	99.2	
98.9	99.6	
99.1	49.5	
98.9	99.6	
99.1	99.2	
88.6	99.6	
98.5	99.6	
98.7	99.6	
99.3	99.6	
78.9	99.6	
89	89.5	
98.3	99.6	
88.8	68.7	
99.1	89.5	
89.4	99.6	
78.9	79	
98.3	89.5	
88	89.3	
88.8	99.6	
89.2	99.6	
78.9	89.3	
78.7	99.6	
99.1	89.5	
68.4	89.5	
79.1	98.8	
89	99.6	
99.1	99.6	
88.2	99.4	
89	59	
99.1	79.2	
98.5	89.5	
88.4	99.2	
99.1	99.6	
99.1	99.4	
88.6	99.4	
99.1	89.7	
99.3	99.6	
99.1	79.8	
89.2	99.6	
99.3	89.5	
89.4	98.8	
88.8	89.1	
99.1	79.8	
99.3	98.8	
78.5	89.3	
89.4	89.7	
99.3	99	
89.2	99.4	
78.7	88.5	
78.9	99.6	
99.3	79.8	
99.1	99.6	
88.8	89.5	
98.7	99.2	
98.3	99.4	
99.1	89.5	
79.1	99	
99.3	69.7	
88.4	89.5	
98.7	99.6	
98.7	89.5	
78.7	89.5	
98.9	89.7	
98.7	99.6	
88.4	79.4	
78.9	89.5	
89	89.1	
98.7	59.6	
78.5	88.7	
98.9	99.4	
88	99.4	
88.8	79.6	
99.3	49.3	
98.7	89.7	
99.3	99.4	
78.9	99.6	
89	99.4	
99.3	99.6	
89	89.5	
89.2	99.6	
88.2	99.2	
88.6	99.2	
99.1	99	
99.1	88.3	
99.3	99.4	
99.1	99.4	
98.9	88.9	
98.7	99.2	
99.3	99.4	
88.4	99.6	
98.7	99.6	
98.9	99.2	
78.5	99.2	
99.1	99	
99.3	99.4	
98.1	89.3	
98.9	89.3	
98.9	89.5	
99.3	89.7	
99.1	79.4	
99.1	99.6	
88	89.1	
98.9	99.6	
98.3	89.3	
98.3	79	
78.9	99.6	
89.4	49.3	
58.5	99.6	
98.9	99	
88.6	99.6	
99.3	99.6	
99.1	99.4	
89.4	99	
89.2	99.6	
89.4	99.2	
78.3	99.6	
89	88.7	
99.1	99.6	
99.1	69.5	
98.5	89.3	
99.1	99.6	
68.6	99.6	
98.1	99.4	
98.7	89.7	
98.7	98.8	
88.8	68.3	
99.1	48.9	
89.4	99.6	
79.1	99.2	
89.4	98.2	
88.4	89.7	
88.4	99.6	
98.7	98.8	
89.2	99.6	
99.1	89.7	
89.2	89.5	
89	89.7	
99.3	99.6	
89.2	69.3	
98.7	99.6	
88.8	79.2	
99.1	99.4	
99.3	89.1	
88.6	99.6	
98.7	99.4	
89.2	99.6	
99.3	99.4	
67.8	99.6	
99.3	99.6	
89.2	89.3	
88.2	89.7	
99.3	89.7	
98.1	89.5	
99.1	59.4	
89.4	59.6	
98.9	79.4	
99.3	99.2	
88.8	89.7	
99.1	99.6	
99.3	99.6	
79.3	79.6	
98.9	77.4	
89	99	
