56.3	-1515	
78.9	-377.7	
88	47.5	
88	58.8	
96.3	27.5	
99.1	55.4	
96.7	7.1	
87.4	-327	
66	19	
77.9	89.3	
99.1	59.6	
98.5	59.6	
88.2	59.4	
98.5	59.6	
98.3	29.1	
98.1	58.8	
98.7	59.6	
98.9	59.6	
98.5	79.6	
98.1	49.5	
99.1	59.6	
98.5	69.5	
97.3	49.5	
99.1	49.5	
88.4	59.6	
96.5	49.3	
99.3	59.6	
88.6	79.4	
98.9	39.2	
88.4	59.6	
88.4	79.6	
99.1	59.6	
97.7	79.6	
88.6	59.6	
99.1	29.1	
98.9	19	
75.5	59.6	
96.5	28.9	
85	59.6	
77.5	69.5	
78.7	88.7	
95.3	88.1	
98.3	87.3	
99.1	87.7	
99.3	59.2	
98.7	53.4	
98.3	67.9	
97.3	57.6	
97.5	66.7	
99.3	89.3	
97.3	66.9	
97.5	88.9	
88	47.3	
92.5	88.9	
96.3	77.2	
97.1	77.6	
82.4	88.7	
98.7	56.2	
98.1	58.8	
87.8	72.6	
96.9	86.3	
98.7	89.1	
98.9	41.5	
99.1	87.1	
98.9	67.1	
98.5	69.3	
98.5	76.2	
98.7	47.9	
88.6	19	
76.6	69.5	
97.5	66.9	
95.7	69.5	
97.5	68.9	
89.3	99.6	
99.1	18.4	
85.3	-1.6	
67.1	99.6	
93.7	99.4	
87.2	99.6	
83.5	89.1	
94.5	99.2	
87.4	59.2	
99.1	89.1	
97.9	99.6	
95.3	79	
98.1	99	
98.1	99.4	
96.1	99.4	
99.1	88.9	
97.5	79.2	
96.5	99.4	
98.5	99.4	
97.7	99.6	
99.1	99.6	
99.3	88.9	
98.9	99.6	
97.7	89.1	
94.1	99.6	
90.9	99.6	
98.3	99.2	
98.9	99.6	
98.3	99.6	
98.1	99.6	
88	99.4	
98.9	99.6	
98.7	99.6	
98.5	99.4	
97.1	99.6	
96.5	99.6	
96.5	99.6	
98.3	99.6	
88.1	99.6	
98.9	99.6	
97.3	99.6	
99.3	89.3	
99.1	99.4	
99.1	99.4	
99.3	99.6	
99.1	79	
89	99.4	
99.3	99.6	
99.3	99.6	
99.3	99.6	
98.7	99.6	
89.2	69.3	
99.1	99.4	
99.3	99.6	
99.1	99.4	
99.3	99.6	
99.3	59	
98.9	89.5	
99.1	69.5	
99.3	99.2	
98.7	98.8	
99.3	99.6	
99.1	99.4	
99.3	99.6	
99.1	99.6	
99.3	99.6	
99.1	99.2	
98.9	99.6	
99.1	99.6	
89	99.6	
99.3	89.5	
97.7	99.6	
98.9	89.1	
99.1	99.6	
99.3	99.6	
99.1	99.6	
99.3	89.3	
98.7	99.6	
99.1	99.6	
99.1	99.6	
99.1	99.2	
99.3	99.6	
99.3	99.6	
99.3	99.6	
99.3	99.6	
99.3	79.2	
99.3	99.4	
99.1	89.3	
98.5	99.4	
98.5	99.6	
99.1	99.6	
99.3	99.6	
99.1	99.4	
99.3	99.4	
89	99.6	
99.1	99.4	
99.3	99.6	
98.9	99.4	
99.3	99.6	
99.3	89.1	
88.6	99.6	
99.1	89.5	
99.3	99.4	
89.2	99.6	
99.3	99.6	
99.1	99.6	
98.7	99.6	
98.9	99.6	
99.3	89.1	
88.8	89.1	
98.9	99.6	
98.9	99.6	
98.9	89.3	
99.3	99.6	
89	99.6	
99.3	99.6	
99.3	99.2	
98.9	99.4	
99.3	99.6	
99.1	99.6	
99.3	99.6	
98.9	99.4	
99.1	99.2	
99.3	69.3	
99.3	79.4	
98.9	99.6	
99.3	99.6	
99.3	89.1	
89	99.6	
99.3	99.6	
99.1	99.6	
99.3	99.4	
99.1	99.6	
99.3	99.6	
99.1	99.6	
99.3	99.6	
99.1	99.4	
99.1	99.6	
99.1	99.6	
98.9	99.6	
99.1	99.6	
89.4	99.4	
98.9	99.6	
99.1	99.6	
99.3	99	
99.3	99.6	
99.3	99.4	
98.7	99.6	
89.4	99.6	
99.3	99.4	
99.3	99.6	
99.3	99.6	
98.3	79	
99.3	89.3	
99.3	99.6	
99.1	99.6	
99.1	99.4	
99.3	99.6	
99.3	98.8	
99.3	99.6	
99.3	99.4	
99.1	99.4	
89.2	99.6	
99.3	89.5	
99.1	99.6	
99.1	99.6	
99.1	99.4	
99.1	99.6	
98.7	99.6	
98.7	99.6	
99.3	99.6	
98.9	89.3	
99.1	99.4	
99.3	99.4	
98.9	99.6	
98.9	99.4	
98.9	99.6	
98.9	99.6	
99.1	99.6	
99.3	99.6	
89.2	99.6	
99.1	99.6	
99.1	99.6	
99.3	99.6	
99.1	99.4	
99.3	99.6	
99.3	89.1	
99.3	99.6	
99.1	99.6	
99.1	99.6	
89	99.6	
99.3	99.6	
99.3	99.4	
99.3	99.6	
99.3	99.6	
99.1	89.3	
99.3	99.4	
99.3	99.4	
98.9	99.6	
99.3	99.4	
99.1	99.6	
99.3	99.6	
99.1	99.2	
98.9	99.6	
99.1	99.4	
98.9	99.6	
99.3	99.6	
98.3	89.1	
99.3	99.6	
98.9	99.2	
99.3	99.6	
99.3	99.6	
99.3	99.6	
99.3	89.5	
99.3	79.4	
98.7	99.6	
98.7	79	
99.3	89.3	
99.3	99.6	
98.9	99.4	
99.3	99.6	
99.1	99.6	
98.9	99.6	
99.1	99.6	
99.3	99.6	
99.3	99.6	
99.1	99.2	
99.3	99.4	
89	99.4	
99.3	99.6	
99.1	99.6	
99.1	99.4	
99.3	99.6	
99.1	99.6	
98.9	99.6	
98.1	99.6	
99.3	99.4	
99.1	99.6	
98.7	99.6	
98.7	89.5	
98.7	89.3	
99.1	99.6	
98.7	99.6	
98.9	99.4	
98.9	99.4	
99.3	99	
99.3	99.6	
99.1	99.4	
99.3	79.4	
99.3	99.6	
99.1	99.6	
88.8	89.1	
98.5	99.4	
98.9	99.6	
99.3	99.6	
98.9	99.2	
99.3	99.6	
89.4	99.4	
99.1	99.4	
99.3	99.4	
98.9	99.6	
99.3	99.6	
99.3	99.6	
98.9	78.8	
99.3	99.4	
98.7	99.6	
98.9	99.6	
99.1	99.6	
99.3	99.6	
89	99.4	
99.3	99.6	
99.1	89.5	
89.4	99.6	
99.3	99.6	
99.3	99.4	
98.7	99.2	
99.1	99.2	
99.3	59.2	
98.5	99.6	
99.3	99.6	
99.1	99	
99.3	99.4	
99.3	99.6	
99.3	99.6	
99.3	99	
98.7	99.6	
99.1	99.2	
99.3	99.6	
99.3	99.6	
99.1	99.6	
99.1	99.4	
99.1	99.6	
99.1	99.6	
99.3	99.6	
98.9	99.6	
99.3	99.6	
99.3	99.6	
99.3	68.9	
89.2	99.2	
99.3	99.6	
98.9	99	
99.1	99.2	
99.1	99.6	
99.3	99.6	
98.5	89.3	
99.3	99.2	
98.5	99.2	
98.9	89.1	
99.1	99.6	
98.7	99.6	
98.5	99.6	
98.9	99.6	
98.3	99.6	
99.3	99.6	
99.3	99.6	
99.3	99.4	
99.3	79.4	
99.3	99.4	
99.3	99.2	
99.3	99.4	
99.3	89.5	
99.3	99.6	
99.3	99.2	
99.3	89.1	
98.7	99.6	
99.1	99.6	
99.3	99.6	
99.3	98.8	
99.1	99.4	
89	99.6	
99.3	99.2	
99.3	99.6	
99.3	99.4	
99.1	99.6	
99.3	79.2	
98.9	99.2	
99.3	99.6	
99.3	99.4	
99.3	99.6	
99.3	99.4	
99.1	99.6	
99.1	89.5	
98.9	99.6	
99.3	88.9	
99.3	99.4	
98.7	89.5	
88.6	99.6	
88.6	99.6	
99.3	99.6	
99.1	99.4	
89.2	99.6	
99.3	99.6	
99.3	99.2	
99.3	99.6	
98.3	98.8	
98.9	99.6	
99.3	99.6	
99.1	89.5	
99.3	99.6	
99.3	99.6	
99.3	69.1	
98.9	99.6	
98.3	99.4	
99.1	89.5	
99.3	99.4	
99.3	99.6	
99.1	99	
98.7	99.6	
99.3	99.6	
99.3	99.6	
99.1	99.6	
99.3	99.6	
99.3	99.2	
99.3	99.4	
98.9	99.4	
98.7	99.6	
99.3	99.4	
99.1	99.4	
98.9	99.6	
99.3	99.2	
99.3	99.6	
89.2	99.4	
99.1	99.6	
89	79.2	
98.9	99.6	
79.1	99.2	
99.3	99.4	
99.1	99.6	
99.3	99.2	
99.3	99.6	
98.9	99.6	
99.3	99.6	
89.2	98.8	
99.3	99.6	
99.3	69.1	
98.9	99.6	
99.3	99.4	
98.9	99	
99.1	99.6	
99.1	99.6	
99.3	99.4	
88.4	99.2	
99.3	99.4	
98.9	99.6	
99.3	99.6	
99.1	99.6	
99.3	99.6	
99.3	99.6	
99.3	99.6	
99.3	99.2	
99.3	99.6	
98.5	99.6	
98.9	99	
99.3	99	
97.7	99.2	
99.3	99.6	
98.7	99.2	
99.3	99.2	
99.3	99.6	
99.3	99.6	
99.3	99.6	
98.9	99	
99.1	99.4	
99.3	99.4	
99.3	99.6	
99.3	99.4	
88.6	99.6	
