36.5	68.1	
46.4	28.5	
52.3	-31.5	
88.6	69.5	
96.7	88.5	
78.5	69.6	
88	69.5	
97.1	68.7	
54.2	7.9	
87.2	88.1	
97.1	39.2	
79.1	89.3	
78.3	99.6	
65	59.2	
87.8	89.5	
78.1	68.5	
89.2	89.5	
88	69.3	
67.2	79.4	
88	98.4	
63.8	78.6	
88	99.6	
78.7	89.3	
97.1	99.6	
89	89.5	
98.9	99.6	
97.1	89.5	
97.9	99.2	
86.8	58.4	
98.9	19.2	
97.3	59	
67.2	99.2	
87.6	99.6	
98.3	99.6	
88.4	89.5	
97.5	99.6	
75.1	99.4	
86.8	99.4	
44.8	99.4	
98.5	99	
99.3	99.4	
99.1	99.4	
99.3	28.7	
99.3	89.1	
89.2	99.2	
98.7	89.5	
97.7	98.8	
98.7	89.7	
78.1	99.2	
88	99	
78.1	99.6	
87.8	79	
58.1	98.6	
99.1	99.6	
78.5	89.1	
78.7	69.1	
98.5	99.6	
89.2	89.7	
97.7	99.4	
99.1	89.5	
98.5	99.6	
97.5	99.6	
99.3	79.4	
33.3	99.4	
88.6	99.6	
77.9	89.5	
98.9	99.4	
78.3	69.3	
88.6	88.7	
98.7	99.4	
99.1	89.3	
89	99.2	
99.1	99.6	
99.1	89.3	
89.4	99.6	
88.8	99.6	
98.5	99	
88.8	89.5	
97.9	79.2	
77.1	89.5	
99.3	99.6	
89.2	89.5	
99.1	99.6	
88.4	99.6	
98.7	99.2	
99.1	88.3	
99.3	99.6	
89	89.7	
98.7	99.2	
97.3	99	
99.3	99.6	
88.8	99.2	
88.4	89.5	
88.8	89.5	
98.7	99.2	
88.8	99.6	
88.4	99.4	
99.1	99.6	
99.1	99.4	
99.3	48.5	
98.9	98.8	
98.5	89.7	
89.2	99.6	
99.1	89.5	
98.3	99.6	
98.1	99.6	
79.1	99.6	
89	89.1	
99.1	89.5	
99.3	99.4	
88.8	89.3	
98.9	99.4	
99.1	98.8	
98.7	87.9	
89	89.5	
98.7	99.6	
99.3	89.7	
68.8	89.3	
99.3	89.7	
99.1	79.2	
86.2	99.6	
98.7	99.4	
98.7	99.6	
99.3	99.6	
98.5	99.4	
89.2	99.4	
79.1	99.6	
27.6	79.8	
98.9	79.6	
98.7	99.4	
88.6	99.2	
98.3	89.7	
97.9	89.3	
99.1	99.2	
99.3	99.2	
78.7	89.3	
88.4	99.4	
99.1	99.4	
98.5	99.4	
96.3	99.6	
89	18.6	
99.3	99.4	
99.3	99.6	
98.9	99	
98.5	89.5	
89	99.4	
98.7	99.6	
87.6	99.6	
99.1	98.2	
79.1	99.6	
99.3	99.2	
99.3	99.6	
88.8	99.2	
88.6	89.3	
99.1	89.3	
89	99	
98.3	99.6	
98.5	89.5	
98.7	99	
99.1	99	
68.6	99.6	
98.7	89.5	
99.1	89.3	
88.8	99.4	
89	99.6	
89	99.4	
78.9	99.6	
89.2	89.3	
99.3	89.7	
99.3	98.8	
88.4	89.3	
79.1	89.7	
98.5	48.9	
98.5	79.6	
78.9	89.7	
98.3	89.5	
89.4	69.3	
88.8	99	
98.5	99.6	
89.2	88.7	
89.2	99.6	
99.1	89.1	
98.3	88.3	
99.3	29.5	
99.1	99.6	
77.5	99.6	
99.1	89.5	
88.6	79.4	
97.7	89.5	
89.4	99.6	
99.1	49.1	
97.7	99.2	
99.3	99.4	
88.4	99	
99.1	78.2	
89.2	99.6	
98.9	98.6	
89.2	99.6	
97.5	99.4	
78.7	99.6	
98.7	99.6	
98.7	99.4	
98.5	99.6	
88.4	99.6	
88.8	99.6	
88.6	99.6	
99.1	89.3	
98.7	79.4	
88.8	99.6	
88.2	79.6	
78.9	99.6	
88.8	89.5	
99.3	89.5	
98.7	99.4	
89	99.6	
99.3	99.6	
99.3	79.6	
88.8	89.5	
99.1	99.6	
98.7	99.6	
99.3	59.2	
89.2	99.4	
88.8	88.1	
99.1	99.6	
89.2	99.4	
98.9	99.4	
89.4	69.1	
99.3	89.5	
98.9	79.4	
89	99.4	
98.5	99.2	
99.3	99.6	
89.2	78.2	
98.9	59.6	
98.7	99.6	
98.1	89.5	
99.1	79.6	
98.7	89.1	
98.9	89.5	
98.7	99.4	
98.3	99.6	
78.9	99	
88.8	79.2	
98.9	39.2	
79.1	39.6	
99.3	99.2	
78.3	99.4	
88.4	99.2	
97.9	99.4	
98.3	89.1	
98.9	89.5	
98.7	89.5	
88	99.6	
99.1	79.6	
99.1	99.4	
98.9	99.2	
88.2	99.6	
98.9	99.6	
88.6	99.4	
79.5	99.6	
98.9	99.6	
98.3	98.6	
89.4	99.6	
77.7	98.8	
88.8	99.6	
98.7	79.4	
88.6	99.2	
78.9	99.6	
89	99.2	
79.3	99	
88.6	89.5	
88.6	99.2	
88.2	99.6	
99.3	99.6	
99.1	99.6	
98.5	98	
98.9	89.3	
88.4	89.5	
99.3	68.5	
98.9	99.6	
99.1	79.6	
98.7	79.6	
99.3	89.3	
88.2	99.2	
78.5	99.6	
98.7	99.4	
98.7	89.5	
88.2	99.6	
98.3	99.4	
78.9	99.4	
67.2	99.6	
99.1	99	
88.8	98	
88.8	99.6	
99.1	79	
98.9	89.5	
99.1	99.6	
88.2	98.8	
99.3	98.8	
88.6	99.2	
89.4	89.3	
99.1	88.9	
99.3	99.2	
69	89.7	
89	69.5	
98.9	79.8	
98.7	99.4	
98.7	99	
89	89.1	
88.8	99.6	
69.2	99.6	
99.1	79.8	
99.3	99.6	
99.3	98.4	
99.1	99.4	
99.1	89.3	
89.2	28.7	
99.3	99.4	
99.1	99.6	
88.8	89.3	
98.9	99.6	
88.6	99.4	
89	99.2	
99.1	99.6	
89.2	99.6	
99.1	88.9	
88.8	89.1	
88.4	99.4	
89.4	99.6	
88.8	79.8	
99.1	99.4	
99.1	99	
99.3	49.7	
99.3	99.4	
99.3	99.2	
99.1	98.8	
98.7	79	
89.2	89.1	
8	99.4	
98.7	79.4	
99.3	79.2	
98.9	99.6	
79.3	89.5	
99.3	99.4	
99.1	89.5	
98.7	99.6	
98.5	89.3	
99.3	99.2	
88.2	79.4	
98.3	99	
98.3	99.6	
58.9	99.6	
89.4	89.3	
68	99.2	
89.2	49.1	
98.9	99.2	
98.5	89.5	
99.3	89.1	
99.3	99.6	
98.9	99.4	
78.9	99.6	
99.1	79.6	
99.1	99	
98.1	79.2	
99.1	99.6	
98.7	99.6	
98.9	99.4	
98.9	99.4	
98.9	99.2	
88.8	89.7	
99.1	98.8	
89	89.1	
78.9	99.4	
68	98.6	
88.8	99.2	
78.5	89.5	
98.9	89.7	
78.3	99.4	
98.9	89.3	
88	99.6	
99.3	99	
89.2	89.3	
99.3	99.6	
99.3	88.9	
88	99.2	
99.1	89.5	
78.5	99.6	
78.5	99.6	
99.1	99.2	
99.3	99.6	
89.2	99.6	
99.3	89.1	
78.7	99.4	
99.3	88.5	
79.1	99.6	
99.3	29.3	
99.1	89.7	
98.9	99.2	
88.2	99.6	
99.1	88.9	
87.8	89.5	
76.7	89.5	
98.5	99.6	
99.3	99.6	
99.1	89.5	
98.3	99.6	
98.9	99.6	
88.6	99.6	
99.3	99.6	
76.9	99.6	
99.3	59.4	
98.7	99.6	
98.5	99.4	
98.9	99	
98.5	89.5	
99.3	99.4	
88.8	99.6	
89	99.4	
99.3	99.4	
87.8	99.6	
99.1	99.6	
99.3	79	
89.2	99.6	
88.8	89.1	
89	99.6	
78.9	99.4	
88.8	99.4	
89.2	99.2	
87.6	98.8	
68	89.7	
99.1	99.4	
99.3	99.6	
98.9	69.7	
98.7	98.8	
98.3	89.7	
54.5	99.6	
77.7	99.2	
88.6	69.5	
98.3	99.2	
67.8	89.1	
99.3	78.6	
97.9	99.2	
68.4	99.6	
88.6	99.4	
98.9	99.4	
78.9	99.4	
89	99.6	
99.3	89.7	
87.6	89.7	
98.7	99.4	
78.1	99	
98.7	99.4	
88.8	99.6	
99.3	99.2	
89	99.6	
99.1	99.6	
89	99.4	
98.9	89.7	
98.5	99.4	
89	89.5	
98.5	89.3	
89	88.9	
98.3	99.4	
56.3	69.5	
89	59.2	
99.1	89.3	
89	89.3	
98.9	99.6	
98.5	89.5	
98.5	79.6	
99.1	89.3	
98.9	79	
98.9	89.3	
98.7	89.3	
88.8	89.7	
99.1	78.6	
79.5	89.3	
99.3	99.6	
99.3	69.7	
98.3	99.4	
98.5	99.2	
98.7	99.4	
98.7	99.6	
98.7	99.6	
88.4	89.7	
76.9	79	
89.2	99.2	
99.1	99.6	
89	99.4	
78.7	99.6	
99.1	99.4	
99.1	99.4	
78.7	99.6	
98.7	49.3	
78.1	59	
89	99.6	
99.1	99.6	
68.2	99.4	
98.9	89.3	
98.9	89.5	
