-17.4	-51.5	
65	-31.7	
78.3	68.7	
34.7	47.9	
76.7	88.7	
88.4	59.2	
55.3	89.1	
13.1	88.5	
1.4	-42	
98.1	-112.1	
88.4	-234.5	
89.2	18.2	
46.8	48.7	
87.8	-0.6	
78.7	99.4	
35.3	99.4	
78.3	-71.5	
63.6	99.6	
57.7	46.9	
87.2	39.2	
88.6	67.1	
78.5	26.7	
78.1	99.6	
88.4	99.6	
99.1	78.6	
57.1	46.9	
77.7	-21.8	
89.2	78.8	
98.5	46.9	
67.8	99.6	
86.6	89.3	
97.3	37.6	
88.6	98.6	
45.6	89.7	
98.1	38.2	
68	24.5	
88.8	68.7	
98.7	89.5	
75.3	99.6	
57.1	69.3	
44.6	88.9	
98.9	38.8	
67.4	99.6	
78.9	99.2	
87.4	88.3	
43.2	99.6	
95.7	99.6	
73.7	89.3	
43.8	39.2	
78.3	89.5	
86.2	68.3	
87	99.6	
57.3	59.6	
96.7	69.5	
87.6	99.6	
99.1	48.1	
99.1	99.6	
77.5	99.6	
23.6	99.6	
97.3	99.4	
96.5	89.5	
99.3	99.6	
67.2	79.8	
78.1	39.4	
68.4	79	
76.7	99.6	
78.5	58.4	
67.4	98.8	
57.5	99.6	
99.3	99.4	
68	89.1	
88.6	69.7	
68.6	99.6	
67.2	89.5	
88.4	89.1	
98.3	78.2	
89	69.3	
97.9	99.4	
87.8	89.7	
78.7	98.8	
83.6	99.6	
55.7	99.6	
99.3	79.6	
77.9	89.1	
36.7	99.6	
98.9	98.8	
88.4	79.8	
78.1	99.6	
68.6	48.1	
45.4	99.2	
99.3	79.8	
67	59	
47	78.8	
78.5	89.3	
83.4	39.2	
57.9	88.3	
45.6	99.4	
78.1	89.5	
46.4	89.5	
98.1	69.3	
88.8	48.7	
64.4	99.2	
86	89.1	
98.3	99.6	
98.9	89.5	
78.3	89.3	
96.1	68.5	
98.5	28.7	
98.1	68.9	
84.6	69.1	
77.9	99.4	
26.2	99.4	
88.6	99.6	
65.2	99	
78.7	89.7	
77.3	99.2	
89	88.7	
75.1	48.3	
98.3	37.6	
98.3	88.9	
99.3	98.8	
98.9	-20.8	
84	99.4	
88	68.9	
97.9	89.1	
98.5	79.2	
47.8	99.6	
74.3	-41.8	
48.2	88.5	
75.3	89.1	
98.3	59.4	
97.7	99.6	
86.4	89.3	
97.5	88.9	
55.7	99.2	
42.2	88.3	
88.8	99.6	
96.9	79.6	
77.5	99.6	
87.6	99.6	
79.3	89.5	
88.4	79.6	
66	89.7	
57.7	89.7	
98.1	99.6	
96.9	69.1	
48.8	69.1	
77.5	88.7	
66.8	98.8	
88.6	79.6	
88.8	99.6	
98.9	99.4	
88.2	-41.8	
56.5	99.6	
98.5	58.8	
88.6	89.5	
99.3	99.4	
77.7	28.7	
47.4	57.6	
86.4	49.5	
89.2	49.1	
78.7	79	
87.8	99.4	
88.2	89.3	
68.2	59.6	
78.5	89.3	
87.2	49.3	
94.5	68.9	
97.7	78.8	
77.1	18.8	
96.3	99.6	
67.6	79.6	
89.2	89.3	
88	99.4	
68	87.9	
99.1	79.4	
88.6	99.6	
88.6	89.1	
36.9	79.6	
46	78.2	
98.3	89.3	
88.8	89.1	
37.9	88.1	
98.3	79.6	
86.4	99.6	
89.2	89.3	
98.7	59.4	
98.9	88.9	
98.9	89.5	
98.5	8.7	
98.1	69.5	
98.7	79.4	
98.7	89.5	
88.4	99.4	
88.2	99.2	
88.2	89.1	
96.3	59	
99.3	89.5	
87.8	89.1	
98.9	99.4	
99.1	69.5	
99.3	99.6	
98.7	99.6	
35.3	39	
88.8	99.6	
67.6	99.6	
98.7	89.3	
67.4	99.4	
88.6	69.5	
98.9	98.2	
76.9	99.2	
88.4	88.9	
88.2	39	
97.9	88.9	
58.7	99	
66.2	89.5	
78.9	99.2	
76.9	89.5	
87.6	99.4	
16.9	99.2	
78.9	89.3	
89	99.2	
68	79.6	
97.7	48.9	
86.8	59.4	
67.6	78.8	
88.4	99.4	
77.9	69.1	
97.1	79.8	
89.2	89.7	
33.1	68.9	
97.9	68.5	
88.6	89.5	
89.2	39.2	
56.7	39.2	
88.8	99.6	
98.5	99	
89.2	99.4	
89.2	99.4	
97.5	89.3	
88.4	99.4	
57.5	99.4	
79.1	99.2	
98.9	59.6	
77.3	99	
88.4	99.2	
87.4	99.2	
57.7	89.5	
88.4	99.4	
55.7	99.4	
89	79.4	
69.2	69.7	
89.2	59.6	
98.9	48.3	
89	99.6	
89.2	39.2	
88.4	99.4	
98.5	98.8	
99.1	79.4	
98.9	89.5	
98.5	89.5	
67.2	99.6	
89.2	99.4	
88.6	89.3	
97.5	89.5	
88.4	89.1	
87.2	99.6	
87.8	79.2	
98.7	79.6	
88	69.3	
87.8	98.8	
99.1	99.4	
89	77.8	
57.5	89.1	
98.9	89.7	
99.1	99.6	
98.9	27.9	
66.6	99.6	
88.6	79.6	
77.9	99	
86.2	99.2	
68.4	99.6	
89	88.9	
98.3	99	
97.5	79.8	
88.8	28.9	
99.3	99.6	
88.6	99.4	
88.4	99.4	
67.6	49.1	
88.2	99.6	
88.4	99	
77.1	99.6	
68	88.5	
57.9	89.5	
88.8	99.6	
98.9	99	
44.8	99.2	
66	29.5	
87.6	89.3	
98.7	59.6	
76.7	69.3	
88.6	89.5	
79.1	79.4	
77.7	99.6	
98.7	99.2	
96.9	38.6	
96.7	99.6	
97.3	88.5	
55.9	38.8	
56.9	99	
99.3	99.4	
67.2	89.5	
77.5	78.2	
98.5	99	
89	99.6	
98.9	79.2	
87.2	99.4	
98.5	99.4	
47.2	89.3	
58.3	79.4	
87.8	57.2	
79.1	89.3	
78.1	98.6	
77.3	68.9	
95.9	98.8	
58.1	38	
48.2	99.6	
76.3	98.6	
66.8	68.7	
58.1	59.4	
46	99.2	
89.2	99.4	
77.9	89.3	
88.2	79.2	
77.5	99.4	
78.1	-10.5	
86.2	88.9	
98.9	28.7	
85.4	68.9	
98.9	99.6	
85.6	98.6	
87.8	89.5	
47	99.6	
89.2	89.5	
77.7	79.8	
98.9	89.7	
97.1	78.4	
98.9	49.5	
97.5	69.1	
76.1	99.6	
68.2	89.1	
78.7	79.6	
98.9	99.2	
77.7	69.1	
86.6	-0.6	
87.2	99.6	
98.7	69.3	
96.7	99.2	
78.1	99.2	
98.9	99.4	
98.7	89.1	
88.2	89.5	
77.9	99.6	
78.5	69.5	
77.3	99.6	
55.3	89.7	
96.1	78.8	
88.4	59.4	
79.5	99.4	
79.1	99.2	
98.1	99.2	
64.8	99.4	
78.9	88.7	
89.2	79.2	
69	39.4	
88.8	89.5	
99.1	68.9	
99.1	99.6	
78.7	99.6	
98.5	89.7	
88.2	29.3	
98.7	58.2	
99.1	99.6	
88	89.7	
89.2	99.4	
97.9	99.2	
97.9	89.5	
78.9	99	
98.5	99	
77.9	89.1	
88.8	-33.3	
98.1	99.6	
68.2	49.7	
78.9	89.3	
98.3	78.8	
99.3	99.6	
86.8	59.2	
98.3	99.2	
88.4	89.7	
89	99	
98.7	99.2	
88.6	89.5	
88.8	99.4	
99.1	16.6	
87.8	89.1	
98.7	69.1	
99.3	99.6	
88.8	79.8	
88.8	79	
98.7	99.6	
88.6	88.7	
67.8	68.7	
98.5	99.6	
78.5	59	
89.2	98.8	
87	99.2	
37.7	69.7	
97.3	98.2	
87	57.8	
77.7	68.7	
99.3	89.5	
98.3	99.6	
67.2	99.6	
58.1	99.4	
77.9	89.7	
97.9	78.8	
88	49.7	
88.8	99.4	
88.2	89.5	
88.4	99.6	
46.6	89.1	
99.1	79.8	
58.1	99	
77.9	99.6	
88.8	68.7	
88.8	28.7	
67.4	59	
68.6	99.6	
89.4	99.2	
98.9	79.2	
37.3	99.2	
68.2	99.4	
98.9	68.9	
98.5	89.7	
98.5	69.3	
98.3	89.1	
98.7	99.6	
98.9	98.4	
98.9	99.6	
89.2	97.4	
97.9	79.4	
87.8	99.4	
99.3	79.6	
48.4	69.7	
77.3	79.8	
98.7	89.5	
66.8	99.6	
98.5	89.5	
89.2	99.6	
78.7	99.4	
89.2	69.5	
68.4	39.2	
97.1	59.6	
97.9	99.6	
79.5	39.2	
97.9	78.2	
78.1	89.3	
96.3	99.6	
98.1	89.1	
88.8	99.6	
87.2	48.9	
77.7	89.5	
98.9	59.4	
88	99.6	
98.1	99.6	
98.7	28.5	
78.3	79.4	
78.3	99.6	
98.9	69.1	
89	99.4	
98.5	49.5	
98.9	99.6	
99.1	28.7	
88.6	99.6	
78.3	99	
97.5	89.7	
67.6	99.6	
99.1	99.6	
88.2	99.4	
78.3	99	
88	69.7	
76.5	48.9	
89	89.7	
78.7	79.6	
89.4	78.6	
98.5	48.9	
97.9	28.5	
98.5	89.5	
97.9	99	
