-30.5	-921	
96.3	-138.9	
97.5	86.3	
86.8	92.8	
97.9	84.1	
98.1	99.4	
98.9	99.6	
69.2	99.6	
99.3	99.4	
99.3	99.4	
99.1	99.6	
99.3	99.6	
99.3	38.2	
99.1	99.4	
99.3	99.6	
99.1	99.6	
98.9	99.4	
89	99.6	
99.3	88.9	
99.1	99.6	
98.9	99.6	
89	89.5	
99.3	99.6	
89.2	99.6	
99.3	89.3	
99.1	99.6	
99.1	99.6	
99.1	99.6	
99.3	99.6	
99.3	99.6	
99.3	99.6	
89	99.6	
99.3	99.4	
99.1	99.4	
99.1	99.6	
99.3	99.4	
99.1	99.6	
99.3	99.6	
99.3	99.4	
99.3	69.5	
98.5	99.4	
99.1	99.2	
99.1	79.2	
99.3	88.9	
99.1	99.6	
99.3	99.6	
99.3	99.6	
99.1	89.1	
99.1	89.3	
99.3	99.2	
89	88.7	
89.2	89.1	
99.1	89.5	
99.3	99.2	
99.1	99.6	
99.3	99.6	
99.1	99.6	
99.3	99.6	
99.1	98.6	
99.1	99.6	
89.2	99.6	
99.3	99.6	
99.3	99.4	
98.9	99.4	
99.1	89.3	
99.3	99.6	
98.9	99.6	
98.9	99.4	
98.9	79.6	
99.1	99.6	
99.1	99.6	
98.9	99.4	
89.2	99.6	
99.3	99.6	
99.1	99.4	
99.1	99.6	
99.3	99.4	
99.3	99.6	
99.1	99.4	
99.3	99.6	
98.9	99.6	
99.1	48.9	
99.1	99.6	
99.3	99	
99.3	99.4	
99.3	99.4	
99.1	69.1	
99.3	99.6	
98.9	99.6	
99.3	99.6	
98.7	89.3	
99.3	44.5	
99.1	99.2	
99.3	99.6	
99.1	99.6	
99.3	99.6	
99.3	89.3	
98.3	99.6	
99.3	99.6	
99.1	76.6	
99.3	99.6	
98.7	99.6	
98.5	99.4	
99.1	99.6	
89.2	99.6	
98.7	99.6	
99.3	99.2	
99.1	99.6	
99.3	99.6	
89.2	89.5	
99.3	99.6	
99.3	99.6	
89.4	99.6	
99.3	98.6	
99.3	99.6	
99.3	99.6	
89.4	99.6	
89.4	99.6	
99.1	99.4	
99.3	99.4	
99.3	58.4	
99.3	99.6	
89.2	99.2	
99.3	99.4	
99.1	99.6	
99.1	99.6	
99.1	99.6	
98.9	79	
99.3	99	
99.3	89.3	
99.1	99.6	
99.3	99.6	
99.1	99.6	
99.1	99.6	
89.4	99.6	
98.9	99.6	
99.3	99.6	
98.7	99.4	
89.4	99.6	
98.9	99.6	
99.3	99.6	
99.3	36.8	
99.3	89.3	
99.3	99.6	
98.5	99.6	
99.3	99.6	
99.3	99.6	
99.1	99.6	
99.3	89.5	
99.3	99.2	
99.3	99.6	
99.3	99.6	
99.3	99.6	
99.3	99.6	
99.1	98.8	
99.1	99.4	
99.3	78.8	
98.5	99.4	
99.1	99.6	
89.2	79.2	
99.1	99.6	
98.9	99.6	
99.3	99.6	
99.3	99.6	
99.1	99.6	
89	99.6	
99.3	99.6	
99.3	-18.7	
99.3	99.6	
99.1	99.6	
99.1	99.6	
99.3	99.6	
99.3	99.6	
99.3	99.6	
99.3	99.2	
99.3	89.5	
99.1	99.6	
99.3	99.6	
89.2	99.6	
99.3	99.6	
98.9	99.6	
99.3	99.6	
99.3	99.6	
99.1	99.4	
98.7	99.2	
99.1	99.6	
99.3	99.6	
88.8	99.4	
98.3	99.6	
99.1	85.5	
99.1	99.6	
99.3	99.6	
89.4	99.6	
99.3	89.3	
89.2	99.6	
99.3	99.6	
88.8	99.4	
99.3	98.8	
99.3	99.2	
88.2	99.6	
89.2	99.6	
99.3	99.6	
99.1	99.4	
78.3	99.6	
99.3	99.2	
98.9	99.6	
98.9	99.6	
99.3	99.6	
99.1	99.6	
99.3	99.6	
99.1	99.6	
99.3	99.6	
99.1	88.7	
99.1	99.6	
99.3	99.2	
99.1	99.6	
99.3	99.6	
99.3	99.6	
98.9	99.6	
99.1	99.4	
89	88.1	
99.3	99.6	
99.3	99.4	
89	99.6	
99.3	99.6	
99.1	99.6	
99.3	99.2	
88.6	99.6	
99.3	99.6	
99.3	99.4	
99.1	99.6	
99.3	99.4	
99.3	89.3	
98.9	99.2	
99.1	99.6	
89	89.3	
99.1	99.6	
99.1	79.4	
99.1	99.6	
99.3	99.6	
99.3	99.6	
99.3	99.4	
89.2	88.7	
98.9	99.6	
99.3	99.4	
99.1	99.4	
99.1	99.6	
99.3	99.4	
99.1	99.6	
88.8	99.6	
99.3	99.6	
98.9	99.6	
99.1	99.6	
98.7	99.6	
98.9	99.4	
89.4	99.6	
88.8	99.6	
99.3	99.6	
99.3	99.6	
99.3	99.6	
98.9	99.2	
99.1	99.6	
98.3	99.6	
99.3	88.9	
98.7	99.6	
98.9	79	
99.1	99.6	
99.1	99.6	
98.7	89.3	
99.3	88.1	
99.1	89.1	
89.2	99.6	
99.1	99.2	
99.3	99.4	
98.9	99.2	
99.3	98.8	
99.1	99.2	
99.3	89.3	
89	99.6	
89.4	89.5	
99.1	99.4	
98.7	99.6	
99.3	99.6	
99.1	99.6	
99.1	99.4	
99.3	99.6	
89.2	99.6	
98.7	99.4	
89.2	99.4	
89.4	99.6	
99.3	99.6	
98.9	99.6	
99.1	99.6	
99.3	99.6	
99.1	99.2	
97.1	99.4	
98.7	99.6	
88.8	99.6	
98.7	99.6	
99.3	99.6	
99.1	99.6	
99.3	99.6	
99.3	89.5	
99.3	99.6	
99.1	99.6	
99.3	99.4	
89.2	99.2	
89.4	99.4	
99.3	89.3	
99.3	99.6	
87.8	99.6	
99.3	89.1	
98.7	99.2	
89.4	99.6	
79.3	99.6	
99.1	99.6	
99.3	99.6	
99.3	99.6	
99.1	99.4	
99.3	99.4	
98.9	99.6	
99.3	99.2	
89.2	99.4	
99.3	99.4	
99.1	99.4	
99.1	99.6	
89.4	99.6	
99.3	99.4	
99.3	99.6	
99.3	99	
99.1	99.6	
98.9	89.3	
98.9	99.6	
99.1	99.4	
98.5	78.6	
98.9	99.6	
89.2	99.6	
99.3	99.2	
98.9	99.6	
99.1	99.4	
98.9	99.4	
98.9	99.6	
99.3	99.6	
99.3	99.4	
98.7	99.4	
99.3	99.6	
99.3	99.6	
99.1	99.6	
99.3	99.4	
99.3	99.6	
99.3	99.4	
99.3	99.6	
99.1	99.6	
99.3	99.6	
99.1	99.6	
89	89.5	
98.5	99.6	
99.1	99.4	
99.3	99.2	
98.7	99.6	
99.3	99.6	
99.1	99.6	
99.1	99.6	
99.1	99.6	
99.3	69.3	
98.5	99.6	
98.7	99.6	
99.3	99.4	
99.1	99.6	
99.3	99.4	
98.9	99.6	
98.9	99.4	
98.7	99.6	
99.3	99.6	
99.3	99.4	
88.8	89.3	
99.3	99.6	
98.9	99.6	
99.1	99.6	
99.3	99.4	
99.3	99.6	
99.1	99.6	
98.9	89.5	
99.3	99	
89.2	99.6	
99.3	79.2	
99.1	99.4	
99.3	99.6	
97.5	99.4	
98.9	99.6	
99.1	99.6	
99.1	99.6	
98.9	99.6	
98.5	99.4	
99.3	99.4	
99.1	99.4	
99.3	99.6	
89.2	99.6	
98.9	99.2	
99.1	99	
99.3	99.6	
99.1	99.6	
99.1	99.6	
97.7	99.2	
99.3	99.6	
99.1	99.6	
99.3	99.6	
99.3	99.6	
99.3	99.6	
99.3	99.6	
99.1	99.6	
99.1	99.6	
98.7	99.6	
99.1	99.6	
98.1	99	
99.3	99.6	
99.3	99.2	
99.3	99.6	
99.3	99.6	
99.3	99.6	
99.1	99.6	
99.1	99.6	
99.1	99.6	
88.8	99.6	
99.3	89.3	
99.1	99.6	
99.3	89.3	
99.3	89.3	
98.9	99.4	
99.3	99.4	
98.9	99.6	
89.2	99.6	
89	99.6	
99.3	99.2	
98.9	99.2	
89	99.6	
99.3	99.4	
99.3	99.6	
89	99.6	
99.1	99.6	
99.3	99.6	
99.3	99.4	
99.3	99.6	
99.1	99.4	
98.9	99.6	
99.1	89.3	
99.3	99.6	
98.7	99.6	
99.3	99.6	
99.3	99.6	
99.3	99.6	
99.3	99.6	
99.3	99.6	
99.3	88.9	
99.1	99.6	
99.3	99.6	
99.3	89.3	
99.3	99.6	
89.2	89.3	
89.2	99.6	
99.3	99.4	
99.3	99.2	
99.3	99.6	
99.3	99.6	
99.3	99.6	
99.3	99.6	
99.3	89.5	
99.3	99.6	
99.3	99.6	
99.3	99.2	
98.7	99.6	
99.3	99.6	
99.1	99.6	
98.7	99.6	
99.3	99.6	
98.9	57.6	
99.1	99.4	
99.3	99.6	
99.3	99.6	
99.3	99.4	
99.3	89.3	
99.3	99.6	
99.3	99.4	
99.1	99.2	
99.3	99.6	
99.3	99.6	
99.3	89.3	
98.9	99.2	
99.3	99.6	
98.7	99.6	
79.1	99.6	
98.7	99.6	
98.7	99.6	
99.3	99.6	
99.3	99.4	
88.6	99.6	
98.9	99.6	
99.1	99.6	
89.2	99.2	
99.3	99.6	
