37.1	89.7	
77.5	88.5	
21.2	78.2	
87.2	55	
99.1	78.4	
98.1	76.2	
98.9	89.3	
99.3	78.2	
68.2	89.1	
78.7	89.1	
88.4	89.7	
98.9	89.7	
99.3	89.7	
98.1	79.6	
88.2	89.7	
99.3	79.8	
99.1	89.3	
98.9	-60.8	
99.3	89.7	
88.6	49.5	
99.1	59.6	
77.9	99.2	
98.7	26.5	
89.2	-51.7	
98.1	89.3	
98.7	69.5	
98.1	59.6	
98.9	97.2	
98.9	99.2	
99.3	89.1	
98.7	89.1	
89.2	86.5	
99.1	88.7	
99.3	88.7	
88.4	79.4	
99.1	48.7	
78.9	79.6	
98.3	99.6	
68.6	89.5	
98.1	89.7	
98.3	99.6	
98.9	89.7	
98.5	69.7	
99.3	49.5	
98.1	99.6	
99.3	99.4	
89.2	99.4	
99.3	99	
89.4	89.1	
97.9	99.6	
85.6	99.6	
88.8	99.4	
98.5	79.8	
99.1	99.6	
98.9	99.6	
88.6	49.3	
98.9	59.2	
67.8	79.8	
99.1	99.2	
78.3	88.9	
97.5	99.2	
77.9	99.6	
99.1	99.4	
88.4	89.5	
98.9	99.2	
88.6	99.2	
88	98.8	
88.6	99.6	
89	89.5	
96.9	99.4	
47	99	
98.3	99.6	
88.6	89.7	
98.9	58.8	
89	99.6	
89.4	98.4	
99.1	88.3	
88.8	99.2	
87.2	99.4	
88.4	89.3	
98.5	99.2	
86.2	99.2	
99.1	99.4	
98.9	99.2	
98.9	99.2	
98.9	99.4	
86.6	99.2	
78.3	79.6	
77.5	99.4	
98.9	99.4	
99.3	78.6	
99.3	89.5	
87	79	
78.9	99.2	
88.8	99.4	
97.7	99.6	
99.1	99.4	
88.2	89.3	
98.7	99.6	
87	28.1	
99.1	98.6	
99.3	99.4	
98.5	99	
99.3	89.1	
98.7	79.6	
99.3	99	
98.7	99.4	
89	99.4	
99.3	99.4	
98.7	99.2	
99.3	88.7	
99.3	79.8	
98.5	99.6	
98.7	99.4	
97.3	78.4	
99.3	79	
99.3	99.6	
99.3	89.3	
98.3	98.6	
78.3	99.6	
99.1	99	
79.1	99.4	
99.3	99.6	
99.1	89.5	
89.4	99.6	
99.3	99.6	
99.1	69.3	
88.6	99.6	
99.1	99.4	
77.3	99.2	
98.7	79.8	
99.3	99.6	
98.1	99.6	
98.9	99.6	
99.3	89.7	
98.9	59.6	
98.7	99.6	
89	99.4	
98.7	99.6	
99.1	79.6	
99.1	99.6	
99.1	79.2	
99.3	99.4	
98.9	99.6	
88.8	99.2	
98.9	99.6	
77.9	99.6	
99.1	89.3	
98.9	69.5	
98.7	99.4	
99.3	99.4	
99.1	59.6	
88.8	89.3	
78.9	79.6	
99.3	69.7	
98.9	79.4	
88.2	88.9	
89.2	79.6	
99.3	79.4	
88.8	89.7	
88.8	89.3	
99.1	89.7	
89.2	89.7	
79.1	79.8	
89.2	89.7	
87.4	89.7	
98.9	89.7	
88	79.4	
99.3	49.1	
98.9	79.2	
89.4	58.8	
88.2	69.3	
99.3	79.8	
98.7	99.4	
89	89.5	
99.1	99.6	
99.1	99.6	
98.7	89.5	
89.4	99.6	
99.3	99.6	
89	89.5	
87.6	99.6	
99.3	69.5	
98.9	8.7	
98.7	99.2	
99.1	79.6	
89.4	99.6	
74.9	99.4	
98.1	99.4	
99.1	99.6	
98.1	49.5	
89	99.4	
97.3	99.6	
98.5	89.1	
99.1	99.6	
78.1	99.2	
89.2	89.7	
97.9	99.6	
98.7	99.6	
98.5	99.2	
78.7	89.3	
78.5	99.2	
89	89.5	
88.2	99	
99.1	99.6	
98.3	99.6	
89	99.6	
89	99.2	
99.3	89.5	
99.3	99.4	
98.7	99.6	
89	99.6	
98.9	99.4	
88.8	99.6	
89.2	99.6	
89.4	89.7	
89.2	99.6	
58.5	99.4	
88.6	99.4	
88.8	99.6	
98.7	99.6	
98.3	99.6	
78.5	89.5	
99.3	99.6	
99.3	99.6	
98.5	79.2	
98.5	99.6	
99.3	99	
98.7	99.6	
68	78.8	
98.9	88.1	
89	99.4	
98.5	99.6	
78.9	78.8	
99.3	98.8	
98.9	89.3	
98.1	99	
98.5	99.6	
88.8	99.4	
89.4	99.6	
98.9	99.6	
88.8	89.5	
98.9	89.5	
98.9	99.6	
99.3	99	
98.9	89.7	
99.3	99.4	
95.5	99.6	
96.5	99.4	
98.9	99.6	
99.1	89.7	
98.9	89.5	
89.2	99.6	
88.4	99.2	
88	99.2	
98.9	89.5	
88.2	99.4	
89.4	99.4	
98.3	99.4	
99.3	89.3	
99.1	99.6	
98.3	99.6	
99.3	89.3	
99.1	99.4	
99.1	89.5	
98.9	89.5	
99.3	98.8	
98.9	99.6	
99.1	99.4	
97.9	99.2	
99.1	99.6	
98.7	99.2	
99.3	78.8	
99.3	79.2	
68.4	79.8	
78.7	89.3	
99.3	99.4	
89.2	89.3	
87.4	99	
99.1	89.3	
99.3	89.3	
98.7	99.6	
98.1	79	
98.9	69.5	
99.3	99.2	
97.9	99.4	
97.9	99.6	
98.9	99.6	
89.2	99.6	
77.9	89.7	
79.3	89.1	
89	99.6	
99.1	99.2	
98.1	79.4	
88.8	98.8	
89.4	98.4	
99.1	99.6	
99.3	99.4	
89.2	79	
78.9	99.6	
89	89.1	
97.1	89.5	
77.5	99.6	
99.3	99.6	
88.8	99.6	
89.2	69.5	
98.5	99.4	
88	89.1	
99.1	99.6	
77.5	99.4	
99.3	99.2	
99.1	99.4	
98.1	99.4	
99.1	99.6	
99.3	69.5	
98.9	99.6	
89	99.6	
88	89.5	
99.3	89.5	
89	99.6	
98.7	99.4	
89.2	99.4	
89.2	39.2	
99.1	69.7	
98.7	79.6	
98.9	99	
99.3	99.6	
97.9	99	
89.4	89.3	
99.3	99.6	
99.3	79.6	
99.1	99.2	
68.8	89.5	
77.3	99.6	
89	99.6	
99.1	99.6	
97.3	99.6	
98.7	99.6	
98.5	99.6	
98.7	99.4	
99.1	89.1	
97.5	88.9	
98.7	98.4	
89.4	99.4	
88.8	89.5	
88.4	99.6	
97.5	99.6	
97.5	79.4	
99.3	99.6	
89.2	68.9	
98.9	99.4	
89.4	99.6	
99.3	99.4	
98.3	99.4	
98.5	79.8	
88.2	99.6	
98.9	99.4	
89	89.5	
98.9	99.4	
98.9	89.5	
99.3	59	
89	99.6	
99.1	99.6	
89	69.3	
89.2	79.4	
98.9	99.2	
99.1	89.1	
89.4	59.2	
89.4	88.9	
88.8	29.1	
89	99.6	
99.3	99.6	
78.9	99.4	
79.3	79	
89	79	
89.4	79	
98.9	89.5	
89.4	99.4	
99.3	79.6	
99.1	99.4	
77.1	79.4	
79.3	89.5	
98.3	89.7	
97.7	89.7	
79.3	89.1	
98.5	89.7	
99.3	59	
99.3	89.7	
88.4	89.7	
77.9	99.4	
67.6	99.4	
99.1	99.6	
98.7	99.4	
98.9	99.6	
99.1	99.6	
99.1	99.4	
99.1	39	
87.4	79.2	
89	89.7	
98.3	78.8	
89	89.3	
88.2	99.6	
99.3	99.4	
89.2	99.6	
99.1	99.6	
87.2	99.6	
98.9	99.4	
88.8	99.6	
98.9	99.2	
89	89.5	
98.9	69.7	
96.5	99.2	
88.8	69.5	
99.3	99.6	
99.3	99.6	
98.7	99.4	
98.5	99.2	
66.8	99.6	
98.5	99.6	
87.8	89.3	
99.3	89.3	
99.1	89.7	
76.9	99.6	
99.1	89.5	
98.5	99.6	
99.1	99.4	
89	89.3	
88.4	79.4	
99.1	99.6	
89.2	99.4	
78.9	99.6	
98.9	69.3	
69	99.6	
99.1	89.1	
99.1	99.6	
79.1	79.8	
88.4	89.7	
89	99.6	
99.1	79.2	
99.1	99.2	
79.1	99.4	
98.3	79.4	
59.1	99.6	
79.3	99.2	
99.1	79.8	
89.4	99.4	
99.3	99.6	
97.9	99.4	
98.9	89.5	
78.5	99.2	
79.5	99.6	
79.5	79.2	
98.9	89.5	
98.9	99.6	
68.6	99.2	
79.3	99.2	
89.2	99.6	
79.5	89.5	
99.1	79.4	
99.3	99.6	
99.3	99.6	
99.1	79	
68.4	99.6	
79.1	89.5	
98.3	99.6	
99.3	98.8	
78.1	88.9	
89	69.3	
89	99.4	
88.4	99.6	
89	89.3	
99.1	99.6	
78.3	99.6	
99.3	68.9	
99.1	89.7	
98.7	99.4	
99.1	68.9	
98.7	79.4	
98.9	99.4	
89.2	99.4	
89	99.6	
99.1	99.4	
78.3	99.6	
97.9	99.6	
98.9	89.7	
89	89.3	
89	79.2	
89.2	99.6	
79.3	99.6	
88.8	99.4	
89.2	89.5	
98.9	79.6	
78.3	78.2	
99.1	99.4	
89.4	89.3	
68.8	89.5	
89.2	49.5	
89	88.9	
99.3	88.7	
89.4	99.6	
