27.4	88.5	
2	49.1	
97.1	89.3	
87.8	-535.7	
79.6	98.8	
98.3	46.5	
99.1	77.8	
97.9	89.1	
97.1	78.6	
98.3	89.5	
98.5	77.2	
76.3	56.8	
89	99.4	
96.1	89.7	
48.4	89.5	
87.4	48.9	
87	79.4	
98.7	88.1	
87.2	69.3	
99.1	98.4	
78.1	98.2	
89.4	79.4	
88.6	99.6	
78.5	89.5	
98.7	89.5	
89	69.1	
98.3	99.4	
87.2	48.5	
98.9	-51.9	
96.9	99.4	
86	99.4	
78.9	99.2	
88.8	89.7	
98.9	87.9	
99.3	99.4	
89	99.4	
77.1	88.9	
98.3	99.6	
88.6	99.2	
98.3	98.6	
88.2	99	
97.1	68.9	
99.1	98.8	
98.3	78.4	
95.9	67.7	
98.9	99.4	
98.5	-31.5	
98.5	99.6	
98.3	99.4	
98.5	99.6	
99.3	99.6	
99.1	99.6	
88.4	78.8	
99.1	18.8	
88.6	69.1	
99.3	79	
99.1	59.8	
77.7	79.8	
99.3	99.6	
98.9	99	
99.3	8.3	
98.5	99.6	
78.9	99.6	
89	89.7	
98.9	99.2	
89	38.6	
89	79.6	
89.2	98.8	
99.1	99.6	
88	99.6	
89	98.8	
88.6	69.3	
79.1	79.6	
88.2	89.1	
98.9	99.4	
99.1	99.6	
99.3	99.6	
89	99.2	
98.5	99	
99.1	99.2	
98.1	99.6	
98.9	89.1	
98.5	99.6	
98.7	48.3	
88.8	79.6	
98.9	99.4	
87.8	99.2	
99.3	99.6	
98.7	98.8	
99.3	99.4	
79.1	89.7	
98.5	99.4	
98.3	99.6	
99.3	89.5	
88.4	99.2	
89.2	99.4	
99.1	89.1	
98.7	99.4	
98.7	98.4	
99.3	99.6	
77.9	99	
89.2	99.6	
68.4	89.5	
99.1	89.3	
98.1	89.5	
97.9	99.4	
88.6	99.6	
99.1	99.4	
99.1	99.4	
97.9	69.7	
88.6	99.6	
88.6	98.6	
98.7	69.7	
99.1	99	
97.5	99.2	
97.7	99.6	
89	89.3	
99.1	99.4	
89	99.6	
98.1	39.6	
99.3	69.5	
99.1	99.4	
99.1	99.6	
89.2	99.6	
88.2	99.4	
98.3	99.6	
98.7	88.7	
88.4	99.4	
99.1	99.6	
98.7	99.2	
98.9	99.6	
88	99.6	
99.3	89.7	
98.7	99.2	
99.1	99	
99.3	99.6	
99.3	99.2	
99.1	89.5	
89	89.3	
99.1	99.4	
99.3	99.6	
98.5	99.4	
99.1	99.6	
98.9	99.4	
78.3	69.5	
98.5	99.2	
97.3	99.6	
98.9	89.1	
89.2	99.4	
99.3	99.6	
98.3	99.2	
98.5	99.4	
89.2	99.6	
98.7	99.6	
98.5	88.3	
98.3	99.6	
99.3	89.3	
98.9	99.4	
98.1	98.8	
56.9	99.6	
89	68.3	
99.3	99.6	
87.6	89.1	
98.9	99.6	
98.5	79.6	
68.6	99.4	
87.8	99.2	
98.5	79.4	
99.3	99.6	
98.7	99.6	
99.1	99.4	
98.3	98.8	
98.9	98.6	
78.3	99.6	
89.2	99.6	
98.9	79.4	
99.1	99	
88	89.3	
89	99.6	
88.8	88.7	
88.8	89.5	
99.3	99.4	
89	99.4	
99.3	99.6	
99.1	88.3	
98.9	99.6	
99.3	99.4	
88.6	89.5	
99.3	89.1	
87.6	99.4	
89	79.6	
88.6	79.8	
98.7	89.5	
89.2	99.4	
99.1	78.2	
99.1	99.6	
99.3	89.3	
89	89.3	
99.1	99.4	
98.9	99.4	
99.1	99.4	
99.1	99.6	
78.9	89.5	
88.4	99	
89	99.2	
98.3	89.5	
88.6	99.4	
99.1	79.4	
89.4	99.2	
99.1	99.4	
98.9	99.4	
99.1	99.2	
89.2	98.4	
89	99.4	
99.1	79.4	
98.7	89.7	
68.8	89.5	
98.7	69.3	
89	49.3	
76.3	99.2	
99.1	79.8	
98.5	79.4	
98.9	99.6	
99.1	89.3	
99.1	79.4	
89	39.4	
89.2	58.8	
99.1	99.4	
88.4	98.8	
89.4	99.4	
99.3	99.6	
99.3	99.4	
99.3	89.5	
99.1	99.4	
99.3	99.4	
89	99.6	
88.4	79.2	
88.8	99.6	
99.1	99.2	
98.7	99.4	
88.8	99	
98.9	19	
88	99.6	
77.9	89.5	
98.9	99.6	
99.1	99.4	
99.1	99.6	
88.8	99.4	
99.3	99.6	
99.3	99.6	
98.7	99.4	
88.6	99.6	
98.9	99.6	
89	99.6	
99.1	99.6	
99.3	79.6	
99.1	79.2	
99.3	99.6	
89.2	79.6	
88.8	99.6	
88.8	99.6	
88.8	99.6	
98.5	99.6	
98.7	99.4	
99.1	99.4	
99.3	99.6	
98.7	99.6	
98.1	99.2	
99.1	99.6	
99.3	99.6	
99.1	99.6	
88.8	79.4	
98.7	99.4	
65.8	99.6	
88.8	59	
99.3	99.6	
68	99.4	
99.3	99.4	
79.3	79.2	
98.1	99.6	
98.7	99.4	
88	99.2	
79.3	99.4	
78.7	99.2	
99.3	99.6	
99.3	98.6	
88.2	89.3	
98.9	99.4	
99.3	99.6	
99.3	99.6	
69	88.5	
78.3	79.4	
88.8	89.5	
78.3	99	
77.9	89.1	
87.2	49.7	
98.9	89.3	
89	89.5	
99.3	99	
56.7	99.4	
98.9	99.6	
78.7	99.6	
99.1	79.6	
89	99.4	
99.3	99.4	
88.6	79.8	
89	79	
77.7	99.6	
88	69.7	
98.7	99.4	
99.1	99.2	
88.8	99.6	
99.3	99.6	
89	99.4	
99.1	99.6	
99.3	99.6	
99.1	78.2	
98.7	89.3	
99.1	99	
99.1	89.5	
78.5	59.6	
99.1	99.6	
99.3	89.3	
58.1	99	
99.1	89.3	
99.1	99.2	
99.1	99.6	
89.2	99.6	
99.1	79.4	
88.8	19.4	
98.7	89.5	
88	89.3	
98.9	99.6	
98.1	99.4	
87.6	99.6	
98.9	99.6	
98.9	99.6	
98.7	99.2	
98.7	89.5	
98.3	99.6	
88.8	99.6	
98.9	99.4	
99.3	99.6	
89.2	99.4	
99.1	99.6	
98.9	99.4	
89.2	69.1	
68	99.6	
89	89.5	
89.2	-1.2	
99.3	99.4	
98.7	69.1	
99.3	98.8	
99.3	69.7	
99.3	99.6	
98.7	99.4	
99.3	99.2	
98.7	99.4	
89.2	99.4	
99.3	99.6	
99.1	78.6	
99.1	99	
99.1	29.1	
98.7	99.6	
98.7	99.4	
89.2	89.1	
78.7	79.4	
99.1	99.6	
98.7	99.4	
89.2	99.6	
99.1	98.4	
99.1	99.6	
88.8	99.6	
78.3	89.1	
99.3	99.6	
98.5	79.8	
88.8	99.2	
98.1	99.2	
99.3	99.6	
98.3	99.4	
98.3	59.6	
89.4	99.6	
78.7	99.2	
78.1	99.6	
99.3	99.6	
78.1	99.2	
77.9	29.3	
99.1	99.4	
98.5	99.2	
98.9	78.4	
99.1	99	
78.5	99.4	
99.1	79.4	
78.7	79	
78.1	88.7	
99.1	99.6	
88.8	99.6	
99.1	99.6	
67.8	99	
78.1	99.6	
99.1	99.6	
98.3	79	
99.3	99.4	
99.1	89.5	
99.1	99.6	
98.7	89.1	
98.9	99	
89.4	99.6	
98.5	89.1	
99.3	89.5	
98.9	99.4	
99.1	99.4	
89.2	99.4	
98.9	79	
88.8	99.2	
88.4	89.5	
88.2	59.4	
98.5	99.6	
99.1	99.6	
99.3	69.7	
99.3	79.6	
98.5	79.4	
87.6	99.4	
88.2	99.4	
78.1	99.6	
99.3	99	
98.9	49.5	
89.4	99.4	
87.8	89.7	
88.8	99.6	
78.1	68.5	
99.3	99.6	
99.1	98.8	
98.5	99	
99.3	89.3	
99.1	88.7	
98.9	79.8	
99.3	99.2	
87.4	89.7	
99.1	99.6	
99.3	99.6	
98.9	99.4	
99.3	88.7	
88.4	99.4	
98.9	99.6	
98.9	99.6	
99.3	99.4	
98.9	89.5	
99.3	89.5	
78.9	58.6	
99.1	89.5	
89.2	99.6	
89.2	99.4	
99.1	99.6	
99.3	89.3	
89.2	89.1	
98.7	99.2	
89.2	99.6	
89.4	88.9	
79.3	89.5	
89.2	89.5	
88.8	99.6	
98.5	79.8	
98.1	99.6	
99.1	99.6	
99.3	99.6	
89.2	99.6	
99.1	99.2	
99.3	99.6	
99.1	99.4	
98.7	99.6	
98.7	68.9	
79.3	99.2	
76.3	99.4	
98.7	99.6	
98.9	99.6	
98.9	99.2	
98.1	99.4	
78.1	99.6	
99.3	99.6	
98.7	89.7	
97.3	99.4	
88.2	89.3	
78.3	99.6	
89	99.2	
99.3	99.6	
88	89.3	
99.1	99	
78.9	99.6	
68.8	99.4	
88.6	79.6	
78.9	99.6	
88.6	98.6	
88.6	89.7	
88.2	59.2	
77.7	59.2	
99.3	89.3	
79.3	79.2	
89	89.5	
98.3	49.3	
