36.1	-133.1	
-21.4	-51.3	
89	-146.8	
77.7	47.3	
88.4	89.7	
76.9	79.4	
42.2	69.1	
97.5	26.5	
89.2	37.6	
99.1	87.5	
83	88.5	
97.9	8.9	
97.3	58.2	
78.1	99.4	
78.9	98.4	
88	78.8	
78.5	88.3	
45.4	88.7	
97.7	99	
89.2	99.6	
88.2	89.7	
77.7	89.1	
24.6	38.6	
56.7	57.4	
77.9	99.2	
97.1	99.2	
96.9	89.1	
95.5	99.6	
56.9	99.6	
58.1	89.5	
77.5	89.5	
35.3	89.1	
98.1	89.1	
48.2	48.3	
77.9	89.7	
88.8	79.2	
96.7	79.4	
85.4	68.9	
67	99.6	
65.8	99.6	
87.6	99	
89	57.8	
88	89.1	
77.9	89.1	
88.2	89.1	
87.2	79.6	
99.1	99.4	
99.3	79.4	
98.7	79.4	
57.9	99.4	
88.2	99.6	
47.4	99.2	
78.5	89.1	
98.3	99.2	
89	99.2	
46.2	48.9	
89.2	99.6	
88.8	89.7	
88.2	99.6	
89	88.7	
88.2	89.3	
88.2	48.9	
79.5	99.6	
56.5	-1.8	
89.4	8.5	
98.9	18	
77.9	88.7	
66.6	89.3	
88.8	79.4	
88.6	79	
98.5	89.5	
47.2	88.9	
56.9	89.1	
78.9	48.5	
98.3	98.8	
75.9	89.1	
88.2	99.6	
46.4	89.5	
99.3	99.4	
78.5	99.4	
76.5	89.5	
68	99.4	
97.5	67.5	
98.5	69.1	
99.1	99	
56.7	79.2	
98.3	79	
69	88.9	
55.5	59	
77.7	99.6	
67.4	89.5	
67.4	59.6	
44.6	99.2	
98.5	-0.8	
89.2	79	
98.9	58.8	
98.7	-51.1	
77.5	59.2	
78.5	99.4	
98.9	79.2	
68.4	89.3	
58.1	89.5	
98.1	79.6	
89	79.6	
78.3	99.6	
89.2	69.5	
98.9	99.4	
98.9	89.1	
98.3	98.4	
99.3	89.5	
89.2	99	
98.7	99.4	
86.4	89.5	
88.6	58.6	
77.9	99.4	
56.7	89.7	
97.7	99.6	
88.8	39.4	
98.7	99.6	
88.8	88.9	
99.1	89.7	
89.2	89.3	
46.6	59.6	
87.6	88.5	
98.5	59.8	
88.8	99.4	
65.6	99.4	
87.8	79.4	
96.3	79.8	
98.9	59.2	
68.4	99.2	
86.4	68.9	
89.2	59.4	
25.2	99.4	
47.2	69.7	
89	99.6	
98.9	98.6	
87	89.1	
99.3	89.1	
97.7	99.4	
99.1	89.5	
67.4	99.6	
87.6	99.4	
17.9	99.6	
36.7	98.8	
87	59.6	
89.2	99.6	
98.3	79.8	
86.4	88.9	
88.6	99.4	
98.9	78.2	
88.4	99	
88.4	89.3	
98.7	69.5	
37.7	98.6	
89.2	69.1	
98.3	-21.4	
88.2	98.8	
76.9	79.6	
88.4	48.7	
99.3	89.3	
58.9	89.5	
88.8	57.8	
88	18.6	
89	89.3	
58.9	-1.4	
88.2	89.7	
78.7	79.4	
88	-87.4	
78.9	68.7	
77.9	98.8	
27.6	88.7	
78.5	89.7	
88.8	89.3	
78.3	89.3	
28.6	99.6	
66.8	28.1	
65	38.6	
57.5	68.7	
68.8	79.2	
98.3	79.4	
97.1	58.6	
77.1	89.3	
67.4	98.8	
98.3	49.3	
97.3	99.4	
78.9	49.1	
87	79.2	
89.4	89.5	
78.1	79	
98.5	88.9	
98.3	99.6	
76.9	79.2	
78.5	99.2	
89	68.7	
75.3	79.4	
97.7	98.6	
67.4	88.3	
98.5	77.6	
67.8	99.6	
77.5	99.4	
89	8.9	
98.1	88.5	
76.9	99.6	
98.5	69.1	
48	69.7	
79.1	67.7	
88.4	59.6	
89	99	
67	67.9	
76.3	99.4	
54.9	89.5	
98.1	89.5	
87	68.9	
88.2	79	
54.7	79.2	
68.4	69.1	
89.2	89.5	
88.6	98.6	
78.1	79	
88.4	99.4	
17.3	89.3	
98.9	49.7	
57.3	79.6	
98.1	18.2	
98.5	89.5	
67	99.6	
36.1	88.7	
69.4	89.3	
89	99	
99.1	18.2	
99.1	78.8	
68.4	78.8	
88.8	89.3	
89	69.3	
77.5	99.6	
77.3	69.5	
66	8.3	
87.4	88.9	
66.4	99.4	
78.7	89.1	
97.5	99.4	
89	78.6	
78.5	98.8	
77.9	89.5	
88.6	39.4	
96.9	48.9	
98.7	99	
98.7	99.6	
99.1	79.6	
69.2	88.9	
47	99.4	
78.7	48.7	
98.7	99.2	
77.9	99.6	
88.8	36.6	
58.7	89.5	
88.6	49.1	
77.1	79.6	
68.2	89.5	
78.3	99.6	
89.2	99.4	
76.7	99	
68.4	48.9	
99.3	79.8	
77.5	99.6	
75.5	98.4	
68.8	69.3	
87.4	79.2	
79.1	79	
98.9	88.7	
47.6	59.2	
78.7	79.6	
87	99.6	
97.7	59.8	
98.5	8.7	
87.2	79.6	
78.7	79.8	
99.1	69.3	
98.3	-82.6	
78.7	79.6	
87.8	49.5	
97.7	68.9	
78.3	89.3	
98.5	79.2	
87.8	89.5	
97.9	59	
88.2	99.6	
99.3	86.9	
66.6	99.6	
68.6	89.5	
65.8	38.6	
98.3	89.7	
88	28.5	
98.5	49.3	
87	89.7	
77.5	99	
99.1	89.1	
58.5	99	
23.8	67.3	
88.8	99.4	
68.6	69.1	
89	99.6	
78.9	88.9	
98.7	88.9	
77.5	99.4	
89.2	59.2	
68.2	29.5	
66.6	98.8	
99.3	79.2	
46.6	99.2	
88.4	89.1	
87.2	88.1	
98.1	99.6	
97.1	99.2	
98.9	89.3	
88.6	88.5	
88.6	58.2	
78.5	99.6	
89	88.5	
78.5	7.1	
89	79.2	
99.3	58.8	
78.1	89.5	
97.5	59.2	
67.8	-153.7	
86.8	79	
78.5	69.1	
97.7	59	
88	99	
89.2	99.4	
78.1	89.5	
79.3	99.4	
57.1	78.8	
98.1	88.9	
98.7	99.6	
97.5	99.2	
87.8	89.3	
76.5	99	
98.7	88.5	
35.3	79	
86.2	-51.5	
97.9	89.5	
89	8.9	
97.7	79.6	
67.8	98.8	
98.5	68.3	
22.4	88.7	
97.1	99	
76.1	89.5	
88.2	39	
88.8	89.7	
87.6	99.6	
88.4	99.6	
67.4	98.8	
89	98.8	
89.4	99.4	
88.8	99.2	
88.6	69.1	
99.1	77.6	
88	68.5	
98.3	37.6	
68.2	88.7	
98.3	79.6	
68.2	68.9	
75.9	99.2	
88.8	99.4	
78.9	79	
78.3	69.3	
78.3	77.8	
77.9	99.4	
79.3	89.7	
34.3	88.9	
58.5	68.9	
44.8	79.4	
99.1	99.6	
78.1	99.6	
88.2	78.8	
77.9	89.1	
75.1	48.9	
57.3	89.5	
79.3	89.5	
88.2	79.4	
78.7	79.6	
97.9	99.2	
47.2	78.8	
77.9	89.7	
66	99.2	
77.7	58.8	
68.2	89.5	
98.5	99.6	
89	99.2	
98.3	89.3	
87.4	89.7	
98.3	48.7	
79.1	67.1	
86.8	99.4	
56.9	89.7	
67.6	59.4	
79.1	79.6	
87.6	89.3	
98.7	79.2	
77.7	89.7	
98.1	79.2	
67.8	68.7	
27.6	49.5	
57.5	69.1	
98.1	87.9	
76.1	59.4	
54.3	99.6	
84.6	79.2	
88.4	99.4	
97.9	88.7	
55.7	99.2	
97.9	99.6	
46	79	
89	49.1	
97.5	78.8	
78.7	59.2	
86.8	49.1	
68.6	89.5	
56.7	89.7	
88.6	89.5	
98.5	99.4	
97.9	78.6	
56.3	57.4	
98.3	39.2	
78.9	56.8	
88.6	-10.5	
37.3	49.1	
96.3	38.2	
97.5	89.3	
97.1	68.9	
98.7	99.4	
88	79.2	
98.3	88.9	
97.7	89.3	
77.5	69.1	
99.1	68.9	
68.2	99.4	
67.8	99.6	
98.9	88.7	
98.9	59.2	
98.1	88.5	
58.1	68.5	
98.3	48.9	
89.2	99.4	
98.1	78.6	
89	68.7	
99.1	89.3	
47.8	98.6	
17.3	57.4	
78.7	77.8	
88.8	88.7	
68.2	99	
77.7	89.5	
89	78.6	
66	89.1	
68.2	89.7	
78.3	99.4	
21	57.4	
88.8	99.6	
77.5	99.6	
98.9	89.7	
87.8	89.5	
77.1	79.2	
87.6	99	
79.1	78	
89	99.6	
88.6	99.6	
97.3	79	
89	79.4	
78.7	59.6	
78.5	98.6	
99.1	98.6	
46.8	99.4	
58.3	79	
88.6	89.5	
89.4	38.6	
89	89.5	
98.7	99.4	
97.3	79.6	
58.5	69.5	
35.7	99.6	
78.1	99.4	
89.2	-30.9	
98.1	59.4	
77.9	99.6	
88.2	69.5	
89.2	89.5	
58.3	99	
58.7	99.4	
89.4	78.8	
56.1	98.6	
89	89.5	
88.8	89.3	
79.3	99.6	
98.5	89.5	
79.1	99.4	
78.5	79.8	
