15.9	-111.9	
65.2	-133.3	
77.9	-52.3	
56.9	38.2	
97.3	49.1	
-5.1	68.1	
67	48.9	
71.1	88.5	
72.7	59.2	
67.2	88.3	
86	88.5	
84.6	68.3	
98.1	79.6	
99.3	99.2	
85.2	86.7	
97.5	99.4	
89.2	39.6	
98.5	79.6	
89.2	98.6	
88	59	
77.5	88.7	
88.4	87.9	
99.1	99.4	
98.9	69.5	
97.5	97.4	
98.3	78.4	
88.4	98.6	
88.6	79.8	
98.1	88.9	
89	99	
73.7	88.3	
97.1	99.6	
88.2	99.2	
86	99.4	
66	89.5	
96.7	99.2	
88	69.7	
97.3	99	
98.1	99.6	
86.4	48.9	
77.9	78	
98.9	98.8	
87.8	98.8	
98.9	59.2	
88.4	89.7	
89	99.4	
88.6	99.4	
98.9	-0.8	
89.2	59	
98.9	99.6	
78.7	38.8	
98.7	98.6	
99.1	38.8	
88.6	99.4	
99.3	78.8	
98.1	99.2	
99.1	89.1	
98.7	89.3	
99.1	99.6	
88.4	69.1	
99.1	89.5	
98.9	99.4	
66.8	69.7	
98.5	99.4	
99.1	89.7	
77.5	9.3	
98.3	99.2	
68.8	99	
78.9	38.4	
89	79.6	
98.7	99.6	
98.5	79.2	
78.3	89.5	
98.3	89.1	
68	98.8	
68	99.4	
78.5	89.1	
99.3	89.3	
98.5	99.4	
95.7	99.6	
98.7	99.4	
77.7	79.8	
98.3	99	
89	88.5	
78.5	79.4	
98.9	77.4	
98.9	99.6	
99.3	89.7	
88.4	99.4	
99.1	99.4	
89.2	99.6	
98.9	99.2	
87.6	99.4	
56.9	49.3	
88.6	78	
79.3	99.6	
99.3	99.4	
98.3	99.6	
88.8	99.4	
88.8	89.7	
78.1	99	
89	89.5	
77.1	99	
86.6	99.4	
98.7	98.6	
78.1	69.7	
98.3	98.8	
78.3	99.6	
67.8	59.6	
77.7	79.4	
98.7	99.4	
86.8	89.1	
98.5	79.6	
98.9	99.2	
78.5	99	
99.3	99.4	
87.2	99.4	
98.7	89.5	
98.1	-10.7	
84.4	89.5	
98.5	99.2	
98.7	99.2	
79.3	99.6	
98.5	99.2	
98.3	99.2	
99.1	99.2	
89.2	89.3	
99.1	89.3	
99.1	99.4	
87.8	99.6	
88	99.4	
98.7	89.5	
89.2	99.4	
97.3	78.2	
87.2	99.6	
88.6	79.4	
88.6	99.2	
88	99.6	
98.1	69.3	
99.1	99	
89.2	99	
88.4	78.6	
99.3	89.1	
58.3	99.6	
99.3	99.6	
99.3	89.5	
99.1	99.6	
98.7	68.3	
78.3	89.3	
78.9	69.1	
98.9	18.6	
79.5	89.3	
99.3	89.7	
98.9	99.4	
97.7	69.5	
78.7	99	
99.1	59.6	
78.9	79.6	
78.5	89.3	
97.5	99.4	
78.5	19.4	
88.8	79.2	
98.9	78.8	
99.1	79.2	
69	99	
88.8	99.4	
68	58.8	
98.9	99.4	
76.5	47.9	
98.7	99.6	
98.3	99.6	
67.6	99.2	
69.4	99.6	
89.2	99.6	
98.7	89.1	
99.1	89.5	
99.1	69.7	
78.1	99.6	
86.8	89.5	
78.9	98.6	
77.3	89.1	
68	99.6	
98.3	99	
78.7	99.6	
98.3	99.6	
67.4	99.6	
78.7	59.6	
98.7	99	
87.8	79.6	
99.1	99.6	
88.4	99.6	
98.9	99.6	
88.2	99.2	
88.8	99.6	
68	99.6	
78.5	99.4	
78.7	89.3	
75.7	98.6	
87.6	99.2	
98.5	99.6	
98.5	99.6	
97.5	79.8	
78.1	79.6	
98.9	59.6	
98.9	58.6	
88.8	99.6	
87.6	99	
99.3	69.5	
98.1	99	
88.6	99.6	
98.7	79.8	
87.2	99	
98.7	89.3	
88.4	99.4	
88	49.3	
98.5	98.8	
98.9	99.4	
98.3	99.6	
77.1	79.8	
68.6	99.6	
89	99.2	
98.7	89.3	
98.7	99.4	
98.7	49.5	
67.8	89.1	
67.4	78.4	
68.4	99.6	
98.9	89.5	
66.8	69.7	
99.3	79.6	
89.4	99.6	
88.2	99.2	
99.1	99.6	
88.4	89.5	
89	89.7	
98.3	29.3	
97.9	99.4	
78.7	89.7	
99.1	99.2	
98.1	59.6	
99.1	89.7	
99.3	88.7	
78.7	89.5	
99.1	98.4	
88.6	79	
67.6	99.6	
88.2	69.7	
63.2	88.9	
98.9	89.5	
88.2	99.4	
98.3	99.6	
78.3	79.8	
98.1	99.2	
88.8	99.6	
88.8	89.5	
78.3	89.5	
88.6	79.4	
98.7	98.8	
88	99.6	
98.3	99.4	
89	89.7	
78.7	99.4	
88.6	79.4	
98.5	99.6	
88.8	78.8	
98.7	99.6	
98.5	59.6	
98.7	89.3	
99.1	59.6	
99.3	98.8	
88.6	79.6	
88.6	88.9	
78.7	89.1	
98.5	79.2	
96.7	9.5	
98.7	59	
88.6	99.2	
89	89.1	
99.1	89.5	
67.6	99.4	
89	89.5	
98.7	99.4	
98.9	99.6	
78.9	99.4	
67.8	98.4	
98.7	99.4	
98.9	89.1	
89	89.7	
99.3	99.4	
89	99.2	
97.9	99.6	
99.1	89.7	
99.3	79.6	
78.1	58.8	
99.3	89.7	
99.1	28.3	
88.8	99.6	
89	89.7	
88.2	99.6	
69	99.6	
89	99.2	
99.3	58.2	
87.8	99.4	
99.3	89.5	
67.6	99.6	
78.3	99.6	
89	99.6	
88	89.7	
79.1	89.7	
88.8	99.6	
88.8	89.5	
89.4	68.9	
99.1	99.2	
88.6	99	
98.5	99.4	
87.2	79	
99.1	99.2	
98.3	59.2	
88.6	89.3	
89	89.7	
98.3	99.4	
99.3	98.8	
27.6	88.9	
98.5	79.6	
99.3	88.9	
98.3	89.3	
99.1	89.3	
98.9	89.5	
99.1	19.2	
99.1	99.4	
66	89.3	
88.6	99.4	
98.5	89.5	
89	89.5	
88.6	89.5	
98.7	99.4	
99.1	88.5	
98.7	89.3	
88.6	89.5	
98.7	89.5	
99.1	99.6	
89.2	99.4	
98.7	-2.4	
88.8	99.6	
98.7	89.1	
77.7	77.6	
98.7	89.7	
89.2	88.9	
98.7	49.5	
98.7	89.7	
89.4	99.2	
98.3	99.6	
98.9	89.5	
67.8	58.8	
89	89.3	
87.4	89.7	
67	58.2	
46	89.3	
78.9	99.6	
99.1	89.3	
79.1	69.3	
69.2	99.6	
89.4	99.2	
66.6	89.7	
87.6	89.3	
96.9	99.6	
99.1	69.1	
76.3	89.5	
89.4	99.2	
88.2	69.7	
99.3	99.6	
98.7	89.1	
67	99	
17.1	88.9	
68	89.5	
99.1	89.7	
99.3	78.4	
77.9	89.5	
99.1	58.6	
98.9	99.6	
89.2	99.2	
88.6	99.6	
88.8	99.6	
89.2	89.5	
89.2	59	
98.7	79.4	
78.7	89.5	
98.7	89.1	
99.1	38.2	
98.9	89.5	
99.1	89.3	
88.6	89.1	
98.5	49.3	
89	99	
57.7	88.9	
99.1	89.3	
99.1	37.8	
98.7	99.4	
98.7	99.6	
89.4	99.6	
89.2	99	
88.6	69.5	
98.7	99	
58.1	79.6	
78.9	79.4	
89	99.6	
38.3	89.3	
88.8	89.3	
76.9	99.2	
99.1	69.3	
67.2	99.4	
99.3	79.4	
67.8	59.6	
98.9	69.7	
57.5	99.4	
98.3	89.5	
88.8	99.4	
-5.7	99.4	
99.1	89.7	
79.1	29.7	
88.6	-10.7	
98.5	99.4	
99.3	99.4	
99.3	99.4	
88.4	89.1	
98.7	99	
98.9	99.6	
98.5	99.4	
89	99.6	
88.6	99.4	
98.1	89.7	
98.7	99.4	
98.9	99.2	
97.9	89.3	
79.3	99.4	
98.9	89.7	
88.6	59.8	
98.5	89.1	
99.1	99.4	
99.1	99.6	
88.2	89.7	
89	99.4	
98.9	69.7	
87	99.6	
78.3	99.4	
98.7	89.5	
89	99.2	
88.8	99.6	
89.4	99.4	
99.1	99	
99.1	99.6	
99.3	79.6	
87.4	79.4	
99.1	89.1	
99.1	99.4	
88.8	99.6	
98.5	69.3	
98.3	99.4	
98.9	99.6	
89	49.5	
88.2	99.2	
98.7	99.6	
78.5	99.6	
99.3	99.6	
99.1	98.8	
88.2	99.2	
97.7	99.6	
68.2	99.2	
78.1	99.6	
79.3	49.1	
89	79.2	
79.1	79.2	
78.9	69.7	
89	59.6	
98.7	89.5	
98.7	99.6	
89.4	99.4	
89	79.2	
98.5	98.8	
88.2	69.5	
68.2	89.1	
99.1	99.4	
98.1	88.9	
88.2	99.4	
98.7	89.5	
67.2	99.4	
89.4	59.2	
99.1	99.6	
98.3	99	
99.1	99.4	
99.3	79.4	
98.1	99.6	
98.9	78.8	
98.9	99.4	
68.8	99.2	
78.7	99.6	
98.1	59.2	
78.1	89.7	
99.1	99.6	
97.3	88.7	
