99.1	-22.2	
77.9	68.5	
57.9	59.2	
14.9	47.9	
99.3	78.2	
67	58	
87	46.9	
66.6	89.3	
65.2	88.1	
98.9	39	
89.2	68.3	
96.1	89.3	
57.1	96.8	
96.1	99.6	
98.9	99.2	
88.6	99.6	
77.3	39.4	
88	89.7	
99.3	89.5	
99.3	88.3	
98.5	89.1	
98.7	57.6	
78.3	99.4	
98.7	99	
67.8	89.5	
98.9	69.7	
38.1	89.7	
99.1	89.7	
98.9	99.4	
78.5	89.7	
99.3	79	
89	69.1	
99.1	69.7	
98.3	99.4	
97.9	99	
98.3	98.8	
99.1	99.6	
67.6	69.3	
89	79.8	
88	79.4	
88.8	89.7	
98.5	99.2	
67.8	89.5	
88.4	69.5	
67.4	99.6	
89	99.4	
99.3	89.1	
98.5	99.6	
98.5	99.4	
97.5	99.2	
89.4	99.6	
97.7	99.2	
69.2	89.7	
98.9	99.6	
99.1	99.4	
88.8	99	
97.9	99.6	
88.4	79.4	
99.3	99.6	
98.7	18.8	
86	89.1	
89	89.3	
98.5	68.5	
98.3	28.1	
89.4	99.4	
99.1	88.9	
84.8	48.9	
98.3	99.2	
89	99.4	
87.6	89.5	
99.3	89.3	
89.2	99.4	
89	79.4	
89.2	89.3	
87.8	99.4	
96.9	49.3	
76.9	69.1	
89	89.3	
98.9	79.4	
88.6	89.5	
98.9	89.7	
99.1	79.8	
68.8	89.5	
98.9	98	
99.3	98.6	
98.5	99.6	
88.8	99.6	
89	99.6	
98.7	99.6	
99.3	99.6	
89.2	99.2	
99.1	99.4	
88.2	79	
99.3	99.2	
88.8	99.6	
99.1	99.6	
98.9	99.6	
99.1	99.6	
77.5	99.6	
98.7	99.6	
98.7	79.8	
99.3	99.6	
98.5	79.2	
88.6	69.7	
57.3	99	
89	69.3	
79.1	99.6	
98.9	89.3	
88.2	79.8	
77.7	78.8	
89.2	78.8	
78.3	99.6	
78.9	99.4	
98.3	49.3	
67.4	79	
87.8	99.4	
87.4	99.4	
98.3	89.7	
89.2	88.7	
97.5	79.2	
79.3	99.2	
98.5	79.4	
89.2	99.4	
88.6	99.6	
99.3	99.2	
98.9	99.4	
88.2	69.5	
78.5	99.4	
97.7	79.4	
98.9	99.6	
84.6	79.4	
98.3	48.7	
88.8	88.9	
78.1	19.2	
98.9	59.2	
89.4	99.6	
79.3	99.4	
44	99.6	
98.5	98.8	
97.3	99.4	
97.7	88.9	
99.1	98.2	
89.2	89.5	
98.5	59.6	
97.1	99.2	
99.1	79.8	
89.4	79.6	
99.1	99.4	
98.9	89.5	
89	79.6	
89.2	79.2	
98.5	79.6	
87.8	89.7	
98.5	89.7	
99.3	89.7	
99.1	89.7	
89	89.5	
46.8	49.3	
89.4	79.2	
98.9	79.2	
99.3	59.6	
99.3	89.5	
78.7	99.2	
88.4	99.4	
98.1	59.6	
98.1	99.6	
99.3	99.6	
99.3	99.6	
98.3	79.8	
98.7	99.6	
78.7	99.6	
88.8	68.9	
99.3	59.6	
88.2	99.4	
98.9	88.9	
99.3	49.1	
98.7	99.6	
98.3	99	
89	99.4	
89	99.6	
99.3	79.2	
89	99.6	
98.9	68.9	
98.7	89.5	
98.5	99.6	
89	79.8	
89.2	99	
89	49.5	
78.1	89.5	
88.8	99.2	
97.9	99.6	
97.7	98.6	
99.1	88.9	
88.8	79.2	
89.4	89.5	
98.5	79.8	
65.8	89.5	
89.2	99.4	
58.1	79.6	
58.3	99.2	
98.7	79	
79.5	99.6	
99.3	99.6	
68	99.2	
89.2	99.6	
89.2	88.9	
77.9	99.6	
88.6	99.6	
88.6	99	
98.5	69.1	
89.4	99.4	
88.8	89.7	
77.3	89.7	
88.4	99.2	
98.9	79.2	
99.1	98.8	
78.9	99.4	
98.1	99.6	
98.5	79.4	
98.5	99.4	
99.1	99.6	
98.5	99.4	
98.7	99	
79.1	89.7	
99.1	79.8	
89.2	99.6	
88.4	99.6	
89	99.4	
79.3	99.2	
98.9	99.4	
88.6	89.1	
88.4	89.3	
98.9	79.6	
99.1	99.4	
89.4	99.6	
98.3	89.3	
78.5	99.4	
88.4	99.6	
98.7	99.6	
89	89.7	
79.1	98.8	
78.9	69.1	
99.1	89.5	
89	69.1	
98.9	88.1	
99.3	68.9	
99.1	69.5	
98.7	79.6	
89	89.5	
98.7	79.4	
89	89.7	
98.1	89.5	
99.1	89.7	
99.1	89.7	
98.9	89.5	
89.2	59	
98.9	69.5	
66.8	69.7	
99.3	99	
78.9	99.6	
98.1	89.5	
78.1	68.7	
98.3	99.2	
99.1	79.2	
87.8	99.6	
99.3	99.6	
98.7	89.1	
89.2	99.6	
98.9	99.6	
99.3	99.2	
98.9	99.6	
88.4	99.4	
99.3	89.1	
78.1	99.4	
98.5	89.1	
98.9	79.2	
99.1	99.4	
89.2	99.6	
97.7	89.7	
99.1	99.2	
88	99.6	
79.5	79.2	
99.1	78	
99.3	99.2	
98.1	99.6	
98.5	99.4	
89.2	99.2	
89.2	79	
98.7	89.7	
98.9	99.4	
68.6	99.2	
89.4	89.5	
89.2	99.2	
98.7	89.7	
98.7	99.4	
78.1	99.6	
88.4	79	
57.3	69.5	
99.1	99.6	
98.5	99.6	
49	99.6	
87.6	89.5	
78.3	99.6	
98.5	98.6	
78.9	99.2	
88.6	99.6	
89.4	79.8	
98.3	89.3	
89.2	99.6	
87.6	99.4	
98.7	99.4	
88.6	99.4	
98.7	99.6	
89.4	89.1	
99.3	99.2	
99.3	99.4	
98.3	99.6	
98.1	89.3	
99.1	99.6	
99.3	99.6	
78.3	99.2	
78.7	89.3	
98.9	99.4	
88.4	99.4	
88.8	99.6	
98.9	99.4	
78.5	88.5	
98.1	99.2	
99.3	99.4	
98.7	89.3	
99.1	99.6	
89.4	89.1	
99.3	99.6	
89.4	69.3	
88.6	89.7	
76.7	89.5	
67.6	98.8	
88.2	69.3	
98.9	88.9	
99.3	99.6	
98.3	68.9	
89.4	99.4	
78.5	99.6	
78.5	89.1	
88.6	79.4	
89.2	99.6	
78.7	99.4	
78.1	99.6	
98.7	79.6	
98.7	69.3	
89.2	99.4	
88.8	99.2	
99.1	99.6	
79.1	99.4	
99.1	99.6	
88.8	99.2	
98.7	99.6	
87.6	99.4	
68.4	99.6	
98.9	49.5	
79.1	89.5	
97.7	99.6	
78.7	89.7	
78.5	78.6	
99.1	99.4	
86.8	99.6	
89	89.5	
99.3	99.6	
89.2	99.6	
98.7	99.2	
89	68.7	
98.1	79.8	
88.2	59.2	
99.1	99.4	
89.2	99.6	
99.1	99.2	
98.5	69.5	
68	99.4	
99.3	99.6	
99.1	89.7	
98.9	89.5	
98.1	79.4	
89	99.2	
88.6	37.8	
99.3	99.4	
99.1	99.6	
89	99.6	
79.5	99.4	
69.4	99.2	
98.9	99.6	
69	89.5	
89.4	99.6	
88.6	99.4	
89.2	99.6	
99.3	89.7	
87.8	88.9	
48.4	99.6	
77.7	79.6	
87.8	99.6	
98.5	99.4	
79.1	99.4	
79.1	99	
98.9	59.6	
99.3	99.4	
78.5	49.3	
89.2	99.4	
98.7	48.9	
89.4	79.6	
99.3	79.6	
89.2	79.4	
98.7	99.6	
98.9	99.2	
99.1	99.6	
78.5	99	
98.9	99.6	
98.1	99.2	
99.1	99.4	
98.9	89.3	
89.2	59.2	
97.9	79.4	
99.1	89.5	
97.7	99.2	
79.1	89.7	
88.8	99.6	
98.9	99.6	
88.6	99.4	
98.3	89.7	
89.4	99.4	
98.9	99.6	
98.5	99.4	
99.1	99.4	
89.2	99.4	
99.1	89.3	
99.3	89.1	
98.9	79.2	
67.2	69.3	
98.9	89.5	
89.4	99.6	
99.1	79.6	
68	99.6	
98.9	89.3	
78.9	89.5	
88.4	89.7	
89.2	59.6	
99.1	99.4	
99.1	99.2	
88	79.6	
98.9	99.4	
88	79.6	
89	98.6	
89.2	99.6	
89	99.6	
86.8	99.4	
88.4	89.5	
89.4	78.8	
98.7	99.4	
88.4	99.6	
98.9	89.3	
89.4	49.5	
69.2	79.8	
46.4	79.6	
98.9	99	
79.3	89.5	
97.5	69.5	
97.1	79.8	
87.8	99	
78.5	99.6	
96.9	98.8	
99.1	99.4	
88.8	99.4	
78.5	69.3	
99.1	88.9	
99.1	98	
88.4	89.3	
89	69.7	
99.1	99.6	
98.5	79	
99.1	79.4	
78.9	79.8	
99.1	99.2	
99.1	89.7	
89.2	79.6	
99.3	69.5	
89.2	79.8	
99.3	98.6	
88.8	99.4	
99.1	99.4	
98.3	69.3	
79.3	59.6	
88.4	89.5	
99.3	99.4	
88.8	99.6	
89.4	99.2	
88	99.6	
88	99.6	
99.1	99.4	
98.3	99.4	
98.7	89.3	
98.5	79.6	
99.3	79.6	
