56.9	-561.3	
78.1	39.4	
31.9	79	
98.9	31.2	
98.1	35.8	
77.5	45.7	
98.9	78.4	
98.7	66.9	
95.7	67.3	
98.9	26.9	
89.2	78.2	
98.9	-18.3	
99.3	-83.6	
98.9	19.2	
98.9	49.1	
99.3	-0.6	
99.3	69.3	
98.7	39.4	
99.1	7.9	
99.1	87.1	
99.1	-10	
99.3	18.2	
98.9	-34.7	
99.1	89.2	
99.3	95.4	
99.3	57	
99.3	95.8	
99.1	88.3	
99.1	94.8	
84.8	97.8	
99.1	-79.5	
98.9	65.8	
99.3	62.9	
99.3	99.6	
99.3	89.3	
88.6	89.5	
99.3	37	
99.3	26.9	
98.9	80.4	
99.3	98.4	
88.8	28.6	
99.1	93.2	
99.1	95.8	
99.3	87.9	
98.9	99	
99.3	52.8	
99.3	36.4	
99.3	98.6	
99.1	99.4	
88.8	99	
99.3	98.8	
89	99.4	
98.7	99.4	
79.1	99.4	
99.3	99.4	
89.2	99.4	
87.8	99.4	
99.1	99.4	
98.9	99.6	
99.3	98.6	
89.2	99.4	
89	99.2	
99.1	89.1	
89.4	99.4	
99.3	99.2	
98.9	99.2	
99.3	89.1	
99.1	99.4	
98.5	99.4	
98.9	99.2	
99.3	99.4	
99.3	99.4	
99.3	89.3	
89.2	89.3	
99.3	99.4	
99.1	99.4	
99.1	88.7	
99.3	99.4	
99.3	88.7	
99.3	99.4	
99.3	79.4	
99.1	99.4	
99.1	79.4	
99.3	99.2	
89.2	99.4	
99.3	78.6	
99.3	99.4	
98.9	99.2	
99.3	98.8	
99.3	99.4	
98.7	98.8	
98.5	99.4	
98.5	98.8	
99.3	99.2	
98.9	99	
99.1	99.4	
99.3	99.2	
89.2	99.4	
79.1	99.2	
98.9	99.2	
99.3	99.4	
99.3	78.2	
99.3	99.2	
99.1	99.4	
98.9	99.4	
99.3	99	
99.3	98.4	
99.3	99	
99.3	99.4	
99.3	89.5	
89.4	99.4	
99.1	99.4	
99.1	98.6	
88.8	99.4	
99.1	99.4	
89.4	99.4	
99.3	99.4	
99.3	99.4	
99.3	79.2	
99.3	99.2	
98.7	99	
99.1	99.4	
98.9	99.4	
99.3	97.6	
99.3	99.4	
99.3	99.4	
99.1	99.6	
99.1	99	
99.1	98.8	
99.3	99.2	
99.3	99.2	
99.3	99.4	
99.3	89.1	
99.3	89.5	
99.3	99.4	
99.3	99.4	
99.3	98.2	
89	99.4	
99.3	99.4	
99.3	68.9	
99.3	99.4	
99.3	99.4	
98.9	99.4	
99.1	99.4	
89	89.5	
98.3	99.4	
99.3	99.4	
98.7	99.4	
99.3	99.4	
99.3	99	
99.3	99	
99.3	99.2	
99.3	99.4	
99.3	98	
99.3	88.7	
99.3	99.4	
99.3	99.4	
99.1	99.4	
99.3	88.5	
88.8	99.4	
98.9	99.4	
99.3	99.4	
99.3	99	
99.1	98.8	
99.3	99.4	
99.1	89.7	
99.1	89.3	
99.3	99.2	
99.1	99.2	
99.3	99.4	
99.3	99.4	
99.3	99.2	
89	99.4	
99.3	99.4	
89.2	99.2	
89.4	89.3	
98.9	99	
99.3	99.6	
99.3	89.3	
89	99.2	
99.3	99.2	
99.3	99.2	
89.2	98.6	
89.2	99.4	
99.1	99.4	
98.7	99.2	
98.7	99	
99.3	99	
99.3	99.4	
99.3	99.2	
99.1	99.2	
89	99.2	
98.7	99.2	
99.3	99.4	
99.3	99.4	
99.3	99.4	
99.1	99.4	
99.3	99.4	
99.3	99.2	
89	99.6	
99.1	99.4	
98.9	98.8	
99.3	99.4	
99.3	99.2	
98.3	99.4	
99.3	99.4	
99.1	89.3	
99.3	99	
99.3	99.4	
89	99.4	
89.2	89.5	
99.3	99.4	
99.3	98.8	
99.3	99.2	
89	99.4	
98.7	79.2	
99.3	99.4	
99.1	99.2	
99.3	99.4	
99.3	99.4	
98.7	78.8	
99.3	99.2	
78.9	99.4	
99.3	89.1	
99.1	99.4	
99.1	99.4	
99.3	98.8	
98.9	99.2	
98.7	99	
99.3	99.4	
98.9	89.1	
99.1	99.4	
99.3	99.2	
99.3	99.4	
98.9	89.3	
99.1	99.4	
98.9	99.2	
99.3	99.4	
99.3	89.3	
99.1	89.5	
99.3	99.4	
99.3	99.4	
99.3	99.4	
99.3	99	
98.7	99.4	
98.9	99.2	
99.1	89.1	
99.3	99.4	
99.3	99	
99.3	99	
99.1	98	
89	99.4	
98.9	99.4	
99.3	89.5	
98.9	99.4	
89	99.4	
99.3	99.4	
99.3	99.2	
99.1	99.2	
99.3	99.4	
89	89.3	
99.1	99.2	
99.3	99.2	
99.3	98	
99.3	89.3	
98.9	99.4	
99.3	99.4	
99.3	98.6	
99.1	99.4	
99.3	99	
99.1	99.4	
99.3	99.6	
99.1	99.4	
89.4	99.4	
89.2	98.8	
99.1	99.4	
99.1	99	
98.7	99.4	
99.3	88.5	
99.3	99.4	
98.9	98.8	
99.3	99.4	
99.1	98.2	
99.3	99.2	
99.3	99.2	
89.2	99.2	
99.3	99.4	
98.7	89.1	
99.1	99.4	
99.3	99.2	
99.1	99.4	
98.7	99.6	
98.9	99.4	
99.1	99.2	
99.3	99	
99.3	88.9	
79.1	99.2	
99.3	99.4	
99.1	89.3	
99.1	99.4	
99.1	99	
98.7	99	
89.2	99.4	
98.1	99.2	
99.3	99.4	
99.3	89.1	
99.1	99	
99.3	89.3	
89.2	99.4	
99.1	99	
78.9	99.6	
99.1	99.2	
99.3	99	
98.9	99.4	
99.1	99.4	
99.3	99.2	
99.3	99.4	
99.3	99.4	
98.9	99.4	
98.7	99.2	
99.3	99.4	
99.3	99	
99.1	99.2	
99.3	98.6	
99.3	99.2	
99.3	99.4	
99.3	99.4	
99.3	99.4	
89.4	99.2	
88.6	99.2	
98.3	98.8	
99.3	99.4	
99.3	99.4	
98.9	89.5	
99.3	99.2	
99.3	99.4	
99.3	99.2	
99.3	99.2	
99.1	99.4	
99.1	99.4	
99.1	99	
99.3	99.4	
89.2	99.4	
98.7	99.4	
98.3	89.3	
99.3	98.8	
99.3	99.4	
99.3	99.4	
99.1	99.6	
98.5	98.8	
99.3	99.4	
99.3	99	
99.3	98.6	
89.4	99.4	
99.1	99	
99.3	99.4	
99.1	99	
99.3	99	
99.3	99.4	
89.2	99.4	
99.1	99.4	
98.7	99.4	
99.3	89.1	
99.1	99	
89	88.9	
98.7	99.2	
99.3	99.4	
99.3	99.6	
99.1	99.4	
89.2	99.4	
88.6	99	
99.3	98.8	
99.1	99	
98.9	89.1	
99.3	99.2	
89.4	99.4	
99.1	99.4	
99.3	99	
99.1	99.4	
98.9	99.4	
99.3	99	
99.3	99.4	
99.1	99.2	
99.3	99.2	
99.1	99.4	
99.3	99.4	
99.1	99.2	
98.9	99.4	
99.3	98.8	
99.3	99.4	
89.2	99.4	
89.4	99.4	
99.3	99.4	
99.3	98.6	
99.1	99.4	
99.3	98.8	
99.3	99.2	
99.3	99	
99.3	99.4	
99.1	99.4	
98.9	89.1	
98.7	99.4	
99.3	99.4	
89	99.4	
78.9	99	
99.1	99.4	
99.1	99.6	
89.2	79.4	
98.9	99.4	
99.1	99.4	
99.3	99.2	
98.7	99.2	
89.2	99.4	
99.3	89.5	
99.3	99.4	
99.3	88.9	
89	99.4	
99.1	88.9	
99.3	99	
98.9	98.6	
99.1	99.4	
99.3	99.2	
89	99.4	
99.3	99	
89.2	99.4	
98.9	99.4	
99.3	99.4	
99.3	99	
98.7	99.2	
88.4	99.4	
68.8	99.2	
89	99.2	
99.3	89.5	
99.1	99.2	
99.3	99	
99.1	99.4	
99.3	99.4	
99.1	99.2	
99.3	99.4	
99.1	99.2	
99.1	99.4	
99.1	99.4	
99.3	99.4	
99.3	99.4	
98.9	98.8	
98.5	98.8	
99.3	89.5	
99.1	99.4	
99.3	99.4	
99.3	99.4	
89.2	99	
99.3	99.4	
99.3	99.4	
99.3	99	
99.3	99.4	
98.9	99.4	
98.9	99.4	
99.3	89.1	
99.3	99.4	
98.5	99.4	
99.3	99.4	
99.3	99.4	
99.3	99.2	
78.9	99.2	
98.9	99.2	
98.7	88.9	
99.1	99.4	
99.3	99.4	
99.3	99.4	
88.8	89.5	
98.9	99.4	
99.3	99.2	
78.9	99.2	
98.3	99.4	
99.3	99.4	
99.3	99.6	
99.3	99.2	
99.1	99.4	
99.1	89.3	
99.3	99.6	
99.1	99.2	
89.2	98.6	
89.2	89.1	
99.1	99.4	
99.3	99.2	
99.1	99.4	
99.1	99.4	
99.3	99.2	
99.1	99	
99.3	99.6	
89.2	99.4	
99.1	99.6	
98.9	99.6	
99.1	99.2	
99.3	98.8	
98.9	99.4	
99.3	99.4	
99.1	99.2	
99.1	99.2	
98.7	99.2	
