-89.7	-62	
58.1	-1.8	
66.4	69.1	
78.1	89.3	
64.8	89.3	
99.1	28.9	
98.5	38.2	
98.5	86.3	
99.1	98.8	
57.3	78.2	
77.9	99	
87.6	58.2	
98.1	88.1	
98.9	98.4	
78.7	28.7	
98.9	99.2	
86.6	99.4	
99.1	99.2	
42	89.1	
98.7	89.7	
78.5	89.7	
99.1	99.6	
98.9	99.4	
74.5	99.6	
98.3	99.2	
87.6	29.5	
68.2	99.6	
78.5	99.4	
74.5	99.6	
78.5	89.5	
78.3	79.8	
78.5	88.9	
88	98.8	
88.4	99.2	
66.6	89.7	
88.2	99.6	
68.2	79.4	
67.2	79.2	
77.9	78.8	
67.2	89.5	
89	59	
83.4	79.6	
99.1	89.5	
89.2	89.3	
77.3	89.7	
96.3	59.4	
96.7	69.7	
88.2	99	
89	98.6	
77.3	99.6	
88	39	
45.6	99.6	
96.9	79.2	
99.1	99.2	
98.9	38.6	
98.5	99.4	
88.4	88.7	
98.9	-1.2	
77.9	28.7	
99.1	99.4	
67.8	49.1	
98.7	58.6	
88	99.6	
89.4	99.2	
88.2	88.5	
79.3	79.4	
98.7	89.5	
78.3	79.8	
76.1	99.6	
88.8	99.6	
68.6	69.7	
87.4	99.2	
69.2	89.5	
88.8	99.6	
98.3	89.5	
88.6	99.2	
89.2	38.6	
88.8	89.5	
78.5	79.6	
98.3	89.5	
77.9	59.4	
75.5	99.2	
98.5	89.5	
84.8	89.3	
76.9	89.1	
67	18.8	
76.9	89.1	
96.3	69.5	
88.4	79.4	
87.2	98.4	
96.5	18.8	
89.2	59.2	
88.6	99.4	
87.4	99.4	
97.9	39.4	
88.8	99.4	
99.1	57.2	
98.9	49.1	
88.8	79.2	
78.7	49.7	
88.6	99.6	
76.7	89.1	
87.8	89.5	
88.8	99.6	
67	89.5	
98.9	99.2	
98.7	99.4	
78.3	79.4	
98.3	99.4	
88.8	78.8	
88	89.7	
98.1	79.6	
97.9	79.2	
98.9	79.2	
98.7	99.4	
88.8	89.5	
98.7	89.3	
78.3	89.5	
98.5	99.4	
66.8	88.5	
89	99.2	
88.4	89.5	
78.1	99.4	
88.4	99.4	
98.9	99.4	
97.7	99.6	
87	89.5	
98.3	98.4	
79.3	99.6	
87.6	79.4	
99.1	38.2	
89	68.5	
69	49.3	
98.9	88.9	
98.1	99.6	
98.9	88.5	
98.5	69.1	
88.4	89.5	
99.1	69.1	
98.7	99.4	
98.7	-1	
25.8	88.9	
89	89.3	
78.5	39.2	
78.1	88.9	
68.2	87.9	
99.3	99.2	
98.9	88.3	
99.1	87.9	
89	89.5	
86.6	59	
98.7	99.6	
86.4	89.3	
67.2	99	
98.5	88.9	
67.8	88.9	
88	79.2	
98.7	89.1	
78.1	79.6	
88.8	68.1	
89.4	98.8	
98.7	89.3	
55.9	69.1	
89	99.4	
98.5	89.7	
99.3	69.5	
88.6	89.7	
99.1	89.5	
89.2	79.6	
88.2	89.7	
78.3	59.4	
99.1	59	
77.9	99.2	
58.5	39	
99.1	99.6	
88.6	79.4	
98.9	89.7	
98.5	99.4	
98.1	99.6	
89	59.2	
99.1	99.4	
98.5	99.6	
88.6	99.6	
89	89.5	
89.2	78.2	
98.1	99.6	
98.3	69.7	
98.5	38.6	
99.1	19	
67.4	99.6	
88.8	78.8	
99.1	99	
88.6	88.9	
68.2	89.1	
78.7	99.6	
98.9	99.4	
97.9	99.6	
57.1	99.4	
58.1	99	
88.6	99	
99.1	99.6	
98.9	88.9	
99.1	99.4	
78.9	89.3	
67.4	69.7	
78.1	88.9	
98.3	99	
97.7	-142.4	
96.7	99.6	
79.1	98.6	
78.7	99.6	
97.9	59.6	
88.4	99.4	
55.1	48.7	
28	79.8	
66.6	89.1	
66	99.6	
36.7	87.3	
53.3	78.4	
56.5	99.4	
97.9	69.3	
67.2	78.8	
98.3	89.1	
99.1	89.3	
87.6	99.6	
99.3	99.6	
98.3	99.2	
78.1	97.8	
98.7	99	
88.8	99.4	
99.3	99.4	
66.8	48.7	
16.3	99.6	
89	99.6	
46.2	99.4	
97.9	99.2	
76.9	99.6	
97.7	99.4	
86.6	89.7	
77.3	99.4	
88	79.2	
76.5	99	
98.5	88.9	
96.5	99.6	
86.8	68.5	
89	99.4	
97.5	99.4	
98.9	89.5	
98.9	89.3	
88.6	99.6	
88.8	48.7	
75.1	98.6	
99.3	59.4	
98.3	98.6	
79.3	89.5	
98.7	89.5	
99.1	89.5	
98.7	69.5	
98.3	67.5	
98.5	-4.8	
98.5	88.7	
98.3	99.4	
88.4	39.4	
99.1	79.6	
98.5	79.2	
77.3	99.6	
77.3	87.9	
98.7	89.7	
99.3	79.6	
66.2	99.6	
98.5	89.5	
87.4	69.7	
67.8	99.4	
69	49.5	
89.4	98.8	
15.9	59.4	
52.7	59.2	
88.4	99.6	
89	69.3	
79.3	99.2	
98.3	49.1	
98.5	59.4	
99.1	99.6	
98.3	99.2	
88.4	48.7	
69.2	99.6	
76.1	58.8	
99.1	67.9	
78.1	89.7	
98.3	89.1	
98.3	99.4	
78.9	68.9	
98.5	89.5	
99.1	89.5	
68.4	89.1	
99.1	79.8	
78.9	89.5	
89.2	39.4	
88.8	69.7	
78.9	89.7	
89.2	89.5	
87.6	-11.1	
89	99.6	
89	48.9	
99.1	69.1	
88	99	
78.5	79.2	
99.1	99.6	
98.3	99.6	
79.1	69.7	
78.3	89.5	
99.1	99.2	
78.1	88.5	
98.9	89.3	
88.4	89.5	
98.9	99.6	
89.4	79.2	
79.1	99.6	
98.1	99.2	
99.1	79.2	
98.7	79.4	
88.6	79.4	
98.5	99.6	
56.9	68.9	
69.4	59.6	
99.3	98.6	
78.1	99	
98.9	88.9	
98.5	99.6	
66.8	98.8	
99.3	99.4	
78.9	89.1	
97.7	89.7	
48.2	89.7	
21.6	38.8	
78.5	79.2	
68.8	79.6	
98.5	89.3	
78.7	89.7	
98.1	99.4	
79.3	89.5	
98.7	99.4	
57.3	99.2	
68.4	99.6	
56.5	99.6	
98.5	89.1	
98.9	99.6	
14.7	99.6	
98.9	79.6	
97.7	89.5	
89	89.7	
68.4	88.9	
98.9	78.6	
87.8	99.6	
58.3	89.3	
88.6	48.3	
97.5	99.6	
98.5	99.4	
98.9	99.6	
88	89.3	
87	99.6	
98.9	99.6	
98.7	89.3	
78.5	38.2	
88.6	39.4	
68.8	39.4	
89.2	89.3	
88.2	88.7	
98.7	59.2	
87.4	59	
98.1	99.4	
77.7	88.7	
98.9	88.9	
99.3	99.6	
98.7	99.6	
88.8	99.6	
98.5	79.8	
77.7	99.4	
89.4	99.6	
78.3	99.4	
99.3	98.8	
77.3	99.4	
89	19.2	
88.8	99.4	
78.5	-0.6	
88.6	89.5	
98.7	59.4	
97.7	79.2	
98.7	89.5	
78.5	99.2	
98.9	89.3	
77.5	58	
98.9	99.4	
99.3	99.6	
87.2	89.5	
46.6	99.6	
98.9	89.7	
78.1	99.4	
99.1	89.1	
36.7	89.3	
88.8	39	
78.5	99.4	
97.1	98.8	
89.2	69.7	
88.6	99.2	
68.4	99.2	
88.4	89.3	
99.3	98.6	
89.2	99.4	
99.3	99.2	
76.9	99.6	
67.8	99.6	
99.1	59.8	
89	99.4	
87.4	79.4	
78.1	79.6	
98.9	69.5	
98.7	79.4	
88.6	99.6	
88.8	99.4	
86.4	88.5	
28.2	88.9	
98.5	79.2	
99.1	99.6	
98.7	99	
98.7	-20.6	
99.1	79.6	
88.6	89.3	
99.1	79.6	
99.1	89.1	
88.4	89.3	
99.1	88.9	
57.7	89.5	
99.3	89.5	
88.8	98.8	
88.4	99.4	
98.1	99.6	
99.1	79.4	
98.3	89.5	
88.6	99.4	
78.7	98.8	
89.4	99.4	
88.2	79.8	
78.1	99.4	
78.1	99.2	
78.5	79	
98.9	79.6	
78.7	99.6	
78.5	98.6	
89.4	69.5	
57.7	58.8	
78.9	89.5	
98.9	69.5	
99.1	98.8	
99.1	99.4	
89.2	99.4	
99.1	48.9	
99.1	69.3	
88.8	78	
78.5	99.4	
89.2	89.3	
38.7	79.2	
78.9	8.1	
98.7	79.4	
98.9	99.6	
99.3	99.4	
88.4	99.4	
99.1	99.2	
89.2	99.6	
88.8	18.8	
99.1	99.6	
78.5	89.5	
99.1	99.2	
68.4	99.6	
57.9	79	
47	99.6	
98.9	99.6	
98.9	99.6	
88.4	99.2	
98.9	59.4	
97.1	99.6	
88.4	98.8	
86	29.5	
89.2	59.6	
89	69.1	
99.1	99.4	
99.3	99.4	
68.8	99	
88.4	99.6	
98.7	99.6	
98.7	99.2	
98.5	99	
78.1	99.2	
89.2	88.9	
88.2	79.2	
78.5	89.5	
76.5	99.4	
78.9	39.2	
77.3	69.3	
76.9	79.2	
