57.5	-1.6	
2.2	-102.6	
96.9	19.4	
78.9	49.5	
88.6	-51.7	
99.3	-2	
2.6	19	
88.6	8.1	
97.7	-1.2	
68.2	-52.1	
79.3	89.3	
88.6	39.2	
77.5	18.2	
85.2	59	
76.1	-113.5	
98.5	-84.4	
98.7	77.6	
88.2	-22	
99.1	89.5	
75.3	29.1	
88.4	17.4	
98.5	59.4	
88.4	49.3	
89.2	59.4	
67.6	79.6	
68	47.7	
96.3	87.5	
77.7	25.3	
77.3	78.6	
89.2	48.9	
88.8	58.4	
50.5	28.5	
87	77	
57.5	17	
87	87.9	
87.8	98.6	
55.9	-42.8	
98.3	36.2	
94.7	37.6	
98.5	27.1	
88.2	27.9	
61.8	32.8	
66	45.5	
76.7	15.4	
88.8	57.8	
68.4	69.5	
87.4	38	
96.3	7.9	
76.9	79	
98.7	84.9	
96.9	67.5	
97.1	88.3	
45.6	56.2	
57.5	46.5	
99.3	89.3	
88.8	76	
74.9	88.5	
88.6	37.4	
87.4	88.3	
75.1	-122.2	
88.4	87.3	
98.3	18.8	
86.4	77.8	
88.2	47.7	
76.5	69.3	
97.9	46.7	
68.4	57.4	
86.6	59.2	
87.6	66.3	
88.4	66.7	
96.9	95.4	
97.7	68.3	
77.7	88.7	
87.6	31.2	
78.1	69.3	
88.4	68.3	
58.3	78.2	
87.6	89.1	
78.1	86.7	
78.3	68.7	
89.2	69.7	
89	79.2	
88.6	45.5	
75.1	68.7	
89.2	28.7	
87.4	72.8	
97.7	99.6	
98.5	68.9	
88.4	89.3	
88.6	69.3	
84.8	68.7	
87.8	77.2	
88.2	59.6	
98.3	97	
98.5	99	
55.1	88.7	
77.5	98.4	
98.9	46.7	
67.4	69.3	
89.4	49.5	
87.6	79	
87.2	87.5	
97.5	78.4	
97.5	99	
84.6	99.2	
78.3	88.7	
98.1	68.5	
66.4	69.3	
75.9	79.2	
78.7	88.3	
88	99	
96.1	69.1	
79.1	98.2	
98.3	39.2	
97.5	59.2	
98.1	79.4	
77.1	89.5	
99.1	88.7	
77.1	99.6	
97.9	89.3	
86.6	99.4	
57.7	89.3	
95.7	79	
85.6	88.9	
98.7	98.4	
66	78	
85.6	88.5	
57.9	99	
98.3	89.1	
74.5	79	
88.2	99.2	
47.8	87.9	
67.2	69.3	
87.4	89.1	
98.3	98.6	
97.7	38.6	
98.1	98.8	
88.6	98.4	
88	89.7	
97.9	99.6	
88	76.4	
98.9	99.6	
98.7	99.4	
78.9	89.1	
78.7	99.4	
75.5	89.5	
78.1	99.4	
98.3	89.3	
89.2	99.4	
88.2	99	
47.8	59.4	
98.5	99.6	
99.3	68.1	
84.8	78.8	
98.9	79.4	
99.1	99.6	
87.8	79.2	
77.1	99.2	
88.8	89.1	
96.1	89.1	
98.3	39.6	
97.1	99.6	
37.7	79.6	
78.5	69.1	
86	88.5	
78.9	49.7	
97.7	79.4	
98.5	89.1	
88.8	88.3	
99.1	69.5	
22.6	69.5	
88.8	99.6	
85.8	79.2	
87	89.1	
77.5	89.7	
98.3	99.6	
98.9	99.6	
98.9	88.9	
87	99.4	
98.9	89.5	
97.9	88.9	
87.8	59.6	
98.3	88.9	
88.4	99.2	
98.7	88.9	
78.1	99.4	
98.9	79	
88.8	99.2	
88.6	59.2	
66.6	99.6	
99.1	88.3	
97.5	59.6	
99.1	99.6	
68	88.9	
77.1	99.2	
47.6	89.5	
98.5	89.1	
98.9	99.6	
87.4	39	
88.6	89.5	
99.1	89.5	
86.8	79	
98.7	78.8	
76.7	89.1	
97.9	99.6	
89.4	59.2	
84	89.3	
99.1	49.3	
77.7	99.6	
98.5	99.6	
87.6	89.1	
98.9	99.4	
88.4	99.6	
56.9	59.6	
98.9	89.3	
67.4	69.7	
78.3	78.6	
67.6	88.5	
97.9	58.8	
76.9	89.5	
99.1	38.6	
88.8	89.5	
98.1	88.7	
78.5	99.2	
98.5	69.1	
89	99	
98.9	88.9	
99.1	89.1	
67.8	99	
75.7	89.5	
88.4	59.8	
37.7	99.4	
98.9	99.6	
89.2	79.6	
78.5	99.2	
98.5	99.6	
78.7	79.8	
98.7	99.4	
48	56.8	
99.1	79.4	
97.5	79.2	
87.8	89.5	
97.5	88.9	
58.3	99.2	
89.4	99.6	
89	69.3	
88.6	99.4	
66.4	8.9	
98.9	-41.2	
78.9	98.2	
69	79.8	
87.8	89.3	
37.7	99.2	
78.7	99.4	
77.7	89.3	
88.8	89.3	
98.9	68.5	
89.2	69.1	
98.7	99	
78.5	89.1	
98.9	89.3	
99.3	-60.8	
89.2	58.8	
88.4	99.2	
67.6	99.4	
76.5	-111.7	
89.2	59.4	
97.9	89.5	
98.7	59.4	
98.7	89.5	
98.5	48.7	
98.9	99.6	
87.4	58.6	
98.3	69.3	
76.7	99.6	
78.7	89.7	
77.1	99.6	
77.1	69.1	
88	79.6	
97.5	99.6	
99.1	89.5	
98.9	89.7	
78.1	99.6	
99.1	68.9	
99.1	79.6	
99.1	99.6	
58.7	89.5	
65.6	99.4	
77.5	29.5	
67.8	88.9	
99.3	99.4	
77.7	99.2	
89.2	99.6	
88.6	89.7	
98.9	99.6	
86.4	88.5	
78.5	67.9	
68	99.2	
78.5	99.4	
77.9	99.2	
98.9	99.2	
68.8	99.2	
98.9	99.6	
98.3	79.2	
87.2	79	
98.3	99.4	
98.9	79.4	
86.2	89.7	
68.8	89.3	
87	89.3	
88	89.3	
89.2	98.4	
76.1	79.2	
97.5	99.2	
98.3	99.2	
87.8	79.6	
99.1	69.3	
88.2	88.9	
87.2	99.6	
98.7	89.7	
85.6	89.5	
78.9	89.5	
99.3	28.5	
86.6	99.6	
79.1	99.4	
88.6	99	
97.9	99.4	
88.8	89.5	
88.4	99.4	
98.7	79.4	
88.2	78.6	
99.1	79.4	
77.9	68.9	
89	99.4	
97.7	99.6	
78.5	89.5	
89.4	69.5	
87.4	99.4	
89.4	89.3	
94.5	99.6	
87.2	99.6	
77.9	79.4	
88.8	99.2	
98.9	99.2	
98.5	59.6	
99.1	99.4	
77.9	89.3	
98.5	79.4	
66.8	29.1	
98.7	89.5	
98.5	79.6	
97.7	88.9	
88.2	99.2	
97.9	98.8	
88	79.6	
78.5	89.7	
99.1	78.6	
99.3	99	
99.3	99.2	
97.1	89.1	
78.9	99.6	
47	99.2	
87.6	58.8	
98.9	-21.6	
88.6	89.7	
99.3	99.6	
98.9	89.7	
78.5	89.1	
57.3	89.5	
98.9	99.6	
97.9	88.5	
88.2	89.5	
89	78.8	
87	89.1	
98.3	99.6	
96.5	17.6	
88.2	79	
98.1	69.7	
88.4	99.6	
76.3	99.6	
99.3	89.7	
77.3	98	
47.8	-52.5	
98.5	49.1	
99.3	89.7	
88.4	69.5	
87.8	99.6	
98.3	99.2	
98.3	79.4	
97.7	99.2	
87.8	78.4	
88.6	99.2	
67	69.7	
79.1	99.2	
88.6	89.5	
77.7	99.2	
87.8	99.4	
99.1	88.7	
98.1	99.6	
66.2	89.5	
88.4	78	
99.1	99.4	
99.1	89.1	
98.3	99.6	
78.5	89.3	
58.1	99.2	
98.5	99.6	
99.1	89.5	
89	99.6	
78.1	99.6	
88.6	89.1	
77.7	89.3	
98.3	99.6	
37.7	79.6	
98.7	49.3	
98.7	79	
98.9	78.8	
98.7	99.2	
58.9	89.7	
88.4	48.9	
88.8	99.4	
56.5	99.2	
86.2	99	
58.9	69.3	
78.7	89.3	
88.6	98.6	
88.2	99.6	
99.1	88.9	
99.3	69.5	
89	99.4	
98.7	79.6	
78.3	29.5	
89.4	99.6	
98.9	78.8	
98.5	79	
78.7	99.6	
98.9	89.3	
98.9	79.6	
87.2	89.5	
88.6	68.7	
68.6	48.7	
58.9	99.4	
99.1	79.4	
99.1	99.4	
98.1	99.4	
99.1	59.4	
98.9	79.4	
98.7	99.6	
88.8	79	
88.6	99.6	
88.4	89.5	
98.7	99.6	
89.4	79.4	
99.1	99.6	
78.7	99.6	
87.8	88.7	
78.5	99.6	
89.2	99.2	
98.1	59.4	
88	89.3	
88.6	99.6	
88	99.4	
78.9	99.2	
98.3	99.6	
98.5	99.6	
97.5	99.6	
87.6	99.6	
98.5	99.6	
77.5	99.6	
78.7	89.5	
98.5	99.4	
68.4	89.5	
88.8	98.8	
98.7	88.5	
78.5	79.8	
99.1	58.2	
99.1	88.9	
98.1	99.4	
97.1	99.4	
89	89.5	
88.2	69.5	
87.2	68.7	
99.3	79	
87.2	89.7	
88	48.1	
98.9	99.6	
79.1	99.6	
87.4	99.4	
79.5	99.4	
88.8	48.3	
88.6	99.6	
87.8	89.3	
89.4	38.8	
88.8	99.6	
99.3	89.5	
98.9	99.2	
89.2	59.4	
58.5	99.2	
88.6	89.5	
47.4	88.9	
