-11.7	-604.2	
97.7	-72	
88.8	-23.8	
99.1	88.5	
97.5	78.2	
95.3	57.4	
99.3	67.1	
99.1	89.7	
98.5	78	
87	99.2	
99.3	88.9	
99.3	88.3	
98.9	72.8	
88	99.2	
98.9	89.3	
98.9	89.3	
98.9	99.6	
99.3	99.6	
57.9	99.6	
88.2	99.6	
99.1	89.5	
99.1	99.6	
99.1	99.6	
99.3	99.6	
99.3	69.5	
98.9	99.4	
99.1	99.4	
98.7	89.5	
99.3	99.6	
78.7	99.6	
88.8	99.6	
98.9	89.5	
99.1	79.6	
88.6	99.6	
99.1	99.6	
98.1	89.3	
87.4	99.6	
57	99.6	
97.7	99.6	
99.1	99.4	
98.7	99.6	
89	79.6	
99.3	88.5	
99.1	88.9	
99.3	99.4	
98.7	99.6	
98.9	99.4	
99.1	99.4	
99.3	89.5	
98.5	89.5	
97.7	99.6	
99.3	99.6	
99.3	99.4	
99.1	99.6	
99.1	99.6	
98.9	99.4	
88.4	99.6	
95.3	99.2	
99.1	99.4	
99.3	99.6	
98.9	79.4	
99.1	99.6	
89.4	89.3	
97.5	99.6	
85.6	69.3	
72.9	99.6	
89.4	99.6	
95.5	99.6	
97.7	99.4	
99.1	99	
99.3	99.4	
98.9	68.9	
99.3	99.6	
99.3	99.6	
98.9	99.6	
98.9	99.6	
99.3	99.4	
98.7	99.6	
98.5	68.9	
98.7	99.6	
98.7	99.6	
99.3	99.2	
99.3	89.3	
98.7	99.4	
99.3	89.1	
99.1	79.2	
89.2	99.6	
98.5	99.6	
98.7	99.4	
98.7	99.6	
99.3	99.2	
99.3	89.5	
89	99.4	
89.2	89.5	
99.3	99.4	
99.3	99.2	
98.7	89.5	
98.7	98.8	
88.6	99.6	
99.3	99.6	
99.3	99.6	
99.1	89.5	
89.4	77.8	
99.3	99.4	
99.1	99.6	
88.6	79.4	
88.4	99.6	
98.9	99.6	
89.2	99.2	
96.1	99.6	
99.1	99.6	
98.9	99.6	
98.7	99.4	
99.3	99	
88.8	79.2	
96.5	99.4	
98.7	99.4	
99.3	99.6	
99.3	99.6	
78.3	99.4	
87.6	99.2	
98.1	89.7	
75.7	99	
98.7	99.2	
77.9	99.4	
99.1	99.4	
99.3	99.6	
88.4	99.4	
88.4	89.5	
89	99.2	
99.3	99.4	
99.3	99.4	
98.9	99.6	
99.3	99.4	
89.2	89.1	
89	99	
98.9	99.6	
99.1	89.5	
98.9	99.6	
89	88.7	
89.4	99.6	
99.1	99.4	
88.8	89.5	
99.1	99.6	
99.3	99.6	
99.1	88.7	
98.7	99.4	
98.5	99.6	
99.1	99.4	
98.7	99	
88.6	99.6	
98.3	99.4	
99.3	99.6	
98.7	99.4	
98.5	99.6	
88.8	89.3	
88.8	98.8	
99.1	99.4	
98.9	99.4	
99.1	99.6	
99.3	99.4	
98.9	99.4	
99.1	99.6	
99.1	99.6	
98.9	99.4	
99.3	69.1	
88.6	99.6	
89.2	99.2	
89.2	99.6	
89.2	99.6	
89.2	79	
88.4	99.6	
78.7	99.4	
98.7	59.6	
99.1	99.6	
87.8	99.6	
98.7	99.6	
99.1	89.3	
99.3	99.6	
99.1	99	
99.3	99.6	
98.9	99.6	
99.3	98.8	
98.9	78.4	
98.9	98.6	
78.7	99.6	
89.4	89.5	
89.2	99.6	
98.9	99.6	
89.2	89.3	
78.9	99.6	
98.3	89.3	
99.3	99.4	
96.9	99.6	
99.1	99.6	
86	99.6	
99.3	99.6	
97.1	79.4	
97.9	99.4	
89.2	99.4	
66.4	99.6	
89.4	99.4	
98.9	-11.3	
98.5	99.6	
98.7	99.6	
99.3	49.3	
99.3	99.6	
98.9	99.6	
98.7	99.6	
78.9	99.6	
99.3	99.6	
88.8	99.6	
98.7	99.4	
89.2	99.2	
88.8	99.4	
99.1	89.5	
99.1	98.8	
98.9	99.6	
98.7	99.6	
99.1	99.6	
89.2	99.2	
99.1	99.4	
98.9	99.4	
78.9	99.4	
99.1	99.2	
98.7	99.6	
99.3	99.6	
99.1	99.6	
89.2	99.6	
88.8	99.6	
98.7	99.6	
99.1	99.2	
99.3	89.7	
99.3	99.6	
99.1	89.5	
99.1	99.6	
99.3	89.7	
99.3	99.6	
89	99.6	
89.4	99.6	
99.3	99.6	
98.9	89.3	
89.2	89.7	
99.1	99	
99.1	99.4	
99.1	99.6	
99.3	99.6	
99.1	89.7	
98.9	99.6	
98.7	99.6	
98.3	99.6	
98.9	79.4	
99.3	99.6	
88.4	99.6	
88.2	99.6	
56.3	99.6	
99.3	69.7	
99.3	79.2	
98.9	99	
98.5	99.4	
89	79.6	
98.9	99.6	
98.9	89.5	
99.1	89.5	
98.5	79	
98.9	99.4	
98.7	79	
99.3	99.6	
99.3	99.6	
89.4	98.6	
89	99.6	
99.1	89.5	
88.4	89.5	
88.8	99.6	
99.1	69.5	
98.7	99.6	
88.4	99.6	
89.4	99.6	
99.1	99.6	
88.8	88.3	
99.1	89.5	
99.1	99.6	
98.7	99.6	
89.2	99.4	
99.1	99.6	
99.3	99.6	
79.1	99.6	
99.3	89.7	
99.3	99.6	
99.1	99.6	
99.3	99.4	
99.3	99.6	
99.3	89.5	
99.1	99.6	
89.2	99.6	
99.3	99.2	
99.1	99	
88.8	99.6	
99.3	99.6	
99.3	89.5	
79.1	99.6	
98.9	99.6	
99.1	99.4	
99.3	99.6	
99.1	89.5	
99.3	99.6	
98.5	89.5	
99.1	99.2	
99.1	89.1	
98.9	99.6	
99.3	99.4	
97.7	99.6	
99.1	99.6	
98.3	99.4	
99.3	89.3	
87.6	99.6	
98.5	99.4	
98.3	69.5	
89.4	99.6	
98.7	99.2	
89.4	98.8	
99.1	99.6	
87.4	99.6	
98.7	99.6	
88.2	89.5	
89	99.2	
98.5	99.6	
97.9	99.4	
99.3	99.6	
99.3	89.5	
98.5	99.6	
99.3	99.4	
98.5	99.6	
98.9	89.5	
99.1	99.6	
79.3	99.2	
99.3	99.4	
89	99.6	
99.1	89.3	
99.3	99	
99.1	89.7	
98.9	99.6	
99.1	99.6	
98.9	99.6	
98.9	89.5	
99.3	99.4	
98.7	99.6	
69	89.7	
99.1	89.5	
99.1	89.5	
98.9	99.4	
78.3	99.6	
98.9	99.6	
98.7	99.6	
99.3	99.4	
98.5	99.4	
88.6	99.6	
97.3	99.6	
98.9	99.4	
78.5	99.6	
97.7	99.6	
98.9	99.6	
88.6	89.5	
86.8	99.6	
98.7	99.6	
98.9	99.6	
99.1	99.6	
78.5	99.6	
98.9	99.6	
99.3	99.6	
98.5	99.2	
99.3	99.6	
99.1	99.6	
99.3	89.3	
79.3	79.4	
99.3	99.6	
98.7	99.6	
99.3	99.2	
99.1	99.6	
99.1	99.6	
99.3	99.6	
98.9	99.6	
98.5	89.3	
78.1	99.4	
89	99.4	
98.9	99.6	
99.3	99.6	
99.3	89.5	
99.3	99.6	
99.3	99.6	
98.9	99.6	
99.1	99	
98.7	99.2	
98.9	99.6	
99.3	99.6	
99.3	99.6	
99.1	99.6	
99.1	89.3	
99.3	99.6	
99.1	99.6	
89	99.6	
43.4	79.4	
99.3	89.5	
99.1	88.9	
99.3	79.6	
98.5	89.7	
98.5	79.6	
98.9	79.2	
99.1	79.6	
99.3	89.7	
99.3	69.5	
98.9	79.6	
98.9	89.1	
99.3	89.5	
99.1	89.3	
99.3	89.7	
98.5	79.6	
89.2	89.3	
99.3	89.7	
99.3	79.2	
99.1	78	
89.2	99.6	
89.2	99.4	
99.3	99.6	
98.1	99.6	
98.9	99.6	
98.9	99.6	
99.3	89.1	
99.3	99.6	
98.9	99.6	
99.1	99.4	
98.1	99.6	
89	99.2	
98.7	99	
98.5	89.3	
99.3	99.6	
99.1	99.6	
99.3	99.4	
99.1	89.7	
99.3	99.6	
99.3	99.6	
99.3	99.6	
99.3	99.2	
99.3	99.6	
99.3	99.2	
89	99.4	
98.5	99.2	
99.1	79.4	
99.1	99.6	
78.9	99.2	
99.3	99.6	
98.9	99.6	
99.1	99.2	
99.1	99.4	
99.1	99.6	
99.3	99.4	
98.9	99.4	
99.1	99.4	
98.9	99.4	
66.8	99.4	
97.9	99.6	
98.9	99.6	
98.5	99.6	
88.6	99.6	
95.3	99.6	
89	99.4	
99.1	99.6	
88.4	99.4	
88.8	99.6	
97.3	99.6	
98.3	99.6	
88.8	99.6	
98.9	87.7	
88.8	99.6	
99.3	99.4	
99.3	89.3	
99.3	99.6	
98.9	99.6	
98.3	99.4	
89.2	99.6	
99.1	99.6	
99.3	99.6	
99.3	99.6	
88.8	99.6	
88	89.5	
98.9	99.6	
99.3	89.3	
98.5	99.2	
58.3	89.5	
98.5	99.4	
99.1	99.4	
99.1	99.6	
99.1	99.4	
99.1	99.4	
99.1	99.6	
99.3	99.4	
99.3	99.6	
98.9	99.4	
88.4	99.6	
99.3	99.6	
