-7.5	-164	
11.1	48.9	
40.4	78.6	
88	79.2	
88	78	
79.3	-3.2	
59.2	38.8	
-56.3	88.3	
-69.6	79.2	
85.6	45.3	
52.6	37.6	
19.4	68.9	
42	88.1	
69	17.2	
64.8	88.3	
65.8	89.1	
96.7	99.6	
86.4	99.6	
87.8	79.4	
97.3	69.1	
74.3	89.1	
98.1	59	
97.5	99.6	
81.6	79.2	
77.5	89.3	
77.3	89.1	
83	99.4	
77.5	89.5	
76.9	89.5	
82.8	89.5	
85.4	89.5	
98.3	89.7	
97.3	99.6	
89.2	69.1	
97.9	99.6	
95.7	99.6	
89.4	69.1	
74.9	99.6	
86.8	99.6	
57.9	89.1	
98.3	69.7	
88.2	99.6	
77.9	89.5	
89.4	69.7	
99.1	88.7	
57.7	79.6	
97.3	89.3	
98.7	99.6	
83.4	39.2	
77.1	99.4	
98.9	99.4	
95.9	99	
88	98.4	
88.8	99.6	
98.9	68.7	
88.2	38.8	
98.5	99.4	
88.4	99.4	
78.5	89.5	
65.8	88.7	
66.4	99	
98.9	-11.1	
99.1	89.7	
79.1	69.5	
98.5	89.7	
98.1	79	
78.7	88.7	
99.1	79.4	
98.9	89.5	
88.8	68.9	
98.9	89.5	
98.7	89.5	
88.6	89.3	
99.3	79	
99.1	99.4	
78.5	59.2	
98.1	99.6	
89	89.5	
57.5	89.7	
89.2	78.6	
68.8	89.5	
78.3	89.1	
97.5	79.6	
77.7	99.6	
89	89.5	
88.6	79	
98.9	99	
87.4	99	
98.7	99.2	
89	99.4	
98.9	99.6	
99.1	99.6	
99.1	88.7	
98.9	99.4	
89	89.7	
68.4	99.4	
78.9	88.1	
98.9	89.3	
98.7	89.5	
99.3	99.4	
98.7	68.5	
89	59.4	
98.7	99.2	
78.9	69.1	
89	29.1	
98.9	89.7	
88.4	89.7	
98.1	89.5	
68	99.6	
99.3	78.8	
98.9	79.8	
89	99.2	
77.7	79.4	
99.3	98.8	
99.1	79.2	
78.1	89.3	
88.2	99.6	
76.7	99.4	
88.4	89.5	
87.2	69.5	
89	99.6	
88.2	89.5	
98.5	79.4	
88	79.4	
96.1	99.4	
98.1	99.4	
78.9	99.4	
98.9	49.3	
78.3	99.6	
77.3	99.6	
98.9	99.4	
88.4	48.7	
67.4	98.8	
98.9	99.6	
87.8	39.4	
98.9	89.1	
66.8	99.6	
89.2	99.6	
79.1	99.6	
67.8	99.4	
98.3	99	
78.1	99.2	
98.9	79.4	
88	89.3	
98.5	99.4	
68	89.5	
99.1	69.1	
78.7	99.6	
89.2	89.5	
78.7	-11.9	
67.6	99	
57.1	99.6	
89	99.6	
88.8	79.8	
78.3	99	
99.3	89.3	
57.7	99.4	
56.5	89.1	
78.9	99.6	
88.2	99.6	
89.2	78.6	
89.4	69.5	
88.8	89.5	
98.1	99.4	
98.9	38.8	
88	68.5	
98.3	99.6	
88.4	89.3	
88.4	88.9	
88.8	49.3	
98.5	99.4	
99.1	88.9	
99.3	99.2	
67.2	99.4	
85.2	89.5	
98.7	39	
98.5	98.8	
99.1	79.6	
76.3	99.6	
98.5	99.2	
99.3	79.6	
78.9	99.2	
88.8	28.7	
88.6	99.6	
98.7	89.5	
68.4	89.7	
87.8	99	
89	89.7	
99.1	89.1	
88.8	29.7	
89.2	99.6	
78.7	99.4	
88.4	99.2	
98.9	58.6	
79.1	89.7	
89	99.4	
98.9	99.2	
89.2	89.3	
98.7	78.2	
77.7	79.6	
87	58.6	
98.9	79.2	
88.2	88.5	
78.1	99.6	
68.4	99.4	
97.7	79.8	
79.1	88.9	
67	79	
98.7	79.4	
98.9	99.4	
98.5	88.9	
66.8	68.3	
98.5	79.8	
88.2	89.3	
99.3	99.6	
46.4	89.3	
96.3	78.6	
87	99.6	
88.2	99.4	
88.8	89.5	
99.1	99.4	
99.3	98.8	
79.1	79.4	
98.7	99.6	
88.6	88.9	
88.6	78.6	
78.5	99.6	
88	78.4	
89.2	89.1	
99.3	99.6	
98.9	89.1	
78.1	89.5	
89.2	99.6	
99.1	99.6	
76.3	99.6	
67	78.6	
88.6	99.6	
69	99	
68.4	99.4	
89.2	78.8	
78.3	79.6	
99.3	99.4	
78.5	99.6	
88.8	79.6	
98.3	99.4	
88	98.8	
78.1	98.8	
77.9	88.9	
79.1	99.6	
98.5	79.6	
99.1	99.4	
88.8	99.6	
86.8	99.6	
78.7	88.1	
99.1	89.1	
89	99.4	
89.2	99.2	
89	99.2	
48.2	89.1	
77.5	89.3	
88.2	99.4	
76.3	99.6	
67.8	58.4	
78.9	39.4	
98.9	99.6	
88.2	89.3	
77.1	99.4	
98.7	89.5	
98.7	99.4	
99.1	99.6	
99.1	99.6	
89.2	99.6	
88.8	49.7	
77.5	99.6	
87.2	99.4	
99.1	89.7	
78.9	99.2	
67	89.1	
87	79.2	
48.2	69.1	
98.9	99.6	
98.9	99.4	
98.5	99.4	
89.2	68.9	
99.1	99.4	
88	89.5	
99.3	99.6	
89	89.7	
86	99.6	
57.1	79	
89.2	79.8	
99.1	88.1	
88.6	79.6	
89.2	99.2	
99.3	79.6	
98.9	89.5	
89.2	99.6	
88.6	89.7	
99.1	98.8	
78.5	99.4	
98.9	87.7	
88.2	78.4	
88	89.5	
79.1	79.4	
96.9	78.6	
76.7	99.4	
98.7	89.5	
79.1	99.6	
48.4	89.5	
87.8	89.7	
98.9	89.3	
88.8	99.6	
57.1	89.7	
85.4	99.6	
98.9	89.3	
88.6	89.7	
77.5	89.1	
78.5	99.6	
98.9	99.6	
88.2	98.4	
77.7	99.6	
87.8	99	
97.9	88.7	
88.4	79.4	
99.3	99.6	
88	99.6	
97.9	99.6	
79.1	99.4	
97.5	39.4	
88.4	99.2	
58.3	69.3	
89.2	89.1	
78.7	99.4	
98.5	88.7	
98.5	58.4	
89.4	79.2	
78.9	19.6	
57.1	48.7	
98.5	99.4	
88.2	99	
98.3	99.2	
-5.7	99.6	
11.5	99.6	
85.4	99.2	
88.2	99.2	
78.7	99.6	
96.9	99.6	
98.9	99.6	
79.1	99.6	
98.5	99.4	
97.3	89.3	
89.2	99.4	
77.7	99.6	
78.1	89.3	
88.8	88.5	
77.7	79.4	
79.3	99.4	
89	99.2	
98.7	99.4	
88.6	89.3	
48.6	99.4	
88.8	69.1	
88.2	8.5	
87.2	99.2	
89.4	99.4	
58.3	99.2	
88	99.6	
98.7	99.4	
98.9	79.2	
99.3	99	
89.4	69.1	
88.4	99.2	
87.8	48.7	
56.3	98.8	
98.5	88.7	
56.5	99.6	
87.8	98.4	
68.2	-22.2	
88.8	-0.4	
46.8	38	
76.9	99.4	
96.7	99.4	
67.8	69.3	
77.7	89.7	
56.9	99.6	
66.6	88.5	
66.4	69.5	
96.5	99.6	
89	99.6	
88.2	99.4	
98.9	99.6	
68.6	99.6	
88.8	88.9	
89	69.3	
98.7	77.8	
88.8	79.4	
88.6	89.3	
98.9	79.2	
99.1	68.9	
68.8	99.6	
99.1	89.3	
97.9	89.3	
98.5	68.9	
98.7	8.7	
68.4	89.3	
77.9	99.6	
98.9	98.8	
88.6	79.8	
88.8	79.2	
88.6	89.3	
98.5	99.6	
14.7	89.3	
98.7	39	
68	89.1	
67.8	99.2	
99.1	98.8	
68.4	89.5	
88.2	59.8	
98.5	79.2	
56.9	99.4	
88.4	68.9	
88.2	89.1	
73.9	89.5	
76.9	89.3	
88.8	99	
86.2	89.7	
67.8	89.5	
97.5	98.8	
87.2	59.2	
76.9	89.1	
67.4	78.8	
34.5	88.9	
87.8	99.6	
98.9	79.8	
77.9	99.6	
78.9	99.4	
98.9	59.4	
76.3	99.6	
89	89.5	
98.1	99.2	
74.9	89.5	
86.2	89.3	
98.3	99.6	
88.8	89.1	
99.3	99.6	
98.9	79.4	
89.2	99.6	
87.8	99	
98.9	99.4	
67.6	99.2	
77.1	89.7	
88.8	79	
98.5	89.7	
78.3	89.3	
88.2	58.8	
89	-31.3	
98.7	89.5	
88.8	79.2	
87.8	99.6	
99.1	99.4	
88.8	99.4	
96.5	99.6	
98.9	48.7	
78.7	99.6	
67.8	69.1	
98.7	89.5	
77.7	89.3	
88	9.1	
88	79.4	
88.8	88.7	
89.2	98.6	
99.1	99.6	
98.9	77.8	
88.4	99.4	
68.8	99.4	
99.1	99.4	
99.3	99.6	
88.4	99.6	
99.1	89.3	
89	99.6	
98.5	99.2	
98.9	69.5	
98.7	89.1	
98.3	79.2	
98.1	99.6	
79.5	99.6	
99.3	69.1	
98.5	99.4	
98.7	99.4	
78.1	77.2	
66.8	89.7	
98.3	89.3	
66.4	89.5	
57.5	99.2	
98.3	89.7	
88.8	88.7	
99.1	99.2	
89	99.6	
89.2	78.6	
99.1	89.1	
