68	-123.6	
45.8	8.7	
9.7	-32.5	
86.6	58.8	
87.8	59.2	
98.9	29.5	
87.8	79.6	
98.1	59.6	
98.5	59.4	
97.5	39.6	
55.5	69.3	
88.8	69.3	
99.3	89.3	
99.1	89.3	
88.4	59.4	
78.9	89.5	
87.8	48.9	
87.8	88.5	
66.4	97.6	
88.4	89.3	
87.4	68.7	
87.8	89.5	
99.1	98.4	
77.5	89.5	
99.1	98.8	
99.1	99.6	
98.5	99.6	
88.8	99.2	
99.3	99.6	
98.9	99.4	
98.5	99.6	
99.1	99.6	
86.8	69.3	
78.5	-1	
97.9	99.6	
88.2	99.4	
99.1	99.4	
98.3	99.6	
98.7	89.3	
87	99.4	
88.2	98.8	
98.7	99	
88.8	99.4	
98.3	99.6	
99.1	88.7	
99.1	99.6	
98.9	59.4	
98.5	79	
98.7	99.4	
89.4	99.4	
99.3	99.4	
78.3	99.6	
88.4	99.6	
87.6	99.6	
95.5	99.6	
98.1	78.8	
87.6	89.5	
78.7	99.6	
78.1	99.4	
98.7	98.4	
98.9	89.3	
88.4	99.4	
89	99.4	
99.3	89.1	
99.3	39.4	
98.9	99.6	
99.3	9.1	
69.2	99.4	
99.1	79.4	
98.9	59.4	
89.2	79.4	
68.4	99.2	
88.6	99.2	
88.6	99.4	
78.5	99.2	
98.5	89.3	
99.3	99	
99.1	99.6	
88.2	99.6	
89	99.6	
68.2	99.6	
97.7	99.4	
99.1	99.6	
78.7	99.2	
99.3	99.6	
99.3	99.6	
99.3	79	
97.9	99.6	
88.4	89.3	
98.9	99.6	
99.1	19.2	
99.3	99.2	
98.9	99.4	
79.1	89.3	
99.1	99.4	
98.3	99.2	
88.6	99.6	
98.9	99.6	
99.1	99.6	
98.9	99.6	
99.1	99.6	
99.1	99.6	
99.1	99.2	
99.1	99.6	
99.1	79.6	
89	99.6	
88.8	99.6	
98.9	99.4	
99.3	99.4	
88.8	99.6	
89.2	99.6	
88.4	99.6	
87.2	99.4	
88.2	99.4	
99.1	68.9	
78.9	99.4	
89.4	88.9	
99.3	99.4	
98.7	59.2	
99.3	99.6	
99.3	99.6	
89	99.6	
99.3	99.4	
99.1	99.2	
99.3	99.2	
99.1	79.2	
99.1	89.7	
98.9	99.4	
99.1	28.9	
89	99.6	
98.9	99.6	
98.7	79.4	
89.2	99.6	
98.1	99.4	
99.3	69.5	
89.2	89.5	
98.9	99.6	
98.9	79.4	
98.7	89.5	
98.9	99.6	
99.1	99.4	
78.9	99	
89.2	99.6	
89	69.5	
98.9	89.5	
89	89.3	
98.9	99.4	
99.1	99.6	
98.9	79.6	
99.3	88.7	
99.1	89.3	
88.6	99.4	
98.9	99.6	
86.6	89.5	
98.9	89.5	
78.9	89.5	
89.4	99.6	
68.2	99	
98.1	79	
99.1	89.7	
98.1	99.6	
98.1	99.4	
98.7	99.6	
99.3	89.3	
97.9	99	
99.1	99.6	
89.2	99.2	
98.9	89.3	
89	99.4	
99.3	99.4	
88.4	89.7	
89.2	69.7	
98.3	99.4	
99.1	99.6	
99.1	89.1	
87.4	99.4	
99.3	99.4	
99.1	89.5	
99.3	89.5	
98.9	99.2	
89.4	89.3	
89	99.6	
99.3	99.6	
98.7	69.3	
99.1	99.4	
99.1	99.6	
88.6	88.9	
88.2	99.6	
79.3	99.6	
98.3	89.5	
99.1	99.6	
98.7	99.4	
98.7	99.2	
99.1	99.2	
99.1	99.6	
88.6	99.6	
98.9	99.4	
99.1	89.5	
98.7	98.6	
88.8	79.4	
98.9	99.6	
98.1	99.4	
98.9	68.3	
99.3	99.6	
97.3	99.6	
98.7	99.6	
98.9	89.5	
89.2	99.6	
89	99.6	
78.5	89.3	
98.7	89.1	
88.2	69.1	
89	99.6	
98.3	99.4	
98.7	99.4	
89.2	89.7	
99.3	99.6	
88.6	89.5	
99.1	99.4	
98.7	99.4	
89.2	99.4	
99.3	79.2	
99.1	99.6	
97.9	99.4	
99.1	99.6	
89.4	99.2	
99.1	99.6	
98.7	99.2	
87.8	29.5	
88.4	99.6	
99.1	99.6	
98.7	89.1	
77.7	89.3	
98.9	99.4	
98.9	99.6	
99.3	99.4	
89.2	99.4	
89	99.6	
99.3	99.6	
98.7	99.4	
88.6	99.6	
89	89.7	
98.9	99.2	
98.5	99.6	
89.2	49.1	
99.3	99.6	
88.8	99.6	
98.7	69.3	
99.3	99.6	
89.4	99.6	
99.3	99.4	
77.9	99.6	
98.5	99.4	
99.3	99.6	
98.5	99.6	
89.2	99.4	
99.3	89.7	
99.1	99.6	
89.4	89.5	
99.1	99.6	
68.6	99.2	
99.3	79.4	
98.9	99.4	
99.3	99.6	
89.2	99.2	
89.2	99.2	
88.8	99.6	
89.2	99.6	
89	99.6	
99.1	99.6	
89.2	99.6	
88.8	99.2	
99.3	89.7	
99.1	99.6	
99.1	99.4	
99.1	99.6	
99.1	99	
99.3	99.6	
98.5	99.6	
99.3	99.6	
89	89.3	
88.4	89.5	
99.1	99.4	
99.3	99.6	
98.3	99.6	
77.9	88.9	
99.3	99.6	
98.7	99.6	
98.1	99.6	
98.9	99.6	
99.3	99.4	
99.3	99.6	
99.1	99.6	
98.9	99.6	
89.2	99.6	
89	79.4	
99.3	99.6	
98.9	99.6	
88.6	89.3	
98.5	99.6	
98.9	99.6	
99.3	89.5	
89.2	99.4	
98.5	89.5	
99.1	99.4	
99.1	99.4	
78.9	99.6	
98.9	99.6	
88.8	99.6	
98.5	99.6	
99.3	99	
99.1	99.6	
78.7	89.7	
89	89.3	
89.4	99.2	
99.1	99.4	
99.3	99.6	
79.3	99.6	
98.9	99.6	
89.4	99.6	
99.1	88.9	
99.3	89.7	
99.3	99.6	
88.6	99.4	
68	79.4	
99.1	99.6	
99.1	99.6	
89.4	99.6	
99.3	99.2	
99.3	99.4	
98.9	99.6	
89.2	99.4	
98.5	89.3	
88.6	99.6	
98.9	99.6	
99.3	99.6	
99.1	99.6	
99.1	99.4	
89.4	49.5	
99.3	99.4	
89	99.2	
88.8	79.6	
99.3	89.5	
88.8	99.4	
99.3	99.4	
99.3	99.6	
99.1	99.6	
98.9	99	
99.3	89.1	
99.3	79.2	
79.1	99.6	
78.9	99	
89.2	89.3	
98.9	99.6	
98.9	99.4	
99.3	99.6	
88.2	69.1	
98.7	99.4	
99.3	99.6	
68.4	99.6	
98.5	79	
89.2	89.5	
88.8	89.5	
99.1	99.4	
88.4	99.6	
98.7	99.6	
79.1	89.3	
89	99.4	
99.3	99.4	
99.1	99.6	
99.1	99.6	
99.3	88.7	
79.1	99.4	
98.9	99.6	
78.3	99.6	
98.3	99.4	
78.5	99.6	
98.9	99.6	
89.2	89.3	
99.3	99.6	
99.3	99.4	
89.4	99.6	
88.6	89.7	
98.9	89.1	
99.3	99.4	
88.4	99.4	
98.7	99.6	
89.2	88.7	
98.9	89.3	
88.6	99.4	
98.9	99.4	
99.1	99.6	
99.1	99.6	
88.8	89.5	
99.1	88.9	
98.9	99.6	
88.6	99.4	
98.7	99.4	
98.9	99.6	
88.6	99.6	
99.1	99.2	
88.8	79.2	
88.6	89.5	
98.9	99.6	
88.6	99.6	
99.1	89.3	
89.4	99.4	
99.1	99.6	
88.4	89.1	
89.4	89.5	
98.9	99	
89.2	99.6	
89	99.6	
88	99.6	
98.9	99.6	
99.1	89.3	
99.1	99.4	
98.5	99.6	
99.1	99.6	
98.9	99.4	
99.1	89.3	
99.3	99.6	
89	99.4	
99.3	99.4	
99.1	99.4	
89	99.4	
89.2	99.6	
99.3	99.6	
98.9	99.4	
99.1	99.6	
99.1	89.1	
98.9	89.3	
98.5	99.6	
99.3	79.4	
78.9	99.4	
99.3	99.6	
98.7	99.4	
99.3	99.6	
99.3	99.6	
99.3	99.6	
99.3	89.1	
99.1	99.2	
98.9	99.6	
78.1	98.8	
99.3	99.4	
99.1	89.5	
88.8	99.6	
98.9	99.2	
99.3	99.6	
99.1	99.4	
98.9	79.4	
99.3	99.6	
88.8	99.6	
99.3	99.6	
99.3	98.8	
99.3	99.6	
99.1	99.2	
89.2	99.6	
78.7	98.6	
99.1	99.6	
98.7	99.4	
88.8	99.6	
98.7	99.6	
99.3	99.2	
98.9	99.6	
99.1	89.1	
99.1	99.6	
99.3	99.6	
98.5	89.7	
99.3	99	
78.5	99.6	
88.6	89.7	
88.8	99.6	
88.8	99.6	
99.1	99.4	
88.6	99.4	
99.1	99.6	
98.7	99.4	
78.7	89.3	
78.7	99.4	
89	79.6	
78.7	89.3	
89	99.6	
98.9	99.4	
88.8	89.5	
99.3	99.6	
98.3	78.8	
99.1	89.3	
89.4	99.6	
89.4	99.4	
98.1	79.6	
98.1	99.6	
88.8	99.6	
99.1	99.6	
99.1	98.8	
98.7	99.6	
99.3	99.6	
99.3	99.6	
99.3	88.9	
99.3	88.3	
