56.5	79.4	
12.7	69.7	
87.8	78.4	
58.1	79.2	
87.8	89.3	
88.4	89.3	
88.4	79.2	
98.1	78.6	
98.5	79.6	
99.1	79.4	
98.7	98.6	
98.7	99.4	
88.6	27.9	
97.9	69.7	
99.3	99.4	
98.9	89.5	
99.3	99.2	
99.3	78.8	
98.9	99.2	
98.9	99.4	
98.9	78.8	
98.9	99.4	
98.7	99.6	
89.4	68.7	
78.3	79.4	
79.3	99.6	
88.4	99.6	
86.8	99	
98.1	99.4	
88.4	99.2	
99.1	38.8	
99.1	99.6	
99.1	89.3	
98.7	99.6	
98.5	98.8	
97.9	99.6	
89.2	99.6	
88.4	79.2	
99.1	99.6	
99.1	99.6	
89.4	99.2	
89	89.7	
97.1	89.7	
98.9	99.4	
78.7	89.5	
98.5	99.6	
98.7	99.6	
97.7	98.8	
88.6	99.4	
89	89.1	
99.1	88.9	
99.1	98.8	
99.1	98.2	
99.3	89.5	
98.3	99.6	
99.1	-10.5	
89.2	99.6	
89.4	99.4	
69.2	99.4	
88.6	99.2	
87	79.2	
99.1	98.2	
98.9	99.6	
98.1	99.6	
89	99.4	
98.7	99.4	
89.4	-1	
98.7	99.6	
99.3	99.4	
99.1	99.6	
98.9	79.4	
99.3	99.6	
98.9	68.3	
99.1	88.1	
99.3	99.6	
99.1	78.4	
89.4	99.6	
99.1	99.6	
99.3	89.5	
99.3	79.4	
98.9	79.6	
89.4	99	
98.7	99.6	
98.5	89.5	
89.2	99.6	
99.3	98.8	
89	39.4	
99.3	98.6	
98.9	99.6	
68.6	99.6	
98.7	99.6	
99.3	99.6	
79.3	99.6	
77.9	99.4	
98.5	79.6	
88.2	99.6	
99.3	89.5	
99.1	99.6	
99.1	99.6	
99.1	99.4	
99.3	89.5	
98.7	59.4	
99.1	89.3	
99.1	99.6	
98.5	99.6	
99.1	38.4	
99.1	99.6	
88.8	99.6	
88.8	99.6	
99.1	99.6	
89.4	89.3	
98.5	99.6	
88.8	99.6	
99.1	99.6	
98.9	99.4	
99.1	99.6	
98.3	79.4	
99.1	99.6	
99.3	99.6	
99.3	59.2	
99.3	99.4	
99.3	99.6	
99.3	99.6	
89.4	78.8	
99.3	99.2	
99.3	59.6	
89.4	99.2	
98.7	99.4	
99.3	99.6	
89	99.6	
99.1	99.6	
89	89.3	
88.4	99.4	
99.3	99.6	
88.4	99.4	
89.2	79.4	
88.4	99.6	
99.3	99.2	
98.7	99.6	
99.1	89.5	
98.9	99	
99.1	99.2	
99.3	99.6	
78.7	49.3	
99.3	99.6	
89.2	99.6	
89.2	58.2	
99.1	59	
99.1	99.4	
98.9	99.6	
89.4	99.4	
99.3	78.6	
89	99.4	
99.1	79.4	
99.3	98.6	
99.3	99.4	
78.7	99.6	
89.4	99.4	
98.9	99.6	
89.4	99.2	
89.2	99.6	
69	89.3	
89	98.8	
89.4	79.2	
89.4	99.6	
98.7	99.4	
99.3	99.2	
98.5	99.6	
99.1	69.5	
98.9	99.6	
89.2	99	
97.9	99.4	
99.3	99.6	
98.9	58.6	
99.3	99.4	
99.3	99.4	
98.9	99.6	
98.5	79.6	
99.3	88.7	
98.7	79.6	
89.2	89.5	
99.1	59.2	
99.3	99.6	
87.8	99.6	
98.7	99.6	
66.4	99.6	
98.5	99.6	
99.1	99.6	
99.3	98.8	
98.7	79.6	
98.7	99.6	
98.9	99.6	
88.6	99.6	
85	99	
97.5	99.6	
77.7	99.6	
88.2	99.4	
89	99.4	
98.9	99.4	
98.7	99.4	
99.3	99.4	
99.1	99.6	
98.9	99.2	
98.5	99.4	
98.9	89.5	
99.3	99.4	
98.9	69.1	
99.1	99.4	
89.2	89.5	
98.7	68.7	
99.3	59.2	
98.7	99.6	
99.3	79.2	
99.3	99.6	
99.1	99.6	
78.5	89.5	
58.3	99.4	
89.2	99.4	
56.1	99.6	
77.9	99.6	
99.3	99.2	
78.7	98.8	
88.6	99.6	
96.3	78	
99.1	99.4	
98.9	99.2	
89.2	99.6	
98.9	79	
99.3	99.4	
99.3	79.6	
99.1	99.4	
99.1	99.6	
88.8	99.4	
45.6	99.6	
57.5	99.2	
97.3	99.6	
98.1	99.2	
58.3	99.2	
89.4	99.6	
89	99.4	
89.2	99.6	
98.9	99.2	
88.6	89.3	
99.1	78.8	
99.3	58.4	
98.1	79	
68.6	79.2	
98.1	99.2	
89.2	69.1	
88.6	89.5	
98.9	99.6	
89.4	99.4	
98.7	99.4	
89.4	99.4	
89.2	99.4	
69.2	99.6	
89.2	89.7	
79.3	99.6	
88.6	99.6	
68.2	89.3	
99.1	89.3	
99.1	99	
98.7	99.4	
89.2	89.1	
78.3	19	
88.4	89.7	
98.7	89.7	
99.3	89.3	
89.2	99.6	
99.3	89.1	
98.9	99.6	
99.3	99.6	
99.1	99.6	
99.1	99.4	
88.8	89.7	
98.7	99.6	
98.9	98.8	
89	99.4	
99.3	99.6	
99.1	99.4	
98.9	99.6	
87.8	99.2	
98.9	99	
99.3	99.4	
89.2	99.4	
99.3	99.6	
88.2	99.2	
98.9	99.2	
99.3	99.4	
99.1	69.5	
99.3	59	
88.6	89.3	
99.3	99.6	
99.3	99.4	
89.2	89.5	
98.7	89.3	
88.4	99.2	
99.3	99.4	
99.1	99.6	
88.8	99.6	
68	99.4	
99.3	99.6	
98.7	99.2	
98.9	48.5	
86.8	99.6	
98.1	99.4	
79.1	79.6	
99.1	89.5	
99.1	99.6	
88	99.6	
99.3	99.4	
99.1	98.6	
98.9	76.6	
98.9	89.7	
98.5	98.8	
88.4	99.6	
99.3	99.6	
69	99.2	
99.3	89.5	
97.9	89.7	
78.7	99.2	
88.8	98.8	
88.6	78.8	
98.3	59.4	
89.2	68.9	
98.5	99.6	
99.3	79.2	
98.3	99.6	
68	99.6	
99.1	99.6	
98.5	99.2	
98.9	99.4	
98.9	89.7	
98.7	99.4	
89.2	89.7	
98.9	99.6	
89.4	99.4	
98.7	68.7	
78.7	99.6	
99.3	89.5	
99.1	98.8	
98.9	99.6	
99.3	99.6	
99.3	99.2	
98.9	89.5	
99.3	99.6	
98.7	99.6	
99.3	79.6	
99.1	99	
99.1	98.8	
98.9	99.6	
99.3	99	
88.8	99.4	
89.2	78.8	
99.1	99.6	
98.7	89.7	
99.3	99.6	
99.3	69.1	
88	68.9	
88.8	79	
99.1	89.7	
98.9	99.4	
78.7	99.6	
98.7	69.5	
98.5	99.6	
99.3	79.6	
99.3	89.3	
98.9	89.3	
88.6	68.5	
99.1	89.3	
98.9	89.1	
99.3	99.4	
99.3	89.7	
89	58.4	
89.2	78.4	
98.9	59.4	
89.2	99.4	
79.1	99.6	
88.8	99.4	
79.1	89.1	
89	89.7	
88.4	79.2	
88.6	78.8	
87.8	99	
98.9	79.2	
99.1	99.6	
99.3	99.6	
89.2	89.5	
98.7	99.6	
99.1	99.4	
99.1	99.6	
99.1	99.2	
99.3	99.6	
89.2	99.4	
99.1	99.6	
98.7	99.6	
88.8	99.6	
99.1	99.6	
89.2	99.6	
99.3	99.6	
78.7	99.6	
99.1	99.4	
89.4	99.6	
99.3	99.6	
89.2	99.6	
89	99	
99.3	99.4	
99.1	89.5	
99.3	99.6	
89.2	99.6	
88.6	89.5	
89	99.2	
98.9	99.6	
89.2	39	
99.3	99.6	
78.3	79.4	
99.1	99.4	
88.6	89.5	
99.1	89.5	
98.9	89.5	
77.5	99.4	
88.4	99.4	
99.3	79.2	
89.2	99.6	
99.1	99.6	
88.6	99	
77.3	89.5	
88.8	99	
97.9	99.6	
99.1	99.6	
99.3	99.6	
99.1	89.3	
98.5	89.5	
99.1	88.7	
98.5	88.9	
98.5	79	
98.9	78.4	
99.1	89.1	
68.8	69.3	
88	69.1	
88.4	89.5	
98.9	99.6	
98.5	99.4	
88.4	99.6	
99.3	99.2	
99.1	79.6	
99.1	89.1	
99.1	99.2	
89.4	99.6	
89	99.6	
79.1	88.7	
99.1	89.5	
98.9	99	
99.1	89.3	
88.6	99.4	
98.9	88.5	
89.4	78.4	
99.1	99.4	
99.3	99.6	
99.1	88.9	
89	77.4	
99.3	67.1	
99.1	99.6	
98.9	98.8	
99.1	99.6	
99.3	89.7	
99.3	99	
78.1	79.6	
98.9	99.6	
99.3	99.6	
98.9	89.3	
99.3	99.6	
98.1	99.4	
98.7	99.4	
89.2	89.1	
88	97.8	
89	79.4	
99.3	99.6	
99.3	99.6	
99.3	99.6	
98.9	89.5	
89	99.4	
98.7	99.6	
99.3	79.2	
88.8	99.6	
98.1	59.2	
88	99.6	
68	99.6	
98.1	99.4	
99.3	99.4	
98.9	99.6	
99.3	99.4	
78.9	89.5	
99.1	99.4	
99.3	99.6	
99.3	99.6	
88.8	99.6	
88.6	29.3	
98.9	69.1	
98.9	98.6	
