14.5	-505.2	
68.6	-133.1	
84.6	-4.9	
87.8	77.8	
77.3	-89.4	
88.2	74.8	
98.9	88.3	
99.1	33.5	
99.1	58.7	
99.1	78.6	
99.3	79.4	
99.3	99.4	
98.7	99.6	
99.3	99.6	
99.3	99.6	
99.3	89.5	
89	99.6	
99.1	99.6	
98.9	99.4	
99.3	99.4	
99.1	99.6	
99.3	89.7	
99.3	99.6	
99.3	99.6	
99.3	99.6	
98.9	99.6	
99.1	99.4	
89.2	99	
99.1	99.6	
88.6	99.6	
99.3	99.4	
99.1	99.6	
99.1	89.5	
88.8	89.5	
99.3	99.6	
99.1	99	
88.8	99.6	
99.3	99.6	
99.3	89.7	
99.1	99.4	
99.3	99.6	
97.9	99.6	
99.3	99.6	
99.3	99.4	
99.1	99.6	
89.2	99.6	
98.9	59.4	
99.1	99.6	
99.3	99.6	
89.2	89.7	
99.1	89.5	
98.9	99.4	
99.1	99.6	
99.1	99.4	
99.3	99	
88.8	99.6	
98.3	99.6	
99.3	99.2	
99.3	99.6	
99.1	99.4	
99.3	78.8	
99.3	89.5	
99.1	89.7	
99.3	89.7	
99.1	89.7	
99.3	79.6	
99.3	89.7	
99.3	89.7	
99.3	89.3	
98.7	89.7	
99.3	89.3	
99.3	99.6	
99.3	88.7	
99.3	89.7	
99.1	69.3	
99.1	59.6	
99.3	89.7	
99.3	89.7	
99.1	79.6	
99.3	78.8	
99.3	89.7	
98.7	89.7	
89	89.7	
89	89.7	
99.3	99.6	
99.3	98.8	
99.3	99.4	
99.3	99.6	
99.3	99.6	
99.1	99.2	
99.1	98.8	
99.3	99.6	
99.3	99.6	
98.7	99.6	
98.9	99.6	
99.1	99.6	
98.7	99.6	
99.3	99.6	
98.9	89.3	
78.7	99.4	
99.3	99.2	
89.2	99.6	
99.3	99.6	
46.2	99.6	
98.9	99.6	
99.3	99.4	
89.2	99.6	
88.8	99.6	
98.9	99.6	
99.3	99.6	
99.1	99.2	
99.1	79.2	
99.3	99.4	
89.2	99.6	
98.7	99.6	
99.3	99.6	
99.3	99.4	
99.1	99.6	
99.1	99.6	
98.7	99.6	
99.1	99.6	
99.1	99.6	
99.1	99.4	
98.9	99.4	
98.9	78.8	
79.1	99.6	
98.5	99.4	
99.1	99.6	
99.1	99.2	
98.3	99.6	
99.1	99.6	
99.3	99.4	
98.7	99.6	
98.9	99.6	
99.3	89.3	
98.3	99.6	
99.1	99.6	
98.9	99.6	
99.3	99.2	
98.9	99.2	
98.7	99.6	
98.5	89.5	
99.3	99.6	
98.9	99.6	
98.5	99.4	
99.1	99.6	
99.3	99.6	
98.3	79	
99.1	99.6	
99.1	99	
99.1	99.6	
99.3	99.4	
99.3	99.6	
88.6	99.6	
99.3	99.6	
99.1	99.2	
99.1	99.4	
99.1	99.6	
98.9	99.2	
98.9	99.2	
99.1	99.6	
98.9	99.6	
99.3	99	
99.1	99.6	
98.9	99.6	
99.3	79.4	
99.1	99.6	
98.5	99.6	
99.3	99.4	
99.3	99.6	
99.3	99.6	
99.1	99.6	
99.3	99.6	
99.3	99.4	
99.1	99.2	
99.3	99	
99.3	99.6	
99.1	99.6	
99.1	99.6	
78.5	99.4	
99.1	99.6	
99.3	99.4	
99.3	99.6	
99.1	99.6	
98.9	99.6	
99.1	99.4	
99.3	99	
99.3	99.6	
99.3	89.1	
99.3	99.2	
98.9	67.7	
99.1	99.4	
98.9	99.6	
98.5	99.6	
99.3	99.6	
99.3	99.6	
99.1	89.7	
89.4	99.6	
98.7	99.6	
98.9	99.2	
76.7	99.6	
99.3	99.4	
99.1	99.6	
98.5	99	
99.3	89.7	
99.3	99.6	
98.9	99.4	
68.4	99.6	
98.5	99.6	
89.2	99.6	
99.3	99.4	
98.9	99.6	
98.9	89.7	
99.1	99.6	
98.7	99.6	
99.3	99.4	
88.8	99.4	
98.1	99.6	
98.9	99.6	
99.3	99.6	
99.1	99.6	
89.2	99	
99.3	99.6	
98.9	99.6	
98.7	99.4	
99.3	99.6	
99.1	99.2	
98.9	99.4	
98.5	99.6	
99.3	99	
99.3	99.6	
98.9	99.2	
99.3	99.6	
99.3	99.4	
99.3	99.4	
89.2	99.6	
98.9	99.4	
98.7	99.6	
98.3	99.6	
99.3	99.6	
99.1	99.6	
98.7	99.6	
99.3	99.4	
99.3	99.4	
99.3	99.4	
99.3	99.4	
99.3	99.6	
98.9	99.4	
99.3	89.7	
98.9	89.5	
99.1	99.2	
99.3	99.6	
99.1	99.6	
98.9	89.3	
99.1	99.4	
99.3	88.9	
99.1	99.2	
98.9	99.6	
99.3	99.4	
99.3	99.4	
99.1	99.6	
98.7	99	
79.1	89.5	
89.2	99.6	
99.3	99.6	
99.3	89.5	
98.7	99	
99.3	89.3	
99.3	99.6	
99.1	99.6	
89.2	99.6	
99.3	99.2	
99.3	99.4	
99.3	99.4	
99.3	99.6	
98.7	99.6	
98.9	99.6	
99.3	89.5	
89.2	89.7	
99.3	98.8	
99.3	99.6	
99.3	89.7	
99.1	99.6	
98.9	98.6	
99.3	99.6	
99.3	99.6	
98.7	99.4	
99.3	99.6	
98.9	99.2	
99.1	99.6	
99.3	79.6	
88.8	99.6	
99.3	99.4	
99.3	99.6	
99.1	99.6	
99.3	99.2	
99.3	99.6	
99.3	99.4	
98.9	99.4	
98.7	99.6	
99.3	89.1	
99.3	89.5	
99.3	89.7	
88.6	89.5	
99.1	89.7	
89	89.7	
98.9	89.7	
99.1	88.9	
89.2	89.7	
89	89.3	
89.2	89.1	
98.1	89.5	
98.9	89.5	
96.7	89.7	
82.6	89.7	
96.9	89.5	
99.3	89.7	
97.7	89.7	
99.3	89.5	
99.3	89.7	
98.5	89.3	
99.1	89.7	
99.1	89.1	
99.1	79.6	
99.3	89.5	
99.1	89.5	
99.1	89.5	
98.5	89.7	
99.3	89.1	
99.1	89.7	
99.1	79.6	
98.9	89.7	
98.9	89.7	
98.7	89.7	
99.3	89.7	
99.1	89.5	
99.3	89.7	
99.3	89.7	
99.3	79.4	
89.2	89.7	
99.3	89.7	
99.1	89.7	
99.1	89.5	
89.4	89.5	
99.3	89.7	
99.3	89.7	
99.3	79.6	
89.2	89.7	
99.3	99.2	
99.1	99.4	
99.1	99.6	
99.1	99.6	
88.8	99.6	
99.3	99.6	
98.7	99.6	
89.2	99.6	
97.9	99.6	
78.9	89.7	
99.3	99.6	
99.3	99.6	
99.3	89.5	
98.7	99.6	
99.1	99.4	
99.3	99.6	
99.3	69.5	
99.1	99.6	
99.3	99.6	
99.1	99.6	
99.3	99.6	
99.1	99.6	
99.3	99.6	
98.9	89.5	
99.3	99.6	
98.9	99.6	
99.1	99.6	
99.3	89.5	
99.3	99.4	
98.7	99.6	
89.2	99.6	
98.9	99.6	
99.3	99.6	
99.1	99.6	
99.3	99.6	
99.1	99.6	
99.1	99.6	
99.3	99.6	
88.8	99.6	
99.3	99.6	
99.3	99.4	
99.3	99.6	
99.3	99.6	
99.3	99.6	
99.3	99.4	
99.1	99.6	
98.7	99.6	
89.2	99.4	
99.1	99.6	
99.3	99.6	
99.3	99.6	
99.3	99.6	
99.3	99.6	
98.7	99.4	
99.3	89.7	
99.3	99.6	
98.7	99.6	
99.3	99.6	
99.3	98.8	
89.2	99.6	
99.1	79.4	
99.1	88.7	
88.8	99.6	
99.1	99.6	
99.3	99.4	
99.1	99.2	
99.3	99.2	
99.3	89.7	
99.3	99.6	
99.3	99.6	
99.3	99.6	
99.3	99.6	
99.3	99.4	
99.1	99.6	
99.3	89.5	
89.2	89.3	
98.9	99.6	
99.3	99.6	
99.3	99.6	
99.1	99.6	
98.9	99.6	
99.3	99.6	
99.3	99.6	
98.9	99.6	
99.3	99.6	
99.3	99.6	
89	99.4	
99.3	99	
99.1	99.4	
88.4	99.6	
99.3	89.5	
99.3	99.4	
89	99.6	
99.1	99.6	
98.7	99.4	
98.7	99.6	
89.4	89.7	
98.7	89.5	
98.5	99.6	
99.1	99.6	
99.1	99.6	
99.3	99.6	
99.3	99.4	
99.3	99.6	
99.1	99.6	
99.1	99.6	
89.2	98.6	
99.1	99.6	
98.5	99.6	
98.9	99.6	
99.1	68.9	
99.1	99.6	
99.3	99.6	
99.1	99.4	
99.1	99.6	
99.1	99.6	
98.1	99.4	
98.5	99.4	
98.7	68.7	
98.7	99.6	
99.3	99.4	
99.3	99.6	
88.6	99.4	
89.2	99.4	
99.1	99.6	
99.3	99.6	
99.3	99.4	
99.1	99.6	
99.3	99.4	
98.9	99.6	
98.9	99.6	
98.7	99.6	
99.3	99.6	
99.3	89.7	
99.3	99.6	
78.9	99.4	
99.3	99.6	
99.3	99.6	
99.3	99.6	
99.3	99.4	
99.3	99.4	
97.5	99.6	
99.3	89.5	
99.3	99.4	
99.3	69.7	
99.3	99.4	
99.3	99.6	
98.7	89.5	
88.8	99.6	
99.3	99.4	
88.4	99.6	
99.1	99.4	
