5.2	69.7	
86.8	-11.1	
24.6	89.5	
78.3	89.5	
84.8	27.5	
96.9	-71.5	
67	38.6	
85.4	69.1	
94.3	38.6	
84.4	88.9	
86.8	48.7	
94.1	57.8	
76.1	18.8	
97.3	37.8	
98.1	98.6	
99.1	77.6	
89.2	49.5	
87	16.4	
98.7	48.7	
77.5	89.3	
88.4	61.7	
96.3	58.4	
98.5	79	
96.9	89.5	
64.2	87.1	
97.3	78.8	
88	68.9	
57.8	79	
87.2	28.5	
98.5	88.5	
64.6	88.7	
98.3	88.1	
86	89.1	
95.5	89.5	
98.3	79.4	
97.3	89.5	
98.3	89.5	
98.7	78.8	
95.7	99.4	
98.7	99.4	
99.1	99.2	
99.3	89.7	
98.7	98.8	
99.1	88.3	
89	99.6	
98.3	99.6	
78.7	99	
88.8	78.8	
98.7	99.6	
88.6	99.4	
66.4	99.4	
78.3	99.6	
78.3	99.6	
99.3	68.7	
89.4	98.6	
98.1	99.4	
88.6	99.6	
99.3	99	
89	39.4	
99.1	99.4	
99.3	99.4	
78.7	99.6	
98.7	99.4	
98.7	99.4	
99.3	89.5	
99.1	89.5	
98.5	99.4	
99.3	89.7	
98.5	89.5	
99.1	99.2	
99.3	99.6	
98.5	19.2	
89.2	99.6	
89.2	89.5	
89.4	89.3	
88	99.6	
99.3	99.6	
89.4	99.2	
99.3	88.9	
77.7	69.1	
88	99.6	
99.1	99.6	
99.3	89.5	
67.8	98.4	
89	89.3	
88.6	99.6	
98.5	89.5	
78.3	99.4	
98.5	99.4	
98.3	99.4	
98.7	99.6	
98.7	99.6	
99.3	99.4	
98.1	9.1	
99.1	99.6	
99.3	99.6	
99.3	69.3	
89	89.5	
99.3	59.6	
99.1	89.7	
99.1	99.6	
89.4	99.4	
78.9	99.6	
97.5	99.4	
99.1	89.1	
99.3	99.6	
98.5	99.6	
88.8	79.8	
98.7	29.1	
88.8	79.2	
89	89.3	
99.3	79.6	
89.2	99	
89.4	99.6	
98.9	89.3	
99.3	68.5	
98.5	69.3	
78.7	58.8	
98.5	88.9	
98.5	99.6	
98.9	89.5	
98.9	99.6	
99.3	99.6	
88.6	99.6	
99.1	89.5	
99.3	99.6	
99.1	99.2	
99.3	99.4	
98.9	99.4	
98.5	79.2	
99.3	89.3	
98.5	59.2	
88.8	99.4	
99.3	99.6	
98.7	99.6	
89	99.6	
99.3	99.2	
99.3	99.6	
78.5	99.6	
78.1	99.4	
89.4	49.5	
89.4	99	
98.9	99.6	
99.3	99.2	
99.1	99.6	
99.3	99.4	
89	79.2	
78.7	39.6	
99.3	99.6	
99.1	89.7	
88.2	88.9	
78.7	99.6	
88.8	69.5	
78.5	99.6	
89.2	89.5	
78.9	99	
99.3	99.6	
98.7	99.6	
88	89.7	
99.3	99.6	
78.5	99.6	
99.1	79.4	
99.3	98.8	
89.4	99.6	
99.3	89.3	
89.2	89.5	
98.3	89.5	
89	89.3	
88.6	99.6	
98.9	89.7	
77.1	99.6	
89	99.4	
77.5	99.6	
98.3	89.7	
98.7	99.6	
99.1	89.5	
79.3	99.6	
88.6	99.4	
89.2	89.5	
99.3	99.6	
99.1	79.4	
99.3	69.1	
88.4	89.5	
89	89.1	
88.8	99.6	
99.1	99.4	
99.3	99.6	
99.3	89.1	
88.8	99.6	
98.7	99.4	
99.1	99.6	
98.9	89.7	
99.3	99.6	
79.1	99.4	
89.2	99.2	
89.4	99.6	
88.6	89.5	
88.6	89.5	
89	69.5	
88.4	89.7	
99.3	69.5	
99.1	99	
99.3	99.6	
98.3	79.8	
99.1	99.4	
98.9	99.6	
99.1	99.2	
98.5	99.4	
99.3	99.4	
99.1	98.8	
99.3	69.7	
79.1	89.7	
89	89.5	
89.2	79.4	
88.4	99.4	
67.8	69.3	
98.7	99.6	
78.5	69.3	
99.3	99.4	
99.3	99.2	
98.1	88.9	
87.8	99.6	
89.2	69.5	
99.3	99.6	
98.7	99.6	
98.5	49.5	
98.9	99.2	
89	99.4	
89	99.4	
99.3	99.4	
88.8	99.4	
89.2	89.5	
98.3	99.6	
99.1	99.4	
98.7	89.7	
98.3	89.7	
99.1	89.3	
99.1	99.6	
98.9	79.2	
88.6	99.2	
89.4	99.4	
88.4	89.3	
88.4	99.6	
88.8	89.3	
89.4	79.4	
98.9	99.6	
99.3	89.5	
99.3	99.2	
99.3	99.6	
97.5	99.6	
89.2	99.6	
99.3	99.4	
99.1	99.6	
89	99.4	
89	99.4	
98.7	99.4	
98.5	99	
88.8	99.6	
98.1	89.5	
99.1	79.4	
99.1	99.6	
89.2	89.7	
99.1	99.6	
88.4	89.5	
78.7	89.1	
98.7	99.4	
98.7	99.6	
88	99.6	
99.3	79.8	
88.6	89.3	
98.9	99.6	
98.3	99.6	
98.9	99.6	
98.9	89.5	
98.5	99.6	
99.3	99.6	
88.2	98.8	
79.3	99.6	
88.6	99.6	
98.7	99.4	
89.2	99.6	
89.4	99.6	
89.4	99.2	
89.4	89.1	
97.9	59.8	
98.9	89.5	
89.2	99.2	
98.7	79.6	
79.1	99.6	
88.4	79.4	
98.3	99.4	
99.3	99.6	
99.1	99.6	
98.9	99.4	
88.8	69.3	
99.1	89.7	
99.3	99.6	
89	69.3	
99.1	99.6	
99.1	99.4	
99.1	99.2	
89	99.6	
78.5	69.5	
98.9	99.4	
88.8	99.4	
98.3	99.2	
99.1	99.4	
99.1	99.4	
89.2	99.2	
89	99.2	
88.8	99.4	
89.2	99.4	
99.1	89.5	
89.2	89.7	
88.4	89.7	
98.9	89.7	
99.1	99.4	
98.7	89.1	
89	99.6	
89.2	98.8	
98.9	89.1	
88.8	99.4	
98.7	99.4	
99.1	89.5	
99.1	89.5	
89.4	99.6	
98.3	99.6	
88.6	99.6	
88.4	99.6	
88	99.6	
99.3	89.5	
98.9	99.2	
88.8	99.4	
99.3	99.6	
87.6	99.6	
98.9	99.2	
88.8	89.5	
89.2	89.3	
98.9	69.3	
98.9	99.6	
99.1	89.5	
99.1	99.6	
99.3	99.6	
98.7	99.6	
98.7	99.4	
98.9	99.4	
99.3	98.6	
98.5	99.2	
99.1	99.6	
98.7	99.6	
89	99.6	
88.4	99.6	
99.3	99.6	
99.3	99.2	
99.3	88.9	
98.9	99.6	
99.3	99.6	
99.3	99.6	
98.9	78.6	
99.3	98.8	
98.9	99.6	
98.7	99.6	
99.1	89.3	
99.3	69.7	
89.2	88.9	
98.9	99.4	
99.1	79.4	
99.3	99.6	
99.3	99.6	
99.1	99.6	
98.9	99.6	
88.8	89.7	
98.7	99.6	
88.6	99.6	
98.9	89.5	
99.1	99.4	
98.1	68.7	
99.3	99.6	
99.3	98.8	
89.4	99.2	
98.9	89.3	
89.4	99.4	
99.3	99.6	
88.2	99.6	
98.5	99.6	
88	88.9	
89	99.6	
89	99.4	
99.3	89.1	
77.7	99.6	
99.1	99.2	
88.6	59.4	
99.3	99.6	
88	99.6	
99.1	99.2	
89.4	99.6	
99.3	89.3	
88.8	99.6	
99.3	89.7	
98.9	99.4	
99.3	79.8	
89.2	99.6	
99.1	99.6	
99.3	99.4	
98.9	99.6	
99.1	99	
79.1	79.6	
48.4	99.4	
98.7	99	
89.2	99.6	
88.8	99.2	
98.7	89.7	
98.9	99.6	
98.7	99.6	
98.7	89.1	
89	99.4	
98.3	99.4	
98.9	99.6	
88.8	99.2	
99.3	99.4	
89.4	99.6	
98.9	69.5	
89.4	99.4	
89.2	99.4	
98.9	99.6	
99.1	89.5	
89	89.3	
77.9	99.6	
99.1	29.7	
99.1	99.2	
98.7	99.6	
89.2	99.6	
99.1	98.2	
98.7	99.2	
98.9	99.4	
98.7	99.6	
89.4	99.6	
89.2	99.4	
99.1	99.6	
99.1	59.8	
98.7	99.4	
98.1	59.2	
88.8	99.6	
89	89.5	
67.8	99.4	
87.6	89.7	
98.5	89.7	
98.7	99.6	
98.9	88.5	
88.6	99.4	
98.7	89.3	
89.2	99.6	
88.6	99.2	
79.1	99.6	
87.8	99.4	
98.9	79.8	
99.3	89.5	
89	99.2	
99.1	99.4	
89	99.6	
78.7	99.4	
98.9	69.5	
98.7	29.5	
88.6	99.4	
99.1	79.4	
99.3	99.6	
97.3	99.6	
99.1	79.4	
99.3	89.5	
89.2	99.6	
78.9	99.4	
88.8	88.9	
88.8	99.2	
99.1	99.6	
89	89.5	
99.3	99.6	
99.3	59	
98.9	79	
99.1	89.3	
88.8	99.6	
98.7	99.6	
98.7	99.6	
98.9	89.1	
99.3	99.2	
89	49.7	
89.2	99.4	
98.3	89.5	
88.8	99.4	
89.4	99.4	
99.1	99.6	
99.3	99.6	
89	99.6	
78.5	99.6	
99.1	89.5	
98.9	89.3	
99.3	99.4	
99.3	99.4	
98.9	99.2	
99.3	59.8	
89	99.6	
