58.1	-1.4	
89.4	59.4	
56.9	38.4	
-37.4	79.6	
88.6	88.1	
87.8	79.4	
89.2	77.2	
89	79	
67.8	28.5	
55.9	39	
89	88.9	
99.3	38.8	
88.8	58.8	
98.7	65.3	
88.4	56.2	
88.8	98.4	
98.1	79.6	
98.3	99.6	
98.9	68.5	
99.1	89.3	
98.9	99.4	
99.1	99.4	
89.2	88.9	
98.7	99.4	
98.9	57.8	
89.4	99.6	
98.3	99.6	
98.7	99.6	
84.8	99.4	
99.3	99.4	
78.7	99.6	
58.1	98.8	
99.3	89.5	
94.9	79.2	
88.2	89.3	
98.9	99.6	
99.1	99.6	
98.3	99.2	
98.3	49.3	
99.1	59.2	
88.6	99	
99.1	99	
99.3	99	
98.9	99.6	
99.1	98.6	
88.8	99.6	
98.1	99.2	
88.2	99.2	
98.3	89.1	
89	99.2	
98.9	99.6	
98.5	69.3	
99.1	99.6	
89.2	99.6	
88.4	99.4	
98.9	98.2	
79.1	79.8	
88.8	98.6	
88.8	99.4	
98.5	79.2	
98.9	69.3	
99.1	69.1	
98.7	98.6	
99.3	79.6	
99.3	79.4	
99.3	99.4	
98.5	99.4	
78.5	99.4	
89.4	79.6	
98.7	99.6	
99.1	99.6	
88.2	99.6	
99.1	99.6	
98.9	89.1	
99.1	99	
98.9	59.4	
98.9	99.4	
89	99.6	
88.2	99.4	
89	89.5	
88	79.8	
98.1	88.7	
87	89.5	
98.7	99.6	
89	99.4	
78.3	99.6	
97.7	99.4	
79.1	89.7	
89	99.6	
78.1	99.4	
99.1	99	
67.2	89.5	
98.3	99.6	
99.1	99.6	
97.7	79.8	
99.1	89.5	
78.7	99.4	
77.7	99.4	
87.8	99.6	
88.6	99.4	
99.3	99.6	
88.6	89.5	
98.3	99.2	
98.1	99.6	
98.5	99.6	
98.9	99	
88.6	69.3	
99.3	99.4	
99.1	89.5	
87.4	99.6	
97.5	88.9	
99.3	79	
99.1	89.5	
99.1	79.6	
98.1	88.9	
98.7	79.8	
68.8	99.6	
99.3	99.6	
97.3	99.4	
89.2	99.6	
89.2	99.6	
99.3	99.4	
89	99.4	
98.7	99.6	
88.2	79.8	
79.5	79	
99.1	69.7	
99.1	79.8	
87.4	99.6	
89.2	79.4	
68.6	99.6	
78.9	99.6	
88.4	99	
89.2	99.6	
99.1	99.2	
99.1	69.7	
89.2	49.1	
98.3	99.6	
88.2	99.2	
68.2	99.6	
97.1	79.4	
96.3	99.6	
97.7	99.6	
98.7	99.6	
98.9	79.8	
89	99.6	
89	99.2	
98.7	89.1	
88.4	89.5	
78.7	99.6	
88.6	99.2	
97.5	99.4	
79.1	69.3	
77.9	99.6	
89	69.7	
78.9	49.5	
78.3	99.6	
99.3	99.4	
98.5	99.6	
98.5	99.6	
98.5	89.5	
78.9	89.7	
99.3	99.6	
96.3	99.6	
89	98.6	
88.4	99.6	
78.7	89.7	
98.9	99.4	
68.6	99.4	
88.8	99.6	
78.3	99.6	
98.7	99.6	
79.3	99.4	
89	79.4	
98.9	99.6	
78.5	89.7	
98.5	89.5	
98.7	99.6	
98.5	79.6	
98.9	99.4	
98.7	99.6	
98.5	89.3	
98.7	99.4	
78.7	99.6	
88.6	89.5	
78.7	99.4	
98.7	99.4	
99.1	79.6	
98.7	99.6	
99.1	89.5	
78.9	89.7	
98.5	89.7	
98.7	69.5	
89	99.6	
89.4	99.2	
68.2	89.1	
77.9	99.6	
67.2	99.6	
88	49.1	
88.6	89.5	
77.5	69.3	
89	99.2	
98.9	99.6	
78.7	99.4	
89	89.5	
98.5	89.5	
99.1	79.4	
99.3	99.2	
68.2	99.4	
79.5	99.6	
87.8	99.6	
98.9	99.4	
99.3	99.2	
77.3	69.3	
76.9	99.4	
88.6	99.6	
99.1	99.6	
97.1	99.6	
99.1	79.4	
87.8	99	
99.3	98.8	
89	99.6	
98.9	99.6	
98.9	69.1	
99.1	99.4	
99.3	99.6	
89.4	89.3	
99.3	89.3	
69.2	99.4	
98.5	99.6	
98.3	99.4	
89	99.4	
89	99.6	
98.9	89.5	
89.4	89.5	
88.6	49.7	
99.1	99.6	
79.1	69.5	
99.3	89.3	
89	79.2	
77.5	19.4	
99.3	89.5	
79.3	99.6	
98.5	99.4	
88.8	99.2	
88.6	99.6	
89.4	99.6	
98.9	99.6	
89.2	79.6	
77.9	89.7	
97.9	89.5	
99.1	89.7	
89.4	89.1	
89.2	89.7	
98.9	99.6	
99.1	79.6	
88.8	99.2	
99.3	89.5	
98.9	89.7	
99.1	89.5	
89	39	
99.3	99.4	
88.8	98.6	
99.3	69.1	
78.1	99.2	
98.9	99.2	
98.5	99.4	
88.8	99.4	
99.3	99.2	
99.3	99.6	
89	89.3	
98.9	69.5	
88.4	99.4	
88.8	88.7	
99.1	99.4	
99.3	99.6	
89.2	88.7	
98.7	99.6	
99.1	89.1	
99.3	89.5	
98.7	99.4	
98.9	89.5	
99.3	88.9	
88	99.6	
99.1	99.4	
89.4	99.6	
89	99.6	
88.6	99.4	
89.4	99.4	
98.3	69.1	
88.4	99.2	
89.2	59.4	
99.3	79.6	
98.7	89.7	
99.1	89.5	
99.3	99.6	
89.4	79.4	
89.2	89.7	
78.5	89.3	
58.1	89.7	
78.7	79.4	
78.3	88.1	
98.3	99.4	
88.6	78.4	
88.8	57.8	
98.7	89.1	
99.3	99.4	
88.6	99.6	
78.5	99.6	
99.1	99.4	
99.1	79.2	
98.9	99.6	
89	99.2	
88.8	79.4	
99.1	99.4	
98.9	99.6	
56.5	99.6	
78.9	99.4	
79.5	79.6	
48	88.9	
98.5	89.5	
88.6	99.6	
99.3	99.6	
98.1	89.5	
97.7	89.5	
88.6	99.4	
98.7	99.6	
77.9	89.3	
88.8	89.7	
89	99.2	
89.2	89.7	
98.3	98.6	
89.4	99.2	
97.5	99.4	
78.7	99.4	
78.1	99.6	
99.3	99.6	
98.9	99	
99.1	98.8	
88.8	99.6	
79.5	99.6	
99.1	99.6	
98.9	99.4	
89.2	69.7	
97.7	69.5	
99.3	89.5	
99.1	99.6	
98.9	99.6	
89	88.9	
98.9	99.4	
99.3	38.8	
98.9	79.8	
98.1	99.6	
98.5	59	
89.2	99.4	
88.4	99.6	
98.3	89.5	
89.4	99.4	
99.1	89.3	
78.9	89.7	
99.3	79.8	
78.5	99.2	
97.7	89.5	
97.7	79.6	
78.7	99.4	
99.1	99	
99.3	99.6	
89.2	99.4	
79.1	79.8	
99.1	89.7	
98.5	99.6	
99.3	89.1	
99.3	89.7	
98.9	89.7	
98.5	99.6	
99.3	99.6	
88.8	99.6	
98.7	99.6	
98.7	99.4	
98.7	99.4	
89.2	89.7	
99.1	99.4	
89.2	69.1	
98.7	89.7	
89.2	99.4	
89.2	89.5	
89.4	9.5	
89.2	99.6	
99.3	98.6	
88.2	89.5	
88.6	69.5	
88.8	89.7	
88.6	69.1	
78.1	99.6	
99.3	99.4	
98.5	78.8	
99.3	99.6	
88.4	99.6	
66.6	89.3	
89.4	68.7	
89	79.8	
88	99.6	
79.3	99.2	
98.9	99.2	
88.8	99.6	
98.5	99.6	
88.4	99.6	
99.3	79.8	
99.1	99.4	
89.2	79.2	
99.3	99.6	
88.6	79.6	
78.1	89.3	
99.1	79.4	
98.7	89.7	
88.8	99	
88	99.4	
99.1	99.6	
87.4	99.2	
89.4	89.1	
88.4	99.6	
78.1	99.4	
98.9	99	
98.7	89.5	
98.9	99.6	
98.9	89.5	
97.5	99.4	
98.7	58.8	
99.1	89.1	
99.1	79.8	
99.1	69.7	
99.1	89.5	
88.8	99.2	
98.9	99.6	
89	99.6	
79.5	98.2	
99.1	89.1	
99.3	99.6	
88.8	99.6	
68.4	89.3	
98.9	69.5	
99.1	89.7	
98.7	79.6	
98.3	99.4	
99.1	79.6	
98.3	79.6	
99.1	99.6	
99.3	99.4	
98.9	99	
99.1	89.7	
98.9	89.7	
98.9	89.7	
99.3	99.6	
89.2	99.6	
88.6	99.6	
98.5	99.6	
99.3	99.4	
99.1	99.6	
77.5	69.3	
88	88.3	
59.1	69.7	
98.7	99.4	
98.9	98.8	
99.3	99.6	
98.9	99.6	
98.9	79.6	
97.7	99.6	
99.3	99.6	
99.1	69.3	
98.7	88.5	
89	89.5	
76.1	99.6	
88.4	-0.4	
98.9	99.4	
99.3	79.6	
88.2	99.4	
99.1	99.4	
88.6	29.3	
98.3	99.6	
98.1	89.5	
99.3	69.3	
98.5	59.6	
88.8	89.5	
99.1	99.4	
99.1	99.6	
89	89.5	
88	79.8	
98.7	79.6	
98.9	99.6	
89.4	99.6	
77.5	89.7	
88.6	49.5	
98.9	99.4	
98.3	89.7	
99.3	99.4	
89	99.2	
88.6	99.6	
78.1	58.6	
97.7	88.7	
89.2	78.8	
