-188.4	8.3	
77.1	68.9	
43.4	59	
87	99.4	
88.2	49.3	
85	7.7	
57.7	68.1	
34.5	79.2	
77.5	99	
-73.9	99	
87.4	99.2	
88.8	99.4	
76.3	99.6	
97.1	99.2	
97.9	99.6	
98.3	68.7	
98.7	99.6	
97.5	89.3	
88	99.2	
86	89.5	
97.7	99.4	
87.8	69.3	
52.9	68.9	
97.3	69.1	
98.9	99.6	
77.1	99.6	
68.4	29.1	
86	88.7	
99.3	79.4	
99.3	89.3	
88.6	99	
76.3	78.8	
88.2	89.3	
97.9	88.5	
98.9	88.7	
45	38.4	
26.8	99.2	
88.2	99.6	
99.1	99.4	
89.2	99.2	
77.5	89.5	
87	99.2	
68	99.4	
78.1	89.3	
89.4	99.6	
88.8	98.8	
56.7	99	
88.2	99.6	
99.3	99.6	
88.4	99.6	
78.1	98.8	
77.9	99.6	
68.4	86.7	
77.7	99.4	
98.3	99.6	
88.6	68.9	
86.6	99.2	
98.7	89.7	
87.6	99.6	
88.8	99	
57.5	68.9	
68	88.7	
76.1	89.7	
98.1	98.8	
99.3	89.7	
99.1	59	
99.3	99.2	
98.5	99.4	
88.4	99.6	
87.6	68.3	
89	89.5	
89.2	9.3	
77.9	89.1	
98.7	99	
66.4	99.6	
86.6	79	
78.7	99.6	
97.7	89.5	
68.2	89.7	
68	99.4	
95.7	39.2	
98.7	89.7	
67.6	88.7	
89	59.2	
88.2	99.6	
99.3	99.4	
99.3	38.8	
56.7	79.6	
87.6	99.2	
89.2	99	
98.1	89.5	
75.3	99.4	
88.2	89.5	
95.7	99.6	
99.3	78.4	
98.1	78.8	
88.8	58.4	
96.5	99.4	
88.6	98.8	
99.1	99.4	
99.1	99.6	
98.5	99.6	
97.9	99.6	
79.1	99.4	
97.5	89.1	
98.1	89.5	
88.8	68.5	
99.1	99.2	
88.8	79.4	
99.1	89.7	
87.8	79.8	
98.9	49.5	
88.2	68.7	
88.6	79.6	
87.2	99.6	
88.6	89.7	
88.8	89.5	
68.8	99.6	
68.8	99.6	
44.6	89.1	
98.9	79.2	
67.8	88.7	
78.7	79.2	
66.2	99.4	
78.9	99.6	
88.8	88.9	
88	78.2	
97.9	99.6	
88.6	99.2	
99.1	99.2	
98.9	99.6	
99.3	99.4	
78.1	99.2	
88	79.6	
88.6	59.2	
79.3	79.2	
98.1	99.6	
96.7	99.6	
88.6	68.3	
75.7	38.8	
68.2	99.2	
77.9	69.1	
88	99	
88	87.9	
68.2	79.8	
98.9	99.4	
98.9	99.6	
88.8	89.3	
65.6	99.6	
87.8	59.4	
67.6	99.6	
97.9	99.4	
87	89.3	
88.6	99.6	
99.3	99	
55.1	99.6	
45	67.9	
99.1	89.1	
88.6	89.3	
76.3	99.4	
67.6	89.1	
99.1	99.2	
88.8	79.8	
88.6	99.4	
35.1	99.6	
27.2	99.2	
98.5	69.3	
98.9	69.3	
89	59.2	
45.6	99.4	
98.9	89.5	
88.6	69.7	
89.4	87.9	
75.3	99.6	
97.1	89.7	
56.9	79.6	
99.1	79.6	
89	99.2	
96.9	99	
98.9	59	
99.3	99	
99.1	99.4	
98.7	99.4	
88.6	69.5	
97.9	99.4	
99.1	88.7	
88.4	99.4	
67.6	99.6	
78.3	89.5	
57.3	89.5	
88.6	79.6	
98.3	99.4	
98.7	99.4	
77.9	79.6	
95.3	99.6	
88.8	99	
69	89.1	
98.5	78.8	
98.9	78.6	
66.4	-21.8	
98.5	89.7	
86.4	99.6	
67.6	79.4	
88.6	39.2	
98.5	89.3	
66.8	99.4	
98.9	99.6	
89.4	79	
66.4	89.3	
76.9	99.6	
88.6	99.6	
78.7	89.3	
88.4	98.4	
86.6	99.6	
79.3	88.9	
66	99	
96.7	69.5	
97.9	99.6	
78.9	89.7	
78.3	99.4	
67	89.1	
88.6	99.6	
99.1	99.6	
89	68.3	
98.9	99.6	
78.7	99	
89	78.4	
88.6	79.6	
48.4	79.4	
87	99.6	
88.6	89.3	
89	99.4	
98.9	99.4	
99.1	89.3	
98.7	89.1	
89	79.2	
99.3	99.6	
88.2	99.2	
78.9	99	
88.4	79	
99.1	69.1	
88.8	99.6	
98.9	99.6	
98.9	89.1	
79.1	78.8	
88.4	89.1	
89	79	
67.6	99	
79.3	88.9	
68.8	89.7	
98.9	99.2	
88.8	99.6	
79.3	89.5	
88.8	79.4	
98.7	99.6	
89.2	99.6	
88.8	99.2	
98.9	88.9	
77.9	99.6	
89.2	89.7	
66.4	99.2	
98.5	28.9	
97.7	98.8	
99.1	99.6	
88.2	89.5	
78.3	89.5	
97.3	99.6	
84	89.5	
98.9	88.5	
88.8	99.4	
89	99	
77.1	68.9	
75.9	77.4	
77.9	79.2	
97.7	48.3	
99.3	68.9	
98.5	99.4	
98.3	99.2	
87.4	59.6	
77.5	69.5	
89.2	89.3	
78.3	99	
99.3	99.4	
98.7	89.1	
79.1	79.6	
98.1	79.8	
34.1	99.6	
89	58	
99.3	89.5	
98.5	89.5	
89.2	59.4	
88.2	69.3	
89.2	89.5	
98.9	99.2	
97.9	79	
99.3	99.6	
97.5	99	
98.5	99.6	
89	89.7	
78.7	88.5	
78.1	99.2	
89.4	38.6	
68.2	99.2	
78.7	89.1	
98.7	89.5	
88.8	99.6	
98.7	99.2	
76.3	68.9	
77.7	48.7	
46.6	99.4	
77.5	98.8	
99.1	99.6	
87.4	99.6	
88.8	78.6	
89	79.4	
96.5	99.4	
77.5	89.3	
86.4	89.7	
97.9	89.3	
88.6	79.8	
56.9	49.1	
44.8	89.7	
99.1	79.6	
98.3	78.8	
99.3	99.4	
98.7	89.5	
78.1	78.6	
98.3	99.4	
97.5	99.6	
99.3	48.9	
68.4	79.2	
79.5	89.3	
86.6	89.5	
89.4	98.6	
99.1	89.5	
25	89.7	
78.9	99.4	
97.9	69.1	
77.3	89.3	
77.7	89.7	
99.3	89.5	
98.9	99.4	
98.9	99.6	
89.2	89.7	
98.9	89.5	
98.1	89.5	
98.5	89.7	
67.4	69.1	
87.8	19.4	
78.7	88.7	
88.2	79	
77.7	99.6	
98.5	68.5	
86.8	89.3	
98.9	69.1	
79.1	99.4	
76.7	99.6	
78.1	89.3	
99.1	99.6	
89.2	89.3	
87	99.2	
99.1	89.7	
98.5	99.6	
99.3	99.6	
97.1	99.4	
98.7	79.6	
88.8	99.6	
99.3	99.2	
68.6	99.6	
99.1	99.6	
75.5	39.2	
88.4	99.6	
98.3	99.2	
98.5	89.3	
88.2	89.3	
99.1	99.2	
98.7	78.6	
88.8	99.6	
98.7	59.4	
99.3	29.1	
88.4	99.4	
77.5	99.4	
78.3	99	
88.2	89.5	
99.1	89.1	
58.1	89.7	
68.6	99.4	
98.1	99.6	
88.4	99.4	
88.4	99.2	
27.2	59.4	
88.2	89.5	
98.7	89.5	
76.3	79.6	
75.9	99.4	
99.1	78.2	
89.4	99.6	
88.4	99.2	
97.7	99.4	
98.5	58.6	
69	99.6	
79.1	88.7	
98.1	89.3	
65.6	99.6	
99.1	99.2	
89.2	66.7	
88.2	79	
69.2	68.9	
98.9	-11.3	
98.7	88.9	
89.4	79.4	
89	99.4	
88.4	99.6	
89.2	99.4	
68.6	99	
87.8	99.6	
56.1	99.2	
97.5	79.2	
98.9	39.4	
89	59.4	
78.5	99.4	
88.2	79.2	
97.9	89.7	
88.8	99.2	
89	79.4	
89.4	99.6	
97.5	77.8	
98.3	89.5	
88.4	79.2	
98.5	98.6	
78.7	99.6	
98.9	59	
67.2	99.4	
72.9	99.4	
89.2	99.6	
78.9	89.5	
98.7	78.8	
99.1	99.4	
77.5	89.7	
88.8	89.5	
89.4	99.6	
47.8	79.4	
77.1	89.7	
88.2	97.2	
87.8	89.1	
56.9	69.1	
82.8	89.3	
88.8	99.2	
86.2	78.6	
89	89.7	
98.9	89.5	
99.1	99.4	
98.5	99.6	
88.2	89.7	
79.1	89.5	
98.9	89.7	
99.1	89.5	
87.2	99.6	
89	68.9	
88.8	89.3	
98.1	99.4	
99.3	19	
99.1	89.5	
69.2	99.6	
88.6	99.6	
89.2	79.2	
79.3	39.6	
89.4	48.9	
87.6	89.1	
78.3	99.2	
47.6	99.4	
57.7	99.6	
69	79	
97.7	99.4	
98.7	89.1	
89.2	68.5	
78.5	89.5	
87.4	89.7	
78.9	89.5	
98.7	99.4	
89.4	89.1	
76.7	99.6	
87.8	99.6	
78.7	99.6	
68.4	88.3	
99.3	59.6	
78.9	89.5	
88.6	99.6	
86.6	79.2	
77.7	99.6	
87.8	99.4	
88	99.4	
88.8	88.7	
88.8	89.3	
98.7	99.4	
78.3	89.3	
89.2	59.2	
98.3	99	
87	99.6	
97.9	99.6	
