57.5	-312.1	
56.7	-72.1	
32.1	8.9	
97.5	9.3	
77.9	79.2	
88.4	28.9	
76.9	89.1	
89.2	98.6	
98.5	79.2	
97.9	79.8	
98.9	-61.8	
89	87.7	
87.2	99.6	
98.5	48.5	
98.9	38	
88.6	73.8	
89.2	88.7	
78.3	67.1	
67.2	66.1	
89	89.5	
88.6	98.8	
68.4	99.6	
57.1	77	
89	89.7	
98.9	55.8	
88.2	79	
87.8	77.6	
35.5	79.8	
97.7	88.1	
87.8	99.6	
98.5	79.6	
98.3	59.6	
99.3	99.2	
78.5	19.2	
88.2	89.7	
77.1	99.6	
98.7	89.3	
99.1	89.7	
78.5	68.7	
87.6	79.4	
99.3	89.7	
97.9	69.7	
98.9	99.6	
88.2	89.7	
89	19	
67.8	89.7	
88.6	-0.8	
56.9	89.3	
97.1	79.6	
99.1	-10.9	
77.7	79.6	
88.4	89.7	
98.7	99.4	
88.8	89.7	
98.9	79.8	
67.4	99.6	
86.8	99.6	
79.3	69.3	
89.2	99.6	
87	99.6	
99.1	79.4	
98.7	89.5	
98.9	89.5	
98.3	89.5	
86.8	89.5	
99.1	69.3	
98.5	99.4	
98.7	79.2	
88.8	69.7	
89	99.6	
99.1	89.5	
98.9	99.2	
97.5	79.6	
99.1	89.7	
99.1	89.3	
98.7	89.5	
88.2	89.3	
99.1	89.3	
78.3	78.2	
78.3	59.2	
89.4	89.5	
98.9	79.2	
99.1	59.6	
98.7	89.1	
99.1	49.3	
98.9	79.2	
99.3	99.6	
98.5	89.7	
99.3	59.2	
77.7	99.4	
97.9	99.4	
89	89.7	
99.1	69.1	
98.7	79.2	
57.3	59.2	
99.1	89.3	
89.4	99.6	
98.7	99.6	
79.1	89.3	
97.7	89.7	
88.4	99	
98.5	99.6	
88.8	89.5	
78.9	89.7	
98.7	99.6	
98.1	69.3	
98.9	99.6	
79.3	99.6	
98.9	99.6	
98.7	99.4	
98.5	88.9	
99.3	69.7	
98.9	59	
99.1	79.8	
98.7	89.5	
88.6	99.6	
79.1	99.6	
99.3	99.6	
97.9	79.8	
99.1	89.3	
99.3	89.7	
98.9	89.3	
88.4	99.2	
98.9	78.8	
99.1	79.6	
98.3	99	
98.5	59.6	
78.9	99.6	
98.9	99.4	
99.3	99	
98.7	79.2	
98.9	99.4	
99.3	99.2	
88.6	99.4	
99.3	99.2	
98.5	99.4	
99.1	99.2	
78.7	79.8	
99.3	99.6	
97.5	99.2	
88.4	99	
89.2	68.5	
78.5	69.1	
89.4	69.5	
88.4	99.6	
99.3	68.5	
99.1	79.6	
98.5	99.6	
88.6	79.2	
88	99.6	
89	99.6	
89	99.6	
99.3	99.4	
47.4	69.3	
78.3	89.3	
88	99.4	
98.9	69.5	
69.4	69.3	
89	89.1	
88.8	89.5	
88.2	99	
89	89.3	
79.1	69.7	
99.1	88.9	
89	69.7	
88.4	99.6	
88.2	99.6	
89.2	99.6	
89	89.5	
89	79.4	
98.9	99.4	
99.1	69.5	
99.1	39	
89	99.4	
99.1	79.8	
78.1	99.6	
99.1	98.6	
99.1	99.4	
98.9	99.4	
88.4	99.6	
99.3	89.1	
98.7	99.4	
89	99.4	
78.1	98.6	
89	88.5	
47	99.6	
78.9	69.7	
98.9	99.2	
79.1	89.3	
78.5	99	
98.9	99.6	
88.8	89.7	
98.5	68.7	
98.9	99	
99.1	19	
97.9	99.6	
98.7	99.6	
98.5	69.7	
89	89.3	
98.9	59.6	
98.7	89.5	
99.1	69.3	
98.9	99	
99.3	89.3	
88.8	99.6	
99.1	99.2	
78.9	99.6	
99.3	99.2	
78.9	99.4	
88.6	99.6	
78.9	99.6	
99.3	89.5	
98.7	99.4	
98.9	69.3	
98.9	79.4	
98.7	99.6	
89.4	98.4	
99.1	99.2	
47.2	99.4	
99.1	89.3	
99.3	99.2	
99.1	68.3	
98.3	79.4	
99.1	49.3	
98.5	89.1	
99.1	99.2	
68	99	
97.5	89.5	
97.9	89.5	
57.3	99	
77.5	68.5	
88.6	39.2	
69	99.2	
98.7	99	
98.9	99.6	
98.9	99.4	
89.4	98.8	
98.9	99.4	
47.8	99.4	
98.9	89.5	
68.6	99.2	
99.3	99.4	
88.4	99.4	
97.9	89.5	
88.8	79.8	
99.1	79.8	
99.1	99.6	
98.9	69.7	
68.2	99.4	
98.1	99.6	
98.5	89.3	
98.1	89.5	
87.4	89.5	
68.6	89.5	
78.3	99.6	
99.3	99.6	
78.3	89.3	
99.3	99.6	
69	99.6	
89.2	9.5	
88.8	79.8	
99.1	79.6	
88.8	89.5	
89.4	89.1	
88.8	89.5	
99.3	89.5	
98.9	99.2	
99.1	99.6	
99.3	89.5	
99.1	99.2	
98.9	99.4	
99.3	99.4	
78.1	89.5	
68.6	99.4	
98.3	99.6	
97.9	99	
77.1	99.6	
98.7	-51.3	
85.8	99.6	
87.6	99.6	
89	99.6	
89.2	89.7	
98.1	99	
89.2	98.4	
88.4	99.4	
99.1	99.6	
89	89.5	
99.1	89.5	
99.1	79.4	
99.3	99.4	
88.8	69.3	
88.4	99.6	
98.7	99.6	
99.3	99.4	
99.3	99.4	
89.2	99.6	
98.1	89.1	
89.4	99.6	
88.4	99.6	
88.4	99.6	
98.7	99.4	
99.3	99.6	
48.6	99.4	
68.6	79.8	
97.1	89.3	
99.3	99.6	
88.6	99.4	
98.7	59.6	
99.1	99.4	
99.1	78.8	
98.7	99.6	
98.7	79.8	
76.7	99.4	
89	99.2	
88.6	99.4	
99.1	89.1	
99.1	99	
98.7	79.4	
98.5	99	
79.1	99.4	
88	99.2	
89	99.2	
79.5	39.2	
89.2	99	
89.2	49.1	
88.8	-2	
99.3	99.6	
99.3	89.3	
98.9	99.6	
78.7	89.3	
89.4	99.6	
99.3	99.4	
98.5	99	
78.1	99.6	
88.8	99.2	
88.2	99.6	
78.1	98.8	
99.1	99.6	
98.9	99.4	
99.3	99.6	
98.9	99.6	
89.4	99.4	
98.5	89.7	
98.5	99.2	
99.3	89.3	
99.3	99.4	
98.9	49.1	
87.8	99.6	
77.3	69.3	
98.7	99.4	
89.4	99.6	
89	79.6	
98.7	99.4	
88.6	79.2	
89	99.6	
47.2	99.6	
88.4	79.4	
99.3	99.4	
88.8	89.5	
68.6	89.7	
79.3	89.5	
78.7	99.6	
89	39.4	
99.1	69.7	
79.1	99.6	
99.1	99.6	
79.3	59.6	
68.4	59.2	
98.3	69.7	
98.5	79.2	
99.3	99.6	
88.8	78.4	
89.2	88.9	
78.3	79.4	
98.5	99.4	
98.3	99.6	
99.1	89.5	
99.3	99.6	
99.1	99.6	
68.4	79.4	
98.9	99.6	
88	99.4	
99.1	99.4	
67	89.7	
97.9	79	
98.7	58.2	
78.9	79	
86.8	99.4	
88.2	89.5	
79.1	-10.9	
98.9	99.2	
89.2	89.3	
67.8	99.6	
98.9	99.6	
88.8	89.7	
99.3	99	
99.1	99.4	
89.2	68.9	
89	78.8	
77.7	99	
98.5	99.6	
89.4	98.8	
88.4	89.7	
99.3	79.2	
98.1	99.6	
58.5	99.4	
78.9	99.4	
98.3	89.5	
88	99.4	
88.6	99.4	
98.9	49.3	
88.8	99.6	
99.1	99.6	
89.2	99.6	
69	89.1	
98.3	69.7	
88.8	89.7	
88.8	99.6	
68.8	79.2	
98.9	99.6	
89	39.2	
89	69.1	
89.4	49.7	
77.9	99.2	
98.7	69.3	
79.1	99.6	
99.3	99.4	
99.3	99.2	
78.1	89.5	
88.6	89.1	
87.8	99.6	
99.1	99.4	
88.4	99.6	
68.2	18.6	
98.9	99.6	
98.9	99.2	
97.7	99	
77.1	99.2	
78.3	99.4	
78.7	99.6	
99.1	99.6	
89	99.6	
98.7	99	
68	89.1	
99.1	79.2	
98.9	99.4	
98.5	99.6	
69.2	99.4	
58.5	99.2	
98.7	79.8	
78.7	19.6	
98.5	99.2	
97.3	99.2	
88.8	89.5	
99.1	99.6	
89.2	99.6	
98.7	89.3	
88.8	59.4	
99.3	99.6	
88.4	98.8	
99.3	78.8	
98.9	69.1	
98.3	79.8	
98.9	79.6	
98.7	99.6	
89.2	88.7	
89.2	79	
97.9	99.6	
89	89.3	
87.2	99.6	
99.3	98.8	
98.7	99.4	
89	79.6	
88.8	99	
99.3	99.6	
89.4	69.5	
89	99.6	
89.2	99.6	
99.1	99.4	
87.8	89.3	
99.3	78.6	
88.6	69.3	
79.1	89.5	
98.7	99.6	
98.3	89.3	
99.3	89.7	
98.5	78.6	
98.7	79.8	
89.2	99.6	
99.3	79	
88.8	99.6	
98.7	99.6	
99.3	98.8	
67.4	99.4	
89.2	99.4	
99.1	99.2	
98.7	89.5	
98.9	99.2	
98.3	99.6	
99.3	99.4	
