-6.3	-81.2	
76.7	28.9	
32.7	-82.4	
67.6	78.8	
72.3	48.3	
45.6	58.6	
24.4	57.4	
89	59.4	
77.9	16.8	
97.7	-41.8	
97.3	8.9	
87.8	53.4	
68.8	48.7	
88.6	13	
99.1	57	
77.1	88.5	
86.6	67.7	
99.1	49.5	
99.1	79.2	
79.1	58	
88.8	89.1	
98.5	99.6	
57.1	99.6	
68.6	69.5	
88.8	99.2	
88.8	69.1	
87.6	98.4	
78.3	-11.9	
86.6	99.6	
98.5	99.2	
88.4	59	
98.1	99.4	
98.9	99.4	
96.9	38.6	
-1.4	99.6	
87.6	19.2	
98.9	29.3	
48	99	
88.6	78.8	
96.9	99.6	
88.4	88.3	
98.7	99.6	
98.5	77.8	
85.2	99.6	
99.3	58.4	
98.5	99.4	
88	79.4	
79.1	99.2	
95.9	59.2	
96.5	99.4	
57.7	67.1	
86.6	99	
86.6	98.8	
89	88.5	
99.3	99.4	
67.4	99.6	
98.7	99.4	
98.3	69.1	
68.8	89.5	
43.6	79	
98.5	78.8	
96.1	46.7	
97.5	98.8	
97.3	99.6	
88.4	89.5	
99.3	99.6	
98.3	88.9	
87.8	99.4	
88.6	79.6	
99.1	99.6	
77.5	69.7	
58.7	79.2	
76.9	89.1	
89.4	99.2	
77.5	89.5	
77.1	99.6	
98.7	68.7	
77.5	99.4	
87.6	79.2	
88.6	89.5	
96.9	89.1	
98.7	49.5	
97.5	99.6	
88.8	99.4	
78.9	68.3	
98.9	48.5	
85.8	79	
89.2	89.3	
58.3	78.8	
97.9	99.2	
88.4	99.4	
78.3	99.4	
65.2	99.6	
67	89.5	
98.5	99	
78.7	99	
98.5	28.9	
98.3	98.4	
98.5	99.2	
98.9	99.6	
88.4	58.8	
78.7	79	
98.3	48.5	
98.3	39.4	
98.9	89.5	
77.7	89.7	
87.2	79.4	
88.8	89.5	
78.3	99.4	
99.3	99.6	
98.5	89.5	
89.4	48.9	
66.6	99.6	
89	69.3	
97.5	99.2	
98.5	49.3	
88.6	89.1	
88.2	89.7	
78.5	99	
87.8	89.7	
98.3	89.1	
99.3	88.7	
99.3	99.6	
59.1	29.1	
99.3	99.6	
98.7	89.7	
98.7	89.5	
87	89.5	
87.6	99.6	
98.9	69.1	
98.1	99.6	
98.7	99.2	
88.2	99.6	
78.5	99.4	
99.1	89.3	
98.5	99.6	
98.7	99.2	
99.3	99.2	
89.2	99.4	
98.3	99.2	
78.5	89.5	
99.1	78.8	
98.1	89.3	
96.7	39	
78.7	99.6	
79.5	88.9	
88.6	99.6	
98.5	68.3	
89	99.6	
99.3	79.6	
99.1	88.7	
88.8	89.7	
87.8	99	
99.1	99.6	
88.6	99.4	
99.3	89.3	
78.5	58.8	
68	69.5	
88.6	29.1	
98.9	99.6	
77.3	89.5	
78.7	99.4	
99.1	99.2	
98.1	89.5	
56.3	78.6	
98.3	78.6	
98.9	-31.9	
98.5	99.6	
89.2	88.5	
98.5	29.1	
98.9	99.6	
98.9	99.4	
88.8	38.2	
98.3	79.2	
99.3	99.6	
68.2	89.5	
89	89.5	
97.7	89.5	
98.9	88.9	
89	8.9	
99.3	88.1	
88.8	99.4	
89	99.2	
27.2	99.6	
98.7	79.8	
98.5	88.1	
88.8	99.2	
97.7	98.8	
98.9	99.6	
88.6	69.5	
47.4	69.1	
99.3	99.6	
89.2	99.6	
88.4	98.8	
88.4	88.9	
99.1	99.6	
78.3	78.6	
99.3	99.6	
99.1	99.4	
88.2	19	
88.4	89.3	
98.9	29.3	
88.2	79.6	
89	99.6	
77.9	99.6	
77.9	99.6	
99.1	99.4	
78.1	99.2	
78.7	89.1	
98.9	99.4	
98.7	99.4	
98.7	99.6	
78.5	88.7	
77.5	89.1	
99.1	99.4	
99.1	99.6	
99.3	89.5	
88.8	99.6	
78.3	99.4	
98.7	99.6	
98.1	99.4	
98.9	89.3	
97.7	99.6	
86.8	68.7	
67.4	99.6	
88.8	99.4	
48.4	79	
99.1	99.2	
78.5	89.7	
89.4	89.5	
98.9	89.7	
99.1	99.6	
89.2	89.5	
57.3	99	
78.7	78.6	
77.9	89.7	
97.9	89.7	
55.5	99.6	
88.4	38.8	
88	99.6	
57.1	99.6	
98.3	88.7	
88.2	99.6	
86.2	98.4	
99.1	79	
98.1	99.2	
89.4	99.4	
98.9	88.9	
98.5	99	
98.3	99	
89.2	89.5	
88.8	69.5	
68.2	99.6	
89	99.6	
89	79.2	
78.9	99.4	
98.1	99	
68.4	69.3	
99.3	99.4	
98.7	19	
89.2	48.1	
89.2	89.3	
88.8	99.4	
99.1	89.1	
88.4	89.1	
68.8	58.6	
79.5	99.6	
98.9	99.6	
97.5	99.4	
88.8	99.2	
98.3	99.6	
88.2	99.4	
98.7	99.6	
87.8	99.2	
75.5	99.4	
97.7	99.6	
98.9	99.6	
99.1	99.6	
97.7	99.6	
48.4	78.4	
78.9	99.4	
99.1	68.9	
47.8	78.4	
78.9	99	
37.3	99.6	
99.3	79.6	
68.8	49.1	
87.6	89.7	
99.1	89.7	
88.8	99.6	
99.1	99.6	
98.5	99.6	
69.2	99.6	
88.6	88.5	
89.2	99.6	
99.3	99.6	
98.7	99.4	
88.4	99.2	
88.2	68.7	
88.4	99.6	
68.6	99.6	
98.1	99.6	
88.6	89.1	
89.4	69.3	
87.4	99.2	
88.2	99	
98.3	89.5	
89	99.6	
98.9	18.6	
98.7	79.2	
99.1	99.4	
89.2	78.8	
99.1	88.7	
99.1	59.6	
58.7	79.2	
88.6	98.8	
98.7	99.6	
87.4	99.2	
98.5	99	
98.5	88.9	
88.2	98.8	
68.6	99.6	
98.3	89.5	
88.8	99.6	
89	99.4	
99.1	99.4	
46.4	59.2	
89	99.4	
97.3	69.1	
66.6	79	
98.7	99.6	
89	89.5	
89	99.6	
98.7	99	
88.6	99	
98.7	99	
66.4	79	
78.7	99.4	
88.6	69.7	
97.7	89.7	
87	79.6	
88.6	78.8	
98.9	89.3	
98.9	79	
89	49.3	
88.8	99.2	
89.2	89.5	
98.9	59.4	
87.6	89.5	
99.1	99.4	
58.9	79.2	
88	98.8	
89	88.7	
87.6	99.6	
89.4	89.5	
69.4	99.6	
79.1	99.6	
89.2	89.1	
79.1	89.7	
98.7	99.6	
78.5	99.2	
98.7	79.6	
68.2	78.4	
78.7	89.1	
88.2	99.6	
98.5	99.4	
88.8	99.2	
79.3	99.2	
78.9	89.5	
98.5	99.4	
88.6	89.5	
88.4	79	
86.8	99	
78.1	99.6	
79.1	99.6	
77.3	79	
79.5	79.4	
58.7	89.1	
98.9	99.4	
98.5	79.6	
88.2	79	
78.7	68.3	
88.6	69.7	
98.5	99.6	
88.2	99.2	
88.2	99.2	
89.4	99.6	
98.7	99.2	
98.7	99.4	
99.1	79.6	
89.4	89.1	
78.7	99.4	
97.9	99.4	
17.9	99.6	
89.2	99.6	
98.3	99.6	
58.5	99.2	
98.9	98.6	
98.9	99.4	
99.1	99.6	
48.2	89.1	
98.3	99.6	
89	99.4	
48.6	99.6	
88.6	99.4	
87	78.6	
99.1	99.6	
88.4	99.4	
97.9	99.6	
98.5	99.4	
98.3	89.1	
99.1	78.6	
89	99.6	
99.1	99.6	
98.7	99.2	
98.5	99.6	
98.5	69.7	
89	89.5	
98.3	99	
98.5	89.1	
98.5	99	
98.5	79	
98.1	99	
78.3	99	
98.9	99.6	
88.8	99.6	
99.3	99.6	
96.5	89.7	
99.1	99.6	
89	89.7	
99.3	99.2	
88.2	99.4	
98.7	99.4	
97.9	68.9	
88.8	-0.8	
88.6	99.2	
88.2	79.4	
89	99.6	
68.2	89.5	
88.2	99.6	
78.3	89.5	
99.1	89.3	
88.8	79.8	
99.1	99.2	
88.4	99.4	
98.9	99.6	
77.7	89.7	
88.4	99.4	
79.5	99.6	
78.7	99.6	
98.3	38	
78.5	79.2	
98.5	99.4	
89	89.7	
98.7	89.7	
99.1	99.4	
78.1	99.6	
98.7	89.3	
88.4	38.8	
89	99.4	
57.1	99.4	
88.6	19.2	
88	89.3	
77.9	99.2	
98.3	89.1	
88.4	79.2	
68.4	99.6	
99.1	99	
98.7	99.2	
89.2	99.4	
78.5	79.2	
88.2	99.2	
88.4	99.6	
78.9	89.7	
97.7	99.6	
68.6	78.8	
78.5	99.6	
88	39.2	
89	89.5	
77.3	78.6	
47.8	99.4	
87.6	57.8	
98.5	99.4	
89	78.4	
78.1	99.4	
89	99.6	
79.1	98.4	
98.9	99.6	
89	69.1	
98.9	59.4	
98.5	59.2	
98.9	88.7	
78.9	89.3	
98.5	99.6	
89	99.6	
99.3	89.3	
98.3	89.5	
99.1	99	
88.6	79.6	
88.8	99.6	
