57.9	59.4	
68.6	-72.5	
56.5	68.3	
21.4	25.9	
98.3	79.4	
88.6	68.5	
88.6	69.5	
77.7	-5	
55.9	78.2	
64	-11.1	
37.9	99.2	
89.2	89.1	
98.5	79.4	
99.3	89.1	
57.9	99.6	
89.2	68.3	
78.7	99.4	
89.2	38.8	
98.7	18.8	
88.8	99.6	
67.8	59.4	
88.2	98.6	
99.1	99.4	
88.8	89.5	
88.4	69.1	
79.1	89.3	
99.1	89.5	
98.5	89.1	
55.1	99.6	
79.1	89.5	
98.9	99.4	
78.1	78.6	
44.8	99.6	
77.9	98.6	
98.1	99.4	
87.6	39.4	
32.3	19.2	
99.1	89.7	
98.3	46.9	
99.1	99	
87.6	89.5	
78.5	48.7	
99.3	89.5	
78.7	89.7	
98.9	89.5	
78.7	99.6	
76.5	99.6	
98.3	99.6	
99.1	99.2	
57.3	99.4	
98.9	38	
88.8	8.9	
98.5	99.4	
88.2	99.6	
89.2	99.2	
88.2	99.6	
68.8	99.4	
89	99.6	
56.5	69.1	
98.7	99.6	
89.2	99.6	
98.9	89.1	
99.3	98.8	
99.1	99.6	
89	99.6	
99.3	99.2	
99.1	68.7	
88	99.6	
88.8	99	
79.1	99.2	
98.9	99.6	
76.5	99.6	
88.4	99.6	
87.4	69.5	
99.1	69.3	
99.3	69.7	
98.9	99.4	
88.6	99	
98.5	-92.9	
99.1	99.6	
89	98.6	
45.2	69.3	
89	-21.4	
99.1	79.6	
98.5	99.6	
78.9	99.4	
88.6	98.8	
68	89.7	
77.7	79.6	
88.2	99.4	
37.5	89.5	
98.3	68.7	
98.9	79.4	
77.7	99.2	
86.2	89.7	
79.5	68.9	
87.6	88.9	
88.8	99.2	
87	99.6	
67.8	99.2	
78.3	99	
98.5	99.4	
26.2	99.6	
97.9	79.6	
99.1	99.2	
99.1	99.6	
88.8	99.2	
89.2	88.9	
88.4	99.6	
98.7	99.6	
98.5	89.5	
88.8	89.3	
78.1	88.5	
98.3	98.4	
78.5	68.3	
88	89.3	
75.9	88.5	
75.9	89.3	
89.4	28.9	
97.9	79.4	
98.9	79.8	
88.6	59.6	
99.3	89.7	
67.8	99.6	
68.2	79.4	
99.3	-11.1	
98.9	89.5	
98.1	98.8	
68.4	99.6	
88.6	99.6	
89.2	79.6	
98.9	59	
88.4	99.6	
78.9	99.4	
89	98.8	
89	78.4	
89.2	89.1	
56.7	99.4	
88.2	99.6	
79.1	89.3	
99.3	9.5	
89	49.5	
89	99.6	
78.7	89.1	
98.5	89.5	
99.3	99.4	
99.1	89.1	
89.2	99.6	
98.9	99	
98.7	98.8	
47.2	99	
99.3	79.6	
78.5	89.5	
98.9	99.2	
78.7	99.4	
98.7	69.7	
78.7	99.6	
99.1	99.6	
78.3	89.5	
69	79.6	
98.7	89.3	
98.9	99.6	
67	99.6	
88.2	69.7	
88	99.4	
77.9	98.8	
68	69.7	
69.2	89.7	
98.9	89.1	
88.4	79.6	
27.6	99.6	
98.9	89.5	
88.6	88.7	
79.3	78.8	
99.1	99.4	
78.7	99.4	
46.8	78.4	
97.5	78.6	
97.7	89.5	
88.8	89.7	
98.5	79.8	
98.9	99.2	
77.5	9.3	
68.8	98.8	
98.9	99.4	
77.1	69.1	
98.7	78.2	
98.5	99.4	
89	99.2	
88.6	89.1	
98.9	79.2	
77.7	99.6	
98.5	99	
98.1	89.3	
97.3	89.7	
89	79	
99.1	79.6	
88.4	79	
78.5	99.6	
67.2	99.4	
88.6	59.6	
88.8	59.4	
78.9	99.4	
97.1	67.9	
78.7	99.6	
48	99.4	
67.8	99	
79.3	99	
98.7	78.6	
97.5	89.3	
88.8	99.4	
98.5	99	
97.5	57.4	
86	58.8	
78.5	99.4	
76.5	79.2	
67.2	99.2	
88.8	69.3	
88	89.1	
98.7	89.3	
98.7	99.6	
99.3	99.4	
68.6	88.5	
98.9	69.5	
57.1	78.6	
87.6	89.7	
98.7	98.8	
78.9	99.6	
87	78.8	
46.6	69.3	
86.8	99	
98.5	99.6	
99.3	59.4	
67.8	99.2	
98.7	99.4	
99.3	89.3	
78.9	69.1	
89	98.8	
68.2	99.2	
98.5	89.1	
99.3	79	
68.4	98.8	
89.2	99.6	
77.9	99.6	
79.5	89.3	
78.7	47.5	
76.9	29.7	
67.4	99.6	
89.2	78.4	
96.7	89.5	
55.7	68.9	
78.7	99.4	
97.7	99.2	
87.4	99.2	
99.1	89.1	
98.9	69.1	
68.6	68.7	
66.2	99	
98.3	99.2	
86.6	99.2	
99.3	99.4	
88.6	39.6	
89	99	
99.1	89.5	
98.7	99.4	
78.5	99	
88.6	49.5	
88.6	79.8	
98.5	99	
98.3	99.4	
66.2	99.4	
77.1	79.8	
88	99	
47.4	69.7	
57.7	99.2	
43.4	89.5	
88.6	99.6	
87.6	99.6	
89.4	99.4	
78.5	99.4	
89.2	89.5	
87.8	39	
97.1	89.3	
89	88.1	
87.8	99.4	
76.7	59.2	
98.9	99.4	
88.8	99.4	
98.3	58.8	
56.5	99.4	
88	99.2	
98.7	99.4	
67.8	99.6	
98.7	89.1	
88.6	89.7	
86.8	69.1	
34.7	99	
89.2	99.2	
97.3	7.3	
89.4	88.9	
87.6	99.2	
98.3	99.4	
88.8	89.5	
76.9	99.4	
99.3	29.5	
97.9	69.1	
98.9	99.6	
87.8	79	
78.5	68.9	
98.1	49.5	
99.1	99.6	
99.1	99.2	
99.1	79.4	
98.7	99.6	
99.3	89.5	
89.2	78.8	
65.8	88.7	
98.9	58.2	
79.3	89.1	
98.7	99.4	
78.9	89.5	
88.8	79.6	
98.7	89.1	
99.1	99	
99.1	79.4	
89	19.2	
88.6	89.3	
98.9	99.4	
99.1	89.3	
98.9	89.3	
97.3	99.6	
98.9	99.2	
88.6	89.3	
98.5	89.1	
98.7	79.4	
98.7	89.7	
89	79.2	
38.1	78.8	
97.9	69.1	
99.3	99.6	
89.4	99	
68.4	39	
69.4	99.6	
95.9	89.7	
89.2	89.5	
98.9	99.2	
77.5	89.3	
86	99.2	
98.9	99.6	
89.2	99.6	
87.6	89.1	
99.1	89.5	
68.2	99.4	
77.9	29.1	
68.4	99.2	
79.1	99.4	
77.7	49.5	
68.4	69.3	
25.2	99.4	
77.7	89.7	
46	98.4	
98.1	39.2	
99.3	79.2	
87.4	99.4	
78.9	88.5	
78.9	89.3	
99.3	59.6	
67.4	89.7	
79.1	99.6	
99.3	99.6	
96.3	99.6	
47.8	69.5	
78.3	38	
88.8	99	
98.7	69.1	
88.6	99.4	
89.2	79.4	
98.1	89.5	
98.7	89.1	
97.7	99.4	
89	78.2	
64.6	99.2	
98.3	99.6	
99.1	89.5	
87.2	8.9	
98.9	89.3	
88.6	99.4	
79.1	99.4	
98.9	99.6	
99.1	99.6	
88.8	89.3	
36.1	99.4	
98.9	89.1	
97.7	99.6	
88.6	99.4	
77.3	99.6	
98.5	79.6	
68.2	27.5	
26.8	79	
78.1	78.8	
98.5	99.6	
77.7	88.9	
99.3	99.4	
79.1	88.7	
88.8	79.6	
89	48.3	
46	99.4	
79.1	99.2	
98.5	99.6	
89.2	99	
98.7	89.1	
26	99.6	
76.9	99.6	
87.2	99.4	
88.4	99.4	
78.5	79.6	
99.3	99.6	
56.1	89.1	
76.3	99.4	
99.1	68.9	
98.3	99.6	
77.7	88.7	
89.2	99.6	
99.3	89.7	
98.1	89.5	
99.3	38.4	
77.3	99.4	
97.7	99.2	
99.3	98.8	
65.6	99.4	
67.6	99.4	
66.8	99	
98.9	89.1	
88.2	69.3	
97.9	29.1	
89.2	88.9	
89	19.8	
88.2	89.3	
89.2	89.1	
77.3	55.6	
78.7	99.6	
78.1	69.1	
88.6	78.8	
97.5	89.5	
98.1	88.9	
89.2	89.3	
88.4	99	
86.4	78.6	
98.9	89.5	
87.6	69.1	
98.1	79.6	
99.1	99.6	
98.3	79.4	
77.7	99.6	
78.9	79.4	
89.4	99.2	
99.1	99.4	
78.5	98.8	
98.9	99.6	
86.4	29.3	
98.5	99.4	
88.2	99.4	
88.6	99.4	
47.4	99.4	
78.5	59.4	
89	88.7	
97.7	88.9	
77.9	99.6	
77.1	99.6	
67.6	99.4	
98.5	99.6	
97.5	99.4	
97.1	99.4	
88.6	99.4	
98.7	69.1	
88	89.7	
78.7	99.4	
88.2	99.6	
87.2	98.4	
88.8	69.1	
87.8	89.7	
77.1	99.6	
78.5	69.3	
87.8	99	
68.6	99	
98.1	69.3	
78.1	69.5	
89.2	79.4	
87.4	68.9	
47.8	39.4	
78.1	99.6	
78.9	79.2	
88.8	99.2	
87.4	88.9	
98.9	89.7	
74.9	99.2	
78.1	69.7	
96.9	38.8	
67.6	59.4	
78.1	89.1	
