76.5	-324.2	
36.7	68.5	
45.4	89.1	
76.9	89.5	
76.1	89.5	
98.9	89.5	
99.3	89.5	
87.8	89.5	
66.4	89.5	
67.8	89.5	
97.5	89.1	
97.1	69.1	
97.9	88.3	
98.7	79.4	
87.8	89.3	
99.3	87.9	
98.7	88.5	
99.3	89.3	
88.4	89.1	
70.7	89.1	
70.2	89.3	
95.5	79.4	
84.6	88.9	
82.8	79.2	
95.3	89.5	
75.2	89.5	
88.6	89.3	
67.2	89.5	
98.1	89.3	
93.1	79	
96.3	79.4	
95.3	88.9	
98.5	89.1	
88.6	89.5	
99.3	89.5	
97.9	89.1	
98.5	89.5	
98.3	89.5	
99.3	89.3	
99.1	68.3	
88.8	89.3	
99.3	79.4	
99.3	89.1	
99.1	89.1	
99.1	89.5	
89.2	89.3	
99.1	89.5	
98.9	58.8	
99.1	79.4	
99.3	89.3	
98.5	79.4	
99.1	79.2	
98.9	79.4	
99.1	89.3	
99.1	89.5	
79.1	79.2	
99.3	69.1	
89.4	89.3	
79.1	89.1	
98.9	89.3	
99.3	89.5	
99.3	89.5	
98.9	89.3	
89.4	89.5	
99.3	89.5	
99.1	79.4	
98.9	89.5	
99.3	89.3	
89	79.4	
98.5	89.5	
99.1	89.3	
99.1	89.3	
99.3	89.5	
98.7	89.5	
99.1	79.4	
99.3	89.5	
99.1	89.3	
88.8	79.2	
98.7	79.4	
99.1	79.2	
99.1	89.3	
99.1	89.5	
98.9	89.5	
99.3	89.5	
99.3	89.1	
99.1	89.5	
99.1	79.4	
98.9	89.5	
99.3	89.3	
99.1	78.8	
99.1	89.5	
89.4	79.2	
99.3	79.4	
99.1	88.9	
99.3	89.3	
98.9	89.3	
99.1	89.5	
98.9	89.3	
99.3	89.5	
89.4	89.5	
99.3	79	
99.3	89.5	
98.7	89.3	
99.1	68.9	
99.3	89.3	
98.9	79.2	
98.9	89.1	
89.2	89.1	
98.7	89.5	
98.9	89.3	
99.1	89.5	
89	79	
98.9	89.5	
99.3	79.2	
99.3	89.5	
99.3	89.5	
99.1	89.5	
89.2	89.5	
98.9	89.5	
99.3	89.5	
99.1	89.3	
99.3	79.4	
99.3	89.5	
98.5	79.4	
99.3	79.4	
99.3	89.3	
98.9	89.1	
98.9	89.5	
89.4	88.9	
99.1	89.3	
89.2	89.5	
99.3	89.5	
99.3	89.3	
89.2	89.5	
99.3	89.3	
88.6	89.5	
98.9	69.3	
99.3	89.5	
99.1	89.5	
99.3	89.5	
89.4	89.1	
99.1	79.4	
99.3	89.5	
98.7	89.3	
99.1	89.3	
99.1	89.3	
99.3	89.3	
99.3	89.5	
99.3	89.3	
99.1	58.6	
99.1	89.3	
99.1	68.7	
99.1	79	
99.3	89.1	
99.3	89.3	
88.8	89.1	
98.9	89.5	
89.2	79.4	
98.7	89.3	
89.2	89.3	
88.8	89.5	
99.3	89.3	
98.9	89.5	
99.1	89.5	
99.1	89.3	
99.3	89.3	
99.1	89.3	
99.3	89.3	
99.3	79.4	
98.7	89.3	
98.9	89.5	
89.4	89.5	
99.3	89.5	
99.1	89.5	
99.3	89.3	
99.3	89.5	
99.1	89.5	
99.1	89.3	
99.3	49.1	
99.3	79.2	
99.1	79.2	
88.8	79.4	
99.1	79	
98.9	89.3	
99.1	89.5	
99.3	89.3	
89.2	89.3	
98.9	89.3	
89.2	89.3	
98.5	88.9	
99.1	89.5	
98.9	89.1	
89	89.3	
98.9	89.3	
99.1	89.5	
99.1	89.5	
98.9	89.5	
89.4	89.3	
99.3	89.5	
99.3	89.3	
99.1	89.5	
99.3	89.5	
98.9	79.4	
98.9	79.4	
99.3	89.5	
99.1	89.3	
88	79.4	
99.3	89.3	
99.3	79.4	
88.4	79.4	
99.3	89.3	
99.1	89.5	
98.9	68.7	
99.3	89.5	
98.7	89.3	
89	89.5	
99.3	89.3	
98.9	89.5	
98.9	79.2	
98.9	89.3	
89	89.3	
99.1	68.5	
99.3	89.1	
98.9	79.4	
99.3	89.3	
99.3	89.3	
99.3	89.5	
88.4	89.5	
99.3	79.4	
99.3	89.5	
99.3	89.3	
99.3	89.3	
89.4	89.5	
99.3	79.2	
89.2	88.9	
99.1	89.5	
98.9	78.6	
99.3	88.9	
99.1	89.5	
99.3	89.5	
89.2	89.3	
99.1	79.4	
89.2	89.3	
99.3	89.5	
99.1	89.1	
98.7	89.5	
98.7	89.5	
99.3	89.3	
99.3	89.3	
99.3	89.5	
89.2	89.5	
99.1	88.9	
98.9	89.5	
99.3	79.2	
89	79.4	
89	79.2	
99.3	89.5	
99.3	89.3	
99.1	89.3	
99.1	89.3	
99.3	89.3	
99.1	89.5	
99.1	89.5	
99.3	89.5	
99.1	89.3	
89	89.3	
99.1	89.5	
99.1	89.5	
99.3	89.3	
99.1	89.3	
99.1	79.4	
98.9	89.1	
99.3	89.5	
99.3	89.5	
99.1	89.3	
98.9	89.5	
99.1	79	
99.3	89.5	
89.2	89.1	
99.3	89.5	
99.1	89.5	
89.2	89.1	
99.3	89.5	
99.3	89.3	
99.3	89.5	
89.4	89.3	
98.9	89.3	
98.9	89.5	
98.9	89.3	
99.3	88.9	
99.3	89.3	
99.3	89.5	
99.3	89.3	
99.1	89.5	
99.1	89.3	
98.3	89.3	
99.3	89.5	
79.3	58.8	
99.3	89.5	
79.3	69.1	
89.4	89.5	
99.1	89.5	
98.7	89.3	
99.3	89.5	
98.9	89.3	
89.4	89.3	
98.7	89.3	
99.1	89.5	
98.9	89.3	
98.9	89.5	
98.9	89.3	
99.1	79	
99.3	89.5	
99.1	89.5	
99.3	89.5	
79.1	89.5	
99.3	89.5	
99.3	79.2	
98.9	89.3	
98.9	79.2	
99.3	79.2	
98.9	89.5	
99.1	89.3	
99.3	89.3	
99.3	89.1	
99.1	89.1	
99.1	89.7	
99.1	89.5	
98.7	89.3	
99.1	89.5	
89	89.5	
99.1	89.3	
99.3	89.3	
98.9	89.3	
98.9	89.3	
98.7	79.4	
98.9	89.3	
99.1	79.4	
98.9	89.1	
98.9	89.5	
98.9	89.3	
98.9	69.1	
98.7	89.3	
98.9	99.4	
98.9	89.3	
99.1	89.3	
99.1	89.5	
99.3	89.5	
88.8	89.3	
99.1	89.5	
98.7	89.3	
98.7	89.1	
99.3	89.3	
98.7	79.2	
99.3	89.5	
99.1	89.3	
99.3	89.3	
99.3	89.5	
98.9	89.5	
99.3	69.3	
99.3	89.3	
99.3	79.4	
98.7	89.5	
98.5	89.3	
99.1	89.3	
99.3	89.1	
99.3	89.5	
99.1	79.4	
99.3	59.2	
99.3	58.6	
98.9	89.5	
98.9	89.3	
99.3	89.5	
99.3	89.1	
99.1	89.5	
89	89.5	
99.3	78.8	
99.3	89.3	
99.3	79.2	
99.3	79.4	
99.3	89.3	
78.7	89.5	
99.3	89.3	
98.7	89.5	
98.3	89.5	
98.9	89.3	
99.3	89.5	
98.9	89.5	
99.1	89.5	
99.1	79.2	
99.3	79	
99.1	89.5	
99.1	89.3	
99.1	89.5	
99.3	89.5	
99.3	79.4	
99.3	89.5	
98.9	89.5	
98.9	89.5	
99.1	89.5	
89.4	89.5	
98.9	89.5	
99.3	88.9	
99.1	89.5	
99.3	89.1	
99.1	79.2	
99.3	89.5	
99.3	88.9	
99.3	89.5	
99.1	89.5	
99.1	89.5	
99.3	89.5	
99.3	89.5	
98.9	89.5	
99.3	89.5	
99.3	89.5	
99.1	89.5	
98.5	89.5	
99.1	89.3	
99.3	89.5	
89	89.3	
99.1	89.5	
89.4	89.7	
89	89.5	
99.3	89.3	
99.3	89.3	
99.3	89.5	
99.1	89.3	
99.3	89.1	
99.3	79.2	
98.9	89.5	
98.7	89.5	
89.2	89.3	
99.3	79.4	
99.3	89.5	
98.9	89.7	
99.3	89.7	
99.1	89.7	
99.3	79	
99.1	89.5	
98.7	89.7	
99.3	89.7	
99.3	89.7	
99.1	89.3	
89	89.7	
99.1	89.7	
99.1	89.7	
99.1	89.7	
98.9	89.7	
99.1	89.5	
99.3	89.7	
99.3	89.7	
99.3	69.1	
99.1	99.6	
98.7	89.7	
89.2	89.3	
98.9	89.5	
99.3	89.5	
99.1	89.7	
88.6	89.7	
98.7	89.5	
99.1	89.7	
99.1	89.7	
99.1	89.5	
78.5	89.1	
99.1	89.7	
99.3	79.4	
99.3	89.5	
98.9	89.5	
99.3	79.4	
98.7	89.7	
98.9	89.5	
99.3	89.7	
88.6	89.7	
99.3	89.7	
99.1	89.7	
99.1	89.7	
98.5	89.5	
88.4	89.7	
99.1	89.7	
99.3	89.7	
99.3	89.7	
99.3	89.5	
98.7	89.7	
99.3	89.7	
99.1	79.2	
99.1	89.7	
99.1	89.7	
99.1	89.7	
99.3	89.7	
99.3	89.3	
99.3	79	
98.5	89.7	
99.1	89.7	
88.8	89.7	
89.2	89.7	
98.9	89.3	
99.3	79.6	
98.5	89.5	
98.7	79.6	
