16.5	-377.3	
57.9	49.5	
99.1	89.7	
98.1	88.9	
89	77.2	
31.9	66.1	
76.3	88.3	
98.7	89.5	
98.9	89.3	
77.5	89.5	
99.1	79.6	
63.6	38.8	
95.1	89.7	
95.9	89.5	
98.1	89.5	
94.5	59.4	
77.9	69.5	
93.3	89.7	
98.9	69.1	
88.4	88.5	
98.9	88.5	
98.7	89.7	
88.2	79.2	
87.8	88.9	
86.8	89.7	
67.2	49.5	
88.6	89.3	
99.1	79.2	
65.6	89.7	
88.4	79.6	
88	89.5	
98.7	59.6	
98.9	89.5	
99.3	8.5	
89	79.2	
97.9	69.1	
98.9	89.7	
89	89.7	
99.3	89.7	
99.1	79.4	
98.9	99.4	
89.2	68.9	
98.7	79.6	
99.3	79.6	
89.4	79.6	
98.7	49.1	
87.4	98.6	
86.2	79.4	
89.2	79.6	
99.3	89.7	
88.2	79.4	
88.6	38.4	
95.1	89.7	
78.9	89.5	
55.9	89.3	
88.8	69.3	
68.8	78.8	
89	69.3	
89	89.7	
98.5	99.4	
99.1	68.9	
79.3	89.3	
79.1	99.6	
78.3	89.5	
98.9	89.7	
98.1	69.3	
98.7	99.6	
68.8	89.7	
77.7	89.7	
88.6	89.5	
78.9	89.1	
88.4	59.6	
98.7	69.7	
99.3	99.6	
98.7	89.5	
98.9	89.7	
89.2	79.8	
87.2	99.6	
98.9	89.5	
99.3	79	
98.9	99.4	
98.5	89.5	
99.3	89.1	
99.1	59.4	
98.7	99.6	
89.2	99.4	
98.7	79.4	
98.9	89.1	
99.1	99.4	
99.3	99.2	
99.1	89.7	
47.6	99.6	
76.7	79.4	
98.9	99.4	
89.4	99.6	
89.2	99.4	
89	99	
85.4	79.8	
99.3	99.6	
99.1	99.6	
99.3	99.6	
99.3	99.6	
99.1	99.6	
98.1	99.6	
98.5	99.2	
99.1	88.9	
98.5	79.8	
99.3	99.6	
68.4	89.5	
98.9	39	
98.3	99.6	
78.7	99.6	
99.3	99.6	
89.2	89.7	
89	79.2	
98.7	99.6	
88.8	99.4	
99.1	99.6	
79.1	89.1	
88.8	99.4	
89.2	99.6	
89.2	89.5	
98.5	99.2	
98.9	89.7	
99.3	99.6	
99.3	89.7	
88.8	89.7	
88.8	89.5	
99.1	99.6	
99.1	99.4	
99.1	99.6	
98.5	79.6	
99.3	69.3	
88.8	99.6	
98.7	88.9	
99.3	89.5	
99.3	89.5	
98.9	89.7	
89	99.6	
99.3	99.2	
98.9	89.7	
98.7	99.6	
98.9	99.6	
89	99.6	
99.3	89.7	
79.1	89.3	
88.8	99.2	
98.5	89.3	
78.5	79.8	
78.1	99.6	
89	99.6	
98.5	69.5	
89.2	99.6	
97.9	69.7	
98.9	79.2	
99.3	99.4	
98.9	99.4	
99.1	88.9	
99.1	99.6	
99.3	99.2	
99.3	99.6	
99.1	99.6	
99.1	99.6	
98.7	89.5	
99.1	99.6	
99.1	99.4	
89	99.6	
78.7	99.6	
99.1	99.6	
89.4	99.6	
99.1	99.2	
97.5	89.7	
98.9	99.4	
98.7	89.5	
98.9	99.6	
98.9	99.6	
98.9	99.6	
89.4	79.8	
98.7	79.8	
98.9	89.5	
88.8	99.6	
99.3	99.2	
99.3	89.5	
99.3	89.1	
99.1	89.1	
98.3	99.6	
88.4	99.4	
89.2	99.6	
99.1	99.6	
99.3	99.2	
88.2	89.7	
89.4	99.6	
88.8	99.6	
99.1	99.4	
98.9	99.2	
98.5	99.4	
99.1	99.4	
89.2	99.6	
99.1	99.6	
98.3	79.4	
89.2	89.7	
89.4	99.4	
89.2	99.6	
99.3	99.6	
98.7	99.6	
98.9	99.6	
79.5	99.6	
99.1	99	
98.7	98.8	
99.1	99	
99.1	99.4	
89	99.6	
99.3	89.5	
99.1	99.6	
98.1	99.4	
99.1	99.4	
99.1	99.4	
99.3	48.9	
88.8	89.7	
98.7	89.7	
98.9	89.7	
99.3	99.6	
98.7	99.6	
88.8	69.5	
98.7	89.7	
68.4	89.7	
98.7	89.5	
77.9	89.7	
86.8	99.6	
98.5	89.7	
78.5	69.7	
98.9	89.5	
98.9	99.6	
99.3	58.8	
89.4	99	
99.1	99.6	
98.9	99.6	
99.3	99.6	
99.3	99.6	
99.1	99.6	
99.1	89.5	
89.4	79.4	
89.2	99.2	
99.1	89.3	
99.3	89.1	
99.1	99.2	
99.1	99.6	
98.9	99.6	
98.5	99.4	
98.9	99.4	
79.3	99.4	
99.1	99.6	
98.7	99.6	
99.3	99.6	
89	99.6	
98.7	99.2	
99.3	89.3	
98.7	89.3	
89.2	89.5	
87.8	89.7	
89	99.4	
89.2	99.4	
99.1	99.6	
88.6	79.8	
98.3	89.5	
88.6	99.2	
99.1	79.4	
78.7	89.7	
98.9	79.8	
88.8	79.4	
98.9	99.6	
99.3	99.6	
78.9	99.4	
79.5	99.6	
99.3	89.7	
89.2	99.6	
99.3	99.6	
99.1	89.7	
99.1	89.5	
98.9	89.1	
89.2	99.6	
89.4	99.6	
98.9	99.6	
88	99.6	
89.2	99.6	
98.5	98.8	
58.3	98.8	
99.3	79.4	
98.7	99.6	
99.1	89.5	
88.8	59.6	
99.3	89.3	
98.7	89.7	
98.9	69.5	
99.1	79.8	
89	99.6	
98.9	99.4	
99.3	99.4	
89.4	89.3	
78.9	99.6	
99.3	99.6	
99.1	99.4	
99.1	99.6	
88.6	99.4	
89	89.5	
98.9	99.4	
98.7	89.3	
88.6	99.6	
98.9	99.6	
99.3	99.6	
98.9	99.4	
98.7	99.6	
98.9	99.6	
99.3	59	
88.4	99.6	
89.2	99.6	
99.3	99.6	
98.9	89.3	
99.1	99.4	
99.1	99.6	
97.9	99.6	
98.5	99.6	
88.8	18.6	
97.5	99.6	
99.1	99.4	
99.1	99.6	
97.9	89.5	
99.1	99.6	
89.2	99	
88.8	99.6	
98.9	99	
99.3	89.3	
88.8	99.6	
96.3	99	
78.5	89.3	
98.7	99.4	
98.7	99.4	
98.9	89.5	
89	99	
99.3	99.2	
89	99.6	
98.9	99.6	
89.4	99.6	
99.3	99.4	
98.5	99.6	
88.8	99.6	
99.3	99.4	
99.3	99.6	
89.4	99.4	
99.3	99.4	
99.1	99.6	
89.4	79.6	
99.3	99.4	
98.9	99.2	
98.9	99.2	
89	99.6	
78.9	69.3	
89.2	99.2	
99.3	99.6	
99.1	99.6	
88.4	99.6	
89.4	89.5	
89	79.6	
98.3	89.1	
88.8	89.5	
88.8	99.6	
98.5	99.4	
98.3	99.6	
99.1	99.6	
89	99.6	
89.4	99.2	
79.1	79.2	
88.2	99.6	
78.7	58.6	
89.4	99.6	
89.2	99.6	
98.5	59.2	
99.1	99.6	
99.1	99.6	
98.7	89.3	
99.3	89.5	
99.1	99.4	
99.3	99.2	
89.2	89.7	
99.3	99.4	
99.1	79.4	
99.1	89.5	
99.1	99.6	
99.3	89.7	
99.3	89.5	
99.3	89.1	
98.7	99.6	
98.7	89.1	
99.1	99.2	
99.1	99.6	
69	89.5	
99.1	99.4	
99.3	99.6	
99.1	99.6	
98.9	89.1	
99.1	99.6	
99.1	88.5	
99.1	99.6	
99.1	99.2	
89.2	99.2	
99.3	99	
99.1	99.6	
88.6	99.2	
79.1	99.4	
99.1	99	
78.7	99.6	
78.9	99.6	
98.5	99.4	
99.1	99.4	
88.6	99.4	
99.1	79.4	
98.5	98.8	
99.1	99.6	
99.3	69.5	
89	99.4	
98.9	99.4	
99.3	89.7	
99.1	89.1	
99.3	99	
98.7	99.4	
78.9	99.6	
99.1	99.4	
99.3	99.6	
89	99.6	
99.1	99.2	
77.7	99.4	
88.2	99.4	
99.1	89.5	
98.7	49.7	
78.9	99.6	
79.3	99.6	
98.9	99.6	
79.5	99.6	
98.9	79.8	
98.9	99.6	
98.3	99.4	
98.9	99	
89	99.6	
98.9	99.6	
98.9	99.6	
99.1	99.4	
99.1	98.6	
98.7	59.4	
99.3	99.4	
99.3	99.6	
98.3	99.6	
99.1	99.6	
99.1	99.4	
78.9	99.6	
99.3	79.8	
99.1	89.3	
99.3	99.2	
89.2	99.2	
99.1	99.4	
99.3	99.6	
88.6	99.6	
98.9	89.7	
99.3	39.6	
79.1	99.6	
99.1	99.6	
99.1	99.6	
79.1	99.6	
88.8	99.6	
98.5	99.4	
88.2	99.6	
88.8	89.5	
89	99.6	
77.9	99.6	
98.9	89.5	
88.2	99.6	
98.3	99.6	
99.1	79.2	
87.8	99.6	
98.7	99.2	
98.7	99.6	
88.8	99.6	
88.2	78.4	
88.2	89.3	
99.1	99.6	
88.6	89.5	
89	99.2	
89	99.6	
78.1	99.2	
88.8	99.4	
99.1	99.6	
89	99	
99.1	99.2	
88.6	99.4	
98.5	99.4	
98.9	89.5	
98.7	99.6	
98.1	99.6	
99.3	88.5	
98.9	79	
98.5	99.4	
