22.8	29.3	
67.2	-313.7	
44.4	58.2	
98.7	48.7	
46.4	68.5	
87.8	79.4	
98.9	5.9	
86.4	17.4	
88.6	58.2	
88.6	68.3	
98.7	57.2	
85.6	37.2	
98.5	88.7	
79.1	43.7	
86.8	67.5	
36.1	77.6	
98.5	28.5	
88.4	98.8	
86.8	-21.2	
86.4	39	
63.6	-2	
57.3	-45.8	
86.4	78.4	
99.3	46.7	
87.6	99	
98.5	69.5	
98.3	89.5	
98.3	98.6	
99.1	88.5	
88.6	88.3	
88	57.4	
99.3	99.4	
99.1	99.6	
98.3	89.3	
98.9	47.7	
87.4	79.2	
88.8	99.6	
77.9	49.1	
88.2	99	
98.7	89.1	
99.3	89.5	
99.1	99.6	
88	89.5	
74.9	99.4	
88	89.5	
96.9	99.4	
88.2	79.6	
89	99.4	
99.3	99.2	
99.3	99.4	
88.8	69.1	
98.9	88.5	
99.1	99.2	
99.3	99.6	
97.9	97.8	
88.8	89.3	
67.6	99.6	
78.7	27.1	
57.1	99.2	
78.1	89.1	
98.7	99.4	
89.2	79	
78.7	89.5	
98.9	99.6	
88	99.4	
78.1	99.6	
98.1	99	
89.4	88.7	
68.4	99.2	
98.7	89.5	
99.1	99	
99.3	79	
88.8	79.4	
88.2	69.1	
89.2	99.4	
89.4	78.6	
99.3	99.4	
98.3	99.6	
98.1	79.6	
89.2	99.4	
97.7	99.2	
99.1	99.6	
88.8	-10.9	
98.9	89.5	
98.7	99.6	
88.8	99.6	
99.3	89.1	
99.3	99.4	
88.8	99.6	
69.2	89.5	
99.3	69.1	
88.4	99.6	
98.7	99.4	
88.6	99.2	
97.9	77.6	
98.9	89.5	
89.2	99.6	
99.1	99.2	
57.9	89.3	
88.6	99.6	
99.3	88.9	
79.1	99.6	
67.2	79	
98.9	99.6	
88.6	99.4	
99.1	59	
89.2	29.3	
98.3	89.1	
89.4	99.6	
88	99.6	
98.9	99.2	
98.9	99.6	
99.1	59.4	
99.3	98.6	
99.3	69.3	
77.9	99.6	
98.9	99.6	
88.8	78.2	
89	99.4	
78.9	99.6	
89.4	99.6	
98.9	99.6	
98.3	79.8	
68	79.2	
89	88.7	
99.1	99.4	
88.6	98.6	
99.1	88.9	
68.8	99.6	
77.9	89.5	
98.1	89.3	
88.2	99.2	
97.7	99.6	
88.8	99.6	
88.6	99.6	
55.9	99.2	
98.7	59.6	
89.2	99	
98.5	99.2	
78.9	99.4	
77.7	58.8	
89.4	99.4	
89.2	99.4	
99.3	88.9	
78.7	99.6	
89	99.4	
87.8	99.4	
99.3	69.3	
99.1	59.2	
89.2	99.6	
89.2	89.5	
98.7	69.1	
96.5	79	
93.1	89.5	
65.8	49.3	
99.1	89.3	
78.5	89.7	
68.6	99.2	
58.3	99.6	
99.3	98.8	
89.4	99.6	
99.3	18.2	
98.9	49.3	
98.9	99.6	
99.3	69.5	
88.2	49.1	
89.4	99.6	
89	79.4	
88	88.9	
68.6	99.6	
98.5	99.6	
78.7	99.6	
79.3	99.6	
98.9	99.6	
77.7	99.6	
89	99.6	
98.9	88.9	
99.3	78.2	
77.7	89.3	
98.3	99	
98.7	99.4	
98.7	28.3	
98.7	99.4	
78.9	99	
88.6	89.3	
88.2	99.4	
89.2	88.9	
78.9	99.4	
98.1	99	
89	49.3	
78.3	99.6	
98.5	89.3	
89.2	99.6	
98.9	79.4	
99.1	79	
99.1	99.2	
98.9	99.2	
99.1	99.6	
89	99.4	
98.5	99.6	
98.9	99.4	
88	68.9	
99.3	99	
99.3	99.6	
88.4	99.4	
77.9	19.2	
98.5	99	
98.9	99.2	
98.9	99.6	
99.1	99.4	
98.5	99.6	
98.9	99.6	
99.1	99.4	
98.9	99.6	
89.4	39	
66.4	79.6	
99.1	99.4	
99.3	89.7	
98.9	99.6	
98.9	99.2	
98.1	99	
78.9	58.6	
77.9	79.4	
99.3	99.6	
98.7	89.5	
98.9	99.6	
98.3	67.9	
78.3	99.6	
99.1	99.4	
98.7	99.2	
99.1	99.6	
89	99.6	
88	99.6	
98.7	68.7	
87.4	69.3	
98.1	89.7	
98.9	99.4	
78.1	89.3	
88.6	99.2	
78.5	99.4	
78.1	89.5	
99.1	99.4	
98.5	99.6	
98.1	69.1	
97.5	99.2	
99.3	99.6	
99.3	99.6	
98.9	89.5	
97.9	99.6	
88.6	88.7	
98.9	79.2	
68.6	99.6	
97.9	99.4	
89	99.6	
98.7	49.3	
77.7	99.6	
88.4	89.3	
98.5	99.6	
89.4	99	
88.8	89.7	
98.3	89.7	
98.7	69.3	
99.3	89.7	
89	99.4	
89.2	98.4	
88.2	89.5	
98.7	68.5	
78.1	88.5	
79.1	99.6	
88.2	99.6	
79.1	99.4	
99.1	99.6	
97.9	89.7	
98.1	99.6	
88.8	88.7	
98.7	99.6	
68.4	89.5	
98.9	99.6	
86.4	88.9	
99.1	99.6	
98.7	99.2	
98.9	99.4	
99.1	99.2	
89.2	99.4	
77.5	88.9	
77.9	59	
36.7	58	
99.1	99.6	
89	99.6	
89.4	69.1	
87.4	89.7	
89	79.8	
98.7	99.2	
89	89.5	
99.3	89.3	
99.3	99.4	
88.8	99.6	
88.8	89.7	
99.3	99.6	
88.8	89.5	
98.7	88.7	
99.3	99.6	
98.5	79.6	
98.9	89.1	
98.5	99.4	
98.7	29.5	
87.4	99.6	
97.5	89.3	
98.9	89.5	
98.5	99.6	
98.5	89.3	
89.2	89.5	
98.9	89.1	
88.8	99	
98.5	58.8	
36.3	99.4	
78.9	99.6	
88.8	69.1	
89.2	99	
88.2	99.2	
88.4	99	
98.7	78.8	
99.1	99.6	
88.4	99.6	
88.2	99.6	
79.1	89.3	
89.2	99	
99.3	99.6	
99.3	99.6	
97.1	99.2	
99.1	99.2	
99.3	99.6	
88.4	68.9	
99.3	89.3	
68	99.4	
89	99.6	
98.7	98.6	
87.4	79	
98.7	99.4	
88.6	99	
98.9	89.3	
67	99.6	
98.9	99.6	
99.3	38.6	
98.9	89.1	
88.4	99.4	
88.8	79.2	
98.9	89.5	
98.3	99.4	
69.2	99	
98.5	59.2	
98.3	78.4	
98.9	89.7	
98.5	99.6	
57.1	99.6	
88.6	89.5	
98.9	99.4	
78.1	99.6	
99.3	89.5	
98.9	98.8	
98.5	99.6	
68.2	98.8	
98.7	69.3	
99.3	99.6	
67.8	99.4	
79.3	99.6	
98.7	89.7	
69.4	99.6	
98.7	68.7	
89	89.7	
78.1	99.6	
46.4	88.9	
98.9	99.2	
89.2	99.6	
78.7	99.6	
98.7	99.4	
99.3	98.8	
88	89.5	
99.3	69.5	
99.1	89.1	
98.9	99.4	
98.5	99.4	
98.3	99.6	
97.9	89.1	
99.1	69.7	
98.5	78.6	
99.3	99.4	
58.7	99.6	
99.3	99.6	
89	99.6	
99.1	99.4	
68.2	99.6	
99.1	99.2	
98.7	89.1	
89.2	79.4	
99.1	79.8	
89	89.5	
98.9	89.1	
98.7	99.6	
98.9	69.1	
99.1	69.7	
89	99.6	
99.3	99.2	
88.8	88.9	
88.8	89.7	
99.3	99.4	
99.1	88.5	
88.6	89.1	
57.9	99.2	
79.1	89.7	
89	89.7	
99.1	88.9	
89.4	99.6	
89.2	99.6	
58.3	99.6	
98.7	99.4	
99.1	99.6	
98.5	99.6	
88.2	39.2	
87.2	89.1	
98.1	99.6	
77.7	99.4	
99.1	89.5	
77.3	99.4	
68	89.3	
98.9	99.4	
87.6	99.6	
97.7	89.7	
98.9	69.1	
99.3	69.3	
88.6	99.4	
97.9	99.6	
98.1	79.8	
98.5	99.6	
76.9	99.6	
98.9	99.4	
98.9	99.4	
98.1	89.7	
99.3	89.1	
98.5	59.4	
78.3	68.7	
88.8	89.3	
98.7	99.6	
99.3	89.3	
89	59	
58.5	79.6	
88.8	99.4	
87.8	99.6	
99.1	39.4	
98.7	99.2	
98.1	99.6	
98.5	98	
87.4	59.2	
88.6	99.2	
57.7	99.6	
98.9	99.4	
98.7	89.5	
99.3	79.6	
99.1	89.5	
99.3	99.6	
99.1	99.6	
99.3	99.4	
98.3	79.6	
78.5	88.5	
79.1	99.6	
88.2	99.6	
99.1	99.2	
99.1	99	
78.9	99.6	
99.1	99.4	
88	88.1	
78.5	99.6	
99.1	89.7	
99.3	88.7	
88.6	79.8	
98.1	89.5	
98.7	79.4	
87.4	89.5	
87	79.8	
77.7	89.5	
99.3	99.6	
98.9	99.6	
56.7	99	
99.3	99.4	
88	79	
98.5	99.6	
48.8	99.6	
99.1	99.6	
88.6	99.2	
99.1	79.6	
99.1	89.5	
89.2	99.4	
88.6	99.6	
99.3	99.6	
99.1	79.4	
58.3	89.5	
98.7	99.6	
98.7	78.8	
99.3	99.6	
98.1	88.9	
