-15	-51.3	
88.6	-72.5	
68	38.4	
78.5	87.9	
66.6	79	
67	-11.7	
78.7	39	
87.8	78.4	
66.4	19	
52.7	49.1	
87.4	-33.1	
99.1	78.6	
30.5	59.4	
78.3	89.5	
98.7	88.5	
73.3	99.4	
55.5	68.7	
78.1	99.4	
87.2	99.2	
87.4	28.7	
98.1	99.4	
73.3	89.5	
78.3	-30.9	
87.8	99.2	
78.9	89.3	
78.3	88.5	
78.3	99.6	
97.9	78.4	
84.2	98.8	
78.1	38.6	
97.3	28.3	
98.9	69.3	
98.5	79.6	
95.1	18.6	
98.9	98.8	
98.7	89.1	
78.5	89.7	
88.6	99.6	
46.8	98.6	
79.1	99	
89	99.4	
88	99.6	
86	89.1	
97.9	99.6	
85.8	99.4	
77.1	99.4	
98.7	99.6	
76.5	99.4	
87.2	99.4	
88.4	99.6	
99.3	98.6	
98.3	98.8	
98.1	99.6	
89	69.3	
88.6	39.4	
99.1	99.4	
78.7	99.4	
98.9	99.6	
99.1	99.4	
99.1	99.4	
88.6	99.6	
79.3	79.8	
98.9	99.6	
87.6	98.4	
88.4	59.2	
98.9	99.2	
98.1	69.7	
99.1	89.3	
97.9	99.6	
98.9	98.8	
98.9	99.4	
88.4	89.1	
99.1	99.6	
79.3	79.2	
78.3	89.3	
98.3	69.5	
99.3	99.6	
98.7	99.6	
79.5	99.4	
97.7	99.4	
99.3	89.1	
98.5	99.6	
88.4	99.4	
97.3	99.2	
77.7	99.6	
88.4	79.8	
98.7	89.5	
98.5	99.6	
99.1	79.2	
99.3	79.6	
99.3	99.4	
98.9	98.8	
98.9	99.6	
98.5	99.6	
99.3	49.3	
78.3	68.9	
98.7	99.6	
98.9	99.6	
99.1	99	
89.2	99.4	
99.3	69.5	
88.6	99.6	
98.9	69.3	
76.1	99.6	
99.1	99.6	
78.9	99.6	
87.6	99.2	
98.5	99.4	
98.9	99.6	
98.9	89.3	
88.4	-0.6	
99.3	99	
78.9	89.5	
88.2	89.7	
99.3	99	
87.6	99.4	
89	99.4	
99.3	99.6	
67.2	99.4	
98.9	99.2	
98.5	99.6	
98.7	89.7	
98.5	89.3	
99.1	99.4	
99.3	99.6	
88.6	89.3	
99.1	89.5	
98.3	89.5	
98.7	99.4	
89.4	99.4	
98.7	98.8	
89.4	79.8	
87.6	99.6	
89.2	99.6	
98.5	99.6	
98.9	89.5	
89.4	89.3	
79.1	89.3	
79.1	99.4	
98.7	99.4	
97.9	89.3	
98.9	79.6	
89	89.5	
88.2	89.5	
98.3	99.6	
98.9	89.7	
88.8	89.3	
99.1	89.3	
88.4	89.7	
89.2	89.5	
78.9	99.4	
99.3	99.6	
87.2	88.5	
78.1	99.4	
99.1	99.4	
89.2	89.5	
99.3	49.1	
99.3	79.6	
69.4	99.6	
99.3	79.4	
99.3	59.4	
99.1	79.6	
98.9	68.5	
89	79.2	
99.3	99	
99.1	99.6	
98.9	99	
98.3	99.2	
98.9	78.6	
99.1	99.6	
89.2	79.6	
79.1	89.7	
98.9	99.2	
99.3	89.1	
98.5	59	
79.3	79.4	
89	99.4	
78.7	88.9	
98.7	99.6	
77.5	79	
88.4	99.6	
99.1	99.2	
98.1	99.6	
98.9	99.2	
99.3	99.6	
78.9	99.4	
99.1	99.6	
89.2	99.2	
68.6	89.5	
88.6	99.4	
98.3	79.4	
88.6	99.4	
88.4	99.6	
88.6	99.4	
99.1	99.6	
89	89.1	
98.7	79.6	
98.9	88.9	
89	99.6	
99.1	89.5	
99.1	99.6	
88.8	89.5	
89.4	99.6	
98.7	77.4	
97.7	78.8	
99.1	99.6	
77.5	78.6	
99.1	99	
88.2	79.4	
98.7	89.3	
89	89.5	
98.9	99.4	
88.4	99.4	
89.2	99.2	
88.8	99.4	
68.4	99.2	
98.7	89.3	
78.9	68.3	
88.8	89.7	
68.6	99.6	
98.7	79.6	
78.5	99.6	
97.7	89.1	
89	99.6	
87.4	99.6	
68.4	99.4	
89.2	99.6	
99.3	99.6	
89	69.7	
98.9	98.8	
89	99.6	
99.1	99.4	
66.8	89.5	
98.7	99.6	
98.9	89.5	
99.3	-20.8	
68.4	99.2	
97.9	89.3	
58.3	99.4	
76.1	99.6	
99.3	99.4	
99.1	99.6	
89.4	99.6	
99.3	89.5	
78.9	99.2	
99.1	89.5	
88.6	99.6	
98.1	79	
97.7	99.4	
98.5	99.2	
98.7	89.5	
98.1	79.2	
98.5	99.6	
79.1	89.5	
79.1	89.3	
88	79.4	
97.9	47.3	
98.9	99.4	
99.3	78.4	
99.3	79.8	
99.1	59.4	
98.7	99.4	
99.3	99.6	
88.8	79.6	
89.4	79.8	
98.7	99.6	
98.9	99	
98.7	69.3	
99.3	99.4	
89	89.7	
89	89.5	
89	99.2	
98.7	89.3	
78.5	99.2	
88.8	89.5	
99.3	99.6	
89.2	88.5	
66.2	89.5	
88.8	78.6	
98.3	69.5	
78.3	89.5	
98.9	59	
98.9	69.1	
98.7	99.2	
98.9	99.2	
88.8	99.6	
57.9	99.6	
98.5	99.4	
98.7	89.7	
69	99.2	
78.3	99.4	
87.8	98.8	
74.3	99.6	
56.1	99.4	
88.8	99.2	
99.1	79.6	
99.3	88.9	
89.4	99.2	
78.9	99.4	
99.1	99.6	
99.1	99.4	
99.1	79.6	
79.3	99.6	
97.5	99.2	
98.3	79.4	
98.9	99.2	
98.9	99.2	
88	99.6	
78.9	48.9	
88.4	79.6	
99.1	79.8	
77.5	59.4	
88.6	59	
88.8	79.8	
99.3	99.4	
98.9	79.8	
98.1	99.6	
88	89.1	
89.4	59.6	
99.3	99	
99.1	99.4	
99.3	89.5	
99.1	99.6	
98.9	89.3	
98.9	89.5	
98.1	99.2	
77.1	89.7	
98.7	99.6	
89.2	99.6	
98.9	69.5	
88.6	99.4	
89.2	99.4	
98.7	99.2	
89	99.4	
98.7	98.4	
88.6	98.8	
99.1	99.6	
98.7	99.6	
88.6	99.6	
98.9	98.4	
98.3	69.3	
98.5	79.2	
88.4	99.4	
98.7	99.6	
98.9	89.1	
99.1	89.5	
88.6	99.4	
99.1	99.6	
88.2	99	
77.3	99.4	
98.3	79.4	
98.9	99.4	
99.1	98.4	
98.7	89.7	
89	99.4	
88.8	99.6	
88.2	98.6	
98.9	99	
68.8	98.8	
87.8	99.2	
78.1	99.6	
89.2	99.6	
58.5	99.6	
89.2	99.2	
99.3	89.7	
98.5	99	
99.3	99.6	
99.3	89.5	
88.2	88.7	
98.5	79	
89.4	89.7	
98.1	89.5	
99.3	99.4	
88.8	89.5	
89	79.6	
99.1	99.4	
88.4	-0.4	
98.3	99.6	
89.2	99.6	
98.7	59.4	
89.4	98.8	
99.3	59.6	
89.2	99.6	
98.3	58	
89.4	99.2	
98.3	99.6	
67.4	89.7	
98.7	68.9	
89.4	99.4	
89	89.1	
98.9	99.4	
88.4	89.5	
89.2	89.7	
98.7	89.7	
88.6	99	
98.9	99.2	
99.1	99.6	
88.4	89.3	
99.3	99.4	
89.4	89.1	
99.1	99.6	
98.7	99.6	
88.4	69.7	
99.3	99.4	
99.1	89.7	
98.7	89.3	
88.8	89.3	
98.9	99.6	
79.1	99.4	
88.6	69.3	
88.8	89.7	
89	89.5	
88.8	99.4	
87.4	99.4	
98.9	59	
89	89.7	
88.4	99.2	
98.1	99.4	
69	89.5	
98.5	99.6	
88.2	99.2	
98.9	89.7	
88.8	99.6	
89.2	-31.5	
88.2	89.3	
98.3	99.4	
89.2	89.7	
99.1	78.8	
98.7	49.7	
99.3	99.6	
89	99.2	
77.5	99.6	
99.1	79	
89.2	39.8	
98.5	79.6	
78.3	99.6	
89.2	99.4	
88	89.7	
77.5	39.4	
79.1	99.4	
77.1	89.1	
89	79.4	
68.8	99.2	
89	89.5	
99.1	99.6	
99.3	88.3	
89.2	99.6	
98.7	99.6	
99.1	99.6	
98.9	89.5	
98.5	99.4	
68.6	69.7	
88.6	79.4	
88	99.4	
88.6	79	
89.2	99.4	
99.1	88.1	
99.1	39.2	
99.3	99.6	
88.6	99.6	
98.1	89.1	
79.3	89.5	
88.6	79.4	
36.7	99.2	
68	79.8	
78.5	99.6	
98.5	99.6	
69.4	68.5	
89	99.2	
88.8	79.6	
87.8	99.6	
98.9	79.4	
88.8	99.6	
98.5	99.4	
88.2	98.8	
99.3	48.1	
99.1	99.4	
88.2	89.5	
88.6	89.7	
97.7	99.2	
98.9	99.4	
88.8	99.4	
99.1	99.6	
98.5	89.5	
78.7	99.2	
88.2	89.1	
99.3	99.2	
98.9	79.2	
79.3	99.2	
98.7	88.7	
89.4	69.5	
99.1	99.6	
99.1	89.3	
99.1	98.8	
88.6	89.7	
88.4	79.8	
98.9	79.4	
98.9	99.4	
97.9	29.7	
98.7	99.6	
