99.1	-51.7	
77.9	87.9	
57.9	88.9	
-38	88.7	
98.9	9.5	
99.3	59	
75.3	79.2	
98.9	59.4	
98.5	59.2	
98.5	98.8	
76.9	89.1	
78.7	78.6	
79.3	67.3	
98.7	89.3	
89.2	89.3	
98.5	78.8	
89.4	89.5	
84.4	98.6	
98.7	59.4	
56.1	69.3	
98.1	38.4	
98.5	88.9	
99.1	69.1	
99.1	88.9	
77.1	89.5	
99.1	69.3	
78.9	99.4	
99.1	58.4	
78.5	99	
98.5	59.4	
99.3	99	
98.5	68.9	
78.5	89.5	
99.3	89.5	
98.9	58.8	
99.1	68.3	
99.3	99.6	
78.9	99	
88.2	89.5	
68	99.6	
69	99.6	
68.6	89.5	
98.5	99.6	
98.1	99.2	
89.4	99.2	
89.2	99.6	
98.7	98.8	
98.1	99	
79.3	99.6	
77.9	99.6	
98.5	89.5	
99.3	99.6	
98.1	79	
99.3	99.4	
78.3	99.6	
99.3	99.4	
68.8	79.2	
99.1	99.6	
88.8	49.3	
89.4	98.4	
66.4	99.6	
99.1	99.6	
98.1	99.2	
98.3	89.5	
99.3	99.2	
98.7	79.4	
89.2	99.6	
89.4	99.6	
99.3	99.4	
98.7	39	
99.3	99.6	
99.3	99.4	
98.5	99.2	
99.3	79.4	
89.4	99.2	
88.8	99.4	
99.3	49.5	
88.6	79.6	
78.7	88.5	
69	99.4	
98.3	99.6	
99.3	99.6	
89	99.6	
88.8	99.2	
98.3	79	
88.6	89.5	
77.7	99	
68.8	99.2	
97.9	99.6	
66.6	69.1	
99.1	78.4	
67.8	48.5	
98.1	99.6	
89.4	99.6	
86	99.6	
98.3	88.9	
99.3	89.5	
99.3	99.2	
98.9	99.6	
99.3	99.6	
98.3	77.8	
88.6	89.5	
99.1	99.2	
98.7	88.9	
99.3	89.5	
98.3	99.4	
99.1	99.4	
98.9	59.6	
98.3	88.5	
89	99.2	
88.8	99.4	
88.4	98.2	
99.1	99.6	
99.1	89.3	
76.9	99.2	
96.7	99.6	
56.9	99.4	
89	68.9	
87	99.6	
89	99.6	
97.5	99.6	
88.2	99.6	
88.2	99.2	
99.3	99.6	
89	99.2	
99.1	89.7	
78.5	88.5	
96.1	99.2	
68	99.6	
99.1	88.7	
89	99.6	
98.1	69.3	
89	89.1	
97.9	99.4	
88.8	89.5	
98.7	99	
99.3	99.4	
98.9	89.1	
88.8	89.3	
57.5	99.4	
88.8	99.6	
99.3	99.4	
98.9	59.4	
88.8	89.3	
88	99.6	
89	99.6	
88.6	99.6	
97.9	99.4	
99.1	99.6	
99.3	99.4	
99.3	99.6	
99.3	99.4	
99.1	89.5	
98.5	79.4	
99.3	89.1	
99.3	79.6	
98.5	99.4	
97.7	99.4	
98.9	99.4	
99.1	49.1	
98.9	68.7	
77.7	89.1	
99.1	99	
88.4	99.6	
98.5	99.6	
99.3	89.7	
98.9	99.6	
98.9	89.1	
78.9	69.7	
87	99.6	
89.2	79.4	
98.9	99.4	
88.6	59.6	
99.3	89.7	
68.2	99.6	
87.6	99.4	
99.3	78.2	
89	89.3	
98.5	99.4	
86.8	99.4	
98.7	99.6	
99.3	89.5	
88.8	99.6	
89	89.7	
98.5	99.6	
89.2	99.6	
97.9	99.6	
98.9	99.6	
96.3	99.2	
88.4	99.6	
88.8	99.4	
99.1	99.6	
98.9	99.2	
99.1	99.6	
88.4	89.1	
98.3	99.2	
88.8	99.2	
98.3	89.7	
99.1	99.2	
89	99.4	
98.9	99.6	
89	99.6	
88.6	99.6	
96.1	79.6	
88.4	99.6	
79.3	99.6	
89	99.2	
87.6	88.7	
88.4	99.6	
87.8	99.6	
67.8	99.4	
78.3	99.6	
99.3	89.5	
99.1	89.5	
89.4	49.3	
99.3	99.6	
98.5	99.2	
98.9	99.6	
99.3	99.6	
98.7	99.6	
99.3	98.8	
89.2	99.6	
78.7	89.5	
88.8	99.2	
89.4	89.1	
88.8	99.2	
97.7	79.6	
77.7	99.4	
98.3	99.4	
98.3	58.2	
89.2	69.3	
89	48.3	
99.3	99.4	
98.7	68.9	
99.3	99.2	
99.3	89.3	
88.8	99.6	
99.3	68.7	
88.6	99.6	
98.9	69.1	
89	99.6	
99.1	99.4	
78.7	99	
98.9	49.5	
78.5	99.6	
89.2	79.4	
98.7	89.7	
78.5	99.6	
97.9	99.2	
97.9	89.3	
88.8	99.6	
98.9	78.6	
99.1	79.2	
98.9	69.3	
98.9	99.4	
89	77.8	
98.9	99.6	
98.9	89.7	
98.7	99.6	
88.4	99.6	
89.2	99.6	
79.5	69.1	
88.8	99.6	
99.3	99.2	
88.4	79	
88.6	89.7	
78.5	99.2	
78.9	89.5	
99.1	99.6	
98.9	99.4	
89.2	89.5	
99.1	99.4	
99.1	99	
68.2	99.4	
99.1	99.4	
99.3	59.2	
88.4	78.4	
68.8	69.1	
88.8	99.4	
78.3	99.6	
88.4	99.4	
88.8	79.2	
77.5	99.6	
89	89.7	
98.5	89.5	
89	99.2	
89	58.8	
98.3	67.9	
89.2	99.4	
98.5	99.6	
88.2	99.2	
89.2	89.3	
89.2	9.3	
89.2	69.7	
98.9	99.6	
88.8	99.6	
99.1	69.5	
98.9	99.6	
78.1	99.6	
75.1	99.2	
98.3	87.7	
98.7	99.2	
78.9	99.2	
88.2	99.6	
89.2	99.6	
68.6	99.4	
89	99.6	
67.6	99.4	
78.3	89.1	
89.2	99.4	
98.7	79.4	
89	99	
88	99.6	
78.5	69.5	
98.1	89.5	
89	99.6	
88.6	99.6	
89	88.9	
99.3	99.6	
89.2	89.5	
98.9	99.4	
78.3	89.5	
88.8	98.8	
99.1	89.5	
89	99.4	
89	99.6	
78.7	99.6	
99.1	99.2	
98.3	99.4	
88.8	89.5	
78.5	99.6	
88.2	99.6	
99.3	79.4	
99.3	99.6	
98.5	89.7	
98.9	88.7	
88.2	99.6	
98.5	89.7	
98.9	99.6	
89	89.5	
98.9	79.4	
89	88.5	
58.1	99.6	
98.5	99.4	
98.9	88.7	
89	89.5	
98.7	89.5	
69.4	99.6	
99.3	88.9	
66.4	88.7	
88.6	99.6	
99.1	99	
99.1	99.6	
78.9	99.6	
88.6	99.6	
97.7	99.6	
88.6	99.6	
97.9	89.5	
98.9	99.4	
89.4	79.6	
78.5	89.3	
98.9	89.5	
67.6	99.6	
88.8	98.8	
87.8	89.3	
98.7	89.5	
78.9	89.7	
88	99.4	
98.9	89.7	
68.2	99.6	
78.5	69.7	
87.4	89.5	
77.5	99.6	
98.7	99.4	
69.2	88.9	
88	99	
78.1	78.8	
78.7	99.6	
89.4	99.4	
98.3	99.6	
99.3	88.9	
78.7	79.4	
77.7	99.6	
78.5	99.2	
89	99.6	
98.9	89.5	
98.9	99.6	
89.4	78.8	
68	89.1	
99.3	99.6	
99.1	99.4	
99.3	99.2	
98.3	79	
98.7	99.6	
89.4	89.7	
89	99.6	
98.5	89.3	
78.7	89.1	
89.2	99.6	
88.6	99.6	
89	89.1	
99.3	98.4	
99.3	69.3	
78.5	58.4	
97.9	99.2	
98.5	68.9	
77.3	99.6	
98.7	89.5	
88.4	89.3	
89	98.8	
79.1	89.5	
98.9	99.6	
79.3	99.2	
99.1	99.4	
89.2	88.9	
98.1	39	
99.3	78.6	
98.7	99	
98.9	99	
98.9	79.2	
98.7	99.6	
99.3	89.1	
98.9	99.6	
99.3	99.6	
38.1	99.6	
98.5	99.6	
98.9	99	
99.1	99.4	
98.7	99.2	
89.2	89.7	
99.3	99.4	
98.7	99.6	
89	99.6	
68.4	99	
99.1	99.6	
99.1	88.9	
89	99.6	
98.9	99.6	
78.5	99.6	
98.3	99	
89.4	99.6	
97.5	99.4	
88	78.8	
98.9	89.5	
99.3	99.4	
98.9	69.5	
89	99.2	
87.6	99.4	
99.1	99.4	
99.3	99.6	
98.9	99.2	
79.5	68.9	
88.8	99.2	
99.3	99.6	
98.9	99.4	
98.7	89.5	
88	99.4	
99.3	99.4	
88	79.4	
99.1	59	
88.2	99.6	
99.3	99.2	
99.1	89.7	
98.9	98.4	
99.1	59.6	
88.2	99.6	
87	99.6	
78.1	99.6	
99.3	99.4	
98.9	99.6	
78.3	99.6	
88.8	99.4	
98.5	79.4	
89.4	88.5	
99.1	89.7	
78.3	99.6	
98.1	89.5	
88	79	
89.2	99.6	
58.5	99.6	
78.7	99	
99.3	99.6	
88.8	79.4	
78.9	89.1	
99.3	99.6	
77.9	69.3	
78.9	99.4	
86.8	69.7	
77.9	99.6	
78.7	99.6	
97.7	99	
88	99.4	
98.9	99.6	
98.7	99.6	
98.9	89.3	
88.2	89.3	
77.9	79.6	
99.3	89.7	
98.9	99.6	
89	99.2	
