56.9	-926.6	
78.1	29.3	
66	75.8	
99.1	59.2	
95.7	78.8	
97.9	58.6	
78.5	48.3	
98.7	79.4	
98.3	59.4	
89	88.7	
37.9	77.6	
99.1	86.9	
98.9	48.3	
99.1	79.2	
98.1	8.9	
97.7	48.1	
99.1	59.2	
87.6	41.9	
97.7	78.2	
98.9	45.7	
99.1	78.4	
99.1	7.7	
98.5	89.1	
99.1	78.8	
98.9	89.3	
97.5	89.3	
98.9	68.9	
99.1	89.3	
99.3	59	
99.1	68.7	
98.7	58.2	
99.3	88.9	
99.3	79.2	
98.9	79	
99.3	88.3	
99.3	89.1	
99.3	79	
99.1	79.2	
99.3	79.4	
98.9	89.3	
99.3	89.3	
99.1	69.1	
88.6	79.2	
99.3	88.9	
98.7	89.3	
89.2	79.2	
89.4	89.1	
89	89.3	
99.3	89.3	
89	79	
99.1	99.4	
99.3	89.3	
99.1	88.7	
99.1	89.1	
98.7	89.1	
99.3	99.4	
89	89.1	
99.3	88.9	
89.2	79.2	
99.1	89.3	
99.1	88.5	
89	89.1	
99.3	78.8	
99.1	89.3	
99.3	89.3	
99.3	68.3	
99.3	89.3	
98.5	68.9	
98.9	79.2	
99.3	89.3	
99.1	69.1	
99.1	89.1	
99.3	59.2	
99.3	89.3	
99.3	79.2	
99.1	89.3	
99.1	79.2	
99.3	79	
99.3	67.9	
99.3	89.1	
99.3	99.4	
99.1	79.2	
99.3	99.6	
98.5	79.2	
78.7	89.3	
98.5	89.1	
99.3	89.3	
99.1	89.1	
88.8	99.2	
99.3	89.3	
89	99.6	
89.2	89.1	
99.3	89.3	
99.3	89.3	
99.1	88.9	
99.3	88.9	
99.1	58.6	
98.9	89.3	
89.2	89.3	
99.1	79	
99.3	89.3	
99.3	79	
89.2	89.3	
99.1	89.3	
99.3	89.1	
99.3	99.4	
98.5	99.2	
99.3	89.3	
89.4	89.1	
99.1	88.9	
99.3	89.1	
99.3	89.3	
99.1	69.1	
99.1	89.3	
99.3	99.4	
99.3	89.3	
89.4	89.3	
99.3	89.3	
88.6	89.1	
99.3	99.4	
99.3	88.7	
99.3	99.4	
99.3	78.8	
99.1	89.3	
98.9	99.4	
99.3	88.9	
99.3	68.7	
99.3	79.4	
99.3	79	
99.3	89.3	
99.3	89.3	
99.3	89.1	
99.3	89.1	
99.1	89.1	
99.3	79	
89.2	89.1	
99.3	79.2	
99.3	69.3	
98.7	79.2	
99.1	89.3	
99.3	99.6	
99.3	99.2	
99.3	99.2	
99.1	87.5	
89.2	89.3	
99.3	58.6	
99.3	79	
99.1	89.3	
99.3	89.3	
99.3	89.1	
98.9	99.6	
99.1	99.2	
99.1	89.3	
99.3	48.3	
99.3	79.2	
99.3	88.9	
99.1	89.3	
98.9	69.3	
98.9	89.3	
99.3	79	
99.1	89.3	
99.1	89.1	
99.3	88.3	
99.3	79	
98.9	79.2	
99.3	89.3	
99.1	68.5	
99.3	89.3	
99.3	89.1	
99.1	89.1	
98.9	88.9	
99.3	99.2	
89.2	89.3	
99.3	68.5	
99.1	99.4	
99.3	89.1	
99.3	89.1	
88.8	68.9	
99.3	88.5	
99.1	77	
99.1	76.2	
99.1	99.2	
99.1	89.5	
99.3	99.4	
99.3	99.4	
88.6	98.6	
99.3	88.9	
99.1	99.4	
99.1	99.4	
98.3	99.2	
99.3	99.4	
99.3	99.2	
99.3	99.4	
99.1	99.2	
99.3	99.4	
99.3	99.4	
99.3	88.7	
99.3	99.4	
99.1	99.2	
99.3	99	
99.3	78	
99.3	99.2	
99.3	99.4	
99.1	99	
99.3	99.4	
99.1	99.2	
99.1	99.4	
99.3	99.4	
89	99.4	
99.1	98.6	
99.3	99.4	
99.3	88.7	
99.1	99.4	
99.1	99	
79.5	99.4	
99.3	99.2	
99.3	99.4	
99.3	99.2	
99.3	99.2	
99.3	99.4	
98.9	99.4	
99.3	99.6	
78.9	99	
99.3	99.4	
89.2	99.4	
98.7	99.4	
99.1	99	
99.1	99.2	
99.3	99.4	
99.3	99.4	
99.3	99.2	
99.1	99	
99.3	99.2	
88.4	98.8	
99.3	99	
98.9	99	
99.3	99	
99.1	98.4	
99.1	88.9	
99.1	99.4	
99.3	99.4	
99.3	99.4	
99.3	99	
89	99.4	
98.7	99.4	
99.3	99.4	
99.3	99.4	
99.3	89.7	
99.3	99.2	
99.3	99.4	
89	99.2	
99.3	99	
99.3	99.2	
99.3	99.4	
99.3	99.6	
99.1	99.6	
99.3	99.6	
99.3	99.6	
98.7	88.5	
99.1	99.2	
98.9	99.2	
99.3	79	
99.3	99.4	
99.3	99.6	
99.3	99.6	
99.1	99.6	
99.1	99.4	
98.9	99.4	
99.1	99.6	
99.3	99.6	
99.3	99.6	
98.9	99.6	
99.1	99.6	
99.3	99.4	
99.1	99.6	
89.4	99.6	
98.9	99.6	
99.3	99.6	
99.3	89.5	
99.3	79.2	
99.3	99.6	
99.3	99.6	
99.3	99.4	
99.3	89.3	
99.3	99.6	
99.1	99.6	
89.4	99.6	
99.1	99.6	
99.3	99.6	
99.3	99.6	
99.3	99.4	
89.4	99.4	
99.3	89.5	
89.2	88.9	
99.1	99.6	
99.1	99.2	
99.3	99.4	
98.9	89.5	
99.1	99.4	
99.3	99.6	
99.3	99	
99.1	99.6	
99.3	99.6	
99.3	99.6	
99.1	99.6	
99.3	89.7	
98.5	99.6	
99.3	99.6	
99.1	99.6	
99.3	99.4	
99.3	99.6	
99.1	89.5	
99.3	99.6	
99.3	99.6	
99.3	89.3	
99.3	99.4	
99.1	88.9	
99.1	99.6	
99.1	99.6	
99.1	89.5	
99.3	99.4	
99.3	99.6	
99.1	99.4	
98.7	99.6	
99.3	99.2	
99.3	99.6	
99.3	99.4	
99.3	99.2	
99.3	99.4	
99.3	99.6	
99.3	89.5	
99.3	99.4	
99.1	99.6	
89	99.2	
99.3	99.6	
99.1	99.6	
89.2	99.4	
99.1	99.4	
99.1	99.6	
99.3	99.4	
99.3	99.2	
99.1	98.6	
99.1	99.6	
99.1	99.4	
99.3	99.2	
99.3	99.6	
99.1	99.6	
99.1	99	
89	99.4	
99.3	99.6	
99.1	98.8	
99.3	99.4	
89	99.6	
99.3	99.6	
99.1	99.4	
99.3	99.4	
99.3	99.6	
98.9	99	
99.3	99.4	
99.1	99.6	
89	99.6	
98.5	99.6	
98.9	99.6	
99.1	99.6	
88.8	79.2	
99.3	99.6	
99.1	99.2	
99.3	99.4	
99.3	89.3	
99.1	99.6	
99.1	99.6	
99.3	98.6	
99.1	99.6	
99.3	99	
99.1	99.6	
99.1	89.5	
99.1	99.6	
99.3	99.4	
99.3	99.6	
99.1	99.4	
98.9	79.4	
99.3	99.6	
98.7	99.6	
99.1	99.6	
99.3	99.4	
99.3	99.6	
99.3	99.4	
99.3	99.4	
99.1	99.6	
99.3	99.6	
99.1	99.6	
99.1	99.6	
99.3	99.6	
99.3	99.4	
99.3	99.4	
99.3	99.6	
99.3	99.4	
98.7	99.6	
99.3	99.4	
99.1	99.4	
99.3	99	
99.3	99.6	
89	89.5	
99.3	99.6	
99.1	99.6	
99.3	99.4	
99.3	99.6	
99.1	99.2	
99.3	99.6	
89.2	99.4	
99.3	79.2	
99.1	99.2	
99.1	99.4	
99.1	99.6	
99.3	99.6	
99.3	99.4	
89	99.6	
99.3	99.4	
99.3	99.6	
98.7	99.6	
99.3	79	
98.7	99.2	
89.4	99.6	
98.9	99.6	
89.2	99.6	
99.3	99.6	
99.3	98.8	
99.3	89.5	
99.3	89.3	
99.1	99.2	
99.3	99.6	
99.1	99.6	
99.3	99.4	
98.9	99.6	
99.3	99.4	
99.3	99.6	
99.1	99.6	
88.6	99.6	
98.9	99.2	
99.3	99.6	
99.3	99.4	
99.3	99.2	
99.3	99.6	
99.3	89.7	
89.4	99.6	
98.3	99.4	
98.9	99.6	
99.3	88.7	
99.3	99.6	
99.3	89.3	
98.9	99.4	
89	99.4	
99.1	99.6	
99.1	99.4	
99.3	99.6	
99.1	99.6	
99.1	99.2	
99.3	99.6	
99.3	99.6	
99.3	99.6	
99.3	99.6	
99.1	99.6	
99.1	99.6	
99.3	99.6	
99.3	99.2	
89.2	99.4	
99.3	99.2	
98.9	99.2	
99.3	99.6	
99.3	98.8	
99.3	99.4	
99.3	99	
99.1	99.6	
88.6	99.4	
99.3	99.2	
98.9	99.6	
79.3	98.4	
98.5	99.6	
98.3	99.6	
99.1	99.4	
99.3	99.2	
99.3	99.6	
89	99.6	
98.3	99.6	
99.3	99.2	
99.1	99.6	
99.3	99.4	
99.1	89.3	
88.6	99.4	
98.9	99	
89.2	99.4	
99.1	99.6	
99.3	99.6	
99.1	99.6	
98.7	99.6	
99.3	99.6	
99.3	99.6	
99.1	98.8	
99.3	99.6	
98.9	99.6	
