56.5	-387	
47.8	89.1	
98.7	56.6	
87	89.7	
67	77.8	
87.4	89.7	
14.7	79.4	
88.8	99.2	
66.8	89.5	
-89.4	99.6	
85.2	98.2	
88	99.6	
97.7	99.6	
99.3	79.4	
99.1	89.7	
98.3	99.6	
88.8	98.8	
98.7	49.3	
99.3	99.6	
99.3	89.7	
98.9	99.4	
89.2	49.5	
98.3	79.4	
98.7	89.5	
99.3	79.4	
79.1	89.3	
98.9	89.7	
99.1	99.6	
88.4	99.6	
89.2	99.6	
88.8	89.3	
99.3	89.5	
89.2	99.2	
99.3	99.4	
98.9	99.6	
56.8	79.8	
88.4	99.4	
76.3	89.3	
99.3	99.2	
87.8	89.3	
99.3	99.6	
88.2	89.5	
98.7	77.4	
87.8	99.6	
89.2	99.6	
85.2	89.5	
88.4	59.4	
99.3	79.4	
77.7	79.6	
98.5	99.6	
97.3	99.6	
88	89.3	
98.9	99.4	
89.2	99.4	
98.3	99.6	
88.2	99.6	
98.5	89.7	
98.9	99.6	
88.6	89.5	
97.7	99	
88.6	79	
68.4	89.5	
89.4	98.8	
76.9	79.4	
69	89.5	
76.5	89.1	
75.1	89.5	
78.7	89.5	
75.9	79.8	
66.8	89.7	
87.6	89.5	
79.5	89.5	
89.2	89.1	
89	69.1	
79.3	89.5	
68.4	89.1	
89.4	99.2	
79.1	99.2	
98.7	78.6	
99.1	99.2	
67.2	99	
89.4	99.6	
78.9	89.7	
95.7	89.5	
97.3	88.9	
97.9	99.6	
99.1	88.9	
89.2	89.7	
89	89.5	
99.1	89.3	
89.4	49.3	
99.3	99.4	
79.1	89.3	
99.1	99.6	
88.8	99.6	
88.6	99.2	
99.3	99	
98.9	99.4	
99.3	99.6	
98.9	79.8	
89	99.6	
98.9	99.4	
98.9	99.6	
98.5	69.7	
98.9	89.7	
98.7	89.7	
88.6	58.8	
98.7	89.7	
78.1	99.6	
78.9	99.6	
99.1	99.6	
99.3	89.3	
98.5	79.2	
98.9	18	
99.3	89.3	
99.3	99.6	
88.6	99.4	
87.6	99.2	
98.3	99.2	
79.3	99.4	
78.3	99.6	
46.4	99.4	
97.9	89.7	
87.8	89.7	
98.7	99.2	
98.7	89.3	
98.5	39.2	
98.1	89.5	
99.1	99.6	
88	99.6	
66.6	89.3	
98.1	89.5	
99.1	99	
98.5	99.6	
89	99.6	
99.3	99.6	
99.1	99.6	
89.4	79.8	
98.1	99.6	
89.4	88.9	
98.9	88.5	
98.9	99.4	
99.1	99.6	
98.9	99.6	
99.3	49.5	
98.7	99.6	
99.3	89.7	
89	99.4	
99.3	69.3	
88.6	99.4	
88.2	89.7	
79.5	59.6	
88.6	99.6	
99.3	99.2	
98.7	89.7	
99.3	89.7	
98.9	89.3	
77.9	89.7	
98.9	89.7	
67.2	99.4	
99.3	69.3	
89.2	89.3	
99.1	79.4	
98.7	99.6	
98.5	98.8	
89	99	
56.3	79.4	
98.9	99.6	
98.9	68.7	
89.2	99.6	
98.9	99.6	
98.9	99.6	
78.5	89.3	
87.8	99.2	
89	79.6	
99.1	99.2	
99.1	79.4	
98.3	-20.8	
99.1	79.4	
87.6	89.3	
98.1	99.6	
97.9	99.6	
88	99.6	
99.3	99.4	
78.9	99.4	
98.5	99.6	
67.6	99.6	
89.2	99.2	
99.3	99.4	
89	99.6	
99.1	99.2	
98.9	99.2	
98.9	88.9	
66.8	98.6	
89	89.1	
88.8	99.6	
89.2	99.4	
46.8	99.2	
98.3	98.6	
87	59.4	
88.6	99.6	
98.5	99.4	
89.2	99.4	
99.3	99.6	
89	99.6	
79.1	99.2	
98.5	99.2	
99.1	89.1	
98.9	99.6	
99.1	99.2	
99.1	99.2	
99.1	89.3	
89	99.4	
99.1	99.6	
99.3	99.6	
88.4	99.6	
97.9	99.4	
99.1	99.6	
89	99.6	
99.1	99.6	
99.1	58.6	
79.1	99.6	
98.9	99.4	
98.9	99.4	
99.3	79.2	
99.1	99.4	
96.9	99.6	
99.1	99.6	
88.6	99.2	
98.5	99.4	
99.1	89.3	
99.1	79.2	
78.7	99.6	
99.3	79.4	
99.3	99.6	
98.9	99.4	
99.3	99.6	
89.2	99.2	
88.8	99.6	
99.3	79.2	
99.1	99.6	
79.1	89.5	
98.7	99.6	
99.1	99.4	
99.3	99.6	
99.3	99.4	
89.2	99	
98.7	99.6	
88.4	79	
99.1	99	
88.6	69.5	
99.3	99.6	
88.8	79.8	
88.2	79.8	
99.1	89.1	
99.3	89.5	
99.3	89.5	
99.1	69.7	
97.5	79.6	
89	78.6	
99.1	79.8	
88.2	99.4	
88.4	89.5	
98.3	99.6	
99.1	58.4	
68.6	99.4	
99.1	99.2	
98.9	99.6	
99.1	99.6	
98.5	99.4	
98.9	79.8	
89.2	99.4	
99.3	99.6	
98.9	99.6	
99.1	99.4	
99.3	99.2	
89.2	99.2	
89.2	99.6	
99.3	99.2	
99.3	99.4	
88.8	79.6	
99.3	99.6	
99.3	79.6	
98.5	68.5	
99.3	99.6	
88.8	99.6	
98.7	99.6	
98.9	89.3	
98.9	89.1	
98.9	99.4	
99.3	99.6	
98.9	99.6	
98.7	99.6	
98.9	89.3	
99.3	89.3	
99.3	79.6	
98.7	99.6	
86.4	89.5	
99.1	79.8	
98.9	99.6	
89	79.8	
88.2	79.4	
99.3	89.5	
98.9	89.7	
99.3	79.8	
98.5	99.6	
78.3	99.6	
98.9	99.6	
88.8	99.4	
88	99.6	
88.6	99.4	
75.3	99.4	
89	99.6	
99.1	99.6	
98.9	99	
99.1	99.4	
89.2	-32.3	
99.3	58.6	
98.9	99.4	
99.1	99.4	
98.9	69.7	
98.5	99.6	
98.9	99.6	
88.6	79.4	
98.5	99.2	
99.3	99.2	
98.7	99.6	
89	99.4	
88.8	89.5	
99.1	49.3	
68.4	99.6	
98.9	99.6	
89	99.4	
98.7	69.7	
99.1	99.2	
88.6	99.6	
99.3	99.6	
88.8	99.6	
89	99.6	
98.1	99.4	
79.1	99.6	
88.8	99.6	
99.3	99.6	
98.3	99.6	
98.9	99.6	
98.9	98.6	
98.7	99.4	
98.5	99.4	
88.8	99.6	
99.1	99.4	
78.9	78.8	
98.7	99.4	
88.8	49.7	
88.6	99.2	
98.3	79.4	
98.9	69.3	
99.3	99.2	
77.5	69.7	
99.1	98.6	
96.9	99.6	
98.1	99.2	
79.1	99.6	
98.5	99.6	
99.3	99	
98.9	99.6	
99.1	99.6	
89	99.6	
77.7	99.6	
98.5	99.6	
76.9	99.2	
78.9	99.6	
98.7	99.4	
78.5	99.6	
99.1	99.6	
98.3	89.3	
99.1	99.4	
99.3	79.4	
99.1	99.6	
89.2	99.6	
97.9	99.6	
99.1	99.4	
77.9	99.6	
78.7	89.5	
98.9	99.4	
89.4	99.6	
78.3	99.2	
98.9	99.6	
98.9	99.6	
69	99	
79.1	99.4	
98.9	69.5	
89	78.6	
88.8	79.8	
99.1	99.2	
88.2	99.6	
99.3	88.5	
88.8	99.6	
99.1	99.4	
99.1	99.4	
88.2	89.5	
98.9	99.6	
99.3	99.4	
98.9	99.4	
87.8	69.5	
77.5	99.4	
99.1	99.6	
98.7	99.6	
99.3	79.6	
87.8	99.6	
99.3	89.5	
88.8	99.6	
78.3	99.2	
99.1	98.8	
99.1	99.4	
98.9	98.8	
98.5	99.4	
99.1	99.4	
78.7	89.7	
99.1	79.8	
99.1	99.2	
99.1	89.3	
98.7	99.4	
99.3	99.6	
99.1	99.2	
99.1	99.6	
87.8	79.6	
88.8	99.2	
99.1	99.6	
98.1	89.3	
78.9	99.2	
99.1	99.4	
97.7	89.5	
98.3	99.6	
99.3	99.6	
98.7	89.5	
98.7	89.5	
98.9	99.6	
88.8	99.6	
99.3	79.6	
98.7	99.6	
98.7	99.6	
98.5	99.6	
98.9	89.5	
99.1	79.8	
99.3	99.6	
98.7	99.6	
98.7	99.4	
77.5	99.6	
88.8	99.6	
56.1	99.4	
99.3	99.6	
99.3	98.4	
99.1	99.6	
98.7	89.3	
89.2	79.4	
98.9	99.6	
78.3	99.6	
89	99.6	
88.4	99.6	
99.1	99.6	
99.1	99	
99.1	99.6	
98.3	99.4	
98.9	98.8	
99.1	99.6	
34.7	99.2	
98.9	99.4	
99.3	99.6	
99.1	99.4	
99.1	99.4	
99.1	99.6	
98.9	99.4	
98.7	99.6	
98.7	99.6	
88.2	99.4	
98.9	69.1	
99.1	99.6	
79.1	99.6	
98.5	89.7	
88	99.4	
98.9	99.6	
77.9	99.4	
77.9	99.4	
98.9	79.4	
98.9	99.2	
99.3	99.6	
89	89.7	
93.7	79.2	
68	89.3	
88.2	69.3	
89.4	99.6	
88.2	89.5	
98.9	59.2	
98.9	79.4	
88.6	99.4	
99.3	89.7	
89	99.4	
89.2	99.6	
96.1	99.4	
88.2	99.6	
