68.4	-132.5	
0.8	-83.4	
76.7	88.9	
97.7	79.6	
66.6	-74.3	
13.5	-13.9	
51.7	25.9	
85.4	-12.9	
87.4	17.4	
76.1	98.4	
62	-55.7	
99.3	89.5	
78.5	-23.4	
88.2	79.2	
88	57.4	
89	99.6	
98.5	98.4	
55.3	99.4	
98.7	18.2	
58.7	99.2	
76.7	89.1	
75.3	38.8	
79.1	89.5	
79.3	59.2	
88	88.7	
98.7	99.6	
99.1	69.5	
99.1	79.2	
89	89.5	
55.3	99.4	
88.2	99.4	
55.9	89.7	
78.3	99	
96.3	98.8	
98.1	48.5	
98.9	59.2	
77.9	88.9	
78.3	99.6	
99.1	99.2	
98.1	99.2	
65.6	87.7	
88.8	98.6	
98.5	99.6	
89	99.4	
87.2	99	
89.2	99.2	
98.9	79.2	
99.1	69.7	
88.8	99.4	
99.3	99	
78.7	99.6	
99.1	19.2	
99.3	99.4	
88.8	79.4	
64.2	99.4	
88	99.6	
95.7	99.4	
88.8	99.4	
75.5	79	
88.6	99	
67	78.4	
99.3	99.2	
88.8	89.5	
86.6	89.7	
89	99.6	
89	99.6	
97.1	99.4	
97.3	78.4	
88.4	67.5	
57.9	99.6	
77.7	99.2	
89	78.8	
96.9	99.2	
77.9	99.6	
88.8	99.6	
58.3	89.3	
98.3	68.5	
76.9	98.4	
88.6	99.6	
89.4	-71.7	
86.8	89.5	
89	78.6	
87.8	99.4	
77.9	79.4	
78.3	58.2	
98.7	99	
78.7	89.7	
98.5	99.6	
98.5	89.3	
88.4	99.4	
98.3	89.3	
78.5	98.8	
68	89.1	
89	78.8	
68	38.4	
97.7	78.8	
47.4	99.2	
98.7	99.6	
99.1	99.4	
97.1	59	
98.3	49.3	
87.6	89.3	
98.9	99.6	
98.5	99.6	
68	58.4	
87.4	79.4	
99.1	-31.9	
88.6	99.2	
97.9	79.2	
77.1	89.5	
98.9	88.9	
79.3	79.4	
97.7	88.9	
84.8	68.7	
98.3	79.4	
68.2	99.6	
88.8	99.6	
99.1	69.5	
99.3	59.2	
78.7	89.1	
98.5	99.4	
98.7	99.6	
67.6	99.6	
79.1	99.4	
58.5	89.3	
89.2	88.9	
88.6	88.7	
78.9	99.6	
78.7	99.6	
98.1	99	
98.3	68.9	
88.6	99.4	
98.7	88.9	
88.2	99.4	
68.4	88.9	
89.2	68.3	
98.9	99	
98.5	99.4	
97.5	18.6	
47.6	89.5	
37.1	89.7	
89	99.4	
78.7	89.3	
98.7	99.2	
88.2	89.7	
88.6	99.6	
88.6	99.4	
99.1	99.6	
99.3	79.6	
77.1	89.5	
57.1	99.6	
99.3	79.4	
48	78.4	
89.4	89.3	
99.1	79.4	
89	89.5	
77.9	99.4	
69	99.2	
98.9	69.5	
99.1	49.5	
57.7	99.4	
98.7	88.5	
98.9	89.5	
78.1	89.1	
88.4	98.8	
79.1	89.5	
77.3	99.2	
77.1	79	
89	79.6	
78.3	99.2	
98.7	18.8	
99.3	99.6	
98.3	79.2	
97.7	79.4	
99.3	79.6	
89.4	99.6	
89	89.3	
87.4	99.6	
68.6	89.5	
87.8	99.6	
98.5	38.4	
48.8	99.4	
77.9	79	
88.2	59.2	
99.1	99.4	
98.5	88.7	
99.3	48.7	
98.9	78	
98.7	79	
98.7	99.6	
99.1	98.2	
99.1	88.9	
58.5	89.3	
78.7	48.7	
68	89.5	
89	78.4	
88.6	99.4	
88.6	99.6	
78.9	89.7	
87.8	8.3	
79.1	78.4	
89.2	99.6	
87.4	99.6	
99.3	99.4	
99.1	99.2	
69	99.4	
98.9	99.2	
77.7	99.4	
78.7	99.6	
69	89.1	
98.9	99.4	
68.2	88.9	
77.9	89.3	
79.1	89.7	
98.5	79	
88.6	99.6	
99.3	99.4	
88.8	99.4	
88.6	79.4	
88.4	99.6	
98.7	89.7	
88.6	58.2	
98.7	97.8	
78.9	99.6	
89	18.2	
78.7	78.8	
56.3	88.5	
67.6	89.5	
98.5	89.5	
98.9	28.9	
98.3	99.6	
88.8	79.8	
98.5	99.6	
98.5	89.1	
88.2	89.7	
77.3	89.1	
98.1	99.6	
67.4	99.6	
78.7	98.6	
58.9	99.4	
87.4	69.5	
88.8	98.4	
78.9	89.7	
86.8	79.2	
77.7	59.4	
88.8	89.5	
78.7	99.4	
98.7	29.5	
88.8	59.2	
87.2	79.2	
89.2	28.5	
88.2	89.1	
98.5	89.7	
98.7	98.4	
99.1	99.4	
98.9	69.5	
87	78.8	
99.1	99.6	
78.5	99.6	
99.1	79	
87.8	99.6	
78.9	89.5	
98.5	99.4	
87.4	79	
98.7	79.4	
89.2	88.9	
98.7	79.6	
98.7	99.4	
98.5	99.4	
98.5	89.1	
99.1	39.2	
98.7	99	
88.8	89.7	
97.3	48.1	
98.9	99.6	
98.1	49.7	
98.9	99.6	
98.9	89.7	
98.7	89.3	
89	89.5	
88.8	99.4	
98.9	89.5	
78.1	99.2	
78.9	99.6	
77.5	79.2	
98.9	88.7	
67.6	79.4	
77.7	89.1	
98.3	79	
98.7	88.3	
58.7	98.8	
98.9	89.1	
78.3	39	
98.7	79	
89	99	
88.8	99.6	
88.8	59.4	
78.9	99.4	
98.7	99	
97.9	68.9	
68.2	89.5	
88.2	89.5	
63.4	58.4	
56.9	79.8	
98.9	89.5	
88.2	99.4	
68.4	89.5	
89.4	99.4	
99.3	69.5	
98.1	78.4	
96.7	89.3	
79.3	89.1	
67.4	89.7	
78.5	89.3	
67.4	99.4	
98.3	99.6	
99.1	99	
88.4	99.4	
88.4	99.2	
78.7	99.4	
99.1	99.2	
89.2	99.2	
99.3	89.5	
98.5	49.3	
99.3	99.6	
77.3	89.5	
67.8	98.8	
89	88.7	
99.3	38.4	
98.5	89.3	
98.9	99.4	
88.8	89.7	
78.1	79.4	
99.1	-10.7	
89.2	98.2	
56.5	79.8	
98.9	89.3	
87.8	99.6	
78.1	99.4	
88.2	79.4	
88.2	88.5	
98.9	99.6	
89	49.3	
57.3	79.2	
89.2	68.1	
77.7	88.9	
89	99.6	
78.5	99.6	
99.1	48.9	
79.1	99.2	
88.2	99.4	
76.9	89.5	
89	99.6	
87.4	99.6	
99.1	99.6	
99.1	68.7	
98.5	89.1	
88.2	99.2	
88.2	99.4	
79.1	98.8	
98.1	79	
98.7	49.3	
77.3	98	
88.6	77.8	
97.9	79.6	
99.1	89.5	
98.7	89.1	
98.5	99.4	
97.5	99.6	
88.4	88.5	
98.9	89.5	
89	59.2	
89.4	58.8	
99.1	99.6	
98.9	88.9	
78.1	59.4	
98.5	99.6	
67.6	69.1	
68.2	99.4	
98.5	89.3	
79.3	69.3	
78.3	68.9	
68	99.4	
98.7	98.6	
99.1	89.1	
99.3	99.6	
98.5	59.8	
68.6	99.2	
78.5	99.4	
97.9	99.2	
98.9	69.7	
98.7	99.6	
98.9	59.6	
98.9	99.4	
99.1	78.8	
88.6	99.4	
89	89.1	
88.8	98.8	
89	98.4	
98.9	79	
87.6	79.2	
98.9	99.6	
78.3	79.2	
76.7	79.6	
14.9	79.4	
88.2	79.6	
88.8	39.6	
99.1	99.4	
88.8	99.6	
48.2	68.1	
89	58.6	
99.3	79.6	
98.5	99.4	
89.4	69.1	
98.7	18.2	
89	-11.7	
88.4	79.6	
98.3	98.4	
88.4	99.6	
88.2	68.9	
88.6	48.7	
97.3	89.5	
88.8	99.4	
98.5	78.6	
68.4	39.2	
98.7	89.1	
57.9	99.6	
99.3	79.4	
88.8	99.6	
98.5	79.8	
88.8	99.6	
88.6	98.4	
88.8	89.5	
99.1	88.9	
98.7	79.6	
78.5	89.5	
89.2	99.6	
89	58.8	
57.5	89.3	
98.9	99.6	
88	89.3	
97.9	99.4	
98.5	99.2	
89	79.4	
79.1	79.4	
98.3	99.6	
88.4	79.6	
89.2	99.4	
57.1	89.5	
98.5	99.6	
88.6	79.6	
98.5	89.5	
89.4	89.3	
98.3	98.8	
98.9	99.2	
99.3	99.2	
89.2	49.1	
89.4	89.3	
88.4	79.4	
78.7	79.6	
78.9	98.4	
98.7	68.9	
77.7	99.4	
98.7	89.5	
89	79.8	
98.1	79	
87.2	79.2	
68.4	99.2	
89.2	89.1	
98.7	99.6	
89	89.3	
89.4	59.2	
98.7	69.1	
78.9	99.6	
88.8	89.5	
77.1	59.2	
78.3	49.3	
77.1	29.5	
99.3	99.4	
98.3	99	
88.2	99.4	
58.7	59	
98.7	99.6	
76.3	99.4	
88.8	88.7	
98.9	79.4	
99.3	99.2	
99.3	99.6	
78.1	99.6	
57.7	89.3	
98.5	89.3	
77.9	99.6	
88.6	89.3	
77.3	99.4	
98.7	69.1	
88	99.4	
98.7	99	
88.8	89.7	
88.4	99.2	
57.7	59.4	
