88	-71.7	
-133.3	-131.7	
88.2	16.4	
77.9	78.4	
76.9	-86.6	
67.2	39.2	
98.9	88.7	
86	69.3	
99.3	78.2	
67	-83.2	
42	88.5	
78.9	88.9	
87.6	18.2	
79.1	66.7	
98.9	38.2	
86.8	48.5	
78.7	89.3	
97.1	69.3	
76.7	88.9	
97.1	38.6	
35.9	89.5	
98.5	99.6	
76.1	89.1	
98.7	89.5	
86.2	97.4	
98.5	89.5	
98.1	98.8	
73.5	78.8	
98.9	88.1	
66.6	99.6	
87.8	79.2	
67.8	99.4	
98.3	98.8	
98.7	87.9	
69	49.3	
88	89.3	
97.7	69.1	
76.9	99.2	
76.9	99.4	
89.2	8.3	
98.7	99.4	
85.6	99	
76.9	18.6	
89	9.1	
98.3	99.2	
88.2	99.6	
96.7	-21.2	
88.2	69.1	
35.9	69.1	
98.7	99.2	
88.4	99.2	
88.6	88.7	
99.3	89.7	
78.5	89.3	
85.8	89.3	
84.6	48.7	
88	88.9	
78.1	89.5	
99.1	99.4	
88.2	-11.9	
99.3	89.3	
98.7	99.6	
98.5	89.5	
98.5	78.6	
87.6	89.3	
98.7	98.4	
98.5	99.6	
77.1	99.6	
77.9	88.7	
87.8	99.2	
78.1	89.5	
98.7	89.7	
98.5	88.7	
89	98.8	
88.6	78.6	
89.2	89.5	
68.4	79.2	
99.1	78.6	
78.3	79	
86.8	98.2	
66.8	99.6	
98.9	99.6	
88	79.2	
88.6	99.4	
85.8	89.5	
67.2	99.4	
87	99.6	
66.6	89.7	
88.8	99.4	
98.9	59.4	
78.9	69.7	
98.9	69.1	
78.3	99.4	
99.1	99.4	
99.3	99.2	
98.7	99.4	
78.3	99.6	
89.2	77.8	
98.5	89.3	
89	89.1	
98.5	98.8	
89	99.4	
99.1	99.2	
98.7	88.9	
77.1	99.6	
79.1	89.3	
88.8	99.6	
99.1	88.9	
87.6	89.5	
98.9	79.2	
99.3	89.5	
97.9	99.2	
97.7	89.3	
88	99.4	
97.9	99.4	
98.5	99.6	
97.7	98.8	
99.1	99.6	
99.1	99.6	
99.3	99.4	
99.1	88.9	
97.3	99.6	
68.2	59	
98.7	99.2	
98.1	87.7	
88.4	78.2	
99.1	99.6	
87.4	99.2	
79.1	89.5	
98.9	89.7	
98.9	99.4	
78.3	99.4	
68.8	99.2	
99.3	88.5	
99.3	89.3	
98.3	79.4	
99.1	99	
98.1	58.8	
98.9	98.6	
88.2	5.1	
98.5	99.6	
98.7	79.2	
98.5	99.2	
77.9	99.4	
99.1	99.4	
78.7	99.6	
89	99.4	
89.2	89.3	
88.4	99.6	
99.1	99	
88.8	89.1	
98.7	79.2	
98.9	99.6	
78.7	99.6	
99.1	99.4	
98.9	99.6	
76.5	99.2	
68	99.6	
96.9	88.9	
88.4	88.9	
89.4	89.7	
88.8	88.9	
89.2	99.6	
98.9	89.7	
78.9	89.5	
98.7	99.2	
98.5	99.6	
98.7	99.4	
97.5	-11.9	
78.3	89.1	
98.5	49.3	
87	99.4	
98.1	99.6	
88.2	39.2	
98.7	99.6	
27.8	59	
85.4	99.6	
99.3	98.8	
99.1	79.8	
98.5	89.7	
88.4	49.3	
98.3	99.6	
79.1	78.2	
99.1	99.4	
98.3	89.5	
88.2	89.5	
98.7	99.6	
98.5	99.4	
78.5	99.2	
78.1	99.6	
98.9	99.4	
88.8	99.6	
98.7	89.5	
87.6	49.7	
88.8	78.4	
97.9	68.3	
97.1	99.4	
98.9	89.1	
98.5	99	
65.8	98.2	
99.1	99.6	
99.1	79	
88	99.6	
98.7	49.5	
77.9	99.4	
97.9	99.4	
66.6	79	
88	99.6	
99.1	99.4	
89	79	
99.3	39	
99.1	99.6	
98.9	99.6	
98.9	99	
89	89.5	
89.2	99.6	
88.4	88.7	
88	78.6	
98.7	99.4	
96.7	89.5	
98.9	99.2	
98.7	89.7	
88.6	99.4	
98.5	39.2	
98.9	99.6	
97.3	99.4	
88.2	77.4	
26.8	89.3	
88.8	99.6	
78.7	99.2	
89.2	99.6	
98.7	79.2	
98.7	99.6	
88.4	99.6	
98.7	98.8	
76.7	89.1	
67.6	89.3	
99.3	99.6	
98.7	99	
98.1	78.8	
89.4	58.8	
98.5	99.6	
99.1	89.3	
98.1	99.6	
88.2	89.3	
88.6	89.7	
98.3	99.2	
88.6	88.9	
99.1	78.8	
79.3	79.6	
88.2	99.6	
98.9	89.7	
99.3	99.4	
89	99.2	
98.5	99.6	
78.9	99.6	
98.5	99.2	
97.3	89.7	
67.8	99.2	
87.8	99.6	
89	58.6	
98.9	79.4	
99.3	89.7	
77.9	29.3	
26	99.6	
75.9	99.6	
97.7	99.6	
98.7	99.6	
57.9	79.4	
98.9	99.2	
98.1	89.5	
79.1	79.6	
89	89.3	
66.8	58.6	
68.2	99.2	
78.3	89.7	
77.3	89.1	
88.8	99.2	
68.4	99.2	
97.9	99.2	
98.3	99.6	
99.1	89.7	
99.1	89.7	
99.1	99.6	
66.8	99.6	
98.5	89.5	
89	89.5	
88.2	68.5	
86.4	99.2	
98.3	99.6	
89	99	
99.1	89.5	
99.3	99.6	
99.3	99.4	
86.6	88.5	
98.3	99.6	
98.1	79.8	
88	88.3	
96.5	89.5	
88.8	99.6	
77.9	79.4	
98.3	99.6	
78.3	99.2	
99.3	89.3	
98.7	19.2	
98.3	89.3	
88.8	89.5	
98.3	89.5	
99.1	79.6	
88.8	99	
89	89.5	
89	99.6	
99.3	69.3	
98.5	79.8	
78.5	79.6	
77.5	89.5	
87.4	99.4	
76.9	88.9	
98.9	79.4	
99.1	89.5	
98.7	99.4	
89.2	89.5	
89.2	58.8	
99.3	79	
99.3	-81.6	
98.9	99.4	
89.2	99.6	
98.7	99.6	
98.9	99.4	
37.3	89.7	
98.1	99	
89.2	99.4	
89	99.6	
87.6	99.4	
97.7	89.3	
88.8	99.6	
89.2	89.7	
67.2	89.3	
95.5	99.4	
77.9	89.5	
98.5	68.5	
88.4	79.2	
98.3	99.6	
88.8	89.7	
99.3	99.2	
88	89.7	
78.1	28.7	
99.3	99.6	
88.6	79.6	
57.9	99.6	
98.9	99.2	
99.3	89.5	
77.1	68.3	
98.1	89.7	
67.4	99.4	
98.3	89.7	
98.3	88.9	
79.3	99.6	
67.4	99	
88.6	99.2	
99.1	99.2	
98.5	99.4	
88.8	89.1	
98.9	89.7	
99.3	89.5	
98.9	89.3	
88.8	99.6	
78.3	98.8	
98.9	38.8	
98.9	69.5	
68	89.5	
89.2	49.1	
56.1	59.4	
98.7	89.7	
88.2	99.6	
77.3	49.1	
77.3	28.5	
88.4	69.1	
88.2	89.5	
88.8	79.2	
98.3	-1	
88.8	89.7	
99.3	99.2	
98.7	89.7	
99.1	79.2	
98.5	29.3	
98.3	99.4	
99.1	89.7	
98.7	99.4	
99.1	99.4	
98.7	89.3	
79.1	28.9	
99.1	89.3	
76.9	99.4	
99.1	79.2	
88.8	99.4	
87.4	79	
88.8	69.7	
99.3	69.1	
79.3	99.6	
79.3	89.7	
98.7	99.6	
99.1	99.6	
87.2	99.2	
98.9	99.4	
78.7	88.9	
88.8	99.6	
88.2	99.2	
99.1	48.9	
98.7	99.6	
99.1	69.5	
89.4	99.6	
98.7	99.4	
98.5	89.1	
98.7	79.4	
98.9	49.1	
99.1	89.1	
99.1	58.2	
89	99.6	
88.8	78	
98.5	49.3	
78.9	89.7	
86.6	99.4	
98.7	99.6	
89	99.4	
78.7	58.8	
98.9	79.4	
66.8	99.6	
78.1	68.9	
98.9	79.6	
88.8	89.5	
78.9	89.7	
98.5	89.1	
98.9	99.6	
88.4	99.2	
78.7	79.4	
78.5	89.7	
98.1	79.4	
89	99.4	
98.5	99.2	
99.1	89.1	
99.1	99.6	
78.5	99.6	
98.5	89.1	
89	99.6	
78.7	78.6	
77.5	78.8	
68.6	99.6	
98.1	89.5	
98.7	99	
89	88.7	
99.3	88.7	
98.5	98.8	
98.3	89.5	
99.1	99.6	
78.9	99.4	
97.9	99.6	
97.5	79	
87.6	99.6	
89	89.5	
88.8	89.5	
99.3	99.6	
68.2	99	
98.7	18	
88.4	99.6	
88.6	99	
98.1	59	
99.1	68.7	
98.9	29.5	
78.5	99.6	
98.9	88.9	
88.6	89.3	
96.9	89.3	
89	99	
99.1	99.6	
88.2	99.6	
78.3	98.8	
99.1	77.6	
87.8	99.6	
88.6	99.2	
78.5	89.3	
78.5	99.6	
87.4	88.5	
98.3	99.4	
98.9	89.7	
78.3	99.4	
87.8	99.2	
89.2	89.1	
99.1	88.9	
97.5	99.6	
98.9	99.6	
68.4	99.6	
97.7	99.6	
89	99	
98.5	88.9	
57.3	99.6	
99.1	88.9	
89.2	67.1	
88.8	-0.4	
87.6	78.8	
