-3.5	79.6	
96.5	-111.1	
88.2	19	
85.6	79.2	
66	48.1	
88.6	89.5	
76.3	17.8	
98.9	89.1	
98.9	37.6	
99.1	76.6	
89.4	89.5	
99.3	89.3	
98.5	88.9	
99.1	79.4	
99.1	18.8	
88.6	89.5	
99.1	78.8	
89	89.3	
98.7	88.9	
89	68.9	
99.3	-11.5	
99.3	59.2	
99.3	69.3	
89	69.3	
78.7	59.2	
88.8	99.2	
79.3	-21.2	
89.2	89.5	
65.8	99.2	
96.5	99.6	
89	99.6	
99.1	89.7	
98.7	89.5	
89.4	99	
98.9	89.3	
98.9	99.6	
99.1	99.4	
78.7	89.7	
58.3	79	
78.1	69.1	
87.6	89.7	
87.6	68.9	
97.3	99.2	
88.8	79	
96.7	99.6	
98.5	99.4	
97.5	68.9	
89	89.3	
89	89.1	
88.2	98.8	
98.5	99.2	
89	99.6	
98.9	89.3	
99.3	8.1	
88.6	99.4	
98.5	99.6	
98.1	79.2	
99.1	79.2	
88.8	89.7	
98.5	99.2	
89.2	99.4	
89	99.6	
89.4	19.4	
99.3	89.3	
99.3	99.4	
88.2	99.6	
98.7	79.2	
89.2	99.6	
98.3	89.3	
99.1	89.1	
99.3	69.1	
88.6	99.4	
99.1	99.6	
77.5	89.3	
49	19.4	
78.9	89.3	
68.4	99.4	
88.6	98.8	
89	99.6	
98.7	89.7	
68.8	99.6	
99.3	89.7	
98.5	99.2	
98.1	89.5	
98.5	89.1	
89.2	99.2	
78.5	99.4	
99.3	89.3	
99.3	99.4	
99.1	89.7	
99.1	98.8	
67.6	79.2	
99.1	79	
88.4	98.8	
97.9	99.6	
98.5	99.6	
99.3	99.6	
78.9	99.6	
89.2	79.4	
89.4	99.4	
98.1	89.3	
98.9	99.2	
99.1	99	
99.3	99	
99.3	89.7	
46.6	99.6	
78.1	99.6	
89.2	89.3	
99.1	99.4	
98.1	68.9	
89	89.5	
99.3	99.4	
99.1	89.3	
98.7	99.6	
58.7	99.2	
79.1	98	
99.3	89.3	
89	99.4	
87.2	98.8	
89	99.6	
99.1	99.6	
78.9	99.2	
77.7	89.5	
99.3	99.2	
99.3	99.4	
98.3	88.7	
99.1	99	
89.2	89.3	
98.7	99.6	
89.2	99.6	
57.9	88.9	
99.3	79	
98.1	99.4	
99.1	89.5	
98.7	89.1	
99.3	99.2	
78.7	78.2	
85.6	89.5	
78.1	49.3	
77.3	99.2	
89	69.5	
99.1	89.7	
99.1	79	
99.3	99.6	
89.4	89.3	
98.3	99.6	
87	99.6	
98.7	89.5	
79.3	99.6	
89.4	99.6	
99.3	69.1	
99.1	99.6	
99.1	89.3	
89.2	99.4	
79.1	99.4	
99.3	99.6	
99.1	39	
68.6	99.6	
88.6	89.7	
57.3	89.5	
77.9	99.4	
89	79.4	
98.7	79.4	
68.2	79.4	
78.5	99.4	
89	99.2	
89.2	99.6	
98.7	89.3	
99.1	99.6	
77.9	99.2	
99.3	89.3	
99.1	99.6	
88.6	99.2	
99.1	89.3	
77.1	49.5	
99.1	79.2	
98.5	89.7	
99.3	48.1	
89.2	89.5	
89	99.6	
99.1	99	
88.8	99.2	
78.5	99.4	
78.7	99.2	
89	99.6	
88.8	99.6	
99.1	89.5	
88.2	99.2	
89.4	99.6	
89.2	98.4	
99.3	99.4	
98.7	99.6	
99.3	99.6	
89	99.2	
89.4	99.6	
79.1	89.1	
88.4	89.7	
99.3	79.6	
78.9	99.2	
89	89.5	
98.3	79.4	
99.1	99.6	
99.3	58	
88.6	89.5	
98.5	99.4	
88.4	89.1	
98.7	89.7	
99.1	69.1	
99.1	99.6	
98.5	89.5	
78.9	99.6	
79.1	89.5	
89.2	99.4	
98.7	89.7	
59.1	88.9	
98.9	99.6	
89.2	89.7	
89.2	89.3	
57.1	69.1	
99.3	99.6	
99.1	18.4	
98.5	79.2	
98.9	99.6	
78.3	99.4	
99.1	89.7	
99.1	89.3	
79.1	89.3	
99.3	98.8	
99.3	99.6	
99.1	99.6	
88.4	99.6	
88.4	99.2	
78.3	99.6	
99.3	99.6	
99.3	79.6	
98.5	89.5	
98.3	59	
99.1	69.5	
89.4	59.4	
98.9	98.4	
99.3	29.3	
97.3	99.6	
88.8	89.7	
79.3	89.1	
98.9	99.6	
99.1	99.2	
88.6	99.6	
99.3	99.6	
99.1	89.3	
88.4	89.5	
87.6	99.4	
99.1	89.1	
99.3	89.3	
99.3	99.4	
99.1	99.4	
88.8	79	
98.7	99.4	
98.7	99.6	
97.9	59.2	
98.9	79	
98.7	88.3	
98.9	99.2	
98.7	99.6	
98.9	99.6	
88	99.6	
99.3	99.4	
78.7	79	
99.3	89.3	
99.3	89.7	
99.3	99.6	
79.3	89.5	
87	89.1	
98.7	88.9	
78.9	99.4	
99.3	99.2	
98.7	99.6	
89.2	79.4	
98.9	89.1	
98.9	99.6	
98.9	79	
89.2	99.6	
78.9	79	
97.7	89.5	
99.3	89.1	
99.3	69.5	
99.1	99.2	
98.5	99.6	
97.1	99	
78.5	99.2	
98.1	89.1	
88.6	99.6	
97.9	99.6	
88.8	99.4	
98.3	99.2	
99.3	99.6	
98.3	79.4	
87.8	88.7	
89.2	99.4	
76.5	89.7	
88.6	99.6	
79.1	79.6	
98.9	39.2	
88	69.1	
89.4	88.9	
99.3	99.4	
88.4	99.6	
79.5	79.4	
99.1	89.3	
99.3	99.6	
99.1	99.6	
98.9	99.4	
98.9	89.3	
98.7	99.4	
98.3	99.4	
88.8	79.4	
78.5	68.7	
77.9	99.6	
99.1	79	
68.2	99.6	
88.4	69.3	
78.5	79.4	
99.1	78.8	
78.7	99.4	
99.1	99.6	
98.5	99	
99.1	99.6	
87.8	79.2	
68.4	99.6	
98.9	99.4	
99.1	99.6	
68.4	99.4	
99.1	99.2	
97.7	99.6	
89	99.6	
99.1	99.6	
98.9	99.6	
88.8	89.3	
89.4	99.4	
88.8	99.4	
98.7	99.4	
89	89.5	
88.2	99.6	
78.5	99.6	
78.7	99.2	
99.1	99.4	
98.5	99.4	
98.9	79	
78.7	97.8	
98.5	99.4	
97.7	89.3	
98.1	99.6	
77.1	99	
98.7	99.4	
99.1	99.6	
88.6	99.6	
99.1	99.4	
89	99.4	
98.7	99.4	
98.9	99.4	
99.3	79.2	
99.3	99.2	
98.7	89.5	
98.1	99.4	
88.8	99.2	
99.3	88.9	
97.7	99.4	
98.5	88.7	
88.8	99.2	
99.1	99.2	
97.5	88.9	
98.1	99.6	
98.3	99.6	
78.9	79.8	
67.4	99.6	
99.1	99.2	
98.7	98.8	
89	88.9	
68.4	99.6	
58.3	89.7	
99.3	99.4	
77.5	99.6	
78.9	99	
88	99.2	
98.5	99.6	
89.2	99.4	
99.1	99.2	
99.3	79.6	
89.4	99.6	
89.4	99.4	
78.5	78.4	
78.7	99.6	
98.3	99.2	
89.2	89.7	
98.7	89.5	
89.4	79.4	
98.5	89.7	
99.3	99.4	
98.7	99.4	
78.5	99.6	
78.5	99.4	
87.8	99.4	
58.3	99.6	
48.4	99.4	
77.9	89.5	
99.1	99.2	
78.9	69.1	
78.9	89.7	
78.7	99.6	
89.4	79.2	
97.9	99.4	
88	79.8	
89.4	99.4	
78.9	79.6	
78.9	99.6	
76.7	99.4	
98.5	99.6	
77.7	99.6	
98.1	99.2	
98.9	79.4	
98.7	89.7	
88.4	99.4	
88.2	79.8	
98.5	89.7	
87.4	99	
99.1	89.7	
68.8	89.1	
98.7	99.6	
89	99.4	
88.4	99.6	
88.2	99.2	
99.3	99.4	
99.1	99.2	
98.9	99.4	
99.3	89.3	
87.6	89.7	
77.5	79.2	
98.1	89.3	
99.3	89.5	
99.3	89.7	
78.1	99.6	
97.9	89.7	
98.3	89.7	
79.5	89.7	
88.2	99.4	
88.8	99.4	
99.1	89.3	
98.7	99.2	
98.7	98.4	
99.1	68.9	
89.2	99.6	
68.8	69.1	
99.3	99.6	
99.3	99.6	
98.5	99.6	
99.3	99.6	
99.3	99	
78.7	59.6	
99.3	49.5	
89.4	89.5	
99.3	89.1	
98.7	89.5	
99.1	88.9	
98.7	99	
98.7	99.2	
99.1	59.4	
99.1	99.6	
98.9	99.6	
99.1	99.4	
88.6	79.4	
98.7	89.3	
88	99.6	
88.8	99.4	
98.9	99.6	
89.2	99.4	
98.5	99.4	
99.3	99	
89.2	59.2	
79.5	99.2	
68.8	99.6	
97.7	99.6	
99.1	99.2	
99.1	99.6	
98.9	89.3	
78.5	99.6	
68.8	99.6	
78.7	99.6	
99.1	99.6	
89.2	79.2	
98.9	99.6	
99.1	79.6	
89	88.7	
98.5	99.6	
97.7	99.4	
98.5	99.4	
88.8	99.4	
99.1	99.6	
99.1	99.6	
97.5	89.1	
89	88.9	
99.1	89.3	
