5.4	-1.8	
68.2	89.5	
42.6	88.5	
87.6	89.7	
89	7.9	
88.2	78.2	
77.9	89.5	
77.5	88.7	
-30.9	-35.5	
96.1	-10.9	
77.1	-121.2	
84.6	99.6	
88.8	99.4	
98.9	56.6	
98.1	99.2	
99.3	88.9	
89.2	89.3	
87.4	59.4	
53.1	99.4	
88	99	
57.5	78.6	
95.5	89.7	
88	28.5	
88	8.5	
86.4	99.4	
74.7	98.8	
46.4	98.4	
44.2	89.5	
97.7	69.1	
89.4	79.6	
99.1	99.6	
78.7	78.6	
88.8	88.9	
78.1	67.5	
77.9	38.4	
87.4	58.4	
97.5	79.2	
97.5	99.2	
79.3	99.6	
35.1	89.3	
95.7	79.8	
68.2	99	
98.5	99.2	
98.5	99.6	
77.7	89.1	
98.7	78.6	
35.5	99.2	
87.8	47.9	
98.7	39.4	
78.1	17.2	
98.9	99.4	
77.1	49.3	
56.9	78.8	
88.8	18.8	
88.2	99	
88.8	89.3	
87.8	99.6	
98.1	99.6	
69	99.4	
99.1	78.8	
98.7	18.2	
85.6	89.5	
89.2	99.4	
88.6	68.9	
54.9	48.9	
76.1	88.9	
98.5	99	
48.6	59	
78.3	99.6	
37.7	38.8	
88.8	88.3	
88.2	99.4	
98.9	89.5	
87.4	89.3	
98.9	98.4	
88.2	89.3	
58.1	99.6	
88.8	88.9	
86.2	9.1	
77.9	28.9	
86.2	99.2	
89.2	79.4	
64.4	89.7	
86.6	99.2	
97.9	99.6	
88.4	78.8	
97.9	79	
88.8	89.5	
67.4	98.8	
98.9	79.2	
66.2	17.6	
89	99.4	
98.1	89.7	
98.9	79.4	
79.5	99.6	
98.5	89.5	
88.8	99.4	
78.7	39.4	
98.9	99.4	
78.5	99	
89.2	89.1	
88.6	88.9	
99.3	79.8	
97.5	69.5	
89	88.9	
98.5	-0.6	
77.7	79	
58.5	89.5	
78.3	99.4	
97.9	88.3	
67.4	19.4	
67.6	99.2	
89.2	99.4	
47.2	39	
68.4	79.8	
77.3	99.6	
78.1	89.7	
86.8	79.8	
67.6	78.6	
97.5	78.2	
89.2	89.3	
89.2	89.5	
88.8	88.5	
44.6	69.7	
98.5	99.2	
98.9	98.8	
97.9	89.1	
76.5	99.6	
86.8	99.6	
98.5	99.6	
88.4	89.3	
77.7	99.4	
98.3	59.6	
56.7	99.2	
98.1	99	
87.2	89.7	
88.6	79.6	
97.9	27.7	
88	99	
88.6	59.2	
99.1	98.8	
77.7	88.9	
68.2	87.9	
87.8	99.6	
88.8	99.6	
66.8	99.2	
98.7	59.2	
75.1	99.6	
98.5	99	
77.1	99.6	
98.5	89.1	
78.1	99.2	
98.3	99.6	
98.7	49.7	
78.5	99	
48	99.2	
99.1	99.2	
88.8	49.1	
89.2	89.3	
68.8	69.1	
89	89.5	
78.5	39.4	
98.9	99.6	
97.9	89.5	
67.4	49.3	
88.6	99.6	
79.1	28.9	
98.3	89.1	
88.8	79.4	
75.5	99.2	
97.9	98.6	
66.6	99.6	
88	99.2	
99.3	89.3	
56.5	89.5	
88.4	99.4	
68.6	89.3	
56.7	99.6	
88	99.6	
36.3	99.2	
93.5	89.7	
69.2	59.6	
89.2	88.7	
87.6	99.6	
85.6	79.8	
95.9	98	
57.7	59.6	
96.9	99.4	
77.9	97.6	
98.5	89.5	
85.2	89.5	
89.4	89.5	
87.4	89.5	
58.7	37.6	
88.2	68.1	
47.4	98.8	
77.9	89.5	
58.7	19	
67.8	89.7	
77.3	39.6	
67	89.3	
88.8	99.6	
98.5	19.4	
77.5	57.8	
98.5	99.4	
88	89.7	
67.6	99	
46	79.6	
88.8	89.3	
65.4	69.7	
68	89.7	
97.1	89.3	
66.4	89.5	
97.7	89.1	
77.9	88.9	
88.6	99.4	
96.3	99.6	
48.4	19.4	
55.9	88.7	
67	89.7	
99.1	99.6	
78.5	88.1	
75.5	99	
67.2	99.2	
89.2	99.2	
77.7	9.3	
88	98.8	
88.2	88.9	
67.6	99.4	
97.1	89.1	
87.8	99.4	
78.1	99.6	
89.2	89.3	
88	99.4	
88.2	28.1	
57.3	89.1	
88	99.2	
47.8	19.6	
97.7	79.6	
26.2	99.6	
98.1	99.2	
76.1	57.6	
98.5	79.6	
55.5	99.6	
34.1	59	
97.5	89.5	
57.3	89.3	
98.3	99.2	
88.2	89.3	
25.2	79.4	
88.6	79.6	
88.4	-40.8	
99.3	99.4	
98.1	99.6	
88	48.9	
67.4	88.5	
88.8	79.4	
76.3	89.5	
87.6	37.2	
99.1	99.2	
77.9	99.4	
66.6	99	
97.9	98.8	
88	99	
66.4	89.3	
78.9	99.6	
78.1	78.8	
87.6	89.3	
93.9	79.8	
97.7	78.6	
97.1	99.4	
98.7	79.6	
98.5	99	
88.2	99.4	
87.6	69.5	
77.9	99.6	
78.1	69.3	
99.3	99.6	
77.9	68.5	
88	79.6	
79.1	99.4	
47.2	99.4	
78.5	48.7	
98.3	89.1	
87.2	99	
78.9	69.5	
36.7	89.7	
97.5	98.8	
98.9	88.9	
77.5	78.8	
98.7	99.6	
99.1	99.2	
88.8	99.2	
68.6	99.2	
89	99.6	
89	79.2	
45.8	88.9	
89.4	69.1	
87	99.4	
69.4	99.2	
88.8	99.6	
89	99.6	
97.1	99.6	
88.6	49.5	
57.3	89.5	
98.1	89.1	
98.3	99.4	
77.9	99.6	
88.6	99.4	
88.6	89.3	
88.8	69.5	
98.7	99.4	
77.1	38.6	
98.9	99.6	
88.2	89.7	
98.7	78.4	
78.9	79.4	
97.9	89.5	
87.2	78.8	
77.3	68.1	
98.7	99.6	
78.5	99.6	
88	79.8	
78.1	17.4	
97.7	99.6	
98.9	79.4	
88.8	99.4	
99.1	89.7	
68.6	99.4	
89	99.2	
57.7	99	
78.5	99.6	
87.4	89.5	
88.6	68.3	
98.7	98.8	
77.7	99.6	
87.8	78	
88.6	99.2	
98.5	59.4	
68.2	68.5	
99.3	89.7	
98.1	88.9	
67.6	88.5	
89	99.6	
88.6	59.6	
97.7	89.1	
98.7	48.9	
99.1	98.6	
98.9	99.6	
67	99	
98.7	99.4	
98.7	79.4	
77.7	99.2	
98.7	29.3	
89	79.4	
89	99.6	
98.9	38	
68	-22.2	
88.6	89.5	
68.4	89.5	
97.1	-1.4	
76.3	89.7	
97.7	68.3	
98.7	99.6	
87.8	89.3	
68	99.6	
88.6	99.6	
98.3	98.8	
98.5	99.4	
98.9	99	
69.2	89.3	
65.8	99.2	
98.5	88.7	
89.2	89.1	
89	99.6	
99.1	89.7	
89	79.2	
97.9	88.9	
89	89.3	
97.9	99.6	
57.1	39.6	
57.5	99	
98.3	99.2	
79.1	99.6	
98.1	99.4	
88	19	
99.1	99.6	
56.1	99.6	
57.1	69.3	
98.7	79.6	
78.1	79.8	
98.5	99.2	
89.2	69.3	
89.2	89.5	
88.8	99.4	
98.9	99.6	
57.7	99.6	
89	88.9	
87.6	99	
77.5	98.8	
88.2	78.6	
67.8	27.5	
76.3	59.2	
76.5	88.7	
89	59.6	
88.8	89.1	
98.5	69.1	
98.9	28.9	
88.4	99.4	
77.1	79.6	
98.7	89.5	
67.8	89.5	
78.9	89.7	
86.2	79	
68.6	89.7	
98.9	79.6	
55.9	99.6	
67.8	99.2	
99.3	99.6	
98.7	89.7	
97.5	99.4	
78.9	38.8	
79.1	99.6	
76.9	89.1	
68.2	99.2	
88.2	99.6	
78.3	88.7	
88.8	79.6	
98.9	98.2	
79.5	89.1	
98.5	99.4	
87	98.4	
98.9	99.2	
88.8	79.8	
57.7	-1.4	
37.7	38.8	
68.8	59.6	
88.4	99.6	
77.5	99.6	
68	88.7	
98.7	99.6	
99.3	99.4	
78.9	99.6	
98.5	79.4	
98.9	79.2	
88.8	99.2	
86.2	99.6	
98.3	79.2	
78.7	8.7	
78.1	69.3	
57.9	89.1	
69	99.6	
99.1	99.2	
87.8	48.9	
98.7	99	
96.9	89.5	
67.6	98.8	
87	88.3	
77.9	89.3	
98.5	58.2	
86.8	99.6	
78.3	99.4	
88.6	68.9	
98.1	59.6	
77.5	99	
87.4	99.4	
87.4	98.4	
48	89.3	
99.1	89.7	
66.6	38.8	
57.7	99.6	
99.3	58.8	
78.5	99.2	
78.7	99.4	
58.5	79.4	
66.8	99.4	
76.1	59.4	
99.3	78.8	
98.7	76.6	
99.1	79.2	
89.2	79.6	
98.5	99.6	
98.9	99.6	
88	89.3	
68.4	58.6	
87.4	99	
99.3	89.3	
98.9	99.6	
68	99.6	
88	99.4	
76.3	99.6	
88.8	98.6	
89	99.4	
96.7	89.1	
88.4	99.4	
98.3	99.6	
44.8	89.5	
98.3	89.3	
78.7	47.9	
97.9	79.2	
