-5.1	-21.2	
-10.1	7.9	
77.3	39	
46.1	69.7	
68.3	88.3	
87.2	-121.6	
88.6	57.2	
77.1	-184.2	
98.3	48.7	
75.3	48.3	
88.2	67.7	
88	19.6	
54.1	-1	
85.8	49.1	
99.1	89.5	
88.2	87.9	
64	99.2	
87.6	68.7	
77.5	89.5	
85.8	98.4	
98.5	97.6	
98.7	68.3	
68.6	88.9	
87.8	68.3	
78.1	99.6	
98.7	89.1	
68.4	99.4	
64.6	29.3	
99.1	87.9	
88.4	88.5	
78.5	99.2	
56.7	89.7	
97.5	78.8	
58.7	98.8	
79.1	99.4	
99.3	68.9	
98.9	98.6	
87.8	78.4	
78.7	88.9	
79.3	88.1	
78.5	99.6	
99.3	99.6	
87.2	78.6	
87.8	79.4	
86.8	99.6	
97.9	99.2	
97.1	8.9	
86.6	99.6	
98.5	58.6	
88	99.6	
97.7	89.5	
99.3	89.7	
98.7	38	
88.4	69.5	
89	79	
99.3	99.4	
99.1	99.4	
99.3	99.2	
99.1	89.5	
89	79.8	
88.8	99.6	
89.4	89.3	
78.7	79.6	
88.2	79.4	
89.2	99.6	
98.7	99.4	
99.3	99.6	
79.1	99.6	
78.1	89.7	
88.4	89.3	
98.9	99.6	
89.2	79.6	
78.1	99.6	
78.3	79.2	
98.9	99.6	
96.9	88.3	
99.1	99.6	
99.3	99.4	
98.7	99.4	
97.9	99.6	
89	79.2	
88.8	68.7	
79.5	99.6	
98.5	99.6	
79.1	89.3	
69.2	89.7	
88.8	89.5	
98.3	-52.1	
99.1	99.2	
98.7	99.4	
89.2	69.1	
98.9	79.4	
97.5	88.9	
89	89.3	
99.1	89.5	
98.3	99.6	
58.1	58.8	
99.1	89.1	
78.5	88.1	
97.9	99.6	
68.4	99.2	
47.4	99.6	
79.1	98.6	
89	89.1	
98.3	99	
57.7	99.6	
56.5	79.6	
88.2	79.8	
99.1	99.6	
99.3	89.7	
98.5	99.6	
99.3	59.4	
99.1	58	
88.8	89.1	
98.7	99.4	
78.9	89.5	
98.9	89.7	
78.1	89.5	
77.3	78	
99.1	89.5	
86.4	99.6	
89.2	99.6	
89.2	99.6	
89.2	99.4	
88	89.7	
68	89.5	
98.5	79.6	
99.1	89.7	
98.3	98.6	
88.6	99.6	
88.4	99.6	
98.7	99.6	
88.4	99.2	
89	78.2	
87.6	-11.3	
89.2	89.7	
89	98.6	
89	99.4	
99.3	99.4	
88.6	99.6	
88.4	99.4	
89.4	69.7	
98.7	99.6	
89.2	79.2	
88.6	99.4	
89.2	69.7	
98.7	89.1	
99.1	99.6	
98.9	68.7	
88.6	79.8	
98.7	89.7	
98.5	47.9	
68.6	-0.6	
78.7	99.6	
88.4	99.4	
98.7	99.6	
99.3	99.4	
98.3	99.6	
99.1	99.4	
88.8	89.5	
88.8	89.5	
78.9	99.6	
99.3	89.5	
89	99.6	
88.4	89.7	
89.2	99.6	
78.5	99.4	
87.8	79.8	
78.1	99.6	
89.4	99.6	
98.7	69.7	
98.5	99.6	
99.3	89.5	
89.2	99.6	
98.9	99	
88.2	88.5	
99.3	99	
98.7	89.3	
87.6	79.8	
89.2	99.4	
88.8	79.6	
97.7	88.9	
78.9	99.6	
77.7	39	
98.9	99.4	
48.6	99.4	
77.7	89.1	
78.9	99.6	
98.1	99.4	
98.3	59.8	
99.1	99.6	
98.9	89.5	
99.3	99.4	
87.6	99.6	
78.5	99.6	
89	99.6	
98.5	69.1	
99.1	79.6	
89	78.6	
87.6	99.4	
79.1	79	
89	79.4	
98.9	89.5	
89	19	
85.8	39	
67	99.6	
56.5	68.7	
67.6	88.9	
57.5	99.6	
98.9	89.3	
98.1	98.8	
88.4	99.6	
59.1	79.4	
99.1	99.4	
98.1	19.4	
98.9	89.3	
98.5	79.2	
98.9	98.6	
88.2	79.8	
89.2	99.4	
98.3	38.8	
89	99.6	
89.2	67.9	
88.4	69.1	
48.2	88.9	
99.3	79	
98.5	69.3	
98.1	99.4	
88.2	99.6	
89.2	99.6	
78.7	99.4	
88.6	8.7	
88.8	89.7	
98.3	99.6	
77.7	99.6	
88.4	88.9	
67.2	99.6	
98.5	89.7	
98.7	99.6	
99.1	79.4	
88.8	99.2	
97.3	68.5	
68.2	89.3	
88.2	99.4	
99.3	-2.2	
88.6	99	
98.7	99.6	
65.8	99.4	
56.9	98.8	
78.9	99.4	
88.4	79.4	
79.1	79	
99.3	99.6	
89	69.3	
78.5	-11.5	
89	99.6	
99.1	99.4	
98.7	77.8	
98.7	99	
77.9	79.6	
99.1	89.7	
78.1	29.5	
68.8	99.4	
88.4	26.9	
67.6	99.6	
89	99.4	
98.7	59.4	
98.1	78.8	
88.2	49.5	
98.1	69.7	
97.9	69.5	
98.5	69.1	
87.6	99.6	
99.3	99.4	
98.9	79.8	
88.8	88.7	
89.4	49.1	
99.1	99	
99.1	89.5	
88.6	88.5	
98.7	78.8	
69.4	89.1	
89	99	
99.1	99	
98.7	79.2	
88.4	99.4	
99.1	99.6	
77.9	38.8	
89.2	99	
99.1	89.5	
98.7	-11.1	
88.2	99.6	
67.8	99	
99.1	99.4	
98.9	69.1	
97.5	88.9	
88.6	79	
88.6	98.8	
88	89.1	
66.4	89.1	
78.3	98.6	
88.8	38.8	
88.2	98.2	
58.1	98.8	
98.9	99.6	
98.3	69.1	
77.9	99.2	
99.1	99.6	
98.5	69.1	
98.5	99.6	
89	89.7	
87.4	89.3	
99.1	37.8	
98.9	89.3	
89	99.4	
69	89.5	
78.9	99.2	
89	99.4	
99.1	59.8	
98.7	89.5	
89.4	99.4	
98.9	99.4	
98.5	89.1	
89.4	89.5	
98.7	79.6	
99.3	89.7	
98.1	89.5	
97.5	59.6	
88.2	79	
99.1	89.5	
99.3	99.4	
99.3	28.5	
98.7	59.4	
98.5	89.5	
67.4	99.4	
79.1	79.6	
89.2	-1.4	
38.5	99.6	
98.5	68.7	
98.9	89.5	
65.4	89.5	
89.2	89.5	
77.3	99.6	
78.7	99.6	
67.8	99.4	
87.8	99.6	
98.9	99.6	
98.7	99.6	
88.4	99.4	
98.7	99.6	
88.2	89.7	
89	99.4	
87.8	89.7	
68.8	79	
88.8	99.6	
98.9	99.6	
48	99.4	
88.6	89.3	
78.1	89.1	
99.1	88.9	
98.9	88.9	
79.5	99.6	
89.4	99.2	
98.9	99.4	
78.1	99.6	
98.5	89.3	
98.7	69.7	
98.7	99.4	
88.8	79.6	
98.7	99.6	
76.1	88.9	
98.5	99.6	
88	99.6	
99.3	99.6	
77.9	99.4	
99.3	89.7	
89.4	99.4	
77.7	89.1	
87.8	99.6	
98.1	69.5	
88.4	88.7	
99.3	99.4	
89.4	88.5	
88.4	79	
99.1	99.2	
77.3	99.6	
88.8	89.3	
79.5	89.5	
99.3	99.6	
98.3	99.6	
99.3	99.6	
79.1	99.6	
78.7	89.3	
79.1	99.4	
99.1	99.4	
89.2	89.5	
89	79.4	
87.8	99.4	
98.3	89.1	
68.6	89.7	
98.1	99.4	
76.5	89.3	
99.3	99.6	
98.5	48.9	
17.7	89.1	
98.7	99.6	
98.5	49.5	
89	99.4	
89.2	78.8	
99.1	99.4	
98.5	99	
98.5	99.6	
97.3	69.1	
78.1	89.3	
98.7	89.3	
99.3	79.4	
98.7	99.6	
99.3	99.4	
89	99.2	
98.9	99.6	
88.4	99.6	
48.8	99.6	
99.1	99.6	
78.5	89.7	
68.4	99.6	
87.2	89.1	
99.3	69.7	
98.9	99.6	
88.8	99	
87.8	99.6	
78.1	49.3	
99.3	47.9	
98.3	99.4	
88.8	99.6	
56.3	89.3	
99.3	99.6	
88.8	89.7	
47.2	89.1	
67.4	99.6	
67.6	79.4	
99.1	89.1	
88.6	99.6	
98.7	79.6	
98.9	89.1	
79.3	89.5	
66.8	99.6	
67.6	99.4	
55.5	69.3	
89.2	99.6	
98.5	99.2	
98.1	99.6	
98.1	59.6	
98.9	89.5	
88.2	58.8	
98.5	79.4	
67.4	58.8	
97.9	99.4	
98.9	99.6	
58.5	99.4	
79.1	99.6	
97.5	99.6	
99.3	79	
99.3	79.2	
89	89.7	
87.4	49.7	
89.2	98.8	
97.3	99.6	
99.3	88.3	
89	89.5	
98.9	78.8	
98.9	59	
88.6	79.4	
89	-21.8	
98.1	89.1	
98.7	99.6	
88.8	78.8	
89.2	99.4	
89.2	89.3	
98.5	99.6	
99.3	79.8	
67.8	99.2	
89	99.2	
98.7	49.5	
99.1	89.5	
89	99.6	
98.3	79.2	
99.3	69.3	
99.1	69.7	
37.7	89.3	
88.8	99.6	
97.1	99.4	
77.5	99	
88.6	99.4	
88.8	89.1	
98.9	99.4	
98.7	99.6	
89.2	99.6	
99.3	99.4	
99.3	99.4	
98.7	99.6	
