35.1	9.1	
-25.9	69.1	
-16.2	89.7	
0.4	79.6	
25.4	-566.4	
77.9	-132.1	
67.6	-446.8	
-158.7	-102.4	
61	-41.6	
98.5	78.8	
95.5	68.9	
88.8	68.9	
-4.7	67.1	
87.2	-10.9	
79.3	88.1	
98.1	99	
67	37.8	
68.6	69.7	
88.4	23.1	
88.8	-132.9	
86.6	79.8	
99.1	94.6	
86.4	77.6	
87.8	78.2	
77.9	-41.4	
98.7	78.2	
88.6	77.8	
77.5	88.3	
87.4	87.7	
87.2	88.9	
88.4	78.8	
75.7	16.6	
88.8	89.7	
89	77.4	
85.2	98.6	
78.1	78.6	
65.8	-31.1	
98.5	-36.5	
96.1	79.2	
98.9	-55.1	
75.5	88.1	
45.8	-14.9	
67.2	57.6	
68	98.8	
77.9	99.2	
99.3	69.5	
66.4	77.4	
98.7	-34.3	
97.5	78.6	
77.9	88.5	
78.9	88.9	
78.3	9.3	
75.9	79.2	
78.9	65.9	
86.8	58.2	
96.5	13.6	
98.9	68.7	
98.3	-51.5	
87.2	-4.4	
97.3	79.8	
98.9	59	
66.6	89.5	
96.7	-53.3	
97.1	78.6	
87.4	68.9	
87.2	89.7	
66.8	48.7	
64	58.2	
99.3	-3.4	
67.4	99.6	
77.7	88.3	
97.5	79.6	
85.8	-2.2	
41.4	99.4	
67.2	16.4	
89.2	99.6	
97.7	78.6	
89	99.4	
98.9	79.2	
98.1	99.4	
99.1	99.6	
89	99.6	
69.2	89.5	
96.5	89.5	
78.7	99.6	
97.1	99.4	
78.3	98.8	
98.5	99.6	
98.7	99.2	
76.9	18.8	
78.5	78.8	
45.4	98.8	
96.9	99.6	
98.3	99.4	
45.6	99.4	
89.2	99.4	
78.9	89.5	
26.6	99	
96.5	99.6	
68.8	89.7	
85.8	99.6	
99.1	88.5	
89.4	69.3	
41.4	89.1	
68.6	99.4	
87.6	-2.6	
77.9	99	
98.7	89.1	
67.2	78.8	
78.5	88.9	
64.4	59.4	
88	99.4	
98.5	79	
88.8	58.6	
77.7	79.6	
76.9	89.3	
88	-10.7	
26.2	88.9	
87.6	99.4	
87.6	-40.8	
98.7	89.3	
98.9	99.6	
88.4	79.2	
85.8	88.9	
98.9	69.1	
98.9	89.1	
86	88.9	
98.5	27.9	
97.5	99.6	
28	69.7	
88.8	-31.9	
66.4	99.4	
68.4	89.5	
98.7	99.4	
77.9	99.6	
76.1	79.4	
97.3	89.3	
88.6	89.5	
67.4	99.4	
98.7	-10.7	
55.9	99.6	
95.5	99.6	
86.2	99.6	
88.8	68.7	
75.5	8.7	
98.9	99.6	
76.1	89.5	
88	79.4	
88.2	79.4	
99.3	99.6	
98.5	89.3	
98.9	79.6	
88.4	98.8	
88.6	98.8	
77.9	79.6	
58.7	59	
95.9	99.6	
99.1	99.6	
98.7	99.6	
87.2	89.5	
68.8	89.7	
25.8	88.3	
78.5	99.6	
26.6	89.3	
88.6	99.6	
98.5	99	
98.9	99.4	
96.7	29.5	
98.9	89.3	
87.4	99.6	
56.5	39	
24.6	79.6	
98.1	89.1	
97.1	8.7	
85.4	88.9	
78.1	37.4	
66.4	99.4	
98.1	99	
78.3	99.2	
87.8	99.4	
98.5	99.4	
87.6	68.5	
98.7	49.5	
88.6	88.7	
98.1	89.7	
86.6	39	
89.4	79.4	
98.7	99.6	
77.1	99.2	
77.9	99.6	
97.9	99.4	
88.8	89.1	
98.5	99.6	
89	99.2	
98.3	99.4	
69	99.4	
99.1	69.3	
87.6	18.8	
88.8	99.4	
98.7	99.2	
57.1	49.1	
98.7	69.3	
79.1	89.1	
88.6	48.1	
98.9	48.9	
55.3	79.2	
87.2	99.6	
97.9	99.2	
99.1	89.3	
97.7	99.6	
76.5	58.8	
77.9	78.6	
87	99.4	
98.7	98.8	
55.1	88.3	
77.3	59	
77.3	99.2	
77.5	99.4	
78.3	49.3	
98.9	99.4	
98.3	99.4	
98.3	99.6	
88.2	79.6	
96.9	59.6	
99.3	98.8	
96.5	99.6	
97.9	79.6	
88.2	89.1	
98.3	39	
87	99.2	
97.7	89.7	
86.6	98.2	
88.2	98.8	
88.8	38.6	
98.5	89.5	
86	58.8	
88.4	89.7	
87.6	99.4	
77.5	99.4	
77.3	69.5	
89	39.4	
77.1	79.2	
66	99.2	
58.1	39.4	
67.4	79.2	
98.7	99.6	
88.4	47.7	
88.6	-32.1	
57.7	79.4	
78.3	79.4	
77.3	88.5	
77.5	89.5	
86	89.5	
65.6	99.6	
89.2	59.8	
98.3	89.3	
89	79.6	
66	99.6	
98.5	98.6	
66.8	99	
88.2	99.4	
88.8	69.3	
48.2	89.1	
77.1	89.5	
76.9	69.3	
88	99.2	
97.1	89.7	
88.2	88.7	
79.1	79.6	
85.8	69.3	
57.1	88.9	
57.5	89.3	
89	26.7	
87.4	39.4	
98.7	19.2	
89.2	89.5	
98.1	99	
68	89.5	
87.8	79.8	
99.1	89.5	
98.7	88.3	
98.1	89.5	
76.5	79.4	
57.3	39.4	
88.8	99	
88.4	88.3	
87.2	89.1	
88.4	99.6	
64.8	99.2	
99.1	99.6	
88.6	68.1	
89.4	99.4	
89	59.8	
66.6	49.1	
98.5	99.4	
97.1	89.7	
76.3	99.6	
55.5	89.3	
89.2	99	
88.4	79.2	
87.8	99.4	
78.5	88.1	
97.3	89.1	
67.6	99.2	
98.7	78.2	
96.3	58.4	
89.2	99.2	
57.9	78.8	
46.6	89.1	
87.4	69.3	
79.3	69.1	
88.4	79.2	
77.9	78.6	
98.7	99.6	
77.9	99.6	
88.6	78.6	
98.3	28.5	
56.7	59.4	
77.7	99.4	
87	88.7	
98.7	99.4	
88.4	79	
99.1	49.1	
88	89.3	
88.6	69.7	
87.8	99.2	
79.1	99.6	
87.8	78.6	
77.5	89.3	
87.4	99.2	
77.3	59.2	
56.1	49.1	
66.8	99.4	
74.5	98.4	
98.3	29.5	
96.7	49.5	
98.7	58.4	
57.9	99.6	
98.5	98.4	
98.3	89.1	
99.3	99.6	
68.4	39.2	
79.3	99.2	
87	99.6	
79.3	29.5	
68	78.8	
96.3	99.2	
87.6	89.5	
77.9	98.6	
99.1	77.8	
98.9	99.6	
99.3	89.7	
99.1	89.1	
78.3	89.1	
78.9	8.3	
65	68.7	
99.3	78.4	
99.3	88.5	
58.1	99.6	
88.8	99.6	
68.2	88.7	
67.2	68.5	
88.6	68.1	
88.6	68.7	
89.4	99.2	
98.7	99.6	
77.1	99.4	
89	99.6	
97.7	89.7	
67.4	99.6	
87.6	99.4	
89.4	99.6	
88	99.6	
89	99.6	
66.8	99.4	
88.2	99.4	
65.4	89.3	
98.9	68.1	
99.1	89.5	
98.5	98.2	
88.6	89.1	
77.1	99.6	
57.1	48.9	
88.6	59.2	
77.1	59.6	
77.7	99.6	
88.6	99.6	
78.3	99.2	
88	79	
87.6	59.4	
66	99.6	
47.8	79.6	
88.6	49.3	
98.1	99.6	
47.8	79.2	
89	79	
87.4	98.8	
98.7	-10.9	
48.4	87.1	
33.5	99.6	
86	89.3	
98.3	79.4	
87.8	99.6	
88.4	99.6	
86.6	69.7	
89	59.4	
67.8	99.6	
43.4	69.1	
88.4	69.1	
89.2	99.2	
97.5	-1	
88.6	99	
98.5	99.6	
98.9	98.4	
98.3	99.2	
86.4	89.5	
78.5	79.4	
98.5	99.2	
98.5	89.5	
97.7	99.6	
88.6	88.9	
54.3	59.4	
88.8	89.1	
54.9	89.3	
99.1	99.6	
97.7	89.5	
99.1	99.6	
88.4	99	
99.1	79.6	
89	89.5	
88.6	99.2	
98.7	99.2	
66.8	89.3	
98.5	89.3	
99.1	89.7	
99.3	89.5	
65.8	99.2	
66.2	89.5	
57.9	78.8	
89	99.4	
79.1	68.5	
98.5	89.7	
98.9	89.1	
88.8	99.6	
58.1	99.2	
85.8	89.1	
98.1	99.4	
98.7	79.6	
99.1	99.6	
87.4	68.7	
88.4	88.7	
47.8	99.2	
97.5	99.2	
88.8	98.4	
78.9	88.9	
97.9	99.6	
78.5	88.9	
89.2	59.2	
68	99.6	
68.4	98.8	
98.1	69.5	
77.9	77.8	
88.2	99.6	
98.1	88.9	
78.1	88.7	
88.8	99.6	
87.8	99	
99.3	69.3	
66.8	89.3	
98.9	27.7	
46.8	77.2	
88.8	99.6	
65.6	49.3	
55.7	89.5	
97.5	78.8	
78.1	88.9	
98.3	79.2	
78.5	99.2	
85.6	88.9	
78.7	99.6	
88.4	99.6	
86.4	89.3	
74.9	89.3	
97.9	79.2	
78.1	39	
88.8	89.7	
57.5	78.4	
89.4	68.7	
88.6	99.6	
99.1	79.4	
98.5	89.5	
97.7	78.8	
88.4	99.4	
88.2	99.4	
99.1	99.6	
76.9	89.3	
89	89.5	
96.5	78.4	
57.7	77.8	
75.5	89.5	
