4.2	-184.6	
78.1	48.9	
98.3	-1.4	
75.9	68.5	
97.7	79	
64.2	79	
99.3	66.7	
67	18.4	
99.1	76.8	
97.7	89.5	
68.8	88.9	
88.4	78.8	
55.1	69.1	
83.8	89.5	
88	79.2	
51.7	89.5	
98.3	99.6	
86.8	99.6	
95.3	99.6	
75.9	99.6	
89	99.2	
98.7	99.6	
93.9	99.4	
76.5	99.4	
87.6	99	
87.2	78.4	
89.2	99.6	
98.7	99.6	
96.9	99.6	
98.5	99	
88.4	99.6	
97.1	99.6	
98.5	99.6	
78.9	79.2	
99.3	99.6	
99.1	99.6	
98.3	99.6	
89	99.4	
99.3	79.4	
57.5	99	
98.7	99.6	
97.7	99	
88.4	99.6	
87.6	99.6	
74.3	79	
87	89.5	
98.5	89.7	
87.6	88.7	
98.1	79.4	
88.8	99.6	
98.5	99.2	
89	68.9	
89.2	99.6	
97.9	68.5	
87.4	79.2	
98.7	99.6	
98.5	59.2	
98.9	99.6	
77.5	39.2	
99.3	99.2	
87.8	89.3	
98.7	59.2	
98.9	89.3	
99.3	99.6	
99.1	79	
98.9	99.6	
98.5	99.6	
98.9	99.6	
98.9	99.4	
99.1	99	
89.2	99.6	
68.4	99.6	
98.7	89.1	
98.9	99.6	
99.1	78.6	
88.8	99.2	
99.1	69.5	
99.3	99.4	
88.8	99.6	
99.1	99.2	
88.8	99.4	
98.7	89.1	
99.1	79.6	
99.1	99.4	
99.1	99.6	
88.8	99.6	
99.1	99.2	
99.3	99.6	
98.9	99.6	
89.2	79.6	
98.5	99.6	
78.3	78.2	
98.7	99.6	
99.1	99	
99.1	89.5	
89	59.6	
88.6	69.5	
98.3	99.6	
99.1	99.6	
98.9	99.6	
79.1	99.4	
89.2	99.6	
88.8	99.6	
98.5	69.3	
98.9	79.4	
89	99.2	
99.3	99.2	
89	99.6	
99.3	89.5	
99.3	99.6	
77.9	99.2	
99.3	69.3	
89	68.5	
99.1	89.3	
99.3	79.4	
99.3	99.6	
99.1	78.8	
98.9	99.6	
89.2	99.4	
98.9	48.7	
98.9	89.1	
98.9	99.6	
89	99.6	
89.2	99.6	
88.6	99.2	
78.7	99.4	
98.7	78.8	
98.9	99.6	
98.9	99.6	
98.7	89.5	
99.3	99	
99.1	99.6	
99.1	99.6	
98.9	99.4	
99.1	99.6	
98.5	99.6	
99.1	99.4	
99.3	99.4	
59.1	99.2	
99.1	99.6	
98.7	99.6	
99.1	99.4	
78.1	99.2	
98.5	99.2	
98.5	99.4	
89	99.4	
99.1	99.6	
98.7	38.4	
97.7	99.6	
88.8	99.6	
89	69.5	
98.5	69.5	
98.3	99.6	
85.8	99.2	
88.4	99.4	
98.9	89.7	
98.9	99	
87.8	89.3	
99.3	99	
99.1	99.6	
98.7	99.6	
98.1	69.3	
98.9	99.6	
69.4	89.5	
98.9	99.6	
88.8	99.2	
98.7	79.4	
77.9	99.6	
88.4	68.7	
99.1	99.6	
98.9	89.5	
68.8	89.5	
78.7	79.2	
88.8	69.7	
97.9	69.1	
98.9	99.6	
98.5	89.1	
89	69.3	
78.7	99.6	
98.7	99.2	
97.7	89.3	
89.2	99.6	
88.8	99	
89.2	99.6	
88	99.6	
68	89.3	
98.9	99.6	
99.1	89.5	
99.1	99.4	
98.5	99.6	
98.7	99.2	
98.5	79	
89.2	99.4	
78.5	79.6	
67.6	99.2	
99.3	99.6	
88.6	19.6	
67.6	99.2	
97.9	99.6	
68	99.6	
96.3	99.4	
66.4	99.2	
96.9	99.2	
97.3	99.4	
77.3	99.6	
79.1	99.6	
98.1	29.3	
98.9	99.4	
99.1	99	
88.2	99.6	
88.8	99.6	
98.9	99.4	
89.4	99.6	
99.1	59.2	
99.3	99.6	
98.9	59	
98.9	98.8	
99.1	89.3	
78.5	99.4	
89.4	88.9	
98.9	99.4	
79.3	99.6	
99.1	99.6	
99.1	99.6	
68.6	99.6	
88.6	99.6	
99.3	89.5	
89.4	78.2	
88.8	99	
89.2	99.6	
98.7	99.4	
88.4	99.6	
89.4	89.5	
89.4	99.6	
98.5	99.6	
98.3	99.2	
79.5	99.6	
99.1	99.4	
98.9	69.3	
78.3	89.5	
98.9	99.6	
98.5	99.6	
88.8	99.4	
98.7	99.6	
89	99.4	
99.1	99.6	
99.3	99.4	
89	89.1	
98.5	99.4	
98.3	99.6	
88.8	99.6	
58.1	89.1	
58.1	99.2	
89	89.5	
99.3	99.2	
89.4	89.1	
99.3	99.2	
98.9	99.6	
99.3	89.5	
68.2	99.2	
88	78.8	
89.2	99.6	
99.1	99.4	
98.9	99.6	
78.9	99.4	
68.8	49.7	
89	99.6	
88.2	89.3	
78.3	99.6	
78.3	99.6	
68	99.4	
88.6	89.5	
99.3	99.6	
99.3	99.6	
99.1	89.7	
99.1	89.3	
88.6	99.6	
98.9	89.3	
99.1	99.4	
88.6	79.6	
78.9	99.2	
88.8	99.2	
98.7	89.3	
99.3	69.5	
98.9	99.6	
99.1	89.7	
99.1	99.6	
99.1	99.6	
98.7	99.6	
88.8	99.4	
99.3	99.6	
78.9	99.6	
99.3	99.6	
98.1	99.2	
88.6	89.7	
98.3	58.8	
98.9	89.3	
99.1	99.6	
98.9	99.6	
99.1	99.6	
79.5	79.6	
89.4	99.6	
99.1	99.6	
89.4	99.6	
78.5	99.6	
99.3	89.5	
99.3	99.6	
99.3	99.6	
99.1	99.4	
98.9	99.6	
98.7	99.2	
98.9	98.8	
88.8	99.4	
99.3	99.4	
99.1	89.5	
99.1	99.4	
99.3	89.1	
89.2	89.7	
97.7	99.2	
98.9	28.1	
69.4	99.4	
98.5	99.6	
89	99.4	
99.3	99.6	
99.1	99.6	
98.9	99.6	
99.3	99.6	
98.7	79.8	
98.1	89.3	
98.7	89.3	
89.2	69.7	
98.9	89.7	
89	89.7	
99.1	69.5	
99.3	79.4	
89	99.6	
99.3	99.6	
98.9	89.7	
78.5	69.7	
89.2	99.2	
89.2	49.5	
89.4	99.6	
89	99	
88.8	79.4	
79.3	99.2	
79.1	89.5	
99.3	89.5	
99.1	99.6	
98.9	99.6	
98.9	99.4	
99.1	99.6	
89.2	99.2	
68.8	99.6	
98.7	99.4	
99.1	99.4	
88.4	99.6	
99.3	99.6	
99.3	99.4	
79.1	99.6	
89.4	99.4	
57.9	99.4	
98.9	99.6	
99.1	89.3	
79.1	99.6	
79.3	59.4	
88.8	99.6	
79.1	89.5	
99.1	99.4	
98.3	89.1	
98.9	99	
78.7	99.6	
98.9	99	
98.7	99.6	
88.8	99.6	
99.3	99.6	
98.9	99.6	
99.3	99.6	
99.3	99.4	
78.9	99.4	
99.1	99.6	
98.7	89.1	
79.3	99.6	
99.1	69.7	
99.3	99.6	
98.5	99.6	
99.3	98.8	
88.6	89.1	
99.1	99.2	
99.1	99.4	
99.3	89.1	
98.9	99.6	
68.8	99.4	
98.9	99.6	
88.8	99.2	
99.1	99.6	
98.5	87.7	
99.3	88.9	
98.7	89.3	
99.1	99.6	
87.8	99.6	
98.5	99.6	
88.8	69.3	
89.4	98.8	
89.4	99.6	
78.5	99.6	
99.1	98.8	
98.9	99.6	
79.1	99.6	
89.4	99.6	
99.1	59	
99.3	99.6	
99.3	99.6	
98.7	99.6	
79.3	99.4	
67.4	89.7	
98.9	79	
88.6	99.4	
98.9	99.6	
89.4	79.2	
68	99.4	
98.7	99.6	
99.3	99.2	
88.6	99.2	
98.9	99.4	
98.3	99.4	
98.9	99.2	
89	99.6	
98.3	99.6	
79.3	89.1	
88.8	98.6	
88.8	99.6	
99.1	59.4	
99.1	99.6	
98.9	99.6	
98.9	99.6	
89.2	89.5	
98.9	78.6	
99.3	89.3	
68.4	99.6	
88.8	89.1	
89	99.4	
99.1	99.6	
99.1	99.6	
89.2	89.5	
89.2	99.6	
89.2	89.5	
98.9	69.5	
88.6	99.6	
89.2	99.6	
89.4	99.4	
89	99.4	
98.9	99.4	
88.8	99.2	
99.3	99.6	
98.9	98.8	
98.9	99.6	
99.1	99.6	
98.9	99.4	
88.8	99.4	
99.3	99.6	
88.6	99.6	
87.6	89.5	
98.1	99.4	
99.1	89.5	
99.1	99.6	
99.3	69.5	
89	99.6	
89	99	
99.1	99.6	
88.8	99.6	
99.3	89.3	
99.1	99.6	
99.1	99.6	
98.5	99.6	
88.6	99.4	
98.7	89.3	
98.5	99.4	
98.9	99.2	
98.5	99.4	
99.1	99.4	
98.3	99.6	
98.1	89.1	
99.1	99.6	
99.1	39	
77.3	79.8	
89.2	79.4	
78.7	99.6	
79.1	99.6	
88.4	89.5	
99.3	79.6	
69.4	99.4	
78.5	99.4	
99.3	99.4	
89.4	99.6	
89.4	89.5	
99.3	99.6	
99.3	99.4	
98.1	99.6	
99.1	79.6	
99.1	89.5	
