33.1	-212.1	
46.4	79.4	
88	68.5	
95.9	38.8	
95.3	49.3	
98.3	-1.6	
98.9	79.2	
78.1	89.3	
97.1	78	
95.3	69.3	
76.9	69.5	
74.7	78.8	
98.1	57	
93.7	79.6	
88.2	56.8	
98.1	75.6	
65	77.4	
97.9	68.1	
98.3	88.3	
99.1	89.5	
86.6	89.5	
98.9	89.5	
98.7	89.5	
99.3	78.8	
98.5	99.4	
98.7	99.6	
98.7	99.4	
99.1	99.6	
98.7	89.7	
88.6	99.6	
99.3	89.1	
98.1	99.6	
97.9	99.4	
99.3	99.4	
99.1	89.7	
99.3	79.6	
99.1	99.6	
88.8	89.5	
99.3	89.7	
98.5	99.6	
99.1	89.3	
99.1	99.6	
98.7	99.6	
89.2	88.9	
98.5	68.5	
99.1	99.4	
99.1	89.7	
98.7	89.7	
98.9	89.3	
98.9	89.5	
99.3	79.4	
98.9	89.7	
99.3	79	
98.9	79.6	
99.3	89.5	
99.3	79	
98.9	89.7	
99.1	89.7	
99.1	89.7	
99.1	89.7	
99.1	89.5	
99.1	89.7	
98.9	69.3	
99.1	99.6	
98.9	99.6	
98.5	99.6	
99.3	79	
98.3	99.4	
99.1	99.6	
89	99.6	
77.9	99.2	
98.9	99.6	
99.3	89.1	
99.1	99.6	
88.8	99.6	
89.2	99.6	
98.7	99.6	
98.9	99.4	
99.1	99.6	
98.9	99.6	
99.3	99.4	
99.1	99.4	
99.3	99.6	
99.3	89.7	
78.9	98.8	
88.8	99.4	
98.7	79.4	
99.1	99.4	
88.4	99.6	
88.2	99.6	
89.2	79	
68	99.6	
98.7	99.4	
89	99.2	
98.9	99.6	
98.5	99.4	
98.7	78.8	
98.9	99.4	
99.1	89.5	
98.9	99.6	
99.3	99.6	
98.9	58.6	
98.9	89.7	
87.8	99.4	
99.1	99.6	
98.7	99.6	
89.2	99.6	
99.3	59	
98.9	99.6	
98.9	99	
99.1	89.5	
99.3	99.6	
99.3	99.6	
99.1	98.8	
99.3	79.4	
99.3	99.6	
99.3	99.6	
89	99	
99.1	99.6	
79.1	69.5	
99.3	99.4	
99.1	98.8	
98.9	99.6	
99.3	99.6	
99.3	99.6	
98.9	89.7	
89.4	99.6	
98.9	89.5	
99.3	99.4	
78.9	99.6	
99.3	98.8	
99.1	99.4	
99.3	99.6	
78.5	99.6	
99.3	99.6	
99.3	79.4	
98.5	89.5	
99.3	99.6	
99.3	98.8	
89	89.7	
98.9	99.4	
88.4	99.6	
79.1	99.6	
99.1	99.6	
99.3	89.7	
99.3	98.6	
78.3	99.6	
88.6	99.6	
98.7	99.6	
98.9	99.4	
99.1	99.6	
99.1	79.4	
99.3	99.6	
98.9	99.6	
97.7	99.6	
99.1	99.4	
99.1	98.8	
99.1	89.1	
89	89.7	
99.3	99.2	
99.1	89.7	
99.3	89.7	
88.4	79.6	
99.3	89.5	
98.9	89.3	
98.9	99.2	
98.9	99.6	
99.1	89.1	
99.3	99.6	
99.1	99.6	
99.3	89.3	
99.1	79	
97.7	99	
89	89.3	
99.1	99.4	
99.3	99.4	
89.2	79.2	
99.1	99.6	
88.6	89.5	
98.9	99.4	
99.3	89.5	
89	98.8	
98.3	99.6	
99.3	99.6	
89	99.4	
88.4	79.4	
88.2	99.6	
98.9	89.7	
98.5	89.5	
88	99.2	
98.9	99.6	
99.3	99.4	
98.7	99.6	
99.3	99.2	
98.9	68.9	
87.8	99.6	
99.3	99.6	
99.3	89.5	
99.3	98.8	
99.1	99.6	
99.3	89.7	
99.1	98.6	
78.3	89.5	
97.1	99.6	
99.3	99.6	
77.5	99.4	
98.1	99.6	
98.7	99.6	
79.1	89.7	
98.9	99.6	
88.2	99.4	
98.5	99.4	
99.1	99.4	
98.3	99.6	
99.1	99.6	
99.1	79.2	
99.3	89.3	
99.1	99.4	
99.3	99.6	
78.3	89.7	
89.2	99.4	
88.2	89.5	
98.7	99.6	
98.9	89.5	
98.3	99.6	
98.9	99.6	
99.3	99.6	
99.3	99.6	
99.3	89.3	
89	89.3	
99.1	89.1	
99.3	89.5	
99.1	89.7	
99.3	89.7	
98.9	89.5	
98.9	89.7	
88.8	89.7	
99.1	89.7	
98.9	79	
98.9	99.4	
89.2	68.9	
98.9	99.4	
98.7	89.5	
98.7	99.4	
99.1	99.6	
89.2	99.6	
89.2	99.4	
99.1	98.8	
98.5	99.4	
99.3	99.6	
89	99.6	
88.4	99.6	
99.3	89.3	
99.1	99.6	
99.3	99.6	
89	99.6	
98.5	99.2	
99.1	99.6	
88.8	99.6	
98.1	89.5	
99.3	99.6	
99.1	98.6	
99.3	99.4	
88.4	99.6	
98.9	89.3	
98.7	99.6	
98.7	89.5	
98.9	89.3	
99.1	89.7	
99.1	89.7	
99.3	79.6	
98.1	79.6	
99.1	69.5	
99.1	79.6	
99.1	99.6	
98.5	89.3	
89.2	89.1	
99.1	68.9	
96.7	69.3	
99.3	89.3	
78.3	99	
99.3	99.6	
99.3	98	
78.9	89.5	
99.1	99.4	
99.3	99.6	
98.9	99.6	
99.3	89.5	
89.4	99.6	
98.9	99.6	
99.3	89.7	
99.1	99.6	
78.5	89.5	
98.9	89.3	
99.1	99.6	
99.1	99.4	
98.9	99.2	
99.3	69.3	
98.5	99.6	
98.1	99.2	
99.1	99.6	
99.3	99.6	
99.1	99.6	
99.3	89.5	
99.3	99.6	
99.3	89.5	
99.1	99.4	
98.9	99.6	
99.1	99.6	
88.6	99.6	
99.3	99.6	
99.1	99.6	
99.3	99.4	
99.3	99.6	
98.9	99.6	
99.1	79.4	
99.3	99.6	
88.4	99.6	
88.8	99.4	
99.1	99.6	
89	99.4	
89	99.4	
89.2	89.5	
99.1	99.6	
99.1	99.6	
98.9	99.6	
78.3	99.6	
98.3	99.4	
99.3	89.5	
99.3	89.7	
78.3	99.2	
88.8	99.2	
99.3	89.1	
98.7	99.6	
99.1	99.6	
97.9	99.6	
98.9	79	
98.7	99.6	
78.7	99.6	
89.2	99.4	
89	99.4	
76.5	89.7	
98.3	99.6	
98.9	99.4	
99.1	99.2	
99.3	99	
99.3	68.9	
89	99.4	
99.1	89.7	
99.3	99.6	
99.3	89.5	
99.3	99.6	
99.1	99.4	
99.3	99.6	
88.6	99.6	
99.1	99.6	
99.3	99.6	
88.4	99.6	
99.1	99.6	
98.7	89.7	
99.1	99.6	
99.3	99.6	
89.2	79.4	
99.3	99	
99.1	99.6	
99.1	99.6	
99.3	99.6	
99.3	99.6	
98.9	99.4	
99.3	89.1	
99.3	99.6	
78.9	89.5	
99.3	99.4	
89.4	99.6	
99.1	99.4	
99.1	99.6	
88.4	89.7	
98.9	99.6	
98.7	99.6	
99.3	89.7	
89.2	99.6	
99.3	99.6	
99.3	88.9	
99.3	99.6	
99.3	99.6	
89.2	99.6	
89	99.2	
99.3	99.4	
89.4	99.4	
98.7	99.6	
98.9	99.6	
78.9	99.4	
99.3	99.6	
99.3	99.6	
99.1	89.5	
99.3	99.6	
99.3	99.6	
98.9	99.6	
98.9	99.6	
88.6	99.6	
98.9	99.6	
99.3	99.4	
99.1	89.3	
89	79.4	
99.1	99.6	
99.1	99.2	
99.1	99.6	
89.2	99.6	
99.3	99.6	
98.9	99.4	
88.4	99.6	
99.1	99.6	
98.7	99	
98.7	89.5	
98.9	99.4	
89.2	99.6	
89	99.4	
98.7	99.4	
77.5	99.4	
99.3	99.6	
99.3	99.6	
99.1	99.6	
99.1	69.1	
98.1	89.5	
97.7	89.7	
99.1	99.6	
98.9	89.5	
98.9	89.5	
99.3	79.4	
89.4	79.4	
99.3	89.7	
89.4	69.1	
78.1	89.3	
77.7	69.7	
98.7	99.4	
98.5	99.2	
88.8	99.6	
99.3	99.4	
99.3	99.6	
99.3	99.6	
99.1	99.4	
99.1	98.8	
99.1	99.6	
99.1	99.4	
99.1	99.6	
99.3	99.4	
99.3	99.4	
98.7	99.6	
99.3	99.6	
99.3	99.2	
89.2	99.6	
99.1	99.4	
68	89.3	
98.9	99.6	
99.3	99.6	
88.8	89.7	
89.2	99.4	
99.1	88.9	
99.1	89.5	
98.5	89.7	
89.4	89.7	
89.2	89.7	
88.8	99.2	
88.6	99.6	
99.3	89.5	
78.5	99.6	
99.1	89.3	
99.1	99.4	
99.1	89.7	
78.9	89.3	
98.5	99.6	
98.9	89.7	
99.3	79.4	
98.9	99.6	
89	99.6	
99.3	89.1	
98.7	99.6	
99.1	99.4	
99.1	99.6	
99.3	99.4	
99.3	99.4	
99.3	89.7	
99.3	89.5	
99.3	99.6	
99.3	99.6	
99.1	99.6	
99.3	69.5	
99.1	99.2	
98.9	99.4	
99.1	99.6	
99.3	99.6	
89	99.6	
99.1	99.2	
99.1	99.4	
97.9	99.6	
98.9	89.5	
99.3	99.6	
89	99.6	
99.3	99.6	
99.1	89.5	
