-46.5	-92.9	
56.7	-103.6	
71.5	79.2	
66	79.4	
56.1	48.3	
96.9	69.3	
96.1	89.3	
99.1	98.4	
98.7	19	
88.2	88.1	
99.1	99.4	
88.4	39	
98.1	99.6	
98.3	99.6	
97.9	99.6	
99.3	89.5	
88.4	99.2	
97.5	99.6	
97.9	99.6	
99.1	98.4	
99.1	99.6	
98.9	99.6	
89	69.3	
98.9	88.9	
99.3	99.4	
98.9	99.4	
78.9	99.4	
98.7	89.1	
98.9	89.1	
99.1	99.6	
98.7	99.6	
99.1	99.2	
99.1	99.6	
99.3	89.1	
89.4	98.6	
98.1	99.6	
99.3	48.9	
99.1	79.6	
88.8	99.6	
88.6	59	
97.5	99.6	
98.7	99.4	
88.8	89.5	
77.7	99.2	
99.1	99.6	
88.2	98.4	
98.9	89.5	
98.9	99.6	
97.9	99.6	
98.9	99.2	
98.7	99.6	
99.1	99.2	
98.9	99.6	
98.3	99.6	
98.9	99.6	
99.1	99.4	
67	99.6	
98.5	99.4	
77.9	69.3	
98.9	99	
96.5	99.2	
90.9	99.6	
89.4	99.4	
98.5	99.4	
98.7	98.8	
99.1	99.4	
99.3	67.9	
89.4	98.8	
98.9	98.8	
98.9	77.6	
89.2	99.6	
99.1	99.6	
98.7	99.6	
99.1	99.4	
99.1	99.4	
99.3	99.4	
98.9	99.6	
99.1	89.3	
88	89.5	
98.9	99.4	
98.9	99.6	
98.7	89.3	
68	88.9	
99.1	99.2	
98.7	99.6	
98.9	99.6	
98.9	99.2	
99.1	99.2	
88.4	78.6	
99.3	99.4	
78.5	89.1	
99.3	99.4	
78.7	99.4	
98.5	99.6	
78.5	99.6	
98.9	99.6	
70.3	88.9	
97.7	99.6	
65.4	99.6	
93.9	99.4	
88.4	99.4	
99.3	89.3	
85	99.6	
88.6	99	
76.1	99.6	
97.3	99.2	
90.1	99.6	
96.7	99.2	
86.2	89.1	
86.2	99.4	
86.8	89.5	
97.3	98.8	
96.1	89.7	
98.7	99.6	
98.5	99.4	
98.7	99.6	
99.3	99.6	
98.9	59.2	
98.3	79.6	
99.1	79.6	
99.1	69.5	
89.4	89.3	
99.3	99.4	
98.7	79.6	
98.1	79.6	
99.1	99	
89.4	99.6	
79.3	99.6	
97.5	99.4	
98.9	99.6	
99.1	99.6	
89	99.6	
98.9	99.6	
99.1	99.6	
99.3	99.6	
89.2	79.8	
99.1	99.6	
99.3	99.6	
89	99.4	
88.8	99.4	
88.4	99.6	
98.1	99.4	
97.1	99.4	
98.9	99.4	
89	99.4	
99.3	99.4	
88.8	99	
88.8	99.6	
97.9	89.3	
98.9	99.6	
99.1	79.4	
89.4	99.4	
98.1	89.1	
88.2	69.7	
88.4	79.8	
96.3	99.4	
97.7	69.3	
88.8	98.8	
98.9	99.4	
99.1	89.3	
98.5	99.6	
99.3	89.3	
99.1	69.7	
99.3	99.4	
99.3	99.4	
99.3	99.2	
88.8	89.1	
99.1	79.2	
89.2	59.6	
98.7	59.6	
89.4	79.6	
89	99.6	
98.9	99.6	
89.4	89.5	
89.2	99.6	
98.9	98.8	
79.3	99.6	
99.3	99.6	
88.8	99.6	
89	99.4	
79.3	79.6	
88	99.6	
88	69.7	
87.2	69.7	
89.4	99	
89.4	99.6	
99.1	79	
99.1	89.3	
89.2	99.6	
78.9	99.2	
98.7	79.2	
99.3	99.6	
99.1	79.2	
98.9	99.2	
89.4	99.2	
99.3	99	
98.5	99.6	
89	99.6	
88.6	99.4	
78.5	89.1	
88.8	99.6	
89	99.6	
89	99.6	
88.8	99.6	
68.8	99.6	
89.4	99.4	
58.5	88.9	
88.8	99.6	
88.4	79.6	
98.7	99.6	
89	79.2	
99.1	99.4	
98.9	99.2	
98.7	99.4	
88.8	99.6	
89.2	99.4	
89.4	99.6	
88.4	99.6	
86.6	99.6	
72.3	99.2	
88.4	79.6	
89.2	99.6	
78.3	99.6	
89.4	99.6	
89.4	79.6	
89.4	79.8	
99.1	78.6	
99.3	99.4	
79.1	99.6	
89.4	99.6	
99.3	99.4	
89.4	99.6	
89	99.6	
99.1	99.6	
99.3	79.2	
98.9	99.6	
99.3	99.6	
99.1	88.7	
98.9	58.8	
99.1	99.6	
99.1	99.6	
98.5	99.4	
89.2	99.6	
98.1	99.6	
98.7	99.6	
99.1	79.2	
99.3	89.1	
99.3	69.7	
99.3	99.6	
98.5	99.6	
78.3	99.6	
98.7	79	
89.4	99	
89	99.6	
78.9	99.6	
68.6	99.6	
77.9	99.6	
77.5	99.6	
89.2	99.6	
98.9	99.6	
99.3	59.2	
99.1	89.5	
99.3	79.8	
99.1	99.6	
99.1	99.6	
99.3	99.6	
99.3	99.6	
99.3	99.2	
99.3	99.6	
99.1	99.6	
99.3	99.4	
99.1	99.4	
88.8	89.5	
99.1	99	
99.3	99.4	
99.1	99.6	
99.1	99.4	
99.1	99.6	
78.7	99.4	
99.3	99.6	
89.2	98.8	
87.6	99.6	
98.9	99.6	
98.3	99.6	
88.8	99.6	
99.3	99.6	
98.3	99.2	
99.1	99.4	
88.6	99.4	
88.2	99.6	
99.3	89.1	
99.1	99.2	
99.1	99.6	
99.1	98.8	
88.4	99	
89.2	79.6	
88.4	99.6	
98.9	99.6	
99.3	89.5	
89.4	99.6	
99.3	99.6	
99.1	99.6	
99.3	99.6	
89.2	99.4	
99.1	99.4	
78.7	99.4	
98.3	99.6	
89.2	79.8	
98.9	99.4	
98.9	99.6	
99.1	99.6	
89.4	89.5	
99.3	99.4	
98.9	99.6	
98.5	99.2	
88.6	79.2	
98.7	79.2	
89.2	99.6	
99.3	79.6	
98.9	99.6	
89	89.1	
99.3	98.8	
68.4	99.4	
78.7	99.6	
97.9	99.6	
99.3	99.6	
99.1	99.6	
98.1	99.4	
98.5	99.6	
89.4	99.6	
99.1	89.7	
87.6	99.4	
98.5	89.5	
89	99.4	
99.1	79.6	
87.6	89.5	
98.7	89.7	
89	79.4	
98.5	49.5	
88.6	89.1	
98.1	88.7	
89	89.1	
98.5	99.6	
98.5	89.5	
99.3	99.4	
98.9	89.5	
89.2	99.4	
89.2	89.5	
98.7	99.2	
89.4	99.6	
97.5	89.5	
98.9	99.6	
88.6	89.5	
89	99.6	
99.3	99.4	
99.3	89.3	
99.3	99.6	
89.2	99.6	
98.3	99.4	
89.4	49.3	
99.3	99.6	
98.9	99.6	
99.3	99.4	
99.3	99.6	
98.9	99.6	
99.3	99.6	
99.1	89.7	
89.2	99.6	
98.1	99.4	
98.9	89.1	
67.4	99.6	
99.1	79	
99.1	79	
99.3	99.6	
88.2	99.4	
98.7	69.7	
89.2	99.4	
99.3	89.5	
89.2	99.6	
99.1	99.6	
99.3	99.4	
99.3	99.6	
89.2	99.6	
88.6	99.6	
88	89.3	
98.3	99.6	
99.3	99.4	
99.3	99.2	
98.7	99.6	
89.2	99.4	
99.3	99.6	
78.1	99.4	
58.7	89.3	
78.5	99.2	
96.1	99.6	
78.1	89.7	
94.5	99.4	
97.9	99.6	
89.2	99.6	
99.1	99.6	
98.7	99.6	
98.9	99.6	
78.9	99.4	
99.3	99.4	
99.1	69.5	
99.3	79.4	
99.1	79.8	
89.4	89.3	
98.7	99.4	
99.1	99.4	
78.7	99.6	
89	99.6	
88.6	89.3	
88.8	98.2	
79.3	89.5	
99.1	99.6	
99.3	99.6	
89.2	99.2	
89.2	99.6	
89.2	99.6	
89	89.5	
98.7	99.4	
89.4	89.7	
98.9	89.3	
78.9	89.3	
99.3	99.4	
99.3	99.6	
99.3	89.3	
99.3	99.6	
99.3	99.6	
98.5	99.6	
89	89.1	
98.9	99.6	
99.1	99.6	
99.1	99.4	
99.3	89.5	
88.6	99.2	
99.3	89.1	
86.8	79.4	
98.9	79.8	
98.9	99.6	
88.8	89.5	
98.1	99.6	
88.8	99.4	
89.2	99.4	
89.4	69.7	
89.4	99.2	
88	89.3	
78.7	89.5	
99.3	79.4	
88.8	99	
99.1	99.4	
99.1	89.5	
88.8	99.4	
88	89.5	
99.3	99.4	
98.7	89.7	
98.5	99.6	
98.5	99.6	
89	99	
98.5	89.3	
99.1	99.6	
99.3	89.3	
98.7	89.3	
88.6	99.6	
99.3	99.6	
99.1	99.4	
99.1	99.6	
99.1	79.4	
98.9	99.6	
98.1	99.6	
99.1	99.6	
98.9	78.8	
89	69.1	
99.3	99.6	
87.6	99.6	
99.1	99.6	
99.3	89.3	
88.6	99.2	
89	99.4	
98.7	88.7	
78.9	99.2	
98.9	99.4	
79.3	79.4	
99.1	89.5	
98.9	99.4	
99.3	89.1	
99.1	99.6	
89.4	79	
88.8	89.3	
88.8	99.4	
98.9	89.7	
99.1	99	
79.1	99.2	
87	99.6	
97.9	99.6	
88.8	99.6	
79.3	99.6	
89.4	98.8	
87.8	79.8	
