56.5	88.9	
-7.3	-275.5	
66.2	-41.6	
23.6	79	
73.1	89.7	
98.9	69.3	
68.8	99.6	
54.9	99	
98.5	99.4	
97.9	98.8	
-59.7	99.4	
74.9	87.9	
99.3	99.4	
98.7	99	
99.1	67.9	
85.6	99	
88.2	99.6	
99.3	89.7	
98.1	99.6	
99.3	89.1	
87.8	99.4	
99.3	98.6	
99.3	98.8	
98.9	99	
98.9	89.1	
78.5	99.4	
99.3	99.4	
87	99.6	
99.1	89.7	
98.1	99.6	
99.3	39.2	
99.1	89.7	
99.3	99.2	
98.3	89.1	
99.1	99.4	
98.5	88.5	
89.4	99.6	
99.1	99.6	
98.9	99.6	
98.5	99.2	
78.7	99.6	
99.3	99.2	
88.6	99.6	
88.8	99	
78.7	89.7	
98.9	99.6	
98.7	99.6	
99.1	99.4	
99.1	78	
99.1	88.7	
88.8	99.6	
99.3	99.4	
98.3	89.5	
98.9	99.6	
98.3	89.5	
88.4	99.4	
99.3	88.9	
88.6	69.7	
99.1	89.7	
89.2	89.7	
78.1	79.4	
98.1	89.3	
99.1	89.5	
99.3	99.4	
98.9	79.8	
99.3	99.6	
99.3	99.6	
79.3	69.5	
99.1	99.6	
98.7	99.6	
88.6	98.6	
88.4	89.5	
99.1	89.5	
98.5	89.5	
99.1	99.6	
98.9	79.8	
88.6	78.8	
88.4	88.3	
98.3	59.4	
99.3	99.4	
88.4	99.6	
99.3	99.4	
89	99.4	
99.1	59.6	
98.5	99.4	
98.9	99.6	
99.1	98.8	
99.3	98.8	
99.3	89.7	
99.3	89.5	
98.7	59.4	
79.1	79	
99.1	78.2	
79.3	99.6	
98.7	99.6	
98.9	99.4	
99.1	99.6	
88.8	99.4	
99.1	99.6	
99.1	99.6	
99.1	99.6	
98.1	89.7	
78.5	99.6	
88.4	99.6	
89.4	69.3	
98.9	89.3	
89.2	79.2	
98.9	-2.4	
97.7	89.5	
99.1	79.2	
99.1	99.6	
68.2	99.4	
76.7	99.6	
88.8	99.6	
89.4	89.5	
88.4	99.4	
99.3	88.9	
99.1	79.6	
99.3	89.5	
89	79.8	
99.3	89.7	
99.1	98.8	
98.5	79.6	
98.7	89.7	
98.7	89.5	
87.2	89.7	
78.7	39.6	
99.1	89.5	
99.1	99.6	
89.4	99.2	
88.8	79.6	
98.9	57.8	
79.1	79.8	
88.2	99.6	
99.3	98.2	
99.3	99.6	
78.5	89.7	
78.5	79.8	
88	69.5	
78.3	89.3	
88.4	99.6	
78.1	89.5	
88.6	99.6	
99.1	98.8	
98.7	79.4	
98.9	99.4	
99.3	99.6	
68.6	99.6	
99.1	99.6	
89	99.4	
78.9	48.9	
99.3	88.7	
98.5	79.8	
98.9	89.7	
99.3	99.6	
98.7	99.6	
98.9	88.1	
98.7	89.1	
98.7	99.4	
68.2	99.6	
99.1	99.4	
78.9	89.5	
98.7	59.2	
89.4	89.7	
58.1	99.6	
99.3	59.6	
99.1	98.6	
98.9	99.4	
68.8	79.4	
99.3	89.1	
88.4	99.6	
98.3	99.6	
99.1	99.6	
99.1	88.9	
99.1	79.8	
99.3	99.2	
88.2	89.3	
99.3	99.6	
98.9	88.9	
98.9	99.6	
98.3	99.6	
98.7	99.6	
99.1	69.1	
98.7	99	
89	38.6	
99.3	99.4	
99.3	89.3	
89.2	99.4	
98.7	99.6	
98.5	99.6	
99.1	89.5	
89.4	89.7	
99.1	98.2	
99.3	79.2	
98.7	99.4	
98.9	89.3	
98.7	89.7	
98.3	69.5	
98.9	89.7	
99.3	99.6	
88.8	89.7	
99.3	89.3	
99.1	89.5	
99.3	79.6	
98.9	89.7	
99.3	49.7	
98.9	89.7	
99.1	89.7	
98.5	89.5	
99.3	68.7	
99.3	89.7	
99.3	89.7	
99.3	98.8	
79.1	89.7	
98.7	69.7	
78.9	89.7	
99.1	89.7	
99.3	59.6	
89	89.5	
88.8	99.4	
98.9	89.7	
99.1	79	
99.1	89.7	
98.7	99.4	
99.1	79.4	
99.3	89.7	
98.3	79	
99.3	79.2	
99.3	79.6	
99.1	99.6	
98.9	89.5	
98.7	79.4	
88.8	79.4	
89.4	89.7	
99.1	99.6	
98.9	99.6	
98.9	89.7	
68.2	99.4	
98.9	99.6	
98.9	99.6	
98.7	99.6	
79.3	99.6	
89.4	99.4	
99.3	89.3	
98.9	89.5	
99.3	99.6	
89.2	99.6	
78.5	99.6	
79.5	99.6	
89	89.5	
96.3	69.3	
89.2	89.5	
99.3	99.6	
89.2	99.6	
79.1	89.1	
98.9	99.6	
97.1	79.4	
99.3	89.1	
98.7	28.9	
77.5	99.4	
99.1	99.6	
98.5	99.6	
99.3	59.6	
98.1	69.5	
99.3	99.4	
88.6	59.8	
99.1	99.6	
78.1	99.6	
98.3	99.6	
98.5	49.7	
88.4	98.8	
68.2	79.6	
99.3	99.6	
99.1	99.2	
98.9	89.5	
98.7	99.6	
88.4	99.6	
89.2	99.6	
99.3	79.2	
99.1	99.6	
99.1	99.2	
79.3	69.3	
99.1	89.5	
98.7	99.6	
99.1	99.4	
99.1	99.4	
99.3	79.8	
36.1	99.6	
68.8	99.6	
99.3	99.6	
99.1	99.4	
88.4	99.4	
99.1	99.6	
99.3	99.6	
99.3	89.5	
99.1	89.7	
99.1	89.1	
99.3	89.7	
99.1	89.3	
89	69.3	
89	79	
98.5	49.5	
87.6	99.6	
99.1	88.7	
99.1	99	
88	59.2	
98.3	99.6	
89	88.9	
89	99.6	
67.6	99.6	
99.1	99.6	
98.3	99.2	
89	79.4	
89.4	89.3	
88.6	79.6	
89	89.7	
89.4	89.5	
88.8	89.3	
89.2	89.7	
88.8	89.7	
79.3	69.3	
79.1	99	
98.7	99.4	
89.4	99	
89.4	79.8	
78.5	99.6	
79.3	99.4	
99.1	49.7	
89.4	79.8	
88.8	99	
89	98.6	
98.7	99.4	
89.2	99.6	
89.4	89.1	
89.2	99.6	
88.4	99.6	
68.8	69.1	
98.7	99.6	
89.4	89.1	
88.4	89.5	
99.3	99.6	
78.9	99.6	
99.3	99	
88.4	59.2	
99.3	99.4	
98.9	99.2	
88.2	99.6	
88.6	99.6	
98.9	79.2	
99.1	99.6	
98.5	99.6	
78.5	79	
98.7	89.7	
88.4	89.5	
98.9	99.6	
99.1	99.6	
77.7	99.2	
69	99.6	
97.9	99.4	
89	69.3	
99.1	89.3	
88.8	89.7	
89.2	89.5	
88.2	59.6	
99.1	99.4	
98.9	79	
89	99.6	
99.1	99.6	
88.2	99.2	
88.2	99.6	
89.2	99.4	
88.8	99.2	
98.7	99.4	
99.3	99.6	
99.3	99	
99.1	89.7	
99.1	99.4	
98.9	99.6	
99.3	99.4	
89	99.6	
89.2	99.4	
98.7	99.6	
98.1	99.6	
98.9	98.8	
98.5	58.8	
88.8	89.5	
99.3	99.4	
99.3	19.2	
98.3	99.4	
99.3	99.6	
87	99.6	
98.9	99	
99.3	68.7	
98.3	99.4	
99.3	79.6	
78.9	99.6	
98.7	88.7	
99.3	99.2	
99.1	99.4	
89.4	99.6	
98.9	89.5	
98.9	69.1	
98.7	99	
99.3	69.5	
99.1	99.4	
97.7	99.4	
89	89.3	
99.3	99.6	
89.2	69.3	
89	99.6	
88.6	99	
88.8	79.4	
98.9	99.6	
99.1	99.6	
98.7	99.6	
99.1	89.3	
99.3	99.4	
89.2	79.8	
99.1	89.7	
99.1	99.4	
98.9	69.3	
99.1	99.6	
99.3	99.4	
99.3	99.6	
99.3	39.6	
98.7	99.2	
99.1	99.4	
99.1	89.7	
79.1	99.2	
99.1	99.6	
78.5	99.2	
89	99.6	
99.1	99.6	
98.7	79.2	
99.3	99.2	
89.4	99.6	
88.8	79.4	
98.9	99.6	
89	99.6	
99.1	79.4	
78.9	99.6	
98.7	99.4	
88.2	99.6	
98.7	99.4	
99.1	99.4	
99.3	99.2	
88.8	99.6	
99.3	99.6	
88.4	99.6	
87.8	79	
99.1	99.6	
89	99.4	
98.9	99.4	
98.9	99.2	
98.7	99.6	
89	98.6	
98.9	89.3	
77.5	89.5	
79.1	99.6	
78.9	99.6	
88.2	99	
99.3	99.6	
88.4	99.4	
88.2	99.6	
99.3	89.7	
88.6	99.6	
99.1	99.6	
99.1	89.7	
89.4	89.5	
99.1	49.7	
89	99.6	
98.7	99.4	
89.4	89.7	
88	98.6	
99.1	99.2	
98.7	99	
78.9	99.4	
86.4	99.6	
99.1	99.6	
88	99.6	
89	99	
78.7	49.3	
68	99.6	
97.7	99.6	
99.1	79.8	
89.4	99.2	
99.3	99.4	
88.4	99.6	
99.1	89.5	
87.8	68.1	
99.1	99.6	
99.1	99.6	
99.3	99.6	
88	99.4	
99.1	99.2	
98.9	99.6	
99.1	99.6	
99.3	99	
88.2	79.6	
99.1	99.6	
