-101.6	-103.2	
20.2	19	
56.3	69.1	
47	-23.4	
22.2	28.9	
68.4	88.9	
10.1	59	
75.1	67.9	
-26.2	99	
83.8	68.7	
88.6	99	
88	79.4	
86.6	98.8	
68.4	88.9	
53.5	99.6	
89	99.2	
98.5	88.5	
96.5	99.2	
89.2	68.7	
98.9	8.3	
86.8	99.6	
65.4	28.1	
96.7	79.4	
77.7	99.2	
89	79.4	
87.2	99.6	
68.6	98.8	
77.5	79.2	
86.6	99.6	
88.4	99.4	
34.9	79	
76.9	89.7	
97.9	59.2	
78.3	99.4	
98.3	99.4	
88.4	99.6	
69.2	79	
66.8	99.2	
79.3	99.6	
98.3	99.6	
77.5	99.4	
14.7	99.6	
77.5	89.1	
99.1	99.6	
88.6	99.4	
98.9	99	
87.4	68.9	
78.9	58.8	
96.7	18.8	
98.7	79.4	
98.9	89.7	
88	69.7	
88.6	99	
88.8	99.6	
97.5	99.6	
35.7	99.4	
98.7	59.2	
77.1	98.6	
77.5	88.5	
98.3	89.7	
76.9	99.6	
97.7	99.6	
14.9	59.6	
87.6	88.3	
12.7	99.6	
56.5	48.5	
69	48.9	
68.2	98.2	
85.6	99.2	
76.7	99.6	
87.8	89.3	
99.1	89.3	
66.4	28.7	
88.4	89.5	
78.7	68.5	
89	28.9	
98.5	99.4	
99.1	89.3	
99.1	79.4	
78.1	99.6	
88.2	98	
54.9	99.4	
66.6	89.1	
78.5	48.5	
88.2	89.3	
78.3	49.1	
98.1	99.2	
98.7	88.5	
88.8	99.6	
89	69.5	
88.6	99.4	
87	99.4	
99.1	68.5	
66.6	99.4	
76.3	89.3	
78.1	69.5	
87.6	98.6	
-15.6	99.4	
57.5	38.8	
78.1	38	
97.9	89.5	
76.3	19.4	
97.3	99.2	
88.4	99	
77.7	99	
88.6	99.6	
88	99.4	
78.3	79.6	
78.7	99.6	
76.7	49.3	
88.2	89.7	
78.9	99.6	
87.8	99.4	
99.1	88.7	
97.7	89.7	
87.6	49.3	
88.6	99.6	
89.2	68.9	
86.4	38.2	
59.3	99.6	
99.3	88.7	
89	99.6	
88.6	99.4	
88.8	99.4	
79.3	89.3	
38.1	99.6	
97.7	99.2	
77.9	59.6	
97.7	79.4	
99.1	99.4	
88.4	99.6	
97.9	99.2	
99.3	99.6	
89.2	-111.5	
77.9	-0.8	
98.1	99.4	
68.2	88.7	
99.3	79.6	
88.6	29.1	
98.1	99.4	
99.1	79	
58.1	99.2	
98.9	-12.3	
98.9	99.4	
98.9	79.6	
88	99	
98.3	99.6	
79.1	89.5	
77.5	79.2	
98.9	79.2	
79.1	68.1	
98.3	29.7	
98.7	99.6	
99.1	89.5	
97.9	89.5	
77.9	89.5	
78.1	99	
89.2	99.6	
97.9	59.4	
88.4	99.4	
98.1	99.4	
88.6	78.6	
88	99.6	
69.2	98.4	
88.4	99.2	
68.6	99.6	
68.4	99.2	
87.4	49.7	
98.5	99.4	
78.7	99.6	
96.7	-31.7	
88.6	89.1	
78.5	48.3	
97.1	99.6	
98.1	39.2	
37.1	89.5	
87.4	98.6	
15.7	79	
88.2	99.6	
48	99.6	
86.6	99.2	
98.9	99.6	
87.6	88.7	
76.9	79	
89.4	78.6	
68.8	99.6	
89.4	88.5	
88	79.6	
88	89.5	
89	89.5	
88.6	89.7	
86.8	99.6	
98.5	89.5	
89.4	99.4	
65.2	59.2	
98.7	89.7	
98.5	89.1	
98.9	98.2	
98.5	79	
69	89.5	
98.7	99.6	
89.4	89.5	
88.4	98.8	
96.9	99.2	
99.1	69.7	
97.9	79.6	
99.3	99.4	
98.5	99.6	
99.3	89.5	
88.2	99.4	
97.9	99.6	
79.1	68.5	
99.1	69.5	
89	-1.4	
89	99.6	
77.9	9.5	
78.1	99.4	
68.4	89.5	
87.8	89.7	
57.5	69.7	
57.9	99.4	
45.6	99.6	
97.7	39.2	
98.7	79.6	
56.1	39.2	
99.1	98.4	
88.4	99.4	
98.3	99.6	
99.3	99.6	
97.9	99.6	
99.3	88.9	
99.3	99.2	
89.2	99.4	
87.6	99.6	
68.8	99.4	
98.9	99.4	
57.3	79.2	
86.6	59.6	
98.1	79.8	
89.2	99.2	
98.3	99.6	
59.3	79.2	
77.9	79.6	
98.3	99.4	
78.1	99.2	
98.9	99.4	
79.5	79.2	
85.6	99.4	
88.8	99.6	
78.5	79.6	
99.1	89.5	
89	68.7	
77.7	99.6	
98.3	49.3	
88.2	89.3	
78.7	86.9	
78.7	99	
96.7	89.3	
68.2	79.8	
25.4	88.5	
67.6	99.6	
89	59.2	
88.4	99.4	
57.7	88.3	
26.8	68.7	
59.1	99.2	
88.4	99.6	
98.7	89.5	
98.5	99.6	
86.8	89.3	
68.8	88.7	
79.3	89.7	
40.8	79.2	
98.7	59	
98.7	69.3	
98.5	79	
89	99.2	
56.9	79.4	
77.1	99.2	
99.1	79.2	
67.6	99.4	
87.6	99.4	
88.8	69.3	
44.6	39	
67.2	99.2	
78.1	99.4	
65.6	79	
97.9	99.6	
78.5	99.6	
88.8	78.6	
98.9	89.5	
88.8	99.4	
68.8	99.6	
87.8	98.4	
77.9	99.4	
87.6	99.4	
89.2	99.2	
88.4	89.5	
98.7	99.4	
98.9	89.1	
87.8	98.6	
89.2	87.9	
87.8	79.6	
98.3	79.2	
99.1	99.4	
97.5	89.3	
68.6	69.7	
89.2	99.2	
77.5	99.6	
78.9	69.7	
87.8	99	
88.8	79.4	
37.1	67.9	
99.1	79.8	
77.3	99.2	
88.8	89.1	
88.6	59.6	
99.1	69.5	
88.4	99	
78.5	49.3	
86.6	89.1	
87.6	99.6	
56.7	89.1	
68.4	89.7	
6.2	99.6	
89.4	98.2	
64.8	98.8	
98.7	99.6	
99.1	79.4	
68	-0.8	
98.7	69.1	
88	98.8	
87.4	89.1	
98.5	98.6	
57.1	99.4	
98.9	99.2	
79.1	79.8	
36.9	88.7	
56.3	28.7	
89	79.2	
89.2	99.6	
99.3	58.8	
98.9	57.2	
76.3	89.1	
98.1	99.6	
98.1	18.4	
88.8	69.3	
99.3	89.3	
89.2	68.9	
37.1	89.3	
77.9	89.7	
68.6	89.7	
88.6	-31.9	
89	99.6	
98.7	99.6	
98.9	89.1	
56.3	98	
98.7	89.1	
67.2	99.6	
67.8	89.1	
75.5	78.6	
79.1	99.2	
88	47.9	
67.2	89.7	
98.3	99	
88.4	49.1	
87.8	89.5	
87.6	78.8	
87.6	98.8	
99.3	89.5	
88.8	99.6	
99.3	59.8	
67.8	89.3	
78.3	79.6	
35.9	88.7	
79.1	99.4	
89.4	99.6	
97.1	89.7	
88.2	99.6	
76.9	38.8	
68.6	78.8	
98.9	89.7	
78.9	69.7	
78.7	89.3	
77.9	79.4	
67.8	99.2	
87.6	99.2	
98.5	99.2	
98.7	99.6	
78.7	89.3	
88.8	99.4	
58.3	79.6	
77.9	79.2	
89	98.4	
97.1	39.8	
98.7	89.3	
56.7	99.2	
98.9	68.5	
97.7	89.3	
67.8	98.8	
78.3	59.4	
99.1	99.4	
86.4	69.3	
88	99.6	
97.5	78.8	
99.1	99.6	
89	99.2	
88.4	59.6	
77.5	79.6	
66	59	
99.1	89.5	
88	98	
88.6	89.3	
68.6	79.4	
99.1	88.5	
89	29.3	
85	89.7	
89	89.3	
26.6	99.2	
87.4	78.2	
97.3	68.7	
79.3	99.2	
97.7	99.6	
68.2	79	
98.5	89.1	
48	99.6	
98.5	99.6	
89.4	59.8	
76.3	99.2	
78.7	89.5	
78.7	99.4	
76.3	98.4	
98.9	19	
89.2	99.4	
25.4	8.7	
68.8	89.1	
57.1	79.4	
66.4	99.6	
88.8	98.6	
99.1	79.4	
88.6	88.7	
98.9	89.5	
98.3	88.7	
98.7	79.8	
97.9	29.5	
98.9	99.6	
99.1	99.6	
78.9	98.8	
68.2	99.2	
78.5	99.4	
89.2	49.3	
77.7	99	
88.6	99.6	
89.4	77.6	
98.5	99	
68.8	69.7	
98.5	99.6	
77.5	79.4	
98.3	69.1	
54.5	99.6	
68.4	-21	
98.3	89.5	
98.5	99	
88.4	98.6	
66.6	99.6	
99.1	79.2	
98.7	69.1	
89.2	89.7	
98.7	99.4	
99.3	89.3	
69	99	
97.5	69.1	
88.8	88.3	
98.7	79	
79.1	79.4	
77.1	99.6	
99.1	99.6	
66.6	89.3	
88.8	89.3	
98.7	99.2	
88.2	78.8	
98.9	48.3	
98.1	99.2	
88.6	89.5	
98.9	89.5	
78.1	99.4	
45.2	58.8	
99.1	99.4	
68.4	89.5	
87.8	89.5	
88.4	99.6	
78.7	79.4	
97.9	99.6	
88.2	89.1	
88.2	79	
89.2	98.6	
57.3	89.5	
97.5	89.3	
66.8	98.8	
98.7	19.4	
