54.7	59.6	
67.4	19	
67.6	44.3	
-8.7	39.4	
88.4	-10.9	
88.8	89.3	
89	79.6	
26	38	
44.8	79.6	
87.6	27.7	
97.5	89.5	
86.8	99	
65.6	-1.2	
88.4	89.3	
34.1	99.6	
88.4	89.3	
87.4	98.6	
99.3	99.2	
98.9	99.6	
99.1	99.6	
34.3	89.3	
78.5	99.2	
99.1	99.4	
88.4	58.8	
98.3	99.4	
46.2	14.6	
88.4	-61.4	
47.6	99.6	
88.2	58	
97.7	99.6	
99.1	99.2	
37.7	89.3	
99.3	79.6	
65.8	89.1	
45.6	48.7	
88.8	97.4	
88.6	88.9	
88.8	49.5	
88.2	89.1	
87.6	48.7	
77.1	68.3	
42.8	99.2	
67.4	58	
88.2	89.5	
89	79.8	
86.8	99.6	
89	99.2	
88.8	98.6	
77.9	88.9	
46.4	69.1	
56.1	99.4	
99.1	99.6	
67	89.7	
66.2	99.6	
57.3	99.4	
55.1	-2.4	
99.3	99	
89	69.5	
87.6	99.6	
78.9	59.6	
98.3	99.6	
88.6	99.6	
98.3	38.4	
78.7	98.8	
58.9	79.2	
77.5	99.6	
58.7	89.5	
88.8	99.4	
58.1	89.3	
98.9	88.3	
55.1	28.1	
88.2	99.4	
47.4	99.2	
66.8	79	
88.8	99.4	
88.8	99	
54.9	99.6	
57.5	79.4	
63.6	48.5	
97.7	99.6	
78.9	79.6	
65.4	99.6	
98.7	89.5	
98.7	99.6	
45.2	98.6	
78.5	99.2	
74.5	69.1	
36.3	99.2	
88.8	89.3	
69	69.1	
97.7	68.9	
98.7	89.7	
79.5	99.4	
98.3	59.4	
68	79	
96.9	99.2	
88.6	99.6	
96.9	68.9	
75.3	99.2	
78.3	79.6	
98.1	-92.3	
88.2	99.4	
97.5	-30.9	
77.9	79.2	
46.2	79	
88.2	99.4	
98.7	-71.3	
78.5	99.6	
88.6	69.1	
78.1	99.6	
98.7	99.6	
79.3	89.1	
76.9	89.1	
96.3	98.8	
89	99	
67.6	99.4	
85.8	89.3	
89	78.8	
57.3	79.6	
78.1	89.1	
87.2	99.4	
87.8	99.4	
88.8	98.6	
77.9	59.2	
72.3	79	
78.3	99.2	
75.9	89.1	
89	88.7	
98.9	99.6	
57.7	89.5	
99.3	58.8	
88.6	99.2	
78.1	88.9	
99.3	79.6	
78.3	99.2	
67.2	59.6	
88.2	79.6	
88.6	89.7	
99.1	89.1	
78.3	99.4	
64.2	88.9	
67.6	49.5	
88	99	
27.2	39	
98.9	99.4	
87.4	89.5	
99.1	98.8	
95.9	98.6	
88	99.6	
99.1	98.8	
68.2	99.4	
78.5	99.6	
36.7	99.6	
86.8	88.9	
68.4	79.8	
68.4	99.6	
98.9	89.3	
87.6	69.5	
98.9	-132.9	
88.4	99.4	
99.3	79.6	
79.3	99.6	
89	79	
35.9	88.9	
66.8	89.1	
78.1	78.8	
99.1	99.6	
67.2	99.4	
98.3	99.4	
44.8	79.2	
97.5	69.5	
58.1	89.3	
67.6	99.2	
88	78.8	
89.4	89.5	
79.3	59.6	
98.5	-3	
88.6	69.1	
76.1	99	
98.5	89.7	
87.2	69.1	
98.9	38.8	
99.1	79.4	
98.5	89.3	
97.5	89.5	
76.9	77.6	
98.7	99.6	
77.7	99.4	
99.3	98.2	
87.8	68.7	
99.1	99.6	
67.2	88.9	
77.7	99.6	
77.5	-11.1	
89.4	89.3	
76.1	99	
79.3	99.6	
87	99.6	
88.8	88.5	
88.8	99.4	
77.7	99.4	
96.1	99.4	
99.1	99.4	
98.1	79.6	
98.9	99.6	
99.1	89.1	
89.4	99.4	
89.4	99	
99.3	68.3	
98.3	99.4	
98.7	59.6	
97.1	89.1	
58.7	89.1	
68.8	89.5	
98.5	79.8	
98.9	99.4	
88.6	99.2	
98.9	99.6	
98.1	99.6	
99.3	99.6	
78.5	19	
89	69.5	
98.1	99.4	
67.2	99.2	
89	99.4	
87	99.2	
98.9	89.5	
99.1	99.2	
99.1	99.4	
89	79.6	
88.6	49.5	
89	98.6	
98.7	89.1	
99.1	99.4	
68	89.3	
58.3	79.4	
97.1	99.4	
67.6	89.3	
98.3	99.6	
77.7	99.2	
98.9	99.4	
78.5	79	
77.7	87.9	
98.1	79	
78.9	99.6	
-21.4	99.6	
99.1	59.4	
89.2	99.6	
98.7	98.6	
87.8	88.9	
98.3	39.2	
97.5	99.6	
48.2	99.2	
88.2	99.4	
98.5	99.6	
89	79	
98.3	79	
77.1	89.1	
35.3	99.4	
99.1	96.4	
78.1	89.3	
79.1	88.7	
35.9	89.1	
57.5	99.2	
68.6	99.4	
68.2	59	
77.5	99.6	
87.2	99.2	
87.2	99.6	
89.2	58.4	
88.6	99.2	
67.2	78.4	
60.8	99.6	
99.1	99	
75.7	98.2	
63.8	89.1	
89	99.2	
87	88.7	
66.4	99.6	
98.3	99	
88.4	99.6	
57.7	99.6	
98.9	89.3	
89.4	79.6	
88	99.2	
67.8	78.8	
98.3	99.6	
98.9	99.6	
99.1	99.4	
99.1	99.6	
68	99.6	
57.9	99	
98.9	99.4	
99.1	69.7	
87.2	99.6	
88.2	99.4	
35.9	99.6	
97.9	78.8	
89	79.4	
79.1	99.6	
88.8	28.5	
88.6	89.3	
97.9	99.2	
88	89.5	
77.1	89.3	
98.3	99.6	
55.5	99.4	
78.7	69.5	
99.1	99	
57.1	-1	
87.4	99.4	
97.9	99.4	
46	87.9	
67.8	89.5	
78.9	89.3	
99.1	99.6	
98.7	99.2	
66.6	56.8	
87.2	99.6	
98.7	99.4	
98.7	89.5	
98.5	99.2	
67.8	79	
48.6	89.5	
98.3	59	
99.1	88.9	
88.8	89.5	
99.1	99.4	
67.6	89.5	
88	89.3	
98.5	79.6	
78.5	89.3	
77.9	99.2	
77.3	89.1	
97.9	99.4	
14.1	89.3	
74.9	89.5	
77.5	99.4	
87.6	99	
88.8	69.1	
88.4	78.4	
87.8	99.2	
87	98.6	
89	89.3	
89.2	99.6	
94.9	79.6	
97.3	89.3	
77.7	89.7	
98.1	99.4	
78.3	79.4	
77.7	89.5	
76.3	79.8	
98.5	89.5	
85.6	99.4	
89.2	89.1	
98.9	98.6	
99.3	89.1	
99.3	-12.9	
87.8	39	
89.2	79.8	
98.3	79	
89	99.4	
99.1	79.8	
89	-1	
88.8	89.3	
77.1	89.1	
78.5	39.4	
88.6	68.7	
77.5	89.7	
78.5	79.6	
98.1	89.1	
97.3	89.5	
99.1	89.7	
68	89.3	
78.9	99.2	
99.1	99.6	
57.5	99.6	
89.2	99	
98.3	59.8	
87.8	99.6	
98.7	99	
89	89.7	
98.5	79.2	
89.4	49.5	
98.5	-10.5	
6.6	69.7	
99.1	39.6	
98.9	89.5	
89	88.9	
68.2	69.3	
78.1	99.6	
68.8	99.2	
79.3	79.8	
27.2	87.9	
57.7	99.4	
89.2	99.4	
99.1	99.4	
77.5	99	
88	99	
77.3	89.5	
74.7	99.6	
98.7	19.4	
88.2	99.4	
68.6	99.2	
98.5	99	
88.6	89.7	
67.8	99.2	
88.2	99.4	
88.8	79.8	
67.8	89.1	
88.8	89.5	
86.6	99.6	
98.5	69.5	
55.3	99.4	
98.7	99.6	
78.7	99.2	
78.3	89.3	
87	98.8	
47.2	28.9	
97.9	89.7	
88.8	99	
97.3	88.9	
77.1	79.6	
87.8	99.6	
88.2	99.6	
77.9	89.3	
99.1	58.6	
67.4	99.6	
87.6	99.2	
88.8	88.5	
88	99.6	
87.6	99.6	
88.6	99	
67.4	89.1	
68.8	99.4	
98.5	99.6	
87.4	89.1	
79.1	69.3	
45.6	99.4	
89.2	89.3	
98.1	89.1	
98.7	39.4	
88.2	99.4	
98.9	99.6	
98.7	58.6	
99.3	99.6	
89.2	99.6	
86.4	49.3	
87.8	79.2	
78.7	99	
88	99.6	
78.7	79.6	
77.9	99	
87.6	89.1	
99.1	28.5	
99.1	89.5	
99.3	99.6	
98.7	99.4	
68.4	99.2	
89	98.6	
89.2	99.6	
89	68.5	
78.3	99.6	
88.8	89.3	
89	99.4	
98.3	68.9	
98.9	49.1	
96.7	88.1	
88.6	89.5	
98.3	89.5	
88.8	99.2	
78.7	68.5	
87.6	99.6	
77.7	99.6	
99.1	98.8	
88.8	89.5	
98.9	99.6	
98.5	89.5	
96.3	99	
89	99.6	
79.3	89.3	
78.9	99.6	
88.8	79.6	
88.6	89.1	
88.2	89.1	
99.1	68.5	
98.1	69.5	
98.7	68.7	
88.6	97.8	
69	99.4	
97.5	89.3	
65.6	99.6	
79.1	99.4	
98.1	79.6	
99.1	78.8	
86	89.5	
99.1	79.4	
98.1	89.1	
68.4	99.2	
87	99.2	
