-42.6	-172.1	
98.9	55.4	
56.3	58.6	
97.5	-56.1	
97.3	-133.9	
98.5	79.2	
99.3	17.8	
99.3	39	
89.2	82.9	
99.3	11.7	
98.9	67.1	
99.3	88.1	
99.3	76.6	
99.1	77.6	
99.3	98	
99.1	68.3	
78.7	96.2	
99.3	99.4	
98.5	99.4	
99.3	99.2	
99.3	89.3	
99.3	99.4	
99.3	99.6	
98.9	79.2	
98.7	99.6	
99.3	88.9	
99.3	99.4	
99.1	99.6	
99.1	99.6	
99.1	98.8	
77.9	99.4	
99.3	99.4	
99.3	99.6	
99.1	99.4	
99.1	99.2	
99.3	99.4	
97.3	99.6	
98.3	99.4	
99.3	49.5	
99.3	99.6	
99.1	99.4	
99.3	99.6	
89	99.6	
98.7	99.2	
98.1	99.4	
98.9	99.6	
98.9	99.6	
99.1	99.4	
99.3	99.6	
99.1	99.6	
99.1	99.4	
89	99.6	
99.1	99.6	
99.1	99.4	
99.3	99.4	
78.5	79.8	
89	99.6	
98.7	99.2	
99.3	99.2	
88.8	99.4	
98.9	99.4	
98.9	99.6	
99.3	99.6	
89.2	99.4	
97.7	99.4	
99.1	89.5	
99.3	89.7	
98.7	99.6	
99.1	99.6	
99.1	99.4	
98.9	99.4	
88.8	98.8	
99.1	99.6	
98.9	79.4	
99.1	99.6	
89.2	99.4	
99.3	99.2	
99.1	99.2	
99.3	99.6	
99.3	99.4	
99.3	99.6	
89	99.6	
99.1	99.6	
98.9	99.6	
99.3	99.4	
79.3	99.6	
99.1	99.6	
99.1	89.1	
99.3	99.6	
99.3	99.6	
99.1	99.6	
99.1	89.3	
99.1	99.6	
99.1	99.2	
98.1	99.4	
99.3	89.5	
98.5	99.6	
98.7	99.6	
98.7	99.4	
99.3	99.4	
99.1	99	
99.3	99.4	
99.3	99.4	
98.7	88.9	
99.3	99.6	
99.1	99.6	
88.4	99	
87.6	99.6	
99.3	89.5	
98.9	99.4	
99.3	99.6	
99.3	99.4	
99.3	89.7	
98.9	98.8	
99.3	99.2	
98.5	99.6	
88.4	99.4	
99.3	99.6	
99.3	99.4	
99.3	99.4	
99.3	99.6	
99.1	89.3	
99.1	99.6	
99.3	99.4	
99.3	99.6	
98.9	99	
98.7	99.6	
99.3	99.6	
88.8	89.3	
98.5	89.3	
88.6	99.4	
98.7	99.6	
98.9	99.2	
99.3	99.6	
99.1	99.6	
89.2	99.4	
98.5	79.6	
89.2	99.6	
99.1	99.6	
98.7	99.6	
98.9	99.6	
98.7	99.6	
98.9	69.7	
99.3	99.6	
99.1	99.4	
99.3	99.6	
98.9	99.4	
98.9	99.6	
99.3	99.6	
99.3	69.3	
78.9	99.6	
88.8	99.6	
99.3	89.3	
99.3	99.6	
99.1	89.5	
89	99.4	
89.2	99.6	
99.1	99.2	
98.7	99.2	
98.7	99.6	
99.1	99.6	
98.9	99.6	
98.7	99.6	
99.1	99.6	
99.3	69.7	
99.3	99.6	
98.9	99.6	
99.3	99.4	
99.1	99.6	
98.9	99.6	
99.3	99.6	
89	99.4	
99.1	99.6	
99.1	89.3	
89.2	99.4	
98.9	89.5	
99.3	89.5	
99.3	99.6	
98.7	69.7	
99.3	99.4	
98.7	99.4	
89	99.6	
99.3	99.2	
99.3	69.5	
99.1	99.4	
99.3	99	
89.2	99.4	
88.8	99.4	
99.3	99.6	
98.9	99.6	
99.3	79.8	
99.3	99.2	
99.1	99.6	
98.9	99.6	
99.3	99.6	
98.9	99.4	
98.7	99.6	
89	99.4	
98.9	99.6	
87	99.6	
98.5	89.5	
99.1	99.6	
89.4	99.4	
99.3	99.6	
99.3	89.5	
99.1	99.6	
99.1	99.4	
89.2	99.4	
89.2	99.6	
99.3	99.4	
98.7	89.5	
98.9	89.5	
99.3	99.6	
99.1	99.6	
98.9	99.6	
99.3	89.5	
99.3	99.6	
98.5	79.6	
99.1	69.5	
99.3	99.4	
89.2	89.5	
99.1	99.6	
98.7	89.5	
99.3	99.2	
98.7	99.6	
89.2	89.5	
99.3	99.6	
99.3	89.1	
99.1	99.6	
99.3	79.6	
99.3	79.2	
99.3	79.2	
99.3	99.4	
99.1	99.6	
89.2	99.4	
99.3	99.6	
98.7	99.6	
98.7	99.6	
99.3	89.5	
89	79.4	
99.3	99.6	
99.1	99.6	
89.2	79.6	
99.3	99.6	
99.3	79.2	
88.6	99.6	
79.1	99.2	
99.1	99.2	
98.9	99.6	
98.9	99.6	
99.3	99.6	
89.2	99.2	
99.3	99.4	
97.3	99.6	
99.3	99.6	
99.3	89.5	
88.8	99.6	
89.2	99.4	
99.1	89.5	
98.7	99.4	
99.1	99.6	
99.3	99.6	
99.3	99.4	
99.3	99.6	
99.3	99.4	
99.3	99.6	
89.2	69.3	
99.3	99.4	
99.1	89.5	
97.7	89.5	
99.3	99.6	
98.9	99.4	
99.3	69.7	
99.3	89.5	
99.1	99.6	
99.3	89.5	
98.3	99.4	
99.3	99.4	
98.7	99.6	
99.3	99.6	
99.3	99.6	
99.3	99.6	
99.3	99.6	
89.2	99.2	
99.3	99.4	
99.1	99.6	
99.1	99.6	
89	99.4	
99.3	99.6	
99.3	99.6	
98.9	99.6	
99.1	99.2	
98.9	99.6	
99.1	79.4	
99.1	89.7	
99.1	89.5	
99.1	59.8	
99.1	99.4	
99.1	99.6	
99.1	99.6	
99.1	99.6	
89	99.6	
99.1	99.4	
99.3	99.6	
87.6	89.5	
99.3	99.6	
99.3	99.6	
99.3	99.6	
99.1	99.6	
99.3	99.6	
99.1	99.4	
98.5	99.4	
88	89.5	
99.3	79.8	
98.9	99.6	
98.9	99.6	
99.1	99.6	
99.3	89.5	
99.1	99.6	
99.3	99.4	
99.3	99.6	
88.8	99.6	
88.6	89.5	
99.3	99.4	
98.7	99.6	
98.7	99.4	
99.3	99.6	
99.1	99.6	
89	99.2	
98.9	69.7	
99.3	89.1	
87.2	99.4	
99.3	89.7	
99.3	99.4	
99.3	99.4	
99.3	99.6	
88.6	99.4	
88.4	99.4	
99.3	99.6	
99.1	99.6	
98.7	99.4	
88.8	99.4	
99.3	79.6	
98.5	99.6	
99.1	99.2	
99.1	99.4	
88.8	99.4	
99.3	99.6	
98.9	89.5	
99.1	99.6	
99.3	99.2	
99.3	99	
89.2	99.6	
89.4	99.6	
99.3	99.6	
98.9	99.6	
98.9	89.5	
98.7	99.6	
89.2	99.6	
98.9	89.5	
99.3	99.4	
99.3	99.6	
99.1	99.2	
98.9	99	
98.5	99.6	
99.3	99.6	
99.1	99.6	
99.3	89.7	
99.1	99.6	
99.3	99.6	
89.4	99.6	
99.3	79.4	
99.1	99.6	
89	99.4	
89.4	99.6	
98.7	99.6	
98.7	99.6	
98.3	99.6	
99.3	99.6	
98.9	99.6	
99.3	99.6	
88.8	99.6	
99.3	99.6	
89.2	99.2	
99.1	99.6	
89	97.8	
99.1	99.6	
68.8	99.6	
99.1	79.4	
98.7	99.4	
99.3	79.4	
98.9	99.6	
99.3	99.6	
99.3	99.6	
89.2	99.6	
99.1	99.6	
99.3	99.6	
99.3	99.6	
99.1	89.5	
98.9	99.6	
88.6	99.6	
99.3	99.6	
99.1	99.6	
99.1	89.5	
88.8	99.4	
99.3	99.6	
89.2	99.6	
98.9	89.7	
99.3	99.4	
89	99.6	
98.9	99.2	
99.1	99.6	
98.9	99.6	
88.6	99.4	
88.6	99.4	
99.3	99.6	
99.1	89.5	
79.3	79.6	
99.3	99.6	
99.3	79.6	
78.7	99.6	
89.4	99.6	
99.1	99.6	
89.4	99.4	
98.3	99.4	
89.2	99.6	
99.3	79.8	
98.5	99.6	
98.9	79.2	
99.1	99.4	
98.5	79.2	
99.1	99.6	
99.1	99.4	
89	99.2	
98.7	99.6	
99.3	79.4	
89	89.5	
99.3	99.6	
99.1	99.4	
99.3	99.4	
99.3	99.6	
98.5	99.6	
88.6	99.6	
78.9	89.3	
98.9	99.6	
99.1	99.4	
98.5	99.6	
99.1	99.2	
99.3	99.6	
98.9	99.6	
98.9	79.4	
98.5	69.3	
99.3	99.6	
88.8	99.6	
99.3	99.4	
99.1	99.6	
98.5	99.4	
98.7	99.6	
78.3	79.8	
98.5	99.6	
99.3	99.6	
98.9	99.4	
99.1	99.6	
99.1	99.6	
99.1	99.4	
99.3	99.6	
99.3	99.4	
99.3	99.6	
89	99.6	
99.1	79.8	
99.3	99.2	
98.9	99.4	
99.3	89.7	
99.3	89.3	
98.9	99.4	
98.9	99.2	
99.3	99.4	
88.6	89.5	
99.1	99.6	
98.9	89.7	
98.9	89.5	
98.9	89.7	
99.3	89.7	
98.9	89.7	
99.3	89.7	
99.1	89.7	
89.4	89.7	
99.3	89.5	
98.9	89.5	
99.1	79.6	
99.3	89.5	
99.1	89.7	
99.1	89.7	
99.1	89.7	
99.3	89.7	
99.1	89.7	
98.5	89.5	
99.3	89.7	
98.7	99.6	
98.9	89.7	
