76.5	9.5	
23.6	-11.3	
88.6	49.3	
97.9	48.7	
75.7	-202.6	
88	17.8	
97.5	39.2	
98.5	9.1	
98.9	29.1	
97.1	69.1	
99.3	-51.7	
98.5	-11.5	
78.5	89.5	
98.9	18.6	
99.3	89.3	
99.1	89.3	
95.5	89.5	
98.3	78.2	
98.7	69.5	
98.7	58	
96.3	89.1	
99.1	59	
96.7	79	
99.1	79	
97.7	89.3	
96.9	69.3	
98.1	79.4	
98.5	79	
97.9	89.5	
99.3	99.4	
99.3	79.4	
65	89.3	
88.8	49.3	
88	69.3	
99.3	79	
99.3	88.9	
88.4	89.3	
99.3	79.4	
88.6	79.4	
99.3	89.5	
99.1	59.2	
99.3	89.3	
98.9	69.3	
88.8	89.1	
98.9	99.4	
98.9	79.4	
98.9	79.2	
98.9	99	
99.3	99.6	
99.3	99.4	
99.3	99.6	
98.9	99.4	
99.1	99.6	
99.3	99.2	
99.1	79.2	
88.8	99.6	
99.3	99.4	
98.7	99	
99.1	99.2	
99.1	99.6	
99.1	99.6	
98.9	99.6	
99.1	99.6	
99.1	99.4	
99.1	99.4	
99.3	89.5	
88.2	99.6	
98.9	99.6	
99.1	68.7	
79.3	99.6	
99.1	99.6	
99.1	99.6	
89.2	99.6	
99.3	99.6	
99.3	99.6	
99.3	99.6	
99.3	99.6	
89	99.6	
98.9	99.6	
98.9	99.6	
98.9	99.4	
98.9	89.5	
79.1	99.4	
79.1	79	
88.8	99.4	
99.3	99.6	
99.1	99.6	
99.1	99.2	
99.1	99.6	
99.1	99.4	
99.3	99.4	
89.2	99.6	
98.9	99.4	
99.3	99.6	
98.3	99	
99.1	89.5	
98.7	99.4	
98.9	99.4	
99.3	99.4	
98.3	99.6	
98.9	99.6	
99.3	79.2	
88.8	99.6	
99.3	99.6	
79.1	99.6	
99.3	99.6	
99.3	99.6	
98.9	99.6	
98.9	99.6	
99.3	99.4	
99.1	99.4	
99.1	99.4	
99.1	99.4	
99.1	99.6	
99.1	89.5	
99.1	79.6	
98.9	99.6	
98.9	99.6	
98.9	89.5	
98.5	49.5	
99.1	99.2	
99.3	99.4	
99.3	99.4	
88.8	99.6	
98.9	99.4	
99.1	99.6	
99.1	99.6	
88.6	99.4	
99.3	99.6	
98.7	99.6	
99.3	99.4	
99.3	99.6	
98.9	99.6	
99.1	89.7	
98.9	89.5	
99.3	89.7	
99.3	99.6	
89.2	89.3	
98.9	99.6	
99.1	99.4	
89.2	99.6	
99.1	99.6	
99.1	88.9	
89	99.6	
99.3	99.4	
99.1	99.4	
99.3	99.6	
98.9	99.6	
99.1	99.6	
99.1	99.6	
99.3	99.6	
99.3	99.4	
98.9	79.4	
99.1	79.8	
99.3	99.6	
98.5	99.6	
99.1	99.6	
98.9	99	
99.1	99.4	
98.7	49.7	
99.3	99.6	
89.2	99.4	
98.7	89.5	
99.1	59.4	
89.2	99	
99.3	99.4	
78.9	99.4	
99.3	99.6	
99.3	99.6	
99.1	99.6	
98.7	99.4	
99.3	99.4	
79.1	99.6	
89	89.5	
98.9	99.6	
89.2	99.6	
99.3	79.6	
89	99.6	
98.9	89.7	
88.4	99.4	
99.3	99.6	
98.7	89.5	
99.1	89.5	
89	99.6	
99.3	99.6	
89	69.5	
89	99.2	
69	99.4	
88.8	99.6	
99.1	99.6	
99.1	99.4	
87.8	89.7	
98.9	99.6	
99.3	99.6	
89	99.6	
99.1	99.4	
98.3	99.4	
98.7	99.4	
89.2	89.5	
98.9	99.2	
98.9	99.4	
98.7	99.6	
99.3	99.6	
97.7	99.6	
99.1	89.5	
99.1	99.6	
99.1	99.4	
99.3	99.6	
88.4	99.4	
99.3	99.4	
89.4	99.4	
99.3	99.6	
98.9	89.7	
99.3	99	
99.3	99.6	
89.2	99.6	
99.1	99	
99.3	99.4	
99.3	99.6	
89.4	99.6	
98.9	99.6	
99.1	59	
89	99.4	
99.1	99.4	
99.1	89.5	
98.9	99.6	
98.7	89.7	
98.5	99.2	
88.2	99.6	
98.9	99.6	
98.9	99.6	
99.1	79.6	
99.1	99.2	
98.7	99.6	
99.3	99.6	
99.3	99.6	
98.9	99.6	
99.3	89.5	
98.9	99.2	
98.7	99.2	
99.1	99.6	
99.3	99.4	
98.1	49.3	
99.3	99.6	
99.1	99.6	
99.1	89.5	
89.4	79.4	
99.3	99.6	
99.1	99.6	
89.4	99.6	
99.1	99.4	
99.3	99.6	
89.2	99.6	
99.3	99.6	
99.1	89.3	
89	79.2	
99.3	99.6	
99.1	99.4	
98.9	99.4	
99.1	99.6	
98.7	89.3	
98.9	99.4	
99.3	99.6	
99.3	99.6	
98.9	99.6	
99.3	89.5	
99.3	99.6	
99.1	99.6	
98.9	99.6	
98.9	99.4	
99.3	99.6	
99.3	89.5	
98.7	99.2	
99.1	99.4	
99.1	89.3	
89.2	99.4	
99.3	99.2	
99.3	99.6	
98.7	99.6	
99.1	99.6	
98.9	99.6	
98.7	99.6	
99.1	99.6	
99.3	89.1	
89.4	99.6	
99.3	99.6	
98.9	99.6	
99.3	99.6	
99.1	99.4	
99.1	99.4	
98.5	99.6	
98.1	89.5	
99.3	99.4	
99.3	99.6	
98.9	99.6	
89	99.6	
99.3	89.5	
89.4	99.6	
99.1	89.3	
99.1	99.4	
99.1	99.6	
99.1	89.3	
99.3	99.4	
99.3	99.6	
99.3	99.4	
99.1	99.6	
99.1	99.6	
99.3	99.2	
89	99.4	
99.3	89.5	
99.3	99.2	
99.1	99.4	
99.3	99.6	
99.1	89.5	
89	79.2	
99.1	99.4	
99.3	99.2	
99.3	99.6	
99.3	99.4	
99.3	99.6	
98.7	99.6	
99.1	99.6	
99.3	99.6	
99.1	99.6	
99.3	99.6	
99.3	99.6	
88.8	99.6	
89.2	59.8	
99.3	99.4	
99.3	99.6	
89	99.6	
99.3	99.6	
98.7	99.6	
99.1	99.6	
99.3	99.2	
99.3	89.3	
99.3	89.7	
99.3	99.6	
99.3	99.4	
98.9	99.6	
99.1	99.6	
99.3	99.6	
98.7	99.2	
99.3	99.6	
99.3	89.3	
99.1	99.4	
99.3	99.6	
98.7	99.6	
99.3	99.4	
99.3	99.6	
98.9	99.6	
88.8	99.6	
99.3	99.6	
99.1	99.6	
99.1	99.2	
98.9	99.6	
88.4	79.6	
98.7	99.6	
99.3	99.6	
99.1	99.6	
99.3	99.2	
99.3	99.6	
99.3	99.6	
99.3	89.3	
99.3	89.7	
98.9	99.6	
99.3	99.6	
98.9	99.4	
99.3	99.6	
99.3	89.5	
99.3	99.4	
98.9	99.4	
99.1	99.6	
99.1	89.3	
98.5	99.6	
97.7	99.6	
98.9	99.4	
99.3	99.6	
88.8	99.6	
99.1	99.6	
99.1	99.6	
99.1	79.6	
99.1	69.3	
99.3	99.2	
99.3	99.4	
99.3	69.3	
99.3	99.6	
89	99.6	
98.9	89.5	
99.3	99.6	
99.1	99.6	
98.7	99.6	
99.3	99.6	
89	99.2	
88.6	99.6	
99.3	99.6	
99.3	99.6	
98.9	99.6	
99.3	89.5	
99.3	99.6	
99.3	99.6	
99.1	99.4	
99.1	99.6	
98.9	99.6	
99.3	99.2	
99.1	99.4	
99.3	99.6	
98.9	99.6	
99.1	89.5	
99.3	99.6	
99.3	99.6	
98.9	99.6	
98.9	99.6	
99.1	99.6	
98.7	99.6	
98.3	89.5	
99.1	79.4	
98.9	89.7	
99.3	79.8	
99.1	99.4	
99.3	99.6	
99.3	99.6	
99.3	99.6	
98.5	99.4	
99.3	69.7	
78.9	99.6	
99.3	99.6	
99.3	99.6	
89.2	99.6	
99.1	99.6	
99.3	79.4	
99.3	89.5	
68.4	99.6	
99.1	99.6	
99.3	99.6	
99.1	99.4	
98.3	99.4	
99.1	99.4	
99.3	69.3	
99.1	99.6	
99.3	99.4	
99.3	99.6	
99.3	99.6	
99.3	99.6	
99.1	99.6	
99.1	99.6	
99.3	99.6	
88.6	99.6	
99.1	89.3	
99.1	79.4	
99.3	99.6	
99.1	99.6	
99.3	99.6	
99.3	69.7	
89	99.6	
99.3	99.6	
99.3	89.7	
98.7	79.2	
98.7	99.6	
99.3	99.4	
89	99.6	
89	99.4	
99.3	99.4	
99.3	89.3	
98.7	89.5	
99.3	89.5	
99.1	88.9	
99.3	99	
99.3	79.6	
99.3	89.3	
99.3	99.6	
98.7	99.4	
99.3	99.6	
99.1	99.6	
89.2	79.8	
99.3	99.6	
99.1	99.2	
99.1	99.4	
99.3	79.8	
99.3	89.7	
99.1	99.6	
88.8	78.8	
99.3	89.7	
99.1	89.5	
99.3	99.6	
99.3	99.4	
98.9	89.5	
99.3	99.6	
99.3	99.6	
99.3	89.7	
98.9	99.6	
98.9	99.6	
88.6	79.8	
99.3	99.6	
89.2	99.4	
99.1	99.6	
99.3	99.6	
99.1	99.4	
89.4	99.4	
99.1	99.6	
