37.5	-443.3	
88	-5	
67.6	69.5	
66.2	42.9	
97.9	78.8	
99.1	79.2	
99.3	68.9	
99.1	69.4	
99.3	67.8	
88.2	79	
98.9	78.2	
99.3	55.8	
99.3	87.4	
99.3	78.6	
99.3	78.8	
99.3	59.2	
99.1	79.6	
99.3	79.6	
99.3	79.6	
99.1	59.2	
87.4	69.3	
99.1	79.6	
99.3	69.5	
99.3	49.3	
99.3	69.5	
98.9	79.6	
99.3	59.6	
98.9	79.8	
99.3	79.8	
99.1	79.6	
99.1	79.4	
97.5	69.5	
99.3	79.6	
99.3	79.6	
99.3	79.4	
99.1	79.6	
99.3	79.2	
99.3	79.6	
99.1	78.8	
98.7	79.6	
99.3	79.6	
99.1	79.6	
99.1	59	
99.3	79.6	
99.3	79.8	
99.3	79.6	
99.1	49.5	
99.3	79.6	
98.9	79.6	
99.3	79.6	
99.3	69.5	
89.2	69.5	
99.3	79.6	
99.3	79.6	
99.3	58.8	
99.3	79.8	
99.3	79.6	
99.3	69.5	
98.9	79.6	
99.3	79.4	
89.2	79.6	
99.1	69.5	
99.3	79.6	
99.3	79.8	
99.3	79.8	
98.9	79.8	
99.3	79.8	
99.1	48.3	
99.1	79.8	
89.2	69.7	
99.3	59.8	
99.1	69.5	
99.1	79.8	
99.1	79.6	
99.1	79.8	
99.3	79.8	
99.3	56.2	
99.3	79.6	
89.2	79.8	
99.3	79.6	
99.3	79.8	
99.1	69.7	
99.3	79.8	
99.3	69.7	
99.3	69.7	
99.3	59.6	
99.1	79.8	
99.3	79.8	
98.5	79.8	
98.5	79.8	
98.7	79.8	
99.3	19.4	
99.1	59	
99.3	69.7	
99.1	69.7	
99.1	18.3	
99.3	78.4	
99.3	88.5	
99.1	86.5	
99.1	81.5	
99.1	79	
89.2	51	
99.3	79.6	
99.1	79.8	
99.3	69.7	
99.3	79.8	
98.9	79.8	
99.3	79.8	
99.3	79.8	
99.3	79.6	
99.3	79.8	
98.9	79.8	
99.1	69.7	
99.3	79.6	
89	79.6	
99.3	69.5	
99.3	69.7	
99.3	59.6	
99.3	69.7	
99.1	44.3	
99.1	70.6	
99.3	56.8	
99.3	79.8	
99.3	71	
99.1	79.2	
99.1	78.2	
89.2	65.6	
99.1	79.4	
99.1	79	
88.8	78.6	
98.9	55	
99.3	76.6	
99.1	21.1	
99.3	75.2	
99.3	78.4	
99.3	81.5	
98.9	70	
99.3	66.7	
88.6	75.8	
99.3	79.2	
98.9	78.2	
99.3	73.2	
99.3	74.2	
99.3	53.3	
89.2	67.5	
99.3	78.8	
99.3	79.8	
99.3	79.8	
99.3	79.8	
99.3	79.8	
99.3	69.5	
98.9	79.8	
99.1	59.6	
89.2	79.8	
99.3	79.8	
89.2	79.8	
99.1	79.8	
99.1	79.6	
89.2	79.8	
99.3	79.8	
99.1	79.8	
98.9	59.4	
99.1	49.5	
88.8	79.8	
99.1	79.8	
99.3	79.8	
99.3	79.8	
87	79.6	
98.9	79.8	
99.1	79.8	
99.1	69.7	
99.3	79.8	
99.1	79.6	
99.3	79.8	
99.3	79.4	
99.3	69.7	
99.3	79.8	
99.3	79.6	
99.1	69.7	
99.3	79.8	
99.1	79.6	
98.9	79.6	
89.2	79.8	
89	69.7	
99.3	69.7	
99.3	49.5	
99.1	79.8	
99.1	79.8	
99.3	59.2	
99.3	79.2	
99.3	39.6	
99.1	69.7	
99.3	69.7	
99.3	79.6	
89.2	79.8	
99.1	79.8	
99.3	69.7	
98.9	79.8	
89.2	79.8	
99.3	79.8	
99.1	79.8	
99.3	59.6	
99.1	69.5	
99.1	59.4	
99.3	39.2	
99.3	79.6	
99.3	79.6	
99.1	69.7	
89.2	79.6	
99.1	79.8	
89.2	79.8	
99.3	79.8	
99.3	79.8	
88.6	79.8	
98.9	59.6	
99.3	79.8	
99.3	79.8	
98.7	69.7	
98.5	69.7	
99.1	59.4	
99.3	49.5	
99.1	79.6	
99.1	79.6	
99.1	9.1	
98.9	59.6	
99.1	79.8	
99.3	59.6	
99.3	38	
89.4	68.3	
99.3	60.7	
99.3	79.6	
99.3	85.3	
99.3	74.4	
99.3	89.1	
99.1	65.3	
89.2	75.8	
99.1	88.9	
99.3	69.8	
99.3	89.5	
99.3	88.9	
98.9	76.2	
99.3	88.1	
99.3	73.6	
99.1	35.4	
88.8	74	
99.3	53.8	
99.3	76.8	
79.1	58.8	
98.9	68.8	
89	70.2	
99.3	78.4	
99.3	79.6	
99.1	79.8	
89.2	67.7	
89.2	79.6	
99.3	78.4	
98.9	79.6	
99.3	75.6	
99.3	79.8	
99.1	79.8	
99.3	79.8	
99.3	79.8	
99.3	59.8	
99.1	79.6	
99.3	79.8	
99.1	46.9	
99.1	71	
98.9	69.7	
99.1	79.8	
99.1	79.8	
98.9	79.8	
98.9	79.6	
99.3	69.7	
99.3	79.8	
99.3	79.8	
99.3	59.8	
99.1	79.8	
99.1	67.7	
98.9	79.8	
99.1	78.8	
99.3	68.3	
99.3	59	
89	39.6	
99.3	69.7	
99.3	79.8	
99.1	79.8	
99.3	79.8	
99.3	79.8	
99.1	79.8	
99.1	58.6	
99.3	79.8	
99.3	79.8	
99.1	79.8	
99.1	79.8	
99.3	79.8	
99.1	79.6	
98.9	79.6	
88.8	76.6	
99.3	77.6	
99.1	79.6	
99.3	78.4	
99.3	79.8	
99.3	59.2	
99.3	79.8	
99.3	69.7	
99.3	79.8	
89.2	79.8	
99.3	79.8	
99.1	69.7	
99.3	69.1	
99.1	79.8	
99.3	79.8	
99.3	19.4	
99.1	49.5	
99.3	79.6	
89	79.8	
98.9	69.7	
67.4	69.1	
88.3	79.8	
88.6	69.7	
97.1	48.9	
84.8	79.6	
98.1	68.9	
99.1	79.6	
78.9	79.8	
99.3	79.8	
99.1	69.7	
99.3	79.8	
99.3	59.2	
98.7	79.8	
99.1	79.8	
89.2	79.4	
99.1	79.8	
99.3	79.6	
99.1	79.8	
98.9	79.6	
99.3	69.7	
99.3	79.6	
99.3	79.4	
99.3	79.8	
99.1	79.8	
99.3	69.7	
99.3	79.6	
99.3	79.8	
99.1	59.4	
99.3	69.7	
99.3	69.5	
99.3	79.8	
99.3	79.8	
99.3	59.6	
99.3	79.8	
99.3	79.6	
99.3	79.8	
98.9	69.7	
99.1	79.8	
99.1	79.8	
98.9	49.3	
99.1	79.8	
99.1	79.8	
89.4	79.8	
99.3	79.8	
99.3	79.8	
99.3	79.8	
99.3	79.8	
99.3	79.6	
99.3	79.8	
99.1	79.8	
99.3	79.8	
99.3	29.3	
99.3	79.6	
99.3	79.8	
99.3	69.7	
89.2	79.8	
99.3	79.8	
99.3	79.8	
99.3	79.8	
99.3	79.6	
99.3	79.6	
99.3	69.1	
98.5	79.8	
99.3	79.6	
99.3	79.8	
99.3	79.8	
98.9	79.8	
98.7	79.8	
99.3	79.6	
99.3	79.8	
98.9	69.7	
98.9	79.8	
99.3	79.8	
69.2	79.4	
99.1	79.8	
99.3	79.8	
99.1	79.8	
88.8	79.8	
89.2	69.7	
89.4	79.8	
99.3	79.4	
99.1	79.8	
99.3	79.8	
99.3	29.1	
99.3	49.7	
99.3	79.4	
99.1	79	
88.8	69.7	
99.3	79.8	
88.2	79.8	
99.3	69.5	
99.3	69.3	
99.3	79.8	
99.3	69.7	
98.1	79.8	
99.3	79.8	
99.1	89.7	
99.3	69.7	
68.8	79.8	
99.3	79.8	
99.3	49.3	
98.9	79.8	
99.3	59.2	
98.9	79.8	
99.3	79.8	
99.1	79.8	
99.3	69.5	
99.1	69.5	
99.3	79.8	
99.3	79.8	
99.1	69.7	
99.3	79.8	
99.3	79.8	
99.3	79.8	
99.1	79.8	
99.1	79.8	
99.1	79.8	
99.3	79.8	
99.1	59.6	
88.4	79.6	
89	79.8	
99.3	79.8	
99.1	69.7	
99.1	79.8	
99.3	79.8	
79.3	79.8	
99.3	79.8	
99.3	79.8	
99.3	89.7	
99.3	79.8	
88.6	79.8	
99.3	79.8	
99.1	79.8	
99.1	79.8	
99.3	69.7	
99.3	79.8	
99.1	79.8	
99.3	89.7	
99.3	69.7	
99.1	79.8	
99.3	69.7	
88.8	79.8	
99.3	79.8	
99.1	89.7	
99.3	79.8	
99.3	69.5	
99.3	89.7	
98.9	89.7	
88.8	59.6	
99.3	79.6	
99.1	79.8	
99.1	69.7	
89.2	79.6	
99.1	89.7	
99.1	79.8	
99.3	79.8	
99.3	79.8	
99.1	59.8	
99.1	69.5	
99.3	79.8	
99.1	79.8	
99.1	79.8	
99.3	79.6	
99.3	69.7	
99.3	69.7	
78.7	69.7	
99.1	69.7	
99.1	79.8	
98.9	79.8	
99.1	79.8	
88.6	79.8	
99.1	79.8	
99.3	79.6	
99.3	49.7	
99.3	79.8	
99.3	79.8	
99.3	79.8	
99.1	49.5	
99.1	79.8	
88.4	69.7	
99.3	59.6	
98.9	69.7	
98.7	79.8	
