44.8	-122.8	
12.5	16.6	
85.6	59.4	
79.1	68.5	
96.9	88.9	
87.6	-1	
96.9	88.3	
87.1	66.3	
87.6	-133.3	
99.3	78.4	
70.9	56	
96.7	77	
88.8	76.8	
99.1	58.4	
98.7	37.6	
99.3	39.6	
98.5	73.8	
99.1	78.8	
68.4	88.1	
88.8	78.4	
83	79.2	
99.3	67.9	
73.9	89.1	
89	78.4	
94.9	79	
98.1	99.4	
84.2	88.1	
98.3	68.7	
96.5	63.3	
98.5	98.4	
78.7	99.6	
88	78.8	
98.9	82.3	
98.5	49.5	
98.9	89.1	
99.1	98.6	
98.1	89.1	
98.9	99.4	
99.1	78.6	
99.1	89.3	
98.7	79.4	
99.3	88.5	
98.9	68.9	
98.9	99.6	
98.5	88.9	
99.1	89.5	
99.3	88.7	
99.3	99.6	
99.3	79.2	
99.1	99.6	
88.6	99.6	
89.4	88.9	
88.6	99.4	
99.1	99.6	
99.1	88.9	
89.2	99.2	
99.1	99.2	
78.1	99.6	
89	99.6	
98.7	99.4	
98.9	99.4	
98.7	99.6	
88.4	99.6	
99.1	99.6	
99.3	59.6	
89.2	99.6	
99.1	99.4	
89.2	89.5	
99.1	39.2	
99.1	99.6	
99.1	99.6	
99.1	99.6	
99.3	79.4	
98.5	99.6	
99.3	99.4	
88.8	99.6	
99.1	99.6	
98.9	89.3	
99.1	99.4	
99.1	69.5	
89	99.4	
99.1	79.4	
89.2	99.4	
99.3	89.3	
78.9	99.6	
98.9	69.5	
98.9	99	
88.2	89.3	
99.3	89.3	
98.5	79.4	
98.7	99.2	
98.7	79.2	
98.3	98.4	
99.3	99.6	
99.3	99.2	
89	89.1	
99.1	99.6	
99.3	99.6	
98.9	99.6	
98.5	99.6	
99.3	99.6	
89.2	99.6	
97.3	99.4	
99.3	89.5	
98.9	79.4	
99.1	99.4	
99.3	99	
99.3	99.2	
99.3	99.2	
99.1	79.4	
98.7	99.2	
99.3	69.1	
99.3	99.2	
99.3	99.6	
99.3	98.4	
99.3	99.6	
99.1	99.4	
98.9	99.6	
99.1	79.4	
79.1	99.4	
98.5	99.6	
99.1	99.6	
99.1	99.6	
89.2	79	
89.2	99.2	
98.5	99.6	
99.3	99.4	
89	99.6	
99.3	99.4	
98.9	89.3	
98.9	99.4	
78.9	99.2	
99.1	89.3	
99.1	99.4	
99.1	99.4	
98.9	99.4	
99.3	99.6	
99.3	99.6	
89.2	99.6	
98.5	99.4	
99.1	88.9	
78.3	99.6	
99.1	89.5	
98.7	99.2	
99.1	89.5	
98.7	89.3	
99.1	88.5	
98.7	69.5	
98.9	99.4	
88.6	79	
98.7	89.5	
99.3	49.5	
98.9	99.4	
99.3	69.3	
99.1	99.6	
98.5	99.6	
78.7	69.7	
98.7	99.6	
98.9	99.6	
88.6	99.4	
99.3	99.6	
99.3	99.6	
99.3	19.2	
99.3	99.6	
99.1	99.6	
98.7	59	
99.3	78.8	
88.6	99.6	
98.3	99.4	
99.1	99.6	
89.2	99.6	
87.8	99.6	
99.1	99.6	
98.9	99.4	
99.3	89.5	
89	89.1	
78.7	99.6	
99.1	99.6	
99.1	99	
77.9	99.4	
87.6	89.5	
99.3	89.5	
99.3	99.4	
87.6	79.4	
99.3	99.6	
99.3	99.6	
99.3	99.6	
98.9	99.2	
98.5	99.6	
99.3	99.6	
88.6	99.6	
98.9	69.1	
98.7	99.6	
98.5	99.2	
98.9	99	
99.3	99.6	
99.1	99.2	
99.1	99.6	
98.9	99.4	
98.9	89.5	
98.9	89.3	
99.1	99.6	
99.3	99.6	
99.1	99	
99.3	79.6	
89.2	49.3	
98.9	79.4	
88.8	89.5	
98.7	99.6	
98.9	68.9	
79.1	99.6	
99.3	89.3	
99.3	79.6	
99.3	99.6	
99.1	99.2	
89.4	99.6	
77.9	48.9	
98.7	99.6	
99.3	99	
98.7	88.5	
99.3	99.6	
98.9	99.4	
99.3	99.6	
99.1	99.2	
88.2	99.6	
89.4	99.6	
99.3	79.4	
99.3	99.4	
89.4	98.4	
99.3	49.3	
98.7	88.7	
98.7	99.6	
89	28.9	
99.3	79.2	
98.9	99.2	
99.3	99.2	
89.2	99.2	
99.3	89.5	
99.3	99.6	
99.3	59	
98.7	99	
98.9	99.2	
99.1	99.6	
99.3	99.6	
98.7	99.6	
99.3	99.6	
89.4	89.1	
99.3	99	
88.8	99.2	
99.1	99	
99.3	99.4	
98.7	39.6	
99.3	99.6	
98.3	99.6	
88.6	99.2	
99.3	88.9	
89	99.4	
99.1	99.4	
99.3	99.4	
98.5	89.5	
98.5	78.8	
99.3	99.6	
89	99.4	
99.3	79.2	
98.9	99.6	
98.9	99.6	
98.9	69.3	
98.9	99.6	
99.1	99.6	
89.2	99.4	
99.1	99.6	
98.9	99.6	
89.4	99.6	
99.1	99.4	
89.4	99.6	
98.7	99.6	
99.3	99.4	
99.1	89.7	
99.3	79.4	
98.5	99.4	
98.7	99.6	
89.2	89.5	
98.9	99.6	
68.4	79.4	
89	99.4	
88.8	69.1	
99.3	99.6	
99.3	99.6	
99.1	99.2	
89	99.6	
99.3	99.4	
98.7	99.6	
98.9	99.6	
98.7	88.9	
89.2	99.6	
98.9	99.6	
99.1	99.6	
99.1	99.2	
89.2	99.6	
98.9	99.6	
98.9	99.2	
98.7	89.1	
98.9	89.5	
98.9	89.5	
89.4	99.6	
99.1	98.4	
99.1	99.6	
99.3	99.6	
99.3	79.4	
98.5	99.6	
99.3	99.6	
99.3	89.1	
99.3	99.6	
98.7	39.6	
99.3	99.4	
88.6	99	
77.5	99.4	
99.1	99.6	
99.3	89.3	
99.3	79.6	
99.3	99.4	
99.3	89.3	
88.4	99.4	
88.8	99.4	
98.5	99.4	
89.4	99.6	
98.5	89.5	
99.1	99.6	
99.3	99.6	
99.3	89.3	
98.9	99.6	
99.3	99.6	
99.1	68.9	
79.3	99.4	
78.7	39.2	
98.9	99.6	
99.3	99.6	
99.3	89.3	
99.1	99.6	
99.3	89.5	
98.9	89.5	
89	79	
99.3	99.6	
77.7	99	
98.7	99.4	
89.4	89.5	
88.6	69.5	
99.3	99.6	
99.1	99	
89.2	99.6	
98.7	99.4	
98.9	99.2	
99.1	89.5	
98.9	99.6	
99.3	99.4	
99.3	99.6	
99.1	99.4	
89	99.6	
78.7	99.6	
99.3	99.6	
99.3	99.6	
99.3	99.6	
88.8	99.4	
99.3	99.6	
99.1	89.7	
89.2	99.4	
99.3	99.6	
79.1	99.6	
99.3	99.2	
98.7	99.6	
98.5	89.5	
99.1	99.4	
99.1	99.6	
99.3	99.6	
79.1	99.4	
99.1	29.3	
99.1	79.4	
78.9	99.6	
98.9	99.6	
99.3	99.6	
99.3	99	
97.9	99.6	
99.3	89.5	
99.1	99.2	
99.3	99.4	
99.1	99.4	
99.1	99.6	
79.1	69.5	
99.1	99.6	
99.3	89.5	
99.1	99.6	
99.3	99.6	
79.1	99.6	
99.1	99	
89.2	99.6	
98.9	99.4	
99.1	99.6	
99.1	99.6	
99.3	98.6	
98.3	79.4	
98.7	99.6	
99.3	99.2	
89.2	99.4	
99.3	99.6	
98.5	99.4	
99.3	99.4	
88.4	89.5	
89	99	
69	99.4	
99.3	98.6	
89	68.9	
88.8	89.5	
98.7	28.7	
98.9	99.6	
99.3	78.8	
98.9	89.3	
78.9	89.5	
99.1	89.5	
99.3	99.4	
78.7	99.6	
99.3	99	
99.3	98.8	
98.9	99.4	
99.3	89.7	
99.1	99.6	
98.7	89.1	
99.1	99.6	
89	99.6	
99.3	99.2	
89.2	98.8	
99.3	89.3	
99.1	99.6	
99.1	99.6	
78.9	99.4	
89.2	68.9	
99.3	99.2	
99.3	99.6	
99.3	89.5	
99.3	99.4	
99.3	99.6	
88.8	99.6	
99.1	99.6	
89.2	99.2	
98.5	99.6	
99.1	89.5	
89.2	99.6	
99.3	69.7	
89.2	99.6	
99.1	99.6	
99.3	89.1	
99.3	89.3	
98.7	99.4	
99.3	99.6	
78.3	99.4	
99.3	89.1	
89.2	99.4	
99.1	99.4	
99.3	79.8	
99.1	99.6	
87.6	99.4	
99.1	89.5	
99.3	99.4	
99.3	99.6	
88.4	99.6	
98.7	99.6	
98.9	99.6	
88.8	99.6	
99.1	99.6	
89	89.7	
99.1	99.6	
98.9	99.6	
89.2	99.6	
99.1	99.6	
98.5	99.6	
89.2	99.6	
99.3	89.5	
99.1	58	
89	99.6	
99.3	99.4	
99.3	99.4	
98.5	99.4	
99.3	58.4	
99.3	99.4	
98.9	99.6	
77.9	99.2	
98.9	99.6	
99.3	88.9	
99.1	99.4	
99.3	89.5	
99.3	99.4	
98.9	99.6	
99.1	99.6	
98.7	99.6	
99.1	89.5	
88.6	89.1	
89.4	99.4	
98.7	89.3	
99.3	99.2	
99.1	79.6	
98.9	89.7	
