-16.2	-141.6	
76.3	79.6	
85.4	97.4	
65.4	69.1	
98.7	79	
97.7	84.1	
68.8	99	
68	99	
98.5	58.6	
98.5	98.6	
98.9	88.7	
68.6	57.4	
99.3	89.1	
98.9	38.2	
47.2	99.2	
98.9	87.1	
98.9	99.4	
78.1	89.5	
78.9	99	
77.7	88.9	
88.4	69.5	
89	99.6	
86.4	79.4	
88.8	99.4	
57.5	79.2	
87.6	99.6	
98.9	99.6	
63	98.8	
69.9	99.4	
98.9	87.7	
98.9	99.6	
74.7	79.8	
89	89.7	
76.9	99.6	
77.1	-71.3	
99.1	99.6	
88.8	99.2	
98.9	89.1	
88.8	79.6	
95.5	89.5	
68.4	99.6	
99.3	99.4	
99.1	78.6	
99.1	99.2	
68.4	89.1	
99.1	69.5	
99.3	98.6	
88	88.9	
99.1	99.2	
99.1	79.2	
87.8	79.2	
88.4	58.8	
89	89.7	
87.8	98.6	
99.3	89.7	
98.9	99.4	
98.9	59.4	
98.9	89.3	
89	69.3	
98.5	89.7	
88.8	69.5	
99.1	39	
98.9	99.4	
99.3	99.6	
88.6	89.5	
99.3	79.8	
89.2	79.4	
68	99.6	
98.7	79	
98.5	99.4	
98.1	99.2	
98.9	18.4	
99.1	99.4	
96.7	59.6	
89.4	99.6	
97.3	99.4	
99.1	99.4	
87.4	99	
99.1	69.7	
84.6	99.6	
87	99	
98.9	89.3	
99.1	89.3	
98.7	99.4	
69.2	68.9	
79.3	99.6	
98.3	89.5	
98.1	89.1	
89.2	79.4	
98.3	99.4	
76.7	99.6	
76.5	89.3	
98.3	89.5	
98.3	99.4	
78.5	89.3	
88.8	99.2	
99.3	99.2	
78.3	79.4	
66.2	88.9	
85.4	39.4	
78.9	99.4	
68.2	99	
79.5	78.6	
65.8	99.2	
87.8	89.3	
87.4	99.6	
98.1	99.6	
98.9	79	
68.2	88.9	
99.1	99.6	
79.1	89.5	
78.9	99.4	
86.2	89.5	
99.1	99.4	
98.3	79.2	
88.8	89.5	
87.2	89.3	
99.3	99.6	
98.1	89.1	
88.6	98.8	
69.2	99.6	
55.7	99.4	
88	99.6	
89.2	87.9	
97.3	99.2	
67.6	89.5	
77.9	89.5	
35.9	89.1	
96.5	68.5	
84	78.4	
67.2	99.6	
78.3	88.3	
67.2	99.4	
79.1	89.1	
85.4	99.4	
13.1	99.4	
98.7	99.6	
88.2	99.4	
57.7	79.2	
98.3	99.4	
97.7	59	
97.7	79.2	
88.8	99.6	
99.3	99.4	
99.1	88.9	
89.4	99.6	
78.1	99.2	
78.9	89.5	
88.2	89.3	
77.5	89.3	
98.1	79.4	
88.4	69.7	
98.9	89.5	
98.7	88.9	
98.7	99.2	
88.8	99.2	
98.1	99.6	
78.1	99.2	
99.3	99.4	
89.2	78.8	
98.9	79	
67.8	89.3	
79.1	89.5	
98.3	79.6	
78.7	88.9	
87.6	99.4	
66.2	68.7	
89	99.4	
97.5	99.6	
98.9	88.3	
98.3	79	
88.8	99.6	
67.2	99	
56.9	99.6	
88.4	99.2	
98.3	99.6	
88.4	59.4	
89.4	89.3	
98.3	89.1	
77.1	99.6	
97.7	69.1	
79.1	89.5	
66.8	99.4	
79.3	99.6	
98.1	79.2	
78.1	99.4	
66.6	48.5	
98.9	89.5	
98.9	89.7	
57.5	89.5	
99.3	99	
99.1	99.4	
98.3	89.7	
98.7	89.1	
98.7	99.4	
98.7	59	
99.3	89.7	
68.8	89.3	
98.9	99.6	
87	89.3	
98.7	89.5	
88.6	88.7	
98.3	99.6	
57.5	89.1	
78.3	99.4	
79.1	99	
88.8	99.6	
98.5	99.6	
68.2	89.3	
89	89.7	
87.2	99.2	
79.1	89.7	
89	89.7	
48	79.4	
77.7	99.6	
78.5	99.6	
99.3	99.6	
98.1	99.6	
98.5	99.6	
99.1	99.6	
99.1	99.6	
99.3	99.6	
69	88.3	
96.9	99	
98.9	99.2	
89.4	99.6	
97.7	89.1	
99.1	99.4	
98.3	99.6	
97.3	99.2	
98.7	99.2	
95.7	98.4	
98.1	99.4	
88.4	88.9	
78.5	99.6	
96.9	99.6	
99.1	99.4	
99.1	99.4	
87.4	98.8	
67.8	69.3	
89	99.2	
89	68.7	
78.7	98.8	
77.5	89.5	
98.9	99.4	
66.8	89.7	
89	79.8	
97.9	79.2	
98.9	89.3	
88.6	89.5	
99.1	99.2	
99.3	79.6	
99.1	49.1	
68.2	78.2	
77.5	99.2	
88.4	89.7	
99.1	79.6	
88.2	79	
98.7	89.7	
87.4	89.7	
99.1	99.4	
67.6	89.5	
79.1	99.2	
89.4	99.4	
88.6	89.7	
88.2	79	
98.7	99.6	
68.8	99	
78.3	88.9	
78.7	39.2	
98.5	99	
89	68.9	
98.5	79.4	
89	69.7	
88.8	79.4	
78.9	99.6	
57.9	89.5	
97.5	99.2	
69.2	89.3	
86.8	68.7	
99.1	79.6	
78.5	99	
57.9	89.7	
98.3	99.6	
99.1	89.3	
98.9	69.5	
98.7	99.4	
98.9	99.4	
36.5	99.2	
68.6	99.4	
79.1	99.6	
98.7	79.2	
89.4	99.6	
87.6	89.5	
98.1	58.4	
87.6	89.7	
97.9	99.4	
97.5	99.6	
88.6	89.5	
44.8	99.2	
97.5	99.6	
88	58.8	
87.8	27.7	
77.7	98.4	
88.2	98	
87.4	89.3	
99.3	89.1	
98.3	99.6	
67.8	89.7	
75.9	79.4	
98.3	89.3	
98.7	69.7	
88	99	
99.3	89.1	
88.6	67.3	
88.8	99.4	
88.8	88.3	
57.1	98.8	
99.1	99.4	
98.7	98	
98.7	78.8	
77.3	99.4	
68.8	89.3	
57.9	99.6	
98.1	99.4	
87.6	99.2	
88	99.4	
88.8	69.5	
65.6	98.8	
77.7	99.4	
77.9	49.3	
95.3	69.5	
88.6	99.4	
79.1	99.4	
82.4	88.7	
85.2	99.6	
98.7	89.5	
86.6	99.6	
99.3	39.4	
98.7	99.6	
98.3	99.6	
99.1	99.6	
88.6	99.6	
97.5	99.6	
76.5	99.4	
50.5	88.9	
98.9	99.4	
77.7	99.4	
99.1	89.7	
76.7	78.6	
98.5	99.6	
98.7	87.9	
99.1	89.7	
99.3	69.3	
99.1	89.5	
99.1	79.6	
99.1	89.7	
98.9	89.7	
98.9	89.5	
99.3	89.7	
88.2	69.5	
89	79.6	
98.5	99.6	
98.7	99.6	
89.2	99.6	
98.7	98.4	
78.1	99.4	
98.9	99	
89	99.4	
99.3	78.8	
99.1	99.2	
98.5	89.5	
99.3	99.6	
98.9	89.7	
89.4	99.2	
98.7	89.5	
89.2	99.2	
89	99.6	
89	99.4	
68	69.7	
78.1	99.6	
78.5	88.9	
75.3	99	
98.5	68.9	
68	99.6	
88.8	79.2	
88.8	99.4	
88	99.4	
88.8	89.3	
99.3	89.5	
98.3	99.6	
99.3	88.9	
98.7	79.6	
99.1	99.4	
79.1	99.4	
78.1	99.2	
98.9	99.4	
99.3	99.2	
89	99.4	
98.5	88.9	
67.6	89.1	
79.5	89.3	
99.1	77.6	
95.3	99.6	
87.8	99.2	
98.9	99.6	
99.3	77.6	
87.8	99.4	
79.3	99.6	
98.3	99.4	
97.7	68.7	
99.3	58.4	
78.3	89.5	
99.1	99.6	
99.1	99.4	
99.3	98.2	
89.2	89.3	
78.3	89.5	
78.7	89.5	
65.6	89.7	
88.4	79.2	
98.9	89.7	
79.3	89.5	
67.8	99.4	
89.2	8.7	
97.1	89.3	
88.6	88.5	
88.6	78.8	
89.4	79.6	
78.3	59.6	
77.3	88.5	
87.8	99.6	
88.8	98.8	
77.7	89.3	
88.2	89.7	
99.1	79.8	
88.8	89.5	
96.7	99.6	
67.2	79.4	
89.2	89.7	
68.4	89.7	
86	99.4	
78.7	89.3	
78.3	99.6	
66.6	69.3	
76.3	89.3	
88.4	99.6	
98.7	79.6	
57.9	99.2	
99.3	89.3	
57.1	99.2	
87.8	69.7	
99.3	89.7	
89	89.7	
88	89.7	
98.1	78.8	
98.9	89.3	
98.9	79	
99.3	79.6	
78.3	99.6	
98.7	38.2	
98.5	88.7	
98.5	78.2	
89.2	89.7	
97.7	88.9	
98.7	89.5	
88.4	68.5	
78.9	89.3	
98.7	99.6	
88.8	99.6	
98.3	99.4	
89.2	79.2	
88.8	89.1	
98.9	99.4	
88.8	99.6	
88.8	89.5	
98.5	89.5	
88.6	89.5	
89	99.4	
88.6	99.6	
99.1	99.6	
99.3	99.6	
98.7	59.6	
67	99.4	
89	99.6	
87.4	99.4	
99.3	99.2	
98.5	98.6	
99.1	99.6	
88.4	99.4	
98.9	89.7	
99.1	99.6	
98.9	37.8	
98.9	99.4	
98.9	99.6	
87.8	99.2	
99.3	78.6	
99.1	99.6	
99.1	99.6	
99.3	89.3	
