37.1	79.8	
68	-271.5	
2	99.4	
38.3	89.3	
84.6	88.9	
62.4	99.4	
98.7	98.6	
76.9	99.6	
78.3	-21.8	
77.1	79.2	
49.3	79.4	
63.2	99	
66	89.5	
55.9	99.6	
43	98.6	
85.4	99	
67	99.2	
95.9	99.6	
75.7	89.7	
98.7	98.8	
53.9	89.3	
87.4	99.6	
77.9	89.5	
89.2	99.6	
86.4	78.2	
88.6	89.3	
87.4	99.6	
77.3	59.6	
87	59.2	
66.4	79.4	
99.1	89.7	
97.7	99.6	
88.4	88.1	
98.5	58.8	
99.1	48.9	
55.9	88.5	
98.9	49.7	
98.1	39.6	
66.6	99.6	
58.1	99.6	
77.3	99.4	
97.9	99.2	
87.4	99.6	
87.8	98.6	
98.7	89.5	
98.9	99.6	
87.4	99.4	
98.1	99.4	
95.3	99.2	
88.4	98.6	
99.1	99.6	
88.6	99.6	
66	99.4	
88.8	99.6	
99.1	99.4	
99.1	89.5	
98.9	99.6	
88.8	99.6	
89.2	99.4	
88.6	99.6	
97.7	99.2	
67.2	99.6	
88.4	99	
99.1	99.6	
88.2	99	
64.8	99.6	
87.6	89.7	
85.4	99.6	
95.9	99.6	
78.9	89.5	
51.1	99.6	
98.3	89.5	
89	99.4	
89	79.6	
89.4	89.3	
67.6	58.4	
68.8	99.4	
87.2	78.8	
98.5	88.9	
97.1	79.2	
76.9	89.5	
99.3	99.2	
40	88.9	
87	89.5	
77.5	89.1	
98.7	59.8	
88.8	69.1	
78.9	89.3	
88.4	99.6	
99.1	99	
77.7	99.6	
75.1	89.7	
88.4	99.4	
87.4	58.4	
78.1	89.7	
98.5	89.7	
77.3	28.3	
98.1	99.6	
99.3	99.6	
87.4	99	
99.3	99.6	
99.1	89.5	
99.1	99.2	
89	99.2	
99.3	99.4	
98.9	99.4	
78.7	99.4	
78.1	89.3	
98.3	99.4	
98.3	69.3	
98.7	79.4	
88.2	99.6	
98.1	99.4	
89	39.6	
99.3	79.4	
79.1	89.3	
99.1	99.6	
86.6	89.7	
98.9	99	
98.7	79.4	
97.9	99.4	
98.7	99.4	
89	99.4	
98.1	89.5	
76.5	89.5	
58.7	99.4	
99.1	89.7	
98.9	89.1	
98.9	89.5	
98.7	69.7	
99.1	89.7	
88.6	98.8	
78.5	79.2	
87.2	48.7	
96.7	99.4	
97.9	78.8	
98.3	89.1	
98.1	99.2	
89.2	99.4	
89.4	89.3	
79.1	69.3	
99.1	89.7	
88.2	79	
89	99.6	
88.6	99.4	
98.7	99.6	
89.2	89.5	
96.1	79.4	
27.8	29.5	
97.3	99.6	
98.1	99.6	
99.1	89.7	
97.1	89.3	
88.6	79	
88.4	89.7	
67	99.4	
79.1	68.5	
98.9	99.6	
98.9	99.4	
89.2	99.6	
97.1	99.4	
99.1	88.3	
99.1	98.8	
79.3	89.5	
88.2	89.1	
98.5	99.6	
88.8	99.4	
98.1	78.4	
98.7	99.2	
89.2	99.6	
98.9	99.4	
97.9	79	
98.7	99.6	
98.5	99.6	
97.5	78.8	
88.8	99.6	
88.8	69.7	
99.1	99.4	
99.1	89.3	
68.6	99.4	
89.2	99	
99.3	99.6	
99.3	69.7	
98.5	28.1	
99.1	89.7	
88.6	79.6	
78.3	69.5	
97.1	89.7	
88.6	99.6	
89.2	39.6	
98.7	99.4	
98.7	79.2	
99.3	99.4	
98.5	88.9	
88.8	99	
98.9	99	
98.7	99.6	
88	99.6	
88.8	89.1	
89.2	19	
76.7	99.6	
67.8	99.6	
98.7	88.5	
58.5	99.6	
98.9	98.6	
79.3	99	
98.5	99.6	
88.2	88.7	
96.5	99.2	
88.8	89.5	
98.9	89.5	
99.1	99.2	
88.8	89.5	
88.2	99.6	
99.1	89.5	
98.5	99	
99.1	78.8	
88.8	99.4	
78.1	68.7	
99.1	69.5	
99.3	99	
98.9	89.5	
69	99.4	
56.9	99.6	
99.3	89.5	
97.9	88.9	
78.9	99.4	
88.8	99.4	
77.9	99.6	
78.7	89.1	
98.9	89.7	
88.4	99	
98.7	79	
89.4	89.7	
66.6	89.1	
78.9	99.6	
98.3	99.6	
88.2	89.5	
48.2	99.2	
88.8	99.6	
98.5	88.1	
88.4	99.4	
97.5	99.6	
98.1	89.1	
77.5	98.8	
77.9	99.6	
84.8	99.2	
78.7	99.6	
89	59.6	
85.6	99.2	
99.1	99.4	
89.4	68.7	
87.2	89.3	
97.7	99.6	
96.7	99	
89.2	89.5	
99.3	99.6	
88.4	99.6	
99.1	99.6	
97.3	99.4	
58.7	99.4	
78.7	99.6	
85.6	89.7	
85.2	99.4	
99.3	98.8	
99.3	69.7	
88.4	89.7	
97.9	99.4	
88	49.1	
79.1	59.2	
97.5	98.4	
78.9	88.9	
97.9	89.3	
99.1	99	
78.3	99.6	
99.1	79.2	
89	99.6	
98.9	89.7	
98.7	89.7	
87.6	99.4	
99.1	79	
89	99.4	
89.4	99.6	
97.7	99.6	
37.1	99.2	
88.2	79.4	
98.5	89.1	
98.9	99.6	
98.9	89.3	
56.7	99.6	
89.2	89.5	
98.5	98.8	
89.4	99.4	
68.2	89.5	
88.8	79.6	
98.9	99	
47.2	99.6	
97.7	89.3	
89	99.2	
98.9	89.1	
67.8	99.6	
99.1	79.2	
99.1	59.6	
88.8	69.3	
89.4	99.2	
98.9	89.3	
89.4	99.2	
99.1	99.6	
87.8	99.4	
98.7	99.4	
99.3	99.4	
99.3	89.1	
57.1	89.5	
67.8	99.4	
98.1	99.2	
98.5	89.7	
98.7	99.6	
98.7	99.6	
78.3	59.4	
98.5	89.7	
88.4	89.7	
99.3	99.6	
55.1	79.4	
98.9	99.6	
79.1	89.7	
67.6	89.5	
98.3	59.4	
89.2	89.5	
89.4	79.2	
97.3	99.6	
99.1	99.6	
88.6	99.6	
98.5	89.3	
88.8	99.4	
88.2	99.4	
99.3	99.4	
68.4	99.4	
99.1	99.6	
78.3	99.6	
77.7	58.4	
99.3	69.3	
98.3	99.6	
99.3	99.4	
88.6	99.2	
96.9	99	
87.2	78.8	
98.7	99	
98.7	89.3	
88.6	68.5	
89	89.7	
88.2	39.4	
99.3	69.5	
89	89.5	
88.2	89.5	
99.1	89.7	
99.3	89.7	
99.1	89.5	
87.6	79.4	
99.3	-10.9	
99.3	89.5	
78.9	79	
98.9	49.7	
89	89.7	
99.3	89.7	
78.7	48.9	
99.1	89.7	
98.5	99.4	
98.5	99.6	
99.3	99.6	
98.9	18.8	
99.1	78.8	
99.1	89.5	
98.3	69.5	
99.3	99.6	
98.1	79.2	
79.3	98.8	
79.5	99.4	
88.6	59.2	
98.9	99.2	
79.1	99.4	
78.9	99.4	
78.7	99.2	
98.5	69.7	
88.8	89.7	
89	89.5	
67.4	99.6	
78.1	78.4	
98.9	99.4	
99.3	68.5	
98.7	89.5	
89.4	99.4	
79.3	89.3	
98.7	89.5	
99.1	99.6	
99.3	99.6	
79.1	99.6	
89.2	99.2	
99.3	98.6	
87.8	89.3	
89.2	88.7	
67.6	89.5	
89.4	89.7	
77.5	89.3	
69.2	99.4	
99.1	99.2	
67.6	99.6	
89	99.4	
56.3	78.8	
88.4	99.4	
26.2	89.3	
98.3	99.4	
67.2	89.5	
99.3	89.5	
98.5	99.6	
68.2	89.7	
98.7	99.6	
86.6	89.3	
77.3	89.7	
78.5	99.4	
78.3	69.3	
69.2	99.6	
64	8.9	
98.9	99.4	
88.4	79.4	
98.5	99.4	
89.2	99.4	
98.5	79.2	
89.2	99.4	
88.8	89.5	
97.7	49.3	
67.8	99.6	
98.9	89.1	
78.5	98.4	
98.3	89.1	
89.2	99.4	
98.5	88.9	
99.3	99.4	
89.2	88.5	
98.5	89.1	
88	79.4	
98.5	78.8	
98.7	99.2	
77.7	99.6	
88	89.3	
88.4	89.5	
99.1	99.4	
98.7	89.5	
86.4	89.1	
89	38.6	
99.3	99.6	
97.9	89.7	
68.4	79.6	
86.4	88.5	
67.8	89.7	
86.6	68.7	
78.7	58.2	
99.3	99.4	
67.4	89.3	
78.1	69.3	
77.7	99.4	
78.1	89.5	
88	89.1	
69.2	89.5	
98.9	79.2	
96.5	79.4	
57.3	99.6	
88	79.4	
87.6	99.4	
98.5	99.6	
68	99.4	
68.8	99.6	
88.4	69.1	
99.3	99.4	
78.1	69.3	
57.3	49.3	
86.8	78.8	
97.5	89.7	
97.5	89.1	
87.2	99.6	
88.8	79	
98.9	99.6	
98.5	99.4	
69	89.7	
98.5	99.6	
67.4	99.6	
78.7	99	
78.9	88.3	
68.6	78.8	
99.1	99.4	
99.1	89.1	
79.1	-30.9	
89.4	88.3	
79.1	69.5	
68.6	49.1	
89.2	99.2	
77.1	89.7	
88.4	99.6	
89.2	59.2	
89	69.1	
89.4	99.6	
