44.8	28.1	
-29.3	-11.3	
77.5	-173.7	
44.6	75.8	
86.2	67.9	
69	36.2	
79.5	68.1	
77.5	-81.2	
46	57	
96.7	89.5	
30.3	18.6	
87.6	89.3	
67.8	99.4	
54.1	78	
98.1	87.5	
77.3	88.7	
88.4	69.1	
99.1	-1.4	
65.6	89.5	
85.4	79.2	
77.1	78.8	
97.3	68.7	
88.8	89.3	
98.9	18.6	
98.1	99.4	
87.8	19.4	
76.9	59.6	
78.3	99.2	
96.7	99	
98.5	99.2	
98.9	-11.1	
56.9	99.6	
93.7	89.3	
76.1	99.4	
99.1	78.4	
78.1	39.4	
78.9	89.1	
88.4	59.4	
97.7	79.6	
65.8	79.6	
76.7	99.6	
67.4	88.9	
98.7	89.1	
57.7	68.5	
98.5	89.3	
88.8	99.4	
98.5	59.4	
88.6	89.5	
89	79	
45.8	89.3	
87.2	89.5	
54.9	79	
78.5	58.6	
37.1	99.6	
98.5	99.2	
98.3	88.7	
97.1	29.1	
78.9	99.4	
97.7	67.9	
87.2	99.4	
36.7	89.7	
98.3	89.1	
99.1	99	
99.3	89.5	
98.9	89.5	
68.6	77.8	
79.3	78	
67.8	78	
58.3	28.9	
89.4	-52.9	
98.7	99.4	
67.8	99.6	
97.5	79.4	
98.1	78.8	
46.4	88.9	
56.9	99.6	
89.2	99.4	
88.6	99.4	
67.4	8.9	
78.5	99	
88.8	99.6	
89	99	
99.3	99.6	
77.7	79.2	
99.1	89.5	
97.5	28.3	
68.4	99.6	
87.2	59.2	
88.2	99.2	
79.1	89.5	
99.1	99.6	
48.4	78	
64.6	89.5	
97.5	99.4	
55.3	99.4	
76.9	89.5	
88.6	99.4	
78.9	59	
67.2	98.6	
78.9	88.9	
89.2	98.4	
98.3	78.2	
89.2	89.5	
78.7	99.4	
88.6	49.5	
99.1	88.9	
98.5	98.8	
99.3	99.4	
89.4	99	
99.1	99.6	
88.4	98.6	
97.5	99	
99.1	89.3	
97.9	78.6	
88.2	78.8	
98.9	99.6	
99.1	89.7	
89.2	98.6	
98.3	79.4	
99.1	78.8	
98.7	69.5	
78.9	79.6	
76.9	79	
44.4	58.8	
87.2	68.3	
98.5	89.5	
89.2	99.6	
98.9	78.4	
98.7	58.2	
99.1	99.2	
78.7	88.9	
99.1	69.3	
68.2	89.3	
78.3	39.2	
99.1	99.6	
68.2	99.2	
68.6	99.4	
99.1	89.1	
89	99	
47.8	99.4	
98.5	28.1	
98.5	9.1	
78.5	59.2	
98.9	89.7	
98.7	99.4	
88.8	99.2	
78.1	99.4	
66.4	19.2	
58.1	89.3	
98.7	99.4	
67.2	79.6	
67.8	69.1	
98.3	99.6	
78.5	89.5	
88.6	89.5	
97.5	38.2	
99.1	89.1	
98.9	99.6	
76.7	99.6	
88.6	48.1	
97.5	79.6	
37.3	89.3	
77.7	89.3	
67.6	19	
89	89.5	
77.7	99.6	
89	69.5	
66.2	89.1	
78.1	79.4	
57.9	47.7	
98.3	99.6	
97.7	99.2	
98.9	89.1	
88	89.5	
66.4	28.9	
99.1	99	
99.1	79.6	
99.1	89.5	
67.6	89.5	
89.4	88.9	
88.4	99.6	
89	99.6	
98.1	89.7	
98.9	59	
88.8	89.1	
87.6	99.6	
98.7	59.6	
77.9	99.4	
98.3	99	
77.9	79	
88	89.7	
98.9	78.6	
88.8	89.3	
88.6	79.4	
88.2	89.1	
78.3	99.2	
96.9	99.2	
79.1	99.6	
99.1	89.5	
88.8	99.6	
78.9	89.5	
98.3	79.6	
97.7	29.1	
68.6	78.8	
74.5	99.6	
89.2	89.5	
96.9	99.6	
86.6	89.5	
68.4	78.2	
89	99.4	
99.1	89.1	
98.7	89.5	
97.9	99.4	
79.1	99.4	
78.9	99.4	
88.4	99.6	
88	59	
87.6	99.4	
97.3	68.9	
98.7	89.3	
78.5	89.1	
98.9	99.4	
89	89.3	
89	99.4	
88.8	-10.7	
47.6	89.3	
86.4	99	
87.4	99.2	
89.2	89.1	
76.7	99.6	
67.8	88.9	
89.2	89.3	
98.7	79.4	
89.2	99.6	
68.8	68.7	
96.9	29.5	
87.8	99.2	
76.3	99.6	
67.4	99.6	
88.6	99.4	
86.8	89.3	
99.1	99.6	
68	99	
89.4	98.6	
77.3	89.5	
99.3	89.3	
99.1	79	
78.5	79.6	
87.6	99.2	
78.5	39	
88	98.4	
98.5	99.6	
89.2	79	
99.3	89.1	
99.1	99.4	
77.9	99.4	
88.2	18.6	
66.4	99	
25.6	89.5	
77.1	99.2	
78.3	89.7	
98.7	78.8	
88.2	99.4	
98.5	99.4	
98.7	99.6	
97.9	59	
88.2	99.6	
88.6	88.5	
99.3	99.6	
98.5	89.3	
88.8	99.4	
78.9	89.5	
88.8	78.6	
78.5	99.6	
98.5	99.4	
98.7	69.7	
98.9	48.7	
87.8	99.4	
98.9	69.7	
68.2	79	
98.5	88.9	
96.5	99.6	
99.1	99.4	
98.7	99.6	
77.9	99.4	
78.3	99.6	
88.4	89.1	
88.8	99.6	
78.9	99.4	
78.1	99.2	
98.9	99.2	
98.7	29.5	
99.1	69.7	
99.1	68.7	
98.5	79	
98.7	89.1	
88.2	89.3	
79.3	88.9	
88.2	29.1	
97.9	98.6	
97.5	29.3	
67.8	99.6	
88.6	79.6	
98.7	79.4	
88.8	88.9	
68.4	-2.4	
97.9	99.6	
89.2	99.4	
98.7	59.6	
98.5	89.5	
88.8	99.6	
99.1	89.5	
77.5	89.7	
55.7	99.2	
89.2	79.6	
87.4	69.3	
98.7	59.6	
98.3	99.4	
68.8	99.2	
78.7	89.7	
98.5	39.4	
77.9	99.4	
67.6	99.2	
88.8	89.3	
99.3	99.2	
99.1	99.2	
78.7	69.5	
78.5	79.4	
98.5	99.4	
57.9	89.5	
67.6	69.3	
78.5	-21.6	
79.3	57.8	
98.5	79.6	
77.9	78.6	
89.2	99.4	
88.4	79.6	
47.2	79.2	
78.5	79.8	
68.6	49.3	
57.3	99	
78.1	89.3	
88.8	89.5	
99.3	99.4	
45.4	79.2	
99.3	78.4	
78.3	89.1	
77.7	88.3	
89.2	99.4	
88.8	79	
75.3	99.4	
27.4	99.2	
99.1	89.5	
98.5	69.5	
15.9	99.2	
88.4	99.4	
89.4	99.6	
99.1	99.6	
89	99	
98.9	79.6	
17.5	99.4	
79.1	79.6	
37.5	99.6	
56.3	99.6	
97.7	79.4	
99.1	99.6	
98.9	78.6	
78.5	89.3	
99.3	99.6	
88.8	99.2	
89	99.6	
64.4	88.9	
88	99.4	
96.7	89.5	
99.1	69.5	
97.7	99.4	
88.2	-0.4	
88.2	57.6	
87.4	99.6	
99.1	89.5	
89	89.7	
98.1	99.4	
88.8	99.2	
36.9	78.6	
88.2	99.4	
89.2	79.6	
98.5	99.6	
99.1	99.4	
88.6	79.8	
89.2	79.4	
88.2	88.7	
99.1	99	
77.9	88.9	
78.5	99.6	
66.4	99.6	
78.9	79.4	
98.3	89.3	
78.3	69.7	
88.2	99.6	
48.2	59.4	
57.9	99.6	
98.5	89.1	
57.1	99.4	
98.1	99.6	
99.1	49.3	
86.8	88.9	
87.8	69.5	
88.8	99	
88.4	79	
87.6	19	
77.3	99.4	
69	99	
66.8	67.9	
88	99.6	
88	89.5	
98.3	69.3	
99.1	69.7	
77.3	99.4	
88.8	89.7	
79.5	99.6	
89.2	69.3	
99.3	99.6	
78.9	9.5	
77.9	89.5	
88.8	99.2	
68.6	89.5	
98.7	79.4	
77.9	58.6	
88	98.6	
77.5	79.8	
97.3	49.7	
98.1	99.4	
67.8	59.6	
98.3	79.8	
68.6	89.3	
98.9	99.6	
78.5	79.8	
68	99.6	
88.2	99.4	
88.4	88.9	
99.3	99.2	
99.3	79.2	
98.9	99	
88.2	99.6	
88.2	98.8	
53.7	99.6	
88.2	79.4	
79.1	99.6	
97.9	98.4	
78.1	98.6	
89.2	89.5	
99.1	89.1	
78.3	79.4	
67.2	88.7	
88	99.6	
98.9	58.8	
88	98.8	
98.5	88.7	
97.5	99.2	
97.7	99	
89	98.8	
88.4	59.8	
98.5	98.6	
99.1	79.8	
85	89.3	
78.9	-121.4	
97.9	59.2	
98.9	99.6	
88.6	99.4	
94.9	99.4	
89.2	98.8	
98.1	59.6	
87.6	99.4	
78.9	99.4	
98.9	99	
98.5	99.6	
78.7	99.4	
89	99.4	
88.4	89.3	
88.2	99.6	
98.7	99.6	
78.9	99	
78.1	98.8	
78.1	28.1	
66.6	88.3	
45.4	58.8	
99.1	79.2	
25.4	99.6	
87.8	99.2	
98.3	99.4	
89.4	79.2	
46.6	99.6	
88.6	99.4	
47.4	78.8	
86.2	89.7	
99.3	79.2	
88.4	89.1	
88.2	69.3	
89.2	79.2	
98.9	79.8	
