25.6	-265.8	
63.6	9.1	
88.8	87.5	
95.9	37	
88.2	27.1	
87.6	57.2	
98.7	89.1	
99.1	78.8	
98.7	89.5	
99.1	89.5	
99.3	89.5	
99.3	48.7	
98.9	89.5	
99.1	79.2	
99.3	59	
99.1	89.5	
99.1	89.5	
99.3	89.5	
99.3	89.3	
99.1	89.5	
99.3	79	
78.7	89.5	
89	89.5	
99.3	89.5	
99.1	89.3	
99.1	69.1	
88.8	89.3	
99.3	69.5	
99.3	89.3	
99.3	69.3	
78.9	89.5	
99.1	89.5	
99.3	48.9	
99.1	89.5	
99.3	79.6	
99.3	89.3	
79.1	79.2	
99.1	89.5	
98.7	79.4	
99.1	89.5	
99.3	89.5	
99.1	89.5	
99.1	79.4	
99.3	79.4	
99.1	89.3	
99.3	89.5	
99.1	89.5	
99.3	79.2	
99.3	89.3	
99.1	89.5	
89.2	79.6	
99.1	89.3	
99.3	89.5	
99.3	89.1	
99.3	89.3	
99.3	79.4	
89	89.1	
78.9	89.5	
98.5	69.5	
86.8	89.5	
99.1	59.4	
89	99.6	
99.1	89.5	
99.3	69.1	
99.1	89.5	
89	89.3	
88.8	89.3	
99.3	89.5	
99.3	79.6	
99.3	89.5	
99.3	89.3	
99.3	89.5	
99.3	69.5	
99.3	89.5	
99.1	88.9	
99.1	89.3	
99.1	89.5	
99.3	89.3	
99.3	89.5	
89	89.3	
99.3	88.9	
98.7	89.5	
89	89.5	
99.1	89.5	
99.1	69.5	
99.1	89.5	
99.3	89.5	
99.3	89.1	
99.1	89.3	
99.3	89.5	
89	89.3	
99.3	89.5	
99.3	89.5	
99.1	89.1	
99.3	69.5	
99.1	89.5	
99.3	89.5	
98.9	99.2	
99.3	89.3	
99.1	89.5	
89	89.5	
87.4	89.5	
99.3	89.3	
99.3	79.4	
78.9	69.3	
98.7	79.6	
99.3	39	
89	99.6	
99.3	99	
99.1	99.4	
99.3	99.6	
99.3	89.7	
99.1	89.5	
99.3	99.4	
89	99.6	
88.4	99.6	
99.1	99.6	
99.3	89.7	
99.1	99.4	
99.1	99.6	
99.1	99.6	
98.9	99.6	
99.1	99.6	
98.9	99.4	
98.9	89.1	
99.1	99.6	
98.7	89.7	
99.1	99.6	
99.3	99.4	
99.3	99.6	
99.3	99.6	
99.3	99.6	
99.1	99.6	
89	99.6	
89.2	99.2	
99.1	99.6	
99.3	99.6	
98.7	99.6	
99.1	99.4	
88.8	99.6	
99.3	99.6	
99.1	88.5	
98.5	99	
99.3	99.6	
98.9	99.6	
99.3	99.4	
98.9	89.3	
99.3	99.6	
99.3	99.6	
99.1	99.6	
98.9	89.5	
99.3	99.6	
99.3	99.4	
99.3	99.4	
98.7	99.6	
99.1	99.6	
99.1	99.4	
68	99.4	
99.3	99	
99.1	99.6	
98.5	89.5	
99.1	89.3	
99.3	99.6	
99.1	88.7	
99.1	88.7	
99.1	67.9	
98.7	89.7	
99.1	88.3	
89	88.1	
98.9	79.6	
99.3	69.7	
99.3	89.7	
98.9	89.7	
99.1	79.6	
99.3	89.7	
99.3	89.7	
89.2	79.8	
99.3	79.4	
99.1	79.6	
99.3	89.7	
88.6	79.4	
98.9	79.6	
89.2	89.7	
98.7	99.6	
99.3	69.3	
99.3	79.8	
89	89.7	
99.3	89.7	
98.9	29.5	
99.1	89.7	
99.1	89.7	
98.7	59.6	
99.3	89.7	
99.1	89.7	
99.1	89.7	
89	49.1	
99.3	79.8	
99.3	79.6	
89.2	89.5	
99.3	89.5	
99.3	89.7	
99.3	89.7	
99.3	89.7	
98.9	89.5	
89.4	79.6	
99.1	89.7	
89.4	89.7	
97.9	69.5	
93.7	89.7	
99.3	89.7	
98.3	89.5	
97.9	89.7	
97.3	69.5	
89.9	89.7	
88.8	89.7	
99.1	79.6	
98.5	79.2	
87	89.7	
80	49.5	
89.2	89.7	
93.7	89.5	
98.9	99.4	
99.1	89.7	
98.1	79.6	
99.3	69.5	
98.5	89.3	
99.3	89.5	
99.1	88.9	
88.8	49.7	
89.2	99.6	
98.9	99.2	
98.9	99.2	
88.8	99.6	
99.3	99	
99.3	99.6	
88.6	99.6	
89	89.7	
99.1	99.6	
99.3	89.5	
98.9	99.6	
99.1	99.6	
89.2	99.2	
99.3	99.6	
98.9	99.4	
99.3	99.6	
99.1	99.6	
98.1	99.6	
99.1	99	
98.9	99.6	
98.9	99.6	
99.3	99.6	
99.3	99.4	
99.1	99.6	
99.3	99	
99.3	99.6	
99.3	89.5	
99.3	99	
98.9	99.6	
99.1	99.6	
99.3	99.6	
99.3	99.2	
89	89.7	
79.1	99.6	
99.1	99.6	
98.9	99.6	
98.9	89.5	
99.3	99.6	
99.3	99.6	
99.3	99.6	
99.3	99.6	
89.4	99.6	
99.3	99.6	
87.8	99.4	
84.6	99.4	
95.9	99.4	
89.1	99	
96.9	89.7	
94.9	89.7	
87.4	99.4	
76.9	99.6	
-20.1	99.4	
89	99.6	
77.1	99.4	
89.2	79.2	
89	99.6	
89.4	99.6	
89.2	99.6	
89.4	99.6	
89.4	99.6	
89	99	
89.2	99.6	
89.4	79	
89.2	99.6	
89.4	99.6	
89.4	89.5	
89.4	99.6	
79.3	99.6	
89.2	79.8	
99.3	99.2	
89.2	99.6	
89.4	89.7	
89.4	99.6	
89.2	99.2	
89.4	99.6	
79.1	99.6	
98.9	99.6	
98.9	99.2	
99.1	99.6	
99.1	99.4	
99.3	99.6	
99.3	99.6	
99.3	99.2	
99.1	99.6	
98.7	99.6	
98.5	99.4	
89.4	99.4	
99.3	99.6	
98.7	99.6	
98.9	99.6	
88.6	99.6	
98.7	99.2	
99.3	99.4	
99.3	99.6	
99.1	89.5	
99.3	99.6	
99.3	99.6	
99.3	89.1	
99.3	99.6	
99.1	99.6	
98.9	99.6	
98.7	79.4	
98.9	99.4	
99.1	99.6	
98.9	99.6	
98.9	99.4	
98.7	79.4	
99.3	89.3	
99.3	89.7	
98.9	89.7	
98.9	89.7	
99.1	89.7	
99.3	79.6	
98.9	89.7	
99.1	89.7	
89	89.7	
99.3	79.4	
98.7	89.7	
99.3	89.7	
99.3	89.5	
99.3	49.5	
99.3	99.6	
89	89.7	
99.1	89.7	
99.1	79.6	
98.5	89.7	
99.1	89.7	
99.3	89.5	
99.3	89.7	
99.3	89.3	
99.3	89.7	
99.3	99.6	
99.3	99.6	
89	99.6	
89	99.6	
89.4	99.6	
98.7	99.6	
99.3	89.3	
68.2	99.4	
98.7	88.9	
89.2	99.6	
99.3	99.6	
98.9	99.2	
99.1	99.6	
99.3	89.7	
99.1	99.2	
98.5	99.2	
99.3	99.6	
98.7	89.1	
99.3	99	
99.3	79.4	
99.1	89.7	
99.3	89.7	
78.9	89.5	
99.3	89.7	
99.3	79.8	
99.3	89.7	
99.3	79.6	
98.5	89.7	
98.9	79.2	
99.3	89.7	
98.9	89.7	
99.3	89.7	
99.3	79.6	
98.9	89.5	
98.9	89.7	
99.3	89.7	
89.2	89.7	
99.1	79.8	
99.3	99.6	
99.3	69.5	
99.3	89.7	
88.8	79.6	
99.3	89.5	
99.3	89.7	
98.5	79.4	
99.1	89.7	
99.3	89.5	
99.3	89.7	
99.1	89.7	
98.7	89.5	
99.1	89.7	
99.3	89.7	
99.1	89.7	
99.3	89.5	
98.9	99.6	
99.1	99.6	
89	79.8	
88.8	99.6	
99.3	59.4	
99.1	99.4	
69.4	99.6	
99.1	89.5	
98.9	89.5	
99.3	99.4	
88.8	99	
99.3	99.4	
99.1	89.5	
99.1	89.1	
98.9	79.2	
99.3	89.5	
99.3	99.6	
98.9	99.4	
99.3	99.6	
99.1	99.6	
99.1	99.4	
99.1	99.6	
99.3	99.6	
99.3	99	
99.3	89.7	
98.7	89.7	
99.3	89.7	
99.1	89.5	
99.3	79.2	
99.1	89.7	
98.9	89.7	
99.3	89.7	
89	89.5	
99.3	89.7	
99.3	89.1	
99.3	89.7	
99.1	19.6	
99.3	89.7	
99.3	59.4	
98.9	79.6	
99.1	89.5	
98.7	79.4	
99.1	89.7	
98.1	89.5	
98.9	89.7	
99.1	89.7	
99.3	89.3	
99.3	89.7	
99.3	79.6	
99.1	89.5	
99.3	69.5	
99.3	89.7	
98.9	89.7	
99.1	89.7	
99.3	89.5	
99.3	89.7	
89.2	79.8	
99.3	89.7	
98.9	89.7	
98.7	89.7	
98.9	89.7	
99.3	89.7	
99.3	89.7	
99.1	89.5	
99.1	69.5	
99.1	99.6	
99.3	89.7	
88.8	89.7	
98.5	79.6	
98.9	89.7	
98.1	89.7	
99.1	89.7	
99.1	89.7	
99.1	79.6	
99.3	79.6	
98.1	89.3	
99.1	89.7	
99.3	89.7	
99.3	89.7	
99.3	89.7	
99.3	79.4	
99.3	99.6	
99.3	79.6	
99.1	79.6	
99.3	79.4	
99.1	79.6	
