56.3	-11.5	
37.1	48.1	
87	-217.9	
98.7	98.4	
55.7	99.6	
98.7	99.6	
53.9	99.4	
98.5	58.8	
67.8	99.2	
77.7	-20.6	
99.1	98.8	
79.1	99.4	
88.6	99.6	
98.7	99.2	
98.9	99.6	
98.9	99.6	
77.3	98.8	
88.8	69.3	
89	89.5	
85.4	99.6	
98.9	89.7	
88.8	99.2	
88.8	39.4	
98.5	99.4	
97.5	79.4	
76.1	59	
87	79.4	
84.4	99.2	
75.5	89.1	
72.3	88.5	
98.9	99.6	
88.4	99.6	
73.1	99.6	
95.5	28.9	
89.4	99.4	
98.7	89.3	
98.7	99.6	
64.4	99.4	
98.7	69.3	
98.5	99.4	
98.9	78.8	
99.3	99.6	
97.3	99.6	
99.1	79	
99.3	99.6	
88.8	99.6	
98.7	89.1	
89	89.7	
97.7	59.4	
98.9	89.3	
99.1	89.3	
77.3	8.9	
78.5	58.8	
98.9	79.6	
78.3	69.5	
99.3	99.4	
99.1	99.4	
89	89.5	
89.2	99.6	
98.5	89.7	
88.6	99.2	
99.3	69.7	
89.4	99.6	
57.9	89.3	
99.1	99.6	
99.1	89.3	
87.6	89.3	
88.8	99.4	
99.1	99.6	
98.3	99	
99.3	89.5	
89	99.6	
88.4	99.2	
77.1	79.4	
68.4	99.6	
98.3	99.4	
99.1	99.4	
99.1	99.6	
98.7	99.4	
98.9	89.5	
99.1	99.2	
99.3	99	
99.1	69.7	
99.1	99.6	
98.7	89.5	
99.3	99.2	
78.5	99.6	
98.9	99	
99.3	98.6	
99.3	79.2	
98.7	89.1	
99.3	49.3	
99.1	99.6	
99.1	99	
99.3	99.4	
89.2	68.9	
98.7	89.3	
99.3	99.4	
88.6	99.6	
99.1	89.5	
79.1	99.4	
98.3	89.3	
99.1	89.3	
99.1	99.6	
87.6	89.7	
99.1	99.4	
98.7	89.3	
88.4	79.6	
99.1	89.3	
99.1	99.4	
88.8	99	
98.5	99.6	
99.3	99.6	
89	99.6	
89.4	89.5	
89	99.4	
98.5	99.4	
99.1	79	
88.8	99.6	
89.2	89.5	
99.3	79.4	
99.3	78.6	
99.3	99.6	
89.4	99.6	
98.7	99.6	
89	99.6	
88.8	99	
98.5	99.2	
99.3	79.6	
89	99.6	
99.3	99.2	
99.1	89.5	
89.4	99.2	
88.8	99.4	
99.1	99.6	
99.3	59.4	
99.3	99.6	
77.3	79	
99.3	79.2	
98.9	99.6	
98.7	89.5	
77.7	89.7	
98.7	89.5	
98.7	99.4	
89	99.6	
99.3	99.6	
89.2	99.6	
99.3	99.2	
99.3	99.6	
99.1	99.4	
98.9	89.7	
88	99.6	
67.8	99.6	
88.4	49.3	
88.8	99.6	
88	99.6	
99.1	99.6	
98.9	88.9	
99.3	99.6	
98.7	99.6	
98.7	89.1	
98.1	89.5	
99.3	99.6	
98.7	28.5	
99.1	99.4	
99.1	99.4	
78.7	99.6	
98.9	99.6	
98.9	89.3	
98.9	99	
99.3	99.6	
98.9	99.4	
88.8	99.6	
67.8	89.1	
98.7	89.3	
99.3	99	
88.6	99.6	
89.4	59.4	
98.7	99.6	
88.4	99.4	
98.9	99.4	
99.3	99.6	
89.2	79.6	
98.9	89.7	
98.9	89.3	
89.4	99.2	
99.3	89.5	
99.1	99.6	
98.9	88.9	
98.9	99.6	
99.1	89.7	
98.9	99.4	
99.1	99.6	
98.3	99.6	
99.1	99.6	
67.8	99.6	
99.3	99.2	
78.1	89.1	
88.4	99.4	
98.7	99.4	
98.9	89.1	
99.3	99.6	
97.7	69.3	
98.7	99.2	
99.1	99.4	
98.7	99.4	
88.2	99.6	
89	99.6	
99.1	79.2	
98.7	99.6	
99.3	99.4	
98.3	99.6	
78.1	89.3	
76.9	89.3	
89	99.6	
99.3	89.1	
98.3	99.4	
98.9	98.8	
98.7	89.7	
98.9	89.5	
89	99.6	
99.1	89.1	
99.1	89.3	
98.9	99.6	
99.1	99	
98.7	79.2	
99.3	79.4	
88.8	99.4	
99.3	99	
98.5	89.1	
98.7	99.6	
88.2	99.4	
99.3	99.2	
98.9	89.1	
98.7	99.6	
99.1	99.4	
99.1	99.2	
89	88.3	
99.3	99.6	
98.7	99.2	
98.9	89.7	
99.3	99.4	
99.3	89.1	
98.7	99.6	
99.1	99.6	
98.5	89.7	
98.9	99.6	
68.2	89.5	
99.1	99.4	
99.3	79.2	
89	89.7	
88.8	98.2	
89	99.4	
89.2	89.5	
99.1	99.4	
98.7	99.6	
88	69.5	
89.2	99.6	
99.1	79.2	
89.2	99.6	
88.4	99	
79.3	99.4	
98.9	89.5	
99.3	99.6	
99.3	99	
98.9	98.8	
98.9	99.4	
99.3	99.4	
98.7	89.7	
88.8	99.6	
78.1	89.7	
99.3	99.4	
98.9	99.6	
98.9	99.6	
89.2	99.6	
99.1	99.2	
98.1	89.7	
78.7	89.5	
88.8	99.6	
89.2	79.4	
79.1	69.7	
89.4	99.4	
67.8	99.6	
99.1	99.6	
99.1	99.6	
89	89.5	
98.9	79.4	
68.6	99.2	
98.7	99.4	
99.3	99.6	
89	99.4	
99.1	99.6	
78.9	99.4	
98.3	89.1	
78.9	99.6	
98.9	99.6	
98.9	99.4	
98.7	89.7	
89.2	99.6	
99.1	99.6	
98.9	99.6	
99.3	99.6	
98.9	99	
98.7	79.4	
99.1	99.4	
89.4	99.6	
99.1	89.1	
99.3	99.6	
89.2	99.4	
99.1	99.4	
98.9	88.7	
99.3	99.6	
99.3	99.6	
99.3	68.9	
89.4	99.6	
69.2	89.5	
98.3	89.5	
98.5	89.7	
89	99.6	
99.3	89.3	
99.3	89.3	
88.6	79	
98.7	79.6	
98.9	79.6	
99.1	89.7	
99.1	89.7	
98.9	89.5	
99.1	99.4	
99.1	99.6	
98.7	99.6	
99.1	89.5	
99.1	78.6	
99.3	89.5	
89.2	99.6	
99.3	99.6	
88.8	99	
79.3	99.4	
89	99.4	
78.5	89.5	
99.3	88.3	
89.4	99.6	
99.3	89.5	
98.9	99.6	
99.1	99.4	
89.4	89.3	
99.1	99.2	
98.7	99.6	
98.7	99.6	
99.1	99.6	
98.3	99.4	
99.3	99.6	
99.1	99.4	
98.5	89.3	
99.1	99.2	
88.6	88.9	
98.9	99.6	
89	69.3	
89.2	99.6	
89.2	99.6	
98.7	99.6	
99.3	99.4	
98.3	99.6	
78.7	89.3	
99.3	78.8	
89.2	89.5	
99.1	99.6	
98.9	99.6	
98.9	99.4	
98.7	99.2	
88.6	89.5	
99.1	99.6	
89	79.2	
89.2	89.1	
98.9	69.3	
98.9	89.3	
99.3	89.5	
88.8	98.8	
99.3	99.2	
99.1	88.9	
99.1	99.4	
98.3	99.2	
99.3	98.8	
79.3	99.6	
77.9	89.7	
79.3	98.4	
99.1	99.6	
99.1	99.4	
88.2	99.4	
99.1	88.7	
99.3	99.6	
78.7	99.4	
99.1	79.8	
88.6	99	
99.3	99	
98.5	99.6	
99.3	99.2	
98.9	99	
98.9	99	
99.3	99.4	
79.1	49.3	
99.1	99.6	
88.6	79.2	
99.3	79	
89	99.2	
98.7	99	
88	89.1	
99.1	99.4	
77.9	89.7	
99.1	99.6	
89.2	89.1	
98.7	99	
89	49.5	
98.9	79.4	
89	89.5	
58.9	99.6	
98.5	99.6	
98.7	99.2	
97.9	89.5	
98.5	99.2	
98.9	99.4	
99.3	79.8	
98.9	99.6	
89	99.4	
99.3	99.4	
98.9	99.4	
99.1	78.8	
98.9	79.2	
99.3	99.6	
99.3	99.6	
88.8	89.7	
89.2	99.4	
99.1	99.6	
88.2	99.6	
98.7	79.6	
99.3	99.2	
99.3	89.1	
88.4	99.6	
98.7	78.8	
89	99.2	
98.5	99.6	
98.5	79.6	
89	99.4	
78.9	99.4	
89	99.4	
99.1	99.4	
99.1	79	
99.3	49.5	
98.9	99.6	
78.9	99.6	
98.7	89.7	
99.3	88.9	
98.9	99.6	
99.1	99.4	
78.1	99.6	
99.1	99.4	
99.3	99.4	
88.6	99.6	
99.1	99.4	
99.3	69.7	
89.4	89.7	
89.4	69.5	
98.9	99.6	
77.7	69.3	
99.3	79.2	
97.7	99.6	
86.4	89.7	
99.3	99.6	
99.3	99.6	
99.1	99.6	
99.1	79.6	
88.8	89.7	
99.1	89.1	
89	89.3	
99.3	89.7	
89	99.6	
89	99	
98.7	98.8	
99.1	89.5	
99.3	89.3	
89.2	99.4	
78.5	99.4	
99.3	99.6	
98.7	99.4	
68.2	99.6	
88.4	99	
88.6	99.6	
97.9	99.4	
89.2	99.4	
99.3	99.2	
87.8	79.8	
88.8	99.6	
68.4	99.6	
99.1	79.8	
99.3	99.6	
78.7	99.4	
89.2	99.6	
98.3	99.4	
99.1	99.6	
98.9	88.9	
89.2	99.2	
