6.8	-345	
88.6	18.4	
89	7.5	
10.1	87.7	
78.7	88.7	
95.9	99.4	
88.6	99.6	
88.8	99.2	
97.1	99	
97.9	99.4	
97.7	99.6	
98.9	99.6	
89	89.5	
97.9	99.6	
98.9	99.2	
88.6	99.6	
88.8	99.2	
87.6	99.2	
77.9	99.4	
99.1	78.8	
95.5	89.3	
88.6	89.7	
98.7	99.6	
98.7	99.6	
99.3	89.5	
67.8	78.8	
99.3	99.4	
99.3	99.4	
97.9	59	
79.3	99.4	
69	89.7	
98.7	89.5	
98.9	99.2	
99.3	99.4	
98.7	89.1	
98.3	99	
99.3	99.6	
98.7	99.6	
99.1	99.6	
88.4	99.2	
77.9	99.6	
99.3	99.6	
99.3	99.6	
88.8	89.5	
67.8	99.2	
99.1	99.2	
77.9	79	
98.5	79	
88.8	99	
99.3	99.6	
99.1	99.2	
89.2	59	
98.7	99.4	
99.1	89.5	
98.7	79.4	
99.3	99.6	
88.8	49.3	
88.4	99.6	
88.6	99.4	
99.1	89.7	
99.1	99.4	
98.9	99.6	
99.3	99.6	
99.1	99.6	
98.3	99.6	
99.1	99	
98.3	99.6	
88.8	89.3	
98.5	99.6	
89.4	99.6	
98.1	99.6	
98.5	89.3	
99.3	99.6	
98.1	89.5	
89	99.6	
99.1	99.4	
98.3	99.6	
98.9	99.6	
89.4	68.7	
99.1	89.5	
98.7	99.6	
99.3	99.6	
98.9	89.5	
98.9	99.6	
99.1	99.2	
99.1	89.5	
99.1	79	
89	79.6	
89	79.2	
99.1	79.8	
98.7	99.6	
88.4	88.9	
99.1	98.8	
76.9	99.4	
99.1	99.6	
99.1	89.5	
99.3	99.6	
99.1	99.6	
89.2	99.6	
89	97.6	
99.1	99.6	
98.9	99.6	
99.1	69.5	
99.1	99.6	
99.3	99.6	
98.7	99.2	
99.3	89.1	
99.3	79.2	
99.1	99.6	
98.9	99.6	
89	99.4	
99.1	99.6	
98.1	79.4	
89.2	89.1	
78.1	99.6	
99.3	99.6	
98.5	99.2	
88.8	99.2	
98.3	99.6	
88.4	99.6	
88.8	89.5	
98.7	89.5	
89.2	99.6	
99.1	99.4	
98.9	89.7	
89	99.6	
99.1	79.2	
99.1	89.5	
98.7	69.5	
99.3	99.6	
99.3	99.4	
99.1	99.6	
99.1	99.6	
99.3	99.6	
98.7	99.2	
99.1	99.6	
98.9	69.5	
97.5	99.6	
88.8	99.4	
78.3	99.6	
99.3	99.2	
89	99.2	
99.3	69.1	
98.7	99.6	
98.7	69.3	
99.3	89.1	
98.9	89.7	
99.1	99.6	
99.3	98.4	
99.3	99.4	
79.1	89.5	
98.9	49.5	
98.5	99.6	
78.9	79.8	
99.3	89.7	
98.9	99.6	
68	79.2	
99.1	89.7	
99.3	89.5	
99.3	49.3	
99.3	68.9	
88.8	89.5	
78.7	89.5	
89.2	-1.2	
88.8	89.5	
99.1	89.7	
99.1	89.7	
79.1	69.5	
99.1	89.7	
99.3	89.1	
99.1	89.7	
99.3	89.7	
88.6	89.7	
99.1	89.5	
98.9	99.4	
99.3	89.3	
99.1	89.7	
99.3	89.5	
97.9	89.7	
99.1	89.7	
99.3	89.5	
89.2	89.3	
99.3	59.4	
89.2	79.4	
98.9	89.7	
97.7	89.7	
99.1	89.3	
98.9	79.4	
99.1	89.5	
99.3	69.5	
89.2	79.2	
98.5	79.6	
99.1	69.7	
98.9	98.8	
99.1	99.6	
98.9	99.2	
99.3	99.6	
78.7	79.8	
98.9	88.9	
98.1	99.6	
98.7	99.4	
89.4	99.6	
88.4	98.8	
89.2	89.7	
97.7	99.6	
99.3	99.6	
88.8	99.6	
99.1	99	
98.7	99.6	
99.1	99.4	
99.1	99.6	
88.4	99.6	
89	99.6	
99.1	79.4	
98.9	99.6	
88.6	99.6	
99.3	79.6	
89.2	99.6	
99.3	99	
98.5	79.8	
99.3	89.7	
99.1	78.6	
99.1	99.6	
99.1	89.5	
68.6	99.4	
78.1	99.6	
99.1	78.8	
88.8	89.7	
89.4	89.5	
98.7	89.7	
99.1	79.4	
87.8	99.4	
88.6	69.7	
89.2	99.6	
98.9	99.6	
88.8	99.2	
98.7	99	
99.1	89.5	
99.3	99.6	
98.5	99.6	
98.7	89.7	
99.1	89.3	
99.1	99.4	
68.4	99.4	
88.2	89.3	
98.9	99.6	
98.9	89.1	
98.5	89.7	
97.5	89.1	
89	49.1	
99.3	89.7	
98.7	89.7	
99.1	89.7	
99.1	89.7	
88	79.6	
98.9	99.6	
99.3	89.5	
79.3	99.6	
98.9	99.2	
98.7	99.6	
89	89.5	
98.9	99.6	
98.9	89.1	
89.4	99.6	
89	99.6	
88.2	99.2	
97.7	79	
99.3	99.6	
79.3	79.8	
89	99.6	
98.7	68.3	
98.5	89.7	
89.2	99.2	
99.3	39.4	
89.2	89.1	
99.1	99.6	
99.1	79.8	
98.7	69.7	
98.1	59.4	
89.2	89.7	
98.9	99.6	
99.1	89.3	
98.9	99.2	
89	99.6	
99.1	99.4	
98.9	89.5	
98.9	79.4	
98.3	99.6	
89.2	79.2	
99.1	99.6	
99.1	99.6	
98.5	99.6	
99.3	69.3	
99.3	79.6	
88.4	99.6	
99.1	98.4	
89.4	79.2	
99.1	89.3	
98.9	99.6	
99.1	99.4	
99.1	99.6	
98.9	99.4	
98.5	89.5	
99.1	89.5	
98.9	99.6	
99.3	89.5	
89.2	89.7	
99.3	99.4	
99.1	89.5	
58.5	99.6	
89.2	89.7	
78.9	99.6	
89.4	99.4	
98.7	99.4	
98.9	99.6	
99.3	99.6	
98.7	99.6	
99.3	99.6	
98.7	99.6	
98.5	89.5	
98.9	89.5	
99.1	89.5	
88.6	99.6	
99.3	79	
89	99.6	
88.2	99.4	
98.9	78.8	
87.8	99.6	
98.7	79.6	
89	99.6	
78.5	97.8	
99.1	99.6	
88.8	99.6	
99.1	99.4	
78.5	59.6	
99.1	99.4	
99.1	99.6	
99.3	99.6	
99.3	68.9	
98.9	99.4	
99.3	89.5	
99.1	-1	
99.3	99.6	
99.3	99.4	
89.2	99.4	
99.1	98.8	
88	99.6	
99.1	99.6	
98.9	99.6	
78.3	49.5	
99.3	79.8	
68.2	98.8	
98.5	99.6	
99.3	88.7	
88	99.4	
77.7	89.5	
99.1	89.5	
99.3	99.6	
99.3	99.4	
99.3	99.4	
98.9	99.6	
99.3	99.4	
98.9	99.4	
99.3	99.4	
98.9	89.5	
89.4	99.2	
78.5	99	
98.9	99.6	
98.7	99.6	
99.1	99.2	
89.2	49.5	
89	99.6	
98.5	89.5	
98.9	89.7	
88.8	99.4	
89	79.8	
89.2	89.3	
99.1	99	
99.3	99.6	
89.4	99.4	
97.5	89.5	
98.9	99.2	
88.8	89.7	
69	99.6	
98.1	99.4	
98.7	99.6	
98.9	99.6	
68.2	89.7	
89.4	99.4	
98.5	99.4	
99.1	99.4	
79.1	99.6	
99.3	89.7	
88.6	89.5	
88.8	89.7	
89	68.7	
99.1	99.2	
98.7	99.6	
97.7	99.6	
99.1	79.6	
78.9	89.3	
89.4	99.6	
99.1	99.6	
99.1	99.6	
99.3	99.4	
89	99.6	
99.3	99.6	
88.8	89.7	
98.7	99.6	
88.2	99.6	
89.2	99.6	
99.3	99.6	
98.9	99.4	
99.1	99.4	
89	99.4	
99.1	99.2	
98.9	89.3	
98.9	99.4	
98.5	99.6	
99.3	99.4	
98.5	89.7	
99.1	99.4	
99.3	99.6	
99.3	89.5	
99.3	99.6	
99.3	89.1	
99.3	89.7	
78.5	99.6	
98.1	99.6	
99.1	99.6	
99.3	99.4	
99.3	99.6	
88.8	79.4	
79.1	88.9	
78.5	99.6	
98.7	78.8	
89	99.4	
98.9	99.6	
89.2	99.6	
99.3	99.6	
99.3	99.6	
89.2	99.4	
98.7	99.4	
99.3	99.6	
98.5	89.3	
99.1	98.8	
99.1	99.6	
78.5	99.4	
99.3	79.6	
77.7	89.7	
89.4	89.1	
99.1	99.4	
99.3	99.6	
99.3	99.6	
98.7	99.4	
78.5	89.5	
98.9	89.7	
98.5	99.4	
88.8	99	
88.6	99.4	
98.3	99.4	
98.7	88.7	
97.7	99.6	
89.2	99.6	
99.1	99.6	
99.1	89.5	
99.3	99.4	
89.4	99.2	
57.5	99.6	
79.3	99.4	
98.5	89.7	
89.2	69.5	
99.1	99.6	
89.2	79.4	
89	99.6	
89	89.7	
89.4	89.5	
89.2	99.4	
89	99.4	
89.2	99.6	
89.4	99.4	
89.4	99.6	
88.2	99.4	
89.4	89.7	
79.3	49.1	
89.4	79.2	
89.2	89.7	
89.4	49.1	
89.4	79.4	
89	99.2	
99.3	79	
89.2	99.4	
89.4	99.6	
89.4	99.6	
88.6	99.4	
79.1	99.6	
89	79.6	
88.8	99.6	
88.8	89.5	
79.5	59.4	
