46	-322.4	
-16	-433.5	
34.5	-72.9	
68.4	79	
99.3	-42.4	
78.3	-61.6	
53.9	-102.2	
45	58.8	
96.9	59.2	
86.8	39.2	
97.9	47.3	
96.7	48.5	
98.5	59	
97.1	68.9	
55.7	57.8	
64.4	-13.7	
77.9	89.1	
66.6	59.2	
97.7	89.1	
69.4	68.7	
51.3	27.7	
98.5	27.9	
89.4	18	
88	68.1	
88.6	79.4	
88.6	68.3	
98.7	88.7	
87.8	97.4	
50.9	49.3	
95.5	28.3	
87	59.4	
98.9	97.8	
78.5	69.7	
88.6	14.5	
99.3	86.1	
97.9	87.7	
88.4	99.2	
78.1	72.2	
88.2	19.2	
98.9	75	
98.7	98.8	
89	32.2	
88.6	20.5	
88.4	94.8	
98.7	5	
98.5	70.6	
98.5	55.2	
76.1	47.3	
88.4	-25.2	
96.3	89.3	
98.9	28.3	
78.1	98.2	
93.7	63.7	
88.6	55.2	
97.5	87.1	
87.2	87.9	
99.1	97	
98.9	79.6	
99.3	67.5	
88.8	76.6	
77.3	96	
89	62.3	
99.3	74.4	
97.7	86.9	
98.5	79.4	
66.4	33.4	
95.7	57	
86.4	42.1	
98.1	97.6	
75.3	87.5	
74.3	12	
99.1	98.8	
88.6	78.8	
89.2	87.1	
98.7	99.2	
89.4	69.5	
77.9	74.6	
88.2	64.5	
97.9	46.1	
88.8	59	
84.8	69.1	
78.7	98.8	
74.5	98.6	
88.2	99	
99.1	78	
99.3	58.4	
83.6	88.9	
88	88.7	
84	99	
99.3	98.6	
89	98	
97.5	99.4	
65.8	54.6	
70.7	67.3	
88.4	88.7	
97.9	98.6	
97.7	69.1	
96.1	96	
76.7	88.7	
78.5	99.4	
74.3	79	
96.9	99.4	
98.1	68.7	
81.6	79	
86.4	89.3	
77.7	99.4	
98.9	87.3	
56.7	79	
87	98.6	
92.7	89.1	
99.1	88.5	
88.6	98.8	
98.3	89.1	
85.4	98.8	
77.1	99.4	
89.4	88.7	
98.1	88.9	
99.1	98.8	
84.4	99.2	
76.3	99.2	
93.5	89.5	
72.3	89.3	
98.3	69.1	
97.7	99.2	
87.8	99	
94.7	99.4	
98.9	98.6	
86.4	98.4	
87	69.3	
77.5	88.7	
78.1	88.9	
98.5	99.2	
98.3	99.2	
99.3	98.2	
88.2	99.4	
88.8	99.2	
98.1	88.9	
96.9	99	
98.9	98	
98.5	88.5	
99.3	99.6	
98.9	98.8	
98.9	98.4	
98.9	68.7	
99.3	89.5	
98.1	99.2	
97.9	99.2	
89	-2.2	
98.1	89.3	
97.7	98.6	
88.6	99.4	
98.3	98.6	
98.1	99.2	
55.9	99.2	
98.3	99.2	
99.1	88.9	
98.1	98.6	
98.3	99	
98.5	89.1	
98.7	89.1	
98.9	98.8	
78.7	38.8	
77.5	99	
89.4	89.1	
88.8	98.6	
88	99.2	
98.1	88.9	
98.5	98.2	
98.9	79.4	
98.3	99.6	
98.9	88.1	
69.2	9.3	
98.9	98.8	
98.1	99.4	
88.4	89.1	
98.7	98.8	
78.7	99.4	
88.8	89.5	
78.9	89.5	
88	59.2	
78.7	98.8	
68.2	99.6	
89	89.5	
89.4	88.7	
99.1	88.7	
89.2	79.2	
99.3	99.6	
97.7	99.4	
79.3	69.5	
89.4	99.2	
99.3	99.4	
88.2	89.3	
99.1	99.6	
89	79.4	
79.3	88.3	
88.4	88.7	
99.3	99.6	
89	99.6	
99.3	99.6	
99.1	99.2	
88.6	79.2	
78.5	89.3	
89	99.6	
98.9	99.6	
89.2	89.5	
88.4	99.2	
98.9	69.1	
98.7	99.6	
88.6	99.2	
99.1	89.5	
89.2	68.7	
99.3	79.2	
88.8	89.5	
79.1	99.4	
67.4	99.4	
98.5	89.3	
96.9	88.9	
88.6	69.1	
98.9	99.6	
99.3	99.6	
99.3	99.6	
98.1	98.8	
99.1	98.8	
99.3	89.5	
99.1	98.8	
98.5	78	
99.1	89.3	
99.1	99.6	
99.3	99.6	
98.9	99.2	
99.3	99.6	
88.6	99.4	
99.3	78.2	
89	69.5	
99.1	99.6	
98.9	99	
88.4	89.5	
89.4	99.6	
98.9	99.2	
98.3	98.8	
89.2	19.6	
88.6	99	
99.1	99.6	
99.3	99.6	
99.3	89.7	
98.5	79	
99.3	99.6	
99.1	99.4	
98.9	68.9	
99.3	79.4	
99.3	99.4	
98.9	99.4	
98.5	49.7	
98.3	88.3	
89.4	99.2	
99.3	99.4	
88.8	89.1	
98.9	88.3	
88.2	99	
99.1	79.4	
98.9	89.3	
99.3	99	
98.7	99	
98.9	99.4	
99.3	79.6	
88.6	99.4	
79.5	89.5	
58.7	88.5	
88.8	98.6	
98.5	79.8	
89.2	79.2	
98.9	99	
57.5	99.6	
89.4	99.4	
98.9	99.2	
88.2	89.3	
99.3	99.6	
99.1	78.4	
98.7	89.5	
89.2	88.9	
78.5	89.1	
98.7	99.4	
99.3	89.1	
89.2	99.2	
99.1	99	
98.7	99.6	
89.2	58.4	
98.5	59.2	
98.9	69.1	
99.3	89.5	
78.7	88.5	
98.5	99.2	
88.8	99.6	
98.5	99.6	
88.2	89.5	
89.2	99.6	
99.3	99.6	
89.2	99	
89	89.1	
89.2	89.1	
99.1	89.1	
98.5	89.1	
99.1	89.1	
98.9	99.6	
98.3	99.2	
78.5	69.3	
99.3	99.6	
88	99.6	
99.3	99.4	
88.8	99.6	
88.8	88.7	
99.1	99.6	
78.9	89.1	
88.8	99.6	
88.2	99.6	
99.3	98.4	
99.1	99.6	
98.9	99.6	
89	99.6	
99.1	99.6	
98.5	79.4	
99.3	99.4	
99.3	79	
88.6	89.3	
99.3	88.5	
98.7	99.4	
78.1	99.2	
99.3	99	
99.3	88.5	
78.9	89.7	
99.1	99.4	
98.9	89.1	
98.5	99.2	
98.9	89.3	
88.8	99.6	
79.3	99.6	
88.8	99.4	
98.9	99.4	
98.9	89.7	
99.1	99.6	
98.5	99.4	
99.3	99.6	
98.7	79	
98.9	99.6	
99.3	99.4	
99.3	99.4	
98.3	99	
88.8	89.5	
99.3	99.2	
89.4	79.4	
98.9	88.9	
98.9	99.6	
89.2	99.2	
99.3	88.9	
98.9	99.6	
98.9	99.4	
99.1	99.6	
99.1	79.2	
88.6	99	
77.9	99.2	
99.1	99.6	
99.1	89.3	
99.1	99.4	
99.1	99.6	
99.3	99.6	
99.1	99.4	
89	89.7	
98.5	99.4	
98.7	99.6	
99.1	89.5	
89.4	99.4	
89.2	99.4	
88.8	99.4	
99.3	99.2	
89	99.6	
99.1	99.4	
78.7	89.3	
88.6	99.2	
99.1	99.4	
99.3	98.6	
88.6	99.2	
99.3	98.2	
99.3	99.4	
78.1	99	
99.1	99.2	
99.3	99.6	
89.2	79.2	
99.3	99.6	
99.1	99.2	
98.7	89.7	
98.7	79.6	
98.9	99	
67.8	99.6	
98.9	89.7	
99.1	99.6	
99.1	68.9	
88.8	89.5	
98.7	89.5	
99.1	99.6	
79.1	79.2	
68.8	99.6	
99.3	88.9	
99.3	99.6	
99.3	99.4	
98.9	99.4	
99.3	59	
98.9	79.6	
89	89.7	
98.9	99	
99.3	89.5	
99.3	89.7	
99.1	99.6	
89	99.4	
68.8	99.4	
88.4	89.7	
89.2	99.6	
99.1	68.9	
98.9	99.6	
98.9	99.6	
88.4	49.5	
88.8	99	
98.7	89.3	
98.7	79.2	
99.1	89.7	
99.3	99.6	
99.1	99.4	
57.9	99.4	
97.9	99.6	
99.3	89.1	
78.5	99.4	
89.2	89.3	
98.9	89.5	
89.4	89.7	
89.4	99.6	
98.9	99.4	
98.5	89.7	
98.9	99.6	
99.1	49.3	
89.2	99.2	
89	89.3	
99.3	79	
98.7	99.6	
98.9	89.7	
88.4	88.3	
99.3	99.6	
98.7	99.2	
89	99.2	
98.9	89.7	
99.3	99.4	
89.4	99.2	
89.2	99.2	
78.3	99	
98.7	99.4	
99.3	99.4	
99.3	89.3	
99.3	99.6	
88.6	99.6	
79.3	99.6	
78.9	89.5	
99.1	99.4	
99.1	89.3	
88.8	99.6	
78.5	99.6	
98.1	89.7	
99.3	99.2	
98.1	99.6	
98.9	99.4	
89	99.4	
99.3	88.9	
99.3	99.2	
99.3	99.2	
99.3	99.6	
98.3	99.6	
88.6	99.4	
99.3	89.5	
99.3	99.6	
89	99.2	
99.3	99.4	
58.5	99.6	
99.3	99.2	
87.8	78.6	
57.9	89.5	
48.2	99.4	
99.3	99.6	
88.2	88.1	
67.6	78.4	
89.4	99.4	
98.3	99.6	
99.3	99.2	
88.6	89.7	
88.2	99.6	
99.1	58.8	
99.3	99.2	
78.9	99.4	
98.9	69.1	
78.3	89.5	
98.9	89.7	
88.2	99.6	
99.1	99.6	
78.5	99.6	
