-37.4	-591.9	
-26.6	-433.5	
88.4	-442.6	
88.2	-22.4	
53.5	-356.9	
87.6	9.1	
89.4	-94.5	
53.3	-126.4	
87.6	99.4	
98.7	-132.5	
97.5	39.2	
68	49.3	
34.5	6.9	
66.2	66.1	
78.7	39.2	
56	-11.3	
97.5	87.9	
66.6	27.3	
48.5	78.4	
75.8	-88.3	
69.7	71.4	
30.3	77.2	
66.2	86.9	
98.1	85.9	
82.6	78.6	
56.3	86.1	
88.4	99.2	
99.3	98.6	
86.6	88.7	
74.3	98.8	
99.1	37.8	
72.5	89.3	
96.7	88.7	
87.2	38.6	
88.8	-74.9	
85	67.7	
97.5	99.2	
84.8	77.4	
77.5	67.5	
92.9	88.3	
86	55.6	
97.9	56.9	
64.4	86.7	
77.3	21.9	
75.1	87.7	
98.1	99.4	
77.9	98	
86.4	99.2	
98.9	46.5	
97.1	84.3	
96.5	87.5	
98.9	98.4	
98.7	88.3	
78.5	-21.5	
98.9	72.8	
95.5	55.9	
89	59.2	
98.9	88.3	
95.9	89.1	
73.1	59.4	
86.6	88.5	
95.3	77.6	
89.2	79.2	
98.5	67.3	
97.5	99.2	
87.6	99.6	
83.8	-23.2	
97.3	99.6	
88.8	98	
79.3	58.4	
89.2	98.2	
97.3	89.3	
98.7	89.1	
89.2	89.1	
79.1	88.9	
98.7	79.4	
88.4	88.5	
97.5	89.3	
99.3	89.3	
88.2	99.4	
98.9	99	
98.7	99.6	
99.1	99.6	
99.3	89.1	
98.9	99.6	
98.9	99.2	
98.3	78.4	
97.7	59	
98.7	99	
88.8	79.2	
98.9	79.2	
89	99	
89.2	57.8	
86.8	99.6	
97.7	99.4	
88.6	99.6	
98.7	68.9	
97.7	99.4	
87.6	89.1	
97.3	59.2	
78.5	99.4	
78.9	99.4	
68.2	89.7	
88	99.2	
76.7	99.6	
88	79.2	
98.5	78.8	
87.6	99.2	
86.8	89.5	
75.3	99.4	
89	99.2	
98.5	99	
88.2	79	
98.9	99	
88.4	79	
97.5	-12.3	
96.5	89.3	
88	39	
89	89.1	
98.9	99.2	
97.7	89.5	
78.1	79.2	
98.7	99.6	
63.8	99.6	
97.7	99.4	
88.4	99.6	
89.2	99.6	
88.2	99.6	
99.1	99.4	
67.6	99.6	
74.3	89.5	
88.8	89.7	
98.9	89.7	
78.5	99.2	
88.4	89.3	
85	99.6	
98.1	79.6	
88.2	99.4	
98.5	89.5	
97.9	99.4	
99.3	99.2	
98.7	99.6	
88.8	99.4	
85.2	99	
94.9	99.6	
89.2	89.5	
89.4	88.9	
88.4	88.9	
73.3	57.6	
88.6	59	
79.5	99.6	
95.1	99	
98.7	39.2	
87	59.4	
87.8	99.6	
88.6	99.6	
77.5	99.4	
98.7	79.6	
68.6	79.2	
88.4	99.2	
86.6	99.4	
67.6	89.3	
88.8	99.4	
88	68.9	
99.1	29.5	
96.5	69.3	
99.1	99.6	
99.3	99.2	
86.8	88.9	
93.9	99.2	
78.7	99.6	
88.2	78.8	
99.3	89.5	
68.5	79.2	
79.6	99.2	
75.7	99.6	
98.9	99.4	
67.2	79.2	
96.9	89.5	
87.2	79.8	
87.4	79.4	
98.3	79.6	
97.9	79.4	
88.6	68.9	
89	59	
98.9	79.2	
99.1	99.4	
98.9	78.8	
98.5	48.5	
99.3	88.9	
89.2	99.6	
99.3	99.6	
78.3	99.6	
98.3	88.7	
98.9	57.8	
88.4	79.2	
95.5	99.2	
87.6	99.6	
96.3	99.6	
89.2	89.1	
78.5	99.4	
97.5	99.6	
88.4	99.6	
98.9	89.7	
87.8	99.6	
97.3	99	
97.1	79.6	
88.4	88.9	
87.2	89.5	
96.3	99.6	
97.9	99.4	
98.3	99.6	
87.4	99.6	
98.7	69.7	
77.5	98.2	
99.1	99.4	
88.8	88.3	
99.1	99.6	
88.8	99.4	
98.5	89.3	
99.1	99.6	
99.1	99	
99.3	88.7	
99.3	78.8	
88.6	59.2	
98.9	99.6	
98.9	99.6	
98.9	99.4	
88.6	88.9	
98.7	89.5	
78.9	89.7	
76.9	99.4	
98.9	89.5	
98.7	89.1	
98.5	99.4	
88.2	99.4	
98.9	99.6	
99.3	89.5	
88.8	99.6	
98.1	89.5	
89	99.4	
98.1	79.4	
77.9	99.6	
98.7	99.6	
99.3	99.2	
88.6	99.2	
87.6	99.4	
88.6	79.2	
98.9	99.6	
98.9	79.4	
99.1	99.4	
98.9	99.4	
95.7	98.6	
88.8	19.2	
98.9	89.5	
88.8	99.4	
89	99.4	
68	67.9	
87.4	99.6	
78.7	88.7	
89	99.6	
98.9	99.4	
99.1	69.1	
88.6	99.6	
89	99.6	
98.7	99.4	
87.8	99.2	
98.9	99.6	
98.1	98.4	
88.2	99.6	
98.7	99.6	
88.8	79	
99.3	89.3	
98.7	89.1	
98.9	79.2	
98.5	78.8	
78.3	99.2	
89.2	99.6	
78.3	99.6	
98.9	89.5	
99.3	99.6	
47.6	98.6	
98.5	99.6	
68.4	79	
78.1	79.2	
98.9	99.6	
88.6	99.2	
87.6	89.5	
97.9	99.6	
99.3	99.6	
98.9	97.6	
99.1	68.9	
88.4	99.6	
99.3	79.8	
78.3	99.2	
86.8	78.8	
98.9	99	
88.8	99	
99.1	99.6	
97.7	99.6	
98.7	99.2	
89.2	89.5	
88.6	39.4	
89.4	99.6	
99.3	89.1	
98.9	79.2	
78.9	89.5	
98.1	89.7	
57.1	99	
98.7	88.3	
99.1	99.4	
99.1	99.4	
89.2	89.7	
89.4	99.6	
89.4	99.4	
88.8	99.6	
99.3	99.6	
97.9	49.1	
99.3	89.3	
98.9	99.4	
89.2	99.4	
98.9	98.8	
98.3	39.6	
99.3	89.3	
99.1	99.4	
88.8	79.6	
88.6	99.4	
98.7	99.2	
99.3	99.2	
98.5	99.6	
99.3	69.7	
99.1	99.4	
79.3	99.2	
99.3	99.6	
68.6	89.1	
89.2	79	
98.9	99.6	
88.6	99.4	
87.6	99.6	
99.3	89.7	
98.9	99.6	
88.8	99.6	
87.4	99.2	
98.9	99.4	
98.9	99.6	
88.8	99	
78.9	89.5	
98.9	99.6	
98.5	89.5	
98.9	69.3	
99.1	89.3	
88	99.6	
78.1	99.4	
97.9	99.6	
88.8	99.6	
87.8	99	
98.7	69.5	
99.1	88.9	
89.2	99.6	
98.9	89.3	
98.7	89.5	
88.6	79.2	
69.2	89.5	
88.8	89.5	
89	98.8	
89	99.4	
98.7	49.3	
99.1	99.6	
88.6	99.4	
77.7	89.5	
98.7	89.3	
89	99	
78.7	99.6	
97.9	89.3	
88.6	89.3	
89.2	19.2	
99.3	89.1	
98.3	99.6	
98.5	89.1	
87.2	89.3	
98.7	99.4	
88.4	99.4	
98.9	99.4	
79.1	79.4	
99.1	99.4	
87.8	89.1	
88.6	99.4	
98.5	79.4	
98.9	68.3	
98.9	79	
69	89.5	
99.1	99	
98.9	99.4	
88	89.3	
99.3	79.4	
97.9	99.6	
99.1	99.6	
98.5	99.4	
68.2	79.2	
99.3	89.5	
89	99.2	
78.5	99.4	
99.3	99.6	
99.1	99.6	
97.7	99.6	
98.9	99.6	
99.1	99.4	
99.1	89.3	
89	99.4	
87.6	99.6	
98.7	99.4	
99.1	99.6	
98.1	99.4	
69.2	99.6	
88.8	99	
99.1	99	
98.7	89.3	
98.5	99.6	
88.8	99.2	
98.5	89.1	
89	99.4	
89.2	99.6	
99.1	88.7	
88.6	99.6	
99.3	99.4	
98.5	89.7	
88.6	89.5	
98.9	99	
89	99.6	
78.7	99.4	
89.2	99.6	
98.9	99.6	
97.5	89.5	
99.1	99.6	
98.5	98.6	
98.1	28.7	
98.5	79.6	
99.1	99.4	
88.8	99.2	
89.2	99.4	
88.8	99.6	
99.1	99.4	
58.9	89.3	
98.9	99.6	
88	38.6	
78.1	58.8	
88.8	99.6	
88.2	99.6	
89.2	99.6	
88.6	68.7	
78.5	99.6	
89.2	99.4	
99.1	79	
99.1	79.4	
88.8	98.8	
89.4	49.1	
99.1	79.4	
88	59.4	
89	69.7	
89.4	79.2	
88.6	99.6	
88.8	99.6	
98.5	99	
88	99.4	
78.1	99.2	
99.3	99.2	
78.5	99.6	
98.9	99	
98.9	99.6	
79.1	99.6	
89.2	98.2	
99.1	88.9	
99.3	99.4	
87.8	99.6	
89	67.9	
98.7	99.6	
96.7	79.2	
99.3	99.2	
98.1	99.4	
98.9	99.4	
89.2	99.6	
99.1	89.5	
99.1	99.6	
98.9	99.6	
89.4	99.4	
88.8	99.6	
99.3	99.4	
99.1	39.2	
78.5	99.6	
68.6	89.3	
88.6	89.3	
98.9	89.3	
97.9	89.3	
99.3	89.7	
99.3	99.2	
89.2	99.6	
88.8	89.5	
89.2	89.1	
89	99.2	
89	99.6	
