-15.4	-42.6	
97.9	-84.4	
44	29.5	
98.5	58.6	
44.4	67.9	
88.8	96.8	
88.4	58.2	
88.2	49.5	
89.2	58.8	
78.7	89.3	
62.2	88.9	
89.9	88.7	
76.5	59.2	
95.3	99.2	
95.3	89.7	
99.3	49.5	
99.3	99.6	
89	99.6	
89	98.8	
99.3	99.4	
95.3	99.4	
89.2	69.5	
64.8	99.4	
89	99.6	
89.2	99.2	
88	99.6	
74.9	99.4	
98.7	99.6	
99.3	99.2	
88	99.2	
99.1	99.4	
88.4	99.2	
99.3	89.5	
89.2	99.6	
98.9	99.6	
98.9	99.6	
88.8	89.5	
99.3	99.2	
99.3	49.3	
99.1	59.6	
99.3	99.6	
98.7	79.6	
88.8	99.4	
99.3	59.2	
99.3	69.3	
97.9	99.4	
98.7	89.1	
98.7	99.6	
99.1	99.6	
89	79.6	
99.3	79.6	
89.2	99.4	
99.3	99.2	
88.2	99.6	
88.6	88.9	
99.1	99.6	
98.7	99.4	
98.9	99.4	
99.1	99.4	
99.3	99.6	
99.1	89.3	
99.1	99	
78.3	99.6	
98.5	99.6	
89.2	99.2	
98.7	99.4	
99.1	98.8	
98.9	99.6	
88.6	89.7	
99.3	99.6	
99.1	99.4	
88.6	99.4	
77.7	99.2	
98.9	99.6	
79.1	68.1	
99.1	99.6	
98.9	99.4	
99.1	99.6	
98.9	89.5	
98.7	99	
99.1	99.6	
88.4	89.7	
99.3	99.4	
88.8	99.2	
89	89.5	
98.9	89.3	
97.7	89.1	
99.1	99.6	
87.4	99.6	
99.3	99.4	
89.2	99.6	
99.1	89.5	
88.6	99.6	
99.1	99.6	
99.3	99.6	
99.1	99.6	
88.6	99.4	
89.4	79.6	
98.7	99.4	
99.3	99.4	
99.1	99.2	
89	99.6	
88.6	99.6	
98.1	99.4	
99.1	99	
98.7	89.5	
88	89.1	
98.7	99.6	
99.1	99.4	
89.2	99.4	
98.1	99.6	
89.2	99.4	
86.4	99.4	
87.2	59.4	
88.6	99.2	
89.2	89.5	
99.3	99.6	
77.9	99.2	
99.3	89.3	
77.7	99.6	
99.3	89.1	
88.6	99.4	
98.9	99.6	
99.1	99.2	
99.3	89.3	
98.3	69.5	
99.3	99.6	
88.8	99.4	
78.3	99.2	
98.9	99.2	
99.3	99.6	
98.5	99.6	
98.9	89.7	
99.3	99.4	
98.9	99.4	
89.2	79.6	
99.3	89.5	
99.1	89.7	
98.5	99.6	
88.4	99.6	
98.9	99	
99.1	99.6	
79.3	99.6	
99.1	99.6	
98.3	99.6	
98.7	98.6	
99.3	99.6	
99.3	99.6	
98.9	99.6	
98.9	99.2	
99.3	89.1	
98.9	99.4	
99.1	99.2	
99.1	99.2	
89	79.6	
99.1	99.4	
99.1	99.4	
98.7	99.6	
99.3	99.4	
89.2	89.3	
98.7	99.2	
98.3	89.3	
98.7	99.2	
99.1	89.3	
89.4	99.6	
89.2	99	
99.3	89.5	
98.9	69.1	
99.1	89.3	
89.2	99.6	
99.3	99.4	
98.9	99.6	
99.3	99.4	
89	99.6	
68	99.6	
68.6	99	
99.3	99	
89.4	99.6	
99.1	88.9	
98.9	99.4	
88.6	99.6	
78.5	79.4	
99.1	99.6	
87	99.6	
99.3	79.4	
99.1	99.4	
99.1	99.6	
89.2	99	
98.7	79.2	
99.1	99.6	
98.1	99.6	
99.1	99.6	
99.1	99.6	
99.1	79	
98.9	99.4	
89	99.6	
98.7	99.4	
78.5	89.3	
99.1	98.8	
89	89.1	
99.3	99.6	
89.2	99.6	
89	99.6	
99.3	99.6	
99.1	99.6	
99.3	89.1	
99.1	99.4	
99.3	99.6	
88.8	99.6	
98.7	99.2	
89.2	99.6	
99.1	89.5	
98.9	99.6	
99.1	89.7	
99.1	99.6	
98.9	99.4	
99.3	99.6	
98.9	99.6	
98.9	89.3	
88.8	59	
99.1	99.6	
98.9	89.5	
89	99.6	
99.1	79.4	
98.7	99.6	
99.3	99.4	
99.1	99.6	
88.8	89.3	
99.3	99.2	
99.3	99.6	
99.3	99.4	
99.3	99	
98.9	99.6	
99.3	99.6	
88.6	99.6	
88.2	89.7	
99.1	99	
88.8	99.4	
78.9	99.6	
68.6	99.2	
98.5	99.6	
89.2	99.6	
98.3	99	
98.1	99.4	
89.2	99.6	
88.6	99.6	
98.5	99.6	
99.3	99.6	
97.9	79.4	
89.4	89.7	
98.7	99.6	
99.3	99.6	
89.2	69.3	
99.1	99.4	
89	99.4	
89.2	89.5	
99.3	99.6	
98.9	79.4	
98.7	99.4	
97.9	89.7	
88.6	99.4	
98.9	89.7	
88.6	99.6	
99.3	99.4	
98.5	89.3	
98.7	89.7	
99.3	99.6	
79.1	89.7	
88.6	98.2	
99.3	99.4	
99.1	99.6	
98.7	89.5	
89	99.6	
98.5	99.4	
99.3	99.6	
99.1	99.2	
99.3	99.2	
87.8	89.3	
99.1	99.6	
98.9	99.6	
99.1	89.7	
99.3	89.7	
98.5	89.7	
99.3	79.4	
98.7	99.6	
99.1	99.6	
89.4	99.4	
78.9	99.6	
99.1	99.6	
99.1	89.7	
99.1	99.4	
98.5	99.6	
98.7	99.4	
89.2	99.4	
99.3	99	
99.1	49.3	
99.3	89.5	
88.8	89.7	
99.3	99.4	
88.6	59.2	
88.4	99.2	
99.1	99.6	
98.9	89.3	
99.3	79.4	
97.9	79.6	
88.6	89.7	
99.3	99.6	
88.4	79.6	
79.3	99.6	
98.9	79.6	
98.9	99.4	
88.8	99.6	
98.3	99.6	
89	99.6	
98.9	99.6	
88.8	99.6	
89	99.4	
98.5	99.6	
97.7	99.4	
88.8	89.1	
98.5	99.6	
99.3	99.6	
99.1	99.2	
99.3	89.5	
68.6	99.6	
99.3	99.6	
99.3	99.6	
89	99.6	
89.2	89.5	
99.3	99.6	
68.6	99.6	
89.2	99.6	
88.4	79.4	
98.9	99.6	
98.7	99.6	
98.7	99.4	
99.1	99.4	
88	99.6	
99.1	99.6	
99.3	99.2	
98.7	99.6	
99.3	99.6	
89	88.9	
98.7	99.6	
99.3	89.5	
99.3	99.6	
99.3	99.4	
98.5	98.8	
99.1	99	
78.5	89.7	
99.1	99.2	
98.9	99.6	
98.9	99.6	
98.7	99.6	
99.3	99.6	
98.3	89.1	
99.1	99.6	
98.9	99.2	
99.3	99.6	
99.3	89.5	
98.9	99.4	
89.4	89.3	
99.3	99.6	
98.7	99.6	
99.1	99.4	
88.6	99.6	
98.7	99.4	
89.4	89.5	
99.3	99.4	
99.3	69.5	
99.3	99.4	
98.9	99.6	
89.2	99.4	
98.9	79.4	
99.3	68.3	
98.5	99.4	
89	99.4	
99.1	99.6	
99.1	99.6	
99.1	99.6	
99.1	99.6	
98.9	99.6	
98.9	99.4	
99.1	99.6	
88.8	99	
98.7	99.6	
99.1	99.4	
98.5	99.4	
89.4	89.5	
98.7	99.6	
88.2	98.6	
88.6	89.5	
99.1	89.7	
89	89.3	
88.8	99.6	
89.4	99	
89	89.3	
98.9	99.4	
99.1	99.4	
98.9	89.5	
99.3	99.4	
89.4	99.6	
97.3	89.5	
89.2	99.6	
99.1	99.6	
99.3	99.6	
99.3	99.4	
99.1	99.6	
99.3	89.1	
89	99.4	
99.1	89.5	
99.1	99.4	
69	99.6	
99.3	89.3	
98.9	89.5	
79.3	89.5	
99.3	89.7	
99.3	99.6	
98.9	99.6	
98.9	89.7	
89.4	99.6	
99.3	99.4	
79.3	99.4	
98.5	99.6	
98.9	99.6	
78.7	89.7	
98.7	99.6	
88.8	99.2	
89	79.2	
89	99.6	
89.2	99.4	
78.5	89.1	
89	89.5	
98.9	99.6	
99.3	99.2	
89.4	99.2	
99.3	99.6	
99.1	99.6	
98.7	88.7	
99.3	99.6	
99.1	89.7	
99.3	98.8	
88.4	99.6	
99.1	99.4	
99.1	89.5	
99.1	89.3	
99.3	99.6	
99.3	98.8	
98.5	99.4	
88.4	99.4	
69	99.6	
98.9	88.9	
99.3	99.4	
99.1	69.3	
98.9	88.9	
99.3	99.6	
98.9	89.7	
99.1	89.7	
97.9	79.6	
99.3	99.4	
77.9	89.3	
88.8	79	
98.9	99.6	
98.9	99.6	
99.1	89.5	
99.1	99.6	
98.9	99.6	
99.3	99.2	
99.1	99	
89	89.5	
99.3	99.6	
88.8	89.1	
89	99.6	
99.1	99.6	
99.3	99.2	
89.2	99.6	
99.3	99.4	
98.9	99.2	
99.3	99.6	
99.3	99.6	
98.7	88.9	
99.1	99.6	
89	99.4	
99.3	99.6	
89	99.4	
98.7	89.5	
88.6	89.5	
89	99.6	
89.2	9.1	
89.2	79.6	
99.1	99.4	
89	89.5	
88.8	99.4	
89.2	89.5	
89.2	99.2	
89	79.8	
59.1	99.6	
98.9	98.8	
79.3	99.6	
99.1	99.6	
