32.7	-141	
47.6	49.3	
32.5	69.3	
78.9	29.5	
86.6	89.1	
87	88.9	
96.7	89.5	
68.4	89.3	
88.6	39.2	
97.7	89.5	
99.1	69.3	
75.3	77.4	
99.3	99.4	
98.3	88.1	
24.6	97	
74.9	39.4	
87.2	28.7	
44.6	38.2	
83.4	55.4	
72.5	89.3	
-49.8	78.4	
83.4	68.7	
62.8	99.2	
86.6	99.4	
89	99	
45	99.4	
88.8	88.1	
88.4	99.6	
97.3	99.4	
88.4	98.8	
91.7	99.4	
88.4	99.4	
98.5	99.6	
98.9	99.2	
98.5	89.3	
99.3	79.2	
88.8	99.4	
98.7	89.1	
79.1	98.8	
88.6	99.6	
87.8	99.2	
79.1	99.4	
78.5	79.4	
89.2	99.4	
75.9	98.8	
57.9	69.1	
99.1	99.2	
56.3	89.1	
89.2	89.7	
83.2	99.6	
96.7	89.5	
88.4	39	
72.3	99.4	
85.6	89.1	
86.6	69.1	
92.3	99.6	
87	89.7	
85.2	89.5	
88.6	69.5	
89.4	99.6	
98.1	99.6	
72.5	58.6	
99.1	89.5	
79.1	89.1	
97.9	99.4	
87	89.3	
98.9	69.1	
95.7	88.7	
87.8	78.8	
87.4	99.4	
88.6	99.4	
89.2	89.7	
77.9	79.4	
88.2	89.3	
89.4	99.6	
78.1	89.5	
77.1	89.1	
75.7	88.9	
97.9	79.2	
87.8	88.1	
88.6	99.6	
88.2	89.7	
99.1	88.9	
83.6	99.2	
77.5	99.4	
98.3	99.6	
97.9	99.6	
78.1	99	
78.5	89.3	
89.4	99.6	
87.8	99.4	
98.9	89.5	
99.3	89.3	
88.8	88.5	
98.3	99.2	
99.1	99.2	
77.3	99.2	
99.3	89.5	
99.3	99.2	
68.4	99.4	
99.3	68.9	
56.9	99.6	
77.7	87.9	
88.4	78.6	
99.3	99.6	
98.3	98.8	
78.9	99.4	
98.9	99.6	
89.2	99.2	
98.5	89.1	
98.3	99.2	
98.7	98.4	
88.4	99.4	
88.2	88.7	
67.6	89.1	
99.3	98.6	
99.1	99.6	
99.1	99.6	
89.2	79	
89	89.5	
98.7	99.2	
87.8	99.4	
89	98.8	
98.9	49.1	
77.9	99.6	
98.1	69.1	
88.8	99.6	
99.3	99.6	
99.3	89.5	
98.9	89.5	
98.7	99.6	
88	99.6	
99.1	78.8	
98.9	79.2	
99.1	99.4	
78.9	99.6	
74.9	89.3	
98.7	99.6	
98.5	89.3	
99.1	99.6	
99.1	88.9	
97.9	99.6	
98.9	99.6	
99.3	98.8	
99.3	79.4	
98.7	79.4	
57.3	99.6	
98.9	99.6	
99.3	89.7	
98.5	89.5	
98.7	99.6	
99.1	99.6	
99.3	99.4	
99.3	89.5	
98.5	89.7	
89	99.6	
98.5	99.4	
99.3	99.6	
79.3	99.4	
99.3	99.2	
98.9	99.6	
89	98.6	
99.1	99.6	
58.5	99.4	
99.3	99.4	
98.3	99.6	
99.1	99.4	
99.3	99.6	
79.1	99.6	
97.7	99.4	
99.3	99.6	
99.1	99.2	
98.9	69.5	
89	99.6	
99.1	89.3	
98.7	89.7	
89	99.6	
99.3	99.6	
99.3	99.4	
98.9	99.6	
98.7	89.5	
67.6	99.6	
99.1	99.6	
99.1	99.4	
98.9	99.4	
99.3	79.6	
77.3	99.6	
98.9	99.6	
99.3	99.2	
88.8	99.4	
99.1	99.2	
99.1	99.4	
98.3	49.7	
88.6	89.5	
99.3	99.6	
99.1	79.4	
89.2	99.6	
57.5	99.4	
77.5	89.7	
87.6	89.7	
96.5	99.6	
99.1	99.4	
98.7	99.6	
98.7	99.4	
98.9	99.4	
78.3	89.5	
58.5	99.6	
88.8	89.7	
88.4	99.4	
77.5	99.4	
99.1	99.6	
88	79.2	
98.7	89.5	
78.1	49.3	
99.3	99.2	
79.1	99.4	
76.1	79.8	
88.6	79.2	
77.1	49.7	
98.9	99.6	
99.1	99.4	
99.1	89.5	
88.8	89.5	
77.9	99.4	
99.3	99.6	
98.5	99.2	
89	79.6	
89	99.6	
96.3	99.4	
88.8	99.6	
68.6	89.5	
89	99.4	
78.1	89.7	
99.1	79	
98.9	99.6	
98.7	89.7	
98.3	79.2	
99.1	89.7	
99.1	99.4	
87.4	99.6	
79.5	89.7	
88.6	79.8	
68	98.8	
98.7	89.1	
89.4	79.4	
99.1	99.6	
97.7	99.2	
98.5	99.6	
98.9	99.4	
98.9	89.5	
99.3	89.7	
99.3	99.4	
99.3	99.4	
98.1	99.6	
97.9	99.4	
98.3	99.4	
98.9	99.6	
98.5	99.4	
79.1	99.6	
99.1	99.4	
87.6	99.6	
89.2	99.6	
98.9	99.2	
98.7	99.6	
99.3	68.9	
66.6	99.4	
89.2	99	
88.4	99.4	
89.2	99.6	
88.8	99.4	
88.8	99.6	
88.2	99.6	
88	89.7	
98.5	99.6	
67.4	99.6	
97.9	99.4	
98.9	89.3	
89.4	99.6	
99.3	89.7	
98.9	99	
89	89.7	
99.1	89.1	
98.5	99.6	
99.3	99.4	
89.2	99.6	
69	89.3	
88.8	99.4	
89.4	99.2	
78.3	99.4	
89.2	99	
78.5	78.8	
88.4	69.5	
99.1	99.6	
98.5	78.8	
77.1	99.6	
68.4	99.4	
77.7	89.5	
88	99.4	
77.9	89.5	
98.5	99.6	
98.3	79	
86.4	99.2	
89.4	99.4	
98.7	99.4	
89	79.6	
89	99	
98.7	99.2	
98.7	99.6	
87.8	69.7	
88.6	89.1	
89.4	89.7	
79.1	89.7	
89.2	29.5	
99.1	89.5	
99.3	99.4	
98.1	99.4	
97.1	99.6	
78.3	99.6	
68.8	99.2	
99.1	99.4	
88.4	89.7	
89.4	59.8	
88.4	89.7	
79.1	99.2	
99.3	99.4	
78.9	99.2	
89.2	99.6	
77.7	99.4	
99.1	99.6	
98.9	99.6	
99.3	99.4	
98.7	99.4	
89.4	98.4	
99.1	79.2	
89	59.4	
79.1	99.2	
89.2	99	
98.5	89.1	
99.1	99.6	
97.9	99.6	
88.4	99.4	
99.1	48.5	
99.1	69.5	
98.3	89.7	
98.5	59.2	
89.4	99.6	
99.1	99.6	
79.1	99.6	
99.1	89.5	
69	89.3	
88.4	99.4	
99.3	89.1	
99.1	99	
89	99.6	
99.3	99.4	
98.9	99.4	
99.1	99.6	
98.3	99.6	
98.9	79	
99.1	99.6	
98.9	99.4	
99.1	99.4	
89.2	99.6	
99.1	99.2	
97.7	99.4	
88.6	99.4	
78.3	99.2	
89	69.7	
88.2	69.3	
99.1	99.2	
97.3	99	
88.6	59.6	
98.9	99.2	
98.9	99.6	
78.9	99.6	
98.9	99.6	
99.1	78.6	
89.2	99.6	
98.9	99.6	
78.3	99	
99.3	99	
68.8	99.6	
98.7	99.6	
98.9	89.7	
99.1	79	
57.7	99.6	
79.1	99.4	
98.5	88.9	
99.1	99.6	
68.8	69.1	
98.7	99.4	
88.6	99.6	
68	99	
99.1	89.5	
88.8	99.6	
99.1	69.5	
98.5	99.6	
99.1	99.6	
68	99.6	
88.2	99.6	
98.5	89.5	
78.3	99.6	
97.7	99.6	
88.2	99.6	
99.1	99.4	
88.6	99.6	
88.4	99.4	
98.9	99.6	
99.3	99.4	
98.9	99.6	
89	99.6	
89	99.4	
89.2	99.4	
88.8	99.4	
99.3	99.2	
99.1	78.2	
89	89.5	
99.3	89.5	
68.2	99.6	
99.1	99.4	
98.1	98.8	
99.1	98.8	
89	89.3	
98.7	99.2	
98.9	99.6	
89.2	99.6	
98.9	99.6	
98.7	99.4	
88.8	49.3	
99.3	88.9	
68.4	99.4	
99.1	79.8	
99.3	99.2	
78.5	99.6	
98.5	99.4	
89.2	99.6	
99.1	89.5	
89.4	89.5	
99.3	79.4	
88.8	99.6	
98.9	99.4	
98.3	98.6	
79.5	89.7	
98.9	79	
78.5	99.6	
89.2	99.6	
99.1	99.4	
98.9	99.4	
88.6	99.4	
98.9	99	
99.3	89.5	
68.6	99.6	
99.1	49.3	
89.4	89.3	
98.7	99.6	
98.9	99.2	
88.6	99	
68.6	99.6	
98.3	99.2	
99.3	48.9	
89.2	99.6	
99.3	99.6	
98.5	89.5	
99.3	99.2	
78.1	98.8	
98.9	99.4	
99.1	99.6	
88.8	99	
88.2	99.4	
98.1	99.6	
69	99.2	
99.1	99.6	
88.6	79.6	
98.5	99.4	
89	99.4	
87.8	69.7	
88.4	99.4	
99.3	99.4	
99.3	99.6	
99.3	99.6	
99.1	99.6	
89	98.2	
98.5	99.6	
99.1	99.6	
99.3	99.6	
99.3	99.4	
78.9	39.2	
89.2	99.4	
99.1	99.4	
79.1	99	
77.9	89.3	
97.9	89.3	
99.1	99.2	
99.3	99.6	
89	79.4	
98.7	79	
98.5	99.4	
99.3	99.6	
99.3	89.5	
88.8	99.6	
