76.5	-181.4	
11.7	-161.2	
99.3	29.3	
99.3	68.9	
88.6	39	
97.5	29.1	
78.7	49.3	
89.2	89.7	
77.7	48.7	
98.1	27.9	
98.9	48.7	
99.1	79.8	
88.2	69.7	
98.1	97.8	
77.7	88.5	
99.1	88.7	
98.7	78.8	
99.1	89.7	
99.3	89.1	
89	89.7	
99.3	79.6	
99.3	89.7	
79.1	89.7	
99.1	89.7	
99.1	89.7	
99.1	59.6	
98.9	79.6	
98.7	69.3	
89	89.7	
92.3	59.6	
98.9	89.7	
99.1	89.7	
97.7	99.6	
99.3	99.6	
88.8	89.7	
98.7	89.7	
99.1	89.7	
99.1	59.2	
99.3	89.7	
99.3	89.3	
79.1	89.7	
99.1	89.5	
79.1	99.6	
99.1	89.7	
98.7	89.7	
98.9	89.7	
98.9	89.7	
89.4	89.7	
99.3	59	
99.3	79.4	
97.7	89.5	
99.3	89.7	
98.7	89.3	
99.3	79.4	
98.9	69.5	
99.3	89.1	
98.9	79.6	
99.3	89.3	
99.1	69.7	
99.3	89.7	
88.4	79.6	
98.7	89.7	
99.1	89.7	
99.1	99.6	
99.1	89.7	
99.3	89.5	
98.9	89.7	
99.3	89.5	
89.2	79.6	
99.3	89.7	
89	89.7	
88.2	89.7	
98.7	79.4	
89	89.7	
99.1	89.7	
89	89.3	
89.2	89.7	
99.1	79.6	
99.1	89.7	
99.3	89.5	
99.1	89.5	
89.2	89.7	
99.3	79.4	
99.1	89.7	
98.9	89.7	
89.2	89.7	
89	89.3	
99.3	79.4	
99.3	89.7	
98.9	89.7	
98.9	99.6	
98.3	89.7	
98.9	69.7	
99.3	89.7	
98.5	89.7	
99.3	89.7	
98.1	89.7	
99.1	89.7	
98.3	89.5	
99.3	69.5	
99.3	89.7	
99.1	79.6	
98.7	89.7	
98.9	89.7	
98.9	89.5	
99.1	89.7	
99.3	89.7	
98.5	89.7	
99.3	89.7	
98.9	89.7	
98.3	89.7	
99.3	89.5	
98.5	79.6	
99.1	89.5	
99.3	89.7	
88.6	79.6	
98.9	79.4	
99.1	89.5	
98.9	89.7	
89.2	89.3	
79.1	69.7	
98.7	89.5	
89.4	79.6	
99.1	89.7	
99.1	89.7	
98.5	89.7	
89	79.4	
99.1	89.7	
98.7	89.7	
99.3	89.5	
88.6	89.7	
98.1	79.4	
98.9	89.7	
99.1	89.7	
98.3	99.6	
99.1	89.7	
99.1	89.5	
99.3	89.7	
99.3	89.7	
99.3	89.7	
98.5	89.7	
99.1	59.4	
99.3	89.5	
89.2	69.5	
99.1	89.7	
99.1	89.7	
99.1	89.7	
99.3	89.7	
98.9	89.7	
98.9	89.7	
88.8	69.7	
98.7	89.7	
99.1	59.6	
99.1	89.7	
98.9	99.6	
98.5	79.6	
98.7	89.5	
99.3	89.7	
99.1	89.5	
99.3	89.7	
99.3	89.7	
88.8	89.5	
98.9	89.7	
99.3	89.7	
98.1	79.6	
98.3	89.5	
99.3	89.7	
99.3	89.7	
98.9	89.7	
98.7	89.5	
99.1	69.3	
99.3	89.7	
98.9	89.7	
99.3	89.7	
99.1	79.4	
98.9	79.6	
99.3	89.3	
98.7	89.7	
98.3	89.5	
98.5	69.3	
99.3	89.7	
99.3	79.6	
89.2	89.7	
99.3	89.7	
99.3	79.6	
98.9	59	
99.3	89.7	
99.1	89.7	
99.1	89.7	
89	59.4	
99.3	79.6	
89.2	79.4	
99.3	89.7	
98.3	89.5	
99.3	69.7	
99.1	79.6	
98.5	99.6	
88.8	89.1	
98.9	89.5	
98.5	79.6	
98.9	89.7	
99.3	89.7	
98.7	79.6	
98.9	89.7	
98.9	89.7	
99.3	79.8	
99.3	89.5	
97.9	99.6	
99.1	89.7	
88.8	89.7	
99.3	89.7	
99.1	89.7	
98.3	99.6	
99.3	79.4	
98.3	79.6	
99.1	89.7	
99.3	89.7	
99.1	89.7	
99.3	99.4	
99.1	89.7	
98.5	89.7	
99.1	69.7	
89.2	89.7	
99.1	69.7	
98.9	89.7	
98.9	79.8	
89.2	89.7	
99.1	99.4	
99.3	79.6	
99.3	89.7	
99.1	89.7	
99.3	89.7	
99.1	89.7	
89	89.7	
88.8	89.7	
99.3	59.2	
78.9	89.5	
99.1	89.7	
88.8	89.7	
99.3	89.7	
98.7	99.4	
98.9	89.7	
98.7	89.7	
99.3	89.7	
99.1	89.7	
98.7	69.7	
99.1	99.6	
99.3	89.7	
98.9	89.7	
99.1	99.6	
98.9	89.7	
89.4	89.5	
99.3	89.5	
89.4	79.6	
98.5	89.5	
98.7	89.5	
99.3	89.7	
99.1	79.6	
99.3	89.7	
99.3	69.3	
99.3	89.7	
99.1	89.7	
88.6	89.7	
98.7	69.5	
98.1	89.7	
99.1	89.7	
99.3	89.7	
98.9	89.7	
98.7	89.7	
98.7	79.6	
99.3	89.7	
98.9	89.7	
98.9	79.8	
99.3	89.7	
99.3	89.7	
89	89.7	
99.1	48.3	
89.2	89.5	
99.1	89.7	
99.3	89.5	
98.3	49.5	
98.9	89.7	
89	89.7	
98.9	89.5	
98.7	78.8	
98.9	89.7	
98.3	89.5	
99.1	89.7	
98.7	89.7	
88.8	89.7	
98.7	89.5	
99.1	89.3	
99.3	49.5	
88.6	89.7	
99.3	89.5	
99.3	79.6	
98.9	89.7	
89.4	58.8	
99.3	79.8	
98.9	89.5	
99.1	89.7	
99.1	89.7	
98.9	89.7	
79.1	89.5	
99.3	89.7	
99.1	89.7	
99.3	89.5	
98.9	79.4	
98.9	89.7	
99.3	79.6	
99.1	59.2	
98.7	89.7	
98.9	89.7	
89	89.7	
79.3	89.7	
99.3	89.5	
88.6	79.4	
99.1	79.6	
99.3	89.7	
88.8	69.5	
99.1	89.7	
99.3	89.7	
89.2	89.7	
99.3	89.7	
99.3	59.4	
99.3	89.7	
99.3	89.7	
99.1	79.6	
89.2	89.1	
89	89.3	
99.1	89.7	
99.3	89.7	
99.1	89.5	
98.9	89.7	
99.3	59.2	
99.3	89.7	
98.9	69.7	
99.3	89.7	
88.8	79.6	
99.3	89.5	
99.1	89.7	
99.3	89.5	
99.3	89.5	
99.3	89.7	
99.3	89.5	
88.8	89.7	
99.1	89.7	
97.9	89.5	
99.3	59.4	
89.2	79.8	
99.3	89.7	
98.9	79.6	
98.7	89.5	
99.3	89.5	
99.3	89.7	
99.1	79.6	
99.1	79.6	
99.3	89.7	
98.9	89.7	
99.3	89.7	
99.1	89.7	
98.3	89.7	
98.5	89.5	
98.9	89.7	
99.3	89.7	
98.7	89.7	
99.3	89.7	
98.9	89.7	
98.9	89.5	
98.9	89.5	
89	68.9	
99.1	89.7	
99.3	99.6	
99.1	99.6	
99.3	89.7	
98.9	89.7	
99.3	79.4	
87.8	89.7	
77.3	89.7	
98.9	89.7	
99.1	89.5	
99.1	89.7	
89	89.5	
99.1	89.7	
99.1	89.7	
99.3	89.5	
98.9	89.7	
99.1	89.7	
88.8	79.2	
98.5	89.7	
99.3	89.7	
98.5	89.5	
99.3	89.7	
89	89.7	
98.7	89.7	
99.1	99.4	
99.3	89.7	
99.3	89.5	
99.1	69.3	
98.5	89.7	
99.3	89.5	
99.1	89.5	
99.1	89.7	
99.1	69.7	
99.3	79.8	
99.3	89.7	
99.3	89.7	
99.3	89.7	
98.7	89.7	
99.3	99.6	
98.5	89.7	
99.3	69.7	
99.1	89.7	
99.3	89.5	
99.1	89.7	
99.1	89.7	
99.3	99.6	
78.7	89.7	
99.3	69.7	
99.1	89.3	
98.7	89.5	
98.9	99.2	
99.3	89.7	
99.3	89.7	
78.1	89.5	
99.1	89.7	
99.3	89.7	
99.3	89.7	
89.4	99.6	
98.5	49.7	
89.4	89.5	
99.1	89.7	
99.3	89.7	
98.7	89.7	
99.1	89.7	
89.4	89.7	
98.9	69.7	
99.3	79.6	
99.1	99.6	
99.3	89.5	
79.1	99.6	
99.3	99.6	
99.3	99.4	
99.1	99.4	
99.3	79	
99.3	99.6	
99.1	99.6	
98.9	89.5	
98.5	99.6	
89.4	99.6	
99.3	99.4	
88.8	99.6	
99.3	99.4	
98.1	89.5	
99.3	89.5	
99.1	99.6	
98.9	99.6	
99.3	99.6	
98.9	59.8	
99.3	99.6	
99.3	99.6	
99.3	99.6	
99.3	99.4	
99.1	99.6	
99.1	99.6	
99.3	99.4	
98.7	99.6	
99.3	99.6	
98.9	79.2	
99.3	99.6	
98.9	99.6	
99.3	89.7	
99.3	79	
98.7	79.6	
99.3	79.6	
89.4	89.7	
98.9	99.4	
89	89.5	
99.3	89.7	
99.3	79.8	
99.3	89.7	
98.9	89.7	
99.3	79.6	
99.3	89.7	
99.3	89.7	
99.3	89.7	
99.3	89.3	
99.1	89.7	
98.9	89.7	
99.1	89.7	
98.9	79.4	
99.3	89.7	
89.2	89.7	
98.7	79.4	
98.9	89.3	
99.3	89.7	
99.1	89.7	
99.3	79.8	
99.1	89.7	
99.3	89.3	
