87.2	-81.2	
-7.1	9.3	
97.1	-21.2	
87.8	-256.1	
75.5	19.4	
88.4	49.7	
87.8	49.5	
98.9	29.7	
95.9	49.5	
78.3	69.3	
87.2	9.1	
88.8	59.2	
97.5	79.6	
98.5	36.4	
98.5	68.3	
99.1	98.2	
98.5	99.2	
99.1	87.9	
99.1	59.2	
98.9	59.4	
98.5	39	
89	69.1	
88.6	45.9	
81.2	56.8	
88	72.8	
88	58.2	
98.9	69.5	
89	88.3	
96.5	98.6	
89	85.7	
88.6	88.5	
98.3	82.7	
85.6	18	
74.9	95	
98.1	72	
98.5	97	
87.8	99.4	
99.1	70.6	
89.2	88.3	
97.7	98.4	
98.1	97.4	
98.9	98	
88.2	88.9	
98.9	98.4	
99.3	59.2	
99.3	79.4	
99.1	58.6	
99.3	89.1	
89	99.4	
99.1	99.2	
99.3	69.5	
99.3	99.2	
98.9	99.2	
98.9	89.5	
99.3	99	
98.5	88.7	
79.1	99.4	
78.9	99.4	
98.9	89.3	
98.9	99.4	
99.1	99.4	
99.3	79.6	
98.7	99.2	
98.7	99.2	
89.2	99.4	
99.3	99.4	
99.3	99.4	
99.3	89.5	
99.3	89.5	
99.1	99.4	
99.3	98.8	
99.1	89.5	
99.3	99.2	
98.1	98.8	
99.3	89.1	
98.7	99.2	
99.3	99	
98.9	88.9	
99.1	99.4	
99.3	99	
99.1	99.4	
99.3	99.2	
99.3	99.2	
99.1	99.4	
98.7	99.4	
99.3	99.4	
99.3	99.4	
99.3	89.3	
99.1	99.2	
99.3	99.4	
99.3	98.8	
99.3	99.2	
99.1	99.2	
98.9	99.2	
79.3	99.4	
99.3	99.2	
68.4	99.2	
99.1	99	
98.9	99	
99.1	89.3	
88.8	98.6	
89.4	99.4	
99.3	99.4	
99.1	99.4	
99.3	78.6	
99.3	99.4	
99.1	99.4	
99.1	99.4	
99.1	99.4	
88.8	99.4	
99.1	89.3	
99.1	99.2	
89.4	99.4	
99.1	99.4	
99.3	99.2	
98.9	79.2	
99.3	99.4	
99.3	99.6	
99.3	99.4	
99.1	99.2	
99.1	99.2	
99.3	89.5	
99.1	99.4	
99.1	99.2	
88.4	99.2	
99.1	89.5	
97.9	99.4	
99.3	99	
99.3	99.2	
99.1	99	
99.3	59.2	
89.4	99.2	
99.3	98.8	
99.3	99.4	
99.3	99.2	
98.7	89.1	
98.9	99.4	
99.1	99	
88.6	99.2	
99.1	99.4	
99.1	99.2	
79.5	88.9	
99.3	89.5	
99.1	99.4	
99.1	99.4	
99.3	99.2	
98.9	99.2	
98.7	89.3	
98.7	89.5	
98.9	89.1	
99.1	99.2	
98.9	99.2	
99.1	98.8	
99.3	99.4	
98.9	99.4	
99.1	99.4	
98.7	99.2	
99.1	99.2	
88.6	99.4	
99.1	88.9	
99.3	99.4	
89.2	99.2	
89	99.4	
88.4	68.7	
99.3	99.4	
88.6	99.2	
99.1	99.2	
99.3	79.2	
99.3	99.6	
98.7	99.6	
98.9	99.4	
99.3	89.5	
99.3	99	
99.3	99.4	
99.1	99.4	
99.3	99.4	
98.5	89.1	
88.6	89.3	
67.2	99.4	
99.3	89.3	
79.1	88.9	
99.3	99.6	
99.1	99.4	
99.3	99.2	
99.1	99.2	
99.3	89.3	
99.1	99.6	
89.4	89.3	
99.3	99.2	
99.1	99.6	
99.3	99.4	
99.1	79.4	
99.1	99.4	
98.9	99.4	
99.3	99.6	
99.3	99.6	
88.8	99.6	
99.3	99.2	
99.3	99.4	
98.5	79.6	
99.3	99.6	
88.8	99.6	
99.1	99.6	
99.1	89.3	
99.3	99.6	
99.3	99.6	
99.1	99.6	
98.9	99.6	
99.3	99.6	
99.1	99	
99.3	99.6	
88.8	99.6	
98.9	89.5	
79.1	99.4	
98.9	99.4	
99.1	99.6	
99.1	99.6	
98.7	39.2	
98.9	99.6	
99.1	99.4	
99.3	99.6	
99.3	99.4	
99.1	99.6	
99.3	79.4	
98.9	99.6	
99.3	99.4	
98.9	99.4	
99.3	99.6	
99.3	99.4	
99.1	99.6	
98.9	99.4	
99.1	99.6	
99.1	99.6	
88.8	99.6	
99.3	99.6	
99.1	99.6	
98.9	99.4	
89	99.6	
98.3	99.4	
99.3	69.1	
88.6	89.3	
99.3	99.6	
98.9	89.5	
99.1	99.2	
98.9	99.6	
99.3	99.4	
99.3	99.6	
99.1	99.6	
99.1	99.6	
99.3	89.7	
99.1	99.6	
78.9	89.5	
98.9	99.4	
99.1	99.4	
69	69.5	
99.1	99.4	
99.3	98.6	
89	99.6	
99.3	89.5	
98.9	99.6	
99.3	99.6	
99.1	99.4	
99.1	79.2	
99.1	99.4	
99.3	99.6	
99.1	99.6	
99.3	99.6	
99.3	99.6	
99.1	99.6	
98.7	99.4	
89	89.5	
98.9	89.5	
99.1	99.4	
88.8	99.6	
89.2	99.6	
99.3	99.4	
99.1	99.2	
99.3	99.4	
99.3	99.4	
98.9	99.4	
98.9	99.6	
98.9	99.6	
99.1	99.6	
99.1	99.4	
99.1	79.4	
99.3	99.6	
89.2	99.4	
99.3	99.6	
99.1	99.6	
98.9	99.6	
98.9	99.6	
99.1	89.5	
99.3	99.4	
89.4	99.6	
99.3	99.6	
98.5	99.6	
98.5	99.6	
98.9	99.6	
99.1	99.6	
89.4	88.9	
99.3	99.6	
99.3	99.4	
99.1	89.5	
99.3	99.6	
99.3	99.6	
99.1	99.6	
98.9	99.6	
98.9	99.6	
99.3	99.6	
99.1	88.9	
98.9	99.2	
99.3	99.6	
99.3	99.6	
99.1	89.5	
99.3	89.5	
88.6	99.4	
99.1	89.3	
99.3	79.2	
89.4	99.6	
99.3	89.5	
98.9	99.6	
89	99.6	
89.4	89.1	
99.3	99.4	
98.9	99.6	
99.1	99.4	
89.4	99.6	
98.9	99.6	
98.7	99.6	
99.3	99.6	
99.3	99.4	
99.1	98.6	
99.3	89.3	
98.9	99.4	
99.1	99.6	
89.2	89.5	
99.3	99.4	
89.2	89.1	
88.2	89.3	
98.9	99.2	
99.3	99.6	
88.6	99.4	
99.3	89.5	
98.7	99.6	
98.7	99.6	
99.3	99.6	
89.4	99.6	
78.9	89.3	
88.8	79.4	
99.3	99.6	
99.3	99.6	
78.7	99.2	
99.3	99.6	
99.3	99.6	
88.8	79.6	
78.9	99.6	
99.1	99.6	
88.8	99.6	
99.1	89.5	
98.9	99.4	
88.8	99.4	
99.3	99.6	
88.8	99.6	
99.3	89.1	
99.3	99.6	
98.7	99.4	
99.1	99.6	
79.3	99.6	
99.1	99.6	
89	99.4	
99.1	89.5	
99.1	99.6	
99.1	99.4	
98.9	99.2	
97.9	99.6	
98.5	89.5	
99.3	99.4	
99.3	99	
98.9	99.6	
89	99.6	
89.4	99.6	
99.3	99.4	
98.9	99.6	
98.7	99.2	
99.3	89.1	
98.5	99.6	
98.9	99.6	
99.1	79.6	
99.1	99.4	
99.3	99.6	
98.9	99.6	
99.3	99.6	
98.9	99.6	
98.9	89.5	
99.1	99.6	
99.1	99.6	
99.1	99.6	
89.2	99.2	
99.3	99.4	
89.2	99.4	
99.3	99.6	
99.1	99.6	
78.7	99	
79.1	99.6	
99.3	99.6	
99.3	99.6	
99.1	99.6	
98.9	89.3	
89	68.5	
99.3	99.6	
98.9	99.4	
79.1	99.4	
98.9	99.6	
99.3	99.2	
99.3	99.6	
88.6	99.4	
89.4	99.6	
99.3	99.6	
99.3	99.6	
99.1	79.6	
98.9	99.2	
99.3	99.4	
89.2	99.4	
89.2	99.4	
89	99.6	
99.3	99.4	
99.3	99.6	
89	99.6	
99.3	99.6	
98.9	99.6	
98.9	99	
99.3	69.5	
89	89.3	
99.1	99.4	
99.1	99.6	
99.1	98.8	
99.3	99.6	
99.3	99.6	
99.3	99.4	
99.3	99.2	
99.3	99	
99.1	99	
98.3	99.6	
88.6	99.6	
88.8	99.4	
99.3	79.2	
99.3	99.6	
99.3	99.6	
99.3	99.4	
98.9	99.4	
89.2	99.4	
98.9	59	
99.3	89.3	
98.7	99.6	
99.3	79.6	
99.3	69.3	
99.1	99.6	
99.1	99.6	
99.1	99.4	
99.3	99.6	
99.3	99.6	
89	99.2	
99.3	99.4	
99.3	89.3	
99.3	99.6	
98.5	99.6	
99.1	99.6	
99.3	99.6	
98.3	99.2	
99.1	99.6	
88.4	99.6	
89	89.5	
99.3	99.4	
99.1	89.7	
89.2	89.3	
99.3	89.3	
99.3	99.6	
99.3	99.6	
99.3	99.6	
99.3	99.4	
99.3	99.6	
99.3	99.6	
98.7	99.6	
99.3	99.4	
99.3	88.7	
98.3	89.5	
99.3	99.6	
98.3	99.6	
99.1	99.6	
99.3	99.2	
99.3	99.4	
89	79.2	
99.3	99.4	
99.3	99.6	
99.1	99.6	
88.6	99.4	
89.4	99.6	
89.2	99.6	
78.7	99.6	
99.3	99.6	
