-14.6	9.3	
46.2	38.6	
97.3	-12.5	
42.6	-62	
84.4	47.7	
67.2	18	
98.7	58.4	
64.8	89.3	
95.3	89.5	
98.7	89.5	
46.6	89.7	
67	77.4	
47.8	99.4	
97.3	97	
97.1	16.4	
88.6	-41.6	
79.1	-62	
97.7	88.9	
89.4	99.6	
98.9	99.2	
16.3	58.6	
98.3	88.9	
87.8	98.8	
67.4	79.8	
99.1	89.7	
66.4	88.1	
89	79.4	
76.1	98.8	
66.8	99.4	
98.3	99.4	
77.9	78.6	
97.9	98.4	
88.4	99.4	
88	99.6	
58.5	99.6	
98.1	89.5	
89	99	
78.9	88.9	
95.7	79	
87.8	99.6	
67	99.6	
67	99.6	
98.1	89.7	
46.4	79.6	
95.7	79	
88.4	89.3	
98.7	79.6	
98.5	89.5	
88.8	99.4	
87.8	98.4	
77.5	79.2	
98.9	89.1	
87	99	
98.5	99.2	
87.2	99.4	
79.1	88.9	
56.5	89.3	
99.1	99	
48	89.7	
57.3	98.8	
77.3	99.6	
98.9	89.7	
76.9	99.4	
89	99.2	
98.1	79.8	
98.3	89.5	
76.9	79	
88	78.4	
99.1	79.8	
96.9	68.3	
98.9	89.5	
99.1	98.8	
87.8	89.3	
67.4	89.3	
99.1	99.4	
89	99.4	
78.7	99.6	
68.6	29.1	
88.6	99.2	
48.6	99.6	
78.5	78.4	
97.5	89.7	
98.9	99	
84.2	69.3	
87.2	99.6	
57.7	88.9	
78.3	99.2	
48.4	89.3	
69.4	8.9	
86.4	8.9	
98.9	88.9	
77.9	89.1	
88.2	79.2	
78.3	99.2	
58.3	99.4	
68	79	
98.7	89.7	
99.3	38.6	
98.7	99.6	
98.9	89.3	
87.6	18	
89.2	48.7	
78.5	99	
98.3	99.6	
76.1	49.5	
78.9	79.8	
87.2	89.3	
76.1	79.6	
89.2	79.4	
88.6	99.6	
47.4	78.6	
96.7	89.7	
89	88.5	
79.1	89.7	
87.2	79.6	
88.8	98.8	
88.6	68.9	
68	89.3	
78.9	98.6	
97.5	88.9	
88.2	99.4	
88.6	89.7	
89.4	99.4	
68	99.4	
77.9	89.7	
88.4	89.5	
89.4	89.5	
88.8	28.7	
88.4	78.8	
65.4	99.2	
88.6	78.8	
88.2	99.6	
14.9	79.2	
58.7	99.4	
77.7	99.6	
96.3	89.5	
58.1	99.6	
25.4	78.8	
87.6	79.4	
89	69.3	
68	59.4	
55.9	77.2	
57.3	79.6	
88.2	89.3	
79.5	79.6	
98.1	99.6	
86	89.3	
76.1	89.7	
67.8	88.7	
99.1	99.4	
88.8	48.9	
57.3	89.3	
99.1	49.5	
68.6	59.4	
89.4	99.6	
98.7	79	
97.9	99.6	
89	89.3	
85.8	89.5	
98.9	99.4	
88.6	79.6	
87.4	89.5	
88	89.5	
89	79.4	
98.9	89.7	
95.5	99.6	
89	89.1	
77.9	88.3	
98.7	88.1	
78.1	68.9	
77.7	89.3	
47	49.5	
58.1	79	
99.1	89.3	
97.1	49.3	
86.8	28.5	
98.5	89.3	
27.6	99	
67	88.9	
77.9	99.6	
97.5	99.4	
98.1	99.2	
87	48.5	
67	88.1	
56.7	78	
77.5	99.2	
56.7	88.9	
88.6	68.9	
67.8	89.1	
97.9	89.5	
88.6	88.7	
89.2	99	
98.1	89.7	
89.4	89.3	
88.6	79.4	
78.5	99.6	
87.2	78.4	
76.9	89.5	
89.2	99.4	
99.1	98.8	
98.3	99.2	
68	99.4	
47.4	89.3	
99.1	99.6	
79.1	89.3	
88.6	99.2	
97.1	89.3	
98.9	89.7	
89	68.9	
88.2	89.5	
89	89.5	
96.9	68.7	
75.9	17.2	
99.3	99	
65.2	59.6	
99.1	99.2	
88.6	98.2	
64.8	99.6	
99.1	89.5	
36.5	99.2	
87.2	89.5	
57.1	88.9	
35.7	89.5	
87.2	59.2	
88.4	99.2	
88.8	78.8	
88.4	99.4	
98.7	89.5	
99.1	79.2	
89	99.6	
97.9	39.2	
26.8	79.4	
58.1	39.2	
77.5	79.6	
76.9	89.1	
77.5	88.7	
87.6	67.9	
46.8	99.2	
89.2	89.7	
98.9	89.5	
99.1	-63	
35.5	89.1	
88.6	88.9	
98.3	99.6	
86	89.1	
87.4	59	
97.5	98.8	
88	89.1	
48.8	78.4	
88.6	99.4	
89	98.2	
44.4	98.6	
88	89.5	
78.3	78	
89.4	89.5	
87.8	99.6	
88.4	98.6	
77.9	89.5	
89	99.6	
98.9	99.6	
77.7	88.9	
78.9	79.2	
97.7	69.7	
68	48.1	
98.3	89.3	
98.7	59.4	
78.9	-10.7	
77.9	67.9	
78.3	69.5	
46.6	89.5	
77.7	58.4	
99.1	88.9	
88.2	99.4	
98.7	58	
98.3	48.3	
98.3	68.1	
77.7	39.2	
99.1	29.3	
89	99.6	
67	88.9	
57.1	79.2	
77.1	79.2	
56.7	89.5	
78.1	99.6	
76.5	89.3	
88.2	48.3	
88.6	99.2	
98.1	79.4	
88.4	79.6	
89.2	99.6	
66.2	99.4	
57.7	99.4	
99.3	97.6	
47.8	88.5	
89.2	9.3	
36.1	19	
88.2	89.5	
44.4	88.9	
86.6	89.1	
98.7	-2	
87.4	89.7	
88.6	88.9	
98.9	68.7	
86.8	77.6	
98.7	68.3	
99.1	99	
78.5	88.9	
66.8	99.4	
87.8	99.4	
89.4	78	
58.7	99.6	
78.9	78.8	
88.8	79.8	
69	59.2	
98.3	79.2	
96.5	89.3	
95.7	39.2	
78.7	99.6	
88.2	79.4	
98.9	88.5	
77.7	79.8	
65.6	89.5	
77.7	78.6	
77.5	99.2	
78.5	88.9	
89	99.4	
89	78.2	
47.2	98.8	
98.7	99.4	
47.6	99.6	
77.9	99.6	
97.1	99.6	
78.5	79.4	
98.3	48.5	
88.4	69.3	
58.5	88.1	
87.8	89.3	
77.9	89.1	
68	68.5	
87	69.1	
78.5	48.9	
68.2	98.4	
98.7	69.7	
89	68.9	
98.9	99.6	
98.1	49.1	
78.9	87.7	
99.1	99.6	
78.5	99	
77.5	89.1	
88.6	17.4	
69.4	89.1	
89.2	99.2	
78.9	88.7	
88.2	99.2	
89	99.6	
88.2	99.6	
88.6	69.3	
88.4	79	
62.8	87.7	
88.8	99.4	
96.3	78.6	
87.8	79.6	
88	99	
98.5	79.4	
99.1	99.6	
96.9	89.7	
86.8	68.7	
65.8	99.4	
99.1	99.4	
47	89.5	
78.9	99.2	
89	89.5	
66.6	88.9	
78.5	68.5	
77.3	69.5	
89.4	79.2	
67.6	69.3	
84.2	89.7	
98.3	99.2	
97.7	89.5	
99.3	99.2	
98.9	99.2	
95.5	89.3	
76.5	89.3	
98.7	79.6	
77.7	89.7	
76.9	99.6	
78.9	99.6	
67.6	79.8	
88.8	69.5	
97.7	89.7	
78.5	49.1	
78.9	69.7	
68	79.4	
86.6	89.7	
88.8	89.7	
77.1	89.5	
46.8	79.6	
98.9	59	
67.8	99.6	
77.9	89.3	
87	99.6	
57.1	69.7	
98.3	98.2	
78.9	99.2	
47	88.5	
88.4	99.6	
98.7	99.6	
88.6	89.7	
79.5	99.2	
79.1	99.6	
98.7	79.4	
98.7	98.6	
89	99.2	
79.3	99.6	
88	79	
89.2	59.6	
76.5	88.1	
89.2	79.6	
78.1	89.5	
95.9	99	
79.5	99.6	
89.2	88.9	
99.1	89.5	
88.6	-11.5	
68.2	9.3	
79.5	89.3	
58.1	98.4	
87.2	99.6	
97.9	89.1	
78.3	38.2	
98.9	99.4	
98.3	99.6	
99.1	99.6	
89.2	78.8	
98.5	89.3	
79.5	79.4	
98.9	99.6	
78.7	99	
97.9	99.6	
98.5	99.4	
98.9	89.1	
78.3	-1	
68	49.5	
54.7	79.6	
89.4	89.7	
98.5	79.8	
88	79.4	
78.7	99.6	
78.5	89.3	
89	98.8	
96.9	99.6	
88.4	99.4	
98.5	99.6	
88.6	59.2	
36.5	79.6	
65.8	88.7	
88.2	99.2	
79.1	99	
78.5	98.8	
77.1	99	
87.4	-21.6	
89	99.6	
99.1	89.1	
96.7	99.4	
76.7	88.9	
57.7	99.4	
68	88.9	
98.9	59.2	
88.4	49.5	
88.8	99.6	
57.1	99.6	
98.3	99.6	
78.5	88.7	
88	99.4	
98.3	89.1	
79.1	99.2	
67.4	78.4	
89.2	99.2	
86.8	79.6	
98.7	39	
69.4	99.4	
78.5	99.4	
47.4	79.6	
99.1	88.9	
78.9	99.6	
99.3	79.6	
78.7	89.3	
99.3	57.8	
88	99.6	
68.2	89.3	
89.2	89.3	
47.4	99	
98.3	28.1	
78.3	99.2	
75.3	78.8	
44	8.7	
69	98.8	
68.6	99.4	
