36.1	-213.9	
99.1	-133.5	
89	68.7	
89.2	56.4	
56.3	-29.8	
97.9	97.8	
98.5	57.8	
99.3	18	
76.5	77.8	
99.1	-25.8	
99.1	18.2	
98.7	69.7	
98.9	78.4	
89	89.1	
99.1	49.7	
89.2	99.4	
99.3	99.6	
88.8	78.4	
57.9	99.4	
68.6	89.3	
87.4	89.1	
88	58.2	
88	78.6	
67.4	99.6	
78.1	99.6	
98.5	89.5	
98.7	99.6	
98.1	99.6	
98.9	99.2	
99.1	99.6	
99.3	88.3	
99.1	99.6	
88.8	89.5	
88.2	89.7	
78.1	89.7	
78.7	89.1	
98.3	89.7	
78.7	79.4	
99.1	79.4	
78.5	79.2	
98.7	99.6	
99.1	99.6	
78.1	79.4	
98.9	88.9	
89	88.7	
89	89.5	
97.1	79.2	
99.3	69.1	
87.4	89.7	
88.8	69.5	
87.8	98.8	
97.9	89.5	
98.9	78.8	
99.3	99.6	
88.6	78.8	
89	99.2	
97.7	89.1	
67.2	99.6	
98.9	99.2	
77.9	99	
34.9	99	
98.5	58.8	
98.1	99.4	
87.4	89.5	
65.6	99.6	
99.3	99.6	
88.6	99	
97.7	88.9	
98.9	69.5	
99.1	88.3	
69	99.6	
89.2	99.4	
88.4	99.2	
98.9	99	
98.7	89.5	
98.7	99.6	
88.6	99.4	
99.1	99.6	
98.7	99.2	
99.3	99.6	
88.4	79.4	
56.7	89.5	
99.1	79	
99.3	99.6	
88.8	99.6	
98.9	99.4	
78.9	99.4	
58.5	99	
94.7	88.7	
87.8	89.7	
98.7	99.6	
88.6	99.4	
86.2	99.6	
97.9	89.3	
89	99.6	
98.5	59.6	
99.3	99.2	
78.9	79.2	
97.3	88.5	
98.3	99.6	
99.3	99.6	
78.1	99.4	
99.1	99.6	
88.4	99.2	
99.3	99.6	
99.3	89.5	
87	99.2	
88.6	99.4	
98.5	89.3	
86.4	89.1	
48	99.6	
81.4	99.6	
99.1	99.6	
88.2	99.2	
89	99.2	
95.9	99.6	
98.7	99.4	
87.4	28.5	
99.1	99.6	
88.2	99.6	
98.9	99.4	
88.4	98.2	
99.1	99.6	
78.7	89.3	
88.6	99.4	
98.1	98.8	
98.7	99.6	
99.1	88.9	
88.6	69.5	
98.9	99.6	
89	89.5	
99.3	99.2	
98.5	89.1	
99.1	89.5	
98.3	79.2	
98.3	59.2	
88.2	89.5	
99.3	89.5	
79.3	89.5	
99.1	59.2	
98.5	99.2	
99.3	99.6	
99.1	89.5	
79.3	89.5	
79.1	89.5	
97.7	98.6	
89.2	88.7	
89	99.6	
98.5	99.4	
99.1	88.9	
89	99.2	
97.9	89.1	
88	99.6	
99.1	79.4	
98.7	99.6	
77.9	99.6	
99.3	99.6	
98.5	99.6	
89.4	99.6	
47.6	89.5	
98.5	99.6	
98.7	59	
88.8	99	
88.8	79.6	
98.9	79	
89	99.4	
98.1	79.6	
98.5	69.1	
99.1	69.3	
88.4	69.5	
99.1	99.2	
97.7	99.2	
99.3	88.1	
98.9	79.2	
88.8	78.8	
88.8	69.5	
89	48.9	
99.1	59.2	
89.2	58.4	
99.1	89.3	
98.7	89.5	
99.1	99.6	
86.6	89.7	
89.2	79.2	
98.9	89.5	
98.1	89.5	
89	89.7	
97.3	89.7	
99.1	99.2	
98.1	99.6	
98.5	89.3	
98.7	99.4	
89	89.5	
99.3	89.7	
98.5	89.5	
99.3	78.6	
88.4	79.6	
78.7	89.3	
99.1	89.5	
87.4	79.2	
89.2	89.5	
89.4	99.4	
97.1	88.9	
98.5	88.5	
98.5	99.4	
78.9	99	
98.9	79.4	
78.9	99.4	
84.6	99.6	
99.3	99.6	
67.8	99.4	
98.5	99.2	
98.9	18.4	
98.7	78.8	
98.9	99.4	
89	99.6	
99.1	99.4	
99.1	99.6	
99.3	99.6	
68.6	89.3	
78.3	79	
88.8	79.4	
98.5	99.6	
98.5	99.6	
69	89.3	
78.7	99.6	
89	99.2	
98.7	89.7	
98.5	99.6	
98.9	99.6	
99.1	49.1	
78.3	98.6	
98.1	99.6	
89.2	89.7	
99.1	69.7	
99.3	99	
89.2	89.7	
99.3	89.5	
87.2	89.7	
98.5	89.7	
99.1	89.7	
98.7	79.2	
58.9	79.4	
88	89.7	
78.7	99.6	
77.7	99.6	
78.1	79.6	
98.3	99.6	
99.1	89.3	
69.4	99.6	
99.3	99.6	
88.6	89.7	
99.3	89.5	
77.3	89.5	
87.6	99.6	
99.3	99.6	
97.9	99.6	
78.7	99.6	
89	99.6	
98.9	69.7	
98.7	99.2	
78.1	99.4	
68.2	99.4	
98.1	98.8	
98.7	89.5	
98.3	99.6	
77.3	79	
98.5	99.6	
96.9	99.6	
78.9	88.9	
99.1	99.4	
89.2	99.6	
98.9	69.3	
97.7	69.1	
99.1	99.2	
89.2	78.2	
98.3	79.2	
76.9	99.2	
87.8	79	
98.5	89.5	
98.5	79.8	
98.9	98.8	
88.6	89.7	
57.5	89.3	
89	99.6	
78.5	89.1	
99.1	99.4	
79.1	88.7	
89.2	68.9	
78.1	99.2	
89	99.6	
99.3	89.1	
98.5	99.6	
78.5	38.6	
26.4	68.3	
98.1	99	
88.2	99.4	
98.9	99	
97.3	99.4	
98.5	89.7	
96.7	99.2	
87.6	99.6	
77.9	79.4	
98.7	89.5	
87.4	99.6	
89.2	79.6	
88.6	79.2	
98.7	99.2	
98.5	99.6	
88.6	59.4	
89.2	89.3	
78.5	99.6	
78.1	89.3	
98.1	99.4	
98.7	99	
98.5	88.9	
98.5	89.5	
88.8	99.4	
98.7	99.6	
98.3	99.6	
68.2	89.5	
99.3	89.5	
98.7	99.6	
77.7	89.3	
98.5	98.8	
97.7	99.6	
98.5	99.4	
99.3	99.4	
88	79.4	
99.1	99.2	
98.9	99.4	
98.9	69.3	
89	89.5	
78.1	89.3	
97.3	99.6	
98.3	78.8	
98.9	89.5	
89.2	79.6	
98.5	89.1	
98.7	69.7	
78.1	99.6	
98.9	99.2	
89.2	99.6	
88.6	89.5	
89	99.6	
99.1	79.8	
99.1	99.6	
97.5	99.6	
88.8	99.6	
87.8	79.6	
68.8	88.7	
89	99.6	
98.3	69.3	
99.1	99.4	
98.5	98.8	
99.3	89.1	
98.1	69.5	
68.4	69.3	
78.1	99.6	
99.3	79	
58.7	88.5	
98.9	59.4	
98.9	99.4	
88.8	99.4	
68.2	99.6	
98.9	99.4	
99.3	79.6	
98.5	89.3	
99.1	69.7	
99.1	99.6	
99.3	89.3	
88.8	99.2	
79.3	99.6	
78.5	89.5	
78.9	89.5	
89	99.4	
88.4	98.6	
69	99.6	
99.3	79.2	
87.6	99.4	
99.1	99.2	
78.7	99.4	
77.7	99.2	
88.6	59.2	
99.1	97.4	
89	49.1	
88.8	69.3	
98.1	89.3	
88.2	99.4	
69	59	
57.7	79.6	
99.3	99.4	
98.7	99.4	
97.9	99.6	
89	99.4	
99.1	99.4	
67.8	99.6	
99.3	99.2	
99.1	99.6	
58.5	99.6	
98.9	89.7	
77.7	99.6	
88.6	78.4	
98.9	98.6	
98.1	89.1	
76.5	59.6	
89	88.9	
88.8	99.6	
88.2	99.6	
88	99.2	
67.6	89.1	
99.3	99.6	
98.9	99.4	
98.5	99.4	
89	99.6	
65.8	99.2	
88.6	79.4	
99.1	99.4	
77.9	99.6	
98.9	48.9	
99.1	99.6	
99.1	99.4	
98.9	99.4	
99.3	99	
88.6	89.5	
98.3	99.6	
99.1	99.6	
99.3	68.3	
99.1	99.4	
99.1	99.4	
98.3	89.5	
99.1	99.6	
56.1	99.6	
99.1	99.4	
97.9	99.6	
97.5	99.6	
98.9	99.4	
98.5	99.2	
77.7	99.2	
99.3	69.3	
67.6	98.4	
98.5	89.3	
98.5	99.6	
99.1	99.4	
98.9	99.2	
88.4	67.3	
99.1	58.4	
88.2	78.8	
98.5	59.4	
89	89.7	
99.1	89.3	
99.1	78.6	
98.7	99.6	
98.5	99	
88.8	99.6	
98.1	99.6	
89.2	99.4	
88.8	79.2	
98.9	99.4	
97.9	89.7	
99.3	99.6	
98.1	99.4	
45.6	99.6	
88	99.4	
78.7	89.1	
88.8	99.6	
99.3	79.8	
98.5	99.6	
99.3	99.4	
76.7	89.1	
86	99.4	
98.7	99.4	
98.1	89.5	
99.1	89.7	
99.1	99.6	
67.4	99.6	
88.2	99.6	
99.1	99.6	
88.6	99.6	
89.4	99.6	
99.1	99.2	
88.8	99.2	
89.2	99	
99.1	69.5	
98.7	99.6	
98.3	98.8	
99.1	89.1	
88.6	89.3	
88.4	99.6	
98.1	79.6	
78.7	98.8	
98.1	99	
98.9	98.8	
89.2	68.9	
89	99.2	
88.6	99.4	
89	98.8	
78.5	99.6	
98.3	99.2	
78.9	98.8	
