68	-141.4	
57.7	-131.5	
55.5	-42.2	
77.9	79.6	
97.7	36.6	
65.8	59.4	
77.5	59.4	
99.1	59	
96.5	36.6	
55.5	69.3	
97.7	86.5	
99.1	18.6	
88.4	23.7	
97.9	55	
88.2	38.8	
58.1	18.4	
79.5	75	
99.3	78	
98.1	68.5	
87.6	47.9	
58.5	65.7	
99.3	78	
89.4	36	
98.5	58	
89	28.2	
98.7	55.4	
99.3	83.9	
98.3	62.3	
88.8	98.6	
63.4	17.1	
72.7	18	
98.7	74.6	
96.7	77.4	
99.1	79.4	
89	28	
99.1	53.2	
89.4	80.7	
98.3	85.5	
99.1	89.5	
99.1	86.1	
88.8	-9.4	
99.1	98.8	
99.1	77.8	
99.1	78.6	
88.2	48.1	
87.8	59.2	
97.3	69.3	
98.1	54.2	
88.6	98.6	
98.3	56.6	
88.6	98.4	
99.3	96.8	
67	96.8	
88.6	47.9	
99.1	87.7	
89.4	98.2	
98.9	76.6	
78.9	78.2	
89.4	89.1	
99.1	66.3	
98.9	88.7	
99.3	98.8	
99.1	68.5	
98.1	99.4	
88.4	88.5	
99.3	89.1	
99.1	98.8	
89.2	79.4	
97.9	99.2	
98.5	68.5	
87.2	98.6	
98.3	99	
57.5	88.7	
87	69.5	
97.3	99.4	
99.3	99.4	
98.7	99	
88	89.1	
98.5	99.4	
98.3	87.3	
89	99.6	
98.9	99.6	
97.1	99.6	
77.1	89.3	
98.7	79	
97.5	99.6	
97.1	99.6	
99.1	89.3	
98.7	99.2	
77.3	68.7	
79.1	79.6	
99.3	99.4	
99.3	79.2	
99.1	99.2	
89.4	99.6	
99.3	89.3	
99.1	99.6	
89.2	78.8	
88.6	89.3	
89	99.4	
79.1	99.6	
98.9	99.4	
88.8	89.3	
67.4	89.3	
98.9	99.6	
78.3	99.6	
89	69.3	
89.2	99.6	
88.4	99.6	
98.9	99.4	
99.3	79.2	
98.9	99.6	
98.9	79.4	
98.9	89.5	
89.2	99.6	
89.2	99.6	
88.6	49.1	
88.2	99.2	
88.2	99.6	
98.9	79.4	
77.9	59.4	
89	99.6	
89.2	99.6	
98.7	89.5	
99.3	79.2	
98.3	99.6	
98.7	79.6	
88.4	69.3	
89.4	99.6	
98.1	39.4	
98.9	38.6	
89	99.6	
98.7	99.6	
98.1	89.3	
98.3	39	
88.4	99.6	
98.9	89.1	
88.8	99.4	
68	99.6	
88.6	89.1	
97.7	99.6	
99.1	99.6	
98.9	89.5	
88.4	79.2	
88.4	99.4	
98.7	99.4	
99.3	69.3	
88.8	99	
99.3	79.6	
98.7	99.6	
98.9	79.6	
99.1	99.6	
89	69.3	
88	39.4	
88	99.6	
98.3	99.4	
89	99.2	
67.6	99.2	
99.1	99.4	
99.3	99.6	
99.3	89.5	
99.3	59.6	
89	99.4	
88.6	99.6	
99.1	99.6	
88.6	99.2	
97.9	98.2	
98.7	99.6	
88.2	29.7	
99.3	99.6	
99.1	99.4	
99.3	99.6	
88	59	
99.1	-20.8	
88.4	99.6	
89.2	98.4	
99.1	99.6	
98.9	98.4	
67.6	99.6	
88.4	99.6	
77.7	99.4	
87.4	99.6	
98.9	-91.1	
98.9	99.4	
98.1	99.4	
99.1	99.6	
88.8	99.4	
97.9	99.4	
98.3	99.4	
88.4	99.2	
98.5	99.6	
99.3	99.4	
78.1	58.8	
88.8	99.4	
98.3	99.6	
99.3	99.4	
99.1	99.4	
99.1	99.2	
89	89.3	
98.7	99.4	
98.9	89.5	
98.9	99.6	
98.9	99.6	
98.9	99.2	
99.3	99.6	
98.7	99.6	
99.1	99.2	
98.1	99.6	
99.1	99.6	
98.9	99.4	
98.5	69.5	
98.5	89.3	
98.3	99.4	
89.4	89.5	
89	99.4	
78.7	79.6	
99.3	99.6	
98.9	99.6	
89.2	89.7	
89.2	99.6	
88.6	68.9	
99.3	89.3	
98.9	99.6	
99.1	89.5	
98.5	98.8	
98.9	99.4	
87.6	99.4	
89	99.6	
99.1	79.4	
88.4	99.6	
98.7	99.4	
89.4	78.8	
78.9	99.4	
98.3	99.6	
88.8	88.9	
98.3	99.6	
78.7	99.4	
88	99.4	
99.3	99.6	
89.2	99.6	
97.5	99.4	
89	99.6	
97.7	99.6	
98.3	99.4	
78.9	99.4	
78.1	79.2	
98.9	99.4	
77.7	68.9	
99.3	68.9	
99.1	99.6	
88.4	99.2	
98.7	99.4	
99.3	88.5	
97.9	99.6	
99.3	98.8	
98.7	99.6	
98.3	99.4	
99.3	99.6	
78.3	99.2	
78.3	99.6	
98.7	99.6	
98.9	99.6	
99.3	99.2	
98.9	79	
99.3	99	
98.5	87.9	
98.7	99.6	
88.6	99.6	
98.7	99.6	
78.1	99.6	
97.5	99.4	
99.1	99.6	
99.1	89.1	
99.1	89.7	
98.7	99.6	
99.1	99.4	
98.9	89.3	
99.1	99.6	
99.3	99.2	
98.7	89.5	
99.1	79.2	
89	99.6	
99.1	89.7	
99.1	99.6	
98.7	89.7	
97.9	99	
87.2	99.4	
98.3	99.4	
89	98.8	
98.1	99.6	
99.1	99.6	
98.5	99.6	
98.5	99.6	
98.7	89.7	
88.4	99.4	
98.7	99.6	
99.1	89.7	
89	99.4	
98.5	79.4	
99.1	99.6	
98.9	99.6	
88.8	99.6	
88.8	99.6	
98.7	99.6	
99.3	99.6	
98.1	99.6	
88.8	99.6	
99.3	89.3	
78.5	99.6	
98.3	89.3	
87.8	99.6	
98.5	99.6	
78.3	99.4	
88.6	99.6	
98.5	89.7	
99.1	99.4	
99.1	59.2	
98.1	99.4	
98.5	99.4	
77.3	99.6	
98.7	79.4	
79.1	99.6	
99.1	99.2	
99.3	99.4	
88.6	89.7	
98.1	99.6	
99.1	99.2	
99.3	99	
88.8	99.6	
98.9	89.5	
99.1	99.6	
98.9	89.1	
99.3	99.6	
88.6	99.4	
98.9	99.4	
99.1	99.6	
99.1	89.3	
78.5	89.1	
98.9	89.7	
98.9	89.1	
89.4	88.9	
99.3	89.7	
99.1	89.5	
99.1	99.6	
98.5	99.4	
88.8	89.3	
98.7	99.4	
99.3	89.7	
88.8	99.6	
88.8	99.4	
99.1	89.7	
99.3	99.6	
99.1	99.6	
88.4	89.5	
58.5	99.6	
98.5	99.6	
58.7	89.3	
98.3	99.4	
98.7	99.6	
98.5	98.6	
88.8	89.3	
99.3	99.6	
99.1	98.4	
78.3	59.2	
89.2	89.5	
79.1	89.3	
98.7	99.4	
89.2	79.4	
99.3	99.6	
98.7	89.5	
99.3	99.2	
99.1	89.5	
99.3	99.2	
98.9	38.6	
98.9	99.2	
89	89.5	
99.3	99.4	
98.7	99.6	
98.7	89.1	
89.2	99.6	
98.7	99.6	
88.8	99.6	
78.3	99.2	
98.7	99.6	
98.9	99.6	
98.3	39.4	
99.3	99.4	
99.3	99.6	
88.4	89.3	
77.1	99.6	
99.3	99.2	
99.3	89.5	
98.5	99.6	
68.4	89.7	
98.5	89.5	
99.3	89.7	
98.9	69.3	
78.1	99.6	
98.5	89.3	
88.8	8.9	
98.7	98.8	
89.4	99.4	
98.7	99.6	
89.2	89.5	
98.9	99.6	
99.3	99.4	
89	99	
98.9	99.4	
99.1	99.6	
98.1	59.2	
88	99.4	
88.4	99.4	
99.1	99.4	
78.5	99.6	
78.5	89.5	
88.2	89.3	
99.1	89.5	
99.3	99.6	
98.5	79.6	
99.3	99.6	
99.1	69.5	
88.6	89.7	
98.9	89.7	
88.6	99.4	
99.1	99.6	
98.7	99.4	
89	89.3	
88.4	98.8	
98.9	99.2	
98.3	99.4	
68.2	89.5	
98.3	79.6	
99.1	69.3	
98.9	88.9	
98.5	79.6	
98.9	99.6	
89	89.5	
99.1	99.6	
99.3	89.5	
98.3	99.6	
98.5	99.6	
98.7	98.2	
99.1	99.6	
99.1	59.2	
97.5	98.4	
98.7	99.4	
99.1	78.6	
98.9	99.2	
98.5	99.4	
88.4	99.4	
99.1	99.4	
99.1	99.6	
99.3	69.7	
98.7	99.4	
99.3	99.4	
98.9	79.2	
99.1	99.6	
89	99.4	
98.3	99.6	
99.1	89.5	
88.4	89.5	
98.9	99.6	
99.1	78.8	
88.8	-23	
99.1	99.4	
99.3	89.1	
89.4	99.6	
99.1	99.6	
98.1	89.5	
98.9	99.4	
99.3	99.6	
98.7	89.7	
98.7	79.6	
78.1	89.3	
88.2	99.6	
98.9	79.8	
99.1	99.6	
68.6	99.6	
99.3	89.7	
89.2	99.4	
98.7	99.6	
89	79.6	
99.3	99.6	
88.4	89.5	
98.5	99.4	
98.9	79	
99.1	98.4	
99.1	99.6	
99.1	99.2	
99.3	68.1	
88.6	99.6	
78.7	89.5	
89.2	99.6	
98.5	99.6	
98.7	99.4	
98.9	89.3	
99.1	99.2	
99.3	99.4	
99.1	99.6	
88.2	89.5	
