26.2	-141.6	
18.4	58.8	
74.5	88.9	
98.9	78.2	
61.8	-42	
77.5	69.5	
88	89.5	
48.1	88.9	
87.8	89.5	
98.7	79.4	
89.4	78.2	
98.1	89.3	
98.9	79.2	
88.2	88.9	
98.9	89.5	
97.3	89.5	
98.5	89.5	
79.1	89.5	
99.1	89.5	
99.1	48.9	
99.3	99.6	
98.7	89.5	
99.3	79.4	
88.8	89.3	
99.1	89.3	
98.9	99.6	
99.3	89.5	
98.9	89.5	
99.1	28.5	
88.2	48.7	
99.1	79.4	
99.1	89.3	
78.9	88.7	
99.3	89.5	
99.3	58.2	
98.9	89.1	
99.1	89.3	
99.1	89.5	
99.1	89.1	
98.7	68.5	
89	88.7	
98.9	89.5	
99.1	89.5	
88.8	99.6	
98.3	99.6	
98.3	89.5	
98.9	89.7	
98.7	99.6	
98.5	88.7	
98.5	58.8	
98.9	99.4	
99.1	99.6	
98.7	89.1	
99.3	99.4	
98.5	99.6	
99.1	79.6	
99.1	89.5	
99.3	99.4	
97.5	99.6	
99.3	79.4	
89.2	89.5	
98.7	99.2	
98.3	89.1	
97.5	79.4	
98.9	79.8	
98.7	89.7	
99.1	99.4	
99.3	99.6	
79.3	99.6	
98.5	89.7	
99.1	99.4	
99.1	99.6	
99.1	99.6	
99.3	99.2	
99.1	99.6	
99.1	89.7	
99.3	99.6	
57.5	89.1	
89.2	99.6	
99.3	99.6	
95.3	99.6	
99.1	99.4	
99.3	99.6	
89.2	99.4	
98.5	99.6	
99.3	99.6	
77.1	99.6	
84.4	99.6	
99.3	99.6	
98.9	89.5	
99.1	99.6	
98.5	99.4	
89	99.6	
99.3	99.6	
89	99.2	
98.9	99.4	
99.3	99.2	
99.1	99.4	
99.3	99.6	
99.3	89.5	
88.6	99.4	
99.3	99.4	
99.3	99.6	
98.9	99.6	
99.3	99.6	
99.3	99.6	
99.1	99.6	
99.3	99.6	
99.3	99.6	
98.9	99	
99.1	99.2	
99.3	99.6	
99.3	99.4	
76.3	99.6	
99.3	89.3	
98.7	99.6	
88.6	99.4	
99.1	79.2	
98.5	99.6	
99.3	99.2	
99.3	99.6	
99.3	99.4	
98.9	88.7	
98.9	99.6	
99.3	99.6	
98.9	99.4	
99.3	79.4	
88.2	99.6	
99.3	99.4	
98.5	99.2	
99.1	99.6	
99.3	99.4	
99.3	99.4	
99.3	99.6	
78.9	99	
99.3	79.6	
88	99.6	
99.3	88.3	
99.3	89.7	
89	99.6	
78.3	99.4	
99.1	99.6	
98.7	99.4	
99.3	99.6	
99.1	99.6	
99.3	99.4	
99.3	99.6	
99.3	79.8	
99.1	79.2	
99.1	89.7	
98.9	89.7	
99.1	89.5	
99.1	99.4	
99.3	69.7	
98.9	79.6	
99.3	99.6	
99.1	99.6	
99.3	89.5	
88.6	99.2	
89.2	99.6	
99.3	99.6	
98.5	99.6	
99.3	99.6	
99.3	99.6	
99.3	99.6	
99.1	99.6	
89	99.6	
99.1	99.6	
99.3	79.8	
99.1	99.6	
99.3	99.6	
99.1	99.6	
99.1	69.5	
97.9	99.4	
99.3	99.6	
98.9	99.6	
99.3	99.6	
99.3	99.6	
78.9	88.5	
98.9	99.6	
98.5	88.9	
78.7	99.6	
98.9	99.6	
99.3	69.5	
88.8	99.4	
89.2	99.6	
99.1	99.6	
88.8	99.6	
99.3	99.2	
99.3	99.2	
99.3	79.6	
98.9	99.6	
99.1	99.2	
99.3	99.6	
88.6	99.6	
98.9	99.6	
99.1	99.6	
99.1	99.6	
99.1	99.4	
78.5	99.6	
99.3	89.5	
99.3	99.4	
99.1	99.6	
99.3	99.6	
99.1	99.6	
99.3	99.6	
98.5	99.6	
99.1	99.4	
98.9	89.7	
89.2	99.2	
89.2	99.2	
88.8	68.7	
99.1	99.2	
99.3	99.6	
99.3	99.6	
99.3	98.6	
99.3	88.7	
99.3	99.6	
99.1	99.6	
99.1	99.6	
99.3	99.4	
99.3	89.1	
99.3	89.1	
99.3	89.7	
99.3	89.7	
98.9	99.2	
98.7	99.4	
98.1	79.6	
99.1	79.8	
98.9	98.8	
98.9	79.6	
89.2	99.6	
98.5	89.5	
89	99.4	
98.5	99.6	
99.3	99.6	
98.5	89.5	
98.7	99.4	
98.7	89.3	
99.1	79.6	
78.3	99.4	
99.3	89.7	
89	79.8	
99.3	69.3	
99.3	89.7	
89	89.7	
79.1	89.5	
98.9	89.3	
88.8	89.7	
99.3	89.7	
98.9	88.9	
89.2	78.8	
89.2	89.7	
77.5	89.5	
99.1	89.7	
98.9	39.2	
98.7	89.3	
88.8	89.7	
88.2	99.4	
88.8	79.2	
79.1	89.3	
99.1	89.7	
99.1	89.3	
99.3	99.2	
89.2	99.4	
88.8	99.6	
99.3	99.6	
87.4	99.4	
99.1	79.8	
98.7	89.5	
99.1	99.6	
99.3	99.2	
99.1	99.6	
98.9	79.6	
99.3	99.6	
98.9	99.6	
99.3	99.6	
99.3	99.2	
99.1	99.6	
98.5	89.5	
98.1	99	
99.3	99.6	
99.3	99.6	
99.1	99	
99.3	79.4	
98.9	99.6	
98.1	99.4	
89	99.6	
89.4	99.6	
99.3	99.6	
99.1	99.6	
99.1	99.6	
88.6	99.2	
98.7	99.6	
89	99.4	
88.2	99.4	
98.3	99.6	
99.3	99.6	
98.9	79.8	
99.1	99.6	
99.1	99.4	
89.4	79.8	
99.3	99.4	
88.8	99.6	
99.3	99.6	
99.3	99.4	
99.3	99.4	
89	89.5	
98.9	99.2	
99.1	99.4	
99.3	89.7	
99.1	89.1	
88.8	89.7	
99.3	59.4	
78.7	99.6	
98.9	79.6	
58.1	79.4	
98.9	99.6	
89.4	89.7	
98.7	89.5	
98.3	99.6	
89.4	99.6	
99.1	79	
99.3	99	
99.3	99.4	
99.1	99.6	
98.9	99.6	
98.7	99.2	
99.1	99.2	
47.6	79.8	
89.4	99.4	
97.9	99.6	
98.3	89.7	
99.1	99.4	
99.3	99.4	
99.3	99.6	
99.3	99.4	
89.2	99.2	
99.1	99.2	
98.5	99.6	
98.5	99.6	
97.9	79.4	
89.2	99.2	
99.3	99.6	
99.3	98.8	
99.3	89.5	
98.7	99.6	
98.7	98.6	
99.3	99.6	
98.7	99.6	
98.9	99.6	
99.3	99.6	
78.3	99.4	
89.2	89.5	
98.9	99.4	
99.3	99.4	
99.3	89.7	
89	99.4	
99.3	99.6	
79.1	99.6	
88.4	99.4	
88.6	99.6	
99.1	99.6	
98.9	99.4	
99.3	89.7	
98.7	88.9	
88.8	79.2	
99.3	99.4	
99.3	99.6	
99.1	99.6	
99.3	99.6	
99.3	99.4	
78.9	88.9	
99.1	99.6	
98.1	89.5	
88.8	99.6	
98.9	99.4	
99.3	99.6	
89.2	99.6	
99.1	99.6	
98.7	99.6	
99.3	99.2	
98.9	69.5	
98.7	99.4	
88.6	99.4	
99.1	99.6	
89.2	99.2	
98.5	89.3	
99.1	99.4	
99.3	99	
87.6	99.6	
99.3	99.6	
99.3	99.4	
98.9	99.4	
98.3	99.4	
97.5	99.6	
99.3	99.4	
89.4	99.6	
99.3	99.6	
98.7	99.6	
98.1	99.6	
98.3	99.6	
99.3	99.6	
88.8	89.7	
89.4	89.3	
99.3	89.1	
98.7	69.5	
99.3	89.7	
99.1	89.7	
88.4	89.7	
88.6	89.7	
89.2	89.7	
99.1	89.1	
88.8	99.6	
98.3	69.5	
87.8	79.8	
99.3	99.6	
89.4	99.6	
97.9	99.6	
88.2	89.5	
99.1	99.6	
99.3	99.4	
99.1	99.4	
99.3	99.6	
99.1	99.6	
99.3	99.6	
89.2	99.6	
99.3	99.4	
99.3	99.4	
98.7	89.5	
99.3	99.6	
99.1	99	
98.9	99.4	
89	99.2	
99.3	99.4	
98.9	99.2	
89	99.6	
98.3	89.3	
87.4	59.4	
98.9	79.4	
78.5	99.4	
89.4	99.6	
79.1	99.6	
88.2	99.4	
97.9	99.6	
89.2	79.8	
99.1	99.2	
89.2	99.4	
98.9	89.7	
89	49.7	
99.3	99.6	
98.7	99.6	
99.1	99.4	
98.9	99.6	
98.5	99.4	
99.3	99.6	
99.1	89.7	
98.9	99.6	
98.7	99.6	
99.3	88.9	
98.7	89.3	
99.1	89.7	
98.9	79.6	
98.7	89.7	
89.2	89.5	
97.9	89.7	
88.6	89.7	
99.1	89.7	
98.7	89.7	
98.9	69.5	
98.7	99.6	
98.3	99.6	
99.1	99	
98.7	99.6	
99.1	99.4	
98.9	99.4	
98.5	89.7	
98.7	99.6	
98.9	99.4	
79.1	89.5	
99.1	89.7	
99.1	99.6	
99.1	99.6	
98.9	99.6	
98.9	99.2	
98.9	99.6	
99.3	89.7	
99.1	99.6	
99.3	99.6	
98.3	99.4	
99.3	99.6	
98.9	99.4	
89	89.7	
99.3	99.6	
99.3	99.6	
98.9	99.4	
89.4	99.2	
97.7	99.6	
99.3	99.6	
98.5	79.8	
