-4.1	-203.2	
64.2	-103.2	
23.4	79.6	
66.4	58.4	
89.2	28.7	
41.2	88.5	
89.4	45.9	
66.2	-11.1	
98.9	8.3	
84.2	66.5	
88.6	29.3	
86.4	49.5	
98.1	79.2	
99.1	89.5	
98.1	98.2	
87.6	78.2	
97.9	89.5	
98.5	88.5	
87	58	
65.4	48.5	
98.7	79.4	
97.9	37	
78.1	69.3	
88	89.5	
78.1	89.1	
99.1	69.7	
88.8	67.5	
99.1	49.5	
66.2	89.1	
88.2	67.5	
97.7	89.3	
78.9	79.2	
98.9	59.6	
86	89.3	
88.2	69.3	
98.7	8.5	
97.7	59	
97.9	99.4	
89.2	99.6	
77.5	19.2	
96.9	99.6	
99.1	99.6	
77.7	99.6	
97.9	99.2	
87.8	98.8	
98.5	88.7	
98.7	39	
87.8	69.5	
98.7	88.5	
78.1	98.8	
89	79.6	
68.4	28.3	
98.7	99.6	
98.9	7.9	
88.6	99	
99.1	99.6	
79.5	89.5	
89.4	69.5	
79.1	88.9	
98.5	89.1	
98.3	79.6	
88	28.3	
87.6	88.7	
98.3	99.4	
89	99.6	
88.4	99.6	
99.1	99.4	
99.1	99.6	
87.6	88.7	
98.9	99.4	
89.2	88.9	
98.5	89.3	
98.7	89.1	
99.1	99	
88.8	89.5	
97.1	99.6	
97.3	99.6	
99.3	99.6	
99.1	99.6	
87.2	78.4	
99.1	78.8	
98.7	88.9	
99.1	89.5	
88.4	69.3	
99.3	99.4	
88.6	89.5	
89.4	99.6	
78.7	99.2	
98.7	68.9	
89	99.2	
98.9	99.4	
98.9	68.1	
98.9	79.6	
98.7	88.9	
98.5	79	
99.3	89.3	
99.3	79.2	
89	99.4	
99.1	79.2	
98.7	99.4	
78.7	99.2	
89.4	99.6	
99.1	99.4	
99.1	79.4	
99.1	99.4	
99.1	99.4	
98.3	99.2	
98.5	99.6	
77.1	79.2	
98.9	89.3	
99.1	89.1	
99.3	89.7	
99.3	98.6	
98.5	99.2	
88.6	99.6	
88	79.4	
69	99.6	
98.7	99.6	
99.3	89.3	
98.3	89.5	
99.1	99.4	
79.1	99.6	
98.9	69.5	
89.2	99.6	
88.2	99.6	
88.2	99.6	
98.5	99.2	
58.7	89.5	
89.4	89.3	
99.3	99.6	
88.2	99.2	
98.3	88.7	
98.9	89.5	
77.5	89.5	
98.9	38.4	
98.7	99.6	
99.1	9.5	
88.6	89.3	
98.9	89.3	
78.7	78.6	
99.3	98.8	
78.9	99.2	
99.1	99.6	
99.3	89.3	
96.5	88.9	
79.5	79.4	
98.5	99.2	
89.2	89.3	
78.3	99.4	
88.8	79	
77.7	58.4	
89.2	99.4	
98.9	79.2	
77.7	88.9	
99.1	89.5	
98.7	99.6	
98.3	99.6	
98.1	89.7	
78.1	89.3	
77.9	99	
98.7	99.4	
78.3	59.6	
88.4	89.5	
89	78.4	
88.6	99.6	
88.4	99.6	
88.6	89.1	
77.9	99.6	
98.9	99.6	
99.3	89.5	
98.7	89.3	
98.7	89.5	
98.7	99.6	
98.9	99.6	
89	99	
99.3	99.6	
98.9	99.2	
89.4	99.6	
89.4	69.5	
98.7	99.6	
98.7	79.2	
88.4	99	
98.5	89.5	
98.1	99	
79.5	99.4	
77.9	98.2	
88.2	99.4	
99.1	98.8	
98.9	79.6	
98.9	98.4	
89.2	89.1	
88.8	68.9	
88.2	89.5	
89.4	99.6	
99.1	99.4	
98.7	99.4	
67.8	99.6	
99.3	-1	
98.9	99.6	
89.2	99.6	
87.4	99.6	
89.2	99.4	
88.8	99.6	
89.2	99	
89.2	99.2	
99.1	79.4	
68.2	99.4	
78.5	99.6	
99.3	99.6	
78.5	99.6	
89.4	99.4	
88.4	99.6	
89.4	99.6	
98.3	99.6	
98.9	89.5	
79.5	99.4	
68.4	68.7	
65.6	99.4	
98.5	89.1	
99.1	39.2	
89.4	89.3	
99.3	89.1	
78.7	99	
99.1	78.6	
99.3	99	
87.6	99.6	
98.5	99.6	
89.2	89.5	
98.9	99.6	
87.8	28.5	
87	89.7	
89.2	89.7	
97.7	99.4	
88.8	99.4	
89.2	88.5	
88.4	99	
89.2	99.6	
79.5	99.4	
98.7	99.4	
98.9	89.3	
78.1	99.2	
99.1	79.2	
88.8	78	
98.7	89.5	
97.9	79.6	
88	57.8	
69.2	99.4	
48.4	99	
98.7	79	
98.3	49.3	
88.8	99.4	
88.8	99.4	
98.9	89.7	
98.9	99.4	
78.1	99.2	
79.1	89.5	
89.2	88.5	
98.5	99.4	
88.6	99.2	
98.9	99.2	
57.1	99.4	
98.7	89.3	
98.9	89.5	
89.4	88.7	
99.1	89.3	
99.3	99.6	
89.2	89.1	
98.1	99.6	
98.1	89.7	
89.4	99.6	
88.6	79.2	
96.9	89.7	
98.1	89.7	
89	98.6	
89	88.5	
88.6	99.6	
87.2	99.6	
98.3	89.5	
98.5	99.6	
77.5	88.7	
88.8	89.3	
68	89.7	
98.9	99.4	
78.5	99.6	
99.1	89.1	
88.6	99.6	
57.3	99.4	
99.1	28.3	
98.9	99.6	
99.1	99.6	
89.4	98.4	
98.7	89.3	
97.3	99.4	
98.7	89.5	
68.2	99.4	
78.3	89.3	
98.5	69.3	
99.1	99	
98.9	89.5	
88.8	89.5	
79.1	99.4	
88.6	99.6	
87.8	78.8	
98.7	98.8	
98.1	69.1	
58.7	89.5	
98.9	48.9	
67.6	99.2	
99.3	89.3	
88.8	99.4	
78.9	99.4	
88.2	99	
88.8	69.1	
99.3	99.6	
89	89.5	
89	89.5	
68.2	99.4	
88.6	99.6	
98.7	99.4	
55.7	69.5	
98.5	89.7	
89.4	99.4	
88.8	99.4	
98.9	89.7	
78.7	99	
99.3	99.2	
89.2	79	
99.1	99.6	
79.3	69.1	
77.9	59.4	
98.5	99.6	
98.5	99.6	
99.1	99.6	
99.3	99.6	
99.3	89.1	
99.3	89.1	
78.1	99.4	
98.9	69.1	
88	99.4	
98.9	99.6	
99.3	99.6	
88.6	99.6	
99.3	99.6	
78.5	79.4	
88.6	99.6	
89	99.4	
98.5	89.3	
88.8	99.6	
99.3	89.7	
88.6	79	
77.5	89.3	
89.2	99.6	
99.1	99.4	
99.1	99	
98.9	79.2	
98.3	99.6	
99.3	99.2	
98.9	89.3	
78.5	89.7	
99.1	99.6	
88.6	89.1	
87.4	68.7	
88.6	99.6	
98.1	99.4	
89.2	99.4	
88.6	99.6	
78.9	89.5	
78.9	99.4	
78.7	89.5	
79.1	99.4	
98.3	99.6	
98.9	99.4	
88.8	98.4	
98.7	99.4	
89.4	89.1	
99.1	89.7	
77.7	99.4	
89.2	99	
99.3	99.6	
98.9	79.2	
98.3	98.6	
68.8	79.4	
88.8	48.3	
99.3	89.3	
87.6	89.7	
98.7	99.4	
89	99.6	
89.2	-11.1	
98.7	99.4	
88.8	79.4	
89	99.6	
77.7	99.4	
98.7	89.3	
89.2	99.6	
99.1	89.5	
98.3	99.6	
89.4	79.4	
99.1	99.2	
88.6	59.4	
98.9	89.7	
88.2	89.5	
88	99.2	
98.3	99.4	
99.1	89.5	
48	99.6	
99.3	99.6	
78.5	99.6	
78.5	99.6	
88.6	99.4	
88.8	99	
98.5	99	
98.1	79.2	
87.2	99.2	
78.9	89.3	
89.4	99.6	
99.1	88.5	
67	99.4	
87.6	89.5	
89.2	58.6	
78.3	99.6	
88.2	99.6	
35.1	99.4	
88.4	89.5	
89.4	59.6	
98.9	39.6	
87.8	79.8	
99.3	49.3	
99.3	69.5	
98.5	99.6	
98.9	99.6	
99.3	38.8	
99.1	98.8	
79.1	89.5	
88	99.6	
99.3	79.2	
99.1	19.6	
89.4	89.3	
98.5	99.4	
78.7	99.6	
78.9	98.8	
89.4	99.2	
79.1	58.6	
87.4	79.4	
98.3	69.1	
89	99.4	
88.8	89.3	
88	89.7	
98.7	78.6	
98.7	99.4	
98.7	99.4	
87	89.1	
78.5	69.3	
87.8	99.6	
99.3	99.2	
98.1	89.7	
99.1	99.2	
98.7	99.6	
88.2	79	
67.6	89.5	
78.5	99.2	
89	69.7	
77.9	78.6	
99.3	48.3	
98.3	89.5	
88.6	99.6	
89	99.2	
78.7	89.5	
89.4	89.3	
99.1	8.9	
88.8	99.6	
77.5	99.4	
28	99.4	
69	99.6	
99.3	99.6	
89.2	89.5	
99.3	99.6	
88.8	69.5	
99.3	89.3	
99.1	89.5	
99.3	89.1	
68	38.2	
78.9	89.5	
88.8	89.7	
78.7	99.6	
98.1	99.6	
76.3	99.2	
88.8	89.7	
88	79.2	
78.1	99.6	
97.3	68.9	
87.8	49.3	
98.9	79.8	
99.1	99.6	
98.5	88.1	
36.5	99.6	
88.8	79	
97.7	69.5	
99.1	99	
89	79.6	
89.4	98.8	
