-48.5	-182.6	
63.4	39.6	
64.6	59.6	
99.1	99.6	
74.1	89.1	
11.7	68.3	
75.9	87.1	
95.5	79.6	
87.8	29.7	
87.8	79	
76.7	37.2	
85.8	89.3	
88.8	58.8	
98.3	98.4	
55.3	99.2	
68	68.7	
58.7	-2	
99.1	89.7	
97.1	99.4	
88	98.8	
87.6	99.6	
87.8	99.6	
97.1	98.8	
56.3	89.1	
98.5	78.8	
98.3	87.9	
78.1	89.5	
78.7	99.2	
88.8	89.3	
85.8	99.6	
78.1	89.5	
78.7	89.7	
98.5	89.3	
88.6	99	
88.8	89.5	
99.1	99.6	
89.4	99.6	
98.5	89.3	
98.7	89.5	
98.5	99.4	
88.2	69.3	
87.8	89.3	
68.6	99.6	
78.3	99.4	
98.7	59.4	
58.5	78.2	
99.1	99.4	
98.9	99.6	
98.7	99.2	
98.7	99.6	
98.9	89.7	
88.2	69.3	
99.3	79.2	
98.5	78.8	
87.6	89.7	
98.9	99	
89	99	
88.2	89.7	
99.1	29.5	
68.8	89.1	
98.7	79.6	
99.1	59	
98.5	99.6	
99.3	49.3	
98.5	89.5	
78.7	79	
89.4	88.9	
98.5	99.4	
68.4	99.4	
78.3	88.9	
98.7	99.6	
99.1	99.6	
98.9	89.7	
89.4	99	
99.1	78.4	
98.9	79.6	
87.8	88.5	
89	99.6	
99.1	99.6	
99.1	99.4	
88.8	99.6	
98.9	38.8	
78.7	99.6	
98.5	68.5	
87.6	89.3	
75.7	69.5	
97.5	68.3	
78.1	89.1	
77.9	89.3	
98.3	99.4	
98.9	99.6	
98.9	88.3	
88.4	48.3	
78.1	89.5	
87.8	89.1	
88.4	79.2	
77.7	89.5	
99.1	98	
78.5	89.5	
68.8	89.7	
88.8	48.9	
87.8	18.6	
78.9	89.7	
78.7	37.8	
67.6	99.6	
99.3	99.4	
98.5	99.6	
78.9	88.1	
76.5	89.5	
54.7	98.6	
78.1	69.1	
95.9	89.5	
98.7	98.2	
79.1	99.4	
99.1	79.6	
99.1	78.8	
98.7	99.6	
68.2	99.4	
87.6	89.3	
78.9	99.6	
77.9	98.8	
93.9	78	
77.9	59.6	
98.7	88.9	
98.5	89.3	
99.3	89.5	
98.3	89.3	
89.4	89.5	
98.7	98.6	
98.5	99.6	
88.4	99.4	
98.7	99.6	
88.6	99.6	
98.5	99.2	
98.9	78.8	
99.1	89.7	
88.6	99.4	
78.9	99.4	
88.6	99.4	
99.3	99.6	
79.3	99.6	
98.3	89.1	
98.9	99.6	
69.2	69.1	
88.4	99	
89.2	49.1	
97.3	78.8	
98.7	68.5	
98.7	89.7	
74.7	89.7	
88.8	99.4	
86.6	99.6	
68.4	99.2	
98.5	99.4	
98.9	89.3	
89.2	99.4	
89.2	99.6	
78.5	89.3	
99.1	89.7	
97.5	68.9	
98.1	89.5	
78.9	78.8	
88.6	78.8	
99.1	99.6	
98.9	88.9	
96.5	79.6	
89	46.9	
88.8	99.4	
88.8	99.2	
35.1	89.7	
89	99.2	
77.7	89.3	
98.7	98.8	
99.1	89.5	
87.4	99.6	
98.7	78.8	
79.1	88.5	
78.1	99.6	
98.9	99.2	
77.9	88.3	
99.1	98.8	
88.8	88.7	
88.4	99.6	
98.3	98.8	
97.9	88.9	
36.7	89.1	
78.3	89.3	
99.1	89.7	
68.2	99.6	
98.7	99.4	
99.3	59.4	
67.8	99.4	
88	89.1	
98.7	69.3	
99.1	89.5	
99.1	78.8	
98.7	99.4	
88.8	99.4	
99.1	89.1	
88	49.1	
87.6	99.6	
78.5	99	
98.3	99.6	
88.8	99.6	
77.7	69.3	
89.2	89.5	
89.4	89.3	
98.7	89.5	
88.2	89.3	
88.2	99.4	
88.2	99	
98.9	58.6	
89	79.2	
99.3	98.8	
88	99.4	
88.8	99.4	
68.8	59.2	
98.1	89.1	
98.7	99.2	
58.3	98.8	
76.3	99.4	
99.3	99.4	
88.6	99.6	
78.9	89.7	
78.3	58.8	
79.1	99.2	
87.8	59.2	
99.1	99.6	
98.9	99.4	
99.3	69.1	
78.1	99.4	
98.9	99.4	
88	99.4	
69.2	99.2	
88.6	88.5	
98.9	99.4	
98.7	69.3	
99.1	79.6	
99.1	79.2	
99.1	99.6	
88.4	59.6	
98.9	99	
88	99.2	
78.3	69.3	
76.9	99.6	
89.2	89.5	
98.7	59.6	
98.3	99.4	
77.7	89.3	
87.6	99.6	
98.9	99.4	
89	99.6	
97.1	99	
89	69.5	
98.5	89.5	
98.9	99.4	
78.5	89.3	
98.7	89.3	
89	99.2	
98.7	88.9	
79.3	79.6	
99.1	98.4	
78.9	99.2	
88.4	99.6	
87.8	79	
97.3	99	
99.3	79.2	
98.3	58.8	
78.7	69.5	
98.1	79.6	
89.4	79.6	
98.9	99.6	
99.3	99.2	
99.1	-21.2	
98.3	39.4	
68.4	89.3	
79.3	89.7	
89.2	99.4	
87.6	89.5	
88.6	99.6	
99.1	89.1	
57.5	89.7	
77.7	89.3	
65.2	78.8	
57.9	98.6	
87.8	99.6	
98.7	78	
79.1	99.2	
89.4	99.6	
89	89.7	
89.4	79.2	
98.3	89.5	
98.9	98.2	
87.8	99.4	
77.1	59.4	
97.3	98.4	
88.8	99.4	
89.2	99.4	
88.2	89.5	
97.1	79.2	
88.8	99.6	
99.3	99.6	
99.3	99.4	
98.1	99.4	
97.9	99.4	
88.8	99.2	
78.5	99.4	
77.7	59.4	
98.9	79.6	
99.3	99.2	
88.6	99.6	
88.8	99.6	
89	99.4	
89	99	
67.6	89.7	
67.4	89.5	
78.9	89.5	
99.3	99	
98.7	49.5	
88.8	99.4	
98.9	99.6	
87.2	99.6	
89	99.2	
87.6	79.8	
88.8	99.6	
87.6	99.6	
68.8	59.6	
89.4	99.6	
99.1	59.2	
98.9	89.7	
97.9	89.7	
77.7	79	
88.8	89.3	
88.2	78.6	
98.9	89.1	
99.1	99.6	
79.3	99.2	
99.1	99	
87.6	99.4	
99.3	99.6	
88	99.2	
89.4	19.2	
67.8	69.1	
98.9	68.9	
99.3	99.6	
88.6	48.3	
99.1	99.4	
89.4	89.3	
87.8	89.1	
99.1	99.4	
98.5	59.6	
78.7	99.4	
89	99.2	
79.3	79.4	
58.1	99.4	
98.5	99.4	
78.3	89.3	
88.6	68.7	
56.3	79.2	
98.1	99.4	
99.1	78.8	
89	79.2	
79.1	79.6	
99.3	99.2	
98.9	68.5	
35.7	99.2	
98.7	89.7	
77.1	99.4	
89.2	78	
78.9	88.7	
88.6	99.6	
88.6	89.5	
99.3	89.3	
87.8	89.5	
99.3	89.7	
98.5	99.6	
78.3	99.6	
89	69.3	
87.4	79.4	
88.6	99.6	
98.9	89.7	
78.3	89.5	
99.1	89.5	
98.9	49.7	
78.3	79.2	
99.1	58.8	
88.6	69.1	
89.2	78.8	
98.7	89.5	
98.5	-1.6	
98.3	99.6	
88.8	79.2	
89	99.4	
88.2	79.8	
99.1	38.2	
78.1	99.6	
98.5	99.6	
58.1	28.3	
88.6	89.7	
98.9	49.3	
88.8	58.4	
98.9	59.6	
99.1	69.5	
87.8	89.7	
99.1	89.5	
98.9	88.5	
98.1	89.7	
99.1	99.6	
25.4	89.3	
98.1	79.2	
99.1	89.5	
78.7	79.2	
89.2	78.6	
88.8	68.7	
78.5	39.2	
98.7	99.6	
99.1	89.7	
88.8	79	
66.4	99.6	
99.3	69.7	
89	29.5	
99.3	99.6	
77.7	69.1	
98.3	99.2	
98.7	89.5	
99.1	69.5	
89.2	89.5	
78.9	89.3	
88.4	99	
88.2	99.6	
98.7	99.2	
98.9	79.6	
99.1	89.5	
79.3	59.2	
99.1	89.7	
58.7	89.1	
97.5	89.7	
37.7	97.8	
98.3	79.4	
58.3	49.1	
88.6	89.7	
89.4	99.2	
97.9	99	
99.3	89.1	
98.9	79.6	
89	99.6	
99.1	99.2	
98.9	99.6	
97.9	99.6	
98.7	89.3	
99.1	99	
99.1	99.4	
88.6	99.2	
99.1	68.7	
98.9	98.8	
98.7	57.2	
98.5	89.3	
88.8	99.6	
98.5	69.7	
99.1	99.6	
98.7	99.2	
89.2	69.3	
98.3	99.6	
79.5	69.7	
88.6	99.4	
68	99	
78.3	88.9	
98.9	99.4	
88.8	89.5	
78.7	49.3	
99.1	88.9	
99.1	99	
88.6	99.6	
99.1	99.6	
78.5	99.6	
98.9	89.7	
87.8	69.1	
78.1	98.4	
78.3	89.1	
68.2	67.5	
98.7	39.6	
98.9	99.4	
78.7	99.4	
98.1	59.6	
99.1	59	
89.2	68.9	
98.5	89.1	
98.9	89.5	
78.9	68.1	
89	99.2	
99.1	99.6	
98.7	89.1	
89.4	78.4	
99.1	89.1	
88.4	99.6	
99.3	99.6	
99.1	89.7	
78.9	69.1	
98.5	89.1	
67.8	99.4	
