26.8	-193.1	
77.9	-52.1	
-134.7	69.1	
97.9	79.2	
64.2	55.8	
79.3	87.1	
39.4	59.2	
78.7	86.9	
77.5	88.7	
87.6	87.5	
56.2	99.2	
57.1	59	
78.5	89.7	
78.7	68.3	
87.8	5.9	
75.7	29.5	
85.8	48.7	
80	99	
97.7	88.5	
73.7	68.3	
77.7	78	
83	89.3	
88.4	99.6	
55.9	78.4	
78.1	88.9	
98.7	99.4	
96.7	68.5	
87	98	
98.7	99.4	
87	88.5	
98.9	88.9	
99.1	89.7	
99.1	89.5	
99.3	99.6	
98.3	99.2	
97.9	99	
98.5	99.4	
99.1	99.6	
57.5	99.4	
98.7	99.6	
68.2	99.2	
88.8	88.9	
99.1	89.7	
99.3	99.6	
89.4	99.6	
89.2	99.2	
66.8	88.5	
79.1	88.9	
98.3	39	
88.6	89.1	
78.5	99.2	
65.4	99.4	
78.7	99.4	
98.7	79.4	
76.5	99.6	
89.4	89.7	
55.1	99.4	
98.5	89.3	
76.9	99	
87.4	99.4	
98.9	57.6	
89	79.2	
55.9	99.6	
99.1	79.2	
98.5	99.6	
98.9	78.6	
47.2	49.3	
98.9	99.4	
98.3	59	
98.9	98.4	
44.8	48.9	
89.2	39	
98.5	99	
48.6	89.1	
98.7	99.2	
73.9	78.6	
98.7	99.2	
98.7	99.2	
98.9	79.4	
57.5	99.6	
97.7	88.5	
98.9	99.6	
88.8	88.9	
76.9	99.4	
67.8	99.6	
88.8	48.7	
98.1	89.5	
79.1	99.2	
87.8	89.7	
97.7	99.6	
98.1	99.6	
77.5	99.6	
99.1	99.6	
98.7	99.6	
89.2	98.6	
67	89.5	
89.2	99.2	
99.1	79.2	
88.4	98	
88.6	99.6	
99.3	59.4	
98.9	99.4	
78.5	88.7	
98.1	99.4	
88.8	99.6	
98.7	-20.8	
88.8	98.8	
98.9	99.6	
98.7	99.4	
89.2	99.4	
78.7	99.4	
79.1	89.5	
78.1	99.6	
99.1	89.1	
98.3	79	
88.8	59	
98.9	79.4	
98.9	68.7	
98.9	69.3	
99.1	99.4	
98.1	89.3	
99.1	-10.7	
88.6	99.6	
98.9	99.4	
89.4	89.1	
98.9	99.6	
97.9	79.4	
99.1	99.6	
77.3	99.4	
89.2	89.7	
89	67.5	
98.7	99.4	
99.1	99.6	
99.1	99.2	
98.5	67.9	
88	99.6	
99.3	99.2	
98.7	79	
98.7	79	
78.1	88.7	
99.1	79.4	
98.9	99.2	
88.8	88.9	
88.4	79	
98.7	98.6	
88.8	99.6	
89.2	89.5	
98.7	68.7	
88	79.8	
98.7	68.3	
88.4	99.6	
99.3	89.7	
78.9	99.6	
78.7	99.6	
98.9	99.4	
99.1	89.7	
99.1	99.6	
99.1	79.6	
99.1	99.6	
97.9	59.4	
98.9	88.9	
98.9	48.7	
98.9	99.2	
98.7	99.2	
98.5	89.5	
98.7	49.5	
99.1	89.3	
77.9	99.6	
98.7	89.3	
88.4	79	
48	89.7	
98.9	98.4	
36.1	99.4	
99.1	99.4	
58.5	99.4	
99.3	99.6	
99.3	99.6	
99.1	89.5	
99.1	99.6	
89.2	79.4	
98.7	19.2	
99.1	99.4	
99.3	59.4	
99.3	89.5	
99.1	99.6	
99.3	39	
98.9	99.6	
89	69.3	
89	89.3	
98.9	79.2	
86.8	99.6	
98.1	89.3	
99.3	99.4	
89	99.6	
98.7	99.6	
88.8	89.5	
98.7	88.3	
89	99.6	
98.3	79.6	
89.2	89.1	
78.5	99.2	
88.2	39.4	
98.9	89.7	
98.5	99.6	
68.4	99.2	
88.6	99	
99.3	99.4	
87.8	99.6	
98.7	99.4	
87.6	89.3	
78.1	79.2	
78.5	98.6	
88.6	28.5	
88.6	88.9	
98.7	98.4	
98.7	79.6	
89	89.5	
98.9	89.5	
89.4	89.1	
89.2	99.4	
99.1	89.5	
79.1	99.2	
98.9	88.5	
89.2	99.4	
98.5	59.2	
77.9	99.4	
98.5	78.6	
76.7	99.6	
78.9	99	
98.3	46.3	
78.9	79.2	
89	48.7	
78.3	89.3	
88.6	99.6	
37.1	89.5	
78.3	99.2	
99.1	89.3	
97.9	69.3	
98.9	99.2	
79.3	79.4	
88.4	89.7	
99.1	89.1	
76.9	89.7	
89.2	89.7	
98.7	99.6	
98.9	89.1	
89	89.7	
88.8	89.7	
79.1	99.4	
89	59.4	
78.9	99.4	
99.3	67.9	
98.1	89.5	
88.6	89.3	
98.3	99.6	
98.7	99.4	
99.3	78.8	
99.1	89.3	
98.9	99.4	
98.7	89.1	
88.6	99.6	
98.5	99.4	
99.3	99.6	
99.3	99.4	
89	39	
98.7	99.6	
98.1	58.6	
88.6	88.9	
78.7	79.8	
76.7	89.1	
98.9	79.8	
88.8	99.2	
98.5	89.1	
68.8	99.2	
87.6	99.6	
88.2	89.3	
89	98.8	
89	99.6	
86.8	79.2	
98.7	79.2	
99.3	89.1	
98.7	99.6	
99.3	99.6	
97.5	99.2	
98.7	99.6	
99.1	99.6	
89	69.7	
89	99.4	
98.3	89.5	
98.9	99.6	
99.3	29.5	
98.7	99.4	
98.3	97.8	
99.1	89.1	
66	79.4	
88.2	99.6	
98.5	69.7	
98.3	99.6	
78.5	99.4	
79.1	99.4	
96.9	99.4	
88.2	99.2	
78.3	99.6	
77.7	99	
98.5	59	
89.4	89.5	
88.8	99.6	
88.8	98.8	
98.9	79.2	
89.2	89.5	
99.3	89.5	
58.1	98.8	
99.3	99.6	
89	99.6	
89.2	89.3	
79.1	89.5	
98.5	99.4	
67.2	99.4	
69	99.4	
89	99.2	
99.1	99.4	
99.3	89.5	
78.3	59.2	
78.3	98.6	
98.5	79	
88.8	99.2	
78.5	99.2	
78.9	89.3	
99.1	79.8	
78.3	99.4	
98.3	79.4	
98.5	99.4	
99.1	69.1	
89	99.6	
89.2	89.5	
88.8	88.9	
98.3	99.4	
88.8	99.6	
77.9	99.6	
77.9	49.1	
98.3	99.6	
99.1	99	
99.1	99.4	
99.1	89.5	
89	69.5	
89.4	59	
99.3	88.9	
99.3	79.8	
79.1	99.6	
88.8	99.6	
99.3	99.2	
98.9	99.2	
88.4	99.6	
98.5	99.4	
99.1	79.8	
89	99.4	
99.1	89.7	
99.1	99.2	
77.7	99.6	
88.4	79.8	
97.9	79.6	
87.2	99.2	
98.7	98.8	
98.7	89.3	
67.8	88.9	
77.7	99.6	
98.5	99.6	
98.3	99.6	
98.9	79.6	
78.9	99.4	
89	89.5	
98.5	79.6	
99.1	99	
77.7	99.4	
99.3	89.7	
78.1	78.4	
68.2	89.5	
88.8	99	
99.3	89.5	
89	99.4	
98.5	99.4	
98.9	99.4	
78.3	99.6	
88.8	89.7	
99.3	89.7	
68.2	99.6	
98.3	99.6	
78.3	99.6	
79.3	98.6	
99.1	99.6	
99.1	79.2	
78.5	9.5	
98.1	69.5	
99.3	69.5	
88.8	89.5	
98.1	99.4	
88	88.5	
79.3	99.6	
97.7	66.9	
78.3	99.4	
99.1	99.2	
58.5	89.7	
98.1	99.6	
87.6	99.2	
77.9	79.8	
87.8	99.6	
76.7	79.4	
89.2	89.3	
79.3	89.5	
88.2	99.6	
97.3	59	
88.6	69.5	
77.7	89.5	
89.2	99.2	
99.1	79.2	
99.3	69.5	
88.2	68.9	
99.1	49.3	
78.3	89.5	
99.1	89.3	
88.6	99.6	
89.2	99.6	
99.1	87.5	
67.2	99.6	
99.1	59.2	
88.8	99.4	
89	-0.6	
99.1	99.6	
88.2	89.3	
99.3	89.7	
88	99.6	
99.3	89.1	
98.9	98.8	
99.3	89.7	
89	99.4	
89	99.4	
98.9	99.6	
99.1	89.7	
88.6	89.5	
99.3	78.4	
89	99.6	
88.4	79.6	
78.3	79.4	
99.3	99.6	
98.9	89.7	
88.8	79.6	
89.2	99.6	
99.3	99.6	
79.3	99.6	
78.7	89.1	
89.4	89.5	
99.1	89.5	
79.3	99.6	
78.9	69.1	
99.3	99.6	
99.1	89.1	
99.1	79.4	
88.4	89.7	
98.5	99.4	
99.1	99.4	
88.2	99	
88.8	99.4	
99.1	99.2	
98.5	99.2	
87.6	99.2	
88.6	99.4	
98.7	89.1	
79.1	99.4	
99.1	89.3	
98.9	99.6	
98.9	89.1	
99.3	89.5	
99.3	99.6	
89	99.6	
98.7	99.4	
99.1	99.2	
88.8	59.6	
77.9	99.6	
88.8	99.4	
98.5	99.4	
99.1	99.2	
99.1	99.4	
88.4	99.6	
99.1	78	
99.3	89.7	
99.3	99.6	
46.2	99.4	
88.8	39.4	
98.3	89.3	
68.4	99	
89	89.7	
89.2	59.4	
88.6	99.6	
98.3	99.6	
89	99.6	
78.9	89.7	
99.3	99	
88.6	99	
78.1	89.7	
98.7	99.4	
