57.9	89.1	
57.5	-31.5	
66	89.5	
88	99.6	
57.1	59	
98.5	68.9	
76.1	86.9	
98.5	48.3	
98.9	89.3	
30.9	68.1	
98.5	89.5	
75.9	89.5	
62.6	88.9	
97.9	99.2	
87.6	79.2	
88.4	99.2	
79.1	79.2	
98.5	78.6	
77.7	68.1	
88.8	99.6	
76.3	89.5	
78.1	89.5	
97.9	49.3	
85.8	79	
88.2	89.5	
88.2	79	
77.7	89.5	
78.7	89.5	
76.9	89.1	
56.7	68.9	
83.4	89.1	
86.4	99.4	
67.8	88.9	
78.1	79.4	
78.7	99.6	
98.5	99.4	
76.1	69.1	
88	79.4	
77.9	98	
78.5	19	
98.9	87.9	
98.3	99.4	
98.5	49.1	
97.9	79.2	
77.7	89.5	
36.1	68.7	
98.9	99	
78.1	99.4	
78.1	79.4	
86.8	89.7	
99.3	78.8	
99.1	38.6	
88.6	88.9	
67	-21	
88.6	89.5	
78.9	89.1	
98.1	89.5	
77.7	79.2	
76.7	99.6	
88.4	78.6	
88.4	99.6	
99.1	99.2	
89	68.9	
98.1	99.6	
44.8	58.8	
98.9	99	
78.9	99.4	
77.9	57.8	
98.7	78.4	
77.1	99.6	
88.4	99.6	
98.5	89.7	
77.7	89.1	
99.3	99.2	
97.9	88.3	
98.1	88.7	
99.3	99.2	
99.3	89.3	
98.5	79.2	
47.4	89.3	
79.1	78.8	
88.2	79.6	
99.3	88.9	
98.3	89.1	
67.6	89.7	
67.4	89.5	
55.1	39	
98.7	89.3	
99.1	99.6	
88.4	58.4	
98.9	99.4	
87.2	89.7	
87.4	68.9	
87	59.4	
99.1	88.7	
78.3	99.6	
98.1	99.4	
87.6	88.7	
97.7	49.3	
68.2	69.3	
77.7	99.6	
99.1	98.8	
88.2	99.6	
99.3	99.2	
88.4	99.6	
86.6	89.7	
89	99.4	
88.6	89.5	
98.1	89.5	
88.8	48.5	
34.9	99.6	
88.2	99	
88.2	99.6	
88.8	79.6	
67.2	99.4	
78.5	99.6	
88.6	99.4	
98.1	79	
89	99.6	
79.1	99.6	
67.2	99.4	
89	99.6	
89.4	99.4	
97.7	98.6	
98.9	99.6	
98.5	89.5	
97.5	78.6	
98.3	99.6	
89.2	79	
99.1	98.8	
99.1	8.3	
98.5	99.6	
88.2	89.5	
98.9	99.4	
99.1	88.9	
99.1	99.4	
98.5	79.8	
88.6	89.1	
98.9	99.6	
98.9	79.4	
88.8	89.1	
98.1	89.5	
89	89.5	
99.3	89.3	
79.1	78.8	
98.7	69.3	
99.1	99.6	
98.3	99.4	
89.2	99.6	
88.6	89.7	
98.5	99.4	
56.9	99.6	
88.4	79.4	
58.3	99.2	
87.8	69.7	
67.8	99.6	
98.9	99.6	
98.9	99.6	
98.7	99.4	
78.7	99.6	
98.9	89.7	
99.1	99.6	
88.8	99	
88.8	58.6	
99.1	79	
98.7	99.6	
98.9	-72.5	
99.3	89.5	
78.7	98.4	
98.9	99.2	
98.9	79.6	
99.1	99.6	
98.9	99.2	
99.1	99.6	
98.7	49.1	
88.2	99.6	
98.9	99	
98.9	89.1	
78.3	89.5	
78.5	99.6	
77.7	18.6	
34.1	79	
99.3	99.6	
68	89.7	
98.1	89.5	
66.8	89.7	
98.1	99	
89	99.4	
88.4	69.1	
98.9	-0.6	
88.2	-0.4	
68.8	88.1	
97.3	89.1	
99.1	69.7	
88.6	89.3	
89.2	99.2	
88.8	89.3	
99.1	99.4	
99.3	79.4	
89	99.4	
68.2	39	
96.9	79	
97.5	99.6	
77.1	99.6	
68.2	99.4	
98.9	99.6	
86.6	99.6	
89.4	98.2	
98.9	99.4	
87.8	99.6	
89	89.5	
99.1	99.4	
88.6	99.4	
98.3	88.9	
88.4	89.7	
77.5	99.6	
88.6	88.9	
78.5	99	
68.8	59.8	
98.5	99	
98.9	99.6	
68.8	68.5	
67.8	99.6	
99.1	99.6	
66.2	99.6	
87	98.4	
98.9	89.5	
87	89.5	
98.5	89.5	
88.8	88.7	
67.8	89.7	
87.8	88.5	
96.9	99.4	
87.2	89.5	
89	99.4	
87.8	-11.3	
98.7	89.5	
98.9	58.6	
89.2	89.3	
77.9	69.1	
69	88.5	
84.2	89.5	
96.9	8.7	
27.6	88.7	
54.5	79.6	
88.4	68.9	
98.3	79.4	
98.7	89.1	
99.1	69.5	
98.5	98.8	
88.4	99.4	
67.6	99.4	
88.2	98.8	
98.3	99.2	
79.1	9.3	
58.7	89.1	
77.9	79.8	
78.5	99.6	
98.7	89.5	
48.8	89.3	
57.7	89.7	
99.1	78.4	
78.7	89.7	
88.8	89.7	
89.4	79	
98.3	89.1	
89.4	89.7	
88.4	99.6	
89	29.3	
45.8	99	
88.6	89.7	
99.1	99.6	
98.9	89.7	
87.8	89.1	
78.5	99.6	
99.1	99.2	
88	89.5	
58.1	49.1	
99.3	59.4	
68.8	99.2	
97.3	99.6	
88.4	89.3	
67.6	48.7	
78.5	79.2	
69	99.6	
77.3	59.2	
98.5	79.6	
67.4	79.2	
68	99.4	
89.2	79.6	
78.7	99.2	
97.5	99.6	
89	99.6	
89	88.9	
98.1	99.4	
87.8	79	
99.3	59.2	
98.9	99.2	
88.8	69.5	
88.6	89.5	
98.5	97.8	
88.4	98.6	
99.3	-12.1	
88	89.3	
99.3	89.3	
88	99.4	
97.7	89.3	
98.9	69.3	
89.4	99	
88.8	97.8	
79.3	99.4	
78.7	99.4	
98.7	98.8	
87	99.4	
99.1	99.4	
88.8	89.1	
89.2	89.5	
98.5	59.2	
79.5	99.6	
88.6	59.6	
98.9	89.3	
99.1	98.8	
89	99.6	
69.2	79.8	
88.4	99.6	
98.1	77.4	
98.9	79.4	
67.6	79.8	
77.5	99.6	
68.6	89.7	
88.8	99.2	
99.1	89.5	
78.1	99.2	
97.3	99.4	
98.7	99.6	
99.3	99.4	
99.1	79.6	
98.7	87.3	
98.3	99.4	
99.1	99.4	
89	-0.8	
89	99.4	
89	99	
88.8	89.7	
97.9	99.6	
97.9	99.4	
77.9	99.6	
99.3	99.6	
69.2	69.1	
79.5	89.3	
98.9	89.5	
88.4	8.9	
78.9	-21.2	
68.2	78.8	
78.5	69.5	
57.1	99.4	
88	89.7	
99.1	79.2	
88.4	99	
47	58.8	
88.6	99.6	
99.1	89.5	
89.4	48.9	
89.2	99.2	
76.3	89.5	
98.1	49.1	
88.8	99.6	
87.8	89.3	
68.4	49.3	
89	99.6	
48	88.9	
98.1	79.2	
96.9	99.6	
88.2	99.6	
77.7	99.4	
68.8	99.6	
77.5	78.2	
74.5	-2	
98.9	89.7	
98.5	99.6	
88.8	99.6	
65.6	89.7	
65	89.3	
85.6	89.7	
88	89.5	
89	89.7	
87.2	99.4	
88.2	68.9	
99.3	99.2	
97.5	79.2	
88.6	89.7	
79.1	98.2	
88.4	89.5	
97.9	99.2	
78.5	99.6	
98.9	99	
79.3	78.8	
77.9	99.6	
89.2	89.5	
88.4	88.9	
78.5	69.7	
88.4	99.6	
98.9	89.5	
89	79.6	
76.7	59.4	
58.1	99	
88.2	89.3	
97.7	79	
47	79.2	
17.1	99.4	
88.8	49.5	
99.3	69.3	
89.4	99.4	
89	89.7	
99.1	89.1	
99.1	68.9	
99.3	99.6	
58.1	88.9	
98.9	78.8	
88.2	68.9	
88.6	79.2	
89	89.3	
89.2	89.7	
97.9	99.6	
96.1	89.7	
97.7	69.5	
88.6	77.8	
79.1	88.9	
79.1	69.1	
89.2	99	
99.1	69.5	
89.2	89.1	
98.9	99.4	
89	88.7	
57.3	89.7	
78.9	79	
89.4	68.9	
66	79	
87.6	89.3	
87	99.6	
89.2	68.9	
98.5	99.6	
99.1	69.3	
67.4	99.4	
98.3	99.6	
99.3	99.4	
88.6	99.6	
89	99.4	
78.9	89.7	
88.6	79.6	
99.1	59.4	
99.3	89.5	
98.7	89.5	
77.1	99.4	
56.1	88.9	
98.9	68.7	
78.7	48.9	
68.2	99.6	
89	88.5	
97.9	99.4	
78.1	88.5	
79.1	99.6	
98.9	89.5	
99.1	99.2	
88.2	99.6	
99.1	79.4	
78.1	99.6	
98.3	79.6	
88.6	99.6	
78.1	68.7	
99.3	69.5	
98.9	89.5	
77.9	99.6	
89.2	99.6	
99.3	99.4	
88.8	78.6	
78.5	99.2	
98.7	99.4	
79.1	99.6	
77.1	99.6	
97.9	99	
78.9	86.3	
99.3	99.4	
87.8	98.6	
98.7	99.6	
99.1	89.5	
98.3	88.9	
98.9	99.6	
89	99.4	
88.2	98.6	
88	-41.4	
98.7	99.4	
99.1	88.9	
78.9	99.6	
88.8	99.2	
99.1	89.7	
98.7	69.1	
99.1	89.5	
68.4	89.5	
98.7	89.3	
