16.3	79.2	
55.9	19.2	
78.1	75.6	
88.4	-124.2	
78.1	79.4	
88.2	89.5	
89	39.4	
98.9	77.2	
98.7	96.6	
97.9	78.8	
98.9	69.7	
85.6	25.3	
89	-18.5	
96.5	99.4	
88.6	88.5	
61.4	79.2	
98.7	19	
35.5	89.3	
35.3	38.2	
87.2	99	
78.3	99.6	
98.3	98.6	
79.1	69.3	
99.1	89.7	
88.4	99.4	
98.9	89.5	
97.5	99.4	
98.7	99.6	
98.7	39.6	
68.2	68.7	
79.1	89.5	
98.5	98.6	
87.8	99.6	
98.9	99.4	
98.9	99.6	
99.1	99.4	
98.3	99.6	
99.3	49.5	
98.9	28.5	
77.1	99.2	
99.3	89.3	
78.5	99.6	
98.9	99.4	
88.6	99.2	
98.9	99.2	
97.7	99.2	
88.6	89.5	
87	89.5	
97.9	79.4	
67.2	99.6	
97.9	99.6	
98.9	89.5	
89	99.6	
97.9	99.6	
88.2	99	
67.8	99.6	
98.3	79.2	
88.6	89.5	
99.1	99.4	
64.8	99.4	
73.5	99.6	
97.9	99.6	
86.8	89.5	
98.3	88.9	
97.7	99.4	
79.5	89.7	
97.7	88.9	
98.9	99.4	
67	79	
99.1	99.4	
99.3	99.6	
98.9	89.1	
89	99.6	
99.3	89.3	
88.2	99.4	
47.6	99.4	
97.3	89.7	
99.3	49.3	
98.1	78.8	
87.8	89.3	
78.3	99.6	
99.1	89.3	
88.2	89.5	
98.3	99.6	
99.3	99.6	
99.1	99.4	
99.3	89.3	
34.7	79.2	
98.9	98.8	
99.3	99.4	
97.5	99.4	
78.5	79	
78.7	89.3	
79.1	98.4	
98.5	99.6	
98.5	99.2	
99.1	99.6	
68.2	99	
88.4	99.6	
97.9	69.3	
99.3	79.2	
99.1	99.2	
79.1	89.5	
98.5	99.6	
78.5	69.5	
88.8	89.5	
88.8	99.6	
98.9	89.3	
99.3	89.3	
99.1	88.9	
98.9	99.6	
99.1	98.8	
99.1	89.3	
98.5	89.1	
98.5	89.5	
98.5	99.6	
99.1	89.7	
99.3	79.4	
98.3	99.4	
58.5	99.2	
98.7	99.4	
98.9	99	
89	89.1	
98.7	99.6	
88.4	99	
88.2	99.2	
98.5	99.4	
89	99.6	
79.3	88.7	
98.7	99.6	
99.3	89.5	
98.9	89.7	
99.3	99.2	
99.3	99.6	
88.8	99	
89.4	99.6	
99.1	99.4	
69.2	99.4	
89.2	99.2	
98.3	99.4	
99.3	99.6	
99.3	79.4	
79.1	89.1	
47.6	79.6	
98.7	99.4	
87.4	79.6	
28.2	89.5	
89.4	99.2	
98.9	99.4	
98.9	98.6	
99.3	99.6	
78.7	99.4	
88.6	99.6	
66.6	99.4	
78.1	79.2	
88.8	99.2	
99.1	89.3	
98.7	99.4	
98.9	99.6	
46.6	99.6	
57.3	99.6	
38.5	89.5	
78.9	99.4	
98.5	99.6	
89	99	
98.5	89.7	
88.4	89.7	
89	99	
68	99.4	
79.1	99.4	
89.4	99.6	
89.4	58.8	
79.5	99.4	
76.5	69.5	
88.4	99.6	
99.1	98.6	
99.1	99.6	
89	89.3	
99.3	99.6	
99.3	99.4	
99.3	99.6	
89	99.4	
78.5	8.9	
98.1	99.6	
68.4	99.4	
88.4	79	
88	99.4	
78.3	99.6	
98.1	89.3	
79.1	99.6	
99.1	99.4	
98.7	89.5	
98.9	99	
79.1	99.6	
88	89.5	
89.2	89.1	
78.7	99.4	
87.4	89.7	
88.8	99.6	
99.1	89.3	
89	99.6	
87.4	89.1	
98.3	99.6	
78.1	89.7	
89	79.4	
88.6	79.6	
89.2	79	
99.3	48.9	
98.9	89.1	
98.9	79.6	
89.2	99	
99.1	99	
89	79.4	
99.3	79	
66.6	69.1	
88.2	89.7	
99.1	58	
87.6	99.6	
98.1	99.4	
88.4	78.6	
99.3	99.6	
99.1	99.6	
98.5	78.8	
97.9	99.4	
89.2	99.4	
98.5	78	
88.2	99.6	
97.5	99.2	
99.1	79.6	
77.9	89.7	
88.6	79.8	
97.5	99.4	
99.3	89.3	
97.9	79.6	
87.8	59.4	
88.6	99.6	
99.3	89.1	
99.1	89.7	
99.1	69.1	
98.9	99.6	
99.3	79.4	
98.9	99.4	
67.8	99.2	
99.3	49.3	
99.1	89.5	
89	99	
99.1	99.4	
68.8	99.2	
99.3	99.6	
89.4	88.9	
78.7	99	
98.7	89.5	
98.7	99.6	
99.1	99.6	
99.1	99.6	
88.6	89.3	
88.6	89.5	
99.1	89.7	
99.3	99.6	
99.3	99.4	
98.1	99.6	
98.7	89.5	
89.4	99.4	
89	99.2	
99.3	99.2	
79.3	88.9	
99.3	99.6	
77.9	99.2	
89	99.4	
98.7	89.1	
99.1	79.4	
99.3	99.6	
88	79.8	
89.2	99.6	
98.9	99.6	
98.3	99.6	
99.3	99.6	
98.3	99.6	
98.9	79.2	
88.4	59.4	
98.7	78.4	
99.3	99.6	
99.3	79.6	
87.4	99.2	
99.1	99.4	
98.7	89.7	
89.4	59.2	
88.6	99.6	
89	99.6	
98.7	89.1	
99.1	99.2	
97.9	99.6	
88.4	99.6	
98.5	89.5	
77.7	88.9	
99.3	99	
98.9	99.6	
89.4	99.6	
89.2	99.6	
99.1	98.8	
88.4	99.6	
99.1	79.2	
98.9	99.6	
89.2	99	
98.3	89.5	
88.6	99.2	
88.8	89.5	
97.9	79.4	
89	99.6	
78.7	89.5	
97.3	69.3	
98.9	59.4	
98.5	89.3	
98.7	98.2	
89.2	69.7	
98.9	59.6	
98.1	99.6	
99.3	99.4	
88	99	
98.7	79.8	
89	99.2	
99.3	99.6	
89	99.6	
98.3	79.4	
88.4	99.6	
89	99.6	
88.8	99.6	
98.9	99.6	
79.1	89.5	
88.4	99.4	
88.6	99.4	
58.7	89.3	
99.3	99.4	
98.7	69.5	
99.3	98.8	
99.1	89.5	
58.5	89.7	
97.9	99.4	
88.4	89.5	
98.3	78.8	
88.6	99.4	
99.1	69.3	
99.3	99.4	
78.5	99.6	
99.3	99.6	
88.8	99.6	
88.6	89.7	
66.4	99.6	
98.9	99.6	
77.3	99.6	
88.6	99.4	
78.3	99.6	
57.9	99	
88	99.6	
78.9	99.6	
99.3	99.6	
89.4	99.6	
99.3	99.6	
99.1	99.2	
98.9	79.8	
99.1	98.8	
99.3	39.6	
78.3	99.4	
99.1	68.7	
98.1	89.1	
99.3	99.6	
98.9	99.4	
99.3	99.4	
78.7	99.6	
99.3	99.6	
89	99.6	
99.3	79.8	
89.4	99.6	
98.7	99.6	
89.2	89.3	
98.9	79.8	
68.6	69.5	
88.6	99.2	
88.4	99.6	
99.3	99.4	
89	59.6	
88.6	99.2	
98.9	98.6	
89.4	99.6	
98.7	99.6	
99.3	99.6	
89.2	99.6	
89	99.4	
99.3	99.4	
99.3	99.6	
89.2	69.5	
87.6	99.6	
99.1	99.4	
98.5	99.2	
99.1	59.6	
88.8	99	
97.9	99.6	
87.8	99.4	
99.3	99.4	
69	99.6	
89	28.9	
99.3	99.2	
67	98.8	
79.3	99	
77.5	79	
89.2	69.3	
89.2	99.6	
89	79.6	
98.7	99.6	
87.8	88.9	
97.9	99.4	
98.9	99.4	
98.9	99.6	
98.7	99.6	
99.1	89.3	
99.1	99.6	
99.1	99.4	
99.3	89.5	
99.3	99.2	
87.8	99.2	
99.1	99.6	
99.1	99	
89.2	99.6	
99.3	88.7	
68.8	29.3	
78.9	99.4	
88.8	99.6	
99.3	99.6	
98.7	79.6	
98.7	99.4	
77.3	98.8	
98.9	79.6	
98.7	99.4	
79.3	99.6	
99.1	69.3	
88.6	88.9	
77.9	89.5	
97.7	89.7	
99.1	99.6	
88.8	89.5	
89.4	98.8	
99.1	98.6	
68	39.6	
99.1	99.6	
99.3	89.5	
88.4	99.4	
98.9	99.4	
99.1	99.2	
89	79.4	
99.1	89.3	
88.6	99	
89	99.2	
99.3	99.6	
98.9	99.6	
99.3	79.4	
98.1	79.4	
98.7	99.6	
98.9	99.4	
99.3	79.4	
99.1	99.4	
78.7	69.5	
99.3	99.6	
89.4	99.6	
89.2	99.6	
89	79.6	
99.3	99.6	
98.9	99	
88.6	99.6	
89.4	89.7	
99.1	99.2	
99.1	99	
78.3	89.7	
98.9	69.7	
68.6	99.6	
98.9	89.1	
57.7	99.6	
97.9	99.2	
99.3	99.6	
99.3	99.6	
89.2	99.6	
36.1	99.4	
98.9	99.4	
98.9	99.4	
98.5	99.6	
88.8	88.9	
47.8	99.4	
99.1	99.2	
98.7	89.3	
78.3	89.3	
98.9	99.6	
88.2	99.2	
78.5	99.6	
77.7	99.6	
98.5	99.6	
99.1	99.6	
88.2	99.6	
99.3	99.6	
98.9	99.2	
88.8	99.2	
69.2	99.4	
