25.4	-41.6	
86	39.2	
98.1	59.2	
88.2	59.2	
67.2	89.5	
77.3	89.5	
98.5	89.5	
68.6	89.3	
78.5	59.2	
97.5	89.5	
66.6	58.8	
99.3	89.3	
99.3	88.3	
99.1	89.3	
99.3	99.4	
89.4	89.3	
99.3	89.3	
98.9	79.4	
99.3	89.3	
99.3	89.1	
99.3	89.5	
99.3	89.1	
99.3	89.5	
99.1	99.6	
99.1	89.5	
98.9	89.5	
99.3	89.3	
99.3	89.3	
99.3	89.3	
99.3	28.9	
99.1	99.4	
99.1	89.5	
89.4	89.5	
99.3	89.5	
98.9	89.5	
99.3	99.6	
99.1	89.3	
99.1	89.5	
99.3	89.3	
99.3	89.5	
98.9	89.5	
98.9	89.5	
99.3	89.3	
99.3	89.5	
99.3	99.6	
99.1	89.5	
99.3	89.5	
98.9	99	
99.3	78.6	
99.3	89.3	
99.3	89.5	
99.1	79.4	
99.1	89.5	
99.3	89.3	
99.3	89.5	
99.1	89.3	
99.1	89.3	
89	89.5	
99.3	89.3	
99.1	89.5	
98.9	89.5	
99.3	89.5	
99.3	89.3	
99.1	99.4	
99.3	79.4	
99.3	-1	
89.4	99.2	
99.3	99.4	
99.1	89.5	
99.1	99.4	
99.3	99.6	
89.4	89.5	
99.3	99.6	
99.3	99.6	
99.1	99.6	
78.9	99.6	
98.9	99.4	
99.1	99.6	
99.3	99.6	
99.1	99.6	
99.3	99.6	
99.3	99.6	
89	98.8	
99.3	99.6	
99.1	89.5	
98.9	99.4	
99.3	99.6	
99.3	99.6	
99.1	99.6	
89.2	28.5	
89	99.6	
98.7	99.4	
99.3	59.4	
99.3	89.1	
78.9	99.6	
99.3	99.6	
99.1	99.4	
99.1	99.6	
99.3	99.6	
99.3	99.4	
99.3	99.6	
99.1	99.4	
99.3	99.6	
98.9	78.4	
98.9	49.1	
99.3	99.6	
89.2	99.6	
99.1	99.4	
98.9	99.6	
99.1	99.2	
99.1	99.6	
99.3	89.5	
88.2	99	
99.1	99.6	
99.3	99.6	
99.3	99.6	
99.3	99.6	
99.3	89.3	
99.3	79.4	
89.2	99.4	
99.1	99.4	
88.4	99.6	
99.3	99.6	
89	99.6	
99.1	99.6	
99.3	99.6	
99.3	99.6	
99.3	99.6	
98.9	99.6	
99.3	99.6	
89	99.2	
98.9	99.6	
99.3	99.6	
99.3	99.6	
99.3	99.4	
99.3	99.6	
99.1	99.6	
99.3	99.6	
99.3	79.2	
88.8	99.6	
88.8	99.4	
99.3	99.6	
98.9	99.4	
89.2	99.6	
99.1	89.5	
98.9	99.6	
89.2	99.6	
99.1	99.6	
99.1	99.6	
99.3	99.2	
99.1	99.6	
99.1	89.1	
99.1	89.5	
99.3	99.6	
99.3	99.6	
99.3	99.6	
99.3	99.6	
89.2	99.6	
99.1	98.8	
99.3	99.4	
99.1	99.4	
99.1	99.6	
98.9	99.4	
98.9	99.6	
99.3	99.6	
99.3	99.4	
99.3	99.6	
99.3	99.2	
89.2	89.3	
99.1	99.6	
99.3	99.6	
99.3	99.6	
99.3	89.5	
98.7	89.3	
89	79	
99.1	99	
99.3	99.6	
99.1	99.6	
99.3	99.6	
99.1	99.6	
99.1	99.6	
99.3	79	
88.6	99.4	
99.3	99.6	
98.9	99.6	
99.1	79.2	
99.1	99.6	
98.9	99.6	
98.9	99.6	
78.7	99.4	
89	99.4	
99.1	99.6	
99.3	99.6	
89.2	99.6	
98.3	99.2	
99.3	99.2	
99.3	99.6	
99.3	99.6	
98.9	99.6	
99.1	99.6	
99.3	99.6	
98.7	99.6	
99.3	89.3	
89.2	99.4	
99.3	99.4	
98.9	99.6	
99.1	99.6	
99.3	99.6	
99.3	99.6	
99.3	99.6	
99.1	99.4	
99.3	89.7	
98.9	99.4	
99.3	99.6	
99.1	99.6	
99.3	99.6	
99.1	99.4	
99.3	99.6	
99.3	99.2	
99.1	99.6	
98.1	99.6	
99.1	99.6	
99.1	79.4	
89.4	99.6	
99.3	99.6	
99.3	99.6	
99.1	99.6	
99.1	99.6	
99.3	99.6	
98.9	99.6	
99.3	99.6	
99.3	99.4	
99.3	79.2	
99.1	99.6	
98.9	99.6	
99.3	99.6	
99.3	99.4	
78.5	99.6	
98.9	99.6	
99.3	79.4	
99.3	99.6	
99.3	68.9	
98.9	99	
99.1	49.3	
99.3	99.6	
98.9	99.6	
98.7	99.6	
99.3	99.6	
98.9	99.4	
89.2	99.4	
99.1	89.5	
99.1	99.6	
89.2	99.2	
99.3	79.8	
99.3	99.4	
99.3	99.2	
99.3	99.6	
98.5	99.6	
89.2	99.6	
99.3	99.4	
88.6	99.6	
89	99.6	
99.3	99.2	
98.9	99.6	
89.2	99.6	
99.1	99.4	
99.3	99.6	
99.3	99.2	
99.3	99.4	
88.6	99.4	
98.9	99.2	
99.1	99.2	
99.3	99.6	
89.2	99.6	
99.3	79.4	
99.3	99.6	
98.3	99.4	
99.3	99.6	
99.1	99.6	
99.3	99.4	
99.3	99.6	
99.3	99.2	
89.2	99.6	
99.3	99.6	
99.3	99.6	
98.7	99.6	
98.9	99.4	
99.1	99.4	
99.1	99.6	
99.3	99.6	
99.3	98.6	
99.3	89.5	
99.1	99.4	
98.7	99.6	
89.2	99.4	
99.3	99.4	
99.3	99.6	
99.1	99.6	
79.3	99.6	
99.1	99.6	
99.1	99.6	
99.1	99.4	
99.3	99.6	
99.1	79.4	
99.1	99.6	
98.7	88.7	
99.3	99.6	
99.3	99.6	
99.1	99.6	
99.1	99.6	
89.4	99.6	
89.4	99.6	
99.3	99.4	
89.4	79.4	
99.3	89.3	
79.3	99.6	
98.7	99.6	
99.1	99.6	
89.2	99.6	
89.2	99.6	
99.3	99.4	
99.3	99.6	
99.1	99.6	
99.3	99.2	
99.3	99.6	
99.1	99.6	
98.9	99.4	
99.3	99.4	
99.3	99.6	
89.2	99.2	
99.1	99.6	
99.3	99.6	
78.9	99.6	
89.4	89.5	
99.3	99.6	
99.3	89.5	
98.7	89.1	
89.4	99.6	
89.2	99.6	
99.3	99.6	
99.3	98.6	
98.5	99.4	
99.1	99.4	
98.9	79	
98.9	99.6	
99.1	99.6	
99.1	99.6	
99.1	89.1	
99.3	99.2	
99.3	89.5	
99.3	99.6	
99.1	68.9	
89.2	99.6	
99.3	39.4	
99.1	99.6	
89	99.6	
99.1	99.6	
99.3	99.6	
99.1	99.6	
99.3	99.6	
99.3	79.2	
98.9	99.6	
98.9	89.5	
99.3	99.2	
88.8	99.6	
98.7	99.2	
99.1	99.6	
99.1	99.4	
98.7	99.6	
99.3	99.2	
99.3	99.2	
99.3	99.4	
99.3	99.6	
89.2	99.4	
98.9	99.6	
99.1	99.4	
99.1	99.4	
99.3	99.4	
99.1	99.6	
99.3	99.6	
99.3	99.6	
99.3	99.4	
99.1	99.6	
99.3	79.4	
99.1	99.4	
99.1	99.6	
98.7	99.6	
89.4	99.4	
99.3	99	
99.1	99.6	
98.9	79.4	
89	99.6	
89.2	99.6	
99.1	99.6	
99.3	99.6	
99.3	99.6	
99.1	99.4	
89.4	99.6	
89.2	99.6	
99.3	99.6	
99.1	99	
99.3	99.6	
99.1	99.2	
99.3	89.3	
99.1	99.6	
98.9	99.6	
99.3	99.4	
98.9	89.3	
99.3	99.6	
99.1	99.6	
99.3	99.2	
98.3	99.6	
99.1	99.2	
99.1	89.5	
99.1	99.6	
98.7	79.4	
99.3	99.6	
99.3	68.9	
98.9	99.4	
99.1	99.4	
99.1	99.6	
99.3	99.2	
98.1	99.6	
99.1	99.4	
99.3	99.6	
98.9	99.4	
99.3	99.4	
89.4	99.6	
89.2	99.4	
99.3	99.6	
99.3	99.6	
98.9	69.3	
99.1	99.4	
99.1	99.6	
99.3	99.6	
99.3	99.6	
99.3	99.6	
99.1	99.6	
99.1	89.3	
99.3	99.4	
99.3	99.6	
99.3	99.4	
99.3	99.6	
99.3	99.6	
99.3	99.4	
99.3	99.6	
99.3	89.5	
98.5	99.6	
98.9	99.6	
98.9	99.6	
99.3	99.6	
98.9	99.2	
89.2	99.6	
99.3	99.4	
99.3	99.6	
99.1	99.6	
89.4	79.4	
89	99.4	
99.3	99.6	
99.3	99.6	
99.3	99.4	
99.3	99.4	
89.2	99.4	
99.3	99.2	
98.9	99.6	
89.2	99.6	
89	99.6	
89.4	99.6	
99.3	99.6	
89	99.4	
89.2	89.5	
99.1	99.2	
99.3	99	
99.3	99.6	
99.3	99.6	
99.1	99	
99.1	99.4	
99.3	99.6	
78.7	99.6	
89.4	99.6	
99.3	99.6	
99.3	99.4	
99.3	89.3	
99.1	99.4	
99.3	99.6	
99.1	99.6	
99.3	99.6	
99.3	99.6	
99.3	89.1	
99.1	99.2	
99.3	99.6	
99.3	99.6	
98.9	99.6	
99.1	99.4	
99.3	99.4	
98.9	99.6	
99.3	99.4	
98.7	99.6	
99.1	89.5	
99.3	99.6	
