26	-1124.6	
75.9	-91.5	
55.5	89.3	
76.1	-436.5	
86.8	-91.1	
98.1	-72.5	
68.6	59.6	
98.3	-24.6	
97.9	39	
98.3	98.4	
98.9	-214.7	
98.7	19.2	
78.9	-50.9	
88.2	19.2	
98.9	89.1	
98.7	59	
98.9	59.4	
99.3	49.1	
97.7	59.6	
98.7	59.6	
98.7	29.3	
87.6	69.5	
98.9	79.6	
99.1	79.6	
99.1	87.5	
99.1	67.9	
98.3	-31.1	
97.9	48.1	
88.4	94	
88.6	58.4	
98.9	68.5	
88.2	89.3	
86.6	39.2	
98.5	99	
77.5	56.4	
98.9	68.9	
98.9	79.2	
99.1	34.4	
99.3	39.2	
98.9	76.2	
98.9	98.6	
89.2	68.3	
98.7	98	
99.3	68.9	
99.1	58.8	
98.5	65.5	
98.1	58.2	
98.9	86.3	
99.1	83.3	
98.9	94.4	
98.5	69.5	
98.3	67.9	
99.3	97.6	
99.3	74.8	
99.3	55.6	
88.6	99.4	
99.1	69.1	
99.1	79.2	
99.3	59.1	
99.1	86.9	
98.7	99.4	
99.3	83.7	
98.5	15.4	
99.1	96.8	
88.8	96.6	
98.3	98.6	
98.3	95	
99.1	90	
88.6	98	
88.2	94.2	
98.7	99.4	
98.3	89.3	
98.7	88.9	
79.3	98.6	
98.3	99.6	
98.7	99.4	
98.9	99.4	
99.3	99.4	
99.1	99.4	
98.5	99.6	
89	99.4	
98.9	99.6	
99.3	89.3	
99.3	99.4	
99.3	98.6	
99.3	99	
99.3	99.4	
99.3	99.4	
99.1	89.3	
98.5	89.3	
99.1	98.8	
99.3	98.8	
98.7	99.4	
99.1	99.2	
99.3	98.6	
98.5	89.3	
98.9	89.1	
77.9	78.8	
99.3	89.3	
99.1	99	
99.1	98.8	
99.3	79.2	
99.3	99.2	
99.1	99.4	
99.1	99.4	
99.3	98.8	
99.1	99.4	
99.3	99	
98.7	99.4	
99.1	99	
98.9	98.4	
88.8	89.1	
79.3	99.2	
89.4	88.9	
98.3	99.4	
89.2	99.4	
89.2	89.5	
99.1	98.6	
89	99.4	
98.7	88.9	
99.3	89.3	
78.5	89.1	
99.3	79.4	
98.7	99.6	
89	98.8	
89.4	99.4	
99.3	89.1	
98.7	68.9	
99.3	99.6	
99.3	89.3	
89	99.2	
98.7	98.8	
89.4	89.5	
98.9	99.2	
99.3	99.4	
99.3	99.2	
99.1	99.2	
99.1	99.4	
99.1	88.1	
98.7	99.2	
78.7	78.2	
99.1	69.1	
98.9	79.4	
99.3	99.4	
99.1	98.8	
99.3	99.4	
99.3	99	
99.1	89.3	
98.9	99.2	
88.8	99.4	
99.3	99.4	
99.1	99.2	
98.9	99.4	
99.1	99.4	
99.1	89.1	
98.5	99.6	
99.3	89.3	
99.1	79.6	
89.4	99.6	
99.1	99.6	
99.1	89.1	
78.3	99.4	
98.9	99.6	
99.3	89.7	
99.1	99.6	
99.3	99.4	
98.5	99.6	
98.1	99.6	
99.3	99.6	
98.9	89.5	
99.3	99.6	
99.3	99.2	
99.3	99.6	
99.1	99.6	
89.4	99.4	
98.5	99.6	
99.1	89.5	
78.5	99.6	
99.1	88.9	
99.3	99.6	
99.1	99.6	
98.7	99.6	
99.3	99.4	
99.1	99.2	
89.2	89.3	
98.7	99.4	
99.1	89.7	
99.1	59.4	
98.9	99.4	
99.1	99.6	
99.3	99.4	
99.1	99.6	
98.9	99.6	
99.1	79.6	
98.7	99.4	
99.3	99.6	
99.3	99.6	
99.1	99.6	
98.7	98.4	
98.9	99.4	
99.1	99.6	
98.5	99.6	
99.3	99.6	
98.3	89.7	
99.3	99.4	
99.3	99.6	
99.3	89.5	
99.3	99.2	
89.2	99.2	
99.3	99.2	
99.1	99.6	
99.1	69.3	
89.4	98.8	
99.3	98.8	
98.9	79.4	
98.9	99.6	
99.3	99.2	
98.7	99.4	
99.3	89.7	
88.8	99.2	
98.9	99.2	
98.9	99.2	
98.9	99.4	
98.9	99.2	
99.3	99.4	
88.6	99.4	
99.3	99	
99.3	99.6	
99.3	99.2	
99.3	89.5	
99.3	99.4	
99.3	89.5	
99.3	89.1	
98.9	99.2	
99.1	79.4	
99.3	99.6	
99.1	99.6	
89.4	99.4	
98.3	99.2	
99.3	99.4	
99.3	99.6	
98.9	99.6	
99.3	19.2	
89	99.6	
98.7	89.1	
99.1	99.6	
99.3	99.4	
98.9	89.7	
89	99.4	
99.1	99	
89.2	99.4	
99.1	99.6	
97.9	89.5	
99.3	99	
89	99.6	
99.1	99.6	
98.7	98.8	
99.3	99.4	
99.1	99.6	
99.1	99.6	
99.1	99.6	
99.3	99.6	
99.3	89.1	
88.8	99.4	
88.8	99.2	
99.1	68.5	
99.1	99.6	
99.3	99.4	
99.3	99.6	
99.3	99.2	
99.1	99.6	
98.9	99.4	
98.9	99.4	
99.1	89.5	
89	89.1	
89	99.6	
98.7	99.4	
99.1	99.6	
99.1	89.5	
99.1	99.6	
99.3	89.5	
98.9	99.6	
99.3	99.6	
99.3	99.6	
99.3	99.6	
89	89.3	
99.1	99.4	
98.9	89.5	
99.1	99.2	
89	99.4	
99.3	79	
79.1	99.4	
99.1	99.6	
98.7	89.7	
98.7	99.6	
99.1	99.4	
99.1	99	
99.1	99.6	
89	89.1	
99.1	28.5	
99.1	99	
99.3	99.6	
99.1	99.4	
98.7	99.6	
99.3	89.5	
99.1	89.1	
89	99.6	
99.3	99.2	
89	89.3	
99.3	99.2	
99.1	99.4	
98.9	99.6	
68.8	99.6	
89	99	
99.3	99.6	
99.3	99.2	
99.1	89.7	
89.2	99.2	
99.1	99.6	
98.9	99.6	
98.9	89.5	
99.3	99.6	
99.1	99.6	
99.3	89.7	
98.9	99.4	
99.3	99.6	
99.3	99	
98.9	99.6	
99.3	99.4	
99.3	99.4	
99.3	99.6	
99.3	99.6	
99.1	89.7	
88.4	99.2	
99.1	99.6	
99.1	99.4	
99.3	99.6	
99.3	99	
99.3	99.6	
99.3	99.6	
99.3	99.4	
99.1	99.6	
99.3	99.6	
99.3	89.5	
99.1	99.2	
99.1	99.6	
99.3	89.5	
89.4	89.3	
99.3	99.6	
98.7	99.6	
89.4	99.6	
99.1	89.3	
99.3	99.2	
99.3	99.2	
99.3	99.4	
99.3	99.6	
98.9	99	
98.9	99.6	
99.1	89.5	
99.1	99.6	
98.9	99.4	
99.1	89.3	
99.1	99.4	
99.3	99.6	
99.1	38.8	
99.1	99.6	
98.7	99.6	
89.4	89.1	
99.3	99.2	
99.1	99.4	
99.3	99.6	
99.1	99.4	
99.1	99.4	
98.9	99.4	
99.3	99.6	
89	99.2	
97.9	99.6	
99.1	79.6	
78.7	99.6	
99.3	99.4	
89.4	79.2	
99.3	99.6	
99.1	99.2	
99.1	89.7	
99.1	99.6	
98.9	99.2	
98.9	99.6	
99.1	89.5	
88.4	69.3	
99.1	88.7	
98.9	99.4	
89.4	98.8	
99.3	89.5	
98.9	99.6	
98.7	89.1	
99.3	89.3	
99.1	99.6	
99.1	99.6	
99.3	99	
99.3	99.2	
99.3	99.6	
98.9	99.2	
99.3	99.6	
97.9	99.6	
99.1	99	
88.6	99	
99.3	68.7	
89.4	99.6	
99.1	99.6	
99.3	99.4	
88.4	99.6	
89.4	99.6	
99.3	99.2	
99.1	99.4	
99.3	99.4	
99.3	79.4	
98.5	89.5	
99.1	89.7	
99.1	99.6	
99.3	99.6	
99.3	89.1	
99.1	99.6	
98.7	99.4	
99.3	99.4	
98.7	89.5	
89.4	99.2	
98.3	99.6	
99.3	99.4	
98.7	99.2	
99.1	79.4	
98.9	99.4	
99.3	99.6	
99.1	99.6	
99.1	89.5	
98.9	99.2	
99.3	99.2	
99.3	99.6	
99.3	88.9	
99.1	99.6	
98.9	99.6	
98.9	99.6	
79.5	99.6	
98.3	99.6	
99.3	88.9	
99.3	99.4	
98.7	99.4	
89.4	99.2	
99.1	98.8	
98.9	99.6	
99.3	99.4	
99.1	99.6	
98.7	89.1	
98.9	89.7	
99.1	99.6	
98.7	99.6	
89.4	89.1	
99.3	89.5	
99.1	89.5	
98.9	99.6	
89	99.4	
99.3	99.6	
99.3	89.5	
99.1	99.4	
99.3	99.4	
98.9	99.6	
98.9	99.2	
98.7	89.1	
99.1	98.8	
99.1	89.5	
99.1	79.4	
99.1	99.6	
99.1	99.2	
99.1	99.2	
99.3	99.6	
99.1	99.6	
98.7	99.6	
98.9	99.6	
98.9	99.6	
99.3	99.6	
99.1	99.4	
88.8	89.5	
98.5	99.6	
99.1	89.5	
99.3	99	
98.9	99.6	
99.1	99.6	
98.7	99.6	
99.3	99.6	
99.3	99.2	
89	89.3	
99.1	99.6	
99.1	89.5	
89	99.6	
99.3	69.5	
99.1	99.4	
99.1	99.6	
99.1	99.2	
98.9	89.5	
99.3	89.3	
98.9	99.6	
