57.5	-121.4	
35.7	-214.3	
84.6	78.6	
85.2	67.9	
37.6	74	
98.3	89.3	
87.6	78.2	
99.1	89.3	
98.7	78.6	
98.9	99.2	
99.1	98.8	
98.5	99.4	
99.3	99.2	
99.3	98.6	
99.1	99.2	
98.7	99	
99.1	99.2	
98.9	99.2	
87.8	48.9	
97.9	98	
98.9	89.1	
99.1	89.1	
88.6	99.4	
89.4	99	
99.1	87.5	
68.6	58	
95.7	99.4	
48	98.8	
80	99.2	
98.7	99.4	
87.2	99.4	
87.2	88.7	
89.4	88.9	
75.1	98.8	
98.3	98.6	
88.2	78.6	
83	99.6	
98.9	99.6	
95.7	89.5	
99.1	68.7	
78.5	99.4	
88	99.2	
77.9	89.5	
89	99.4	
98.7	99.4	
83.6	99.2	
99.3	99.2	
99.1	68.9	
98.5	99.6	
98.5	89.3	
98.7	98	
88.2	89.3	
99.1	99.6	
89.4	99.4	
79.1	89.5	
99.3	99.6	
89	99.6	
99.1	99	
78.9	99.6	
78.3	99.6	
95.3	8.1	
85	99.4	
89	99.4	
76.9	99.4	
77.2	99.6	
99.3	99.4	
83	69.5	
97.1	99.6	
83.4	89.5	
82.6	99.6	
99.1	99.2	
99.1	77.8	
68.6	28.1	
89	79.4	
98.9	99.4	
88.6	99.4	
89.2	99.6	
78.9	88.5	
78.3	99.6	
88.4	99.4	
69	99.6	
99.1	89.1	
88.4	89.5	
99.3	99.4	
98.9	78.8	
98.9	98.8	
89.4	89.7	
88	99.6	
99.1	69.5	
98.9	99.6	
86.6	98.8	
98.7	99.6	
68.8	99.6	
98.9	79.2	
87.8	99.4	
98.1	89.5	
98.5	26.3	
78.7	79.4	
99.3	68.7	
99.1	99.6	
99.3	88.9	
89	89.5	
98.7	99.4	
99.3	99.6	
88.6	99.4	
99.3	99.6	
89	99.6	
98.7	89.5	
99.1	99.2	
89	89.7	
98.7	79.2	
79.1	99.2	
98.9	99.2	
99.1	68.7	
99.3	99.4	
99.3	89.1	
98.9	89.5	
99.1	89.7	
98.7	89.1	
99.1	99.6	
89.4	99.4	
99.3	99.2	
99.3	58	
99.3	89.5	
98.9	99.2	
98.5	99	
88.8	99.4	
98.9	99	
98.9	78.4	
99.1	89.5	
99.3	99.6	
99.1	89.3	
98.9	99.2	
98.7	99.4	
99.3	89.1	
99.1	99.6	
98.7	99.4	
69	-10.9	
88.6	99.4	
99.1	89.5	
99.1	99.4	
99.3	99.6	
78.7	98.8	
89.4	99.6	
99.3	99.2	
99.3	99.6	
89	78.8	
98.9	99.6	
89.4	89.7	
88.8	99.6	
55.3	79.2	
89	99.4	
98.3	99.2	
77.5	99.4	
86.4	89.5	
98.9	99.6	
98.7	99.4	
98.3	99.4	
99.1	99.4	
99.1	99.4	
98.9	98.6	
98.7	99.6	
89.2	89.5	
99.1	99.2	
99.3	99.6	
98.9	99.6	
89.4	99.6	
99.1	99.6	
99.3	89.5	
99.1	99.6	
88.4	99.4	
98.7	89.3	
98.9	99.6	
99.1	99.6	
89.2	99.4	
98.7	99.6	
99.1	99.4	
98.9	98.8	
78.7	99.4	
99.1	88.3	
98.7	89.5	
89	89.7	
99.1	99.6	
98.7	68.3	
78.9	99	
88.2	99.2	
98.7	99.4	
98.9	68.5	
99.3	99.6	
78.1	99.6	
58.3	99.4	
98.5	99	
98.5	89.3	
99.3	89.5	
88.8	78.2	
98.7	99.2	
99.1	99.4	
89.4	89.3	
98.9	99.4	
97.7	89.1	
98.7	89.7	
99.1	99.6	
99.3	99.6	
89.2	99.6	
99.1	99.6	
99.1	79.2	
98.7	89.5	
88.2	99.4	
99.1	99.4	
98.1	69.3	
99.1	99.6	
98.7	99.4	
88.8	79.4	
89.2	99.6	
99.3	68.9	
98.9	89.3	
99.3	99.4	
99.1	99.6	
99.3	99	
98.7	99.6	
88.8	99.2	
98.9	89.5	
88.8	99.6	
78.5	59.2	
98.7	99.4	
88.8	99.6	
99.3	99.6	
99.1	99.6	
78.9	99.6	
88.2	99.6	
98.9	99.2	
78.3	99	
87.6	99.6	
88	89.7	
88.2	99.6	
99.3	99.6	
68.6	68.7	
89.4	89.1	
88.8	79.2	
98.9	58.8	
97.1	99.6	
98.9	99.6	
88.8	89.3	
99.1	88.9	
98.7	-2.6	
98.9	69.3	
89.4	99.6	
98.7	97.8	
98.9	88.7	
99.1	99	
99.1	99.2	
98.5	99.2	
98.3	88.9	
99.3	69.1	
99.3	99.6	
99.1	99.6	
98.9	57	
89	89.3	
89	99.6	
98.9	99.6	
98.9	99.6	
99.1	99.6	
99.3	99.6	
99.3	89.5	
99.1	79	
99.3	99.6	
89.4	99.6	
88.4	98.2	
98.7	79.4	
99.3	69.5	
99.3	79.8	
87.8	99.6	
99.3	89.3	
98.7	69.3	
99.3	89.7	
99.1	99.4	
98.9	99.4	
98.9	89.1	
99.1	99.6	
98.5	98.8	
89	99.6	
88.8	69.5	
99.3	99.6	
99.1	49.1	
98.9	99.6	
89.2	99	
98.9	99.2	
98.3	99.2	
89	69.1	
98.7	99.6	
68.2	89.5	
98.9	99.4	
99.1	89.1	
99.1	89.7	
88	79.6	
88.8	99.2	
89.2	59.6	
99.3	89.5	
99.3	89.5	
98.9	39.2	
99.1	99.4	
99.1	99.6	
88.6	99.6	
89.4	89.5	
68.2	89.5	
98.7	99.4	
98.9	89.3	
89.2	99.6	
99.1	89.1	
87.4	89.5	
98.1	99.4	
99.3	99.2	
89	99.2	
99.3	99	
99.1	99.6	
98.9	99.4	
88.8	99.4	
88	99.6	
79.5	99	
78.9	99.6	
77.3	89.3	
98.9	79.6	
88.4	99.6	
68.8	99.6	
93.7	99.6	
89	99.4	
89	99	
97.7	99.6	
99.3	99.6	
98.1	99.2	
88.8	99.6	
98.1	8.1	
98.9	79.6	
89.4	99.4	
98.5	99.6	
98.7	99.2	
79.1	99.4	
78.5	89.7	
98.3	99.6	
98.7	89.7	
88.2	89.1	
89	89.7	
88.2	99.6	
98.9	89.5	
78.9	99.2	
99.3	99.6	
99.3	79.6	
88.2	99.6	
98.1	99.4	
78.9	99.6	
87.8	89.5	
89.2	99.6	
88.4	99.6	
78.9	99.4	
99.1	79.4	
99.1	99.6	
98.3	99.6	
99.1	99.4	
86.8	89.3	
88.8	89.7	
97.9	99.6	
99.1	99.2	
98.5	89.7	
97.9	99.6	
89	99.6	
99.1	99.4	
98.9	99.4	
99.1	79	
98.5	99.2	
98.5	99.6	
97.1	99.4	
99.3	89.3	
98.5	18.8	
98.9	89.3	
99.1	79.6	
88.6	89.7	
98.7	99.4	
98.9	89.5	
99.1	89.3	
98.7	99.6	
78.9	99.4	
99.3	99.2	
99.1	79.4	
99.1	99.4	
89.4	99.6	
98.9	79	
89	99.4	
99.3	99.6	
99.1	99.4	
68.8	99.6	
77.5	89.7	
98.9	99.6	
89.4	99.6	
99.1	89.3	
98.5	99.6	
79.3	99.4	
99.3	89.3	
79.1	99.4	
98.5	99.6	
78.5	99.2	
99.3	99	
89	99	
89.4	89.7	
88.4	59.4	
98.3	89.5	
89.2	89.5	
88.8	89.5	
88.8	99.4	
79.5	89.5	
89.2	99.6	
98.7	99.6	
99.1	99.6	
68.8	79.4	
88.8	99.4	
89.2	99.6	
78.7	99.6	
88.8	39	
99.3	99.6	
99.1	99.2	
99.1	99.4	
98.9	88.9	
98.7	89.5	
89	89.5	
98.3	89.7	
99.1	99.6	
98.9	99.4	
47	78.8	
89.2	99.6	
88.8	99.4	
99.3	59.6	
99.3	99.2	
98.9	79.4	
98.9	89.3	
98.9	99.4	
99.3	99.6	
98.9	99.4	
88.8	99.4	
88.8	79.2	
99.1	99.2	
99.3	99.4	
99.3	29.5	
88.2	59.4	
88.6	99.4	
78.3	89.7	
99.3	99	
98.7	59.6	
99.3	99.4	
99.1	89.5	
88.6	99.6	
89.4	99.2	
99.1	99.4	
99.1	98.8	
89	99.6	
89.2	99.4	
99.3	99	
98.9	89.3	
98.5	99.4	
99.1	98.8	
88.4	89.5	
98.9	99.6	
89.2	99.6	
89.2	99.4	
99.1	89.5	
99.3	99.6	
98.7	99	
89.4	79.2	
89.2	79.4	
88.8	99.4	
89.4	99.6	
65.2	89.3	
98.9	99.6	
99.1	99.6	
99.3	99.6	
99.3	99.6	
99.3	89.7	
97.1	99.2	
99.3	89.7	
99.3	89.3	
89	99.6	
98.5	99.6	
89.2	89.3	
89.4	99.4	
99.1	99.2	
88.8	98.8	
98.9	99.6	
89.2	99.6	
88.6	99.6	
89.2	89.7	
78.5	99.2	
98.9	99.6	
68	99.6	
86.8	99.4	
89.2	89.3	
88.8	99.6	
98.7	99.6	
99.1	79.4	
89	99.4	
68.8	99.6	
78.3	99.6	
98.9	99.4	
