46	-10.7	
58.1	69.3	
67.4	-1186.6	
70.5	69.5	
87.6	79.2	
85.8	-14.5	
67.8	79.4	
98.3	17	
98.9	78.8	
63.4	26.3	
88.8	39.2	
99.3	39.4	
98.5	49.3	
75.9	59.6	
87	59.6	
98.1	59.2	
89	69.1	
89.4	79.6	
87.4	79.6	
86.8	59.6	
88.6	59.2	
75.5	69.5	
99.1	68.5	
98.7	48.7	
98.1	44.5	
98.9	59.2	
78.1	87.3	
87.8	58	
97.7	69.1	
98.1	79.6	
77.3	61.3	
97.1	41.1	
99.1	69.7	
98.3	52.4	
58.1	77.2	
78.5	77	
99.1	78.8	
88.6	61.7	
89.2	88.5	
99.3	76.8	
99.1	78.4	
98.7	84.9	
99.3	76	
99.3	56.2	
99.3	98.4	
99.1	77.6	
99.1	59.2	
98.9	77.4	
67	89.3	
98.5	88.5	
98.9	67.5	
99.3	46.1	
99.3	87.1	
99.1	48.1	
98.7	75.8	
99.3	87.1	
99.3	46.9	
98.5	84.7	
98.7	67.1	
88.6	79.3	
98.3	88.9	
87.6	69.8	
98.7	79	
98.3	59.4	
99.3	58.8	
89.2	51.5	
99.1	68.5	
87.4	39.4	
99.1	99.4	
78.7	27.5	
96.7	65.9	
97.3	68.7	
97.9	99.2	
88.2	76.4	
98.5	87.9	
99.3	71.8	
98.7	72.9	
99.3	44.3	
89	85.7	
99.3	80.3	
98.5	99.4	
99.1	54.4	
98.7	86.5	
98.1	91.8	
89.2	56	
79.1	82.9	
98.9	52.3	
98.3	78.4	
86.8	57.7	
88.6	99.4	
97.9	-10.9	
96.5	97.8	
98.3	99.4	
99.1	99.6	
98.9	99.2	
98.9	99.4	
89.2	99.6	
78.1	99.6	
99.1	99.2	
88.6	99.4	
88.2	99.4	
89	88.5	
98.3	99.6	
98.7	99.2	
88.8	99.6	
98.7	98.8	
98.9	99.6	
99.1	99.6	
97.9	99.6	
98.9	99.6	
97.7	49.1	
99.1	99.6	
98.5	99.6	
98.9	99.6	
88.4	89.1	
99.3	88.7	
99.3	89.5	
98.7	99.6	
78.5	28.5	
98.5	99.6	
99.3	79	
98.3	99.4	
88.8	99.6	
98.9	59.6	
99.1	99.6	
98.9	99.4	
99.3	99.4	
89.4	99.2	
97.7	99.2	
99.3	99.6	
99.1	99.2	
99.3	79.6	
99.3	99.4	
78.7	88.1	
98.7	99.4	
98.9	99.6	
88.6	99.2	
99.1	99.4	
99.1	99.6	
78.9	48.7	
99.1	89.1	
98.7	99.4	
99.3	59.2	
99.1	89.7	
89	89.1	
89	99.6	
99.1	69.5	
99.3	99	
97.7	99.4	
99.3	99.4	
99.1	99.6	
99.3	99.6	
98.9	99.6	
99.3	79.4	
88.6	99.6	
99.1	99	
99.3	98.6	
98.1	99.4	
99.1	99.6	
99.1	89.7	
98.5	79.6	
98.3	58.8	
78.7	98.8	
98.9	99.4	
88.8	99.6	
98.7	99.4	
98.9	99.4	
89	99.6	
88.8	99.4	
98.9	88.9	
99.1	99.4	
99.3	89.5	
99.1	99.6	
99.1	99.6	
89.2	99.2	
88.4	99.4	
99.3	99.4	
98.7	99.6	
89	99.6	
98.9	99.6	
99.1	99.6	
99.3	89.3	
88.4	79.2	
98.5	79.2	
99.3	79.6	
99.3	98.8	
99.3	89.5	
99.1	99.6	
99.3	89.1	
99.1	99.2	
99.1	99.4	
89.4	89.1	
99.1	98.8	
78.9	89.5	
88.6	99.6	
89	99.4	
99.3	99.6	
89	99.4	
89.4	69.5	
88.8	99.6	
88.6	99.6	
98.7	98.4	
99.3	99.6	
99.1	99.6	
99.3	28.9	
99.1	99.2	
99.1	89.3	
99.3	69.7	
99.3	69.3	
88.8	99.6	
99.3	99.6	
99.3	99.4	
89.4	99.6	
99.1	99.4	
98.9	99.4	
98.9	99.6	
99.3	99.6	
98.7	88.7	
99.3	99.6	
99.3	99.4	
99.1	79	
89	79	
98.5	99.6	
98.1	99.4	
99.3	69.1	
99.1	99.6	
89.4	79.6	
79.3	98.8	
99.1	99.6	
98.7	77.8	
98.9	99.2	
99.1	97.4	
99.1	99.6	
99.1	99.2	
98.9	99.6	
99.1	99.4	
99.3	79	
99.1	99.6	
99.1	99.4	
98.9	99.4	
99.3	69.3	
88.6	99.4	
98.3	99.6	
99.3	99.4	
67.8	99.6	
89	79.2	
89.4	99	
99.1	99.2	
99.1	99.6	
98.9	79.6	
89	79.2	
89.2	99.6	
98.9	99.6	
98.9	99	
88.8	69.5	
98.9	99.6	
99.1	99.6	
99.1	99.2	
99.1	99.6	
98.7	68.7	
98.9	89.3	
99.1	99.6	
98.9	99.2	
98.5	79.6	
99.3	79.2	
98.9	78.4	
99.1	99.6	
89	89.3	
98.7	99.4	
89.2	99.4	
99.3	79.4	
99.3	79.6	
78.9	99.2	
99.3	99.6	
68.4	99.4	
99.3	99.6	
88.2	77.6	
88.4	78.8	
98.5	99	
99.3	89.3	
89.4	99.6	
99.3	99.6	
99.3	99.6	
99.3	99.4	
98.9	99.6	
78.1	99.6	
99.3	99.6	
98.3	99.6	
98.5	99.4	
99.1	99.4	
98.9	79.4	
88.4	99.6	
98.7	99	
99.3	98.8	
99.3	99.6	
99.3	99.6	
98.9	99.6	
79.1	59.4	
99.1	99.6	
89.2	58	
99.3	99.6	
98.9	69.3	
99.1	99.6	
79.1	99.6	
99.3	99.2	
89	98.4	
98.9	99.6	
98.9	99.6	
99.3	99.4	
88.8	99	
99.1	99.4	
98.3	99.4	
88.8	69.3	
98.7	89.5	
89.2	79.2	
99.3	99.6	
99.3	79.2	
99.1	99.2	
98.9	38.4	
98.9	99.6	
98.9	99	
99.1	69.5	
99.1	99.6	
98.7	29.1	
89	99.4	
89.2	89.7	
98.7	99.6	
99.1	88.9	
98.9	99.6	
89.2	99.6	
99.3	99.6	
89	99.2	
99.3	99.6	
99.1	99.6	
99.3	99.4	
98.9	59.6	
89	89.3	
98.9	99.6	
89	99.6	
99.1	99.4	
99.3	49.1	
97.5	99.6	
98.3	99.4	
98.7	39.2	
78.9	99.6	
99.3	99.4	
88.8	99.6	
98.7	99.6	
99.3	99.4	
89.2	99.6	
88.6	99.2	
99.3	79.2	
99.3	99.4	
98.7	99.6	
89.4	99.4	
89.4	79.4	
99.1	99.6	
78.9	19.2	
98.7	99	
99.3	99.4	
88.8	99.6	
99.3	79.4	
98.9	79.4	
98.9	99.6	
99.3	89.1	
99.1	89.5	
98.9	99.6	
98.9	99.4	
99.1	99.2	
99.1	89.5	
88.6	99.4	
98.9	99.4	
88.6	99	
89.2	99.6	
89.2	69.5	
99.3	99.6	
88.8	99.6	
89.4	89.5	
89.4	99.4	
99.1	99.6	
99.3	89.5	
98.9	99.2	
99.3	99.6	
88.6	99.6	
99.1	99.4	
99.3	99.6	
79.1	89.5	
99.1	99.4	
99.3	99.4	
98.7	99.4	
68.6	99.4	
98.7	99.6	
88.8	99.6	
79.3	99.6	
98.9	89.7	
99.1	99.4	
89.2	99.6	
98.7	89.5	
98.5	99.4	
99.3	99.6	
89.2	99.2	
89.2	89.3	
98.9	99.2	
99.3	99.4	
89	68.5	
98.9	59	
99.1	99.2	
88.8	99.4	
99.3	99.6	
98.3	89.5	
89.2	99.6	
99.3	89.7	
98.1	99.4	
89.2	99.4	
99.3	99.4	
99.3	89.3	
99.3	99.6	
89	99.4	
98.5	99.6	
98.9	99.4	
89	99.4	
99.3	89.5	
88.2	49.3	
98.5	99.6	
89	99.6	
98.9	99.6	
98.7	89.5	
99.1	98.8	
89.2	99.2	
98.9	99.6	
99.3	89.5	
99.3	99.4	
99.1	98.6	
99.1	99.6	
99.1	99.4	
99.3	99.2	
99.3	99.2	
78.7	99.4	
98.7	99.2	
99.3	89.3	
99.3	89.7	
99.3	28.5	
98.9	89.3	
88.8	99.4	
99.1	79.2	
98.7	99.2	
89.2	99.6	
98.9	99.4	
99.3	79	
99.1	99.6	
99.3	99.4	
99.1	99.6	
98.7	99.4	
98.7	99.4	
99.1	99.2	
99.1	99.6	
99.1	99.6	
98.7	68.9	
98.9	99.6	
88.2	99.4	
99.1	99.6	
99.3	79.6	
98.9	99.4	
99.1	99.6	
99.1	99.4	
98.5	99.4	
99.1	99.6	
98.9	89.7	
78.7	89.5	
99.3	79.4	
98.9	99.4	
99.3	99.6	
98.9	99.6	
99.3	99.6	
89.4	98.6	
89	89.5	
99.3	98.4	
78.9	89.5	
98.9	99.4	
99.3	89.3	
89	99.6	
99.3	99.6	
89.2	99.4	
99.1	89.7	
98.9	99.6	
99.3	99.6	
99.1	69.3	
99.3	99.6	
89	99.4	
98.7	99.4	
99.1	99.4	
99.3	99.2	
99.3	89.3	
98.7	99.6	
89.2	89.5	
89	79.6	
89.4	99.6	
99.3	99.2	
99.1	99.4	
78.9	99.6	
