23	9.1	
89	9.1	
43.2	97.2	
98.3	99.2	
88.8	98.6	
77.3	98.8	
98.3	99.2	
89.2	99.6	
98.9	99	
98.3	99.2	
77.7	99.4	
99.3	79.4	
68.4	89.1	
80.2	89.7	
98.5	99.6	
87.4	99.4	
-30	99.6	
70.9	59.2	
98.9	99.4	
97.1	99.6	
98.3	99.6	
88.6	99.6	
88.2	99.6	
98.5	99.6	
99.1	99.4	
99.3	99.6	
98.9	99.6	
98.7	99.4	
88.8	99.6	
99.3	89.5	
98.7	99.6	
99.1	99.6	
89.4	99.4	
88	89.3	
98.1	99.2	
98.1	89.5	
99.3	99.6	
99.1	78.8	
98.9	99.6	
89.4	99.6	
97.3	99.2	
98.9	99.2	
99.3	99.2	
99.1	99.6	
99.1	99.6	
99.3	89.3	
89.4	99.6	
96.3	99.6	
99.3	89.5	
99.1	89.7	
88.4	99.6	
98.9	89.3	
98.7	99.4	
88.8	89.3	
98.9	89.5	
99.3	99.4	
99.1	99	
99.1	99.6	
98.9	99.6	
89.2	89.7	
99.1	99.6	
98.5	99.2	
99.3	99.4	
98.9	99.6	
99.3	99.6	
88.4	99.6	
98.5	89.7	
99.3	99	
99.3	99.6	
98.9	99.6	
98.3	89.5	
88.8	99.6	
99.1	99.6	
99.3	99.6	
99.3	98.8	
99.1	99.6	
99.3	99.4	
98.9	99.6	
99.3	99.6	
89	99.2	
98.9	99.6	
99.1	99.6	
99.3	99.4	
98.7	99.6	
89.2	99.6	
97.9	99.6	
97.5	99.6	
98.7	99.6	
99.3	99.6	
99.3	99.6	
99.1	99.4	
88	99.4	
99.3	99.4	
99.1	99.6	
89.2	99.6	
99.1	99.4	
99.3	99.4	
99.1	89.1	
99.1	99.4	
89	99.6	
99.3	99.6	
99.3	99.4	
98.7	99.6	
89.2	89.7	
99.3	99.6	
99.3	99.2	
98.7	89.5	
89.4	99.6	
99.1	89.5	
98.9	99.6	
89.4	99.6	
99.1	99.4	
69.2	99.6	
99.1	99.6	
99.1	99.4	
99.1	9.1	
99.3	99.2	
79.1	99.4	
98.1	89.7	
89.4	99.6	
99.1	99.4	
98.5	99.6	
99.1	99.6	
99.3	99.6	
89.2	99.6	
89.4	89.7	
89.2	99.6	
53.5	99.6	
97.5	69.3	
88.8	99.4	
88.6	99.6	
69.4	99.6	
99.3	89.7	
98.9	99.6	
98.7	99.6	
99.3	99.6	
99.3	99.4	
98.7	99.4	
98.1	99.6	
99.1	99.6	
99.3	99.6	
99.3	99.4	
99.3	99.6	
99.3	99.2	
98.9	99.6	
98.9	99.6	
89	49.3	
88.8	89.7	
99.3	89.3	
99.3	99.6	
98.3	99.4	
98.5	99.4	
99.1	99.6	
88.4	99.4	
99.1	99.6	
98.9	99.4	
98.9	99.6	
99.1	99.6	
99.1	99.6	
98.9	99.6	
99.1	99.4	
99.3	99.6	
98.9	99.4	
99.1	99.6	
99.3	99.6	
98.1	99	
99.3	99.6	
99.3	99.4	
78.9	99.4	
99.1	89.5	
85.8	99.6	
96.1	99.6	
99.1	99.4	
98.5	99.6	
94.9	99.6	
99.1	99.6	
98.3	99.6	
99.3	89.5	
88.4	99	
99.1	99.4	
99.1	59	
89	99.6	
99.3	99.6	
99.1	99.6	
99.3	99.6	
98.1	99.4	
98.9	99.6	
99.3	79.2	
99.3	99.4	
89	99.6	
99.1	99.6	
98.9	99.4	
98.7	99.6	
99.3	99.6	
89	89.1	
97.3	89.1	
88.6	99.6	
72.7	99.4	
98.9	99.6	
88.8	99.4	
99.1	99.6	
99.1	99	
99.1	99.4	
99.1	99.4	
88.8	99.6	
99.1	99.6	
99.3	99.4	
98.5	99.4	
98.9	89.7	
99.3	89.5	
89.4	99.2	
99.3	99.6	
99.1	99.6	
98.9	99.6	
99.3	99.6	
99.1	99.6	
99.1	99.6	
89.2	99.6	
96.9	99.6	
99.3	59.6	
88.8	89.7	
99.1	99.6	
89	99.6	
98.9	99.4	
99.3	99.6	
99.1	89.7	
99.1	99.6	
97.9	99.6	
99.3	99.4	
99.3	99.6	
89.4	99.4	
99.3	79.6	
99.3	79.6	
99.1	99.6	
99.3	99.6	
99.1	99.6	
99.1	99.6	
99.3	99.6	
99.3	88.9	
99.3	59.2	
99.1	99.6	
99.3	99.4	
99.1	89.7	
99.3	99.6	
89.2	99.6	
78.7	99.6	
89.4	99.4	
89.4	89.3	
99.3	79.6	
99.1	89.7	
99.3	89.5	
89.4	79.6	
99.3	89.7	
98.7	89.5	
99.3	89.7	
99.3	89.7	
98.9	89.5	
98.7	89.7	
98.5	89.7	
89.2	89.7	
99.3	99.4	
98.7	99.6	
79.5	99.4	
89	89.5	
98.3	79.6	
99.3	39.4	
88.4	89.7	
98.9	99.6	
99.3	99.2	
98.7	79.2	
96.9	89.1	
99.1	49.1	
99.1	79.2	
99.3	99.6	
99.1	99.6	
99.3	99.6	
98.5	99.6	
99.3	99.4	
88.6	99.4	
79.3	99.6	
99.3	99.6	
99.3	99.6	
89.2	89.5	
98.9	99.6	
99.1	99.6	
79.3	99.6	
89.2	89.7	
99.1	99.6	
98.9	99.4	
99.3	99.6	
99.1	99.2	
99.3	99.6	
89.2	99.4	
99.3	99.4	
89.2	99.6	
89.2	89.3	
98.1	99.6	
99.3	99.6	
88.6	99.6	
99.3	89.5	
99.1	99.6	
88.6	99.4	
99.3	99.6	
89.2	99.6	
78.9	99.6	
98.1	99.2	
98.7	99.6	
98.7	99.6	
88.6	99.6	
99.3	99.6	
88.8	99.6	
99.1	99.4	
99.3	99	
99.1	99.6	
79.3	99	
99.1	99.6	
88.6	99.6	
99.1	99.6	
98.7	89.3	
88.6	99.4	
98.5	99.6	
98.5	99.6	
98.7	99.6	
78.9	89.5	
89.2	79.6	
78.5	89.7	
89	59.4	
96.3	89.7	
94.1	79.6	
98.9	89.7	
98.5	89.3	
99.1	89.7	
99.1	79.6	
99.3	89.7	
98.9	89.7	
98.9	89.7	
89.2	89.7	
88.4	79.6	
99.3	89.7	
99.1	89.7	
98.9	79.6	
98.7	89.5	
89	99.4	
99.1	79.6	
85	89.7	
97.5	89.7	
94.5	89.7	
98.5	89.5	
98.3	99.6	
99.3	89.5	
88.2	99.4	
98.7	89.7	
89	89.7	
99.3	69.5	
99.1	99.6	
99.3	99.6	
98.7	99.6	
98.7	99.6	
98.9	99.6	
99.3	99.6	
88.4	99.4	
99.3	99.4	
99.1	89.5	
99.1	99.6	
98.9	99.6	
88.8	89.3	
89.4	99.6	
99.1	89.7	
98.7	99.6	
99.3	99.6	
99.1	99.6	
99.3	99.6	
98.5	99.6	
98.7	99.6	
99.1	99.6	
99.1	99.6	
98.7	99.6	
89.4	99.6	
89	99.6	
99.3	99.6	
99.1	99.4	
99.3	89.5	
99.1	89.7	
98.3	89.7	
98.9	89.5	
98.7	79.6	
98.9	89.7	
99.1	89.7	
98.5	99.6	
99.3	89.7	
99.1	99.6	
78.9	89.7	
89.4	99.6	
89.4	99.4	
78.9	99.6	
88	99.6	
88.6	99.6	
89	99.6	
89.2	99.6	
89.4	99.4	
89.4	99.6	
89.4	99.6	
89	99.6	
79.3	99.4	
79.3	79.6	
89	99.6	
89.2	99.6	
89.2	99.6	
89.4	99.6	
89.2	89.1	
89	99.4	
89.4	38.2	
89.2	99.6	
89.2	88.9	
89.4	99.6	
89.2	99.2	
89.2	99.6	
89.2	99.6	
89.4	79.6	
89.4	99.6	
89.2	99.6	
89.4	99.6	
89.4	99.4	
88.8	99	
88.8	99.6	
89	99.6	
99.3	99.6	
89.4	99.6	
88.6	99.6	
99.3	99.6	
99.3	99.4	
98.5	99.6	
99.1	99	
79.1	99.6	
98.3	89.7	
98.1	99.6	
99.1	88.9	
89.2	99.2	
99.3	99.6	
99.1	99.6	
98.7	99.6	
88.6	99.6	
99.1	99.6	
99.1	99.6	
88.8	99.6	
88.8	99.4	
88.2	89.1	
99.1	99.6	
99.1	99.6	
99.1	99.4	
79.3	99.4	
98.7	99.6	
99.3	99.4	
98.5	99.6	
98.5	99.6	
99.3	99.4	
99.3	99.6	
99.1	99	
89.2	99.6	
99.3	99.6	
99.3	99.6	
99.3	99.6	
98.9	99.6	
88.4	99.6	
98.1	99.6	
98.5	99.4	
99.3	59.2	
89	99.6	
99.3	99.2	
99.3	99.6	
99.3	89.3	
99.1	99.6	
99.1	99.6	
99.3	99.2	
99.1	99.6	
98.7	99.2	
98.5	99.6	
99.1	99.6	
98.7	99.4	
89.4	99	
99.1	99.6	
99.3	99.6	
99.3	89.3	
99.3	99.6	
98.9	99.6	
98.9	99.6	
99.3	99.4	
98.9	99.6	
99.1	99.4	
99.1	99.2	
98.9	89.5	
89	99.6	
99.3	99.6	
98.3	99.6	
89.4	99.6	
99.3	99.6	
99.3	99.6	
87.2	99.6	
89.2	99.6	
89.4	99.6	
