-16.6	-154.9	
58.3	28.3	
75.9	49.1	
85	-51.5	
64.6	28.3	
66	99.2	
22.1	-41.4	
68.4	59.2	
98.5	69.1	
89	28.9	
87.8	19.2	
99.3	48.9	
97.7	59.4	
98.5	-10.9	
98.1	98.2	
85	99.4	
88	38.8	
97.5	17.8	
80.6	49.3	
97.1	99.2	
95.5	59.4	
88.6	-1.6	
98.9	89.3	
76.9	19.2	
89.2	69.1	
99.3	69.7	
87.8	88.3	
77.3	58	
88.8	59.2	
98.9	-2.6	
89.2	58	
88.6	78.4	
74.7	99	
98.5	67.5	
98.1	89.3	
68	68.9	
87.8	89.3	
88.6	69.3	
99.1	89.5	
97.3	89.5	
89	49.1	
89	69.1	
88.2	79.2	
98.1	69.5	
99.1	89.5	
65	89.5	
98.5	88.7	
88.8	89.3	
96.5	89.5	
99.3	68.9	
98.7	88.3	
89	89.5	
88.6	89.1	
98.7	99.2	
87.8	79	
68.6	68.9	
98.7	89.5	
97.9	99.6	
98.7	88.7	
97.3	99.4	
93.1	89.1	
99.1	98.4	
89.4	99.6	
88.6	99.2	
98.9	89.3	
99.1	99.6	
89.2	99.4	
99.3	89.5	
99.1	99.6	
98.3	89.1	
99.1	79	
98.7	99.6	
88.6	89.5	
98.1	99.6	
89.2	99	
77.1	99.6	
89.4	99.4	
98.9	99.6	
98.5	89.5	
79.5	99.6	
79.3	99.6	
98.9	68.5	
78.5	99.4	
78.1	99.6	
96.5	99.6	
98.3	99.4	
99.3	99.2	
98.9	79.2	
99.3	89.5	
99.3	99.2	
97.9	99.4	
99.3	99.6	
98.9	99.2	
98.7	99.6	
89.2	99.6	
89	99.4	
98.5	99.6	
98.9	99.6	
98.3	99.6	
99.1	99.4	
89	89.5	
88.6	88.9	
99.1	99	
99.1	98.8	
98.7	88.9	
89	99.6	
88.8	89.7	
88.8	89.5	
99.3	89.1	
99.1	99.4	
89.4	99.6	
58.5	99.2	
99.3	98.2	
78.1	99.6	
88.8	99.6	
89	89.3	
98.7	88.9	
98.5	89.3	
88.6	99.2	
89.2	99.4	
98.9	99.2	
88.6	99	
98.7	99.4	
89.2	99.2	
88	99.6	
98.9	39	
78.7	99.4	
88.6	99.6	
98.5	89.3	
98.1	78.8	
88.8	78.6	
88.4	99.4	
99.1	79.6	
99.3	99.6	
97.9	99	
99.1	89.5	
77.5	99.4	
89	88.9	
98.9	99.6	
99.1	99.4	
99.1	69.3	
98.7	39	
98.5	89.3	
98.5	89.1	
89.2	98.6	
98.3	98.6	
79.5	99.2	
98.9	89.7	
98.9	99.4	
99.3	99.2	
88.2	99.6	
98.9	98.8	
98.7	99.4	
78.3	89.1	
99.1	99.4	
78.5	99.6	
97.5	99.4	
98.7	89.7	
89.4	99.6	
98.5	99.4	
99.3	99.6	
98.9	69.7	
57.3	89.5	
98.9	99.2	
99.3	98.8	
99.1	99.4	
98.7	99.6	
99.1	79.2	
99.3	99.4	
98.3	89.7	
99.1	99.4	
99.1	99.6	
98.7	58.2	
98.5	89.5	
99.3	99.4	
99.3	79.2	
89.2	89.7	
89	99.4	
99.1	99.4	
99.1	99.6	
89	79.2	
98.5	99.2	
78.1	99	
99.1	89.5	
98.9	89.3	
98.9	99.6	
89	99.6	
88.2	99.6	
99.1	89.1	
98.3	79.2	
98.9	89.7	
99.3	99.6	
88.2	99	
78.3	99.2	
77.7	99.4	
98.7	99.4	
98.9	99.6	
99.1	98.8	
67.6	89.5	
87.8	49.5	
89	99	
98.9	89.3	
98.5	99.4	
89	99.6	
99.1	89.5	
99.1	89.3	
97.7	68.3	
99.3	99.6	
99.3	99.4	
99.1	99.6	
77.5	99.4	
99.3	99.4	
98.9	79.4	
98.5	79.2	
98.7	89.5	
57.3	99.2	
89	99.4	
99.3	98.8	
99.1	79.2	
89	99.6	
99.1	99.4	
99.3	89.7	
99.1	99.6	
89.2	99.6	
98.9	89.5	
99.1	99.4	
98.7	89.5	
79.1	99.6	
89.4	88.9	
99.1	79.4	
88.8	99.2	
89.2	99.2	
99.1	98.8	
99.3	89.5	
89.4	99.4	
98.9	69.5	
98.9	68.3	
99.1	79.8	
98.5	99.2	
79.1	99.6	
99.1	59.6	
88.2	99.2	
98.7	79.2	
88.8	99.6	
99.1	99.2	
78.9	99.6	
99.3	99.2	
99.3	79.4	
98.5	89.3	
98.7	99.4	
99.1	89.3	
98.7	99.4	
98.1	99.6	
99.1	99.2	
98.7	89.1	
99.1	99.2	
87.8	99	
99.1	99	
99.3	38.2	
89	99.4	
99.3	99.4	
99.3	89.3	
98.9	99.6	
78.5	99.4	
98.9	79.8	
89	89.5	
98.7	38.6	
89.2	99.6	
88.8	99.2	
98.5	99.4	
98.9	99.6	
99.1	68.9	
98.9	89.3	
99.3	88.9	
99.1	79.6	
98.9	99.6	
89.2	88.7	
89.2	99.6	
98.3	99.2	
89.2	99.6	
98.5	89.5	
99.1	99.4	
89.4	59.4	
89.2	99.4	
88.2	89.5	
99.1	99.4	
99.1	99.4	
88.8	99.6	
99.3	99.2	
88.8	99.4	
98.7	99.4	
89.2	99	
88.8	99.4	
99.1	69.5	
89	99.6	
88.2	99.6	
99.3	99.4	
99.1	99.6	
99.1	99.4	
98.7	99.6	
98.9	99.4	
98.9	99.6	
99.3	99.6	
99.1	99.6	
99.1	99.2	
97.9	89.5	
99.3	99.6	
88.6	99.4	
89	99.4	
89.2	79.4	
99.3	99.6	
98.9	69.3	
98.9	48.7	
89.2	79.2	
99.3	89.3	
98.7	98.8	
98.9	89.5	
99.3	99.2	
98.7	99.4	
88.6	99.4	
99.3	99.4	
99.3	99.6	
89.4	99.6	
98.7	99.4	
99.1	99.6	
98.5	39.4	
89	99.6	
98.5	99.4	
99.3	79.8	
99.3	99.4	
98.7	88.9	
98.5	99.6	
99.3	99.6	
99.1	88.7	
98.5	99	
98.5	99.6	
98.9	99.6	
98.7	79.4	
98.5	99.4	
98.9	88.9	
98.9	89.7	
88.8	79.4	
99.3	99.6	
98.9	69.5	
99.3	99.4	
99.3	99.4	
88.6	79.8	
78.7	89.3	
99.3	99.6	
99.1	99.6	
97.9	99.2	
98.5	99.4	
98.9	79.4	
99.1	99.6	
98.3	99.4	
99.3	99.2	
99.3	99.6	
98.3	99.6	
88.8	99.6	
98.1	99.6	
88.4	99	
98.9	89.3	
98.9	99.6	
99.3	99.4	
67.6	89.3	
89	99.6	
98.9	99.4	
98.9	99.6	
98.5	39.2	
98.9	99.4	
89	89.3	
99.1	89.5	
78.9	99.6	
98.7	79.8	
99.1	99.2	
98.9	98.4	
99.1	99.6	
98.7	88.7	
98.9	99.6	
98.9	99.6	
99.3	99.4	
99.1	99.6	
98.9	99.2	
78.3	99.6	
99.1	99.4	
99.1	99.2	
78.5	99.4	
99.1	99.6	
89.2	99.6	
88.2	99.6	
98.7	89.5	
89	99.6	
79.1	99.6	
99.1	69.5	
99.1	79.2	
99.1	89.5	
99.1	79.8	
99.3	99.6	
58.7	99.6	
89	99	
99.1	99.4	
98.9	99.6	
89.2	99.6	
98.3	99.6	
98.9	99.2	
77.5	99.4	
79.1	99.6	
89.4	99.4	
98.9	99.6	
99.3	89.3	
89.2	99.4	
99.3	98.6	
99.3	89.1	
99.3	99.2	
99.1	99.6	
79.3	98.8	
98.9	99.6	
98.7	79.4	
98.9	99.6	
98.1	98.6	
99.1	79.2	
98.9	89.1	
98.7	79.4	
78.5	99.4	
99.1	99.6	
98.7	99.2	
89.4	89.3	
89.2	89.5	
98.7	99.6	
89.2	88.9	
79.3	99.6	
98.7	78.6	
99.1	89.3	
98.9	89.1	
98.7	99.6	
99.3	99.6	
99.3	99	
98.9	99.6	
99.1	99.6	
99.1	99.6	
99.1	99	
99.3	99	
47.6	79.6	
99.3	99.4	
99.3	89.7	
98.1	99.2	
98.9	99.4	
98.5	99.6	
99.1	89.3	
99.3	89.5	
98.7	79.8	
89.2	99.6	
98.9	99.2	
99.3	89.3	
98.9	89.3	
99.3	99.4	
98.9	89.1	
78.9	99.6	
88.8	79.6	
99.3	98.4	
99.3	99.4	
99.3	99.4	
99.1	99.6	
98.9	99.6	
99.3	99.6	
98.5	99.4	
99.1	79.4	
79.1	99.6	
98.5	59	
99.3	99.2	
99.3	89.5	
99.1	99.6	
88.2	99.4	
98.9	99.4	
99.3	69.5	
98.7	89.5	
78.1	99.6	
99.1	99.6	
98.9	89.1	
99.3	99.6	
99.1	89.5	
98.5	89.7	
98.1	99.4	
79.3	99.6	
99.3	79	
98.7	99.2	
89	69.3	
99.3	99.4	
98.7	89.3	
99.3	89.5	
98.7	99.6	
88.6	99.4	
89.4	89.3	
98.9	89.3	
79.3	89.3	
88.6	89.3	
99.3	99.4	
99.1	99.6	
89.4	89.5	
98.7	89.5	
