78.1	99	
-76.8	99.6	
36.7	-81	
78.5	17.6	
66	-123.4	
76.1	28.9	
75.7	-4.6	
48.4	-1.6	
36.5	69.7	
66.4	89.3	
98.9	78	
97.7	59.2	
97.9	69.1	
88.2	97.6	
57.9	99.2	
99.3	39	
25.2	99.6	
34.3	67.7	
89.4	79	
97.7	99.4	
76.3	59.4	
88.2	89.3	
78.9	68.3	
99.1	38	
86.4	79.6	
89.4	99.6	
87.4	99.4	
97.5	89.5	
98.1	89.3	
98.5	99.4	
76.1	99	
89	59.2	
89	99.2	
78.9	89.5	
88.8	89.3	
78.3	49.5	
79.1	79.6	
98.7	28.9	
97.9	48.1	
86	99	
87.8	89.5	
87.4	49.3	
79.1	99.4	
78.1	88.9	
88.6	28.7	
78.5	6.9	
57.1	99.6	
86	89.3	
97.5	99.4	
96.7	89.5	
99.1	98.8	
98.9	99	
87.8	99.6	
98.1	68.3	
66.6	99.4	
95.9	99.4	
85.4	69.5	
66.4	99	
97.1	89.7	
87.8	89.1	
58.3	99.4	
48.2	89.5	
95.5	89.5	
88.6	89.1	
66.8	69.5	
98.5	99.6	
89.2	79.6	
25.6	99.4	
88.4	8.9	
88.2	49.5	
78.5	99.6	
89	89.1	
97.9	99.6	
46.4	39.4	
99.3	79.6	
99.1	78.8	
98.9	99.4	
88.8	89.5	
78.3	99.4	
99.1	99.4	
78.3	99.6	
78.7	99.6	
78.7	79.6	
76.9	99.2	
97.5	89.7	
98.7	89.1	
88.2	99.4	
98.1	99.6	
79.3	99.2	
78.1	99	
87.8	69.5	
57.1	99.6	
98.1	99.6	
97.9	-0.8	
86.8	39	
46.2	99.2	
98.9	99.6	
58.3	99.4	
87	99.6	
78.9	79.6	
98.9	69.1	
67.8	99.2	
78.7	99.6	
55.5	99.6	
99.1	79	
98.3	-11.7	
4.8	68.9	
99.1	79.4	
98.1	99.4	
99.1	78.6	
78.3	89.7	
88	99.4	
79.1	99.2	
88.4	79.6	
99.3	98.2	
88.8	99.4	
43.8	99.6	
98.7	89.5	
89	89.7	
87.2	69.5	
89	89.3	
86.2	99.4	
85	89.3	
69	89.1	
79.1	88.9	
86.8	79.6	
89.2	99.6	
69.2	69.1	
98.3	39.2	
88.6	59	
99.1	99.6	
78.5	88.7	
98.9	99.6	
87.8	99.4	
98.3	98.6	
88.6	99.2	
78.1	99	
87.4	-31.1	
88.6	88.9	
98.9	78.2	
89.2	79.6	
68.6	99.4	
88.6	89.5	
98.5	88.5	
78.3	99.6	
87.6	89.1	
58.1	99.6	
99.1	99.4	
98.9	98.8	
96.9	88.9	
98.9	99.4	
78.3	98.8	
98.5	99.2	
76.1	89.1	
56.1	99.6	
98.7	79.6	
86.6	99.6	
98.1	99.4	
97.1	99	
89	98.4	
96.1	38.8	
78.1	-41.2	
88.2	88.7	
97.7	89.7	
46.2	68.9	
99.1	18.6	
87.4	69.5	
58.7	99.6	
89	88.9	
78.3	89.5	
78.7	98.8	
99.1	89.7	
88.6	79.8	
79.3	59.6	
99.1	79.6	
48.8	99.6	
88	99.4	
88.2	89.7	
87.8	89.1	
89.2	79.6	
96.5	99.6	
87.4	99.2	
88.8	98.8	
89.4	99	
33.3	59.2	
88	69.7	
67.6	88.9	
78.7	99.4	
89.2	99.6	
69	78.8	
98.1	48.9	
88.6	88.7	
75.9	59.2	
99.3	99.4	
98.1	99.2	
78.9	88.5	
98.7	99.6	
79.3	99.6	
78.5	89.7	
88.4	99.6	
98.3	89.1	
88.8	99.4	
68.2	99.6	
54.1	57.4	
98.3	98.6	
98.1	49.1	
88.2	99.6	
56.9	89.3	
89	99.2	
89.2	99.6	
98.3	89.5	
88.8	69.7	
47.6	89.5	
88.8	99.4	
98.5	99.2	
99.1	79.2	
88.8	88.7	
99.1	39	
88.4	99.2	
88.4	89.5	
68.2	99.6	
98.9	79.8	
77.9	99.6	
88.2	99.4	
98.5	99.4	
87.8	79.8	
99.1	79	
99.3	48.7	
66.8	99	
88.6	69.3	
88.8	99.6	
58.5	99.6	
77.9	89.3	
99.1	99.6	
89	89.5	
89	99.4	
67.8	99.6	
77.5	79.4	
88.4	89.3	
78.1	89.1	
98.9	89.7	
99.1	89.1	
58.3	89.5	
98.3	99	
98.3	89.1	
99.3	99	
99.1	58.2	
78.5	49.1	
99.1	98.2	
77.9	99.6	
59.3	99.6	
88.6	88.3	
88.6	99.2	
78.3	99.6	
77.7	88.9	
98.3	89.5	
99.1	99.2	
77.9	89.3	
99.1	89.5	
88.6	99.4	
99.1	99.6	
56.7	99.4	
88.4	59.8	
68.8	59.4	
99.1	99.6	
78.5	89.1	
99.1	99.6	
78.7	99.4	
99.3	99.4	
98.9	89.3	
99.1	99.6	
87.8	99.2	
99.1	89.7	
79.1	78.2	
68.2	99.4	
78.3	99.6	
77.9	69.5	
88.8	89.7	
98.7	79.6	
89.2	88.5	
88.6	99	
89	58.4	
88.8	99.4	
88.6	89.1	
98.3	89.7	
98.3	49.1	
88.6	98.2	
67.4	99.4	
98.1	69.1	
57.9	79	
78.5	99.6	
68.8	99.6	
89.2	99.6	
98.5	99.6	
88.6	89.5	
88.8	89.5	
87.8	89.7	
66.8	99.4	
76.9	89.3	
76.7	99.6	
89.2	89.3	
67.4	59.6	
79.1	99.4	
98.5	89.5	
48.6	99.6	
78.9	99.2	
88.2	99.6	
68	89.1	
98.7	99.6	
88.6	89.5	
76.3	89.3	
98.9	89.5	
67.6	99.6	
88.8	69.3	
89.2	99.6	
98.9	99.4	
89	18.8	
87.4	99.6	
67.4	69.7	
97.9	78.4	
99.1	38.2	
58.5	99.4	
98.9	99.2	
97.1	89.1	
67.8	79.2	
99.1	79.6	
77.7	99.6	
78.1	99.4	
98.9	78.8	
88.2	99.6	
78.5	89.5	
89	99.6	
98.9	89.5	
88.6	99.4	
88.6	79.4	
68.6	89.5	
98.5	99.6	
88.6	99.4	
99.1	99.6	
99.3	89.1	
66.6	49.3	
98.7	77.8	
87.8	89.7	
78.5	88.9	
99.3	89.7	
58.3	99.4	
98.5	99.4	
97.3	38.6	
77.7	59.6	
98.5	99.4	
76.9	99.6	
98.9	79	
24	69.7	
97.3	99.4	
89	99	
79.1	79.4	
88	59	
99.1	79.2	
96.5	78.6	
88	89.3	
98.5	99.4	
88	18.8	
99.3	99.2	
88	89.5	
58.5	79	
78.5	99.6	
98.9	99.4	
99.3	99.4	
55.5	79.4	
88.8	99.6	
88.8	89.7	
98.3	99.6	
88.4	58.6	
78.1	99.6	
89.2	78.8	
79.3	79.4	
88.8	99.6	
77.7	99.6	
99.3	69.5	
89.4	99.6	
99.1	49.5	
79.3	99	
58.3	99.6	
98.9	98	
98.9	88.9	
88.8	79.2	
97.7	99.4	
89	99	
56.7	99.6	
78.3	-11.3	
98.7	98.4	
89.4	99.4	
78.3	99	
68.6	48.9	
98.9	89.1	
98.5	99.6	
79.1	89.5	
69.4	99.2	
78.9	79.4	
78.3	99.6	
99.1	69.5	
99.1	99.2	
47.2	79.6	
98.3	99.6	
79.3	99.2	
99.3	89.7	
88.2	99.6	
88.8	89.5	
99.3	89.5	
58.3	99.4	
88	89.5	
77.5	69.3	
78.9	79.2	
88	69.3	
88.2	99.6	
98.7	99.4	
97.9	79.2	
57.1	49.5	
98.5	99.6	
99.1	89.7	
97.9	78.6	
88.6	98.8	
88	99.6	
99.3	89.5	
98.7	88.5	
88.4	99.6	
98.9	99.6	
87.8	59.4	
79.3	99.6	
88.6	99.2	
98.5	99.4	
77.9	78.6	
67.2	99.6	
67.4	89.7	
69	99.2	
47.6	99.6	
89	79.2	
98.7	89.7	
99.3	99.6	
98.3	89.5	
88.4	99.6	
88.6	99.2	
79.3	99.2	
98.5	99.6	
78.5	99.2	
69.2	89.5	
88.8	99	
89.4	99.4	
78.9	89.3	
88.8	99.2	
57.9	89.5	
87.6	89.1	
98.9	78.6	
87.8	88.7	
89	99.2	
67.2	89.7	
99.1	98.8	
78.7	99.6	
88.2	99.2	
67.8	99	
67	99.6	
88.2	79.4	
77.5	89.3	
68	99.6	
98.7	89.5	
68.2	99.4	
88.4	99.2	
88.8	89.5	
98.5	18.6	
98.1	99.6	
79.1	99	
98.1	89.3	
47.4	99.6	
88.6	89.1	
89	98.8	
98.7	99.6	
99.3	79.4	
99.3	99.6	
78.5	99.6	
88.4	99.4	
98.1	99.6	
68.4	99.6	
79.5	88.9	
98.5	99.6	
89.4	99.6	
77.3	89.1	
75.1	29.1	
88	99.2	
26.2	99.4	
87.6	99.2	
88.2	89.7	
98.9	99	
88.8	99.6	
89	99.4	
54.1	99.4	
88.8	99.2	
98.3	89.5	
87.2	99	
96.9	99.6	
98.9	58.8	
