46	-161.4	
57.9	-113.9	
86.6	79	
66.8	78	
67.8	76.6	
65.4	99.6	
99.1	99.6	
84.2	99.6	
88.6	99.4	
77.5	99	
96.7	99.6	
89	99.6	
95.7	99.6	
93.7	99.6	
98.3	99.4	
98.5	99.4	
86.8	99.6	
89.2	99.6	
87.1	98.4	
98.5	99.4	
87.4	-102.2	
71.7	99.6	
84.4	97	
74.9	99.2	
88.5	99.4	
98.7	99.4	
98.3	99.2	
98.9	99	
99.3	99.6	
98.1	99.4	
99.1	99.2	
79.1	99.4	
98.1	89.7	
89.2	99.2	
88.2	99	
98.3	99.6	
87	99.2	
97.7	99.4	
78.5	99.6	
88.6	89.3	
95.1	28.9	
98.7	99.6	
76.7	89.3	
99.3	99.2	
99.3	99.6	
98.9	99.4	
99.1	99.6	
98.5	99.6	
98.7	99.6	
99.3	99.6	
99.1	99.6	
99.3	88.9	
78.5	79	
78.9	99.6	
98.9	99.6	
99.1	98.8	
99.1	99.4	
98.7	99.4	
99.3	99.6	
98.9	99	
89.2	99.4	
97.9	99.2	
98.7	79.2	
99.3	99.2	
98.9	89.5	
99.3	99.6	
98.3	49.1	
99.3	99.6	
77.7	99.4	
99.3	89.3	
99.3	99.4	
99.3	99.6	
96.9	99	
99.1	99.6	
98.9	89.5	
89	39.2	
98.5	89.7	
98.9	79.6	
87.8	89.7	
98.9	89.7	
99.1	89.7	
98.5	89.5	
99.1	89.7	
88.4	89.7	
99.1	89.7	
99.3	89.7	
99.3	89.7	
98.5	89.7	
99.3	89.5	
99.1	59.2	
98.9	69.7	
98.9	89.7	
98.5	89.7	
99.3	89.7	
89.2	89.7	
98.9	89.7	
98.9	59.2	
98.7	59	
87.6	69.3	
89	89.5	
99.1	89.5	
98.9	89.7	
99.3	79.6	
98.7	69.5	
88.2	79.6	
88.4	89.7	
99.1	49.5	
99.1	39.4	
99.3	89.7	
89.2	89.3	
99.3	89.7	
99.1	89.5	
89	99.6	
98.9	99	
98.5	99.6	
99.3	89.3	
99.1	89.3	
79.3	99.4	
89	99.6	
99.1	99.6	
89.4	99.6	
99.3	99.2	
99.1	99.2	
98.3	99.2	
99.3	99.6	
98.9	99.6	
89.2	99.6	
99.3	99.4	
98.7	99.6	
98.7	99.6	
99.3	99.4	
99.1	99.6	
99.1	99.6	
99.3	99.6	
98.1	79.6	
89.4	99.2	
99.1	99.4	
69	99.6	
89.2	99.6	
78.9	99	
89.2	89.7	
99.1	88.9	
88	99.6	
98.7	99.4	
98.7	99.4	
98.7	99.6	
99.1	99.6	
89.2	99.6	
99.3	99.4	
98.3	99.4	
99.1	99.6	
99.3	99.2	
78.7	99.6	
99.3	99.6	
89.4	99.4	
78.7	99.6	
99.3	99.6	
99.1	99.6	
98.9	99.4	
99.3	99.4	
99.1	99.4	
98.3	89.5	
99.3	99.6	
99.1	89.7	
98.7	59.6	
98.5	79.8	
88.2	89.5	
99.3	99.6	
78.5	99.6	
98.9	99.2	
99.1	99.4	
89	99.6	
88.4	99.2	
88.2	99.6	
69	99.6	
98.5	99.6	
98.3	99.2	
99.3	99.6	
98.9	79.8	
98.9	88.5	
89.2	99.6	
89.2	99.6	
79.3	99.6	
97.7	99.4	
98.1	99.2	
98.9	99.6	
98.7	99.2	
97.3	79.2	
97.5	99.6	
98.7	99.6	
98.5	99.6	
99.1	99.4	
98.7	89.5	
98.5	99.2	
98.7	99.6	
98.9	99.6	
99.3	99.4	
99.3	99.6	
88.6	99.6	
99.3	99.6	
99.1	99.6	
98.1	99.6	
98.9	79.8	
99.3	99.2	
89	99.6	
88.4	99.4	
99.3	89.1	
78.1	99.6	
98.9	99.6	
98.3	99.6	
98.9	99.4	
99.1	99.2	
88.8	99.2	
99.1	99.4	
98.9	99.2	
89.2	99.6	
99.3	99	
98.9	99.6	
99.3	99.6	
99.3	99.6	
98.9	99.6	
99.1	89.3	
88.4	99.6	
99.1	99.4	
99.3	89.5	
98.9	99.6	
99.3	89.3	
99.3	89.7	
98.9	99.6	
99.3	89.1	
99.3	99.6	
99.3	99.4	
99.3	99.4	
99.3	99.4	
89	89.5	
89.4	99.6	
98.5	99.6	
99.1	98.6	
98.9	99.2	
99.1	99.2	
98.7	99.6	
98.9	99.6	
98.9	99.2	
89	78.8	
99.3	99.6	
99.3	99.2	
89.4	99.6	
99.3	99.6	
98.9	99.6	
99.3	88.9	
99.1	89.5	
88.8	99.4	
99.3	99.6	
99.1	99.6	
98.9	99.6	
99.1	68.7	
99.1	99.6	
89.2	99.6	
99.1	99.4	
99.3	99.2	
89.4	99.6	
99.3	99.6	
98.9	99	
98.9	79.8	
99.1	99.4	
99.3	99.4	
89.4	99.4	
98.7	99.4	
98.9	99.4	
99.3	89.7	
99.3	89.5	
99.3	98.8	
98.7	89.5	
98.9	99.4	
99.1	99.6	
98.5	99.4	
89.2	99.4	
98.9	68.9	
89.4	79.8	
99.3	99.6	
99.3	89.7	
98.9	99.6	
88.8	99.4	
88.4	99.6	
89.2	99.4	
98.7	89.7	
98.3	99.6	
99.3	99.4	
79.3	99.6	
98.9	99.6	
98.7	99.4	
99.3	79.2	
99.1	99.6	
99.3	99.4	
88.6	99.6	
99.3	99.2	
99.1	99.6	
88.8	99.4	
98.7	99	
99.3	99.6	
89	99.4	
98.7	89.3	
98.7	99.2	
99.1	99.6	
99.3	99.6	
99.3	99.6	
98.7	99.4	
79.3	99.4	
99.3	89.5	
99.1	98.8	
99.3	99.6	
98.5	99.6	
98.7	99.6	
98.9	99	
99.3	99.4	
98.7	99.6	
99.1	99.2	
89.2	79.2	
99.3	58.8	
99.3	99.2	
99.3	99	
88.8	99.4	
99.3	99.6	
98.9	69.3	
89.4	99.6	
99.3	99.6	
99.1	99.2	
99.1	99.4	
88.4	99	
98.9	69.7	
99.3	99.4	
98.7	99.6	
88.8	89.7	
98.9	89.3	
89	99.6	
98.9	99.6	
98.9	99.6	
98.7	99.2	
98.9	99.6	
89.4	79.8	
89	99.6	
89.2	99.6	
98.9	99.6	
98.9	99.6	
99.1	99.4	
88.4	99.6	
99.3	89.5	
98.9	88.1	
89.2	99.6	
99.1	99.4	
99.3	99.4	
89	99.6	
99.1	99.4	
98.9	99.4	
98.5	99.6	
98.7	99.2	
99.3	99.6	
78.5	99.6	
99.3	79.4	
99.3	89.3	
99.3	89.5	
99.3	99.4	
88.8	99.6	
99.3	99.4	
99.1	99.4	
99.3	99.6	
99.1	99.6	
99.1	99	
98.7	99.6	
89.2	99.6	
99.3	99.6	
99.1	79.6	
98.7	49.1	
98.5	99.4	
88.8	99.2	
98.5	79.4	
98.9	99.2	
99.1	88.5	
78.3	99.2	
98.9	89.1	
99.1	99.6	
99.1	99.6	
98.9	99.4	
99.1	99.6	
89.2	99.6	
99.3	99.6	
89	99.4	
98.9	89.5	
98.9	69.7	
98.9	99.6	
99.3	99.6	
79.3	99.4	
98.7	99.6	
99.3	99.6	
89	99.6	
99.3	99.4	
89	99.4	
98.9	99.6	
99.3	89.1	
98.9	89.7	
99.1	99.6	
99.1	99.6	
89.4	99.4	
98.7	99	
89.4	99.4	
98.9	99.6	
99.3	89.5	
99.1	89.7	
99.1	89.7	
89.4	89.7	
89.4	89.7	
98.9	28.9	
99.3	89.3	
88.6	89.7	
89.2	99.4	
99.1	99.2	
98.5	89.3	
99.1	79.8	
89.2	79.6	
78.7	79	
99.1	99.6	
98.9	99.6	
99.1	99.6	
99.1	99.6	
89.2	99.6	
89.2	99.4	
99.1	89.3	
99.1	99.6	
89.4	89.5	
99.1	99.6	
69	99.6	
99.1	78.6	
89	89.1	
99.1	89.5	
89.4	99.6	
89	99.6	
79.5	99.6	
88.8	99.6	
99.1	99.6	
89	99.4	
98.9	89.7	
99.1	99.4	
88.8	99.6	
98.9	99.6	
77.7	99.6	
67.6	89.3	
98.9	99.6	
88.8	99.6	
99.1	99.2	
89.2	99.6	
99.3	89.7	
99.3	89.5	
99.3	99.2	
98.9	99.6	
99.3	99.6	
99.1	99.6	
88.6	99.6	
99.1	99.6	
88.8	99.2	
78.9	99.2	
88.2	99.6	
89.2	99.6	
98.7	99.6	
98.7	99	
78.7	99.4	
88.8	89.1	
89	99.6	
98.9	89.3	
79.1	89.5	
88.8	99.6	
99.1	79.8	
98.9	99.6	
99.1	89.5	
99.1	99.6	
98.9	99.6	
98.9	99.6	
99.3	89.1	
98.5	59.6	
99.3	69.5	
99.3	99.6	
98.9	99.6	
98.9	99.4	
88.6	99.4	
99.3	89.1	
99.1	99.6	
98.9	99.6	
99.3	99.4	
99.1	89.3	
99.3	99.6	
78.1	99.4	
99.3	99.6	
77.5	79.6	
99.1	99.2	
99.3	79.4	
99.3	99.6	
89	89.5	
89	99.4	
67.6	89.3	
89.4	99.6	
79.3	99.6	
