36.3	-261.6	
54.3	-50.9	
78.1	-61.6	
57.1	-285.2	
67.6	29.3	
98.3	79	
87.6	88.7	
-12.1	39.2	
32.7	29.3	
96.5	28.9	
47.4	69.7	
64	17	
95.9	26.9	
98.7	49.3	
99.3	66.5	
98.9	57.8	
98.5	87.5	
97.9	69.3	
98.7	89.5	
87	68.7	
88.8	85.9	
97.9	77.6	
97.7	78	
99.3	55.2	
95.1	83.1	
89	88.1	
78.5	27.7	
98.1	99.2	
58.5	68.7	
99.1	96.6	
99.3	67.1	
88.4	88.9	
88	73.4	
78.3	99.2	
99.1	35.5	
97.7	99.2	
98.9	88.5	
99.3	69.3	
98.3	99	
98.9	99.2	
87.4	86.3	
98.3	78.4	
86.8	20.9	
88.8	96.6	
87	67.5	
98.3	89.3	
89	69.5	
78.1	75	
98.7	98.8	
98.7	88.7	
98.9	96.8	
99.3	-11.7	
88	79.2	
99.3	88.9	
99.3	88.5	
98.7	89.1	
98.7	98.8	
98.9	99.2	
89.2	79.6	
88.6	89.5	
98.7	69.1	
87.6	88.9	
89.2	69.5	
98.9	99.6	
88.8	79.2	
78.1	99.6	
97.9	99	
98.1	-22	
98.1	99.6	
98.7	99.6	
99.1	89.1	
99.3	78.8	
99.3	89.5	
88.8	89.5	
99.1	99.4	
98.7	99.6	
98.7	79.4	
88	99	
98.9	88.7	
87.6	68.7	
69	89.3	
87.8	69.7	
88.4	99.6	
87.4	79.2	
97.3	39	
97.7	78.6	
98.7	99.2	
98.3	79.4	
98.3	99.4	
98.5	89.5	
98.7	78	
98.1	78.2	
78.3	99.4	
88.6	89.3	
68.8	98.8	
99.1	89.1	
88.6	89.5	
78.7	99.4	
67	98.8	
97.5	59.6	
87.2	99.4	
79.1	89.3	
87.8	99.6	
88.8	99.4	
79.1	68.9	
99.3	89.3	
89.2	48.9	
78.5	98.8	
98.9	89.5	
97.9	99.2	
58.1	78.8	
88.4	58.4	
98.1	99.6	
99.3	69.1	
98.9	79.4	
88.8	39	
98.9	69.1	
88	79.6	
88.8	99.4	
99.3	99.2	
98.9	79.2	
78.5	89.5	
98.7	98.8	
98.7	99.4	
99.1	99.6	
99.1	99.2	
98.9	88.9	
78.1	99.6	
98.5	98.8	
88.8	89.1	
99.3	99.6	
99.3	99.4	
99.1	59	
88.6	99.6	
98.9	89.5	
88.8	99.2	
88.6	99.2	
98.7	99.2	
88	89.3	
99.1	89.7	
98.1	99.6	
89	79	
89	99.6	
89.4	98.4	
89	89.5	
88.6	38.6	
88.2	89.3	
77.9	99.2	
77.3	99.6	
99.3	99.4	
98.3	88.5	
89.2	98.6	
89.4	78.6	
99.3	99	
99.1	99.6	
87.6	99.4	
87.8	99.6	
98.9	98.6	
98.7	99.4	
99.1	79.2	
98.5	79.6	
89	99.6	
99.1	89.3	
97.7	89.5	
98.7	79.2	
89.4	99.6	
98.3	99.2	
98.5	99.4	
88.8	69.1	
89	79.4	
78.5	99.4	
89	99	
87.6	99.4	
98.9	79.2	
98.9	99.4	
98.3	99.6	
99.3	69.7	
98.9	99.4	
67.6	99.2	
99.1	99.4	
98.7	99.6	
89.2	79	
98.5	99.6	
88.8	99.6	
98.1	89.5	
97.9	99.6	
89	88.7	
99.1	79.4	
99.3	99.6	
88	59.4	
99.3	99.2	
98.3	99.2	
78.5	99.4	
99.3	98	
88.4	68.9	
77.7	99	
87.2	98.8	
98.5	99.4	
89.4	79.6	
98.7	99.4	
88.6	99.4	
99.3	79.6	
88.6	99.4	
99.3	89.3	
99.1	58.8	
98.7	58.8	
99.1	69.7	
99.3	98.6	
88.8	79.8	
99.3	99.6	
98.7	89.3	
98.3	99.4	
98.9	99.6	
88.8	99.4	
98.7	98.2	
98.9	88.9	
98.3	99	
98.9	99.2	
98.9	99.6	
99.3	98.6	
98.7	88.9	
98.5	99.2	
98.7	99.4	
98.7	89.7	
98.7	99.6	
98.5	99.6	
99.3	99.4	
89	99.6	
88.4	99.4	
98.1	89.5	
98.7	89.5	
88.4	99.6	
97.7	99.6	
99.1	79.6	
99.3	99.6	
99.1	99.6	
98.3	67.9	
99.3	99.4	
99.3	89.1	
98.9	99.4	
98.3	99.6	
79.1	29.3	
87.8	99.2	
99.3	99.4	
98.7	88.7	
99.3	99.4	
98.5	99.6	
57.3	99.2	
99.1	99.4	
89.2	89.3	
98.5	99.6	
98.7	99.4	
99.1	79.2	
98.9	99.2	
98.9	69.5	
97.7	89.7	
57.5	89.5	
98.3	99.6	
99.1	99.6	
98.9	98.8	
89	99.6	
99.1	99.4	
89.4	89.3	
99.3	89.5	
48.8	99.4	
89	99.6	
88.8	99.6	
98.7	99.6	
98.5	99.6	
88.8	99.4	
98.5	99.4	
89.4	57.6	
98.7	99.4	
99.1	89.5	
79.1	89.5	
98.9	99.6	
88.2	99	
98.9	99.6	
97.9	99.4	
99.3	99.6	
99.1	99.2	
78.9	99.6	
88	99.6	
98.1	99	
98.3	99.6	
98.3	99.6	
88.6	79	
98.5	89.5	
98.7	99	
98.9	79.4	
77.9	89.5	
98.5	99.6	
98.9	99.4	
88.8	99.6	
99.1	89.5	
98.5	99.6	
46.6	69.1	
98.3	89.1	
89.4	99.6	
98.7	99.2	
98.7	79.6	
88	79.4	
99.3	89.1	
98.9	99.4	
97.9	99.4	
78.9	99.4	
56.5	99.2	
98.9	49.5	
98.5	89.5	
99.3	99.2	
89.2	89.1	
99.1	89.3	
87.8	99.4	
98.5	99.4	
99.1	49.3	
97.1	99.6	
78.9	79.6	
78.7	98.8	
98.7	99.2	
68.4	89.7	
98.9	99.6	
99.3	79.8	
88.6	99.6	
99.3	79.8	
98.9	99.2	
97.9	69.5	
98.5	99.6	
99.1	89.1	
98.9	89.3	
98.3	99.4	
98.9	99.4	
88.8	99.2	
88.8	89.5	
88.8	99.6	
97.3	99.6	
89.4	79.4	
98.5	99.4	
99.3	99.6	
89	89.3	
99.1	99.6	
99.1	89.1	
89	99.6	
98.7	99.6	
98.7	88.5	
88.8	99	
98.7	99.2	
99.1	99.6	
98.5	98.8	
99.3	99.4	
98.9	99.6	
98.3	99.4	
57.1	99.2	
98.9	89.5	
98.9	99.4	
98.3	98.8	
98.5	99	
87.6	89.5	
98.9	89.1	
98.1	99	
98.1	99.6	
99.1	99.6	
68.4	59.2	
99.1	99.6	
88.8	89.5	
99.3	99.4	
98.3	89.5	
89	99.6	
78.1	99.6	
99.1	79.2	
98.7	89.5	
97.7	99.2	
77.7	89.3	
79.1	99.6	
98.9	89.5	
88.4	99.6	
99.1	99.6	
99.1	99.6	
98.5	99.6	
97.1	79.6	
89	48.9	
99.1	99.2	
98.7	88.3	
98.9	99.6	
98.7	99.6	
98.9	99.4	
99.3	79	
98.9	89.3	
99.1	99.2	
98.9	99.2	
99.1	99.6	
99.3	89.3	
89.4	98.6	
88.8	99.4	
77.9	99.4	
87.6	99.4	
99.3	99	
99.3	89.5	
88.8	99.4	
99.1	89.3	
78.5	99.4	
88.4	99.6	
98.9	99.4	
99.1	69.7	
98.7	88.9	
99.1	99.6	
98.9	78.4	
68.4	99.6	
58.1	99.6	
89	99.2	
97.7	99.2	
99.1	99.6	
88.4	89.7	
99.1	79.6	
79.1	99.6	
88.2	99.6	
98.7	99.4	
79.3	99.6	
99.1	99	
99.1	99.4	
99.3	98.8	
98.9	89.7	
98.9	39.6	
98.9	59.4	
98.3	99.6	
87.4	99.6	
79.1	99.4	
98.1	99.2	
89	99.6	
79.1	99.6	
99.3	99.6	
98.9	99.6	
99.3	99.6	
98.7	99.6	
99.1	99.6	
88.8	69.3	
99.1	99.4	
88.4	99.4	
99.3	49.1	
98.5	99.4	
98.9	88.7	
99.1	89.5	
98.3	99.4	
98.9	99.2	
88.4	99.6	
89.2	99.6	
99.3	99.6	
98.3	99.4	
89	99.6	
99.1	99.6	
99.1	99.4	
78.9	99.2	
88.2	89.3	
88.8	89.7	
99.3	99.4	
78.3	79.4	
88.8	99.2	
78.7	68.7	
98.7	99.4	
98.9	69.7	
98.3	79.4	
98.5	99.4	
99.1	68.5	
98.9	99.4	
99.1	99.6	
79.3	89.5	
99.1	79.4	
99.1	89.1	
98.7	99.6	
89	99.4	
98.7	79.4	
98.9	99.6	
78.5	99.6	
99.3	99.2	
99.1	99.4	
89	99.4	
88	99.4	
88.6	89.5	
99.3	99	
99.3	99.4	
99.1	99.6	
98.7	98.8	
89.4	99.6	
88.2	99.2	
99.1	99.4	
98.9	98.4	
98.5	79.6	
98.9	89.7	
99.3	69.3	
99.3	99.2	
98.9	99	
99.3	99.2	
98.9	99.4	
99.3	99.6	
98.9	99.2	
89	99.6	
88.6	89.7	
98.5	99.6	
97.3	89.1	
89.4	99.4	
88.6	49.5	
