78.5	-604.2	
36.9	17.7	
65.4	48.1	
66	-95.1	
24.2	59.4	
98.9	-39.9	
88.4	75.4	
77.9	31.4	
96.7	-49.8	
98.9	84.1	
84.8	92.8	
98.5	76.4	
97.5	76.6	
98.9	57.3	
98.9	31.5	
72.5	80.5	
24.7	87.3	
-49.8	78.6	
-20.1	98.6	
-20.1	95.2	
-20.1	82.7	
-20.1	92.6	
-30	68.3	
53.8	98.6	
71.2	88.6	
97.9	90	
91.3	99	
99.3	-20.1	
94.9	96	
99.3	64.6	
98.7	48	
96.1	87.9	
99.1	88.7	
97.9	88.1	
98.9	77.2	
97.7	62.1	
99.1	99	
99.3	92.6	
96.7	77.5	
98.9	96.4	
99.3	58.3	
98.9	88.3	
98.9	86.1	
77.9	98.4	
98.7	53.4	
98.7	91.6	
94.7	93	
99.3	58.4	
99.3	68.6	
89.2	69.5	
98.9	78.6	
99.3	87.5	
99.3	68.4	
99.3	62.1	
99.1	71.4	
99.3	49.1	
99.1	87.9	
99.1	73.4	
89	86.1	
99.3	86.9	
98.9	89.3	
99.1	89.5	
99.3	87.9	
98.9	89.5	
99.3	88.1	
98.9	89.5	
99.1	68.9	
98.9	89.1	
99.3	88.9	
99.1	78.4	
99.1	89.1	
98.5	89.5	
99.3	89.3	
99.3	89.3	
99.3	79.4	
98.9	89.5	
89	89.5	
99.3	99.6	
99.3	89.5	
98.9	89.5	
99.3	89.3	
99.3	89.5	
99.3	89.5	
99.1	89.1	
99.1	58.6	
99.1	79.2	
99.1	79.4	
99.3	89.5	
99.3	89.5	
99.1	89.3	
99.3	79.6	
99.1	89.5	
99.1	89.5	
99.1	89.5	
99.3	89.5	
99.1	89.5	
89	89.5	
99.3	89.5	
98.9	79.4	
99.3	89.5	
99.3	89.5	
99.3	89.5	
99.3	89.5	
99.3	89.5	
99.3	89.5	
99.1	69.3	
99.3	89.5	
98.9	79.4	
99.3	79	
99.1	79.4	
99.1	89.1	
99.3	89.5	
99.1	89.1	
99.1	89.5	
99.3	89.5	
98.7	89.5	
99.3	89.5	
98.9	89.5	
99.3	89.1	
98.7	89.5	
87.8	79.6	
99.1	89.5	
99.1	88.9	
99.3	79.4	
98.9	89.5	
89.2	99.6	
99.1	89.5	
98.7	79.2	
99.3	89.3	
99.3	89.1	
99.3	89.5	
99.1	79.4	
99.3	89.5	
98.9	89.5	
99.3	89.5	
99.3	98.8	
99.1	99.2	
98.9	89.5	
99.1	89.5	
98.9	89.5	
99.3	89.3	
99.3	99.6	
99.3	99.6	
99.1	69.5	
99.3	79.2	
99.3	99	
98.7	89.5	
89.2	79.4	
98.9	99.4	
99.3	99.4	
99.1	99.6	
98.9	99.6	
99.3	99.6	
99.3	99.6	
99.1	99.4	
99.1	99.6	
98.9	99.6	
98.7	79.6	
99.3	99.4	
99.1	89.1	
79.1	99.6	
98.7	99.4	
99.1	99.6	
99.3	99.6	
99.3	99.4	
99.3	99	
99.3	99.4	
99.1	99.6	
99.3	99.6	
99.3	99.4	
99.3	99.4	
98.3	99.6	
89.2	99.4	
99.3	99.4	
99.3	89.5	
99.3	99.6	
99.3	99.6	
99.3	99.6	
99.3	99.6	
99.1	99.6	
89.2	99	
99.3	99.6	
98.9	89.3	
99.1	99.6	
99.1	99.6	
99.1	89.5	
99.3	99.6	
99.3	99.6	
99.1	99.4	
99.1	99.4	
99.1	99.6	
99.3	99.6	
98.9	99.6	
99.1	99.6	
98.7	99.2	
99.1	99.6	
99.1	79.2	
99.3	99.6	
99.3	99.4	
99.1	99.6	
89.2	79.4	
89.2	99.6	
98.7	99.6	
99.3	99.6	
98.7	99.6	
98.9	99.2	
98.5	99.6	
89.2	99.6	
99.3	99.6	
99.3	99.6	
98.9	89.1	
99.3	99.6	
98.7	99.2	
99.3	99.2	
99.3	99.2	
99.3	99.6	
98.9	99.6	
98.9	99.6	
99.1	99.6	
88.4	99.6	
99.3	99.6	
98.7	89.5	
99.1	99.6	
99.3	99.6	
99.3	99.6	
99.3	99.6	
99.3	79	
99.1	99.6	
89.2	99.6	
99.3	99.4	
88.8	99.6	
99.3	99.2	
99.1	99.6	
99.1	98.6	
99.1	99.6	
98.9	99.6	
99.3	99.2	
99.3	69.3	
88.6	99.6	
99.3	99.6	
99.1	89.3	
99.3	99.6	
99.3	99.6	
99.3	99.6	
99.3	99.6	
99.1	99.4	
99.1	99.6	
99.3	99.6	
98.7	99.6	
99.3	99.6	
99.1	99.6	
99.3	99.6	
99.1	99.6	
98.9	99.4	
99.3	99.6	
99.3	99.6	
99.1	99.6	
99.3	99.4	
99.3	89.5	
99.3	99.6	
99.3	99.6	
99.3	79.6	
99.1	99.6	
98.9	99.4	
99.1	99.6	
98.9	99.6	
99.3	99.6	
89.2	69.5	
99.3	79.6	
98.9	79.4	
89	99.6	
98.7	89.5	
98.5	99.6	
99.3	99.6	
98.9	99.6	
98.9	89.5	
89	99.6	
99.3	99.6	
99.3	99.6	
98.9	99.6	
99.1	89.5	
98.9	79	
99.1	99.6	
99.1	99.2	
99.1	99.6	
99.3	99.4	
99.3	99.6	
99.3	99.6	
98.7	99.6	
98.9	99.6	
88.8	99.4	
99.3	99.4	
99.3	99.6	
99.3	99.6	
99.1	99.6	
99.3	99.6	
99.3	99.6	
99.3	99.4	
99.3	99.6	
99.3	99.6	
98.9	99.6	
99.3	99.6	
99.1	99.4	
88.8	58.8	
99.3	99.4	
99.3	99.6	
99.1	99.4	
99.3	99.6	
88.8	99.6	
99.1	99.6	
99.3	99.4	
99.3	99.6	
99.1	79	
98.9	99.6	
99.3	99.6	
99.3	79.6	
99.1	99.6	
99.1	99.6	
99.3	99.6	
99.3	99.6	
99.1	99.4	
99.3	99.6	
99.1	99.6	
98.9	99.6	
99.3	99.6	
98.9	99.6	
99.3	99.6	
99.3	99.6	
99.1	99.6	
99.3	99.6	
99.3	99.6	
99.1	99.6	
99.3	99.6	
99.3	99.6	
99.1	99.6	
99.1	99.4	
89.2	99.4	
99.3	99.6	
99.3	99.6	
99.3	69.5	
99.3	99.6	
98.9	99.6	
89.2	99.6	
99.3	99.6	
99.3	79.2	
99.3	99.2	
98.7	99.6	
99.3	99.2	
98.9	99.6	
99.3	99.6	
99.3	79.6	
99.1	99.6	
98.7	99.6	
99.1	99.6	
99.3	99.6	
99.1	99.6	
89.2	99.6	
89	99.6	
99.3	99.2	
99.3	69.3	
99.3	99.4	
99.3	99.6	
89	99.6	
99.3	99.6	
99.3	99.6	
99.3	99.2	
99.3	99.6	
98.7	99.6	
99.3	99.6	
99.3	99.6	
99.3	99.4	
89.2	99.2	
99.3	99.4	
98.7	99.6	
99.3	99.6	
99.3	79.2	
98.5	79.4	
99.1	99.6	
99.3	99.6	
89	99.6	
99.1	58.8	
99.1	99.6	
99.1	99.6	
99.3	99.6	
98.9	99.6	
99.1	79.4	
99.1	99.6	
99.1	99.6	
99.3	99.6	
98.9	99.6	
99.3	99	
99.3	99.6	
99.3	99.4	
99.3	99.6	
99.1	79.4	
99.1	99.6	
98.9	89.5	
99.1	99.4	
99.3	99.2	
99.3	99.4	
99.1	99.4	
99.1	39.2	
99.3	98.6	
98.9	99.6	
99.3	99.6	
98.5	99.6	
99.3	99.6	
99.3	99.4	
99.3	99.4	
99.1	99.6	
98.9	99.4	
99.3	79.2	
99.3	69.3	
98.5	99.6	
99.1	99.2	
99.1	99.6	
99.3	99.6	
99.3	99.6	
99.3	99.2	
98.9	99.6	
99.1	99	
98.7	99.6	
99.1	99.6	
99.1	69.3	
99.3	79.4	
98.9	99.4	
99.1	99.6	
99.1	99	
99.3	99.6	
99.3	79.6	
98.9	99.6	
98.9	99.6	
99.3	99.6	
99.1	99.6	
99.3	99.4	
99.3	79.2	
99.3	99.6	
99.1	99.4	
99.3	99.6	
99.3	99.6	
89.2	99.2	
98.9	99.6	
99.1	99.6	
99.1	69.3	
98.7	99.6	
99.3	99.6	
99.3	99.2	
99.3	99.6	
98.9	99.4	
99.3	99.4	
88.2	99.6	
98.9	99.6	
99.1	99.4	
89.2	99.6	
99.1	99.2	
99.3	99.6	
98.9	99.6	
99.3	89.5	
99.1	99.6	
89	99.6	
98.9	99	
88.8	99.6	
98.9	99.6	
99.3	99.6	
99.3	99.6	
99.3	99.6	
99.3	99.6	
99.3	99.6	
99.1	69.5	
99.3	99.6	
98.5	99.6	
98.7	99.6	
98.7	99.6	
99.3	99.6	
99.1	99.6	
99.3	98.8	
99.1	99.2	
99.3	99.6	
99.3	99.6	
99.1	99.4	
99.3	99.6	
99.3	99.6	
99.3	99.6	
99.3	99.4	
99.3	99.6	
99.3	99.2	
99.1	99.6	
99.1	99.4	
99.3	89.5	
99.3	89.1	
99.3	89.5	
99.1	99.6	
99.1	79.4	
88.8	99.6	
99.1	99.6	
99.3	99.4	
98.7	79.4	
99.3	99.6	
99.1	99.6	
99.3	99.6	
