46.8	-211.5	
78.3	-436.1	
97.5	49.3	
77.7	19.2	
88	-62	
78.5	-0.8	
86.8	9.1	
66.4	39	
98.7	59.4	
97.5	38.2	
97.9	69.7	
88.4	89.1	
98.5	68.5	
66.4	38.6	
88.6	68.5	
89.4	49.7	
98.1	76.8	
85.6	85.9	
46.2	79.2	
93.3	78	
78.5	88.9	
87.4	69.5	
98.3	66.5	
98.1	69.1	
98.1	68.7	
88	99	
85	2.5	
98.9	77.6	
86.6	86.1	
77.5	68.1	
84.4	55	
89	72.8	
83.6	87.5	
96.3	66.9	
88.6	57.3	
95.7	76.2	
84.7	56.2	
97.9	79.4	
94.5	99	
69.9	74.4	
78.9	71.8	
99.1	88.7	
99.3	89.3	
98.5	89.1	
78.3	66.7	
98.3	79.2	
98.7	38.6	
88.8	57.4	
98.9	79.2	
88.8	69.5	
88.6	89.3	
98.9	89.1	
87.6	88.1	
99.1	68.9	
99.1	69.5	
98.7	59	
99.3	78.6	
78.7	48.7	
99.1	79.4	
99.1	69.7	
99.1	48.7	
99.1	59.6	
98.9	88.9	
99.1	78.8	
88.2	79.4	
99.3	68.9	
99.1	59.2	
88	89.5	
99.1	99.6	
99.1	69.1	
99.1	89.5	
88.8	89.5	
88.6	79.2	
98.9	69.3	
99.3	89.5	
99.1	89.5	
98.7	79.4	
88.8	89.5	
99.1	79.2	
87.6	59.4	
79.3	79.4	
89	89.5	
88.6	69.3	
99.3	29.1	
88.2	89.3	
89.2	89.3	
89.2	49.1	
88.6	79.4	
99.3	89.3	
99.1	78.4	
99.1	79.4	
98.5	79.6	
98.7	88.9	
89	69.1	
99.3	49.5	
99.1	79.4	
89	99.2	
98.7	99.6	
99.3	99.4	
99.1	89.7	
98.5	98.8	
98.9	99.2	
99.1	99.6	
88.4	99.6	
99.1	99.6	
98.5	99.6	
88.8	99.6	
98.9	99.6	
99.3	79.8	
88.2	89.7	
98.9	98.8	
99.1	99.6	
99.3	99.4	
87.4	99.6	
99.1	89.7	
99.1	69.5	
89	89.7	
89	99.2	
98.5	58.8	
89.2	89.7	
98.7	99.6	
88.4	99.4	
99.3	99.4	
99.1	79.4	
99.3	99.6	
99.1	99.6	
99.1	89.7	
86.4	89.5	
98.9	99.4	
99.1	99.4	
89	99.6	
98.3	99.6	
89.2	99.2	
99.3	99.6	
99.1	49.5	
99.3	99.6	
89.2	99.6	
99.3	99.4	
98.7	89.1	
99.3	79.8	
99.1	99.4	
99.1	69.1	
98.5	89.5	
57.7	99.6	
99.1	99.6	
88.6	99.6	
89	89.7	
99.3	99.4	
99.1	99.4	
88.8	99.4	
98.3	99.6	
98.9	89.3	
98.7	99.2	
99.1	99.6	
98.7	99.6	
88.6	99.6	
88.8	79.4	
98.9	99.6	
98.9	99	
98.9	99.2	
88.6	99.6	
98.9	99.6	
99.1	99.6	
98.9	99.4	
99.1	89.5	
88.8	89.3	
99.3	79.2	
98.9	89.5	
89	78.8	
99.3	99.6	
68.2	99.2	
98.9	99.6	
89	69.5	
88.2	99.2	
99.3	99.4	
98.7	99	
89.2	99.6	
99.1	99.6	
99.1	99.4	
98.3	99.6	
78.5	89.3	
88.6	99.4	
89	99.6	
99.1	89.3	
78.9	99	
88.4	99.6	
88.4	99.6	
87.4	99.4	
98.9	99.6	
88.8	79.4	
89.2	59.2	
99.3	99.4	
99.1	99.6	
89.4	88.7	
99.3	99.6	
99.3	69.7	
99.3	89.3	
99.3	99.6	
88.4	99.6	
98.9	99.6	
99.1	99.6	
69.2	99.6	
99.3	59.6	
99.1	99	
98.7	99.6	
99.1	99.6	
99.3	99.6	
99.3	99.6	
99.1	99.6	
98.5	99.6	
98.3	88.9	
99.3	89.7	
98.9	39.2	
98.9	69.7	
89	99.4	
88.8	99.6	
98.5	89.5	
78.7	79.8	
89.2	99.6	
98.7	99.4	
99.1	99.4	
88.8	89.7	
98.1	99	
99.1	89.5	
98.5	99.6	
98.3	99.6	
79.1	99.6	
89	89.3	
99.3	89.3	
98.3	99.6	
98.7	99.4	
98.3	98.4	
88.8	99.6	
98.9	89.1	
99.3	89.5	
99.3	68.7	
88.6	99.2	
99.3	98.8	
99.1	99.6	
87.8	89.7	
98.9	99.6	
78.3	48.7	
99.1	99.2	
98.9	99.4	
88.6	99.4	
88.4	89.3	
99.3	99.4	
79.3	99.6	
89.2	89.7	
89.2	69.5	
99.3	99.6	
99.3	99.4	
99.3	89.5	
88.6	99.4	
99.1	89.7	
98.3	89.3	
99.1	79.2	
99.3	99.4	
98.7	99.2	
98.7	99.6	
99.1	99.6	
79.3	99.6	
99.1	89.5	
79.1	89.5	
88.4	99.6	
98.1	99.4	
99.1	99.2	
88.6	99.6	
99.1	99.6	
99.1	99.6	
99.1	99.6	
98.7	78.4	
98.9	99.6	
99.3	79.8	
98.9	99.6	
99.1	99.4	
88.2	99.6	
99.3	89.5	
98.7	89.5	
98.9	99.6	
89	99.6	
98.5	99.6	
68.4	99.6	
99.1	89.7	
99.1	99.6	
98.7	99.6	
88.6	89.5	
88.6	99.6	
99.3	99.6	
99.3	69.7	
89.2	99.6	
99.1	99.6	
98.3	99.6	
99.3	99.4	
99.1	99.6	
98.7	99.6	
99.1	88.7	
78.5	28.9	
98.7	99.4	
98.7	99.2	
88.4	99.6	
99.1	99.4	
88.6	89.5	
89.2	99.4	
98.7	99.6	
99.3	99.4	
98.5	99.6	
88.8	99.6	
87.6	99.6	
98.9	99.6	
99.1	68.9	
99.3	99.6	
99.3	89.5	
99.1	99.6	
98.9	89.5	
98.7	99.4	
78.5	99.6	
99.1	99.6	
98.5	99.6	
98.9	99.6	
98.1	99.6	
99.3	99.4	
88.8	99.6	
88.8	99.6	
98.5	79	
88.8	99.6	
89	49.1	
99.3	99.6	
98.1	99.4	
98.9	99.4	
99.1	99.6	
98.7	69.5	
99.1	79.4	
98.9	49.7	
99.3	99.6	
88.8	99.6	
99.3	99.2	
99.3	79.6	
99.3	99.6	
98.9	99.6	
98.5	99	
98.7	99	
99.1	99.6	
88.8	89.7	
99.3	99.6	
88.4	89.5	
89.2	99.6	
98.7	89.3	
88.4	99.4	
99.3	89.5	
88.6	99.6	
99.3	99.2	
99.1	99.4	
97.7	99.6	
98.9	89.1	
98.7	99.6	
88	89.5	
99.3	99.6	
88	99.4	
99.1	79.4	
99.3	99.6	
99.1	99.6	
89	99.4	
88.6	99.4	
98.9	99.4	
89	89.3	
99.1	99.6	
89.4	99.2	
98.9	99.4	
99.1	99.6	
98.7	89.5	
98.9	89.7	
89.2	99.4	
78.9	99.2	
97.9	88.9	
98.9	79.4	
99.1	89.3	
87.8	99.6	
99.3	99.4	
98.7	99.4	
99.1	99.6	
87.6	99.6	
98.9	99.6	
98.5	99.6	
98.9	99.4	
99.3	89.5	
89.4	99.6	
98.1	89.3	
99.3	99.2	
99.1	99.6	
98.9	89.5	
98.3	89.3	
88.8	89.7	
98.9	99.6	
98.9	99.6	
98.9	79.4	
89.4	99.2	
88.8	69.1	
98.9	79	
98.7	99.6	
89	99.6	
99.3	99.6	
88.6	99	
98.9	79.6	
99.1	99.6	
99.1	99.6	
97.9	99.4	
99.1	99.6	
98.9	99.6	
88.8	99.6	
99.3	99.6	
99.1	99.6	
98.9	99.6	
98.9	79.8	
88.8	99.6	
99.3	99.6	
99.1	89.7	
99.3	69.1	
88.4	99.4	
98.3	99.6	
99.3	89.7	
89.4	99.6	
99.3	99.4	
89.4	99.2	
99.3	99.6	
88.2	99.4	
99.3	99.4	
98.7	89.1	
99.1	59.2	
99.3	99.6	
99.3	49.7	
98.3	99.4	
98.9	79.8	
98.9	89.5	
99.1	99.4	
89.2	99.6	
88.8	99.4	
78.5	99.4	
99.3	99.4	
98.1	89.5	
99.1	99.6	
98.9	69.5	
99.3	99.6	
99.3	99.6	
98.7	99.4	
99.1	99.6	
89.2	99.6	
98.7	99.6	
99.1	79.6	
99.1	99.6	
98.9	99.6	
98.9	99.6	
99.3	99.6	
89.2	99.6	
98.9	99.4	
87.8	99.4	
88.6	99.6	
99.3	99.6	
99.1	99.4	
99.1	99.6	
98.1	99.6	
88.2	89.1	
99.3	98.4	
99.1	99.4	
98.5	99.6	
89.2	99.4	
99.1	99.2	
99.3	99.2	
99.1	99.6	
98.9	99.6	
99.1	99.6	
89.2	99.4	
89.4	99.4	
98.5	99.6	
99.3	99.6	
78.9	99.6	
88	99.6	
98.7	99.6	
99.1	99	
98.5	99.6	
88.6	89.7	
98.3	99.2	
88.2	99.6	
99.3	89.3	
99.1	99.4	
98.9	99.6	
99.1	99.6	
88.8	99.2	
98.7	99.6	
99.1	99.4	
98.3	79.2	
99.3	79.4	
89.4	99.2	
88.8	89.7	
99.3	99.4	
99.1	99.4	
99.1	89.3	
98.3	99.6	
98.9	59.4	
99.1	99.6	
