-55.8	-21.2	
32.3	-13.5	
44.8	49.5	
88.6	49.3	
89	8.9	
88.2	79.2	
89.4	77.2	
96.7	58.4	
97.9	17	
89.2	54.8	
63.8	37.6	
88.2	37.4	
78.9	98.6	
94.9	99.4	
96.3	89.5	
89.2	99.4	
77.1	99.4	
86.6	79	
98.5	79.4	
98.9	99.6	
76.3	99.4	
98.7	89.1	
99.1	99.4	
88.2	99.6	
79.3	99	
98.9	88.9	
99.1	98.8	
88.2	99.6	
77.9	89.3	
98.1	99.4	
97.7	99.4	
69.2	89.3	
98.9	89.1	
98.7	69.1	
68.4	79	
98.9	37.8	
88.8	89.5	
88	99.2	
88	98.8	
99.1	99.6	
98.5	79.2	
98.3	99.6	
78.7	99.6	
77.9	99.6	
97.9	59.6	
98.9	79.4	
88.8	89.5	
98.9	99.6	
88.6	99.2	
78.9	78.8	
68.4	99.4	
98.9	99.4	
88.4	99.4	
98.9	89.1	
88.2	99.6	
98.1	88.9	
38.5	47.5	
79.3	78.8	
87.4	99.6	
99.1	78.8	
98.7	89.7	
66	99.6	
87.6	99.2	
98.7	99	
87.8	49.5	
99.1	78	
99.1	99.4	
98.5	99	
88.6	99.6	
88.6	69.3	
99.3	98.4	
99.3	99.6	
99.1	99.6	
67.6	99.6	
99.1	89.1	
98.7	99.2	
99.1	79	
88.8	88.5	
99.3	99.4	
89	99	
98.1	99.6	
88.8	78.2	
88.8	89.1	
89.4	99.6	
98.7	99	
99.3	89.5	
99.3	89.5	
88.6	99.6	
98.7	19.2	
88.6	89.5	
88.6	89.7	
99.3	89.7	
68.2	99.4	
77.5	79.2	
98.9	99.4	
88.6	99.4	
64.8	89.1	
88.6	99.6	
98.7	59.2	
88.2	49.3	
99.1	99.6	
88.6	99.2	
89.2	99.6	
98.9	99.2	
99.1	99.2	
88.6	78.8	
97.9	99.2	
99.1	99.6	
97.5	89.1	
78.3	99.6	
78.3	89.3	
98.5	99.6	
98.3	99.6	
89.2	89.3	
98.5	88.9	
88.2	69.3	
88.8	99.4	
98.9	99.4	
99.1	99.4	
89	49.5	
99.1	78.6	
89.4	99.2	
88.4	99.6	
88.8	99.6	
99.1	99.4	
99.3	89.1	
88.8	69.3	
87.2	79.2	
98.5	78.8	
88.6	89.7	
98.3	99	
98.9	99	
98.9	89.7	
98.9	-0.6	
79.1	89.3	
89.4	79.6	
98.3	59	
99.3	89.7	
99.3	69.7	
99.1	99.6	
98.5	69.3	
97.7	99.2	
98.3	99.6	
68.8	88.9	
99.3	99.4	
89.2	79.2	
98.3	89.5	
88	99.6	
68.2	99.6	
87.8	88.9	
99.3	89.1	
89.2	99.4	
78.9	89.5	
89.2	79.6	
98.7	99.2	
99.3	99.4	
98.9	89.3	
99.1	89.7	
99.3	99.6	
99.1	89.1	
88.6	48.9	
99.3	88.9	
89.4	99.6	
88.6	98.4	
98.7	88.7	
99.1	89.1	
98.7	89.3	
99.3	99.6	
89	79.4	
57.5	99.6	
99.3	79	
99.1	99.2	
88.8	89.1	
99.3	79.2	
88.4	89.5	
98.5	99.2	
99.1	79.4	
88.6	99.6	
97.9	88.9	
99.1	99.6	
99.1	99.4	
88.2	68.9	
88	88.3	
98.9	89.7	
99.1	28.7	
98.9	99.6	
98.7	99.4	
98.9	49.3	
88.4	99.2	
87.6	89.3	
99.3	99.6	
98.7	88.9	
98.9	99.2	
89.2	98.8	
78.3	89.3	
89.2	99.6	
99.1	98.6	
98.9	68.5	
99.3	89.7	
98.7	99.4	
99.1	79.6	
88.6	89.1	
89.2	99.4	
97.1	99.6	
89.2	68.7	
88	88.9	
88.8	89.5	
79.1	99.4	
89.4	99.2	
86.4	89.3	
98.7	88.9	
89.4	99.6	
76.7	99.6	
99.3	99.4	
88.2	89.5	
98.7	89.3	
98.7	99.4	
88.2	99.4	
79.1	99.4	
57.5	99.6	
98.9	99.4	
67.8	99.2	
99.1	79	
88.8	99.4	
99.1	38.8	
24.2	89.1	
99.3	89.3	
88.4	89.7	
88	99.4	
99.3	99.6	
77.7	99.6	
79.1	99	
98.5	99.4	
97.9	89.7	
88.4	99.2	
98.7	99.4	
98.7	69.3	
87.4	99.2	
88.8	99.6	
67.2	68.9	
89	99.4	
99.1	89.5	
98.7	79.2	
88.2	99.6	
98.5	99.4	
88.4	79.2	
98.9	99.6	
99.1	89.3	
88.4	99.6	
89	68.9	
98.9	28.7	
98.5	89.3	
99.1	69.5	
89	99.6	
89	59.2	
98.9	89.5	
87.8	89.7	
87.6	98.4	
68	99.6	
99.3	99.6	
98.1	89.5	
88.6	99.6	
98.5	99.6	
78.5	88.7	
98.9	99.6	
98.9	99.6	
88.8	98.6	
98.7	89.3	
98.7	89.3	
89.2	99.2	
88.2	99.4	
98.5	88.9	
99.3	99.4	
88.4	89.3	
98.9	69.5	
89	99.6	
99.3	99.6	
99.3	99	
98.9	99.4	
99.1	99.2	
89.2	68.7	
89	99.2	
99.3	99.6	
67.6	79.6	
98.9	68.7	
88	99.6	
99.1	99	
87.2	99.6	
99.1	99	
89	78.4	
89.4	99.4	
99.1	89.5	
68	89.3	
68.2	98.6	
87.4	89.7	
98.1	99.4	
99.1	9.3	
89	99.2	
69	79.4	
79.1	99.6	
88.2	99.6	
78.7	79.2	
89	99.6	
98.7	89.5	
79.3	79.4	
88.2	99.4	
98.7	89.3	
98.9	89.3	
98.5	99.4	
87.8	99	
88.8	39	
87.6	89.7	
99.1	98.8	
98.9	99.4	
98.3	99.6	
99.1	99.6	
99.3	99.4	
88.6	99.6	
89	69.5	
88.6	89.3	
88.8	89.7	
57.7	99	
26.8	89.7	
88.4	89.5	
98.3	79.4	
98.9	99.6	
98.3	79.4	
77.9	89.3	
88.8	78.8	
87.6	99.6	
88	79.6	
88.6	79.8	
89	99.2	
79.5	89.5	
89	99.6	
88.8	99.6	
88.6	39	
87.4	78.8	
98.7	69.3	
88.2	99.6	
78.3	99.6	
89.2	99.4	
99.1	99.4	
78.3	99	
87.8	99.6	
99.1	99.6	
99.1	99	
99.3	58.8	
88.8	99	
89.4	99.6	
98.5	99.6	
77.7	89.5	
67	99.6	
68.8	99.4	
99.3	79.4	
87.6	49.5	
88.4	99.6	
98.3	99.6	
67.6	99.4	
68.2	89.1	
98.7	99.6	
98.7	69.3	
99.3	99.4	
89	99.2	
98.7	99.4	
99.3	58.8	
99.3	88.9	
98.7	99.6	
98.9	88.7	
99.3	88.3	
98.9	39	
87.6	98.2	
68.8	89.5	
98.3	99.4	
98.9	99.4	
78.5	99.4	
88.8	99.6	
89	99.4	
88.2	89.5	
99.3	39.4	
88.4	89.5	
99.1	99.4	
99.1	99.6	
88.8	89.5	
89.4	99.6	
88.4	99.4	
88	79	
57.9	99.6	
98.1	99.6	
88.6	99	
77.7	98.8	
98.7	99.6	
89	69.5	
78.5	98.8	
98.1	79.4	
88.6	99.6	
99.1	99.4	
98.3	88.9	
98.9	98.8	
98.7	58.6	
99.1	99.4	
88.8	78.8	
99.1	99.2	
98.1	89.3	
98.5	89.5	
68.8	99.4	
66.8	89.1	
77.9	89.7	
99.3	78.8	
99.1	69.3	
88.8	99.6	
89	89.3	
99.1	99.6	
99.3	89.5	
68	79.6	
99.1	99.4	
89	99.6	
89	89.3	
57.7	89.1	
98.9	89.1	
98.9	99.6	
68.8	99.6	
88.2	89.5	
99.1	99.6	
98.1	99.2	
68.8	99.2	
98.5	99.2	
88.2	89.5	
88.8	99.4	
98.7	99.4	
87.4	99.6	
98.7	99.6	
88.8	99.2	
89.2	89.3	
89	89.7	
89.2	89.5	
98.7	99.6	
89	49.1	
88.8	99.2	
88.2	89.5	
98.5	59.2	
88.8	99.6	
99.1	99.4	
99.1	89.3	
98.9	89.7	
88.8	79.4	
98.7	99.6	
88.6	99.2	
87.8	-51.3	
67.2	68.9	
88.4	89.5	
99.3	99	
88.6	99.4	
98.7	99.4	
58.3	99.4	
99.1	89.3	
78.5	59.4	
98.7	99.4	
89.4	79.4	
99.1	89.5	
68.8	79.6	
78.9	89.5	
79.1	79.2	
99.1	99.2	
98.5	89.3	
99.3	88.3	
98.9	99.4	
88.4	99.4	
88.6	89.5	
88.4	89.5	
98.9	79.2	
99.1	79.4	
78.9	99.2	
57.5	98.4	
89.2	99.6	
98.9	99.6	
89.2	89.7	
99.3	99.4	
98.7	79	
68.6	99	
68.6	99.6	
99.1	89.1	
88.6	99.6	
79.1	79.4	
79.1	69.7	
78.9	99.6	
89	99.4	
89.4	99.4	
88.6	99.4	
88.6	-1	
99.3	99.6	
89.4	99.6	
78.1	79.6	
98.1	89.5	
97.7	89.5	
98.9	39	
69.2	99.4	
97.9	58.8	
99.1	89.5	
77.1	79.2	
