26.8	-112.1	
-8.9	78.4	
78.3	-23.4	
77.5	79.4	
56.1	86.9	
66.2	99.6	
53.3	99.4	
85.8	37.8	
83.6	79.6	
30.9	19.4	
86	99.6	
96.7	99	
55.7	99.6	
86.6	99.6	
97.1	99.4	
88.4	39	
82	89.1	
76.3	99.4	
97.9	99.4	
97.5	98.2	
98.9	99.4	
88.4	99.4	
88.8	99.6	
87.4	79	
44	99.4	
67.2	79	
73.7	89.5	
79.1	99.6	
23.2	99.2	
66.6	99.6	
88.6	89.7	
98.9	89.7	
75.5	79.6	
43.4	69.1	
88.6	48.9	
87.8	8.7	
98.9	99.6	
77.7	29.3	
87.4	79.4	
86.8	99.4	
87.2	89.5	
74.9	99.4	
78.7	99.6	
76.1	69.7	
98.1	89.5	
78.9	99.4	
36.9	98.8	
88.4	79.6	
78.1	99.4	
96.7	99	
98.1	69.5	
88.6	89.7	
99.1	99.6	
88.4	99.6	
98.9	99.4	
99.3	99.2	
99.1	89.5	
99.1	-10.9	
98.7	99.4	
87.8	59	
78.1	99.4	
98.5	89.7	
98.5	99.6	
98.5	99.6	
99.1	99.6	
98.7	79	
98.3	89.3	
98.9	99.6	
88	79.4	
99.3	99.2	
78.5	99.6	
97.3	99.6	
87.8	48.9	
99.3	48.7	
99.3	89.5	
98.5	99.4	
88	28.3	
88.8	99	
98.5	99.6	
88.6	89.3	
64.6	58.6	
78.5	99.6	
77.9	99.4	
55.9	89.3	
87.4	99.2	
89.2	49.1	
76.3	89.1	
87.2	99.4	
99.3	99.6	
96.9	99.6	
88.2	49.5	
22.6	99.6	
85	-1.4	
86.6	78.4	
88	79	
86.4	88.1	
97.9	99.6	
98.9	89.1	
88.2	79	
98.7	89.5	
96.9	88.9	
99.3	99.4	
89	79.6	
99.3	89.7	
76.5	39.2	
97.9	39.4	
88.6	99.6	
58.5	57.4	
78.1	99.6	
67.4	99.6	
89	98.8	
98.9	98.8	
68.2	99.6	
98.3	99.6	
99.3	99.2	
88.8	99.4	
98.9	99	
99.3	59.4	
99.3	89.3	
78.3	99	
97.3	99.6	
98.1	99.6	
88.8	99.4	
89.2	89.3	
78.5	89.3	
97.5	79	
88	38.4	
89.2	89.7	
89	99.2	
88.6	99.6	
54.1	79.4	
89.2	99.2	
77.3	88.7	
68.4	89.3	
88.8	89.3	
89.2	99.6	
89.4	99.4	
98.1	88.7	
98.5	89.1	
99.1	89.1	
99.3	98.8	
88.8	89.1	
89.2	89.7	
99.3	99.6	
79.3	88.9	
98.7	79.4	
68.4	28.1	
86.6	89.7	
88.8	99	
47.4	99.6	
98.5	99.4	
99.1	99.6	
89.2	89.7	
89	99	
86.6	99.2	
78.3	79	
68.6	99.6	
89	99.2	
77.9	88.9	
77.5	89.5	
77.5	98.8	
99.1	28.7	
99.3	99.6	
69.2	99.4	
97.9	69.7	
99.3	99.6	
98.3	79.2	
88.8	78.6	
77.5	99.2	
58.9	99.4	
98.7	98.8	
99.3	99	
89.2	99	
68.8	99.6	
99.1	99.4	
98.7	99.6	
99.1	89.1	
99.1	89.3	
98.9	99.6	
88.8	99.6	
99.1	99.6	
98.9	99.2	
77.3	88.9	
98.9	99.6	
99.1	99.6	
58.5	88.3	
99.3	89.7	
99.1	99.6	
77.9	89.7	
66.8	99	
98.9	89.5	
88.8	99.6	
98.9	99.4	
88.2	59.4	
88.4	99.6	
88.8	99.6	
89.4	89.3	
57.7	99.6	
89.2	99.6	
97.7	78.4	
98.9	68.1	
98.7	99.6	
98.9	98.8	
78.9	89.7	
78.9	99.6	
99.3	89.3	
87.4	99.4	
98.9	59.2	
99.1	89.7	
76.9	79.4	
89	79	
88.8	99.2	
98.5	99.6	
89	58.2	
98.9	89.3	
89.4	99	
96.9	98.4	
88.6	89.3	
88.2	89.7	
45	89.7	
77.7	99.6	
98.7	48.5	
98.1	99.2	
88.2	99.4	
88.6	99.2	
97.1	69.7	
98.1	99.4	
98.7	99.2	
-4.9	78.8	
78.3	99.6	
98.7	78.6	
99.1	99.4	
69.2	99.4	
99.3	89.5	
88.6	59.2	
78.1	99.4	
99.1	88.7	
89.2	89.5	
89	88.9	
77.1	79.4	
98.9	69.5	
78.7	89.5	
88.8	98.2	
89.2	99.2	
89	89.3	
99.3	79	
58.1	99.6	
98.9	99.6	
78.9	99.4	
89.4	69.5	
67.6	99.4	
97.1	69.3	
69	99.6	
87.8	99.6	
79.1	89.1	
78.5	99.6	
99.3	99.6	
47.4	99.2	
99.1	89.3	
78.7	99.2	
99.1	99.2	
78.9	99.4	
98.9	89.3	
77.1	99	
87.4	89.5	
99.3	89.7	
98.7	99.6	
99.1	69.3	
87.6	99.6	
99.1	99.6	
89.2	99.6	
99.1	69.5	
99.1	88.1	
98.7	89.5	
88.2	99.6	
98.9	99.6	
88.4	99.6	
88.8	69.5	
99.1	49.3	
98.3	99.2	
69	69.5	
99.3	99.6	
88.8	48.9	
99.1	99.6	
88.6	99.4	
88	69.5	
97.5	99.6	
99.3	79.4	
97.7	58	
99.3	99.4	
99.1	99.4	
98.1	79.2	
97.5	99.6	
98.5	78.2	
98.5	69.7	
79.1	79.6	
98.9	99	
99.1	89.5	
89	89.5	
76.1	99.6	
98.5	99.6	
99.1	79.6	
89	89.5	
98.7	89.3	
58.3	89.5	
88.8	79.4	
99.1	99.4	
88	79.4	
68.2	89.3	
88.8	59.4	
98.5	99.4	
99.3	79.4	
98.9	98.6	
58.9	98.8	
98.5	99.6	
98.9	78.8	
99.1	28.7	
78.5	99.6	
98.7	99.2	
88.8	99.6	
89.2	79.6	
88.8	99.2	
89	68.7	
98.9	99.4	
79.3	98.8	
98.3	99.2	
98.3	99.6	
98.9	99.4	
88.6	99.2	
99.1	99.4	
99.1	79.6	
98.1	99	
88.6	99.6	
88.8	99.6	
99.1	79.4	
89.4	89.7	
78.1	99.4	
77.9	89.1	
77.5	69.3	
68.2	79.4	
99.3	78.2	
98.9	79.4	
98.3	99	
88.8	99.6	
98.7	89.7	
88.6	88.7	
89.4	99.2	
98.7	99.6	
78.7	49.7	
99.1	99.6	
88.8	88.9	
97.9	88.7	
98.7	89.5	
88.4	79	
98.9	78	
78.1	99.6	
66.4	89.3	
76.3	99.6	
99.1	89.5	
78.3	79.2	
88.8	79.6	
89	89.5	
98.9	99.6	
89.4	99.4	
66.6	99.6	
78.1	99.2	
97.5	99.6	
88	99.2	
89.2	39	
98.9	99.6	
98.1	78.4	
68.4	89.5	
88.6	99.6	
89.2	99.4	
87.6	99.4	
88.8	99.2	
98.5	89.5	
98.5	99.6	
88.2	99.2	
89.2	88.1	
99.1	89.5	
45.8	89.7	
97.9	89.3	
88.2	99.4	
98.5	89.7	
78.7	79	
88.2	99.6	
98.7	99.2	
98.9	89.7	
88.4	89.3	
89	99.4	
88.4	89.5	
98.1	89.7	
99.1	68.5	
89	99.6	
89	-1.6	
99.3	49.3	
98.7	78.4	
89	79.4	
79.3	79.6	
89.2	99.4	
79.3	79.8	
76.9	89.5	
98.5	99.4	
99.1	59.6	
78.5	69.5	
88.8	18	
96.9	99.6	
88.4	99.4	
98.3	88.3	
99.1	99.4	
87.8	99	
98.5	99.4	
87.4	99.6	
99.1	59.2	
98.7	99.6	
97.5	99.6	
98.7	99.6	
98.9	79.4	
99.3	99.4	
87.6	19.2	
98.1	99.6	
98.7	99.4	
89.2	88.7	
68.8	59.6	
87.8	99.4	
99.1	78.8	
68.4	99.4	
99.1	99.4	
88.6	99.2	
89.4	88.7	
77.1	99.6	
69	99.6	
98.5	88.9	
88.8	99.2	
98.9	79.2	
99.1	69.5	
88.8	79.4	
99.1	99.4	
98.5	88.9	
99.1	28.1	
98.7	99.6	
89.2	99.6	
99.3	79.6	
99.1	99.6	
98.7	99.6	
79.3	38.6	
99.3	99.6	
58.5	99.4	
77.5	99.4	
58.9	98.8	
98.9	69.1	
68.8	99.2	
99.1	99.6	
77.5	99.4	
55.7	89.3	
99.3	99.4	
99.1	39.4	
89.4	99.6	
97.3	99.6	
98.5	99.6	
99.1	99.4	
89	69.1	
89.2	69.7	
68.8	99	
87.6	99.4	
98.9	98.8	
99.1	99.4	
67.8	89.3	
99.1	88.1	
88.8	89.5	
89	99.2	
99.1	89.5	
99.1	79.6	
99.1	28.5	
69	99.6	
88.4	99.6	
99.1	88.7	
99.1	99.6	
98.9	99.6	
78.7	99.4	
89.4	99.4	
88.8	89.5	
78.7	89.3	
98.9	58.8	
98.9	99.4	
46.6	99.4	
88	89.5	
89.2	99.4	
98.1	99.6	
88.6	69.1	
89.2	99.6	
99.1	99.6	
88	89.7	
99.3	88.7	
99.1	68.9	
99.1	79	
98.9	89.1	
98.3	19.2	
89.2	99.6	
