14.3	69.7	
78.1	-683.4	
77.7	89.7	
77.5	9.7	
74.9	-1	
97.9	69.3	
87.6	59.4	
98.3	38.8	
97.5	57	
99.1	69.3	
98.5	78.6	
99.3	67.9	
98.9	56.6	
99.3	31.8	
98.5	49.5	
99.1	78.8	
99.3	45.9	
99.1	78.6	
98.5	79.4	
99.1	79.2	
99.3	79.4	
99.3	88.9	
99.3	79.4	
99.3	79.4	
99.1	69.3	
99.3	79.4	
99.1	79.2	
99.1	69.1	
98.9	79	
99.1	79.4	
99.1	69.5	
99.3	79.2	
99.3	79.4	
88.2	88.9	
88.8	79.4	
98.5	89.5	
99.3	79.2	
98.7	89.5	
99.3	89.5	
99.3	99.4	
99.1	99.6	
99.3	99.6	
99.3	99.4	
99.1	76.6	
99.1	99.6	
99.1	99.6	
99.1	89.1	
99.3	99.4	
88.8	99.4	
99.3	99.2	
78.5	99.4	
89	99.6	
89.2	99.2	
99.3	99.6	
99.3	99.6	
98.9	99.6	
99.3	99.6	
99.1	99.6	
99.3	99.6	
98.5	99.2	
88.8	79.4	
99.1	99.6	
99.3	99.6	
98.7	99.6	
99.3	99.4	
99.1	99.2	
98.9	99.6	
99.1	99.6	
99.3	99.6	
98.9	97.8	
99.3	99.6	
99.1	99.6	
89	98	
98.9	99.4	
99.3	99.2	
88.8	99.2	
99.1	79.4	
98.9	99.6	
99.3	99.6	
99.3	99.6	
99.3	78.6	
89.2	89.5	
99.3	99.6	
99.3	98.8	
98.9	79.2	
99.3	99.4	
99.3	99.6	
99.3	69.5	
98.9	99.6	
99.1	99.4	
98.9	99.6	
99.1	99.6	
99.1	99.2	
99.3	99.4	
98.9	99.6	
99.3	99.6	
99.1	99.4	
98.9	99	
98.7	99.6	
99.3	99.6	
99.3	99.4	
99.3	99.6	
99.1	99.6	
99.3	99.6	
99.3	99.6	
89.4	78.2	
98.9	99.6	
99.1	99.4	
99.1	99.6	
99.1	99	
99.3	99.6	
99.3	99.6	
99.3	99.6	
99.1	79.6	
99.3	99.6	
99.1	77.2	
89.2	99.4	
99.3	79.4	
98.9	99.6	
99.1	99.6	
99.3	99.2	
98.7	98.6	
99.3	99.6	
88.4	99.6	
99.3	99.6	
99.1	99.6	
99.3	99.4	
99.3	99.6	
99.1	99.6	
99.3	77.6	
98.7	99.6	
89.2	99.6	
99.1	99.6	
99.3	99.6	
99.3	99.6	
99.3	98.8	
98.9	79.6	
88.8	99.6	
99.3	79.4	
99.1	99.4	
99.1	99.6	
89.2	99.4	
99.1	99.2	
99.1	99.6	
99.3	79.6	
99.3	99.6	
88.6	99.4	
99.3	98.8	
99.3	99.4	
99.3	99.6	
99.3	99.4	
99.1	99.2	
98.9	99.6	
99.3	99.6	
99.3	99.6	
99.1	98.8	
99.3	99.4	
99.3	99.6	
99.3	99.6	
98.9	99.4	
99.3	99.6	
98.9	99.6	
99.3	99.4	
98.9	99.4	
98.7	99.6	
99.1	99.4	
99.1	99.6	
99.3	99.2	
99.3	99.4	
98.9	99.4	
99.3	99.6	
99.3	99.6	
99.3	99.6	
99.3	99.4	
99.1	99.6	
99.1	99.6	
89	67.1	
99.3	99.6	
99.3	89.5	
99.3	99.6	
98.7	99.6	
98.9	99.6	
99.1	99.6	
99.1	99.4	
99.3	99.6	
99.3	99.6	
99.1	99.6	
99.3	99.6	
99.3	89.5	
99.1	99.6	
99.3	99.6	
99.3	99.6	
99.1	99.6	
98.7	99.6	
99.3	99.6	
98.7	99.4	
99.3	99.6	
99.1	99	
99.3	99.6	
98.9	99.6	
98.7	99.2	
99.3	99.6	
99.3	99.6	
98.9	99.2	
99.3	99.4	
98.9	69.3	
99.3	98.8	
99.1	99	
99.3	99.6	
99.3	99.4	
99.3	79	
99.3	99.6	
99.3	99.6	
99.3	99.6	
89.2	99.4	
99.3	99.6	
98.7	99	
99.1	99.6	
99.3	99.4	
99.1	99.6	
99.3	79.6	
99.3	99.4	
99.3	99.4	
99.3	99.6	
99.3	99.2	
99.3	99.6	
99.3	89.3	
99.3	99.6	
99.3	99.6	
99.1	97.8	
98.9	99.6	
99.3	99.6	
99.3	99.6	
99.3	99.6	
99.3	99.6	
99.3	99.6	
79.5	99.4	
99.3	99.6	
99.3	99	
99.1	98.8	
99.3	99.6	
99.3	99.2	
99.3	99.6	
98.7	99.4	
99.3	69.3	
99.1	99.4	
99.3	99.6	
99.1	89.1	
99.3	69.1	
99.3	99.4	
99.1	99	
99.3	99.4	
98.9	99.4	
99.3	99.4	
99.1	99.2	
98.7	79.4	
99.1	99.6	
98.9	99.4	
99.3	99.4	
99.3	99.6	
89	99.4	
99.1	99.6	
98.7	99.4	
98.5	99.6	
98.9	89.5	
99.3	99.6	
98.9	99.4	
99.3	99.6	
99.3	99.2	
99.1	99.4	
98.7	69.1	
99.3	99.6	
99.1	99.6	
89	99.4	
89.2	99.6	
99.3	99.6	
99.3	99.6	
89	99.6	
99.3	99.4	
99.3	78.8	
99.3	99.6	
99.3	99.2	
98.7	99.6	
98.5	79.4	
98.9	99.6	
98.9	79.4	
98.9	99.6	
99.1	99.6	
98.9	98.6	
99.1	99.4	
99.3	99.4	
99.3	89.3	
99.3	79.4	
98.9	98.6	
99.1	99.6	
99.1	99.2	
99.3	99.6	
99.3	99.4	
98.9	99	
99.3	99.4	
99.3	99	
99.1	69.3	
99.3	99.6	
99.3	99.4	
99.3	89.3	
99.1	99.2	
99.3	99.4	
99.3	99.6	
99.1	99.4	
69.2	99.4	
99.3	99.4	
99.1	99.6	
99.1	98.8	
99.3	99.4	
98.7	99.6	
98.9	99.4	
99.3	99.6	
98.3	99.2	
98.9	99.6	
99.3	99.4	
98.9	99.4	
99.3	99.6	
99.3	99.6	
99.3	99.6	
99.3	99.6	
99.3	99.6	
98.7	98.8	
98.9	99.6	
99.3	89.5	
99.3	79.2	
78.5	99.2	
99.1	99.6	
99.3	99.6	
99.1	89.5	
99.1	99.6	
89	99.4	
99.3	99.4	
98.9	99.4	
89.4	99.6	
98.9	99.6	
99.3	99.6	
88.6	99.4	
88.8	99.2	
99.3	99.6	
99.3	59.4	
99.1	99.6	
98.5	99.6	
89	99.2	
99.3	99.6	
99.3	99.6	
99.3	99.6	
98.9	99.6	
99.1	99.4	
99.1	98.8	
99.1	99.6	
89.2	99.6	
99.1	99.6	
98.7	99.6	
99.1	99.6	
99.3	99.6	
99.1	99.6	
99.3	99.4	
89	99.6	
99.3	99.4	
98.9	89.3	
99.3	99.6	
98.9	99.6	
98.7	79.4	
98.9	99.6	
99.3	69.5	
99.3	99.2	
99.3	99.6	
99.3	99	
99.1	99.4	
99.1	99.6	
99.3	99.4	
99.1	99.6	
99.1	99.2	
99.1	99.6	
99.1	99.6	
99.3	99.6	
99.1	99.2	
99.1	99.4	
98.9	89.5	
99.1	99.6	
99.1	99.4	
99.1	99.2	
99.1	99.4	
88.8	99.2	
88.4	88.9	
99.3	99.6	
99.1	99.4	
99.3	99.6	
98.9	99.6	
99.3	99.6	
99.1	99.6	
99.1	99.2	
99.3	99.4	
99.1	99.4	
88.4	99.6	
98.9	99.6	
89	99.4	
99.1	98.8	
98.9	79.4	
99.1	99.6	
99.3	79.2	
99.1	99.6	
99.3	99.2	
99.3	99.6	
98.9	99.4	
99.1	98.8	
89.2	99.6	
98.9	99.2	
99.1	99	
99.1	99.6	
99.3	78.8	
99.3	99.6	
99.1	99.6	
99.1	99	
99.3	69.3	
89	79.2	
98.9	99.6	
88.6	99.6	
99.3	89.5	
78.3	99.6	
99.3	99.2	
99.3	99.4	
99.3	79.4	
99.1	99.6	
99.3	99.6	
99.1	99.2	
98.9	99.6	
99.3	89.5	
89.2	99.6	
98.9	99.6	
99.1	99.6	
98.9	99.4	
89.2	99.6	
99.3	99.4	
99.1	89.3	
99.1	99.2	
88.6	99.6	
98.9	99.6	
99.1	99.4	
88.8	99.4	
99.1	79.4	
99.1	99.6	
98.7	99.2	
89	99.6	
99.1	99.6	
99.1	99.6	
99.3	89.3	
99.1	99.6	
99.1	99.6	
99.1	99.2	
99.3	89.3	
99.1	99.6	
99.3	99.6	
99.3	99.6	
98.5	99.6	
99.1	99.6	
99.1	99.6	
99.1	99.6	
98.7	99.2	
99.3	59.4	
99.3	69.5	
99.3	99.6	
99.3	99.2	
99.1	99.6	
99.3	99.4	
99.3	79.4	
99.3	99.4	
98.9	99.6	
99.1	99.6	
89.2	99.6	
99.3	69.3	
99.3	99.4	
89.2	99.2	
99.1	99.6	
99.1	99.6	
99.3	99.6	
99.1	79.4	
99.1	99.6	
99.3	99.6	
88.8	99.6	
99.3	99.6	
99.3	99.6	
88.8	99.6	
99.1	99.6	
99.3	99.6	
99.3	99.2	
99.3	99.4	
99.3	99.6	
88.6	99.6	
89	99.6	
99.3	99.6	
89	99.6	
99.1	69.3	
99.1	99.2	
99.3	89.1	
