-15.8	-130.9	
78.5	-21.4	
-11.3	-605.2	
76.5	59.2	
76.5	-314.1	
68	79.4	
88.4	58	
74.1	-20.8	
24.6	-214.7	
57.6	89.1	
86.6	59.2	
88.6	88.7	
63.2	89.3	
99.1	88.7	
73.7	89.3	
67.8	88.7	
88.8	79.2	
89	-81.4	
87	88.9	
98.9	79.2	
98.3	98.8	
87.8	49.1	
98.5	7.5	
97.3	74.8	
97.5	68.7	
98.5	99.2	
98.9	98.8	
97.9	87.9	
86.4	78.4	
88.6	18.8	
98.1	75.6	
88.8	88.5	
78.1	69.5	
68.2	98.6	
54.9	88.3	
98.1	67.3	
88	43.5	
85.4	47.7	
89.2	69.5	
98.1	48.1	
98.1	98.6	
76.3	97.4	
78.3	98.2	
78.5	46.7	
98.3	88.3	
99.1	38.4	
78.3	18.6	
88.8	44.1	
97.3	41.3	
98.3	67.3	
98.7	99	
98.3	86.3	
87.8	39.4	
78.7	89.3	
99.1	56.6	
99.1	99	
88.4	68.3	
86.4	45.3	
98.3	96.8	
75.9	64.1	
97.7	98.8	
80.6	87.7	
87.4	98.6	
88.4	98.8	
97.3	67.9	
98.7	79	
89	96.4	
77.7	96.4	
98.1	37.6	
77.9	98.2	
96.7	99	
95.9	99.4	
78.5	88.5	
89	99.6	
77.5	99.2	
87.2	99.4	
88.8	79	
99.1	99.6	
97.5	89.3	
97.1	89.3	
97.7	49.5	
86.8	99.6	
88.4	88.5	
94.7	89.3	
97.5	58.4	
42.7	49.5	
98.7	99.6	
86	99	
88.6	99.6	
97.1	79.6	
88.8	89.3	
78.9	99.2	
97.3	99.2	
98.7	68.7	
99.1	99.2	
98.9	89.5	
88.8	89.5	
89	88.5	
83.4	99.4	
88.4	89.5	
99.3	99.6	
87.6	99.2	
88.4	59.6	
98.3	89.5	
97.5	99.2	
97.1	79	
98.7	99	
98.7	89.3	
98.9	69.5	
98.3	99.6	
64.4	68.9	
94.7	79.2	
77.7	79.4	
98.1	99.6	
87.4	88.7	
98.9	79.6	
88.8	99.6	
96.9	88.7	
98.9	89.1	
97.9	89.5	
88.4	79.4	
98.3	78.8	
86.6	89.5	
87.8	69.1	
98.9	99.6	
89	28.7	
78.5	99.4	
98.7	99.4	
88	99.4	
88	89.3	
96.5	99.4	
95.5	19.2	
97.7	99.6	
96.9	89.3	
84.4	89.1	
88.8	68.9	
98.7	99.6	
98.1	99	
88.4	88.3	
98.5	98.6	
95.7	99	
85.2	99.4	
94.5	79.2	
77.3	99.2	
77.1	99.6	
89	89.3	
99.1	89.5	
98.7	99	
78.5	99.6	
76.3	99.2	
97.3	99.4	
87.8	99.6	
89	99.6	
66.8	99.6	
88.8	-0.8	
97.3	99.6	
89	59.4	
85	99.4	
87	99.2	
97.5	99.4	
77.5	99.6	
84.2	99.6	
88.2	99.6	
94.9	99.2	
98.3	99.2	
97.9	99.6	
88.8	99.6	
97.5	99.4	
76.7	99.4	
88.6	99.4	
99.1	89.1	
88.6	99.4	
88.2	99.6	
88.6	99.4	
87.8	99.6	
67.2	99.6	
88.8	38.4	
88	99.4	
98.9	99.4	
98.9	48.5	
88.8	99.2	
99.1	99.6	
98.9	99.6	
98.5	89.1	
99.3	99.6	
97.3	99.4	
67.6	99.6	
89.4	68.5	
96.7	99.2	
87.8	99.6	
98.7	99.4	
98.9	99.4	
98.9	99.6	
98.9	99.6	
98.9	88.9	
98.7	99.4	
89	78.8	
77.9	88.9	
98.9	89.5	
89.2	99.4	
98.3	99.6	
98.9	99.6	
87	99.4	
98.5	68.9	
76.5	99.6	
95.7	8.7	
94.5	99.6	
78.7	69.1	
98.9	99	
87.6	99.6	
89.2	99	
87.8	99.6	
88	99.4	
88.4	88.5	
98.1	59.2	
78.5	89.5	
77.1	99.4	
87.4	99.6	
78.9	99.4	
98.9	99.4	
98.9	59.2	
98.1	89.1	
98.3	57.6	
98.3	69.3	
87.4	99.4	
95.7	99.6	
99.1	99.2	
85.4	99	
86.6	99.6	
87.4	99.6	
97.9	69.1	
88.2	98.6	
96.9	99.6	
88.2	99.6	
97.1	99.6	
88.2	59.4	
83.6	79.4	
85.6	99.6	
99.1	88.9	
99.1	89.3	
77.8	99.4	
99.3	99.6	
99.3	39.4	
99.3	99.4	
98.9	59	
99.1	99.6	
98.9	68.7	
99.3	89.1	
78.9	79.6	
98.7	99.2	
98.7	99	
88.4	69.1	
97.9	99.6	
88.8	99.6	
89.2	99.6	
78.1	99.6	
98.5	48.3	
99.1	99.4	
89	79.4	
78.9	98.8	
99.1	88.7	
99.3	99.4	
88.2	79	
98.9	99.4	
89	79.2	
98.9	99.6	
99.3	99.6	
88.2	89.3	
88.8	99.6	
89	99.4	
98.1	99	
78.1	89.1	
99.3	89.1	
98.3	99	
99.1	99.6	
99.1	89.1	
97.9	88.7	
98.7	89.5	
88.6	69.1	
88.6	88.9	
89	88.7	
76.1	89.5	
99.1	99.6	
99.1	98.6	
89	88.9	
89	68.9	
98.9	99.4	
98.9	99.4	
98.5	89.3	
97.7	99.4	
89	98.6	
98.7	99.4	
99.1	99.2	
98.7	99	
89	99.6	
97.9	99.6	
99.3	99.4	
68	98.8	
89	48.9	
88.6	88.9	
98.3	89.3	
79.1	99.6	
99.3	88.9	
98.9	99.4	
98.7	89.5	
98.9	99.4	
88.8	99.6	
89	58.8	
99.1	88.9	
89	99.6	
97.7	99.6	
89.2	99.6	
98.1	99.6	
88.2	99.4	
98.3	49.3	
98.5	99.6	
89	99.6	
88	99.4	
88.6	99.4	
76.9	99.6	
98.9	89.5	
98.9	99.6	
99.1	49.3	
98.9	99.6	
99.1	89.5	
98.7	88.7	
98.7	89.5	
98.3	99.6	
98.5	79.6	
68.6	99.6	
88.2	89.5	
89.2	59	
99.3	39	
68	99.6	
98.5	99.4	
99.3	39	
98.1	99.4	
98.7	99	
88.4	89.3	
98.1	89.5	
96.9	79.2	
98.7	59.2	
88.8	99.6	
99.1	99.2	
99.3	99.4	
98.7	89.3	
98.9	99.6	
88.8	99.6	
98.1	99.6	
98.9	79.4	
79.1	99.6	
98.9	89.3	
99.3	99.6	
88.4	89.5	
99.1	99.6	
98.9	99.4	
88.8	99.6	
99.3	99.6	
98.7	99.4	
98.9	99.6	
89	99.6	
89	39.4	
98.9	99.4	
88.8	99.6	
98.5	99.6	
98.7	99.4	
89.2	79.2	
78.7	99.6	
68	99.6	
89.2	99.4	
99.3	49.1	
98.7	99.2	
99.3	99.4	
87.2	99.6	
98.9	89.3	
98.5	88.3	
88.6	99.4	
88.8	99.6	
88.2	99.6	
88.8	99.4	
99.1	89.5	
88.8	99	
87.8	99	
99.1	99.6	
99.1	99.2	
99.1	69.5	
78.1	99.4	
78.9	99.6	
89	99.4	
99.3	99.4	
99.3	99.6	
98.9	49.1	
89.2	89.5	
98.9	99.4	
89.2	18.8	
98.5	99	
98.9	99.6	
88.8	79.4	
98.5	99.2	
88.2	68.7	
98.3	99.2	
98.7	89.3	
98.3	89.5	
98.3	99.4	
89	69.7	
98.3	79	
98.3	39.2	
88	99.6	
99.1	99.6	
98.9	98.4	
97.7	99.4	
89	99	
88.8	99.6	
98.9	99.6	
88.6	99.6	
99.1	99.4	
98.1	99.2	
98.9	99.6	
78.3	89.3	
99.3	99.6	
99.3	99.6	
89.2	99.6	
98.9	99.6	
99.1	59.2	
99.1	79.4	
79.5	99.2	
69	49.5	
89	59	
89	89.3	
88.8	99.6	
89	99.6	
89.2	99.6	
89	99.6	
77.9	99	
98.9	89.3	
88.6	99.6	
99.3	89.3	
89	99.4	
99.1	99.6	
99.3	98.6	
88.6	99.4	
88.4	69.5	
88.8	89.3	
98.9	99.6	
98.7	59.4	
98.9	79.2	
97.7	99.2	
98.3	99.4	
78.7	99.4	
99.3	99.6	
69	99	
78.3	69.3	
98.7	99	
99.1	99.6	
98.5	99.6	
89.2	99.2	
88.8	99.6	
89.2	99.6	
78.7	69.3	
99.3	89.1	
98.9	99.6	
99.1	79.6	
87.8	99.4	
88.4	99.6	
99.1	99.4	
77.9	99.4	
98.9	89.5	
78.7	99.4	
98.7	99.6	
99.1	99.4	
88.8	99.6	
89	89.5	
78.5	99.6	
98.7	99.4	
98.5	99.6	
89	99.6	
88.8	79	
98.9	9.3	
79.3	68.7	
89.2	39.6	
97.5	79.4	
78.1	99.2	
88.6	99.6	
98.5	99.2	
98.7	89.1	
99.3	99.6	
58.3	99.6	
97.9	69.7	
98.3	99.4	
78.9	99.2	
98.3	99.6	
99.1	99.4	
88.8	99.2	
98.9	99.6	
79.3	99.6	
88.8	99.4	
99.1	99.6	
68.2	99	
67.4	99.6	
98.1	99.6	
