100	98.7	
99.5	98.6	
99.4	96.9	
100	97.8	
99.8	96.1	
99.9	99.2	
100	99.6	
99.2	99.7	
100	94.9	
99.3	98.5	
100	98.4	
100	98.4	
99.5	99.9	
99.2	99.9	
100	99.1	
100	99.8	
100	99.6	
100	99.9	
100	99.4	
100	99.7	
100	99.9	
99.9	99.9	
100	99.5	
100	99.7	
100	99.8	
99.8	98.8	
99.8	99.9	
100	99.9	
100	99.3	
100	99.9	
99.7	99.9	
99.6	99.9	
100	99.7	
100	99.4	
99.7	99.7	
100	99.9	
100	99.4	
99.9	99.9	
100	99.8	
100	99.2	
100	99.9	
99.9	99.9	
99.8	99	
100	99.4	
100	99.7	
100	99.6	
100	99.6	
99.9	99.4	
100	99.1	
99.5	99	
100	99.9	
100	99.9	
100	99.6	
99.8	99.9	
100	99.7	
99.7	99.3	
100	99.8	
100	99.9	
99.5	97.9	
100	99.9	
100	99.9	
99.5	99.5	
99.9	99.9	
100	99.7	
100	99.9	
99.8	99.9	
100	99.7	
100	99.9	
100	99.9	
100	99.9	
100	99.5	
99.4	99.9	
99.9	99.9	
100	99.9	
99.7	99.7	
98.4	99.9	
100	99.9	
99.7	99.9	
100	99.9	
99.4	99.7	
100	99.9	
99.8	99.6	
100	99.9	
100	99.9	
100	99.9	
100	99.9	
100	99.9	
99.7	99.9	
100	99.9	
100	99.6	
100	99.4	
100	99.6	
100	99.9	
100	99.3	
99.5	99.9	
100	99.2	
100	99.9	
100	99.5	
100	99.9	
100	99.8	
100	99.9	
100	99.7	
100	99.8	
100	99.8	
100	99.9	
100	99.7	
100	99.9	
100	99.9	
99.9	99.9	
99.9	99.9	
100	99.4	
99.5	99.9	
100	99.8	
100	99.9	
100	99.5	
100	99.9	
99.8	99.9	
100	99.6	
100	99.9	
100	99.7	
100	99.8	
99.7	99.9	
100	99.7	
99.9	99.9	
100	99.6	
100	99.9	
100	99.9	
99.9	99.9	
100	99.9	
100	99.9	
100	99.9	
100	99.8	
100	99.9	
99.9	99.9	
100	99.5	
100	99.7	
100	99.9	
100	99.7	
100	98.8	
100	99.5	
100	99.7	
100	99.7	
100	99.9	
99.9	99.9	
100	99.9	
100	99.9	
99.7	99.8	
99.8	99.5	
100	99.9	
100	99.9	
99.9	99.9	
99.9	99.9	
100	99.9	
100	99.9	
100	99.9	
100	99.9	
99.9	99.9	
100	99.9	
99.7	99.9	
100	99.8	
99.8	99.9	
100	99.6	
99.6	99.9	
100	99.6	
100	99.9	
99.9	99.8	
100	99.7	
99.5	99.9	
100	99.9	
100	99.9	
99.8	99.4	
99.6	99.7	
99.9	99.9	
99.9	99.9	
99.7	99.9	
100	99.8	
100	99.9	
99.8	99.6	
100	99.7	
99.5	99.9	
99.9	99.7	
99.9	99.6	
99.8	99.9	
100	99.7	
99.7	99.2	
100	99.7	
99.9	99.7	
100	99.9	
100	99.9	
99.7	99.9	
100	99.9	
100	99.9	
100	99.9	
100	99.9	
100	99.9	
99.9	99.7	
100	99.9	
100	99.9	
99.9	99.4	
100	99.9	
100	99.9	
100	99.8	
100	99.3	
99.9	99.7	
100	99.9	
100	99.9	
100	99.9	
100	99.9	
100	99.7	
100	99.9	
99.8	99.9	
100	99.9	
99.8	99.6	
100	99.9	
100	99.7	
100	99.7	
100	99.7	
100	99.9	
100	99.9	
100	99.2	
99.9	99.9	
100	99.8	
100	99.8	
99.9	99.9	
100	99.9	
99.8	99.5	
100	99.7	
100	99.9	
100	99.9	
99.9	99.5	
100	99.1	
100	99.9	
100	99.8	
100	99.7	
100	99.9	
100	99.8	
100	99.9	
100	99.8	
100	99.5	
100	99.2	
100	99.6	
100	99.8	
100	99.8	
100	99.9	
100	99.9	
100	99.5	
99.8	99.7	
100	99.6	
99.6	99.9	
100	99.9	
100	99.9	
99.9	99.6	
100	99.9	
100	99.6	
100	99.9	
100	99.9	
99.6	99.9	
100	99.9	
100	99.4	
100	99.9	
99.9	99.8	
99.8	99.8	
100	99.9	
99.9	99.9	
99.8	99.6	
100	99.7	
99.8	99.9	
99.9	99.6	
99.6	99.5	
99.8	99.9	
100	99.5	
100	99.9	
99.7	99.9	
100	99.6	
100	99.2	
99.8	99.9	
100	99.9	
100	99.9	
100	99.7	
100	99.9	
99.7	99.8	
100	99.9	
100	99.9	
99.5	99.9	
100	99.9	
100	99.6	
100	99.9	
100	99.9	
99.6	99.9	
99.8	99.5	
100	99.9	
100	99.9	
100	99.7	
99.6	99.9	
100	99.9	
100	99.7	
100	99.9	
100	99.8	
100	99.9	
99.6	99.6	
100	99.9	
100	99.8	
100	99.8	
100	99.9	
99.9	99.9	
99.8	99.5	
100	99.9	
99.8	99.9	
100	99.8	
100	99.7	
100	99.7	
100	99.4	
100	99.6	
100	99.9	
99.5	99.9	
100	99.9	
99.9	99.9	
100	99.2	
100	99.9	
100	99.5	
100	99.9	
100	99.9	
100	99.9	
99.8	99.2	
100	99.6	
99.8	99.9	
100	99.9	
100	99.9	
100	99.8	
99.9	99.9	
100	99.3	
99.5	99.9	
99.7	99.9	
100	99.9	
99.8	99.9	
100	99.9	
100	99.9	
100	99.9	
100	99.7	
100	99.9	
100	99.8	
100	99.9	
100	99.7	
100	99.3	
99.8	99.4	
99.7	99.9	
100	99.5	
99.7	99.9	
100	99.7	
100	99.9	
100	99.9	
99.7	99.3	
100	99.9	
99.5	99.9	
99.7	99.9	
100	99.9	
100	99.9	
100	99.7	
99.9	99.9	
100	99.5	
99.8	99.2	
100	99.5	
100	99.9	
100	99.5	
99.8	99.5	
100	99.9	
100	99.9	
100	99.2	
100	99.3	
99.8	99.9	
100	99.9	
99.7	99.9	
100	99.7	
100	99.9	
100	99.9	
100	99.1	
100	99.8	
99.7	99.9	
99.8	99.7	
100	99.9	
99.9	99.7	
99.8	99.7	
100	99.9	
99.6	99.9	
100	99.5	
100	99.9	
100	99.9	
100	99.6	
100	99.9	
100	99.9	
100	99.9	
100	99.9	
100	99.9	
99.8	99.9	
99.7	99.8	
100	99.9	
100	99.9	
99.7	99.8	
100	99.9	
100	99.9	
99.9	99.9	
100	99.7	
100	99.9	
100	99.9	
99.9	99.2	
100	99.9	
100	99.9	
99.9	99.4	
100	99.9	
99.7	99.7	
99.9	99.7	
100	99.8	
100	99.9	
99.6	99.9	
99.9	99.7	
99.4	99.9	
99.6	99.9	
100	99.7	
100	99.9	
100	99.6	
100	99.5	
100	99.9	
100	99.9	
100	99.9	
100	99.9	
99.9	99.9	
99.5	98.8	
100	99.9	
100	99.9	
100	99.9	
100	99.9	
99.8	99.7	
100	99.7	
100	99.9	
100	99.9	
99.8	99.9	
100	99.9	
99.8	99.8	
99.7	99.9	
99.8	99.6	
100	99.9	
99.9	99.7	
100	99.8	
99.9	99.9	
100	99.8	
100	99.9	
100	99.9	
99.7	99.9	
99.6	99	
100	99.8	
100	99.7	
100	99.8	
99.6	99.9	
100	99.9	
100	99.9	
99.8	99.8	
100	99.1	
99.5	99.6	
100	99.8	
100	99.9	
100	99.9	
100	99.9	
100	99.9	
100	99.9	
100	99.9	
99.9	99.8	
100	99.9	
100	99.9	
100	99.6	
100	99.5	
100	99.9	
100	99.5	
99.8	99.6	
99.7	99.5	
99.9	99.9	
100	99.9	
100	99.7	
100	99.9	
99.9	99.7	
100	99.4	
100	99.9	
100	99.9	
99.8	99.9	
100	99.7	
100	99.9	
100	99.9	
99.9	99.8	
99.8	99.7	
99.8	99.9	
100	99.9	
100	99.9	
99.8	99.9	
100	99.9	
99.8	99.7	
99.9	99.9	
100	99.9	
100	99.9	
100	99.9	
100	99.9	
100	99.9	
