100	98	
100	99.5	
100	99.5	
100	95.2	
99.8	97	
100	97.4	
99.8	92.7	
100	89.3	
99.6	98.9	
100	95.7	
100	97.1	
100	99.5	
100	89.3	
100	82.1	
100	99.8	
100	99.8	
100	98.5	
100	99.6	
100	99.8	
100	99.6	
100	98.9	
100	99.8	
99.8	99.8	
100	99.8	
100	99.8	
100	99.8	
100	99.6	
100	99.4	
100	99.8	
100	99.9	
100	99.8	
100	99.8	
100	99.6	
100	99.8	
100	99.5	
100	99.8	
100	99.8	
100	99.8	
100	99.6	
100	99.8	
100	99.8	
100	99.8	
100	99.8	
100	99.8	
100	99.8	
100	99.8	
100	99.8	
100	99.8	
100	99.8	
100	99.8	
100	99.8	
100	99.8	
100	99.8	
100	99.8	
100	99.8	
100	99.8	
100	99.8	
99.8	99.8	
99.4	99.8	
100	99.8	
100	99.9	
100	99.8	
100	99.8	
100	99.4	
100	99.4	
100	99.8	
100	99.8	
100	98.7	
99.8	99.5	
100	99.6	
100	99.8	
100	99.6	
100	99.8	
100	99.8	
100	99.5	
99.7	99.8	
100	99.8	
100	99.3	
100	99.5	
100	99.8	
100	99.8	
100	99.8	
100	99.8	
100	99	
100	99.8	
100	99.8	
100	99.8	
100	99.8	
100	99.8	
100	99.8	
100	99.8	
100	99.8	
100	99.8	
99.6	99.8	
100	99.8	
100	99.8	
100	99.6	
100	99.8	
100	99.8	
100	99.8	
100	99.8	
100	99.6	
100	99.6	
100	99.8	
100	99.8	
100	99.8	
100	99.6	
100	99.8	
100	99.8	
100	99.8	
100	99.8	
100	99.8	
100	99.8	
100	99.8	
100	99.8	
100	99.8	
100	99.8	
99.4	99.5	
100	99.8	
100	99.3	
99.9	99.8	
100	99.8	
100	99.8	
100	99.8	
100	99.6	
100	99.5	
100	99.8	
100	99.8	
100	99.4	
100	99.8	
100	99.9	
100	99.8	
100	99.6	
100	99.5	
100	99.8	
100	99.8	
100	99.8	
100	99.6	
100	99.8	
100	99.8	
100	99.8	
100	99.8	
100	99.8	
99.5	99.5	
99.4	99.8	
100	99.8	
100	99.8	
100	99.8	
100	99.1	
100	99.8	
100	99.5	
100	99.8	
100	99.8	
100	99.8	
100	99.8	
100	99.8	
100	99.8	
100	99.8	
100	99.8	
100	99.8	
99.7	99.3	
100	99.8	
100	99.8	
100	99.8	
99.8	99.8	
100	99.8	
100	99.8	
100	99.8	
100	99.8	
100	99.8	
100	99.8	
100	99.6	
100	99.9	
100	99.5	
100	99.8	
100	99.8	
100	99.8	
100	99	
100	99.8	
100	99.8	
100	99.8	
99.7	99.8	
100	99.8	
100	99.8	
100	99.8	
100	99.8	
100	99.8	
100	99.8	
100	99.8	
100	99.8	
100	99.8	
100	99.5	
100	99.5	
100	99.8	
100	99.8	
100	99.8	
100	99.8	
100	99.8	
100	99.8	
100	99.6	
100	99.8	
100	99.8	
99.8	99.6	
100	99.8	
100	99.8	
99.8	99.8	
100	99.3	
100	99.8	
100	99.8	
100	99.8	
100	99.8	
100	99.8	
100	99.8	
100	99.8	
100	99.8	
99.8	99.8	
100	99.8	
100	99.8	
100	99.8	
100	99.3	
100	99.8	
100	99.8	
100	99.1	
100	99.8	
99.8	99.8	
100	99.8	
100	99.8	
100	99.8	
100	99.8	
100	99.8	
100	99.8	
100	99.8	
100	99.2	
100	99.6	
100	99.6	
99.7	99.8	
100	98.8	
100	99.3	
100	99.8	
100	99.6	
100	99.6	
100	99.8	
99.8	99.2	
100	99.7	
100	99.8	
100	99.8	
100	99.8	
100	99.8	
100	99.8	
99.8	99.8	
100	99.6	
100	99.2	
100	99.6	
100	99.8	
100	99.8	
99.7	99.5	
100	99.5	
100	99.8	
100	99.8	
100	99.8	
100	99.8	
99.5	99.8	
100	99.8	
100	99.8	
100	99.8	
100	99.8	
100	99.8	
100	99.6	
100	99.6	
100	99.8	
100	99.8	
100	99.8	
100	99.3	
100	99.6	
100	99.8	
100	99.5	
99.7	99.6	
99.6	99.8	
100	99.8	
100	99.4	
100	99.8	
100	99.8	
100	99.8	
100	99.8	
99.7	99.8	
100	99.8	
100	99.8	
100	99.8	
100	99.8	
100	99.8	
99.8	99.8	
100	99.8	
99.7	99.8	
100	99.8	
100	99.2	
100	99.8	
99.8	99.6	
99.7	99.2	
100	99.8	
100	99.8	
100	99.8	
100	99.8	
100	99.8	
100	99.8	
100	99.5	
99.7	99.8	
100	99.8	
100	99.5	
100	99.6	
100	99.8	
100	99.8	
100	99.8	
100	99.8	
100	99.8	
100	99.8	
100	99.8	
100	99.8	
99.8	99.8	
100	99.8	
100	99.8	
100	99.8	
100	99.8	
100	99.8	
100	99.8	
100	99.5	
100	99.8	
100	99.8	
100	99.8	
99.5	99.8	
100	99.8	
100	99.8	
100	99.4	
100	99.8	
100	99.8	
100	99.8	
100	99.8	
99.7	99.4	
100	99.8	
100	99.5	
100	99.2	
100	99.8	
100	99.8	
100	99.8	
100	99.8	
99.7	99.8	
100	99.8	
100	99.6	
100	99.8	
100	99.8	
100	99.8	
100	99.6	
100	99.2	
100	99.8	
100	99.8	
100	99.6	
99.8	99.6	
100	99.8	
100	99.8	
100	99.8	
100	99.8	
100	99.8	
99.7	99.8	
100	99.4	
100	99.8	
100	99.8	
100	99.8	
100	99.6	
100	99.8	
100	99.8	
100	99.4	
100	99.8	
100	99.8	
100	99.8	
100	99.8	
100	99.8	
100	99.8	
100	99.3	
99.6	99	
100	99.8	
100	99.8	
100	99.8	
100	99.8	
99.8	99.6	
100	99.4	
99.7	99.4	
100	99.8	
100	99.8	
100	99.8	
100	99.8	
99.7	99.2	
100	99.8	
100	99.8	
100	99.8	
100	99.3	
100	99.8	
100	99.8	
99.7	99.8	
100	99.8	
100	99.8	
100	99.4	
100	99.8	
100	99.8	
100	99.8	
100	99.9	
100	99.8	
100	99.8	
100	99.5	
100	99.5	
100	99.8	
100	99.8	
99.5	99.8	
100	99.3	
100	99.8	
100	99.8	
99.7	99.8	
100	99.5	
100	99.8	
100	99.5	
100	99.8	
100	99.8	
100	99.8	
100	99.8	
100	99.8	
100	99.9	
100	99.8	
100	99.4	
100	99.8	
100	99.8	
100	99.8	
99.8	99.8	
100	99	
100	99.5	
100	99.8	
100	99.8	
100	99.8	
100	99.8	
100	99.8	
100	99.4	
100	99.8	
100	99.8	
100	99.8	
100	99.3	
100	99.8	
100	99.8	
100	99.8	
99.3	99.8	
100	99.8	
99.8	99.8	
100	99.2	
99.8	99.6	
100	99.8	
100	99.8	
100	99.8	
100	99.8	
100	99.8	
100	99.6	
100	99.8	
100	99.8	
99.8	99.8	
100	99.8	
100	99.8	
100	99.8	
100	99.8	
100	99.8	
100	99.8	
100	99.8	
100	99.8	
100	99.8	
100	99.8	
100	99.8	
100	99.8	
100	99.6	
99.5	99.8	
100	99.9	
100	99.8	
100	99.4	
100	99.6	
100	99.8	
100	99.8	
100	99.8	
99.9	99.8	
100	99.8	
99.8	99.8	
99.7	99.6	
100	99.9	
100	99.9	
100	99.8	
100	99.8	
100	99.6	
100	99.4	
100	99.8	
100	99.8	
100	99.8	
100	99.5	
99.5	99.8	
100	99.8	
99.8	99.8	
100	99.5	
100	99.8	
100	99.8	
