100	99.9	
100	96.9	
100	99.4	
100	98.8	
100	99	
100	99.8	
100	99.8	
100	99.8	
99.5	99.8	
100	99.8	
100	99.8	
100	99.8	
100	99.8	
100	99.8	
100	99.8	
100	99.8	
100	99.8	
100	99.8	
100	99.8	
100	99.8	
100	99.8	
100	99.9	
100	99.5	
100	99.6	
100	99.8	
100	99.8	
100	99.8	
100	99.8	
100	99.6	
100	99.6	
100	99.8	
100	99.9	
100	99.5	
100	99.8	
100	99.8	
99.1	99.8	
100	99.8	
99.8	99.5	
100	99.8	
100	99.8	
100	99.2	
99.6	99.8	
100	99.8	
100	99.8	
100	99.4	
100	99.8	
100	99.9	
100	99.6	
100	99.6	
100	99.8	
100	99.8	
100	99.8	
100	99.8	
100	99.9	
100	99.8	
100	99.8	
100	99.8	
100	99.8	
100	99.6	
100	99.2	
100	99.6	
100	99.6	
100	99.8	
99.8	99.8	
100	99.8	
100	99.8	
100	99.8	
100	99.6	
100	99.8	
100	99.5	
100	99.8	
100	99.8	
100	99.8	
99.8	99.5	
99.7	99.8	
100	99.9	
100	99.8	
100	99.6	
100	99.8	
99.2	99.8	
100	99.8	
100	99.8	
100	99.9	
99.6	99.8	
100	99.8	
100	99.4	
100	99.8	
100	99.8	
100	99	
100	99.8	
100	99.8	
100	99.4	
100	99.8	
100	99.5	
100	99.8	
99.8	99.6	
100	99.8	
100	99.5	
100	99.8	
100	99.8	
100	99.6	
100	99.6	
100	99.1	
100	99.8	
100	99.8	
99.8	99.8	
100	99.8	
99.6	99.8	
100	99.8	
100	99.6	
100	99.8	
100	99.9	
100	99.9	
100	99.8	
100	99.4	
100	99.8	
100	99.8	
100	99.5	
100	99.8	
100	99.8	
99.6	99.8	
99.3	99.6	
100	98.9	
100	99.7	
99.8	99.5	
100	99.8	
99.8	99.8	
100	99.6	
100	99.8	
99.8	99.8	
100	99.9	
100	99.6	
100	99	
100	99.8	
100	99.8	
100	99.8	
100	99.8	
100	99.8	
100	99.8	
100	99.2	
99.8	99.7	
100	99.9	
100	99.9	
100	99.9	
100	99.9	
99.6	99.9	
99.8	99.9	
99.8	99.6	
99.8	99.9	
100	99.8	
99.6	99.9	
100	99.9	
100	99.9	
99.8	99.9	
100	99.9	
100	99.9	
100	99.9	
100	99.7	
99.8	99.9	
100	99.7	
100	99.7	
100	99.9	
100	99.9	
100	99.9	
100	99.9	
100	99.9	
100	99.9	
100	99.9	
100	99.9	
100	99.9	
100	99.4	
100	99.9	
99.8	99.9	
100	99.9	
100	99.9	
100	99.7	
100	99.8	
100	99.9	
100	99.7	
100	99.9	
100	99.9	
100	99.9	
100	99.9	
100	99.9	
100	99.9	
100	99.9	
100	99.9	
100	99.6	
100	99.9	
100	99.9	
100	99.9	
99.8	99.9	
100	99.7	
100	99.9	
100	99.9	
99.8	99.7	
100	99.9	
100	99.9	
99.8	99.9	
100	99.9	
100	99.9	
100	99.9	
100	99.9	
100	99.7	
100	99.7	
100	99.9	
100	99.7	
100	99.6	
100	99.9	
100	99.9	
100	99.9	
100	99.8	
100	99.9	
100	99.9	
100	99.3	
100	99.6	
100	99.9	
100	99.9	
99.5	99.9	
99.8	99.9	
99.6	99.9	
100	99.7	
99.8	99.9	
100	99.9	
100	99.9	
100	99.9	
99.8	99.9	
99.8	99.9	
100	99.9	
100	99.9	
100	99.9	
100	99.9	
100	99.9	
100	99.7	
100	99.9	
100	99.9	
100	99.9	
100	99.9	
100	99.9	
100	99.7	
100	99.9	
100	99.9	
100	99.9	
100	99.9	
100	99.9	
100	99.4	
100	99.9	
100	99.7	
100	99.7	
100	99.9	
100	99.9	
100	99.9	
100	99.9	
99.8	99.9	
100	99.9	
100	99.9	
100	99.9	
100	99.9	
100	99.9	
100	99.9	
100	99.7	
100	99.8	
99.8	99.9	
100	99.9	
100	99.9	
100	99.9	
100	99.9	
100	99.9	
100	99.6	
100	99.9	
100	99.7	
100	99.9	
100	99.3	
100	99.7	
99.8	99.9	
100	99.7	
99.8	99.6	
100	99.8	
99.8	99.7	
100	99.9	
100	99.9	
100	99.9	
100	99.9	
99.8	99.9	
99.8	99.9	
100	99.9	
100	99.9	
100	99.9	
99.8	99.9	
100	99.7	
100	99.9	
99.6	98.8	
100	99.9	
100	99.9	
100	99.9	
100	99.9	
99.8	99.5	
100	99.9	
100	99.9	
100	99.9	
100	99.9	
100	99.9	
100	99.9	
100	99.9	
100	99.9	
100	99.9	
100	99.9	
99.8	99.9	
100	99.9	
100	99.8	
100	99.9	
100	99.7	
99.8	99.7	
100	99.9	
100	99.9	
100	99.9	
100	99.7	
100	99.9	
100	99.7	
99.8	99.9	
99.8	99.9	
100	99.4	
100	99.9	
100	99.9	
99.8	99.9	
100	99.9	
100	99.9	
100	99.9	
100	99.9	
100	99.9	
100	99.9	
100	99.9	
100	99.5	
100	99.9	
100	99.9	
100	99.9	
100	99.9	
100	99.9	
100	99.9	
100	99.9	
100	99.6	
100	99.9	
100	99.7	
100	99.9	
100	99.9	
100	99.5	
100	99.4	
100	99.9	
100	99.9	
100	99.9	
100	99.4	
100	99.9	
100	99.6	
99.8	99.9	
100	99.9	
100	99.9	
100	99.9	
100	99.9	
100	99.6	
99.8	99.9	
100	99.9	
100	99.9	
100	99.9	
100	99.9	
99.8	99.9	
100	99.9	
99.8	99.7	
100	99.9	
100	99.9	
100	99.9	
100	99.9	
99.8	99.9	
100	99.7	
100	99.9	
99.8	99.9	
100	99.9	
100	99.9	
100	99.7	
100	99.9	
100	99.9	
100	99.9	
100	99.9	
100	99.9	
100	99.9	
100	99.9	
100	99.9	
100	99.9	
100	99.9	
100	99.9	
99.8	99.9	
100	99.9	
100	99.9	
100	99.9	
99.8	99.9	
100	99.9	
100	99.9	
100	99.9	
100	99.9	
100	99.6	
100	99.9	
100	99.9	
100	99.6	
100	99.9	
100	99.9	
100	99.9	
100	99.9	
100	99.7	
100	99.9	
100	99.9	
100	99.9	
100	99.7	
99.6	99.9	
100	99.9	
100	99.9	
100	99.9	
100	99.9	
100	99.9	
100	99.9	
100	99.9	
100	99.9	
100	99.9	
100	99.9	
100	99.6	
100	99.9	
100	99.9	
100	99.9	
100	99.9	
100	99.9	
100	99.5	
99.8	99.9	
100	99.7	
100	99.7	
100	99.9	
100	99.9	
100	99.9	
100	99.7	
99.8	99.9	
100	99.9	
100	99.9	
99.9	99.9	
100	99.9	
100	99.9	
100	99.9	
100	99.9	
100	99.6	
100	99.6	
100	99.9	
100	99.9	
100	99.9	
99.8	99.9	
100	99.7	
100	99.7	
99.8	99.7	
100	99.9	
100	99.9	
100	99.9	
100	99.9	
100	99.6	
100	99.9	
100	99.9	
100	99.9	
100	99.7	
100	99.8	
100	99.9	
100	99.9	
100	99.9	
100	99.9	
100	99.7	
100	99.9	
100	99.9	
100	99.6	
100	99.9	
100	99.9	
100	99.9	
100	99.9	
100	99.9	
99.8	99.9	
100	99.9	
100	99.9	
100	99.9	
100	99.4	
100	99.6	
100	99.9	
99.8	99.9	
100	99.2	
99.8	99.9	
100	99.9	
100	99.5	
100	99.9	
100	99.8	
100	99.9	
100	99.9	
100	99.9	
100	99.8	
100	99.9	
100	99.7	
100	99.9	
100	99.9	
100	99.9	
99.6	99.9	
