100	94	
99.8	98.3	
100	99.5	
100	99.9	
100	99.8	
100	99.8	
100	99.4	
100	99.7	
100	99.7	
100	99.9	
100	98.9	
98.4	99.8	
100	99.9	
100	99.9	
99.3	99.9	
99.7	99.4	
100	99.8	
100	99.9	
100	99.9	
100	99.5	
99.1	99.7	
100	99.9	
100	99.7	
100	99.9	
100	99.9	
100	99.9	
100	99.8	
100	99.5	
100	99.9	
100	99.9	
100	99.9	
100	99.7	
100	99.9	
100	99.3	
100	99.9	
100	99.9	
100	99.2	
100	99.7	
100	99.7	
100	99.9	
100	99.9	
99.9	99.9	
100	99.3	
100	99.9	
100	99.9	
99.8	99.9	
100	99.9	
99.9	99.5	
100	99.9	
100	99.9	
100	99.9	
100	99.9	
100	99.6	
100	99.3	
100	99.9	
99.9	99.9	
100	99.9	
100	99.8	
100	99.9	
100	99.7	
100	99.7	
99.9	98.9	
100	99	
100	98.8	
100	99.9	
99.9	99.9	
100	99.5	
100	99.1	
100	99.9	
100	99.7	
100	99.4	
100	99.7	
100	99.9	
99.8	99.3	
100	99.9	
100	99.9	
99.7	99.2	
99.5	99.8	
99.9	99.4	
99.9	99.5	
99.9	99.9	
99.9	99.9	
100	99.9	
100	99.9	
100	99.9	
99.7	99.7	
99.8	99.9	
100	99.6	
100	99.9	
100	99.9	
99.9	99.9	
100	99.9	
100	99.8	
99.8	99.9	
99.6	99.9	
100	99.9	
100	99.9	
99.8	99.7	
100	99.7	
100	99.4	
99.8	99.3	
100	99.9	
100	99.7	
100	99.9	
100	99.9	
99.9	99.7	
100	99.9	
100	99.9	
99.6	99.9	
100	99.9	
100	99.8	
100	99.7	
100	99.7	
100	99.9	
100	99.9	
100	99.7	
100	99.8	
99.9	99.9	
100	99.9	
99.9	99.9	
100	99.9	
100	99.8	
100	99	
100	99.8	
100	99.1	
100	99.5	
100	99.9	
100	99.9	
100	99.9	
100	99.9	
100	99.9	
99.6	99.7	
100	99.9	
99.8	99.7	
99.9	99.9	
100	99.9	
99.8	99.1	
100	99.9	
99.9	99.9	
100	99.6	
100	99.9	
100	99.7	
100	99.7	
99.8	99.9	
100	99.1	
100	99.9	
99.7	99.9	
100	99.9	
100	99.5	
100	99.6	
100	99	
100	99.9	
100	99.7	
99.5	99.9	
99.8	99.9	
99.9	99.3	
99.7	99.2	
99.9	99.9	
99.9	99.9	
99.7	99.8	
98.9	99.8	
99.8	99.9	
99.9	99.9	
99.9	99.8	
99.5	98.7	
100	99.8	
100	99.8	
100	99.6	
100	99.4	
99.8	99.4	
99.7	99.9	
100	99.9	
100	99.9	
100	99.7	
100	99.9	
99.5	99.8	
100	99.9	
100	99.6	
100	99.9	
100	99.6	
100	99.6	
99.8	99.6	
99.9	99.8	
99.9	99.6	
100	99.6	
100	99.3	
100	99.9	
100	99.9	
100	99.9	
100	99.6	
100	99.6	
100	99.9	
100	99.9	
99.9	99.7	
100	99.9	
98.8	99.5	
99.9	99.9	
99.9	99.9	
99.7	99.9	
99.8	99.9	
100	99.3	
100	99.7	
99.3	99.8	
99.8	99.4	
100	99.9	
100	99.6	
100	99.6	
100	99.9	
100	99.7	
100	99.9	
100	99.9	
100	99.7	
99.7	99.8	
100	99.9	
100	99.9	
99.8	99.9	
100	99.9	
100	99.9	
100	99.9	
100	99.3	
100	99.9	
100	99.9	
100	99.9	
100	99.4	
99.9	99.9	
100	99.9	
100	99.8	
100	99.9	
100	99.9	
100	99.9	
99.7	99.4	
100	99.9	
100	99.9	
100	99.9	
100	99.9	
100	99.9	
100	99.7	
100	99.8	
100	99.4	
100	99.9	
99.7	99.2	
99.7	99.3	
100	99.8	
100	99.3	
99.2	99.8	
99.9	99.7	
99.9	99.9	
100	99.9	
100	99.6	
100	99.8	
100	99.9	
99.8	99.9	
100	99.9	
100	99.9	
100	99.9	
100	99.9	
100	99.8	
100	99.6	
100	99.9	
100	99.9	
99.8	99.9	
100	99.9	
99.8	99.9	
99.9	99.9	
99.8	99.7	
100	99.7	
99.9	99.2	
100	99.9	
100	99.9	
100	99.9	
99.9	99.9	
100	99.7	
100	99	
100	99.8	
100	99.9	
100	99.9	
99.9	98.7	
100	99.5	
100	99.8	
100	99.8	
100	99.7	
100	99.8	
100	99.6	
100	99.8	
100	99.4	
100	99.6	
100	99.9	
100	99.5	
100	99.6	
100	99.9	
99.8	99.9	
100	99.9	
100	99.9	
100	99.6	
100	99	
100	99.5	
100	99.5	
100	99.5	
100	98.5	
100	99.2	
100	99.8	
100	99.9	
100	99.4	
99.8	99.9	
99.7	99.8	
99.8	99.7	
100	99.5	
100	99.9	
100	99.9	
100	99.4	
100	99.7	
99.8	99.8	
100	99.8	
99.8	99.6	
100	99.8	
100	99.8	
100	99.4	
99.2	99.8	
99.9	99.9	
99.9	99.8	
99.9	99.9	
99.5	99.9	
99.9	99.9	
99.7	99.8	
100	99.9	
99.7	99.7	
99.7	99.9	
100	99.9	
100	99.3	
100	99.8	
100	99.6	
100	99.8	
99.7	99.5	
100	99.9	
99.6	99.9	
99.9	99.9	
100	99.6	
100	99.9	
100	99.9	
100	99.9	
100	99.9	
100	99.9	
100	99.9	
100	99.9	
100	99.7	
99.7	99.8	
100	99.8	
100	99.3	
100	99.9	
99.6	99.7	
100	99.9	
100	99.9	
99.7	99.9	
100	99.8	
99.4	99.7	
100	99.9	
100	99.9	
99.6	99.7	
99.9	99.9	
100	99.3	
99.8	99.9	
100	99.9	
99.2	99.7	
100	99.8	
100	99.9	
99.9	99.9	
99.9	99.9	
100	99.6	
99.8	99.7	
100	99.7	
99.8	99.7	
100	99	
100	99.9	
100	99.9	
100	99.6	
100	99.9	
100	99.9	
100	99.9	
100	99.9	
100	99.9	
100	99.9	
100	99.9	
100	99.7	
99.8	99.9	
100	99.9	
100	99.4	
100	99.8	
100	99.5	
100	99	
99.5	99.8	
100	99.7	
100	99.9	
100	99.6	
99.8	99.9	
100	99.9	
99.9	99.9	
100	99.8	
100	99.9	
100	99.9	
100	99.9	
100	99.6	
100	99.7	
99.4	99.8	
100	99.7	
100	99.9	
100	99.8	
100	99.7	
100	99.9	
99.9	99.7	
100	99.9	
100	99.8	
100	99.2	
99.7	99.9	
100	98.8	
99.8	99.9	
100	99.9	
100	99.7	
99.9	99.9	
100	99.9	
100	99.9	
100	99.5	
100	99	
100	99.1	
100	99.9	
100	99.9	
100	99.9	
100	99.7	
100	99.7	
100	99.8	
100	99.9	
100	99.8	
100	99.8	
100	99.8	
100	99.9	
100	99.9	
99.5	99.7	
99.9	99.9	
99.5	99.7	
99.8	99.6	
99.9	99.6	
100	99.8	
100	99.9	
100	99.9	
99.7	99.9	
100	99.9	
99.8	99.9	
99.9	99.5	
99.5	99.9	
100	99.9	
100	99.7	
100	99.8	
99.9	99.9	
100	99.8	
99.8	99.7	
100	99.5	
100	99.8	
100	99.6	
99.8	99.5	
100	99.9	
100	99.9	
99.5	99.9	
100	99.9	
100	99.7	
100	99.6	
100	99.3	
100	99.2	
100	99.9	
99.9	99.4	
99.7	99.8	
99.5	99.8	
99.7	99.8	
99.9	99.8	
99.9	99.3	
99.9	99.5	
99.9	99.9	
99.9	99.9	
99.6	99.9	
98.7	99.8	
100	99.4	
99.7	99.7	
100	99.9	
100	99.8	
100	99.9	
100	99.9	
100	99.7	
99.4	99.9	
100	99.6	
99.7	99.7	
100	99.5	
100	99.8	
100	99.8	
100	99.8	
100	99.8	
100	99.6	
99.8	99.8	
99.8	99.8	
100	99.6	
100	99.6	
100	99.8	
100	99.9	
