99.2	84.5	
99.3	96.2	
99.5	98.3	
99.9	89.4	
99.9	97.8	
99.9	99.9	
99.9	99.7	
99.9	99.9	
99.9	99.9	
99.7	99.9	
99.9	99.3	
99.9	99.9	
99.9	99.9	
99.9	99.9	
99.9	99.9	
99.9	99.9	
99.6	99.9	
99.9	99.8	
99.9	99.7	
99.9	99.9	
99.9	99.9	
99.7	99.7	
99.9	99.9	
99.9	99.7	
99.9	99.9	
99.9	99.9	
99.9	99.9	
99.9	99.9	
99.9	99.5	
99.9	99.9	
99.9	99.9	
99.9	99.9	
99.7	99.9	
99.7	99.7	
99.9	99.9	
99.7	99.9	
99.9	99.9	
99.9	99.9	
99.9	99.9	
99.9	99.9	
99.9	99.9	
99.9	99.9	
99.9	99.9	
99.9	99.9	
99.9	99.9	
99.9	99.9	
99.9	99.9	
99.9	99.9	
99.9	99.9	
99.9	99.7	
99.9	99.9	
99.9	99.9	
99.9	99.9	
99.9	99.9	
99.9	99.9	
99.6	99.9	
99.9	99.9	
99.9	99.9	
99.9	99.9	
99.9	99.9	
99.5	99.9	
99.9	99.7	
99.9	99.9	
99.9	99.9	
99.9	99.9	
99.7	99.9	
99.9	99.9	
99.7	99.9	
99.9	99.7	
99.7	99.9	
99.9	99.9	
99.9	99.9	
99.9	99.9	
99.6	99.7	
99.9	99.7	
99.9	99.9	
99.9	99.9	
99.7	99.9	
99.7	99.9	
99.9	99.9	
99.9	99.9	
99.7	99.9	
99.9	99.9	
99.9	99.9	
99.7	98.8	
99.9	99.9	
99.7	99.9	
99.9	99.3	
99.9	99.2	
99.9	99.9	
99.9	99.9	
99.7	99.9	
99.9	99.9	
99.9	99.9	
99.9	99.6	
99.9	99.9	
99.9	99.9	
99.9	99.9	
99.9	99.9	
99.7	99.9	
99.7	99.6	
99.9	99.9	
99.9	99.9	
99.9	99.5	
99.9	99.9	
99.9	99.6	
99.9	99.9	
99.9	99.9	
99.9	99.9	
99.9	99.9	
100	99.9	
99.9	99.9	
99.9	99.7	
99.9	99.9	
99.9	99.9	
99.9	99.9	
99.5	99.9	
99.9	99.9	
99.9	99.9	
99.9	99.9	
100	99.9	
100	99.9	
99.4	99.9	
99.9	99.9	
99.9	99.9	
99.9	99.7	
99.9	99.9	
99.9	99.5	
99.9	99.9	
99.9	99.9	
99.9	99.9	
99.9	99.9	
99.9	99.9	
99.9	99.9	
99.9	99.9	
99.9	99.9	
99.6	99.9	
99.8	99.9	
99.6	99.9	
99.9	99.9	
99.7	99.9	
99.9	99.9	
99.5	99.9	
99.9	99.3	
99.5	99.9	
99.9	99.9	
99.9	99.9	
99.9	99.9	
99.7	99.6	
99.7	99.9	
99.9	99.3	
99.9	99.9	
99.9	99.9	
99.9	99.6	
99.9	99.9	
99.9	99.9	
99.9	99.9	
99.9	99.9	
99.9	99.9	
99.9	99.9	
99.6	99.9	
99.7	99.9	
99.7	99.9	
99.9	99.9	
99.7	99.5	
99.9	99.7	
99.9	99.7	
99.7	99.9	
99.9	99.9	
99.9	99.9	
99.6	99.9	
99.9	99.9	
99.6	99.9	
99.9	99.9	
99.9	99.9	
99.9	99.9	
99.9	99.7	
99.9	99.9	
99.9	99.9	
99.9	99.7	
99.9	99.8	
99.9	99.9	
99.7	99.9	
99.9	99.9	
99.9	99.9	
99.9	99.9	
99.9	99.6	
99.9	99.8	
99.7	99.9	
99.7	99.9	
99.9	99.9	
99.9	99.9	
99.9	99.8	
99.9	99.9	
99.9	99.9	
99.9	99.9	
99.9	99.9	
99.3	99.9	
99.9	99.7	
99.7	99.7	
99.9	99.9	
99.9	99.9	
99.9	99.9	
99.9	99.7	
99.9	99.9	
99.9	99.9	
99.9	99.9	
99.5	99.9	
99.9	99.9	
99.9	99.7	
99.9	99.9	
99.7	99.9	
99.9	99.9	
99.9	99.7	
99.9	99.9	
99.9	99.7	
99.7	99.9	
100	99.9	
99.9	99.9	
99.9	99.9	
99.9	99.9	
99.6	99.9	
99.9	99.6	
99.9	99.9	
99.9	99.7	
99.9	99.9	
99.7	99.7	
99.9	99.9	
99.9	99.8	
99.9	99.9	
99.9	99.9	
99.9	99.9	
99.9	99.9	
99.9	99.9	
99.7	99.6	
99.9	99.9	
99.5	99.9	
99.9	99.9	
99.9	99.7	
99.9	99.9	
100	99.7	
99.9	99.9	
99.9	99.9	
99.9	99.9	
99.9	99.9	
99.9	99.9	
99.9	99.7	
99.7	99.9	
99.9	99.9	
99.9	99.9	
99.9	99.9	
99.9	99.9	
99.9	99.8	
99.9	99.9	
99.6	99.9	
99.9	99.9	
99.7	99.6	
99.9	99.9	
99.9	99.9	
99.9	99.9	
99.9	99.7	
99.9	99.4	
99.9	99.3	
99.6	99.6	
99.7	99.9	
99.6	99.9	
99.9	99.9	
99.9	99.9	
99.9	99.9	
99.9	99.9	
99.9	99.9	
99.9	99.5	
99.9	99.9	
99.9	99.9	
99.9	99.7	
100	99.9	
99.9	99.9	
99.9	99.9	
99.9	99.9	
99.7	99.9	
99.9	99.9	
99.9	99.9	
99.9	99.9	
99.9	99.7	
99.9	99.7	
99.9	99.9	
99.9	99.9	
99.9	99.9	
99.9	99.9	
99.7	99.9	
99.9	99.9	
99.9	99.9	
99.7	99.9	
99.9	99.9	
99.9	99.9	
99.9	99.9	
99.9	99.9	
99.9	99.9	
99.9	99.9	
99.9	99.9	
99.9	99.9	
99.9	99.9	
99.9	99.9	
99.9	99.9	
99.7	99.9	
99.9	99.9	
99.9	99.7	
99.9	99.9	
99.9	99.9	
99.3	99.4	
99.6	99.9	
99.9	99.9	
99.9	99.7	
99.9	99.9	
99.9	99.9	
100	99.9	
99.9	99.9	
99.9	99.2	
99.9	99.6	
99.9	99.9	
99.9	99.9	
99.5	99.9	
99.5	99.9	
99.6	99.9	
99.9	99.9	
99.3	99.9	
99.9	99.9	
99.9	99.9	
99.9	99.9	
100	99.7	
100	99.9	
99.9	99.9	
99.6	99.9	
99.9	99.9	
99.9	99.9	
99.9	99.5	
99.9	99.9	
99.9	99.6	
99.9	99.8	
99.9	99.9	
99.7	99.9	
99.9	99.9	
99.2	99.9	
99.9	99.9	
99.9	99.8	
99.9	99.9	
99.9	99.9	
99.9	99.9	
99.9	99.9	
99.9	99.9	
99.9	99.9	
100	99.9	
99.7	99.9	
99.9	99.9	
99.9	99.9	
99.9	99.9	
99.9	99.9	
99.9	99.7	
99.9	99.9	
99.9	99.9	
99.7	99.9	
99.9	99.9	
99.9	99.9	
99.9	99.9	
99.7	99.9	
99.6	99.9	
99.6	99.9	
99.7	99.9	
99.7	99.9	
99.9	99.9	
99.9	99.9	
99.9	99.2	
99.9	99.9	
99.9	99.5	
99.9	99.9	
99.9	99.7	
99.9	99.9	
99.9	99.9	
99.9	99.9	
99.9	99.9	
99.9	99.6	
99.9	99.9	
99.9	99.9	
99.9	99.9	
99.7	99.9	
99.9	99.9	
99.9	99.9	
99.9	99.7	
99.9	99.7	
99.4	99.9	
100	99.9	
99.9	99.9	
99.9	99.9	
99.9	99.9	
99.9	99.6	
99.9	99.9	
99.9	99.9	
99.9	99.9	
99.9	99.7	
99.9	99.9	
99.9	99.9	
99.9	99.9	
99.5	99.9	
99.9	99.9	
99.9	99.9	
99.7	99.9	
99.3	99.9	
99.7	99.9	
99.9	99.9	
99.6	99.9	
99.7	99.9	
99.9	98.9	
99.9	99.7	
99.7	99.9	
99.2	99.9	
99.9	99.6	
99.3	99.9	
99.9	99.9	
99.6	99.9	
99.9	99.9	
99.9	99.9	
99.9	99.9	
99.9	99.9	
99.9	99.9	
99.9	99.9	
99.9	99.9	
99.9	99.9	
99.9	99.9	
99.9	99.9	
99.9	99.9	
99.9	99.9	
99.9	99.9	
99.9	99.9	
99.9	99.9	
99.9	99.9	
99.9	99.9	
99.9	99.9	
99.7	99.9	
99.9	99.9	
99.9	99.9	
99.4	99.9	
99.9	99.9	
99.4	99.9	
99.9	99.7	
100	99.9	
99.9	99.9	
99.9	99.3	
99.9	99.9	
99.5	99.7	
99.9	99.9	
99.9	99.9	
99.9	99.7	
99.9	99.9	
99.9	99.9	
99.9	99.5	
99.9	99.9	
99.9	99.9	
99.9	99.6	
99.9	99.2	
99.9	99.9	
99.9	99.9	
99.7	99.2	
99.9	99.9	
100	99.9	
99.9	99.9	
99.9	99.7	
99.9	99.9	
99.9	99.9	
99.7	99.9	
99.9	99.9	
99.9	99.9	
99.9	99.9	
99.9	99.9	
99.9	99.9	
99.9	99.9	
99.9	99.9	
99.7	99.9	
99.4	99.5	
99.7	99.9	
99.9	99.7	
99.9	99.9	
99.9	99.9	
99.7	99.9	
99.9	99.9	
99.9	99.9	
99.5	99.9	
99.9	99.9	
99.9	99.9	
99.6	99.9	
99.9	99.9	
99.9	99.9	
99.9	99.9	
99.9	99.9	
99.9	99.7	
99.9	99.9	
99.9	99.9	
99.7	99.9	
99.9	99.9	
99.9	99.6	
99.9	99.9	
