100	91.9	
99.5	98.4	
99.4	96.8	
100	94.5	
100	99.9	
99.8	99.9	
100	99.7	
100	99.9	
100	99.9	
100	99.9	
100	99.5	
100	99.6	
100	99.3	
99.9	99.9	
100	98.8	
100	99.9	
100	99.5	
100	99.9	
100	99.9	
100	99.7	
99.5	99.9	
99.8	99.9	
100	99.3	
99.8	99.9	
99.3	99.5	
100	99.7	
100	99.7	
100	99.9	
100	99.7	
100	99.9	
100	99.9	
100	99.5	
100	98.4	
100	99.9	
99.9	99.5	
100	99.4	
100	99.9	
100	99.9	
99.8	99	
100	99.9	
99.7	99.7	
99.5	99	
100	99.9	
99.6	99.9	
100	99.6	
100	99.6	
99.7	99.9	
100	99.7	
100	99.5	
99.9	99.9	
100	98.6	
100	99.6	
100	99.4	
99.9	99.9	
99.8	99.9	
100	99.9	
100	99.5	
100	99.9	
100	99.4	
99.9	98.7	
100	99.9	
99.5	99.4	
100	99.9	
100	99.9	
100	99.7	
100	99.6	
100	99.7	
100	99.4	
100	99.9	
100	99.9	
99.9	99.9	
100	99.9	
100	99.9	
99.9	99.4	
100	99.9	
100	99.9	
99.9	99.9	
100	99.9	
100	99.9	
99.5	99.9	
99.9	99.9	
100	99.9	
100	99.1	
100	99.9	
99.4	99.7	
100	99.9	
99.7	99.9	
100	99.9	
100	99.4	
100	99.9	
100	99.9	
100	99.1	
98.5	99.7	
99.7	99.7	
100	99.7	
100	99.9	
99.7	99.7	
99.4	99.9	
100	99.9	
99.8	99.2	
100	99.9	
100	98.6	
100	99.9	
100	99	
100	99.9	
99.8	99.7	
100	99.9	
100	99.9	
100	99.9	
100	99	
100	98.2	
100	99.9	
100	99.9	
100	99.4	
100	99.7	
100	99.9	
99.8	99.9	
100	99.9	
100	99.9	
100	99.5	
100	99.9	
100	99.5	
100	99.9	
100	98.3	
100	99.9	
100	99.9	
100	99.9	
99.9	99.9	
99.8	99.6	
100	99.9	
100	99.9	
100	99.7	
100	99.9	
100	99.7	
100	99.9	
100	99.9	
100	99.9	
99.7	99.9	
100	99.9	
100	99.9	
100	99.7	
100	99.9	
100	99.9	
100	99.9	
99.9	99.4	
100	99.7	
100	99.9	
100	99.9	
100	99.2	
100	99.9	
100	99.9	
100	99.1	
100	99.7	
100	99.9	
100	99.9	
100	98.6	
100	99.6	
99.9	99.9	
100	99.7	
100	99.5	
100	99	
100	99.9	
100	99.9	
99.9	99.9	
100	99.6	
99.8	99.9	
100	99.9	
100	99.6	
100	99.9	
100	99.9	
99.8	99.6	
100	99.9	
100	99.9	
100	98.4	
100	99.9	
100	99.9	
100	99.4	
100	99.9	
99.9	99.9	
100	99.6	
99.9	99.9	
100	99.9	
100	99.9	
99.8	99.9	
100	99.7	
100	99.7	
100	99.5	
100	99.9	
100	99.4	
100	99.4	
99.9	99.9	
100	99.7	
100	99.9	
100	99.9	
99.8	99.9	
100	99.9	
100	99.9	
100	99.9	
100	99.9	
99.9	99.2	
100	99.6	
100	99.7	
99.9	99.9	
99.4	99.9	
100	99.6	
100	99.9	
100	99.9	
99.9	99.6	
100	99.9	
99.9	99.9	
100	99.8	
99.9	99.7	
100	99.9	
100	99.6	
100	99.9	
100	99.9	
100	99.9	
100	99.9	
100	99.9	
100	99.9	
100	99.9	
100	99.5	
100	99.9	
100	99.7	
100	99.5	
100	99.5	
99.8	99.9	
100	99.9	
100	99.9	
100	99.7	
100	99.9	
99.9	99.9	
99.8	99.9	
100	99.7	
99.6	99.3	
99.8	99.6	
100	99.5	
100	99.9	
100	99.9	
99.8	99.9	
100	99.2	
100	99.9	
100	99.6	
100	99.9	
100	99.9	
100	99.9	
100	99.4	
100	99.9	
100	99.9	
99.9	99.6	
100	99.9	
100	99.4	
100	99.9	
100	99.9	
100	99.9	
100	99.9	
100	98.7	
99.9	99.7	
100	99.9	
100	99.5	
100	99.9	
100	99.9	
99.8	98.6	
100	99.9	
99.8	99.9	
100	99.5	
100	99.4	
100	99.9	
100	99.3	
100	99.9	
100	99.9	
100	99.9	
100	99.6	
100	99.9	
100	99.9	
100	99.7	
99.8	99.9	
100	99.9	
99.8	99.9	
100	99.9	
100	99.7	
100	99.9	
100	99.7	
100	99.6	
100	99.7	
100	99.9	
99.8	99.9	
100	99.9	
100	99.2	
100	99.9	
100	99.9	
100	99.4	
100	99.6	
100	99.9	
100	99.1	
100	99.9	
100	99.9	
100	99.9	
100	99.4	
100	99.9	
99.8	99.9	
100	99.9	
99.6	99.9	
100	99.9	
100	99.9	
99.7	99.9	
100	99.7	
100	99.9	
100	98.5	
100	99.9	
99.8	99.9	
100	99.9	
99.9	99.9	
100	99.5	
100	99.7	
99.8	99.2	
100	99.9	
100	99	
100	99.7	
99.9	99.9	
100	99.9	
100	99.9	
100	99.9	
100	99.9	
100	99.9	
100	99.6	
100	99.9	
100	99.9	
100	99.9	
100	99.5	
99.9	99.9	
100	99.9	
100	99.9	
100	99.9	
100	99.9	
99.7	99.6	
100	99.9	
100	99.9	
99.8	99.9	
100	99.9	
100	99.9	
100	99.5	
100	99.9	
99.6	99.6	
100	99.6	
100	99.9	
100	99.9	
99.7	99.9	
100	99.9	
100	99.9	
100	99.7	
100	99.5	
99.6	99.9	
99.8	99.9	
100	99.7	
100	99.9	
100	99.7	
99.8	99.6	
100	99.9	
100	99.7	
100	98	
100	99.9	
99.7	99.9	
99.6	99.7	
100	98.7	
100	99.9	
100	99.9	
100	99.9	
99.9	99.6	
99.8	99.9	
100	99.6	
99.8	99.6	
100	99.3	
100	99.9	
100	99.7	
100	99.9	
100	99.9	
99.5	99.9	
100	99.9	
100	99.9	
100	99.9	
100	99.7	
99.8	99.9	
99.7	99.9	
100	99	
100	99.9	
99.8	99.7	
100	99.5	
99.8	99.9	
100	99.7	
100	99.4	
100	99.9	
99.9	99.9	
100	99.9	
100	99.7	
100	99.9	
100	99.9	
99.9	99.9	
99.7	99.9	
100	99.9	
100	99.9	
100	99.9	
100	99.6	
100	99.9	
100	99.9	
99.9	99.9	
100	99.9	
100	99.2	
100	99	
100	99.9	
100	99.7	
99.9	99.9	
100	99.9	
99.9	99.9	
99.8	98.8	
100	99.9	
100	99.9	
100	99.9	
100	99.9	
100	99.9	
99.9	99.9	
100	99.7	
100	99.9	
99.9	99.7	
99.7	99.7	
99.5	99.5	
100	99.7	
99.8	99.4	
100	99.4	
100	99.9	
100	99.9	
100	99.9	
100	99.3	
100	99.3	
100	99.9	
100	99.7	
100	99.9	
100	99.9	
100	99.9	
100	99.7	
99.8	99.9	
100	99.7	
100	99.4	
99.9	99.4	
100	99.7	
99.6	99	
99.8	99	
99.9	99.9	
100	99.9	
99.9	99.9	
99.8	99.9	
100	99.9	
99.9	99.7	
100	99.9	
100	99.2	
99.8	99.9	
99.8	99.6	
100	99.9	
100	99.4	
100	99.9	
100	99.9	
100	99.9	
100	99.9	
100	99.9	
100	99.9	
99.9	99.9	
99.8	99.6	
100	99.9	
99.6	99.9	
99.5	99.9	
100	99.9	
99.9	99.9	
100	99.4	
100	99.7	
100	99.7	
99.9	99.9	
100	99.9	
100	99.9	
100	99.9	
100	99.9	
100	99.2	
100	99.9	
99.9	99.4	
100	98.7	
100	98.8	
100	99.7	
100	99.9	
100	99.9	
100	99.9	
100	99.9	
100	99.9	
99.9	99.9	
100	99.9	
100	99.9	
99.5	99.7	
100	99.9	
99.7	99.8	
100	99.1	
100	99.4	
100	99.9	
