100	99.8	
99.7	94.4	
99.2	98	
96.9	93.5	
100	99.2	
100	99.1	
100	99.1	
100	99.7	
99.3	99	
96.9	99.9	
99.8	98	
100	99.5	
100	99.6	
100	99.9	
100	99.6	
99.3	99.1	
98.2	98.5	
100	99	
100	99.8	
100	99.8	
99.3	99.8	
99.5	99.8	
100	99.7	
100	99.7	
99.7	99.7	
99.8	98.2	
100	98.4	
99.9	99.3	
100	98.4	
99.9	99.9	
99.4	99.6	
99.3	99.5	
100	99.9	
99.6	99.7	
100	98.9	
99.4	99.9	
100	99.9	
100	99.9	
100	99.5	
99.7	99.2	
100	99	
99.3	99.9	
100	99.7	
100	99.7	
100	99.6	
100	99.9	
100	99.9	
99.2	99.9	
99	99.7	
100	99.8	
100	99.9	
99.2	99.5	
99.9	99.8	
100	99.8	
100	99.9	
100	99.6	
100	99.3	
100	99.9	
100	99.9	
100	99.9	
100	99.1	
100	99.7	
100	99.7	
99.8	99.9	
100	99.9	
100	99	
100	99.1	
100	99.9	
100	99.9	
99.7	99.3	
100	99.5	
99.6	99.7	
99.6	99.1	
100	99.9	
100	99.5	
100	99.2	
100	98.5	
100	99.9	
100	99.3	
100	99.8	
100	99.5	
99.8	99.2	
100	99.9	
100	99.9	
100	99.9	
100	99.9	
99.9	99.1	
100	99.5	
100	99.4	
100	99.5	
99.8	99.9	
100	99.9	
100	99.7	
99.6	99.9	
99.6	99.9	
99.9	98.7	
99.9	99.9	
100	99.9	
100	99.3	
100	99.9	
100	99.2	
99.6	99.9	
99.7	99.9	
100	99.7	
100	99.9	
99.8	99.2	
99.3	99.2	
99.5	99.6	
99.8	99.7	
100	99.9	
100	99.9	
100	99.9	
100	99.6	
100	99.9	
99.9	99.9	
100	99.9	
99.7	99.9	
100	99.9	
100	99.7	
100	99.9	
99.7	99.9	
100	99.9	
100	99.2	
100	99.9	
100	99.4	
100	99.9	
100	99.9	
100	99.9	
100	99.7	
100	99.8	
100	99.8	
99.9	99.9	
99.5	99.9	
100	99.9	
100	99.7	
99.9	99.8	
100	99.9	
100	99.5	
100	99.4	
100	99.6	
99.2	99.9	
100	97.9	
100	99.9	
99.9	99.4	
99.5	99.9	
100	99.9	
100	99.9	
100	99.9	
99.9	99.9	
100	99.8	
99.4	99.9	
100	99.9	
100	99.9	
100	99.9	
100	99.9	
99.8	99.7	
100	99.5	
100	99.9	
99.8	99.9	
100	99.7	
99.8	99.2	
100	99.6	
100	99.9	
99.7	99.8	
100	99.2	
100	99.6	
100	99.7	
99.8	99.8	
99.8	99.9	
99.8	99.9	
99.9	99.8	
100	98.4	
99.8	99.5	
100	99.9	
100	99.9	
100	99.6	
100	99.3	
100	99.9	
100	99.1	
100	99.9	
99.4	99.5	
100	99.9	
99.9	99.7	
100	99.9	
100	99.2	
100	99.4	
99.6	99.8	
100	99.9	
100	99.4	
100	99.9	
99.2	99.1	
99.8	99.9	
99.5	99.8	
100	99.5	
99.9	99.5	
99.9	99	
100	99.9	
100	99.9	
100	99.9	
100	99.7	
100	99.1	
100	99.4	
99	99.9	
100	99.2	
100	99.7	
99.8	99.7	
100	99.8	
100	99.8	
99.6	99.9	
100	99.5	
100	99.8	
100	99.7	
100	99.8	
100	99.7	
100	99.9	
99.8	99.9	
100	99.5	
100	99.9	
100	99.9	
99.2	99.9	
100	99.9	
99.2	99.9	
99.2	99.4	
100	99.9	
100	99.8	
99.8	99.9	
100	99.7	
100	99.2	
100	99.9	
100	99.9	
100	99.9	
99.8	99.9	
100	99.9	
99.9	99.5	
100	99.1	
99.8	99.7	
100	99.9	
99.6	99.9	
99.7	99.7	
99.7	99.5	
100	99.9	
99.7	99.9	
100	99.9	
99.9	99.9	
99.8	99.8	
99.8	99.4	
100	99.8	
100	99.9	
100	99.7	
99.3	99.9	
100	99.7	
99.6	99.9	
100	99.8	
99.7	99.7	
100	99.9	
99.9	99.9	
99.7	99.5	
99.8	99.5	
100	99.4	
99.7	99.9	
100	99.9	
99.9	99.8	
99.8	99.7	
98.7	99.9	
100	99.9	
99.8	99.9	
99.2	99.6	
99.4	99.4	
100	99.9	
100	99.9	
99.7	99.8	
100	99.9	
100	99.9	
100	99.9	
99.6	99.7	
100	99.8	
99.7	99.8	
100	99.9	
99.4	99.9	
99.9	99.9	
99.2	99.9	
100	99.4	
99.9	99.8	
99.8	99.8	
99.8	98.9	
100	99.5	
100	99.9	
100	99.9	
99.8	99.7	
99.8	99.7	
100	99.7	
100	99.5	
100	98.7	
99.9	99.9	
100	99.9	
100	99.9	
99.9	99.9	
99.9	99	
100	99.7	
100	99.7	
99.8	99.7	
99.8	99.9	
99.9	99.5	
100	99.2	
100	99.8	
99.8	99.9	
100	99.5	
99.7	99.7	
100	99.7	
99.8	99.9	
100	99.9	
99.5	99.7	
99.8	99.9	
100	99.9	
99.7	99.3	
100	99.9	
99.9	99.9	
100	99.9	
100	99.9	
100	99.9	
100	99.9	
100	99.4	
100	99.9	
100	99.9	
99.6	99.8	
99.7	99.9	
100	99.8	
100	99.9	
100	99.9	
99.8	99.4	
99.7	99.8	
99.9	99.7	
100	99.6	
99.8	99.4	
100	99.8	
100	99.6	
99.6	99.5	
100	99.9	
100	99.9	
100	99.7	
100	99.9	
99.7	99.9	
100	99.1	
99.3	99.7	
100	99.8	
99.8	99.9	
100	99.9	
100	99.3	
100	99.5	
100	99.6	
100	99.9	
100	99.9	
99.9	99.9	
99.8	99.8	
100	99.9	
100	99.8	
100	99.9	
100	99.5	
99.4	99.9	
100	99.9	
99.3	99.4	
100	99.9	
99.9	99.6	
99.8	99.9	
99.9	99.7	
100	99.8	
99.6	99.9	
99.8	99	
100	99.8	
99.9	99.8	
100	99.9	
100	99.6	
100	99.9	
100	99.9	
100	99.9	
99.6	99.9	
99.4	99.8	
100	99.9	
99.9	99.9	
99.8	99.4	
100	99.9	
99.9	99.9	
99.9	99.9	
100	99.9	
100	99.9	
99.8	99.7	
100	99.8	
99.7	99.9	
99.4	99.9	
100	99.7	
100	99.7	
100	99.9	
100	99.8	
100	99.6	
100	99.3	
99.6	99.9	
100	99.9	
99.7	99.7	
99.9	99.8	
100	99.8	
100	99.7	
99.8	99.9	
100	99.7	
99.4	99.7	
99.8	99.8	
99.8	99.6	
100	99.9	
100	99.5	
100	99.7	
99.8	99.7	
100	99.5	
100	99.4	
99.6	98.2	
99.7	99.8	
100	99.9	
99.8	99.9	
100	99.9	
100	99.9	
99.6	99.7	
100	99.9	
99.5	99.6	
100	99.9	
100	99.5	
100	99.9	
100	99.7	
100	99.5	
100	99.9	
99.6	99.7	
99.6	99.5	
99.9	99.9	
100	99.7	
100	99.9	
100	99.9	
99.9	99.8	
99.3	99.9	
100	99.9	
100	99.8	
100	99.9	
100	99.9	
100	99.9	
100	99.9	
100	99.2	
100	99.4	
99.8	99.9	
100	99.7	
99.9	99.7	
99.1	99.1	
100	99.1	
100	99.7	
100	99.9	
100	99.8	
99.9	99.8	
99.6	99.9	
100	99.8	
100	99.9	
100	99.9	
100	99.8	
100	99.9	
100	99.6	
99.8	99.9	
99.9	99.9	
99.8	99	
99.9	99.9	
99.8	99.9	
99.8	99.9	
99.5	99.9	
100	99.7	
100	99.7	
99.1	99.9	
99.8	99.9	
100	99.9	
99.8	98.3	
100	98.4	
100	99	
100	99.4	
100	99.2	
99.8	99.9	
100	99.9	
99.4	99.5	
100	99.8	
100	99.9	
99.8	99.9	
100	99.9	
100	99.9	
100	99.3	
100	99.9	
99.7	99.9	
100	99.9	
99.8	99.9	
100	99	
100	99.9	
100	99.9	
99.6	99.9	
100	99.9	
100	99.9	
100	98.7	
99.5	99.9	
100	98.7	
99.4	99.9	
99.7	99.9	
