100	91	
100	91.3	
100	93.4	
100	85.6	
100	86	
100	89.5	
99.8	99.6	
100	99.6	
100	99.6	
100	99.8	
100	99.8	
100	99.8	
100	99.6	
100	99.8	
100	99.8	
100	99.8	
100	99.8	
100	99.8	
100	99.8	
100	99.5	
100	99.8	
100	99.8	
100	99.8	
100	99.6	
99.3	99.9	
99.1	99.4	
100	99.8	
99.6	99.8	
100	99.8	
100	99.8	
100	99.8	
99.6	99.8	
100	99.8	
100	99.8	
100	99.8	
100	99.8	
100	99.8	
100	99.5	
100	99.8	
100	99.8	
100	99.8	
100	99.9	
99.8	99.8	
100	99.5	
100	99.8	
100	99.8	
100	99.5	
100	99.8	
100	99.8	
100	99.8	
100	99.5	
100	99.8	
100	99.8	
100	99.8	
100	99.5	
100	99.8	
100	99.8	
99.8	99.9	
100	99.8	
100	99.9	
100	99.8	
99.7	99.8	
99.7	99.8	
100	99.8	
100	99.8	
100	99.5	
100	99.8	
100	99.6	
100	99.8	
100	99.8	
100	99.6	
100	99.8	
100	99.8	
100	99.8	
100	99.8	
100	99.8	
100	98.6	
100	99.5	
100	99.8	
100	99.8	
100	99.3	
100	99.8	
100	99.8	
100	99.8	
100	99.8	
100	99.6	
100	99.8	
100	99.5	
100	99.8	
100	99.8	
100	99.5	
99.8	99.8	
100	99.9	
100	99.6	
100	99.8	
100	99.8	
100	99.8	
100	99.6	
100	99.8	
100	99.8	
100	99.5	
99.8	99	
100	99.5	
100	99.6	
100	99.8	
100	99.6	
100	99.6	
100	99.2	
100	99.6	
100	99.8	
100	99.8	
100	99.8	
99.8	99.8	
100	99.8	
100	99.8	
100	99.7	
99.3	99.6	
99.6	99.8	
100	99.6	
100	99.8	
99.6	99.8	
99.6	99.8	
99.7	99.8	
100	99.8	
100	99.8	
99.6	99.8	
100	99.4	
100	99.8	
100	99.8	
100	99.4	
100	99.6	
100	99.5	
99.7	99.8	
99.7	98.9	
99.8	99.8	
100	99.8	
100	99.8	
100	99.6	
100	99.8	
100	99.8	
100	99.8	
100	99.4	
100	99.8	
100	99.8	
100	99.8	
100	99.8	
100	99.4	
100	99.6	
100	99.6	
100	99.8	
100	99.8	
100	99.8	
99.8	99.8	
100	99.8	
99.6	99.8	
100	99.8	
100	99.8	
99.5	99.8	
100	99.8	
100	99.6	
100	99.8	
100	99.5	
100	99.3	
100	99.8	
100	99.8	
100	99.8	
100	99.8	
100	99.9	
100	99.8	
100	99.8	
100	99.8	
100	99.8	
100	99.8	
100	99.8	
100	99.8	
100	99.8	
100	99.8	
100	99.8	
100	99.8	
100	99.3	
100	99.3	
100	99.8	
100	99.8	
100	99.8	
100	99.6	
100	99.6	
100	99.4	
100	99.8	
99.8	99.2	
100	99.8	
100	99.6	
100	99.8	
100	99.8	
100	99.8	
100	99.8	
100	99.8	
100	99.8	
100	99.8	
100	99.8	
100	99.8	
100	99.8	
100	99.8	
100	99.8	
100	99	
100	99.8	
100	99.6	
100	99.8	
99.8	99.8	
100	99.6	
100	99.8	
100	99.8	
100	99.8	
100	99.8	
100	99.8	
100	99.8	
100	99.8	
100	99.8	
100	99.8	
100	99.8	
100	99.8	
100	99.8	
100	99.8	
99.5	99.8	
100	99.6	
100	99.8	
98.9	99.8	
100	99.3	
100	99.8	
100	99.6	
100	99.8	
99.8	99.8	
100	99.8	
99.6	99.1	
100	99.6	
100	99.4	
100	99.8	
99.8	99.8	
100	99.8	
100	99.8	
100	99.8	
100	99.6	
100	99.8	
100	99.8	
100	99.8	
100	99.8	
100	99.8	
100	99.8	
100	99.8	
100	99.8	
100	99.8	
100	99.8	
100	99.8	
100	99.8	
100	99.8	
100	99.8	
100	99.8	
99.6	99.8	
100	99.6	
100	99.9	
100	99.1	
100	99.8	
100	99.8	
100	99.6	
100	99.4	
100	99.8	
100	99.8	
100	99.8	
100	99.5	
100	99.8	
99.2	99.6	
100	99.8	
100	99.8	
99.8	99.8	
100	99.8	
100	99.5	
100	99.8	
100	99.8	
100	99.8	
100	99.9	
99.3	99.6	
100	99.8	
100	99.8	
100	99.5	
100	99.2	
100	99.9	
100	99.8	
100	99.8	
99.7	99.8	
99.8	99.6	
100	99.5	
100	99.6	
99.8	99.8	
99.8	99.8	
100	99.6	
100	99.8	
100	99.8	
100	99.8	
100	99.8	
100	99.8	
100	99.9	
100	99.8	
100	99.6	
100	99.5	
100	99.8	
100	99.8	
100	99.8	
100	99.8	
100	99.6	
100	99.8	
100	99.8	
100	99.8	
99.8	99.6	
100	99.6	
100	99.8	
100	99.9	
99.3	99.5	
100	99.6	
100	99.8	
100	99.8	
100	99.8	
100	99.8	
99.6	99.9	
100	99.8	
100	99.8	
99.8	99.8	
100	99.8	
100	99.8	
100	99.5	
100	99.8	
100	99.8	
100	99.8	
99.6	99.8	
100	99.4	
100	99.8	
100	99.8	
99.6	99.8	
100	99.8	
100	99.6	
100	99.5	
100	99.8	
100	99.8	
100	99.8	
100	99.8	
99.7	99.6	
100	99.5	
100	99.4	
100	99.6	
100	99.4	
100	99.9	
100	99.8	
100	99.8	
100	99.8	
100	99.8	
100	99.8	
100	99.6	
100	99.8	
100	99.3	
100	99.8	
100	99.8	
100	99.3	
100	99.8	
100	99.8	
100	99.9	
100	99.8	
100	99.8	
100	99.8	
100	99.1	
100	99.8	
100	99.9	
100	99.5	
100	99.6	
100	99.8	
100	99.8	
100	99.9	
100	99.2	
100	99.8	
100	99.8	
100	99.6	
99.8	99.6	
100	99.8	
100	99.9	
100	99.8	
100	99.8	
100	99.8	
100	99.8	
100	99.8	
100	99.8	
100	99.9	
99.5	99.8	
100	99.9	
100	99.8	
99.6	99.8	
100	99.8	
100	99.8	
100	99	
100	99.8	
100	99.6	
100	99.5	
100	99.6	
100	99.8	
100	99.4	
100	99.8	
100	99.3	
97.1	99.8	
99.8	99.3	
100	98.9	
99.6	99.3	
100	99.8	
100	99.8	
100	99.6	
100	99.5	
100	99.8	
100	99.8	
100	99.8	
100	99.8	
100	99.8	
99.4	99.6	
100	99.8	
100	99.8	
100	99.8	
100	99.6	
100	99.8	
100	99.8	
100	99.8	
100	99.8	
100	99.6	
100	99	
100	99.8	
100	99.8	
100	99.5	
100	99.8	
100	99.8	
99.8	99.8	
100	99.8	
100	99.7	
100	99.5	
100	99.8	
100	99.8	
100	99.8	
100	99.8	
100	99.8	
100	99.8	
100	99.8	
100	99.8	
100	99.9	
100	99.8	
100	99.8	
100	99.8	
100	99.6	
99.6	99.8	
100	99.8	
100	99.8	
100	99.8	
100	99.8	
100	99.8	
100	99.8	
100	99.9	
100	99.8	
100	99.6	
100	99.8	
100	99.6	
100	99.8	
98.5	99.8	
99.6	99.8	
100	99.8	
100	99.8	
100	99.8	
100	99.6	
100	99.8	
100	99.8	
100	99.8	
100	99.5	
99.6	99.8	
100	99.8	
100	99.8	
100	99.8	
100	99.2	
100	99.8	
100	99.8	
100	99.8	
100	99.8	
100	99.8	
100	99.8	
99.7	99.8	
100	99.8	
100	99.4	
100	99.8	
100	99.8	
100	99.8	
100	99.6	
100	99.8	
100	99.4	
100	99.8	
100	99.8	
100	99.8	
100	99.8	
100	99.8	
99.8	99.8	
100	99.6	
100	99.5	
