100	98.6	
100	92.4	
100	93.8	
100	83.4	
100	97.4	
100	97	
100	96.8	
100	92.2	
100	89.5	
100	99.8	
100	99	
100	99.6	
100	95.8	
100	95.7	
100	95.6	
100	96.6	
99.5	96.8	
100	99.8	
100	99.9	
100	97.7	
100	93	
100	99.6	
100	97.6	
100	97.5	
100	99.8	
100	99.9	
100	99.8	
100	99.8	
100	99.8	
100	99.9	
100	99.5	
100	99.8	
100	99.8	
100	99.8	
100	99.9	
100	99.8	
100	99.8	
100	99.8	
100	99.8	
100	99.8	
100	99.8	
100	99.8	
100	99.8	
100	99.6	
100	99.8	
100	99.8	
100	99.8	
100	99.8	
100	99.8	
100	99.8	
100	99.8	
100	99.9	
100	99.8	
100	99.8	
100	99.8	
100	99.8	
100	99.8	
100	99.8	
100	99.8	
100	99.8	
100	99.8	
100	99.6	
100	99.8	
100	99.8	
100	99.8	
100	99.8	
99.4	99.6	
100	99.8	
99.6	99.8	
100	99.8	
100	99.6	
100	99.8	
100	99.8	
100	99.8	
100	99.8	
100	99.8	
100	99.6	
100	99.1	
100	99.8	
100	99.8	
100	99.8	
100	99	
100	99.8	
100	99.8	
99.3	99.8	
99.1	99.8	
100	99.3	
100	99.8	
100	99.2	
100	99.8	
100	99.8	
100	99.8	
100	99.8	
100	99.8	
100	99.8	
100	99.8	
98.5	99.8	
100	99.8	
100	99.2	
100	99.8	
100	99.9	
100	99.5	
100	99.8	
100	99.8	
100	99.8	
100	99.8	
100	99.5	
100	99.9	
100	99.3	
100	99.8	
95.9	99.8	
100	99.6	
100	99.8	
100	99.8	
100	99.6	
99.8	99.8	
100	97.8	
100	99.8	
100	99.6	
100	99.9	
100	99.8	
100	99.8	
100	99.8	
100	99.8	
100	99.8	
100	99.8	
97.6	98.3	
98.6	99.8	
100	99.6	
100	99.3	
100	99.8	
100	99.8	
100	99.8	
99.8	99.8	
100	99.8	
99.8	99.8	
100	99.8	
100	99.9	
99.8	99.8	
100	99.5	
100	99.5	
100	99.8	
100	99.8	
100	99.8	
100	99.8	
100	99.9	
100	99.8	
100	99.5	
100	99.8	
100	99.8	
100	99.8	
100	99.8	
100	99.3	
100	99.8	
100	99.8	
100	99.8	
100	99.1	
100	99.8	
100	99.8	
100	99.9	
100	99.6	
100	99.5	
99.8	99.8	
100	99.8	
100	99.8	
100	99.8	
100	99.5	
100	99.3	
100	99.8	
100	99.8	
100	99.5	
100	99.6	
100	99.8	
99.8	99.6	
100	99.8	
100	99.8	
100	99.6	
100	99.8	
97.3	99.8	
97.7	99.8	
99.5	99.8	
100	99.8	
100	99.8	
100	99.8	
100	99.8	
100	99.8	
100	99.8	
100	99.8	
100	99.8	
100	99.4	
100	99.5	
100	99.1	
100	99.8	
100	99.6	
100	99.8	
100	99.8	
100	99.8	
100	99.8	
100	99.6	
100	99.6	
100	99.5	
100	99.6	
100	99.9	
99.8	99.8	
100	99.3	
100	99.5	
100	99.8	
100	99.3	
99.8	99.8	
100	99	
100	99.8	
100	99.8	
100	99.8	
100	98.7	
100	99.8	
100	99.5	
100	99.8	
100	99.9	
100	99.8	
98.5	99.4	
100	99.8	
100	99.8	
100	99.8	
100	99.6	
100	99.8	
100	99.8	
99.4	99.8	
100	99.9	
100	99.8	
97.4	99.8	
100	99.6	
100	99.3	
100	99.8	
100	99.6	
100	99.6	
99.7	99.5	
100	99.5	
100	99.3	
100	99.8	
100	99.8	
99.8	99.8	
100	99.6	
100	99.8	
99.3	99.8	
100	99.8	
100	99.1	
100	99.6	
100	98.9	
99.8	99.9	
100	99.8	
100	99.8	
100	99.4	
100	99.3	
100	99.6	
100	99.8	
100	99.5	
93.7	99.8	
100	99.8	
100	99.8	
100	99.3	
100	99.5	
100	99.8	
100	99.8	
100	99.5	
100	99.8	
100	99.8	
100	98.3	
100	99.8	
93.9	99.8	
100	99.8	
100	99.8	
100	99.5	
100	99.8	
100	99.9	
100	99.8	
100	99.6	
99.8	99.8	
100	99.5	
100	99.6	
100	99.4	
100	99.8	
100	99.5	
100	99.5	
100	99.8	
100	99.8	
100	99.8	
100	99.9	
100	99.8	
100	99.5	
100	99.8	
100	99	
100	99.9	
99.8	99.8	
99.5	99.8	
100	99.8	
100	99.8	
99.1	99.8	
100	99.8	
100	99.8	
100	99.6	
100	99.5	
100	99.8	
100	99.8	
100	99.6	
98	99.8	
100	99.8	
100	99.8	
100	99.8	
100	99.8	
100	99.8	
100	99.8	
100	99.8	
100	99.8	
100	99.8	
100	99.4	
100	99.8	
100	99.8	
100	99.8	
100	99.8	
99.4	99.8	
100	99.8	
98.5	99.8	
100	99.3	
100	99.8	
100	99.9	
100	99.8	
100	99.5	
100	99.8	
100	99.8	
100	99	
100	99.8	
100	99.8	
100	99.8	
100	99.3	
99.8	99.8	
100	99.8	
100	99.8	
100	99.6	
100	99.8	
100	99.6	
100	99.6	
100	99.8	
100	99.8	
100	99.8	
100	99.8	
99.8	99.8	
100	99.8	
99	99.8	
100	99.5	
100	99.6	
100	98.4	
100	99.9	
100	99.8	
100	99.8	
100	99.8	
100	99.6	
100	99.8	
100	99.8	
100	99.5	
100	99.5	
100	99.8	
100	99.8	
98.4	99.8	
100	99.8	
100	99.8	
100	99	
100	99.8	
100	99.5	
100	99.8	
100	99.8	
99.7	99.8	
100	99.8	
100	99.8	
100	99.8	
98.9	99.8	
95.1	99.6	
100	99.8	
100	99.9	
100	99.8	
95.2	99.8	
100	99.3	
100	99.8	
100	99.8	
100	99.8	
100	99.8	
100	98.8	
100	99.8	
100	99.3	
100	99.1	
100	99.5	
100	99.8	
100	99.8	
100	99.8	
100	99.5	
100	99.8	
100	99.8	
100	99.5	
100	99.8	
98	99.8	
100	99.8	
100	99.8	
100	99.9	
99.6	99.8	
100	99.3	
100	99.8	
100	98.7	
100	99.8	
100	99.8	
100	99.8	
100	99.8	
100	99.8	
100	99.8	
100	99.8	
100	99.5	
100	99.8	
100	99.8	
100	99.9	
100	99.8	
100	99.8	
100	99.8	
100	99.8	
100	99.6	
100	99.3	
100	99.8	
100	99.5	
100	99.6	
100	99.8	
100	99.8	
100	99.8	
100	99.5	
100	99.8	
97.4	99.8	
100	99.6	
100	99.8	
100	99.8	
100	99.8	
99.8	99.9	
100	99.8	
100	99.8	
100	99.8	
100	99.4	
100	99.8	
100	99	
100	99.8	
100	99.9	
100	99.6	
100	99.8	
100	99.8	
100	99.8	
99.8	99.5	
100	99.8	
100	99.8	
100	99.8	
100	99.8	
98.8	99.8	
100	99.8	
100	99.8	
100	99.8	
100	99.8	
100	99.8	
99.8	99.8	
100	99.8	
100	99.8	
99.8	99.8	
100	99.8	
100	99.8	
97.9	99.8	
100	99.8	
100	99.8	
100	99.8	
100	99.8	
100	99.8	
100	99.3	
100	99.6	
100	99.8	
100	99.5	
94.3	99.6	
100	99.8	
100	99.8	
100	99.8	
100	99.8	
100	99.8	
100	99.8	
100	99.8	
100	99.8	
99.8	99.6	
100	99.8	
100	99.8	
100	99.6	
100	99.5	
100	99.8	
100	99.8	
100	99.8	
100	99.8	
100	99.6	
100	99.5	
100	99.8	
100	99.8	
100	99.8	
100	99.8	
