100	86.5	
99.5	91.5	
100	99.7	
99.6	94	
100	83.7	
100	96.4	
100	99.3	
100	95	
100	89.7	
100	98.8	
100	97.8	
100	91.1	
99.7	99.3	
100	99.3	
100	99	
100	99.2	
100	98.7	
100	96.8	
100	93.4	
100	-20.1	
100	91	
100	98.3	
100	98.9	
100	90.3	
100	-20.1	
100	97.6	
100	98.2	
100	91.4	
100	98.4	
100	99.9	
100	99.1	
100	-20.1	
100	82.1	
100	99.5	
100	99.2	
100	99.9	
100	99.9	
100	99.9	
100	99.9	
100	99.9	
100	99.8	
100	99.7	
100	99.5	
100	99.9	
100	99.9	
100	99.9	
100	99.9	
99.8	99.9	
100	99.9	
100	99.4	
100	99.7	
100	99.7	
100	99.8	
100	99.9	
99.8	99.9	
100	99.9	
100	99.6	
99.8	99.9	
100	99.9	
100	99.9	
100	99.9	
100	99.9	
100	99.8	
100	99.9	
100	99.9	
100	99.9	
100	99.9	
100	99.9	
100	99.9	
100	99.9	
100	99.9	
100	99.9	
100	99.9	
100	99.9	
100	99.7	
100	99.9	
100	99.9	
100	99.9	
100	99.9	
100	99.9	
100	99.9	
100	99.9	
100	99.9	
99.7	99.9	
100	99.9	
100	99.9	
99.8	99.8	
100	99.9	
100	99.9	
99.2	99.9	
100	99.9	
100	99.5	
100	99.9	
100	99.9	
100	99.7	
100	99.9	
99.4	99.9	
100	99.9	
100	99.9	
100	99.8	
100	99.9	
100	99.9	
100	99.9	
100	99.9	
100	99.9	
100	99.8	
100	99.9	
100	99.9	
100	99.9	
100	99.9	
100	99.9	
100	99.9	
100	99.7	
100	99.6	
100	99.9	
100	99.8	
99.8	99.9	
100	99.9	
100	99.9	
100	99.9	
100	99.9	
100	99.9	
100	99.8	
100	99.7	
99.9	99.9	
100	99.2	
100	99.9	
100	99.9	
100	99.9	
100	99.9	
100	99.7	
100	99.9	
100	99.9	
100	99.9	
100	99.9	
100	99.9	
100	99.9	
100	99.9	
100	99.9	
99.8	99.9	
99.6	99.9	
100	99.6	
100	99.9	
100	99.9	
100	99.9	
100	99.9	
100	99.9	
100	99.9	
100	99.9	
100	99.7	
100	99.9	
99.8	99.9	
100	99.9	
100	99.7	
100	99.9	
100	99.9	
100	99.9	
100	99.9	
100	99.9	
100	99.9	
100	99.9	
100	99.9	
99.8	99.9	
100	99.7	
99.8	99.9	
100	99.7	
100	99.9	
100	99.9	
100	99.9	
100	99.9	
100	99.9	
100	99.9	
99.5	99.8	
100	99.9	
100	99.9	
100	99.9	
100	99.9	
100	99.9	
100	99.9	
100	99.9	
100	99.9	
100	99.9	
100	99.9	
100	99.8	
100	99.9	
100	99.9	
100	99.7	
100	99.9	
100	99.9	
100	99.9	
99.8	99.9	
100	99.9	
99.7	99.7	
100	99.9	
100	99.9	
100	99.7	
100	99.5	
100	99.9	
99.8	99.9	
100	99.1	
100	99.9	
100	99.9	
100	99.9	
100	99.9	
100	99.9	
100	99.7	
100	99.9	
100	99.9	
100	99.5	
100	99.9	
100	99.9	
100	99.9	
100	99.9	
99.8	99.7	
100	99.9	
100	99.7	
100	99.9	
100	99.7	
99.7	99.9	
100	99.9	
100	99.9	
100	99.8	
99.4	99.9	
100	99.9	
100	99.9	
100	99.9	
100	99.9	
100	99.9	
100	99.7	
100	99.9	
100	99.9	
99.5	99.9	
99.8	99.9	
100	99.9	
100	99.8	
100	99.9	
100	99.9	
100	99.4	
100	99.9	
100	99.9	
100	99.9	
100	99.9	
100	99.9	
100	99.9	
100	99.9	
100	99.9	
100	99.9	
100	99.9	
100	99.7	
100	99.9	
99.7	99.9	
100	99.7	
100	99.9	
99.7	99.9	
99.6	99.9	
100	99.9	
100	99.7	
100	99.9	
99.6	99.7	
100	99.9	
100	99.9	
100	99.9	
100	99.9	
100	99.9	
100	99.9	
100	99.9	
100	99.9	
100	99.9	
100	99.9	
100	99.9	
100	99.9	
99.8	99.9	
100	99.9	
100	99.9	
100	99.8	
100	99.9	
100	99.9	
100	99.9	
100	99.9	
100	99.9	
100	99.9	
100	99.9	
99.6	99.9	
100	99.9	
100	99.9	
100	99.9	
100	99.9	
99.7	99.9	
100	99.9	
100	99.9	
100	99.9	
100	99.9	
100	99.9	
100	99.9	
100	99.9	
100	99.9	
100	99.9	
100	99.8	
99.5	99.9	
100	99.9	
100	99.9	
100	99.9	
100	99.9	
100	99.9	
100	99.9	
100	99.9	
99.8	99.9	
100	99.9	
100	99.9	
100	99.9	
100	99.9	
100	99.9	
100	99.9	
100	99.9	
100	99.9	
100	99.9	
100	99.9	
100	99.8	
100	99.9	
100	99.9	
100	99.7	
100	99.9	
100	99.9	
100	99.9	
100	99.9	
100	99.9	
100	99.8	
100	99.9	
100	99.9	
99.8	99.9	
100	99.9	
100	99.7	
100	99.9	
100	99.9	
100	99.9	
100	99.9	
100	99.9	
100	99.9	
100	99.7	
99.7	99.9	
100	99.9	
100	99.9	
100	99.9	
100	99.9	
100	99.9	
100	99.7	
100	99.9	
99.8	99.9	
100	99.9	
100	99.8	
100	99.9	
100	99.9	
100	99.9	
100	99.9	
100	99.9	
100	99.9	
100	99.9	
100	99.9	
100	99.9	
99.4	99.9	
100	99.9	
100	99.7	
100	99.7	
100	99.7	
100	99.9	
100	99.9	
100	99.9	
100	99.9	
100	99.9	
100	99.9	
100	99.8	
100	99.9	
100	99.9	
100	99.9	
100	99.9	
100	99.9	
100	99.9	
100	99.9	
100	99.9	
100	99.9	
100	99.9	
100	99.9	
100	99.9	
100	99.9	
100	99.7	
100	99.9	
100	99.6	
99.8	99.9	
99.7	99.9	
100	99.5	
100	99.9	
100	99.9	
100	99.9	
100	99.9	
100	99.9	
100	99.7	
99.7	99.9	
100	99.9	
100	99.8	
100	99.9	
100	99.6	
99.6	99.8	
100	99.9	
100	99.7	
100	99.9	
100	99.9	
100	99.7	
100	99.9	
100	99.9	
100	99.9	
100	99.9	
100	99.9	
100	99.9	
100	99.7	
100	99.9	
100	99.7	
100	99.9	
100	99.8	
100	99.9	
100	99.9	
100	99.9	
100	99.9	
100	99.9	
100	99.9	
100	99.7	
100	99.9	
100	99.9	
100	99.9	
100	99.9	
100	99.9	
100	99.9	
100	99.9	
100	99.9	
100	99.9	
99.8	99.3	
100	99.9	
99.7	99.9	
100	99.9	
100	99.9	
100	99.9	
100	99.9	
100	99.9	
100	99.9	
100	99.9	
100	99.7	
100	99.9	
100	99.9	
100	99.7	
100	99.8	
100	99.8	
100	99.9	
100	99.9	
100	99.9	
100	99.9	
100	99.6	
100	99.7	
100	99.9	
99.2	99.9	
100	99.9	
100	99.9	
100	99.9	
100	99.9	
100	99.9	
99.8	99.9	
100	99.9	
100	99.9	
100	99.9	
100	99.9	
100	99.9	
100	99.9	
100	99.9	
100	99.9	
100	99.9	
100	99.9	
100	99.9	
100	99.9	
100	99.9	
99.3	99.9	
100	99.9	
100	99.9	
100	99.9	
100	99.9	
100	99.9	
100	99.9	
100	99.9	
100	99.9	
100	99.7	
100	99.9	
100	99.7	
100	99.9	
100	99.9	
100	99.9	
100	99.9	
99.6	99.7	
100	99.7	
100	99.9	
99.7	99.7	
99.7	99.9	
100	99.9	
100	99.9	
