99.4	93.2	
98.1	94.1	
100	95.9	
100	93.1	
100	98.3	
100	98.2	
100	97.6	
99.8	99.1	
100	99.6	
100	99.6	
100	99.9	
100	99.6	
99.9	99.8	
100	99.6	
100	99.8	
100	99.8	
100	99.6	
99.6	99.6	
100	99.8	
100	99.6	
100	99.8	
100	99.8	
100	99.8	
99.6	99.8	
99.9	99.8	
100	99.8	
100	99.9	
100	99.8	
100	99.8	
100	99.8	
100	99.8	
100	99.8	
100	99.6	
99.8	99.5	
99.9	99.8	
100	99.8	
100	99.8	
100	99.8	
99.8	99.8	
100	99.6	
100	99.8	
100	99.8	
99.8	99.8	
100	99.8	
99.9	99.8	
100	99.8	
100	99.8	
100	99.8	
100	99.6	
100	99.8	
100	99.7	
100	99.8	
100	99.4	
99.6	99.8	
100	99.6	
100	99.8	
100	99.8	
100	99.8	
100	99.8	
100	99.8	
100	99.8	
100	99.8	
100	99.7	
100	99.8	
100	99.6	
100	99.8	
100	99.8	
100	99.8	
100	99.9	
100	99.9	
100	99.8	
100	99.8	
100	99.8	
99.9	99.8	
100	99.8	
100	99.8	
100	99.8	
100	99.4	
100	99.9	
100	99.6	
100	99.8	
100	99.8	
100	99.8	
100	99.8	
100	99.8	
100	99.8	
100	99.8	
100	99.8	
99.9	99.8	
100	99.6	
100	99.6	
100	99.8	
100	99.6	
100	99.8	
100	99.8	
100	99.8	
100	99.8	
100	99.8	
100	99.8	
100	99.5	
100	99.8	
100	99.8	
100	99.5	
100	99.8	
100	99.6	
99.8	99.6	
100	99.8	
100	99.6	
99.8	99.9	
99.8	99.7	
100	99.4	
99.9	99.9	
99.7	99.9	
100	99.9	
100	99.8	
100	99.9	
100	99.9	
99.8	99.9	
100	99.9	
100	99.9	
100	99.9	
100	99.7	
100	99.9	
100	99.9	
100	99.9	
100	99.7	
100	99.9	
100	99.9	
100	99.8	
100	99.9	
100	99.7	
99.9	99.9	
100	99.8	
100	99.9	
100	99.9	
100	99.9	
100	99.9	
100	99.9	
100	99.9	
100	99.9	
100	99.9	
100	99.9	
100	99.9	
99.8	99.9	
100	99.9	
100	99.7	
100	99.8	
99.6	99.9	
99.8	99.9	
100	99.9	
100	99.8	
100	99.9	
100	99.9	
100	99.8	
100	99.9	
100	99.9	
100	99.9	
100	99.8	
100	99.9	
100	99.9	
100	99.5	
100	99.9	
100	99.9	
100	99.8	
99.9	99.5	
100	99.9	
100	99.9	
100	99.9	
99.8	99.8	
100	99.9	
99.8	99.9	
100	99.9	
100	99.6	
100	99.9	
100	99.5	
100	99.9	
99.8	99.7	
99.8	99.9	
100	99.9	
100	99.9	
100	99.9	
100	99.9	
100	99.9	
100	99.9	
100	99.9	
100	99.9	
100	99.9	
100	99.2	
100	99.8	
100	99.9	
100	99.9	
100	99.9	
100	99.7	
100	99.9	
100	99.7	
99.8	99.9	
100	99.8	
100	99.8	
100	99.9	
100	99.7	
99.8	99.9	
100	99.9	
100	99.9	
100	99.8	
100	99.9	
99.9	99.9	
100	99.9	
100	99.9	
100	99.9	
99.9	99.9	
100	99.9	
100	99.9	
100	99.8	
100	99.7	
100	99.7	
100	99.7	
100	99.6	
100	99.9	
100	99.9	
100	99.7	
99.9	99.9	
100	99.9	
100	99.8	
100	99.7	
100	99.9	
100	99.9	
99.9	99.9	
100	99.7	
99.8	99.9	
100	99.7	
100	99.9	
100	99.8	
100	99.7	
100	99.9	
100	99.9	
100	99.9	
100	99.9	
100	99.9	
100	99.9	
100	99.9	
100	99.9	
100	99.9	
100	99.9	
100	99.7	
100	99.9	
100	99.9	
100	99.2	
99.8	99.9	
100	99.9	
100	99.9	
100	99.9	
100	99.9	
100	99.9	
100	99.8	
100	99.9	
100	99.9	
100	99.9	
100	99.8	
100	99.9	
100	99.7	
100	99.9	
100	99.9	
100	99.9	
100	99.9	
100	99.9	
100	99.9	
100	99.9	
100	99.9	
100	99.9	
100	99.9	
100	99.8	
100	99.9	
100	99.7	
99.8	99.9	
100	99.9	
100	99.9	
100	99.9	
100	99.9	
99.8	99.9	
100	99.9	
100	99.9	
100	99.9	
100	99.9	
100	99.9	
100	99.9	
100	99.9	
100	99.8	
100	99.9	
100	99.9	
100	99.9	
100	99.7	
100	99.9	
100	99.9	
99.9	99.9	
100	99.9	
99.9	99.7	
100	99.9	
100	99.9	
100	99.7	
100	99.9	
100	99.9	
100	99.9	
100	99.9	
100	99.9	
100	99.2	
100	99.5	
100	99.3	
100	99.9	
100	99.9	
100	99.9	
99.8	99.8	
100	99.9	
100	99.9	
99.6	99.6	
100	99.9	
100	99.7	
100	99.9	
100	99.9	
100	99.7	
99.9	99.8	
100	99.9	
100	99.9	
100	99.9	
100	99.9	
100	99.6	
100	99.9	
99.9	99.9	
99.9	99.7	
100	99.7	
100	99.9	
100	99.9	
100	99.9	
100	99.9	
100	99.9	
100	99.9	
100	99.9	
100	99.9	
100	99.8	
100	99.9	
100	99.9	
100	99.7	
100	99.9	
100	99.9	
99.8	99.9	
100	99.9	
100	99.9	
100	99.9	
100	99.9	
99.6	99.9	
100	99.9	
100	99.7	
100	99.9	
100	99.9	
100	99.9	
100	99.7	
100	99.8	
100	99.9	
100	99.9	
100	99.9	
99.9	99.9	
100	99.9	
100	99.9	
100	99.6	
100	99.9	
100	99.8	
100	99.8	
100	99.9	
100	99.9	
100	99.9	
100	99.8	
100	99.9	
100	99.9	
100	99.9	
100	99.9	
100	99.9	
99.9	99.9	
100	99.9	
99.8	99.9	
100	99.9	
99.9	99.9	
100	99.9	
100	99.9	
100	99.9	
99.9	99.9	
100	99.9	
99.9	99.9	
100	99.9	
100	99.9	
100	99.9	
100	99.9	
100	99.9	
100	99.9	
100	99.9	
100	99.9	
100	99.9	
100	99.7	
100	99.9	
100	99.9	
100	99.5	
100	99.9	
99.8	99.9	
100	99.9	
100	99.8	
100	99.9	
100	99.9	
100	99.7	
100	99.9	
100	99.9	
100	99.9	
100	99.9	
100	99.9	
100	99.9	
100	99.9	
100	99.9	
100	99.9	
99.9	99.9	
100	99.9	
99.8	99.9	
100	99.9	
99.8	99.9	
100	99.9	
100	99.9	
100	99.9	
99.8	99.9	
100	99.8	
100	99.9	
100	99.9	
100	99.9	
100	99.9	
100	99.9	
100	99.9	
100	99.7	
100	99.9	
99.8	99.9	
100	99.9	
100	99.9	
99.8	99.9	
100	99.9	
100	99.9	
100	99.9	
100	99.9	
99.9	99.7	
100	99.9	
100	99.9	
100	99.9	
100	99.9	
100	99.7	
100	99.9	
100	99.9	
100	99.9	
100	99.9	
100	99.9	
100	99.7	
100	99.8	
99.8	99.9	
100	99.9	
100	99.9	
99.8	99.9	
100	99.9	
100	99.7	
100	99.9	
100	99.9	
100	99.9	
100	99.9	
99.7	99.9	
100	99.6	
100	99.9	
100	99.9	
100	99.7	
100	99.9	
100	99.9	
100	99.9	
100	99.9	
99.9	99.9	
100	99.9	
100	99.9	
100	99.9	
100	99.5	
100	99.9	
100	99.9	
100	99.6	
100	99.9	
100	99.9	
100	99.9	
100	99.9	
99.9	99.9	
100	99.9	
99.9	99.9	
100	99.6	
100	99.9	
99.9	99.9	
100	99.9	
100	99.7	
100	99.9	
100	99.9	
99.8	99.9	
100	99.9	
100	99.9	
100	99.9	
100	99.8	
