100	98.6	
100	89.6	
100	83.6	
100	96.6	
100	96.1	
100	99.8	
100	99.6	
100	99.6	
100	99.8	
100	99.8	
100	99.8	
100	99.5	
100	99.4	
100	99.2	
100	99.8	
100	99.8	
99.8	99.8	
100	99.8	
100	99.8	
100	99.8	
100	99.8	
100	98.1	
100	99.8	
100	99.8	
100	99.8	
100	99.8	
100	99.8	
100	99.8	
100	99.8	
100	99.8	
99.6	99.3	
100	99.8	
100	99.5	
100	99.8	
100	99.8	
100	99.6	
100	99.8	
100	99.6	
100	99.6	
100	99.5	
100	99.8	
100	99.5	
100	99.8	
100	99.8	
100	99.1	
100	99.5	
100	99.5	
100	99.4	
100	99.8	
100	99.8	
99.6	99.8	
99.8	99.8	
100	99.6	
100	99.8	
100	99.8	
100	99.8	
100	99.8	
100	99.8	
100	99.8	
100	99.6	
99.8	99.8	
100	99.8	
100	99.8	
100	99.8	
100	99.5	
99.6	99.8	
100	99.8	
100	99.6	
100	99.8	
100	99.8	
100	99.8	
100	99.8	
100	99.8	
100	99.8	
100	99.6	
100	99.8	
100	99.8	
100	99.8	
100	99.8	
100	99.5	
100	99.5	
99.8	99.8	
100	99.8	
99.8	99.8	
99.6	99.6	
100	99.6	
100	99.8	
100	99.8	
100	99.8	
100	99.6	
100	99.3	
100	99.8	
100	99.3	
100	99.8	
100	99.8	
100	99.8	
100	99.8	
100	99.8	
100	99.5	
100	99.8	
99.8	99.8	
100	99.6	
100	99.6	
100	99.8	
100	99.8	
100	99.9	
100	99.8	
100	99.6	
100	99.2	
100	99.8	
100	99.8	
100	99.8	
100	99.4	
100	99.5	
100	99.8	
100	99.6	
100	99.8	
100	99.8	
100	99.8	
100	99.5	
99.8	99.8	
100	99.8	
100	99.8	
100	99.8	
100	99.2	
100	99.8	
100	99.8	
100	99.6	
100	99.6	
99.6	99.8	
100	99.8	
100	99.8	
99.8	99.4	
100	99.8	
100	99.8	
100	99.8	
100	99.8	
100	99.2	
100	99.8	
100	99.9	
100	99.9	
100	99.9	
100	99.3	
100	99.6	
100	99.6	
100	99.8	
100	99.8	
100	99.8	
100	99.8	
100	98.5	
99.4	99.8	
100	99.8	
100	99.5	
100	99.5	
100	99.5	
100	99.8	
100	99.8	
100	99.9	
99.8	99.3	
100	99.5	
100	99.6	
100	99.7	
100	99.5	
100	99.8	
100	99.4	
100	99.5	
100	99.9	
100	99.5	
100	99.8	
99.8	99.8	
99.8	99.7	
100	99.8	
100	99.8	
99.7	99.2	
100	99.8	
100	99.8	
99.8	99.8	
99.8	99.5	
99.8	99.9	
100	99.8	
100	99.6	
100	99.8	
100	99.8	
100	99.8	
100	99.8	
99.8	99.8	
100	99.9	
100	99.7	
100	99.6	
100	99.8	
100	99.8	
100	99.9	
100	99.8	
100	99.8	
100	99.4	
100	99.8	
100	99.9	
100	99.8	
100	99.8	
100	99.8	
100	99.8	
100	99.8	
100	99.8	
100	99.8	
100	99.8	
100	99.8	
100	99.8	
100	99.4	
100	99.8	
99.8	99.8	
100	99.6	
100	99.8	
99.7	99.8	
100	99.8	
100	99.8	
100	99.8	
100	99.8	
99.8	99.8	
100	99.8	
100	99.8	
100	99.6	
100	99.4	
100	99.8	
100	99.8	
100	99.6	
100	99.6	
100	99.8	
100	99.3	
100	99.8	
99.8	99.8	
100	99.8	
100	99.8	
100	99.8	
100	99.8	
99.7	99.2	
100	99.8	
100	99.8	
100	99.8	
100	99.5	
100	99.5	
100	99.8	
100	99.8	
100	99.9	
100	99.9	
100	99.8	
100	99.8	
99.8	99.8	
100	99.8	
100	99.8	
99.7	99.8	
100	99.5	
100	99.8	
99.6	99.8	
100	99.8	
100	99.2	
100	99.8	
100	99.8	
100	99.8	
100	99.8	
100	99.8	
100	99.6	
100	99.8	
100	99.8	
100	99.8	
100	99.8	
100	99.9	
100	99.8	
100	99.8	
100	99.8	
100	99.8	
99.8	99.8	
99.8	99.8	
100	99.8	
100	99.8	
100	99.8	
100	99.6	
99.5	99.8	
100	99.8	
100	99.8	
99.6	99.8	
100	99.3	
99.7	99.8	
100	99.8	
100	99.8	
100	99.8	
100	99.8	
100	99.8	
100	99.8	
99.8	99.1	
100	99.5	
100	99.8	
100	99.8	
100	99.4	
100	99.9	
100	99.8	
98.6	99.8	
100	99.8	
100	99.8	
100	99.8	
99.8	99.8	
100	99.8	
100	99.8	
99.6	99.8	
99.7	99.8	
100	99.3	
100	99.8	
100	99.8	
100	99.8	
99.5	99.8	
100	99.8	
99.4	99.8	
100	99.8	
99.8	99.6	
100	99.8	
100	99.8	
100	99.8	
100	99.8	
100	99.9	
99.6	99.5	
100	99.8	
100	99.8	
100	99.8	
100	99.8	
100	99.2	
100	99.9	
100	99.8	
100	99.9	
100	99.8	
100	99.8	
100	99.9	
100	99.8	
100	99.8	
100	99.8	
99.8	99.8	
100	99.1	
100	99.6	
100	99.6	
100	99.6	
100	99.5	
99.7	99.8	
100	99.9	
100	99.6	
100	99.6	
100	99.8	
99.7	99.8	
100	98.4	
100	99.8	
100	99.5	
100	99.4	
100	99.8	
100	99.8	
100	99.8	
100	99.8	
100	99.6	
100	99.8	
100	99	
100	99.8	
100	99.9	
100	99.8	
100	99.8	
100	99.8	
100	99.8	
100	99.8	
99.8	99.9	
100	99.8	
100	99.5	
100	99.8	
100	99.8	
100	99.8	
100	99.8	
100	99.9	
100	99.8	
100	99.5	
100	99.8	
100	99.8	
100	99.8	
100	99.8	
100	99.5	
100	99.8	
99.7	99.8	
100	99.8	
100	99.6	
100	99.8	
100	99.8	
100	99.6	
100	99.4	
100	99.4	
100	99.8	
100	99.8	
100	99.2	
100	99.1	
100	99.8	
100	99.3	
100	99.8	
100	99.8	
99.4	99.8	
100	99.8	
100	99.6	
100	99.6	
99.4	99.8	
100	99.9	
99.8	99.9	
100	99.9	
100	99.8	
100	99.6	
100	99.8	
100	99.8	
100	99.8	
100	99.6	
99.5	99.8	
100	99.8	
100	99.8	
100	99.8	
100	99.8	
100	99.8	
100	99.6	
100	99.8	
100	99.5	
100	99.8	
100	99.8	
100	99.9	
100	99.8	
100	99.7	
100	99.8	
100	99	
99.4	99.6	
100	99	
100	99.8	
100	99.8	
100	99.8	
100	99.6	
99.8	99.9	
100	99.8	
100	99.7	
100	99.9	
100	99.6	
100	99.8	
100	99.8	
100	98.9	
100	99.3	
99.5	99.8	
99.8	99.8	
100	99.8	
100	99.4	
100	99.2	
100	99.5	
100	99.8	
100	99.4	
100	99.8	
99.7	99.5	
100	99.6	
100	99.3	
100	99.4	
100	99.8	
100	99.4	
100	99.8	
100	99.8	
100	99.7	
100	99.6	
99.7	99.9	
100	99.8	
100	99.8	
99.4	99.8	
100	99.8	
100	99.8	
100	99.8	
100	99.5	
99.8	99.8	
100	99.4	
100	99.5	
100	99.8	
100	99.5	
100	99.8	
100	99.8	
100	99.8	
99.8	99.4	
100	99.9	
100	99.8	
100	99.4	
100	99.8	
100	99.8	
100	99.4	
100	99.8	
99.8	99.8	
100	99.4	
100	99.6	
100	99.8	
100	99.8	
100	99.8	
100	99.6	
99.6	99.8	
100	99.8	
100	99.1	
100	99.8	
100	99	
99.6	99.5	
100	99.8	
100	99.8	
99.5	99.8	
100	99.5	
