99.3	79.8	
99.3	79.4	
99.3	79.8	
99.3	79.8	
98.9	79.8	
89.2	69.7	
89.2	69.7	
89.2	79.8	
99.3	79.8	
99.1	79.6	
99.3	79.8	
89.2	79.6	
99.1	79.4	
99.1	79.6	
99.1	79.8	
88.8	79.8	
89.4	79.8	
78.7	79.8	
99.3	79.8	
99.3	79.8	
99.3	59.6	
99.3	79.8	
78.3	79.8	
99.3	79.8	
99.3	79.8	
99.3	59.6	
99.1	79.8	
99.3	79.8	
99.1	79.8	
79.1	79.8	
99.3	79.8	
89.4	79.8	
99.3	79.8	
99.3	79.8	
98.9	79.6	
99.1	79.8	
99.3	79.8	
99.3	69.5	
99.3	79.8	
99.1	79.8	
99.3	79.8	
99.3	79.8	
99.1	79.8	
99.3	79.8	
79.1	79.8	
99.3	79.8	
88.8	79.8	
99.3	79.6	
89.2	49.5	
98.9	59.6	
99.3	59.6	
99.3	69.3	
99.1	79.8	
99.3	79.8	
99.3	79.8	
99.3	59.8	
99.3	79.8	
98.9	79.8	
99.3	79.8	
99.3	79.6	
99.1	79.8	
99.3	79.8	
89.2	79.8	
99.1	79.8	
98.9	79.6	
99.3	79.8	
99.3	79.8	
99.3	59.8	
99.3	79.8	
99.3	79.8	
99.3	79.4	
99.3	79.8	
99.1	79.6	
99.3	79.8	
99.3	79.8	
99.3	79.8	
99.3	79.8	
99.3	79.8	
99.3	79.2	
99.3	79.8	
99.3	79.8	
98.9	79.4	
99.3	29.5	
99.3	69.7	
99.3	79.8	
99.3	69.7	
99.3	79.8	
99.3	69.7	
89	79.8	
99.3	79.8	
99.3	79.6	
99.1	79.6	
99.1	79.8	
99.1	79.6	
88.4	79.8	
99.3	79.8	
99.3	79.8	
99.3	79.8	
99.3	79.8	
89.2	69.7	
99.1	69.7	
99.1	79.8	
99.3	79.8	
89	79.8	
99.1	79.8	
99.3	59.8	
99.3	79.6	
99.3	79.8	
99.3	59	
89	69.7	
99.3	79.6	
89.2	79.8	
89.4	79.4	
98.9	79.8	
88.8	79.8	
99.3	79.8	
98.7	69.7	
99.3	79.8	
99.3	79.8	
89	79.8	
99.1	79.6	
99.1	79.8	
99.3	89.5	
99.1	79.8	
99.3	79.8	
99.3	79.8	
99.3	59.6	
89.4	79.6	
99.1	69.3	
99.1	79.8	
99.1	79.8	
99.3	79.8	
99.1	79.6	
89.2	79.8	
99.1	79.8	
99.1	79.6	
98.5	59.6	
99.3	69.7	
98.9	79.8	
99.3	79.8	
99.3	59.8	
99.3	79.8	
98.9	69.7	
89.4	69.7	
98.7	79.6	
99.1	79.8	
99.3	79.6	
99.1	79.6	
99.1	79.8	
99.1	79.8	
99.1	69.7	
99.1	79.6	
99.3	79.6	
99.3	59.8	
89.4	79.8	
98.9	79.8	
89.2	59.6	
99.3	79.8	
99.1	69.7	
99.1	49.7	
99.3	79.8	
88.8	69.7	
99.1	59.6	
99.1	79.8	
99.3	79.8	
78.7	79.8	
99.3	59.6	
99.1	79.8	
88.6	79.8	
99.1	79.6	
99.1	79.8	
99.1	69.7	
98.9	79.6	
99.3	59.6	
99.1	79.8	
99.3	79.4	
99.1	69.5	
99.1	69.7	
99.3	69.7	
99.3	79.6	
99.3	69.5	
99.3	69.7	
99.3	79.8	
99.3	79.8	
99.3	79.8	
99.1	79.8	
99.3	79.6	
99.3	69.7	
99.1	79.8	
99.3	79.8	
99.3	79.8	
99.3	79.6	
99.3	79.8	
99.1	79.8	
89	69.5	
99.1	79.8	
99.1	59.6	
99.3	69.7	
99.3	69.7	
98.9	79.8	
99.3	79.8	
99.3	79.6	
99.3	49.5	
99.3	59.4	
99.3	79.8	
99.3	59.8	
69	69.5	
78.9	59.8	
99.1	79.8	
99.3	79.8	
99.3	79.6	
99.3	79.8	
98.9	69.5	
88.8	79.8	
99.1	79.8	
99.3	79.6	
89.4	79.8	
99.3	79.8	
99.1	59.8	
99.1	79.8	
99.3	79.8	
99.3	79.8	
99.1	79.8	
99.3	79.8	
99.1	79.8	
99.3	9.1	
99.1	59.4	
99.3	79.6	
99.1	79.6	
89.4	79.2	
98.9	79.8	
99.3	79.8	
98.7	79.8	
99.1	19	
99.3	79.8	
99.3	79.8	
98.7	79.8	
99.3	79.6	
99.3	79.6	
99.3	79.8	
99.3	79.6	
99.1	59.6	
99.3	79.8	
99.3	79.8	
99.1	79.8	
99.1	69.7	
99.3	69.7	
99.3	79.8	
99.1	79.8	
99.3	79.8	
89	79.8	
99.1	69.7	
99.3	79.8	
99.3	69.7	
99.1	79.6	
89.2	89.7	
99.1	79.8	
99.3	69.7	
99.3	59.2	
98.9	79.8	
99.1	79.8	
99.3	79.8	
99.3	79.6	
99.3	79.6	
89.4	79.6	
99.3	69.5	
99.3	59.8	
89	79.8	
99.3	79.6	
99.1	59.6	
99.3	79.8	
89	79.8	
99.1	79.8	
99.1	69.5	
98.9	79.8	
99.1	79.8	
99.1	79.8	
99.3	79.6	
89.2	69.5	
99.3	79.8	
99.1	79.6	
88.8	59.4	
99.3	79.8	
98.9	79.8	
99.3	79.8	
99.3	79.8	
99.3	49.7	
99.3	69.7	
99.3	79.8	
98.9	69.7	
78.3	79.8	
99.3	79.8	
77.1	79.8	
99.3	79.8	
87.8	79.8	
99.1	79.6	
99.3	79.8	
99.3	79.8	
99.3	79.8	
99.3	49.5	
98.9	79.8	
99.1	79.8	
99.3	79.6	
99.3	79.6	
99.3	59.8	
99.3	69.7	
78.5	69.7	
99.1	69.7	
99.1	79.8	
99.3	79.6	
99.3	59.6	
99.3	79.8	
99.3	79.8	
99.3	69.7	
99.3	79.8	
99.3	79.8	
99.1	69.7	
99.3	79.8	
89.2	79.8	
99.3	79.8	
99.1	79.8	
99.3	59.4	
99.3	79.8	
99.3	79.6	
99.1	79.8	
99.3	59.6	
99.3	57	
99.3	79.8	
78.7	79.8	
89	79.8	
88.8	79.2	
99.3	79.8	
99.3	79.8	
99.1	69.5	
99.3	49.3	
99.3	69.7	
98.7	59.8	
98.5	79.8	
99.3	79.8	
89.2	59.8	
99.3	59.6	
98.9	79.6	
99.1	69.7	
99.3	79.8	
88.8	79.8	
99.3	59.4	
99.3	69.5	
99.3	79.6	
99.3	69.7	
89	59.6	
99.3	59.8	
99.3	79.8	
99.3	59.6	
99.1	79.8	
99.3	79.8	
98.9	79.8	
99.3	79.6	
99.3	79.8	
99.1	89.7	
99.3	69.5	
98.9	79.8	
99.3	79.8	
98.9	69.7	
98.9	69.7	
99.3	59.4	
99.3	79.8	
98.9	69.7	
99.3	79.6	
89.2	79.8	
99.1	79.6	
99.1	79.8	
89	79.8	
89	79.4	
99.1	79.8	
88.8	79.4	
58.7	79.8	
99.1	79.8	
89.2	79.8	
99.1	79.6	
99.1	79.8	
99.3	59.6	
99.3	99.6	
99.1	79.8	
99.3	79.8	
99.3	79.8	
99.3	79.8	
99.3	79.4	
99.3	79.8	
99.1	79.8	
99.1	79.6	
99.3	79.8	
99.3	79.8	
99.3	79.8	
99.3	79.4	
99.3	69.7	
98.9	79.8	
99.1	79.8	
99.3	79.8	
99.1	79.6	
99.3	79.8	
99.1	79.8	
99.1	69.7	
99.1	79.6	
78.9	79.8	
99.1	79.6	
98.7	79.8	
99.3	79.8	
88.6	79.8	
99.1	79.8	
99.1	79.8	
99.3	79.8	
99.1	79.8	
99.3	69.5	
99.3	79.8	
99.1	79.8	
99.3	69.5	
99.1	79.8	
88.8	79.8	
89.4	79.8	
99.3	69.7	
89	79.8	
99.1	79.2	
88.8	79.8	
99.1	79.2	
99.3	59.8	
99.3	79.8	
99.3	79.4	
99.3	79.6	
99.3	69.7	
99.3	79.8	
99.1	79.6	
99.3	69.7	
99.3	79.6	
78.3	79.8	
99.3	69.7	
99.3	79.6	
89.2	79.8	
99.3	79.6	
69.3	79.8	
99.3	79.8	
99.3	79.8	
98.9	79.8	
99.3	79.8	
78.5	79.8	
99.3	69.7	
99.3	79.8	
99.1	59.6	
99.1	79.6	
98.9	69.7	
99.1	79.8	
98.9	79.8	
89.4	69.7	
99.3	59.4	
89.2	79.8	
99.1	79.8	
99.3	79.8	
99.3	79.8	
89.4	79.8	
99.1	79.4	
99.1	69.7	
99.3	79.8	
99.1	79.6	
99.3	59.6	
99.3	79.8	
89.4	79.8	
99.3	69.7	
99.3	79.8	
99.1	79.8	
89.2	79.8	
99.3	69.5	
99.3	79.8	
89.2	79.8	
98.9	79.6	
99.3	79.8	
99.1	79.8	
99.3	69.7	
98.9	59.8	
99.3	69.5	
99.1	79.8	
99.3	79.8	
89.2	79.6	
99.1	79.8	
89.4	78.8	
99.3	79.8	
99.3	59.6	
99.1	79.8	
99.1	79.8	
99.1	59.6	
89.2	79.8	
99.3	79.8	
99.3	69.5	
99.3	79.8	
99.3	79.4	
99.1	79.8	
99.3	79.8	
89	79.8	
99.3	29.3	
99.3	59.6	
89	79.8	
99.1	59.4	
99.3	79.8	
89	79.4	
99.3	69.7	
99.1	79.8	
99.3	69.7	
99.1	79.8	
89.4	69.7	
99.3	69.5	
89	79.8	
99.1	79.8	
99.1	79.8	
99.1	69.7	
99.1	79.8	
99.3	79.4	
89.4	79.8	
99.3	69.7	
99.1	79.8	
98.9	79.8	
99.1	79.6	
99.3	79.8	
89.2	79.8	
99.1	79.8	
99.3	79.8	
99.3	59.6	
98.9	69.3	
99.3	79.6	
99.1	79.8	
89	79.8	
99.1	79.8	
89.2	79.8	
89	79.8	
99.3	79.8	
99.3	79.8	
99.3	79.8	
88.8	79.8	
89	69.7	
79.1	79.8	
89	79.8	
98.9	79.8	
99.3	79.8	
99.1	79.8	
99.1	59	
89.2	59.8	
98.7	79.6	
99.3	79.8	
99.3	79.8	
99.1	79.6	
88.8	79.6	
89.2	79.6	
89.2	39.4	
99.3	79.8	
99.1	79.8	
99.3	79.8	
99.3	49.5	
89	79.8	
99.1	79.8	
99.1	79.8	
99.3	58.4	
99.1	79.8	
89	79.4	
99.3	79.8	
99.3	79.8	
88.8	79.8	
99.1	79.8	
88.4	69.7	
79.1	79.6	
99.3	79.8	
99.1	59.6	
99.1	79.8	
99.3	79.6	
99.3	79.8	
99.3	69.7	
99.3	79.8	
99.3	49.5	
99.1	79.8	
99.1	69.7	
99.3	69.7	
99.3	79.6	
99.3	79.8	
99.3	79.6	
99.3	69.7	
99.3	59.6	
99.3	79.6	
99.3	79.6	
99.1	79.8	
79.1	79.8	
89	79.4	
99.3	79.8	
88.8	69.7	
99.3	79.8	
88.8	79.8	
99.3	79.6	
98.9	79.8	
99.3	79.8	
99.3	79.6	
99.3	79.8	
89.2	79.8	
99.3	69.7	
89	79.8	
99.3	79.6	
99.1	79.8	
99.3	79.8	
99.3	69.5	
99.3	79.8	
99.1	79.8	
89.4	79.8	
99.1	79.8	
99.3	79.8	
99.1	79.8	
99.1	79.8	
99.3	79.8	
99.1	79.6	
98.9	59.8	
89.4	79.8	
78.5	69.7	
99.3	79.8	
99.1	59.6	
99.3	79.8	
99.3	79.4	
99.3	69.7	
99.3	79.8	
99.3	79.6	
99.3	79.8	
89	49.7	
89.4	79.8	
98.9	79.8	
99.1	79.6	
89.2	79.8	
89.4	79.8	
99.1	79.8	
99.1	79.8	
99.1	79.8	
99.3	99.4	
99.3	69.7	
99.3	79.8	
99.3	69.3	
99.3	79.8	
99.3	79.8	
89.2	49.7	
99.1	69.7	
99.1	79.8	
99.1	79.4	
99.3	79.8	
99.3	39.6	
99.1	79.4	
98.9	79.6	
99.1	79.8	
99.3	49.3	
89	79.6	
99.3	79.8	
99.3	79.8	
89.2	79.6	
99.3	69.5	
99.3	79.8	
98.7	79.8	
99.1	79.8	
89	59.8	
89	79.6	
99.3	79.8	
99.3	79.8	
99.3	79.8	
99.1	69.7	
99.1	79.6	
78.9	79.8	
68.6	79.8	
89.2	69.7	
99.3	79.8	
99.3	79.8	
99.1	59.6	
89.2	79.8	
99.1	79.8	
99.1	69.7	
99.1	69.7	
99.3	79.8	
99.1	69.5	
99.3	69.7	
99.3	79.6	
99.3	79.6	
99.3	79.8	
99.3	69.7	
99.3	79.6	
89.2	59.6	
99.3	79.8	
99.1	79.8	
99.1	79.8	
99.1	69.1	
99.3	79.6	
99.1	69.7	
99.1	69.7	
89.2	79.8	
99.3	79.6	
89	79.8	
98.9	79.8	
99.3	69.5	
88.6	79.8	
99.3	79.8	
98.9	79.8	
99.1	79.8	
99.1	79.8	
99.3	69.5	
99.3	69.7	
99.3	79.8	
99.3	69.5	
88.6	79.8	
89.4	79.8	
99.1	79.8	
99.3	79.8	
99.3	79.8	
89.2	49.7	
99.3	79.8	
99.3	79.8	
99.3	79.6	
99.1	79.8	
99.3	79.8	
89	59.6	
98.9	79.6	
99.1	79.8	
99.3	79.8	
98.9	79.8	
99.1	79.8	
89.2	69.7	
99.3	79.8	
89.2	79.4	
99.3	79.6	
99.3	79.8	
98.9	79.8	
98.9	79.8	
99.3	69.7	
99.3	79.6	
89.2	79.8	
89.2	79.8	
98.9	79.8	
99.3	69.7	
99.1	69.5	
99.3	79.8	
99.3	79.8	
79.3	69.7	
99.3	59.6	
99.1	79.8	
99.1	69.5	
99.3	79.8	
99.3	69.5	
98.3	59.6	
99.1	79.8	
99.3	69.7	
99.3	59.8	
99.3	79.6	
86.4	79.8	
99.1	79.8	
99.3	79.8	
89.2	79.8	
99.3	79.8	
99.3	79.6	
99.3	79.8	
99.3	59.4	
98.5	59.6	
89	79.8	
99.3	79.8	
99.3	79.8	
99.1	79.8	
99.3	79.8	
89.4	79.6	
99.1	79.8	
99.1	79.8	
99.3	69.5	
99.1	79.8	
99.3	49.5	
99.1	79.8	
99.3	79.8	
98.7	79.8	
99.1	79.8	
99.3	59.4	
89.2	79.8	
99.3	79.8	
99.1	79.8	
99.3	79.8	
99.3	39	
99.3	79.6	
99.3	89.7	
99.1	79.8	
58.7	59.6	
99.1	79.8	
99.1	69.7	
99.3	69.5	
98.9	79.6	
99.3	79.8	
99.3	59.8	
99.3	79.6	
99.3	79.8	
99.3	79.6	
99.3	59.8	
99.3	79.8	
89.2	69.1	
99.1	69.7	
99.3	69.7	
99.1	79.8	
99.1	79.2	
99.3	79.2	
99.3	79.4	
99.3	79.8	
88.8	79.6	
98.9	79.8	
89	79.8	
99.1	79.8	
99.3	79.8	
99.3	79.8	
89.2	79.8	
98.9	69.7	
99.1	79.8	
99.3	79.8	
99.3	59.4	
88.8	69.3	
99.1	29.7	
99.3	9.5	
78.9	79.8	
99.3	79.6	
99.3	59.6	
89.4	79.6	
99.1	79.8	
99.3	79.6	
88.6	79.4	
99.1	79.4	
99.3	79.8	
99.3	79.8	
99.3	69.5	
99.3	79.8	
99.3	79.8	
99.1	79.8	
99.3	79.2	
89.2	79.8	
89	39.6	
98.9	79.8	
78.5	59.6	
99.1	79.6	
99.3	79.8	
99.3	79.8	
99.3	79.8	
99.1	79.6	
99.3	79.8	
99.1	79.6	
99.3	79.8	
99.3	79.8	
78.7	79.8	
98.9	79.8	
89.2	79.8	
99.3	79.8	
99.3	79.8	
89.2	49.3	
99.1	79.6	
99.1	48.5	
98.9	79.8	
99.3	79.8	
99.1	69.5	
99.3	79.6	
99.3	79.8	
88.4	59.4	
99.3	79.8	
99.3	79.8	
99.1	79.6	
99.1	79.8	
99.3	79.8	
99.3	69.7	
99.3	79.8	
99.3	69.5	
99.3	79.8	
99.3	79.8	
88.8	79.8	
89.2	49.5	
99.1	79.8	
99.1	79.8	
99.3	59.4	
89.2	79.6	
99.3	79.8	
89	79.8	
99.3	79.8	
99.1	69.7	
99.3	79.8	
99.3	79.6	
89	79.8	
99.3	79.8	
99.3	79.8	
98.9	69.5	
99.3	59.6	
99.1	79.6	
99.3	69.7	
99.3	59.6	
99.3	79.8	
99.3	79.8	
99.3	79.8	
99.1	59.6	
99.3	79.8	
89.2	69.7	
99.3	79.8	
98.9	79.8	
99.3	79.6	
99.3	79.8	
99.1	79.4	
99.3	79.8	
99.1	79.8	
99.3	79.8	
99.1	79.8	
99.3	79.8	
99.1	79.8	
99.3	79.8	
99.3	79.8	
99.1	79.8	
89.2	69.7	
99.3	79.8	
99.3	79.8	
99.1	79.8	
79.3	79.8	
99.3	79.8	
99.3	79.8	
89.2	79.8	
99.1	79.8	
99.3	79.2	
99.3	79.8	
89.4	79.6	
78.9	79.8	
99.1	79.8	
99.3	79.6	
89	79.8	
98.9	79.8	
99.3	79.8	
99.3	79.8	
98.5	79.8	
99.3	79.8	
99.3	79.6	
99.3	39.6	
99.3	79.8	
99.3	79.6	
99.1	79.8	
99.1	79.8	
98.9	79.8	
99.3	79.8	
89	79.8	
99.3	79.8	
89.4	79.8	
99.3	79.8	
99.3	59.6	
98.9	79.8	
99.3	69.7	
89.2	79.8	
99.3	79.8	
99.1	79.4	
99.1	59.8	
99.3	69.7	
89	79.8	
89.2	79.8	
89.4	79.8	
99.1	79.6	
99.1	79.8	
88.6	79.6	
99.1	79.8	
99.1	59.8	
99.1	59.6	
99.3	79.8	
89.2	69.7	
99.3	79.8	
99.3	79.8	
99.3	79.8	
99.3	79.8	
99.1	79.8	
99.3	79.8	
98.5	79.8	
99.3	59.6	
99.3	79.8	
99.3	79.8	
99.3	59.6	
99.3	79.6	
99.1	59.6	
89.4	79.6	
99.3	79.8	
99.1	79.8	
89	79.6	
99.3	79.8	
99.3	49.5	
99.3	79.8	
99.3	79.8	
99.1	79.6	
99.3	79.6	
68.8	59.4	
99.3	79.8	
85	79.6	
89	29.3	
99.3	79.8	
99.3	79.8	
89	69.1	
99.3	59.8	
99.1	79.8	
99.3	79.8	
99.1	79.8	
89.2	79.6	
99.3	79.8	
99.3	79.8	
99.1	79.8	
78.9	79.8	
99.1	79.8	
98.9	79.6	
98.9	79.6	
