98.9	99.2	
99.1	99.2	
99.1	99.4	
99.3	99.2	
98.5	99.4	
99.3	99.2	
98.9	99.4	
99.3	99.4	
99.3	99	
99.1	89.3	
99.3	99.4	
99.3	89.1	
99.1	99.4	
99.3	99.4	
89.2	99	
99.1	99.4	
99.3	89.5	
99.3	99	
99.3	99.4	
99.3	99.4	
99.3	99.4	
99.3	99.4	
99.1	99.4	
89.2	99.2	
99.3	98.8	
99.3	99.2	
99.3	99.2	
99.3	88.9	
99.1	99.4	
99.3	98.8	
99.1	99.4	
99.1	99	
99.3	99	
99.3	99.4	
99.1	99.4	
99.3	99.4	
99.3	99	
98.9	99	
99.3	98.8	
89.2	98.6	
99.3	99.2	
99.3	99	
99.3	99.4	
99.1	89.5	
99.1	99.4	
99.1	99.4	
99.3	99.4	
99.1	99.4	
99.1	99.4	
99.3	99.2	
99.3	99.2	
99.1	99.4	
99.3	99.2	
99.3	99.4	
99.3	99.2	
99.3	99.4	
99.1	89.5	
99.3	99.2	
99.3	99	
88.6	99.2	
99.1	99.2	
98.9	99.4	
99.3	99.6	
99.1	99.4	
99.3	99.4	
99.3	99.6	
99.3	99.4	
99.1	99.4	
98.7	89.3	
99.1	99.2	
99.1	99.4	
89	99.4	
99.3	99.2	
99.1	99.2	
99.1	99.6	
98.9	99.4	
99.1	99.2	
99.3	99.4	
89.2	99.2	
99.3	99.2	
99.1	99.4	
99.3	89.3	
99.1	99.2	
99.1	99.6	
89.4	99.4	
99.3	99.4	
99.3	89.3	
99.1	89.5	
99.3	99.4	
99.1	88.9	
99.3	99.4	
98.9	99.2	
99.3	99.2	
98.9	99.2	
99.3	98.6	
99.3	99	
88.4	98.8	
99.3	99.2	
99.3	89.5	
99.3	99.4	
99.3	99.6	
99.3	99.4	
99.1	99.4	
98.9	99.4	
99.3	99.4	
98.9	89.1	
89	99.6	
99.1	89.3	
99.1	99.4	
99.3	99	
99.1	99	
98.9	88.5	
99.3	99.4	
99.3	99.4	
99.1	98.8	
88.6	99.4	
99.3	99.4	
99.3	99.4	
99.3	99.4	
99.3	99.2	
99.3	99.4	
99.3	99.4	
98.9	99.4	
99.1	99.4	
99.3	99	
99.3	99	
99.1	99.4	
99.1	99.2	
99.1	88.7	
99.3	99.4	
99.1	99.2	
99.3	99.2	
99.3	99.2	
89	99.4	
99.3	99	
99.3	99.4	
99.1	99.4	
99.3	99.6	
99.1	99.4	
98.9	99	
89.4	99.4	
99.3	99.4	
99.3	99.4	
99.3	99.6	
98.7	99.4	
99.3	99.4	
98.9	99.4	
99.3	89.1	
99.3	99.4	
99.3	89.1	
99.3	99.4	
99.3	99.4	
99.3	99	
98.9	99.2	
99.3	98.8	
99.3	99.4	
99.1	99.4	
99.3	89.3	
99.3	99.2	
99.3	99.4	
99.1	99	
98.9	99.4	
99.3	99.4	
99.3	99	
99.3	99.4	
99.3	99.2	
99.3	99	
98.9	99.4	
89.2	99.2	
99.1	99.4	
99.3	99.4	
99.3	99.6	
99.3	99.2	
99.1	99.4	
99.3	99	
98.9	99.4	
99.3	99.4	
99.1	99.2	
99.1	98.8	
99.3	99.2	
79.3	99.4	
99.1	89.1	
99.1	99.6	
99.3	98.6	
99.1	99.2	
99.3	88.9	
88.4	99.2	
98.9	99.4	
99.3	99.4	
99.1	99.4	
99.3	99	
99.3	99.4	
98.7	99.4	
99.3	99.4	
99.3	99.2	
99.1	99.4	
99.3	99.2	
99.3	99.4	
89.2	99.4	
99.1	99.2	
99.3	99.4	
99.3	99.2	
99.3	88.9	
99.3	99	
89.2	99.4	
99.3	99.4	
99.1	99	
99.3	99.4	
99.3	89.1	
99.3	99.2	
99.1	99	
99.3	99.4	
89	99.4	
88.6	99.2	
99.1	99.4	
99.3	99.2	
99.1	99.4	
98.9	99.4	
99.3	99.4	
99.3	99.4	
99.3	99.4	
99.3	99.4	
99.3	99.4	
99.3	99.4	
99.3	99.4	
99.3	99.4	
99.3	99.2	
99.3	99.4	
99.3	99	
99.1	89.3	
98.5	99.4	
99.1	99.2	
99.3	99.4	
99.1	88.7	
99.3	99.4	
99.1	99.4	
99.1	99.4	
99.3	99.6	
99.3	99.4	
99.3	99.4	
99.1	99	
98.9	99.2	
99.3	99.4	
99.1	99.2	
99.1	99.2	
99.3	99.4	
99.3	89.5	
99.3	99.4	
99.3	98.8	
99.1	99.2	
99.1	99.4	
99.3	88.9	
99.3	99.4	
98.7	98.8	
99.1	89.3	
99.1	99.2	
99.3	89.3	
99.1	99	
99.1	99.4	
99.3	99.4	
99.1	89.1	
99.1	99.2	
89	99.2	
99.3	99.4	
99.3	99.4	
99.1	99.4	
99.3	99.4	
99.3	99	
99.1	99.4	
99.3	89.3	
99.1	69.1	
99.3	88.9	
99.3	99.2	
99.3	99.4	
99.3	99.2	
99.3	99.2	
99.3	99.4	
99.3	99.4	
99.1	99.4	
99.3	99.4	
99.3	99	
99.3	99.4	
99.3	98.8	
89	98.4	
99.3	88.7	
99.1	99.2	
99.1	99.2	
88.8	99.4	
99.3	57	
99.1	99.2	
99.1	99.6	
89.4	99.4	
99.3	99.2	
98.9	89.3	
99.3	99.4	
99.3	99.4	
98.9	99.2	
98.9	99.4	
98.9	99.4	
98.9	99.4	
99.3	99.4	
99.3	99	
99.3	89.3	
99.3	99.4	
88.6	99.4	
99.3	99.2	
99.3	99.4	
99.1	99.4	
99.1	99.2	
89.2	99.4	
99.3	99.4	
99.1	98.8	
99.1	99.4	
99.1	99.4	
99.3	99.4	
99.1	99.2	
99.3	98.8	
98.5	99.4	
99.3	99.2	
99.3	99.4	
99.3	98.4	
89	99.4	
99.3	99.2	
99.3	99.4	
99.1	88.9	
99.1	99.4	
99.1	99.4	
98.9	99.4	
98.7	99.2	
99.3	99.4	
89.2	99.2	
99.3	99.4	
99.3	99.2	
98.7	99.2	
99.1	99.4	
98.9	99.4	
99.3	99.4	
99.1	88.9	
88.6	99.4	
98.9	99.2	
99.1	88.9	
99.3	89.5	
99.1	99.4	
99.1	99.4	
99.3	99.4	
99.1	99	
99.3	99.4	
99.3	89.3	
99.3	99.2	
99.1	89.5	
99.3	99.4	
99.3	99.4	
99.3	99.4	
99.3	89.3	
99.3	99.2	
99.1	99.4	
99.1	99.4	
99.3	99.2	
99.3	99.4	
99.1	99.2	
99.1	99.2	
99.3	99.4	
99.3	99.2	
99.3	99.4	
98.9	89.5	
99.3	99.2	
99.3	99.4	
99.3	89.3	
99.1	99.2	
99.3	99.2	
99.3	99.2	
99.3	99	
99.3	99.4	
99.3	99.4	
89	99	
99.1	99	
88.6	99.6	
99.3	99.4	
99.1	99.6	
99.3	99.4	
99.3	99.4	
99.3	99.2	
98.9	99.4	
99.3	99.4	
99.3	99.2	
99.1	99.4	
99.3	99.4	
99.1	99.4	
99.3	99.4	
89.4	99.4	
99.3	99.2	
89.4	99.4	
99.1	99.4	
99.1	99	
88.6	99	
99.3	99.4	
99.3	99.4	
99.3	99	
99.3	89.3	
99.1	98.6	
99.3	99.2	
99.3	99	
98.9	99	
99.1	99.2	
99.3	99.4	
99.3	98.8	
98.9	99	
99.1	99.4	
99.3	99	
99.3	98.8	
99.1	99.4	
99.3	98.8	
99.1	99.2	
99.3	99.2	
99.3	99.4	
89.2	99.2	
99.3	99	
99.1	99.2	
99.3	99.2	
99.3	78.8	
99.3	99	
99.3	98.8	
98.9	99.2	
98.9	99.4	
99.3	99.4	
99.3	99.4	
99.3	99.2	
99.3	89.3	
99.3	99.2	
98.9	89.5	
99.3	98.8	
99.3	99	
89	79	
88.8	98.4	
99.3	99	
99.3	99.4	
99.3	99.4	
98.9	99	
89.2	99.2	
99.3	98.8	
99.3	99.4	
99.3	99	
99.3	99.4	
98.7	99.2	
99.3	99.2	
99.1	99.2	
99.3	89.5	
98.7	99.4	
99.3	99.4	
98.7	99.4	
99.3	99.4	
99.3	99.4	
99.3	99.4	
98.9	99	
99.1	99	
99.1	88.9	
99.3	99.6	
99.3	99	
88.8	99.4	
88.8	99.2	
99.1	99.4	
99.3	89.3	
99.1	99.4	
99.3	99	
98.9	99.6	
99.1	99.2	
99.3	98.6	
98.7	99.4	
98.7	98.6	
99.3	99.2	
99.3	99.4	
99.3	88.9	
99.3	99.4	
99.3	98.8	
99.3	99.4	
98.5	89.1	
89.2	98.8	
99.1	99.2	
99.3	99.4	
99.3	99.4	
99.1	99	
98.9	98.6	
99.1	99.2	
99.3	99.4	
99.3	99.2	
99.1	99.2	
98.7	99.4	
99.3	99.4	
98.9	99.2	
99.3	98.8	
99.1	99.2	
99.3	98.8	
99.3	98.8	
99.1	99.4	
99.1	99.2	
99.3	89.3	
98.9	99.4	
99.1	99.4	
99.3	99.4	
88.8	79.2	
99.3	89.3	
99.3	99	
99.1	99.2	
99.3	99.2	
99.3	99.2	
99.3	99.4	
98.7	99.4	
99.3	99.4	
99.3	99.4	
98.9	99.2	
99.3	98.8	
99.1	99.4	
98.9	99.6	
99.1	99.4	
99.3	98.8	
99.3	99.2	
88.8	99.4	
99.1	89.5	
99.3	99.2	
99.1	98.8	
99.3	89.3	
99.3	99.4	
99.3	99	
99.3	99.4	
99.3	89.5	
99.3	89.3	
99.3	99.4	
99.3	79.4	
99.3	99.2	
99.1	99.4	
99.3	99.4	
99.3	99.2	
99.3	99.4	
99.1	99.4	
99.3	98.8	
99.3	99.4	
99.3	99	
99.1	99.4	
99.3	99.2	
99.3	99.2	
99.3	99.4	
99.1	99.4	
89	99.4	
99.1	99.2	
99.3	99.2	
99.1	99.2	
99.3	99.4	
99.1	99.6	
99.3	99	
99.1	99.4	
99.1	99.2	
99.3	99.4	
99.1	99.4	
99.3	99.4	
99.3	98.8	
98.9	99.2	
98.7	89.1	
88.2	99.2	
99.3	99	
99.3	99.4	
99.3	99.2	
99.1	99.2	
99.1	99.4	
99.3	68.1	
88.6	99	
99.1	99	
78.5	89.5	
99.3	99	
99.3	99.2	
98.9	99	
78.9	89.1	
99.3	99.2	
99.1	99.2	
99.1	99.4	
99.3	99.2	
99.3	99	
99.3	99.4	
99.3	99.4	
99.3	99.2	
99.3	99.4	
99.3	99.4	
99.1	89.3	
99.3	89.3	
99.3	99.4	
99.1	99.4	
99.3	99.4	
98.9	99	
88.6	98.8	
89	99.2	
98.9	99	
99.3	99.4	
99.3	88.7	
99.3	99.4	
99.1	98.6	
99.3	99.2	
99.3	89.5	
99.3	99.4	
99.3	99.4	
99.1	99.4	
99.3	89.1	
99.3	99.4	
99.3	99.4	
99.3	99.4	
99.1	99.4	
99.3	99.4	
99.3	99.4	
99.3	99.2	
99.1	99.2	
99.1	99	
98.9	-6.6	
99.3	89.5	
99.3	99.4	
99.3	98.8	
99.1	99.4	
99.3	99.4	
99.3	99.4	
98.9	99.4	
99.3	99.2	
98.7	99.4	
99.3	89.1	
99.3	99.2	
99.3	99.4	
99.3	99.2	
99.1	99.4	
88.8	99.2	
99.1	99	
99.3	99.4	
99.3	99	
98.7	99.4	
99.3	99.4	
99.3	99.4	
98.9	99.4	
99.1	99.2	
98.9	99.4	
99.1	99.4	
99.3	99.2	
99.3	99.2	
99.1	99.4	
98.9	99.4	
99.3	99.6	
99.1	88.9	
99.3	99.2	
99.3	99.2	
89	89.3	
99.1	99.4	
99.3	99.2	
99.3	98.6	
99.3	89.3	
99.3	99.4	
99.1	99.2	
99.3	99	
99.3	99.2	
99.1	99.4	
99.1	99.4	
99.3	99.4	
99.3	89.3	
99.3	99.2	
99.3	99.4	
99.3	99	
98.9	99.4	
99.3	99.4	
98.9	99.4	
99.3	99.4	
99.3	99.4	
98.9	99.6	
98.9	99	
99.3	99.2	
99.3	89.1	
99.3	99.4	
99.1	99	
99.3	99.4	
99.3	99.2	
99.3	99.2	
89	99.4	
98.9	99.4	
99.3	99.2	
99.3	99.4	
99.3	99.4	
98.9	99.2	
99.1	88.3	
99.1	98.6	
99.1	99	
99.3	99.4	
99.3	98.4	
99.1	99.4	
98.7	99.4	
99.3	98.8	
99.3	89.3	
99.3	89.1	
99.3	99.4	
99.1	99.2	
99.3	99.4	
99.3	99.2	
98.9	99.4	
99.1	99.2	
99.3	99.4	
98.9	99.4	
99.3	99.2	
99.3	99	
99.3	89.5	
99.1	99.2	
99.3	99	
99.1	99.2	
99.1	99.2	
99.3	99.6	
99.3	99.2	
78.5	99.2	
98.9	99.4	
99.3	99.2	
99.3	99.4	
99.3	99	
99.3	99.4	
99.3	99.2	
99.1	99.2	
99.1	99.4	
88.8	99.4	
99.3	99.4	
99.3	99.4	
99.3	89.3	
99.3	99	
99.3	99.4	
78.5	99.2	
99.3	99.4	
99.3	99.2	
99.3	98.8	
98.7	99.4	
99.1	99.2	
99.3	99.4	
99.1	99.2	
99.1	99.4	
99.3	99.4	
89.2	99.4	
99.3	99.2	
99.1	99.2	
99.3	99.4	
99.3	99.2	
99.1	99.4	
98.9	99.2	
99.3	99.2	
89	99.4	
98.7	99	
99.3	99.2	
99.3	99.2	
99.3	99.2	
99.3	99.2	
98.7	99.4	
99.1	99	
99.3	99	
99.1	99.4	
99.1	99.2	
99.3	99.2	
99.1	99.4	
99.3	89.1	
99.3	99.2	
99.3	89.1	
99.3	99	
99.3	99.2	
99.1	99.4	
99.1	99.4	
99.3	99.4	
99.1	99.4	
99.3	99	
98.9	99.4	
99.3	99.2	
88.8	99.2	
99.3	99.4	
99.3	99.2	
99.3	99.2	
99.3	99.4	
99.1	99.4	
99.3	99.4	
99.1	99.2	
99.3	99.4	
99.1	99.2	
99.3	99.4	
99.1	99.4	
99.1	89.1	
99.3	99.4	
99.3	99.4	
99.1	99.4	
99.3	99.2	
99.3	99.4	
99.3	89.3	
99.3	99	
99.3	99.4	
99.3	99.4	
99.3	89.5	
99.1	99.2	
99.3	99.4	
98.7	99.4	
99.3	99	
98.9	89.1	
89	99.4	
99.3	99	
99.3	99	
99.3	98.6	
99.3	99.4	
99.3	99.4	
99.1	88.7	
99.1	89.1	
99.3	99.2	
89.2	99.4	
99.1	99	
99.1	99	
99.3	99.2	
99.3	99.4	
99.3	99.4	
99.3	99.2	
99.1	99.2	
98.5	99.4	
99.3	88.9	
99.3	99.4	
99.3	98.8	
99.1	99.4	
98.7	98.6	
99.3	99.4	
99.3	99.4	
99.3	99	
99.1	99	
99.1	99.4	
99.3	99.4	
99.1	99	
88.6	99.2	
89.2	99.2	
98.9	98.8	
99.3	99	
99.3	99.4	
88.4	99.4	
99.3	99.2	
99.1	99.2	
99.3	98.2	
89	99.2	
99.1	99.4	
99.3	99.4	
99.3	99.4	
99.3	99.2	
99.3	99.4	
98.5	69.1	
99.1	99.4	
99.3	99	
99.1	99.4	
99.3	89.5	
98.9	99.4	
99.3	89.1	
99.1	99.2	
98.9	99.2	
99.3	99.2	
99.3	99	
78.5	99.4	
98.9	99.2	
99.3	99	
99.1	89.1	
98.9	99.4	
99.3	99.4	
99.1	99.2	
99.1	99.4	
98.7	99.4	
99.3	98.4	
99.3	99.4	
99.3	99	
98.9	99.4	
99.3	99.4	
89.2	99.4	
99.3	99.4	
99.3	99.2	
89.2	99.6	
99.1	99.4	
99.3	88.5	
99.3	99.4	
99.1	99.2	
99.3	99.2	
99.3	99.4	
78.9	99.2	
99.3	99.2	
99.1	99.4	
99.3	99.4	
99.3	99.2	
99.3	98.8	
99.3	99.4	
99.3	99.2	
99.3	99.4	
99.3	99.6	
98.7	99.2	
99.3	99.4	
99.3	99.6	
99.3	99.4	
99.3	99.4	
89.2	99.2	
99.3	99	
99.3	99.4	
99.3	99.2	
99.3	99.4	
99.3	99.4	
99.3	99.2	
99.3	99.4	
88.6	89.1	
99.1	99.4	
99.1	99	
99.3	99.4	
98.7	99.2	
99.1	99	
89.4	99.2	
99.3	99.4	
99.1	99.4	
99.3	99.4	
99.3	99.4	
98.9	99	
99.3	98.6	
99.3	99.4	
99.3	89.5	
99.3	99.4	
99.3	99	
99.3	99.4	
99.3	99.4	
99.3	99.4	
98.9	99.4	
99.1	99.4	
99.3	99.4	
89.4	99.4	
99.3	89.5	
98.9	98.8	
99.1	99.2	
99.3	99.4	
99.3	99.2	
98.9	89.3	
99.1	99.2	
99.3	99.2	
99.3	99.2	
98.7	99.2	
99.3	99.4	
99.1	99.4	
99.3	78.8	
99.3	99.4	
99.1	99.4	
98.7	99.4	
99.1	77.6	
99.3	99.2	
99.1	98.8	
98.9	99	
99.3	98.8	
99.1	99.2	
99.3	99.4	
99.3	99.4	
99.3	99	
99.3	99.2	
99.1	99.4	
98.9	99.4	
99.3	99.2	
98.9	99.4	
99.1	99.4	
99.3	99.4	
99.3	99.4	
99.3	99	
99.3	89.3	
99.1	99.4	
99.1	99.2	
99.3	99.4	
89.2	99.4	
99.1	99.4	
99.3	99.4	
99.1	98.6	
99.3	99.2	
99.3	99.2	
89.2	99.4	
99.3	99.2	
99.1	99.4	
99.3	99.4	
99.1	99.2	
99.3	99.4	
99.1	99.4	
99.3	99.4	
99.1	99.4	
99.3	99.4	
99.3	99.4	
99.3	79.2	
99.1	99	
99.1	98.6	
99.3	99.4	
98.7	99.2	
89.2	99.4	
99.1	99.4	
98.9	89.5	
99.1	99.2	
99.3	99	
98.9	99.4	
99.3	99.2	
98.9	99.2	
99.3	99.4	
99.3	89.3	
99.3	99.2	
99.1	98.8	
99.3	99.4	
99.3	99.2	
99.1	99.4	
99.3	99.2	
98.9	99.2	
99.1	99.4	
98.7	99	
99.1	99.2	
89.2	99.2	
