99.3	99.6	
99.1	99.6	
99.3	89.5	
79.1	99.6	
99.3	99.2	
98.5	99.6	
89	99.2	
99.3	99.6	
98.9	99.6	
99.3	99.6	
99.3	99.6	
99.1	99.6	
98.9	99.2	
98.9	99.6	
99.3	89.5	
99.1	99.6	
99.1	78.4	
99.1	99.6	
99.3	99.6	
89.4	89.3	
98.7	99.6	
98.3	99.6	
98.9	99.4	
97.9	99.6	
98.9	99.4	
98.9	99.4	
99.3	99.4	
99.3	99.4	
99.3	99.6	
98.9	99.6	
99.3	99.6	
98.9	79.4	
99.3	89.5	
99.3	99.4	
99.3	99.4	
89.4	98.4	
99.3	98.6	
99.1	99.6	
99.3	99.6	
89.2	99.6	
99.3	89.1	
99.1	99.4	
99.3	99.4	
88.6	99.6	
99.3	99.6	
99.3	89.7	
99.3	99.6	
88.8	99.2	
99.1	99.2	
99.1	99.6	
89.2	99.2	
99.3	99.4	
98.9	99.6	
98.7	99.4	
99.1	99.4	
99.3	79.2	
99.3	99.6	
98.9	99.6	
98.9	99.6	
99.1	99.6	
99.3	99.6	
99.3	99.6	
99.3	89.5	
99.3	99.4	
99.3	99.6	
99.3	99.6	
99.3	99.6	
99.3	99.4	
99.1	89.5	
98.9	99.6	
99.3	89.5	
89.2	99.6	
99.1	99.6	
98.9	99.4	
98.9	99.6	
98.9	99.6	
99.1	99.4	
78.9	99.6	
89	99.6	
98.9	99.6	
98.7	99.6	
89.4	99.6	
98.9	99.6	
78.7	89.5	
99.1	99.6	
98.9	99.4	
99.3	99.6	
99.3	99.6	
99.3	99.2	
99.1	99.6	
99.1	99.6	
88.8	99.2	
99.1	99.6	
89.2	98.8	
99.1	99.6	
99.3	99.6	
88.6	99.6	
98.9	99.6	
89.4	89.7	
99.1	99.6	
89.2	99.6	
99.3	99.6	
99.1	89.5	
99.3	99.6	
98.9	99.6	
99.1	99	
99.3	99.6	
99.3	99.6	
99.3	99.6	
99.3	69.7	
89	99.6	
99.1	89.5	
89.4	99.6	
99.1	99.6	
99.3	99.6	
99.3	99.4	
99.1	99.6	
99.3	99.6	
88.8	99	
99.1	99.4	
99.1	99.6	
99.3	99.6	
99.3	99.6	
99.3	98.6	
99.3	99.6	
98.9	99.4	
88.8	99.4	
99.1	99.6	
99.3	99.6	
99.3	99.6	
99.3	99.6	
99.1	99.6	
99.1	99.6	
99.1	99.6	
99.1	99.6	
99.1	99.6	
99.3	99.6	
89.2	99.6	
98.9	99.6	
98.9	99.4	
99.3	89.1	
89.4	99.6	
99.3	99.6	
99.3	99.6	
99.3	99.6	
99.3	89.7	
98.9	99.4	
99.3	99.6	
99.3	99.6	
99.1	99.4	
99.3	99.6	
99.3	99.6	
99.1	89.7	
99.3	99.4	
79.3	99.4	
88.6	99.6	
98.9	99.6	
99.3	99.6	
99.1	89.5	
99.3	99.6	
99.1	99.6	
99.3	89.5	
99.1	99.4	
98.5	99.2	
99.3	89.5	
89.4	99.6	
99.1	99.6	
99.1	99.4	
99.1	99.6	
99.1	89.5	
98.7	99	
99.3	99.4	
99.3	99.6	
99.3	99.6	
99.3	89.3	
98.9	99.6	
99.1	99.6	
98.9	99.6	
99.3	99.4	
99.1	99.4	
89.4	99.6	
99.1	99.6	
99.3	99	
99.3	99.6	
99.3	99.6	
99.3	99.4	
98.7	99.6	
99.3	89.1	
99.1	99.6	
89.4	99.6	
99.3	89.1	
99.3	99.6	
88.6	99.2	
98.9	89.3	
99.3	99.4	
89.4	99.4	
89.2	99.4	
99.3	99.4	
99.3	99.2	
99.3	99.6	
99.1	99.6	
99.1	99.6	
99.1	99.6	
99.1	99.6	
99.3	89.5	
99.1	99.6	
99.3	99.4	
99.3	99.6	
99.3	99.6	
99.3	99.4	
99.3	99.4	
99.1	99.6	
99.1	99.4	
98.5	89.1	
99.1	99.4	
99.1	99.6	
99.3	99.4	
99.3	99.6	
99.1	99.6	
98.7	99.2	
98.9	89.5	
99.3	89.5	
99.1	99.6	
99.3	88.9	
99.1	99.6	
99.1	99.6	
99.3	99.6	
99.3	88.9	
99.1	99.6	
99.3	99.2	
99.3	99.6	
99.3	99.4	
99.3	99	
99.3	99.6	
89.2	99.6	
99.3	99.6	
99.3	99.6	
98.3	99.6	
99.1	99.4	
98.9	99.6	
99.3	99.4	
99.3	99.6	
99.3	99.6	
89.4	99.6	
99.3	99.4	
99.1	89.7	
99.3	99.6	
99.1	99.6	
99.3	99.6	
99.3	99.6	
99.1	99.6	
98.9	99.4	
99.3	99.6	
99.3	99.6	
79.1	99.6	
99.1	99.6	
99.3	89.3	
99.3	99.6	
99.1	99.6	
99.3	99.6	
99.3	99.6	
99.1	99.4	
99.1	99.6	
99.3	99.6	
99.3	99.2	
99.3	99.6	
99.1	99.6	
99.3	89.5	
99.3	99.4	
98.9	99.6	
99.3	99.4	
99.3	99.6	
89.2	99.6	
99.3	99.4	
99.1	99.6	
98.9	99.2	
99.3	99.6	
99.3	99.6	
99.3	89.5	
98.9	99.6	
98.9	99.6	
99.3	69.1	
99.3	99.6	
99.3	99.6	
99.3	89.7	
99.3	99.6	
78.5	99.6	
89.2	89.7	
99.3	99.6	
99.3	99.4	
99.3	99.4	
89	99.4	
99.3	99.6	
98.5	99.6	
99.1	99.6	
89.2	79.4	
89.2	99.6	
99.1	99.6	
99.3	99.4	
88.6	99.2	
89.4	99.6	
99.3	99.4	
99.3	89.5	
99.3	99.6	
89.2	99.6	
99.3	99.6	
99.1	89.5	
99.3	99.6	
98.7	99.6	
99.1	99.6	
99.1	99.6	
99.3	99.6	
99.1	99.6	
89	99.6	
99.3	99.6	
99.3	99.4	
99.3	99.4	
99.3	99.6	
99.1	99.6	
99.1	99.4	
99.1	99.6	
99.3	99.6	
99.3	99.6	
99.3	99.6	
99.1	99.4	
99.3	99.6	
99.1	99.6	
99.3	99.6	
99.3	99.6	
99.1	99.4	
99.1	99.6	
99.1	99.4	
99.3	99.4	
99.1	99.6	
98.9	99.4	
99.3	99.6	
98.9	99.6	
99.1	98.8	
98.9	99.2	
98.5	99.6	
89.4	99.6	
99.1	99.6	
99.3	99.6	
98.7	99.6	
99.3	99.6	
99.1	99.2	
99.3	99.6	
99.3	99.6	
89.2	99.4	
99.3	99.6	
89.2	99.6	
99.3	99.4	
99.3	88.9	
99.3	99.4	
99.1	99.6	
99.1	99.6	
78.9	99.6	
88.8	99.4	
99.3	99.6	
98.9	99.6	
99.3	99.6	
99.3	99.4	
99.3	99.4	
89.2	99	
89	99.6	
99.1	99.6	
88.8	99.4	
99.3	99.6	
99.1	99.6	
99.3	99.6	
99.3	99.6	
99.3	99.6	
99.1	99.6	
99.1	99.4	
99.3	89.5	
99.3	89.5	
88.8	99.4	
99.3	99.6	
89.2	99.4	
89	99.4	
99.1	99.6	
99.1	99.6	
89.2	99.6	
99.3	99.6	
98.9	99.4	
89.2	99.6	
99.3	99.2	
99.1	89.5	
99.3	99.6	
99.1	99.6	
99.3	99.6	
98.7	89.5	
89.4	99.6	
99.1	89.1	
98.7	99.6	
98.3	99.6	
89	99.6	
99.3	99.6	
88.8	99.6	
99.3	99.6	
99.1	89.7	
89.2	99.6	
98.9	99.6	
99.1	99.6	
89.2	99.4	
88.6	99.6	
99.3	99.4	
89.4	99.4	
89	99.4	
99.1	99.6	
98.7	89.5	
98.3	99.4	
99.3	99.6	
98.7	99.2	
99.3	99.4	
99.3	99.6	
99.1	99.6	
99.3	99.4	
99.1	89.7	
99.1	99.6	
89.4	99.2	
99.3	99.6	
99.1	99.6	
89.4	99.6	
99.3	89.7	
89.2	99.2	
99.1	99.4	
98.9	98.8	
99.3	99.6	
99.3	99.2	
78.9	99.6	
99.1	99.2	
99.3	99.6	
98.7	89.7	
89	99.4	
99.3	99.6	
99.3	99	
98.7	99.6	
99.3	99.4	
98.7	99.6	
99.3	99.4	
98.3	99.6	
99.3	99.6	
98.5	99.6	
89.4	99.4	
99.3	99.6	
89.4	99.6	
99.1	99.2	
98.9	99.6	
99.3	99.6	
98.5	99.2	
89.4	99.6	
99.1	89.5	
99.3	99.2	
99.3	99.6	
98.9	99.6	
99.1	99.4	
98.9	89.5	
99.3	98.8	
99.3	99	
99.1	98.4	
89.4	99.4	
88.8	99.2	
99.3	99.6	
89.2	99.6	
99.3	99.6	
99.1	99.6	
99.3	99.6	
89.2	99.2	
99.3	99.6	
98.9	99.6	
99.3	99.6	
88.6	99.4	
99.3	99.6	
99.1	99.4	
89.2	79.2	
99.3	99.6	
99.1	99.6	
98.9	99.6	
99.1	89.5	
99.1	99.4	
99.3	89.5	
89	99.6	
99.1	99.6	
99.3	89.5	
98.9	99.6	
99.3	99.6	
98.5	99.6	
99.3	99.4	
99.1	99.2	
99.1	99.4	
98.9	99.4	
99.3	99.6	
99.3	98.8	
98.9	99.6	
99.3	89.7	
89.2	99.6	
99.3	99	
99.3	89.5	
99.3	99.6	
99.3	99.6	
99.1	99.6	
99.1	99.6	
99.3	99.6	
99.3	99.6	
99.1	99	
99.3	99.6	
99.1	99.6	
99.3	98.8	
99.1	99.6	
98.9	99.6	
89.4	99.6	
99.3	98.6	
89.4	99.6	
99.3	99.6	
99.3	99.6	
98.7	99.6	
99.3	99.6	
99.3	69.1	
99.3	99.4	
99.1	99.6	
89.4	99.6	
98.7	99.6	
99.3	99.6	
99.3	99.4	
99.3	99.6	
99.3	99.2	
99.3	99.4	
99.3	89.3	
89.2	99.6	
99.3	89.7	
99.3	99.6	
88.8	89.5	
99.1	99.4	
89.2	99.6	
99.3	99.6	
99.1	99.4	
89.2	99.6	
98.7	99.4	
98.9	99.6	
99.3	99.4	
78.9	99.6	
98.1	99.4	
99.3	79.2	
99.3	99.4	
99.3	99.6	
99.1	99.6	
88.8	99.6	
99.1	99.4	
99.3	89.7	
89.2	99.4	
99.1	99.6	
99.1	99.6	
99.3	99.6	
89.2	99.4	
99.3	99.4	
99.3	99.6	
99.3	99.4	
99.1	99.6	
99.3	99.6	
99.3	99.6	
99.3	99.6	
99.3	99.4	
99.1	99.4	
98.9	99.6	
99.1	99.6	
99.3	99.2	
99.3	99.6	
98.9	99.6	
99.3	99.6	
99.3	99.6	
89.2	99.6	
88.8	79.4	
99.3	99.4	
89.4	99.6	
99.1	99.4	
99.3	99.6	
99.1	89.1	
98.9	99.4	
99.3	99.4	
99.1	99.2	
99.1	89.5	
99.3	99.6	
99.3	99.6	
98.9	99.6	
98.3	99.6	
99.1	99.4	
99.1	99.4	
99.1	99.2	
98.7	99.6	
99.3	99.6	
89.4	99.6	
98.9	99.6	
99.1	99.6	
99.3	99.4	
99.3	99.6	
99.3	89.5	
99.1	99.2	
88.4	99.2	
99.1	99.6	
99.1	79.4	
99.1	99.4	
99.1	89.3	
99.3	89.5	
99.3	99.4	
89.4	99.6	
99.3	99.6	
99.3	99.6	
89.2	99.6	
99.3	99.6	
89.4	99.6	
99.3	99.6	
98.9	99.6	
98.9	99.4	
98.5	99.6	
99.1	99.6	
99.3	99.6	
99.1	99.6	
89.4	89.5	
99.3	99.6	
99.1	89.3	
98.9	99.6	
99.1	99.6	
89.2	99.6	
99.1	99.6	
99.1	89.5	
99.1	99.4	
89.2	99.6	
99.1	99	
78.9	99.4	
99.1	89.7	
79.3	99.6	
99.3	99.4	
99.3	99.6	
99.3	99.6	
89.4	99.6	
98.7	99.6	
99.3	99.4	
89.4	89.5	
98.9	99.6	
99.1	99.6	
99.1	99.6	
89	99.6	
99.3	99.6	
99.1	99.6	
89	99.6	
98.7	99.6	
99.3	99.6	
99.1	99.4	
99.3	99.4	
99.3	99.6	
99.3	99.6	
89.2	99.6	
97.7	99.6	
99.1	99.6	
88.6	99.6	
99.3	99.6	
99.3	99.6	
99.1	99.4	
99.1	99.4	
98.9	99.6	
98.9	99.4	
99.3	99.2	
99.3	89.7	
99.3	89.7	
78.9	99.6	
98.9	99.6	
99.3	89.5	
98.9	89.5	
99.3	99.6	
99.3	99.2	
98.9	99.6	
89.4	99.4	
99.3	99.6	
89.4	89.5	
99.3	99.6	
99.3	99.6	
99.1	99.6	
99.1	89.5	
78.9	99.4	
99.1	99.6	
98.7	89.5	
99.3	89.5	
99.1	99.6	
98.9	99.6	
89	99.6	
89.2	99.6	
99.3	99.6	
99.3	99.6	
99.3	99.6	
89.4	99.6	
99.1	89.3	
89	99.4	
99.1	99.2	
99.3	99.4	
98.7	99.6	
98.7	89.5	
99.1	99.4	
99.3	99.6	
98.9	99.4	
99.3	89.5	
89.2	99.6	
99.3	99.6	
99.3	99.4	
99.3	89.5	
98.5	99.6	
89.2	99.4	
99.1	99.2	
99.3	99.4	
99.1	99.6	
99.3	89.3	
99.3	99.6	
99.1	99.6	
89	98.6	
99.3	99.6	
89.4	99.4	
99.1	99.6	
99.3	89.5	
98.9	99.6	
98.7	99.6	
99.3	99.6	
99.1	99.4	
99.1	99.6	
89.2	59.2	
99.1	99.4	
98.9	99.6	
89.2	99.4	
99.3	99.2	
98.5	99	
99.3	99.4	
99.3	99.6	
99.3	99.6	
99.3	98.8	
99.3	99.6	
99.3	99.2	
99.1	99.6	
89.2	99.6	
89	89.5	
98.9	59	
99.1	99.4	
99.3	89.3	
99.3	99.6	
99.3	89.5	
98.9	99.4	
99.3	99	
79.1	89.1	
99.3	99.4	
89.2	99.6	
99.3	99.6	
99.3	99.6	
99.3	99.6	
99.1	99.4	
99.3	99.6	
99.1	99.6	
98.9	99.6	
99.1	99.6	
99.3	99.6	
99.3	99.6	
99.3	99.2	
99.3	99.6	
88.8	99.4	
98.7	99.4	
99.1	99.4	
98.7	99.4	
99.1	99.6	
89	99.6	
99.1	88.7	
98.9	99.6	
99.1	99.6	
99.3	99.6	
89.2	99.4	
99.3	99.6	
99.3	99.6	
99.3	99.4	
99.3	99.6	
99.3	99.6	
89	99.2	
99.3	99.6	
99.3	89.1	
99.1	99.6	
99.3	99.4	
89.4	99.6	
99.3	99.4	
99.3	99.6	
98.7	99.6	
99.3	99.2	
99.1	99.4	
99.3	98.8	
99.1	99.4	
89.2	99.6	
99.1	99.6	
99.3	99.6	
99.3	99.6	
89.2	99.6	
99.1	88.7	
99.1	99.2	
99.1	99.4	
89.2	99.6	
99.1	89.1	
88.6	99.6	
99.3	99.2	
99.3	99.6	
99.3	89.7	
99.3	99.6	
89.2	99.6	
99.3	89.5	
99.3	99.4	
99.3	99	
99.3	99.6	
99.1	89.5	
89	99.6	
99.1	99.4	
89.4	99.6	
99.1	99.2	
99.3	99	
99.3	99.6	
99.3	99.6	
89.2	89.5	
99.3	99.6	
98.9	99.6	
99.1	89.5	
89	99.2	
99.3	89.3	
99.3	99.4	
98.7	99.6	
99.3	99.6	
99.3	99.6	
79.1	99.6	
99.3	99.6	
99.3	99.6	
99.3	99.6	
99.3	99.6	
99.3	99.4	
89.2	99.2	
99.3	99.6	
98.5	99.6	
99.1	99.6	
88.4	99.6	
99.3	99.4	
99.3	99.6	
78.7	99.6	
89	99.4	
99.3	99.6	
99.3	99.6	
99.3	99.4	
99.1	99.6	
99.1	99.6	
98.9	99.6	
99.3	89.1	
78.5	77.8	
99.3	99.6	
99.1	99.6	
88.4	89.7	
89.4	99.6	
99.1	99.4	
99.3	69.5	
98.9	99.2	
99.1	99.6	
89.2	99.6	
99.3	99.6	
99.3	99	
89.4	89.1	
98.1	99.4	
99.1	99.6	
99.3	99.6	
98.9	99.2	
99.3	99.6	
99.1	99.4	
98.9	99.6	
99.3	99.4	
99.1	88.7	
98.9	99.2	
98.9	99.6	
99.1	99.6	
98.9	89.5	
99.3	99	
98.9	99.4	
98.7	99.6	
89.4	99.2	
98.9	99.2	
89.2	89.5	
89	89.7	
99.1	99.4	
99.3	99.6	
98.9	99.6	
99.3	88.9	
98.9	99.6	
98.9	99.6	
79.3	99.4	
89.2	99.6	
98.9	98.4	
98.7	99.6	
99.3	99.6	
99.3	89.5	
99.3	99.6	
99.3	89.5	
99.3	99.6	
98.9	99.6	
89.2	99.6	
99.3	89.7	
98.9	99.6	
98.7	99.6	
98.9	99.6	
99.1	99.6	
99.3	89.7	
99.3	99.4	
99.3	89.1	
99.1	99.6	
99.3	99.6	
99.3	89.5	
99.1	99.6	
89.2	99.6	
88.8	99.6	
89.2	99.6	
99.1	99.4	
99.3	99.6	
99.1	99.6	
99.3	99.2	
99.1	99.6	
99.3	89.5	
89.4	99.6	
99.3	99.6	
99.1	88.1	
99.1	99.6	
98.7	25.5	
98.9	99.6	
98.9	99.6	
98.9	99.2	
99.3	99.6	
98.9	89.3	
89.4	99.4	
98.9	99.4	
99.3	99	
99.1	99.4	
99.3	99.4	
98.9	89.5	
99.1	99	
99.3	99.4	
78.9	99.6	
98.9	99.4	
98.9	89.5	
99.1	89.1	
89	99.2	
99.3	89.7	
99.1	99.6	
89.4	99.6	
99.3	99.6	
99.3	99.4	
99.3	99.4	
89.4	99.6	
99.3	99.6	
99.1	89.1	
99.1	99.4	
99.3	89.1	
99.3	89.5	
89.4	99.6	
99.3	88.9	
98.7	99.6	
99.3	99.2	
89	99	
99.1	99.4	
99.1	99.2	
88.8	99.6	
98.7	99.4	
98.9	99.6	
99.1	89.7	
99.1	99.4	
99.3	99.4	
99.3	98.8	
99.3	99.6	
99.3	99.6	
99.3	99.6	
99.1	99.2	
99.1	89.1	
98.7	99.4	
89	99.6	
99.3	99.4	
99.3	99.6	
99.3	99.6	
99.1	99.6	
99.1	99.6	
89.2	99.6	
99.3	99.4	
99.3	99.4	
99.3	99.6	
98.7	99.6	
98.5	99.6	
89	99.6	
98.3	99.4	
99.3	99.6	
99.3	99.6	
99.1	99.4	
89.4	99.6	
99.1	99.6	
99.3	98	
99.3	99.4	
99.3	99.2	
98.9	99.2	
99.3	99.6	
89.2	99.6	
