99.3	99.6	
99.3	99.6	
99.1	99.6	
99.3	99.6	
78.9	99.6	
99.3	99.6	
99.3	99.2	
99.1	99.6	
99.1	99.2	
99.1	99.6	
99.1	99.4	
99.1	99.6	
89.2	99.4	
99.3	99.6	
99.1	89.5	
89	99.6	
99.3	99.2	
99.1	99.6	
99.3	99.6	
99.3	99.2	
99.3	99.6	
98.9	68.1	
99.3	89.5	
99.3	99.6	
99.3	99.6	
99.3	89.5	
99.3	99.4	
99.3	99.4	
99.3	99.6	
88.6	99.6	
99.1	99.6	
99.3	99.4	
99.3	99	
99.1	99.6	
99.1	99.2	
99.3	99	
99.3	99.6	
99.3	99.6	
99.3	99.6	
99.3	89.5	
99.1	99.6	
99.3	99.6	
99.3	99.6	
99.3	99.6	
99.1	99.6	
99.3	99.6	
89.2	99.6	
99.3	99.6	
99.1	88.7	
99.3	99.4	
99.3	99.6	
99.1	99.6	
99.3	98.6	
89.2	99.6	
99.1	99.4	
99.1	99.4	
99.3	99.4	
99.3	99.6	
99.3	99.6	
99.1	99.6	
98.1	89.5	
99.1	99.6	
99.1	99.4	
99.1	99.6	
99.3	99.2	
99.3	99.6	
99.3	99.6	
99.3	99.6	
99.3	99.6	
98.9	99.6	
99.1	99.6	
99.3	99.4	
99.3	99.6	
99.1	99.6	
99.1	89.5	
99.3	89.5	
98.7	99.6	
88.8	99.6	
89.4	89.5	
98.9	99.6	
89.2	99.2	
99.3	99.4	
98.9	99.2	
89.4	99.6	
99.1	99.4	
98.9	99.6	
99.1	99.6	
98.9	99.4	
99.3	99.6	
99.3	99.2	
99.3	89.3	
99.3	99	
99.3	99.4	
99.3	99.6	
99.1	99.6	
98.9	99.6	
99.3	99.6	
99.1	99.6	
99.3	99.4	
99.3	99.2	
99.3	99	
88.2	99.4	
98.9	89.5	
99.1	99.4	
98.9	99.6	
99.1	99.6	
99.1	99.6	
99.3	89.5	
99.3	99.6	
98.9	99.2	
98.9	89.1	
99.1	99.6	
99.3	99.4	
99.1	99	
99.3	99.6	
99.1	99.6	
99.1	99.6	
99.1	99.6	
99.3	99.2	
98.9	89.3	
99.1	99.2	
99.3	99.4	
98.9	99.4	
98.9	89.5	
99.1	99.4	
98.9	99.4	
98.9	99.4	
98.7	99.6	
99.3	99.6	
99.3	99.6	
99.3	99.6	
99.1	99.4	
99.1	99.6	
99.3	99.6	
88.8	99.6	
99.3	99.6	
99.1	99.6	
99.3	99.6	
99.1	78.8	
89	99.6	
98.9	99.6	
98.9	99	
99.1	99.4	
99.3	99.4	
89.2	99.6	
98.9	99.6	
99.1	99.6	
99.1	88.5	
99.3	89.5	
99.3	89.5	
99.1	89.3	
99.3	88.9	
98.7	99.6	
98.9	99.6	
99.3	99.6	
89.4	99.6	
99.3	98.6	
99.3	99.4	
98.9	99.6	
99.3	99.6	
99.1	89.5	
99.3	99.4	
99.3	99.6	
99.3	99.6	
79.1	99.4	
88.6	99.6	
99.3	99.6	
99.1	99.6	
99.3	99.2	
88.8	99.6	
99.3	99	
99.1	99.4	
88.6	89.5	
99.3	99.4	
98.7	99.6	
89.4	99.6	
99.3	79.4	
99.3	78.6	
99.1	99.4	
99.1	99.4	
99.1	99.6	
99.3	99.2	
98.9	99.6	
99.3	99.6	
99.1	99.4	
99.3	99	
89.4	99.6	
98.9	99.4	
99.1	99.6	
88.4	99.6	
99.1	99.4	
99.3	99.6	
99.1	99.2	
99.1	99.4	
99.1	99.6	
98.9	99.6	
99.1	99.6	
89	99.4	
89.4	98.6	
98.7	88.7	
99.1	99.6	
99.3	89.5	
89	99.6	
99.3	99.4	
99.3	99.6	
99.3	99.6	
99.1	99.6	
98.9	99.6	
99.3	99.2	
99.3	99.4	
99.1	89.5	
98.9	99.6	
98.9	99.6	
99.1	99.6	
99.3	87.9	
99.3	99.6	
88.8	99.6	
99.1	99.2	
89.2	99	
89.2	99.6	
99.3	99.6	
98.9	89.5	
99.3	99.6	
98.5	88.7	
99.3	99.6	
99.3	99.6	
99.3	99.4	
99.3	99.6	
99.3	99.6	
98.9	89.5	
98.9	99.6	
99.3	99.6	
89.2	99.6	
89.4	99.6	
99.3	99.6	
99.3	99.6	
99.3	99.4	
99.1	99.6	
98.7	99.6	
99.3	89.1	
99.3	99.6	
99.1	99.6	
99.3	99.4	
98.9	98.2	
99.1	99.6	
89.4	99.6	
99.3	99.6	
98.7	99.6	
99.1	99.6	
98.9	99.6	
99.3	99.4	
98.9	99.4	
98.9	89.5	
99.1	99.6	
99.3	99.6	
99.3	99.6	
98.9	99.6	
99.3	99.6	
99.1	99.4	
99.3	98.8	
99.1	99.4	
99.1	99.2	
88.8	99.6	
99.1	99.4	
99.3	99.2	
99.3	99.6	
99.1	88.9	
99.1	99.6	
99.3	99.2	
99.1	88.9	
98.5	99.6	
99.3	99.4	
88.8	99.6	
99.3	99.6	
98.9	87.5	
99.3	99.4	
99.1	99.6	
99.1	99.2	
99.3	99.6	
89.4	98.6	
99.1	89.5	
89.2	99.6	
99.3	78.8	
98.9	99.6	
99.3	99.6	
88.4	99.6	
99.1	99.4	
99.3	99.6	
99.3	99.6	
99.3	99.6	
98.9	99.6	
99.3	99.6	
89	99.6	
99.3	99.6	
98.9	99.6	
99.3	99.6	
99.3	99	
99.1	99.6	
99.3	99.6	
99.1	99.2	
99.3	99.6	
99.3	99.4	
99.3	99.4	
98.9	99.6	
89.2	99.6	
99.1	99.2	
99.1	99.6	
98.9	99.6	
99.3	99.6	
88.4	99.6	
99.1	99.4	
99.1	99.4	
99.3	99.6	
99.3	99.6	
89.2	89.5	
99.3	88.9	
99.1	99.6	
98.9	99.4	
99.3	99.6	
99.3	99.4	
98.5	99.6	
89.4	99.6	
99.1	99.6	
98.7	99.2	
98.9	99.6	
88.8	99.4	
89.2	99.6	
99.1	99.6	
98.9	99.6	
99.3	99.6	
98.7	99.4	
99.1	99.6	
98.9	89.3	
99.3	99.6	
99.3	99.2	
99.3	89.3	
99.1	99.6	
99.1	99.4	
89	99.6	
99.3	99.6	
99.3	98.8	
99.3	98	
99.3	99.6	
97.9	99.6	
99.3	99.6	
89.4	88.1	
99.3	99	
99.3	99.6	
99.3	87.9	
99.3	89.5	
89	99.4	
99.3	99.4	
98.9	99.6	
88.8	99.4	
99.3	99	
99.1	98.6	
99.3	99.6	
99.1	99.2	
99.1	99.4	
99.3	99.6	
98.9	99.6	
88.8	89.3	
88.6	99.6	
99.3	99.6	
99.1	99.6	
99.1	99.4	
98.9	99.4	
99.3	99.6	
99.1	99.4	
99.3	99.6	
89.2	99.4	
98.7	99.6	
99.3	99.6	
99.1	99.4	
99.3	99.4	
98.7	99.6	
99.3	89.3	
99.3	99.6	
99.3	99.6	
98.9	99.6	
98.9	99.2	
99.1	99.6	
99.1	99.6	
89	99.6	
99.3	99.6	
99.1	99.2	
99.1	99.6	
99.3	99	
97.9	99.6	
99.3	99.6	
99.3	99.4	
99.1	99.6	
99.3	99.6	
99.3	99.6	
88.8	99	
99.3	98.2	
89.2	99.6	
98.9	99.6	
98.9	99.2	
99.3	89.5	
99.1	99.6	
99.3	99.6	
99.3	99.4	
88.2	99.6	
89	98.8	
99.3	99.6	
99.3	89.1	
99.3	99.4	
99.3	99.4	
99.3	99.6	
98.7	99.6	
89.2	99.2	
99.3	99.4	
99.1	99.6	
98.1	99.2	
99.3	99.6	
98.9	99.6	
99.1	99.6	
99.3	99.6	
98.5	99.4	
89.2	99.6	
99.1	99.6	
99.1	99.6	
99.3	99.6	
99.1	99.6	
98.9	99.6	
99.1	99.4	
99.1	99.6	
99.1	99.6	
99.1	99.6	
99.3	99.6	
89.4	99.6	
99.3	99.4	
99.3	99.6	
98.7	99.6	
98.9	99.2	
99.3	99.6	
89	99.6	
98.9	99.6	
99.3	99.6	
98.7	99.6	
99.3	99.6	
99.1	99.6	
99.1	88.9	
99.1	99.6	
88.8	99.6	
99.1	88.9	
98.9	99.6	
99.1	99.4	
99.3	89.3	
88.8	99.6	
99.3	99.4	
99.3	99.6	
99.3	99.6	
89.2	99.6	
88.8	99.6	
99.3	99.6	
99.3	99.6	
99.3	88.9	
99.3	99.4	
98.9	99.6	
88.6	99.6	
99.1	99.6	
98.9	99	
99.3	99.6	
99.3	99.2	
99.3	88.9	
99.3	99.6	
98.7	99.4	
99.3	99.6	
98.9	99.4	
99.3	99.6	
99.1	99.6	
99.1	99	
89.4	89.5	
98.9	99.4	
99.1	99.4	
98.9	99.6	
98.5	99.6	
99.3	99.6	
99.1	99.2	
99.3	99.2	
99.3	99.4	
99.3	99.6	
99.1	99.6	
99.1	99.6	
98.9	99.4	
98.9	99.6	
99.1	99.6	
98.9	99.6	
99.1	89.3	
99.3	99.6	
98.7	99.6	
99.3	99.4	
98.9	99.6	
99.3	99.6	
99.3	99.2	
99.1	99.2	
99.3	99.4	
99.3	89.5	
89.2	99.6	
99.3	99.6	
98.9	99.6	
98.5	99.4	
99.1	89.5	
99.3	99.6	
99.3	99.4	
99.1	99.4	
89.4	99.6	
89.4	99.2	
99.3	99.6	
99.1	99.6	
99.3	99.4	
99.3	99.6	
98.5	99.4	
99.3	99.4	
99.1	99.6	
98.1	99	
99.3	98	
99.3	99.6	
98.7	99.6	
99.3	99.6	
98.9	99.6	
99.3	99.4	
99.1	88.7	
99.1	99.6	
99.1	99.6	
99.3	99.6	
98.9	99.6	
98.9	99.6	
99.3	99.6	
99.3	99.6	
99.1	99.6	
99.1	99.6	
99.3	99.6	
99.3	99.4	
99.3	89.1	
99.3	98.8	
99.1	99.6	
99.3	99.6	
98.7	99.6	
99.1	99.6	
89.4	99.6	
98.9	89.1	
89	99.4	
98.9	99.6	
99.3	99.6	
88.8	99.6	
99.1	99.2	
99.1	89.5	
89.2	99	
99.3	99.4	
99.3	99.6	
98.9	99.6	
98.9	99.6	
89.4	98.8	
99.3	99.4	
99.3	89.5	
98.9	99.4	
98.9	99.6	
98.3	99.2	
98.3	99.2	
99.1	88.9	
99.3	99.2	
98.9	89.5	
99.3	78.6	
99.3	99	
99.3	99.6	
98.1	99.6	
98.9	99.6	
99.3	99.4	
99.3	99.6	
99.1	89.5	
99.3	79	
98.9	99.6	
99.1	99.6	
99.3	99.6	
78.9	99.6	
89.4	99.6	
99.3	99.6	
99.3	88.7	
99.3	99.2	
99.3	99.4	
99.3	99.6	
99.3	99.6	
98.7	99.4	
99.1	89.5	
99.3	99.6	
99.3	99.4	
99.1	99.6	
99.1	99.2	
99.3	99.6	
89.2	99.6	
99.3	99.6	
89.4	99.2	
99.3	89.3	
88.8	99.4	
99.1	99.6	
99.1	99.4	
99.1	99.2	
98.9	89.5	
99.1	99.4	
99.1	99.6	
99.3	99.6	
99.3	99.6	
99.3	89.3	
99.3	99.6	
89.4	99.6	
99.1	99.6	
99.1	99.4	
99.3	99.6	
98.5	99	
99.3	99.6	
99.1	88.7	
99.3	98.8	
99.1	99.6	
99.1	89.5	
98.7	99.6	
99.1	99.6	
98.9	99.2	
99.3	99.4	
99.1	99.6	
99.3	99.6	
98.9	99.4	
99.3	99.6	
98.9	99.6	
99.3	89.3	
99.3	99.6	
98.5	99.6	
98.7	99.6	
99.3	99.6	
99.3	99.6	
99.3	99.4	
99.3	99.6	
99.3	99.4	
98.5	99.4	
98.7	99.6	
99.3	99.6	
88.8	99.6	
98.9	99.4	
98.7	99.2	
99.3	99.6	
99.3	99.4	
99.3	99.6	
99.3	99.6	
98.7	99.6	
99.3	99.6	
98.3	99	
89.4	99.4	
89	99.6	
99.1	89.5	
89	99.6	
98.7	99.6	
78.9	99.6	
98.9	99.4	
98.9	99.2	
99.1	99.6	
99.3	99.6	
99.3	89.3	
99.1	88.9	
99.1	99.2	
99.3	99.6	
99.3	99.6	
99.3	99.4	
98.9	99.6	
99.3	99.6	
98.9	99.6	
99.3	99.4	
99.3	99.6	
99.1	99.4	
88.8	99.6	
99.1	99.6	
99.1	99.2	
99.1	99.4	
99.3	99.4	
99.1	89.5	
99.1	99.6	
99.3	88.9	
99.3	99.6	
99.3	99.6	
99.1	99.6	
98.9	99.6	
99.3	99.6	
99.3	99.6	
99.3	99.2	
89	89.3	
99.1	99.6	
99.3	99.6	
99.3	99.6	
99.3	99.2	
99.3	99.2	
89	99.4	
99.3	99.2	
99.3	99.6	
99.1	99.6	
99.3	99.4	
79.1	89.5	
98.7	89.5	
99.3	99.6	
99.1	88.9	
99.3	99.6	
89.4	99.6	
98.7	99.4	
99.3	99.6	
99.3	99.6	
99.3	69.5	
99.3	99.6	
99.3	99.2	
99.3	99.6	
99.3	99.6	
99.1	99.6	
89.2	99.6	
99.1	99.6	
89.2	99.6	
98.5	99	
99.3	99.4	
99.3	99.4	
99.1	99.6	
99.3	99.4	
99.1	99.6	
89.4	99.6	
89	99.4	
99.1	89.5	
98.9	99.4	
98.9	99.6	
89.2	99.6	
99.3	99.6	
99.3	99.6	
99.3	99.6	
89.2	99.4	
99.1	99.6	
99.3	89.5	
98.9	99.4	
99.3	99.6	
99.3	99.6	
99.3	99.2	
99.3	99.4	
98.7	99.6	
88.4	99.6	
99.1	99.4	
99.1	99	
99.1	99.4	
99.3	99.6	
99.3	99.6	
89.4	99.6	
99.3	99.6	
99.3	99.6	
98.3	99.4	
99.1	99.6	
99.1	99.4	
98.7	99.4	
99.1	99.4	
98.7	99.6	
99.3	99.6	
98.9	99.2	
99.3	99.6	
99.3	89.1	
99.3	99.6	
99.3	99.6	
99.3	98.6	
99.1	99.6	
99.3	99	
99.3	89.5	
98.9	99.6	
99.1	99.6	
89	99.6	
98.7	99.6	
99.1	99.6	
99.1	99.6	
99.1	99.4	
98.9	89.5	
99.3	99.2	
99.3	99.6	
98.7	99.4	
99.1	99.4	
99.3	99.6	
99.3	99.4	
99.1	99.6	
99.1	99.4	
99.3	99.2	
99.3	89.1	
98.9	99.6	
99.3	99.6	
99.1	99.2	
99.3	79.4	
99.3	99.6	
99.3	99.4	
89	99.6	
89.2	99.6	
99.3	99.6	
89.4	99.6	
99.3	99.6	
99.1	99.6	
98.7	99.6	
99.1	99.2	
89	99.6	
98.9	89.1	
99.3	99.4	
99.1	99.6	
99.1	89.5	
99.3	99.6	
98.5	99.6	
98.9	89.3	
99.3	99.6	
99.3	99.6	
98.7	99.6	
99.1	99.6	
99.1	99.6	
99.3	99.4	
98.9	89.3	
89.4	89.3	
99.1	99.6	
99.3	99.6	
99.3	88.5	
88.8	99.4	
98.9	99.6	
98.7	99.6	
99.1	88.5	
99.3	78.8	
99.1	99.4	
99.3	99.4	
89	99.6	
99.3	89.5	
99.3	99.6	
99.1	99.2	
99.3	89.5	
98.9	88.9	
99.3	99.4	
88.6	99.4	
98.9	99.6	
99.3	87.9	
99.1	99.6	
88.6	99.4	
89.2	99.6	
99.1	99.2	
99.3	99.4	
99.3	99.4	
99.3	99.6	
99.1	99.6	
98.7	99.6	
99.3	99.6	
89	88.7	
99.3	99.2	
89.4	99.6	
99.1	99.6	
98.9	89.3	
89.2	89.5	
99.3	99.6	
99.3	99.4	
98.9	99.6	
99.3	99.4	
99.1	99.6	
99.1	99.2	
99.3	99.6	
99.3	89.3	
99.3	99.6	
88.8	99.6	
89	99.4	
99.3	99.6	
99.3	99.4	
99.1	89.1	
89.4	99.4	
89.4	99.4	
79.3	99.2	
99.3	89.5	
99.3	99.4	
99.3	99.6	
98.9	99.2	
99.3	99.6	
99.3	99.2	
99.1	99.6	
98.9	99.6	
99.1	99.2	
88.6	99.6	
99.3	99.6	
99.3	99.6	
89	99.6	
98.7	99.4	
99.3	99.4	
99.3	99.6	
99.3	99.6	
89.4	99.6	
99.1	99.6	
89.4	89.3	
99.3	99.6	
98.9	99.6	
99.3	99.6	
99.1	99.6	
99.3	89.5	
99.3	99.4	
98.9	99.6	
99.3	99	
99.1	99.4	
99.3	99.6	
99.1	99.2	
99.3	99.6	
98.9	99.6	
89.4	99.6	
88.8	99.6	
99.3	99.6	
99.1	99.6	
99.3	99.4	
99.3	99.6	
98.9	99.6	
89.2	79.2	
99.1	99.4	
99.3	99.2	
97.9	99	
99.3	99.6	
99.3	99.4	
99.3	88.3	
98.9	99.6	
98.9	99.6	
98.9	99.4	
99.1	99.4	
99.3	99.4	
89.2	99	
99.3	99.6	
99.1	99	
99.3	99.6	
99.3	99.2	
98.9	99.6	
99.3	99.6	
99.3	99.6	
99.1	99	
99.3	99.6	
98.9	99.6	
99.3	99.4	
99.3	99.6	
99.1	99.4	
99.3	99.6	
98.7	99.2	
99.3	99.6	
99.3	99.4	
99.3	99.6	
89.2	99.6	
99.3	99.6	
88.6	99.6	
99.3	99.6	
99.3	99.4	
89.4	99	
89.2	88.3	
99.3	99.4	
99.1	99.4	
99.3	99.2	
99.3	99.6	
99.3	99.4	
98.7	99.6	
99.3	99.6	
99.1	99.6	
99.1	99.6	
99.3	99.6	
99.1	99.6	
88.8	99.6	
99.1	99.6	
99.1	99.6	
99.1	99.6	
99.3	99.6	
99.1	99.4	
98.9	99.6	
99.1	99.6	
99.3	99.6	
99.3	99.6	
99.3	99.4	
98.9	99.6	
99.3	99.4	
99.3	89.3	
98.5	99.6	
99.3	99.4	
99.3	99.6	
99.3	99.6	
99.3	99.2	
99.1	88.9	
99.1	98.4	
99.3	99.2	
89.2	99.4	
99.3	99.6	
99.3	79	
99.3	99.6	
99.3	99.4	
99.1	99.2	
99.3	89.5	
99.3	89.5	
99.3	99.6	
88.6	99.6	
99.1	99.6	
98.3	99.6	
99.3	99.6	
99.1	99.2	
99.3	79.2	
99.1	99.6	
99.3	99.6	
99.3	99.6	
98.5	99.6	
99.3	99.6	
99.1	99.6	
88.6	99.6	
99.1	99.6	
98.3	99.6	
89.4	99.6	
