99.1	89.7	
99.3	89.5	
99.1	89.7	
98.7	89.7	
99.1	89.5	
88.6	79.6	
99.3	89.7	
98.9	89.7	
99.1	89.7	
98.9	89.7	
99.3	89.7	
98.7	89.7	
99.3	89.3	
98.9	69.7	
99.3	89.7	
99.3	89.5	
98.1	89.5	
98.9	89.7	
79.3	89.7	
99.3	89.5	
99.3	89.7	
99.1	89.5	
99.1	59.6	
99.1	49.7	
99.1	89.7	
99.1	69.3	
99.3	89.7	
98.7	79.6	
89	89.7	
99.1	89.5	
99.3	89.7	
99.3	89.5	
99.3	69.7	
99.1	89.7	
99.3	89.7	
98.9	89.7	
99.3	79.6	
99.1	79.4	
99.1	89.5	
99.3	89.7	
99.3	89.7	
99.3	89.7	
99.3	89.7	
99.3	89.7	
99.1	69.1	
98.9	89.7	
98.7	79.4	
98.9	89.7	
89.2	89.3	
99.3	79.8	
99.1	89.7	
99.3	89.7	
99.3	89.7	
89.2	79.2	
89	89.7	
99.3	89.5	
99.3	89.7	
88.8	89.7	
98.9	89.7	
99.1	89.7	
98.7	89.7	
99.1	89.7	
78.3	89.1	
99.3	89.7	
99.1	49.7	
98.9	89.7	
99.3	89.7	
99.3	89.7	
99.1	79.6	
99.3	89.7	
98.9	89.5	
99.1	89.7	
99.3	89.5	
88.4	89.7	
99.1	89.7	
98.9	79.6	
99.1	59.2	
98.9	89.7	
99.1	89.7	
99.3	69.7	
99.3	89.7	
89	89.7	
99.3	89.5	
99.3	79.8	
99.3	69.5	
99.3	89.7	
99.3	89.7	
99.1	89.3	
99.3	89.7	
98.9	89.7	
98.7	79.8	
99.3	89.7	
99.3	89.7	
99.3	89.7	
99.1	89.7	
99.3	89.7	
99.3	79.6	
99.3	89.7	
99.1	89.7	
98.9	89.7	
99.1	79.6	
99.1	79.2	
99.3	89.7	
99.3	89.7	
98.9	89.7	
78.9	89.7	
98.5	89.7	
99.1	89.7	
99.3	89.7	
98.7	89.7	
99.3	89.7	
99.1	89.7	
99.1	89.7	
98.9	89.7	
98.9	79.6	
99.3	59.6	
98.9	89.5	
99.1	89.7	
79.1	89.7	
99.1	89.7	
98.9	89.3	
99.1	89.5	
98.3	69.5	
99.3	89.7	
98.9	89.7	
99.3	89.7	
99.3	79.6	
99.1	89.7	
99.1	89.7	
88.6	89.7	
99.3	89.7	
99.1	89.7	
99.1	89.7	
99.1	89.7	
98.9	89.7	
98.3	89.7	
98.7	89.7	
99.3	89.7	
98.3	89.7	
98.9	89.5	
99.3	89.7	
98.3	89.7	
99.1	89.7	
99.1	89.5	
99.3	69.7	
79.1	89.1	
99.3	89.5	
99.1	89.5	
99.3	89.5	
89	89.7	
99.3	59	
99.3	89.7	
99.1	79.6	
99.1	89.7	
99.3	89.7	
98.9	89.7	
99.3	89.3	
99.3	89.7	
99.3	79.4	
99.1	89.5	
98.9	89.7	
99.1	89.7	
89	89.5	
99.1	89.7	
99.1	89.7	
99.3	89.5	
99.3	89.7	
99.3	79.8	
99.3	89.7	
99.3	89.5	
98.9	89.5	
98.7	89.7	
88.6	89.7	
98.9	89.7	
89	89.7	
88.8	29.7	
99.3	89.5	
99.3	89.7	
98.9	89.7	
99.1	89.7	
99.1	89.7	
99.1	89.7	
99.3	79.6	
99.1	89.7	
99.1	89.7	
99.1	89.7	
99.1	79.6	
99.3	89.7	
98.9	89.5	
99.3	89.7	
89.2	89.7	
99.1	79.4	
99.3	89.5	
99.3	79.6	
99.3	89.7	
98.5	89.7	
98.9	89.7	
98.9	89.7	
99.3	89.5	
99.1	89.7	
89.2	89.5	
99.3	89.7	
98.7	79.8	
98.7	89.5	
99.3	79.6	
98.9	69.7	
99.1	79.6	
89	89.7	
99.3	79.6	
99.3	89.7	
99.1	89.7	
99.1	89.7	
89	89.7	
98.9	79.8	
99.3	89.7	
99.3	79.6	
99.3	89.7	
99.3	79.6	
99.1	89.7	
99.3	79.6	
99.1	79.8	
98.9	49.7	
99.1	89.7	
99.1	89.7	
99.1	89.7	
99.1	89.7	
99.3	79.8	
99.1	69.7	
99.3	89.7	
99.3	79.6	
99.3	89.7	
99.3	89.5	
99.1	79.6	
99.3	89.7	
99.1	89.3	
99.3	89.7	
88.6	89.7	
99.1	89.7	
89.2	89.7	
99.3	89.7	
99.3	79.6	
99.3	89.7	
99.1	89.5	
99.3	89.7	
99.1	79.6	
99.1	69.5	
99.3	89.7	
98.7	89.7	
99.3	89.7	
98.9	79	
99.1	89.5	
89	89.7	
99.1	89.7	
99.3	89.7	
99.3	79.6	
98.9	79.4	
98.7	69.1	
99.3	89.7	
78.9	79.6	
99.3	69.5	
99.1	89.7	
98.9	69.7	
99.3	89.7	
99.3	79.6	
99.3	79.8	
99.3	89.7	
99.1	89.7	
99.1	89.7	
98.9	79.8	
99.3	89.7	
99.3	89.7	
89.2	79.2	
99.1	89.7	
98.9	89.7	
99.3	89.7	
99.1	89.7	
99.3	89.7	
89.2	89.3	
98.7	89.7	
99.1	89.7	
98.9	89.3	
99.1	89.7	
99.3	59.6	
99.1	89.7	
99.1	69.5	
99.3	79.4	
98.7	69.7	
99.3	89.7	
99.3	89.7	
99.3	69.3	
99.3	89.7	
88.8	69.3	
98.9	89.5	
98.9	69.7	
99.1	79.8	
88.8	89.7	
98.7	79.8	
99.1	79.6	
99.3	89.7	
99.3	49.5	
88.2	89.7	
99.3	89.7	
88.8	89.7	
99.3	89.7	
88.8	89.7	
99.3	79.8	
99.1	89.7	
98.9	79.6	
99.3	89.7	
98.9	89.7	
99.3	79.6	
99.3	79.6	
98.7	89.7	
98.9	89.7	
98.9	89.7	
99.3	59.6	
99.1	79.6	
98.7	89.7	
89	89.5	
99.3	89.7	
99.3	89.7	
99.1	79.6	
98.7	69.7	
99.1	69.7	
99.1	69.7	
99.1	89.7	
98.7	89.3	
99.3	89.7	
99.3	89.7	
99.1	89.7	
99.3	89.7	
99.1	89.5	
98.9	89.7	
99.3	89.7	
99.1	89.5	
99.1	89.5	
99.3	89.5	
99.3	69.7	
99.1	89.7	
89.2	79.4	
99.1	89.7	
99.3	89.3	
99.3	89.7	
99.1	79.8	
68.6	89.7	
99.1	89.5	
99.3	89.7	
98.7	89.7	
99.1	89.5	
99.1	89.7	
98.9	79.6	
99.3	79.6	
99.3	89.7	
99.3	89.5	
99.3	89.5	
99.1	89.7	
98.9	89.5	
99.3	79.4	
99.3	89.7	
98.9	69.1	
99.3	89.7	
99.3	89.7	
99.1	89.3	
99.3	89.5	
88.8	89.7	
99.1	89.7	
98.9	89.7	
99.3	89.5	
99.3	89.7	
99.3	89.7	
89.2	89.3	
99.1	79.6	
99.3	79.6	
98.9	69.1	
99.3	79.6	
89.2	79.2	
99.3	89.5	
99.3	79.8	
98.9	89.7	
99.3	89.7	
99.1	89.5	
88.6	79.4	
99.1	79.6	
98.9	69.7	
99.1	89.7	
99.1	89.7	
78.3	89.7	
98.7	89.7	
99.1	89.5	
98.7	89.3	
99.1	89.7	
99.3	89.7	
99.3	89.7	
99.1	89.7	
98.7	89.7	
99.3	89.7	
98.9	79.8	
99.1	69.5	
99.3	89.7	
99.3	89.7	
89.4	89.7	
99.3	89.7	
99.3	68.9	
89	89.7	
99.3	69.5	
99.3	79.6	
99.1	89.7	
99.1	89.7	
98.9	89.5	
98.9	89.7	
99.1	89.7	
98.9	89.7	
99.3	59.8	
88.2	79.4	
98.9	89.7	
89.2	89.7	
99.3	69.7	
88.6	79.6	
99.3	89.7	
98.9	89.5	
98.9	89.7	
99.3	79.6	
99.3	89.7	
98.7	89.7	
98.7	79.6	
99.3	89.7	
99.1	89.7	
89.2	89.7	
99.1	79.4	
99.3	79.4	
99.3	59.2	
98.9	89.7	
99.3	79.4	
98.9	89.5	
99.3	89.7	
99.1	69.7	
98.9	89.7	
99.3	89.7	
99.1	79.2	
99.3	89.7	
99.3	79.2	
99.3	78.4	
99.1	89.7	
99.1	89.5	
99.3	89.7	
99.3	89.7	
99.1	79.8	
99.1	89.7	
99.1	89.7	
99.1	89.7	
99.3	89.7	
99.3	89.7	
89	89.3	
88.8	79.6	
78.7	79.4	
99.1	89.7	
98.9	89.7	
99.3	89.7	
98.7	89.7	
98.9	79.8	
98.9	89.7	
99.3	79.4	
99.3	89.7	
99.3	89.5	
99.3	89.7	
99.3	89.7	
99.3	69.7	
99.3	79.6	
88.8	79.6	
99.1	89.7	
99.3	79.6	
79.3	89.7	
89	79.8	
98.5	79.8	
99.1	79.4	
99.3	69.7	
78.5	69.7	
99.1	59.2	
98.7	79.6	
99.1	89.7	
99.3	89.7	
98.7	89.7	
99.3	89.7	
99.3	79.6	
99.1	89.7	
99.1	89.7	
98.9	79.6	
99.1	89.7	
99.1	89.5	
98.7	89.7	
99.3	79.6	
89	89.7	
99.1	79.4	
99.3	59.4	
88.2	89.7	
99.1	79.8	
99.3	89.5	
99.1	89.7	
99.3	79.8	
99.3	89.7	
89.2	89.7	
99.3	79.4	
99.3	68.9	
99.3	79.4	
99.3	89.7	
68.4	79.6	
99.1	89.5	
99.1	89.7	
99.3	89.7	
99.3	79.8	
99.1	89.7	
98.9	89.5	
88.8	89.7	
98.7	89.5	
99.1	89.5	
99.3	69.7	
89.2	89.7	
98.9	89.7	
99.3	89.7	
88.4	89.7	
89.2	79.4	
99.1	89.5	
99.3	89.5	
99.3	79.6	
99.1	89.7	
98.9	89.7	
98.7	69.1	
99.1	89.7	
99.1	89.1	
99.1	89.7	
98.9	79.8	
99.1	89.5	
99.3	89.7	
89.2	89.5	
98.9	89.7	
99.3	89.7	
99.3	89.1	
99.3	89.3	
99.3	69.3	
89	89.7	
88.8	89.7	
99.1	79.6	
98.9	79.6	
99.3	69.7	
88	89.7	
99.3	89.7	
99.3	89.7	
99.3	89.5	
99.3	89.5	
98.9	79.6	
99.3	79.6	
99.3	89.7	
99.3	89.7	
98.9	79.8	
98.9	89.7	
99.1	89.7	
99.3	89.7	
99.3	79.4	
99.3	89.5	
99.1	69.7	
99.1	79.8	
98.9	89.7	
98.9	79.6	
99.3	89.5	
99.1	89.7	
99.1	89.7	
98.9	89.5	
99.3	89.5	
99.1	79.2	
99.1	89.7	
99.3	89.7	
98.9	79.4	
98.9	89.5	
99.1	79.8	
99.3	89.5	
99.1	89.7	
99.3	89.7	
98.3	89.5	
99.1	78.6	
99.3	89.7	
98.9	89.7	
98.7	69.7	
89.2	89.7	
98.5	89.7	
99.3	89.7	
99.1	79.8	
99.3	89.7	
99.3	89.7	
99.3	89.7	
99.1	69.3	
99.1	89.7	
98.9	89.7	
99.3	89.7	
99.3	79.6	
99.3	89.7	
99.3	89.5	
99.3	69.7	
98.9	89.7	
99.1	89.7	
98.7	79.8	
99.3	89.7	
98.9	89.7	
99.3	79.6	
99.1	59.8	
99.3	89.7	
99.1	59.4	
99.3	79.6	
99.3	89.7	
99.3	79.4	
99.3	79.4	
98.7	39.4	
98.5	89.5	
99.3	79.4	
99.3	89.7	
99.3	59.6	
98.9	89.7	
98.7	89.7	
99.3	79.6	
98.7	89.5	
99.3	79.8	
89.2	89.7	
99.1	89.7	
99.1	89.5	
98.9	89.7	
78.7	89.7	
98.9	89.7	
99.3	89.7	
99.3	79.6	
89	89.5	
99.1	39.2	
99.3	79.6	
99.3	89.7	
99.1	69.5	
98.9	89.7	
99.1	79.4	
99.3	89.7	
98.9	89.7	
99.1	79.6	
99.3	89.7	
99.1	79.6	
99.3	89.7	
99.3	59.4	
99.3	69.7	
98.7	89.5	
99.3	89.7	
99.3	89.7	
99.1	89.7	
99.3	59.6	
99.3	69.5	
99.3	79.8	
99.3	89.7	
99.3	89.7	
99.3	49.3	
99.3	89.7	
99.1	89.7	
99.1	89.3	
98.9	89.5	
99.1	39.4	
98.9	79.6	
99.1	89.7	
99.1	89.3	
99.3	89.7	
99.3	89.7	
98.9	89.7	
99.3	79.4	
98.9	89.7	
88.2	69.3	
89	89.7	
88.8	89.7	
99.1	89.7	
99.1	89.7	
99.3	89.7	
99.1	89.7	
98.5	89.7	
99.1	79.6	
99.3	89.7	
99.1	89.7	
99.3	79.6	
88.2	79	
89	89.7	
99.3	79.8	
99.1	89.7	
99.1	99.6	
99.3	79.8	
89.2	89.7	
88.2	89.5	
99.1	89.5	
99.3	89.7	
99.3	89.7	
99.1	89.7	
89	69.3	
99.3	89.7	
99.3	89.7	
99.3	69.7	
99.3	89.7	
99.3	89.7	
98.9	89.7	
99.1	79.4	
99.3	89.7	
99.3	89.7	
99.1	89.5	
99.1	99.2	
99.1	89.7	
99.3	89.7	
99.1	89.7	
89.2	79.4	
99.1	89.3	
98.7	79	
99.3	79.6	
99.3	59.4	
98.7	89.7	
99.3	89.7	
99.1	89.7	
99.1	89.7	
99.1	89.7	
99.1	79.8	
98.5	89.7	
98.7	69.1	
99.1	79.6	
99.1	89.7	
99.3	89.7	
99.3	89.5	
99.3	79.6	
99.1	79.6	
99.1	89.7	
99.3	89.7	
89	89.7	
88	69.7	
99.3	89.7	
98.7	79.6	
99.1	89.7	
99.1	89.7	
99.3	89.3	
99.1	89.7	
99.3	69.7	
78.3	69.5	
99.1	89.7	
99.1	59.2	
99.1	89.7	
99.3	89.7	
98.9	89.7	
99.1	89.7	
99.3	89.7	
98.9	69.5	
99.3	79.8	
99.3	89.7	
98.9	79.8	
99.3	69.7	
89	69.5	
99.3	89.7	
99.1	79.6	
99.1	79.8	
99.3	89.5	
99.3	89.7	
99.1	69.5	
99.3	89.3	
98.9	89.5	
99.1	89.7	
99.3	89.7	
98.9	89.3	
99.3	89.5	
99.1	89.7	
99.3	89.7	
99.3	89.5	
99.3	89.7	
89	89.7	
99.3	89.5	
99.3	89.7	
89.2	89.7	
99.1	59.8	
98.9	89.7	
88.6	69.7	
98.9	89.7	
99.3	79.4	
98.7	89.7	
99.3	89.7	
98.9	89.5	
99.3	89.7	
89.2	79.2	
89.2	89.7	
99.3	79.8	
98.9	69.3	
98.9	79.6	
99.3	89.7	
99.3	89.7	
99.3	79.6	
99.1	89.7	
99.1	79.8	
99.3	89.7	
99.3	79.4	
98.9	89.7	
99.3	79.8	
98.7	89.7	
99.3	69.5	
99.3	89.7	
99.3	89.7	
99.1	69.5	
99.3	89.7	
99.3	89.5	
99.3	69.7	
98.9	79.8	
99.1	89.5	
98.7	89.7	
88.6	89.5	
98.9	89.7	
98.9	89.7	
98.9	89.7	
98.7	89.7	
99.3	69.3	
88.6	89.7	
99.3	89.7	
98.9	79.6	
99.3	89.7	
88.8	89.7	
99.1	89.7	
98.9	89.7	
88.8	89.7	
99.3	79.6	
99.1	69.3	
99.1	89.5	
99.3	89.7	
99.3	89.7	
98.5	69.1	
99.3	69.7	
99.3	89.7	
99.1	89.3	
98.7	59.2	
99.1	89.7	
99.1	89.7	
88.8	79.2	
98.9	89.7	
89	89.7	
98.9	89.7	
99.3	79.6	
99.3	89.7	
99.1	89.7	
99.3	89.7	
99.3	89.7	
99.3	89.7	
99.3	89.5	
99.3	89.7	
98.9	89.7	
98.5	89.7	
99.3	89.7	
98.9	79.8	
99.1	89.7	
99.3	89.7	
99.1	79.6	
98.9	69.7	
99.1	89.7	
99.1	79.8	
89	79.6	
99.1	89.7	
89	89.7	
99.1	89.7	
99.3	79.8	
99.3	89.5	
98.9	89.7	
98.9	89.7	
99.1	89.7	
99.1	79.2	
99.1	79.6	
99.3	79.8	
99.3	89.7	
99.1	89.7	
99.1	79.6	
98.7	79.8	
99.3	89.7	
99.3	89.7	
89	79.8	
98.9	79.6	
98.9	89.5	
99.3	79.6	
88.6	89.3	
99.3	89.7	
98.9	89.7	
99.3	89.7	
98.9	89.7	
89.2	89.5	
99.1	89.7	
99.3	79.6	
99.1	89.7	
99.3	89.7	
78.9	79.8	
99.3	89.5	
99.1	89.7	
99.3	79.6	
99.1	89.7	
99.1	79.4	
99.3	89.7	
99.3	89.7	
98.7	89.7	
99.3	89.7	
99.1	89.7	
89	89.7	
99.3	89.7	
88.8	59	
99.1	89.7	
98.7	89.7	
99.1	89.5	
99.1	79.8	
99.3	89.5	
98.5	89.7	
99.3	89.7	
99.1	79.8	
99.3	89.5	
99.3	89.7	
99.3	79.6	
89.2	79.6	
99.1	59.4	
99.3	89.7	
99.3	89.7	
99.3	79.6	
99.1	79.8	
99.1	69.7	
99.1	79.8	
98.9	89.5	
89.2	89.7	
98.9	89.7	
99.3	89.7	
99.3	89.7	
99.1	89.7	
99.1	89.7	
78.9	89.5	
99.1	89.7	
99.3	79.6	
99.1	89.7	
99.3	89.7	
99.1	89.7	
89.2	89.7	
98.9	89.7	
99.3	69.5	
99.1	89.7	
89.2	89.7	
99.3	69.5	
78.9	89.5	
98.9	69.5	
88.4	59.4	
98.7	89.7	
99.1	89.7	
99.3	79.6	
99.3	79.4	
98.7	69.7	
98.7	79.8	
98.7	59.6	
98.9	89.7	
99.3	89.7	
99.1	79.6	
99.1	79.4	
99.3	89.5	
98.7	89.5	
99.1	89.7	
89.2	89.7	
98.9	89.5	
99.3	69.7	
98.9	89.7	
99.3	89.7	
99.1	89.7	
98.9	79	
99.3	58.8	
99.1	89.7	
98.9	89.7	
99.1	69.7	
99.3	89.3	
89.2	89.7	
99.3	89.7	
99.3	89.5	
99.1	89.7	
99.3	69.1	
99.3	89.7	
99.3	89.7	
88.8	79.4	
88.8	89.7	
99.3	89.7	
58.7	89.7	
99.3	79.6	
98.9	89.7	
99.3	59.6	
98.9	89.7	
99.3	89.7	
99.1	59.6	
99.3	89.7	
99.1	89.7	
99.3	79.4	
98.9	89.7	
99.3	59.8	
98.9	89.7	
99.1	89.7	
98.9	89.3	
99.3	89.7	
98.9	89.5	
89	89.7	
98.9	79.6	
99.3	89.7	
99.1	79.8	
99.1	79.2	
89	89.7	
88.8	89.7	
78.3	89.3	
99.1	89.7	
