88.4	89.3	
78.1	99.2	
98.9	99.6	
77.7	89.1	
58.7	99.6	
89	99.6	
99.1	99.6	
98.7	89.7	
89	88.7	
99.1	79.6	
98.9	89.3	
78.1	99.6	
89	99.6	
99.3	89.3	
87.2	79.4	
98.5	99.2	
99.3	99.6	
78.7	89.7	
78.1	99.6	
89	99.6	
67	79.8	
98.5	88.7	
98.3	99.2	
88.2	89.5	
98.9	89.3	
98.7	89.7	
77.9	89.5	
87.8	79.2	
98.7	39.4	
88.4	89.5	
98.9	99.6	
99.3	89.1	
98.5	99.6	
98.9	99.6	
98.9	39.6	
88.4	99.4	
68.8	99.6	
88.8	99.4	
88.6	79.4	
99.1	99	
99.1	79.4	
99.1	99.4	
68.4	89.7	
78.1	89.3	
78.5	99.4	
79.1	99.2	
98.3	89.5	
89.2	99.2	
88.6	99.6	
88.6	99.4	
98.9	99.4	
57.7	89.5	
89.4	89.7	
89	89.5	
98.9	89.1	
88.6	89.5	
98.9	99.6	
98.7	89.7	
98.5	69.1	
98.5	48.7	
98.5	99.6	
99.1	99.2	
99.1	89.5	
77.1	79.4	
68.6	99.4	
87.6	99.2	
88.4	99.6	
99.1	89.7	
99.3	99.4	
99.1	99.2	
98.9	99.4	
97.1	99.6	
68	99.6	
98.9	99	
88.6	89.5	
99.1	89.7	
99.3	88.9	
98.5	79.8	
98.9	99.6	
99.3	99.2	
99.1	89.1	
98.9	99.6	
99.1	99.6	
78.5	89.5	
88.6	99.6	
98.7	19.4	
98.9	99.2	
98.1	89.1	
98.7	69.5	
78.9	89.5	
88.2	99.6	
98.9	99.6	
97.5	79.8	
99.1	99.4	
99.3	89.5	
98.7	89.5	
98.7	99.2	
99.1	99.6	
88.8	89.7	
98.7	79.6	
99.3	88.7	
98.7	89.5	
78.5	69.3	
98.9	89.5	
77.1	99.6	
79.1	89.3	
98.7	99.4	
89	99	
98.9	99.4	
99.1	99.4	
89.4	89.7	
88.6	99.4	
99.3	99.2	
88.4	89.7	
98.3	99	
88.4	98.8	
66.8	99.6	
89	99.6	
68.8	69.5	
89	99.4	
99.1	99.6	
78.7	89.5	
78.9	79.4	
88.6	99.4	
99.3	97.6	
99.1	99.6	
99.3	99.6	
99.1	69.1	
78.7	99	
89.4	99.6	
99.3	89.1	
46.2	99.4	
99.1	89.5	
98.7	99.4	
77.9	99.6	
88.4	89.3	
89.2	99.6	
88.6	99.4	
97.3	99.6	
98.7	98.8	
99.3	79.2	
98.9	89.5	
79.5	99.6	
99.3	99.4	
98.5	99.6	
98.9	99.6	
98.9	89.5	
98.9	99.6	
98.9	99.6	
99.3	99.2	
98.5	89.5	
89	79.6	
89.4	99.6	
88.8	99	
98.9	99.2	
98.9	99.6	
98.3	99.4	
58.9	69.7	
99.3	99.6	
89.4	79.4	
98.9	89.5	
89.2	99.6	
88.4	78.8	
88	69.7	
99.3	99	
98.9	89.5	
58.7	99.2	
99.3	89.3	
89	99.6	
79.1	89.5	
88.6	99.6	
98.7	99.6	
78.7	99.4	
99.1	99.6	
99.1	99.4	
89	79.4	
99.3	99.6	
99.1	79	
99.3	99	
88.8	79.6	
98.3	89.3	
98.7	69.5	
98.7	79.2	
98.1	89.3	
98.3	99.2	
99.3	99.6	
88.6	99.6	
88.8	99.4	
98.5	99.6	
79.1	89.7	
98.9	99.6	
89	99.6	
97.9	98.8	
88.8	69.5	
99.1	99.4	
89	99.6	
98.7	99.2	
67.8	89.5	
99.3	89.7	
67.8	58.6	
98.9	99.4	
98.7	68.9	
99.1	89.5	
99.1	89.5	
89	99.6	
98.5	79.2	
98.9	99.6	
99.1	68.7	
89.4	89.7	
56.3	79.6	
99.1	99.4	
98.3	99.6	
88.8	49.1	
87.6	89.5	
98.5	89.3	
88.8	79	
78.1	69.7	
99.1	89.1	
99.1	69.5	
99.3	99.6	
98.9	99.4	
99.3	98	
98.7	89.1	
98.7	69.7	
89	99	
99.3	99.2	
88.2	99.4	
97.9	99.4	
99.3	89.5	
88	89.5	
98.3	48.5	
88.2	99.6	
98.1	99.4	
96.1	99.6	
79.1	99.6	
89.4	79.6	
89.4	99.6	
89.2	89.5	
89.2	79.6	
69	89.1	
78.9	99.4	
99.1	88.9	
88.4	99.4	
97.7	28.9	
98.7	59.2	
99.3	47.9	
98.9	38.8	
97.5	99.6	
99.3	99.4	
99.1	89.1	
88	89.5	
89.2	99.4	
98.9	99.6	
99.3	99.6	
99.3	99.6	
98.7	99.6	
99.1	99.6	
98.7	99.6	
78.9	99.2	
99.3	99.2	
98.5	88.9	
88.8	99.6	
97.1	99.6	
98.7	89.7	
98.9	99.6	
99.3	99.6	
98.7	28.9	
88	99.6	
89	79.4	
89	98.8	
98.3	99.6	
88.6	77.8	
98.1	89.5	
99.1	99.4	
98.9	99.6	
68.6	99.6	
99.1	89.5	
78.3	99.6	
99.3	89.7	
99.1	89.5	
98.7	89.5	
89	99.6	
99.1	89.5	
99.1	99.4	
89.2	99.2	
99.1	99	
48	89.7	
89	99.4	
89.4	99.4	
88	99.6	
99.3	98.6	
78.1	99.6	
98.9	79.2	
98.7	99	
57.5	89.1	
98.5	79.2	
99.1	99.6	
98.9	99.4	
78.3	99	
98.7	89.5	
79.1	99.2	
98.9	89.1	
78.5	99.4	
98.7	99.6	
78.1	99.6	
99.3	99.6	
98.7	89.3	
87.6	99.6	
97.7	99.6	
79.1	99	
87	99.6	
69	89.3	
78.3	38.8	
88.4	99.4	
99.1	99.6	
88.6	89.5	
78.5	99.6	
78.7	79.6	
99.1	49.3	
68.4	99.6	
98.3	99.6	
97.9	99.6	
99.1	99.6	
99.1	99.6	
99.1	99.6	
98.3	39.4	
98.3	69.5	
98.5	99.6	
99.1	99.4	
88.6	99.6	
88.8	99.6	
99.3	99.6	
89	89.3	
87.8	89.1	
97.9	99.4	
98.1	59.6	
99.1	98.8	
99.1	69.1	
98.7	99.6	
89	99.4	
97.3	78.8	
98.7	79.2	
98.7	99.4	
98.7	99.4	
99.1	99.6	
98.7	89.3	
98.7	99.4	
98.3	99.6	
98.1	99.6	
98.9	99.4	
68.4	99.6	
88.8	89.5	
89.2	89.3	
89	89.5	
88	99.6	
99.3	99.4	
89	99.4	
98.9	99.6	
98.3	99.4	
89.2	99.4	
79.3	99.4	
98.5	99.4	
88.6	89.7	
97.7	89.3	
99.3	59.4	
99.3	99	
99.1	99.6	
98.5	99.6	
98.5	99.2	
98.5	99.6	
77.7	99.6	
47	98.6	
89.2	99.6	
88.8	99.6	
98.9	99.4	
99.3	99.6	
99.3	99.2	
99.3	89.1	
88.4	99.6	
87.8	99.4	
79.1	99.6	
98.9	89.5	
99.3	89.1	
98.5	99.6	
98.9	99.6	
99.1	99.4	
88.8	99.6	
78.3	99.6	
88.8	79.8	
99.1	89.7	
98.1	89.1	
78.9	99.2	
98.9	99.2	
99.1	99.6	
98.7	89.5	
89	89.1	
87.6	99.4	
98.9	79.2	
98.7	99.2	
89.4	79.2	
88.6	79.2	
78.7	89.5	
99.1	99.2	
99.3	79.6	
99.1	89.5	
88.6	59.8	
98.9	89.3	
98.7	99.6	
99.1	89.3	
77.5	99.6	
98.9	99.6	
97.9	99.6	
98.3	99.6	
89.2	99.4	
88.6	99.4	
78.5	99.2	
98.5	99.2	
89.2	89.5	
89	99.4	
99.3	89.7	
98.7	99.4	
98.3	99.2	
58.1	88.7	
98.7	89.7	
88.6	99.4	
98.9	99.6	
98.7	99	
88.8	99.6	
98.7	89.7	
98.9	99.4	
88.8	8.1	
89.4	79.2	
89	99.4	
98.5	79.4	
97.7	99.6	
99.1	99.6	
78.9	99.4	
98.1	89.5	
99.1	99.6	
98.9	99	
98.7	89.7	
99.1	89.3	
79.3	99.6	
88.4	99.6	
99.1	99.4	
99.3	79.4	
79.5	99.6	
79.1	99.4	
98.7	99.4	
99.3	89.5	
86.2	99.4	
89.4	89.1	
99.3	68.9	
98.5	99.6	
99.3	89.5	
77.5	99.2	
99.3	99.2	
88	99.4	
79.1	99.6	
98.3	99.6	
47.2	99.6	
98.5	99.6	
98.7	99.4	
99.3	99.2	
78.3	99.6	
98.9	99.6	
99.1	79.6	
78.7	39.2	
98.9	99.6	
98.9	99.2	
99.1	89.3	
98.3	79	
89.4	99.4	
78.5	99.4	
98.1	99.6	
88.4	99.4	
98.9	99.4	
89.2	99.6	
78.7	98.8	
99.3	98.6	
89	99.4	
98.5	89.5	
98.9	98.2	
99.1	89.7	
88.6	99.4	
87.8	98.4	
98.9	99.6	
99.1	29.1	
88.4	99.4	
58.1	49.7	
89.4	99.6	
99.1	99.6	
77.9	99.2	
98.7	89.1	
87.8	-20.8	
98.3	79.4	
87.8	69.3	
88.8	99.6	
99.3	99	
88.2	89.5	
