99.3	89.7	
89	89.7	
99.3	89.7	
98.5	89.7	
89.4	89.5	
99.1	89.7	
99.3	89.7	
99.3	69.3	
99.1	79.4	
99.3	89.7	
99.1	89.7	
99.3	89.7	
99.3	79.6	
99.1	89.3	
99.3	89.7	
99.3	69.3	
99.1	89.7	
99.3	89.7	
99.1	89.7	
99.1	89.3	
99.3	89.7	
89	89.7	
99.3	89.5	
99.3	89.7	
99.1	89.7	
99.3	89.7	
99.3	89.7	
89	89.7	
99.1	89.7	
89.2	79.6	
99.3	89.7	
98.7	89.1	
98.9	69.5	
99.3	89.7	
99.3	79.4	
99.3	89.5	
99.3	69.5	
99.3	89.7	
99.3	89.7	
99.3	89.7	
99.3	79.4	
99.1	89.7	
99.3	79.4	
98.5	89.7	
99.3	69.5	
88.6	89.7	
99.1	89.7	
78.5	89.7	
99.3	89.7	
89	89.5	
99.3	89.7	
99.3	89.5	
99.1	89.7	
79.1	89.7	
98.9	89.7	
88.8	89.7	
99.3	89.7	
99.3	89.7	
99.1	89.7	
98.9	89.7	
98.9	89.7	
89.2	89.7	
99.3	89.5	
99.3	89.5	
99.1	79.6	
79.1	79.4	
99.1	69.3	
98.9	79.6	
99.3	89.7	
99.3	89.7	
99.3	89.5	
89	89.7	
99.3	69.5	
89.2	89.7	
99.3	89.7	
99.1	89.3	
98.7	89.7	
99.3	69.5	
99.1	89.7	
99.1	89.5	
99.3	89.7	
99.1	89.7	
99.3	89.7	
98.7	89.3	
99.1	79.6	
98.9	89.7	
99.3	89.7	
99.1	89.7	
99.1	79.6	
99.1	89.7	
99.3	79.6	
89	89.7	
89.2	79.6	
99.3	89.7	
99.3	89.5	
88.4	89.5	
99.3	89.7	
99.1	89.7	
99.3	89.5	
99.1	89.1	
99.3	99.2	
99.3	89.3	
88.2	89.5	
99.3	79	
98.9	89.7	
99.3	89.7	
99.3	69.5	
99.3	89.7	
99.1	79.4	
99.3	89.7	
99.3	89.7	
98.9	89.7	
99.1	79.6	
89.4	89.7	
99.3	89.7	
98.9	79.6	
98.9	89.5	
99.3	89.7	
99.3	69.5	
99.3	79.6	
99.1	69.5	
99.3	89.5	
98.7	89.7	
99.3	89.7	
99.1	89.7	
99.3	89.7	
99.3	79.6	
99.1	89.7	
99.3	89.1	
99.3	89.7	
99.1	79.2	
98.9	89.5	
99.3	79.6	
89.4	89.7	
99.3	89.7	
78.9	59.6	
99.1	89.7	
99.1	89.7	
98.9	89.7	
98.7	89.7	
99.3	89.7	
99.3	79.6	
99.1	98.8	
99.3	89.7	
99.3	79.6	
99.3	89.5	
98.9	89.7	
98.5	89.7	
89.4	89.5	
99.3	89.7	
88.8	89.7	
99.3	89.5	
99.3	89.7	
99.3	69.5	
99.1	89.7	
98.7	79.6	
89.2	89.7	
98.9	89.7	
99.3	89.7	
99.1	89.7	
99.3	89.5	
99.3	89.7	
99.3	89.7	
99.3	89.7	
99.3	79.4	
99.3	79.6	
88.8	89.7	
98.5	89.5	
99.3	89.7	
99.1	89.7	
99.3	89.7	
88.8	79.6	
99.3	79.6	
98.3	89.7	
88.8	89.7	
98.9	79.4	
99.3	89.7	
99.3	89.5	
99.1	89.7	
99.1	89.7	
99.3	89.7	
99.3	89.7	
99.1	89.7	
99.3	89.7	
99.1	89.7	
99.1	89.7	
99.3	89.5	
99.3	89.7	
99.3	89.7	
99.3	89.7	
99.1	49.5	
88.2	69.5	
99.3	89.7	
98.9	89.5	
99.1	89.7	
99.3	89.7	
89.2	89.5	
99.3	89.7	
99.3	89.7	
99.1	69.3	
99.1	89.7	
99.1	89.7	
99.3	89.7	
99.3	89.7	
89.2	89.7	
89.4	89.7	
99.3	89.7	
99.3	89.7	
99.3	79.4	
99.1	89.7	
99.1	79.6	
99.3	89.7	
99.3	89.7	
89.2	89.7	
99.3	79.6	
78.9	89.7	
99.1	89.7	
98.7	89.7	
99.1	89.7	
99.3	89.7	
89.2	79.6	
99.1	89.7	
99.1	89.7	
98.9	89.7	
99.1	89.7	
99.1	69.5	
99.3	69.5	
99.3	89.7	
88.6	89.7	
99.1	59.2	
99.1	89.7	
99.3	89.7	
99.3	89.7	
99.3	89.7	
99.3	89.7	
88.6	89.7	
99.3	89.7	
99.3	89.7	
89	79.6	
99.1	79.6	
99.3	89.7	
99.3	69.3	
99.3	89.7	
89	69.1	
89.2	89.7	
99.3	89.7	
98.7	89.5	
89	89.7	
99.3	89.7	
98.9	89.7	
58.9	89.7	
99.3	89.7	
99.3	89.7	
99.1	79.6	
99.3	89.7	
78.7	89.7	
99.1	89.7	
99.3	89.7	
98.9	89.7	
98.9	69.5	
99.1	89.7	
99.3	79.4	
89	89.7	
99.3	89.7	
99.3	69.7	
88.8	89.7	
99.3	79.4	
99.3	48.7	
99.3	89.7	
99.1	69.5	
99.3	89.7	
98.9	89.7	
99.1	89.7	
98.7	89.7	
99.3	89.7	
89.4	89.7	
99.3	89.7	
99.1	89.7	
99.3	89.7	
99.3	89.7	
99.3	79.4	
99.1	89.7	
99.3	89.7	
99.3	89.7	
99.3	89.7	
99.1	89.5	
99.3	89.5	
99.3	89.7	
99.3	89.5	
99.3	79.6	
99.3	69.5	
99.3	89.7	
99.1	89.7	
88.6	89.7	
78.5	89.7	
99.3	89.7	
99.3	89.7	
99.1	89.7	
99.3	89.7	
99.1	89.7	
99.3	69.5	
99.1	89.7	
99.1	58.4	
98.9	89.7	
89.4	79.6	
89.2	79.6	
99.1	79.2	
98.9	89.7	
99.3	89.7	
99.3	89.7	
98.9	79.6	
99.3	89.7	
99.3	89.5	
99.1	79.4	
99.3	89.7	
99.1	69.5	
99.3	89.5	
99.3	89.5	
98.9	89.7	
99.1	89.7	
99.1	89.5	
99.1	79.4	
98.9	89.7	
99.3	89.7	
99.3	89.5	
89	89.7	
98.9	89.7	
98.7	89.1	
99.3	89.7	
99.3	89.7	
99.1	89.7	
99.3	89.7	
99.1	89.7	
99.3	89.7	
99.1	89.7	
99.3	89.7	
99.3	89.5	
99.3	48.9	
99.3	89.7	
99.3	89.7	
99.3	89.5	
99.1	89.3	
99.1	89.7	
99.3	89.7	
99.1	89.5	
99.3	89.7	
98.9	89.7	
89.2	79.6	
99.3	89.7	
99.1	89.3	
99.1	89.7	
88.8	49.3	
98.9	89.5	
98.7	89.7	
99.3	89.7	
99.3	89.7	
99.3	89.7	
99.1	79.6	
89.4	89.7	
89.2	89.5	
99.3	89.7	
99.3	89.7	
99.1	89.5	
99.3	89.7	
99.3	89.7	
99.3	89.7	
99.3	89.7	
99.3	89.7	
99.3	69.1	
99.3	89.5	
99.1	89.5	
99.1	89.7	
99.1	89.7	
99.3	89.7	
98.7	89.5	
89.2	89.7	
99.1	89.7	
99.3	89.7	
99.3	89.7	
99.3	89.5	
99.1	89.7	
99.1	89.7	
99.3	89.7	
99.3	89.7	
99.1	89.7	
99.1	89.7	
99.1	79.6	
99.3	79.6	
99.1	89.5	
99.3	89.7	
99.3	89.7	
99.3	79.6	
89.2	89.7	
89.4	89.7	
99.1	89.7	
98.9	79.6	
99.1	89.5	
98.9	89.7	
99.3	89.1	
99.1	89.7	
99.3	89.7	
99.3	79.6	
99.1	68.9	
99.1	89.7	
98.9	89.5	
89.4	89.7	
89	89.5	
99.1	89.5	
99.3	89.7	
99.3	89.7	
99.3	89.7	
99.3	89.7	
99.1	89.7	
99.3	89.5	
89.2	89.7	
99.3	79.6	
98.9	89.5	
99.3	89.7	
99.3	89.7	
99.3	89.7	
89.2	89.7	
89.2	89.7	
99.3	89.7	
99.3	89.7	
99.1	89.7	
99.1	89.7	
99.1	89.5	
99.3	79.4	
99.3	89.7	
89	89.7	
79.3	89.7	
99.3	79.6	
99.3	89.7	
99.1	69.5	
99.1	89.5	
99.3	89.7	
99.3	89.7	
89.2	89.7	
88.4	59.2	
89	89.7	
99.1	89.7	
88.6	89.5	
99.1	89.7	
99.3	89.7	
89.4	89.7	
99.1	89.7	
99.3	89.7	
98.9	89.7	
99.3	89.7	
99.3	89.7	
99.3	89.7	
99.3	89.7	
99.1	69.3	
99.3	89.7	
88.8	89.7	
98.7	89.5	
99.1	89.7	
99.3	79.6	
89	89.7	
99.1	79.6	
88	89.7	
89.2	89.7	
99.3	89.5	
99.1	89.7	
98.9	79.6	
99.1	89.7	
99.1	89.7	
99.3	89.7	
99.3	89.7	
99.3	89.7	
98.9	89.7	
99.3	89.7	
99.3	89.7	
99.3	89.3	
99.3	89.7	
99.1	89.7	
99.1	69.3	
99.3	89.7	
98.9	89.7	
99.1	89.7	
99.3	79.4	
99.3	89.7	
99.3	89.7	
99.3	89.7	
98.7	89.7	
99.3	59.6	
99.3	69.3	
99.1	89.7	
99.3	89.7	
99.3	89.7	
99.3	89.7	
98.9	89.7	
89.4	89.5	
99.3	89.5	
99.1	89.7	
98.9	89.7	
98.9	89.7	
99.3	89.7	
78.1	79.4	
98.9	79.6	
99.3	89.7	
99.3	89.7	
99.3	69.7	
99.3	89.7	
99.1	89.7	
89.2	89.7	
99.3	89.7	
98.9	79.6	
99.1	89.7	
99.3	89.5	
99.3	89.7	
99.1	89.7	
98.9	79.6	
99.1	89.5	
89.4	89.7	
99.3	89.5	
99.3	89.7	
99.3	69.5	
99.3	89.7	
99.3	89.7	
99.3	89.7	
88.6	89.5	
99.3	89.7	
99.1	59	
99.3	89.7	
99.1	89.7	
99.1	89.7	
99.3	89.5	
88.8	89.7	
99.1	79.6	
99.1	89.7	
99.3	89.7	
99.1	89.7	
98.9	89.7	
99.3	89.3	
99.3	89.5	
99.3	89.7	
98.9	89.7	
98.5	89.7	
99.3	89.7	
99.3	89.7	
89.4	89.5	
99.1	59.4	
98.9	89.7	
89	89.5	
99.1	89.7	
99.3	89.7	
99.1	89.3	
99.1	69.3	
99.3	89.7	
99.3	79.4	
99.3	89.7	
98.7	89.7	
99.3	89.7	
99.3	79.4	
99.1	89.7	
98.7	89.7	
98.1	89.5	
99.3	89.5	
99.1	89.5	
98.9	89.5	
99.3	89.7	
99.3	89.3	
99.1	89.7	
99.3	89.7	
99.1	89.5	
98.9	89.7	
89	89.7	
88.4	89.7	
98.9	89.5	
99.3	79.4	
99.1	89.7	
99.1	89.7	
99.3	89.7	
98.7	79.6	
99.3	89.7	
99.3	89.7	
99.1	89.7	
99.1	89.7	
99.3	89.7	
99.1	89.7	
89	79.6	
99.3	89.3	
99.3	89.5	
98.9	89.7	
89	89.7	
99.3	89.3	
98.7	89.5	
89.2	89.7	
99.3	89.7	
89.2	79.6	
98.9	89.7	
99.1	79.6	
99.3	89.7	
99.1	79.6	
99.1	89.7	
88.8	89.7	
98.7	79.6	
99.3	79.6	
99.3	89.5	
99.3	79.6	
99.3	89.7	
99.3	89.7	
99.1	89.7	
99.1	89.7	
99.1	89.7	
99.1	89.7	
89.4	89.5	
99.3	89.5	
99.3	89.1	
99.3	89.7	
99.3	69.3	
98.9	89.7	
99.3	89.7	
99.1	89.7	
99.3	89.7	
99.1	79.6	
99.3	89.7	
99.3	69.7	
99.1	89.5	
89	89.7	
99.3	89.7	
99.3	89.3	
99.3	89.7	
88.2	79.6	
98.7	89.7	
88.8	79.6	
98.9	89.7	
99.1	89.7	
98.9	89.7	
99.3	89.5	
99.3	89.7	
99.1	89.7	
99.3	89.7	
99.3	89.7	
99.3	69.3	
99.1	89.7	
98.9	89.7	
99.3	89.7	
89	89.7	
99.3	89.7	
99.3	69.3	
99.3	89.7	
99.3	49.1	
99.1	89.7	
89.4	79.6	
98.9	89.7	
99.3	69.3	
99.3	89.7	
99.3	89.7	
99.3	89.7	
89	89.7	
88.8	79.6	
99.1	89.7	
99.3	89.7	
99.1	89.7	
89.4	89.7	
88.8	89.7	
99.3	79.6	
89.2	89.7	
99.3	89.7	
98.7	89.7	
99.3	89.5	
99.1	89.7	
88.8	89.7	
98.7	89.7	
99.3	89.7	
99.3	89.7	
99.1	89.7	
88.4	89.7	
99.3	89.7	
98.7	89.7	
99.3	89.7	
89.2	89.7	
98.9	89.7	
78.3	89.7	
99.3	79.6	
99.3	89.7	
99.3	79.6	
99.3	79.6	
98.9	89.7	
88.8	89.7	
99.3	89.7	
89.4	89.7	
99.3	89.7	
99.3	89.7	
99.3	89.7	
99.1	49.1	
99.1	89.7	
99.3	89.7	
99.3	89.7	
99.3	89.7	
89.2	89.7	
99.3	79.6	
99.3	89.7	
99.3	89.7	
89.2	89.7	
99.3	89.7	
99.3	89.7	
99.1	89.7	
98.9	89.5	
99.3	89.7	
99.3	69.5	
88.6	89.7	
99.3	79.6	
99.3	89.7	
99.3	89.7	
99.1	89.7	
88.8	69.5	
99.3	89.7	
99.1	89.7	
99.3	89.7	
99.3	89.7	
99.1	79.6	
99.1	69.3	
99.3	89.7	
98.9	89.7	
99.3	89.7	
99.3	89.7	
99.1	89.7	
99.1	89.1	
89.2	89.7	
99.1	89.7	
99.1	79.2	
99.3	89.7	
99.3	89.5	
89	89.7	
89	89.7	
99.3	89.7	
98.9	89.7	
99.3	89.7	
89.2	89.7	
89	89.7	
99.1	89.7	
99.3	79.4	
98.9	89.7	
99.3	89.7	
77.7	89.7	
99.3	79.6	
99.3	89.7	
99.1	89.3	
98.7	79.4	
99.3	89.7	
89.2	89.7	
99.3	89.3	
98.9	89.7	
98.9	89.7	
89	89.7	
99.3	89.5	
89	89.7	
99.3	89.3	
99.3	89.7	
99.3	89.7	
99.3	89.7	
99.3	59.4	
99.1	89.7	
99.3	89.7	
99.3	79.6	
99.3	89.7	
99.3	89.7	
99.1	89.7	
89.2	79.4	
99.1	89.7	
98.9	89.7	
98.7	89.7	
99.3	79.6	
99.1	89.3	
99.3	89.7	
99.1	89.7	
98.7	79.6	
99.1	89.7	
99.3	69.5	
99.3	89.5	
98.7	89.7	
89.4	89.7	
99.1	89.7	
98.9	89.7	
98.7	89.7	
99.3	89.7	
99.3	99.6	
99.1	89.7	
99.1	89.7	
99.1	89.7	
99.3	69.3	
99.3	89.7	
99.3	69.5	
99.3	79.6	
99.3	89.5	
99.3	89.7	
98.9	89.7	
88.6	79.6	
79.1	79.6	
99.3	89.7	
98.9	69.7	
99.3	89.7	
99.3	89.7	
99.3	89.7	
89	89.7	
99.3	89.5	
99.3	89.7	
99.3	89.7	
99.3	89.1	
99.1	89.7	
99.1	89.7	
99.3	89.7	
98.9	89.7	
89	89.7	
98.9	79.4	
98.9	99.6	
99.1	69.5	
99.3	79.6	
99.3	79.6	
88.6	79.6	
99.3	89.7	
99.3	69.3	
99.1	89.7	
99.1	89.7	
99.1	89.7	
89.2	79.6	
99.3	89.7	
99.3	89.7	
99.1	89.3	
98.9	89.7	
99.3	89.7	
99.1	89.7	
98.9	69.5	
89	69.5	
99.3	89.7	
99.1	89.7	
88.8	89.7	
98.9	79.4	
99.3	89.7	
88.2	79.6	
99.3	89.7	
99.3	89.7	
89	89.7	
99.1	89.7	
99.3	89.7	
99.1	89.7	
99.3	69.3	
99.3	89.7	
99.3	89.7	
99.3	79.6	
99.3	89.7	
99.1	89.7	
99.3	79.6	
89.2	89.7	
99.1	89.5	
99.3	89.7	
99.1	89.7	
99.3	79.4	
99.3	79.6	
99.3	89.7	
89.2	89.7	
98.1	89.5	
99.1	79.2	
98.9	89.1	
99.3	59.4	
98.9	89.5	
99.3	89.7	
99.3	79.6	
99.3	89.7	
89.4	89.7	
99.3	89.5	
89.4	89.7	
99.1	89.7	
99.3	89.7	
99.3	89.5	
99.3	89.7	
99.3	89.7	
99.3	89.7	
99.3	89.5	
99.3	89.7	
98.9	79.6	
89.2	89.7	
99.3	89.7	
99.3	89.7	
99.3	89.7	
99.3	79.6	
99.3	89.1	
99.1	89.7	
99.3	89.7	
99.3	79.6	
99.1	89.5	
99.3	89.3	
99.3	79.6	
99.3	89.7	
89.2	59.4	
99.3	79.6	
99.3	79.2	
99.1	79.6	
98.9	79.6	
89.2	89.7	
99.3	79.4	
89	89.7	
99.1	89.7	
99.3	89.7	
99.3	89.7	
99.3	69.5	
99.3	89.7	
99.3	89.7	
88.6	89.7	
99.3	89.7	
99.3	89.7	
99.1	79.6	
99.3	89.7	
99.3	79.6	
99.3	89.7	
99.3	89.7	
89	89.7	
99.1	59.2	
99.3	89.7	
99.3	89.5	
99.3	79.6	
98.9	89.7	
99.1	89.7	
99.3	79.6	
89.2	89.5	
99.1	89.5	
99.3	89.7	
99.3	89.7	
99.3	89.7	
79.1	89.5	
99.1	89.5	
99.3	89.5	
98.9	89.7	
99.1	89.7	
99.1	89.3	
98.9	89.7	
99.1	89.7	
99.3	89.7	
99.3	89.7	
89	89.7	
99.1	69.5	
99.3	79.6	
99.1	89.7	
99.3	89.7	
99.3	89.7	
99.3	89.7	
99.3	89.3	
89.4	89.7	
89.4	89.7	
99.3	89.7	
99.1	89.7	
99.3	89.3	
98.9	89.7	
99.1	89.7	
99.1	89.7	
98.9	89.5	
89.4	89.7	
99.3	69.5	
99.3	79.6	
99.3	89.7	
99.1	89.7	
99.3	89.5	
98.9	89.7	
99.3	89.7	
99.1	89.7	
98.9	89.7	
99.1	89.5	
99.3	89.7	
88.6	89.7	
99.1	89.7	
99.3	89.3	
99.3	89.7	
99.3	89.7	
88.4	79.6	
99.3	89.7	
99.3	79.4	
99.1	89.7	
99.3	89.7	
99.1	89.7	
99.3	89.7	
99.3	89.7	
99.3	89.7	
99.1	69.3	
89	89.7	
99.3	39.4	
99.3	89.7	
99.3	89.7	
99.3	89.7	
99.3	89.7	
99.3	89.7	
99.1	89.5	
99.3	89.7	
99.1	89.5	
99.3	89.5	
99.3	89.7	
98.9	89.5	
89.2	79.6	
99.3	89.7	
99.3	79.6	
99.3	89.7	
99.3	89.7	
99.1	79.6	
99.3	89.3	
99.1	89.7	
98.9	89.7	
98.9	89.7	
98.9	89.7	
