99.3	99.4	
99.1	99.4	
99.3	78.2	
99.3	99.2	
99.3	99.4	
99.1	99.4	
99.3	99.6	
89.2	89.1	
99.3	89.1	
99.3	99.4	
99.3	99.4	
89	99.2	
99.1	79.6	
89.2	99.2	
99.1	99.4	
99.3	89.3	
89.2	98.8	
88.8	99.2	
99.3	89.1	
99.3	99.2	
99.3	99.4	
99.1	99.4	
88.8	99.2	
99.3	99.4	
79.3	99	
89.2	99.4	
89.2	99.4	
99.1	89.1	
99.3	99.4	
99.3	99.6	
79.1	99.4	
99.3	99.4	
78.7	99.4	
99.1	99.6	
98.9	99.4	
99.3	99.4	
99.3	99	
99.3	99.2	
99.3	99.4	
99.1	99.4	
99.3	99.4	
89	99.2	
99.3	99.4	
98.9	99.4	
89	99.4	
98.9	99.4	
99.3	99.4	
88.2	89.3	
99.3	99.2	
99.3	99.4	
99.3	99.6	
99.1	99.2	
99.3	99.4	
99.3	99.2	
99.1	99	
99.3	99.6	
99.1	59.6	
98.5	99	
99.3	88.9	
89.2	99.2	
88.6	99.2	
99.1	99.4	
99.1	99.4	
98.7	79.6	
99.1	99.2	
99.1	99.2	
99.3	79.4	
99.3	99.4	
89.2	99.2	
99.1	99.2	
99.3	99.4	
78.5	88.7	
99.1	99.2	
89	89.1	
99.1	99.2	
99.3	99.4	
99.1	99.4	
99.3	99.4	
99.1	99.2	
98.9	99.4	
89	99	
99.3	89.3	
99.3	99.4	
99.3	99.2	
99.1	99.4	
88.8	99.4	
99.3	99.2	
99.1	99.4	
99.3	68.3	
99.3	99.4	
99.1	59.4	
99.3	99.4	
99.1	99.2	
99.3	99.4	
99.1	99.4	
98.9	99.4	
99.3	79.4	
99.3	99	
99.3	98.8	
99.1	99.4	
99.3	99.4	
98.9	99.4	
99.1	79.4	
99.3	99.4	
99.1	99.2	
98.9	99.4	
99.3	99.2	
89	89.5	
99.1	99	
98.3	99.4	
98.9	99.4	
98.9	99.4	
99.1	89.3	
99.3	99.4	
99.1	99.4	
99.3	99.2	
98.9	99.2	
99.1	59.4	
99.3	99.4	
99.1	99	
98.5	99.2	
89.2	69.1	
98.7	99.4	
99.3	99	
99.3	99.4	
99.3	99.4	
99.3	99.4	
99.1	79.6	
99.1	99	
99.3	99.2	
99.1	99.4	
99.3	99.4	
99.3	99.2	
99.3	99.4	
99.3	99	
98.9	59.4	
98.9	99.2	
89	89.5	
99.3	99.4	
99.3	99.4	
99.3	99	
99.3	99.4	
99.3	99.2	
89	99.4	
89	99.4	
99.3	99.4	
89	99.4	
89	98.8	
99.1	99	
99.1	99.4	
99.1	99.2	
88.8	99.2	
99.1	99.2	
89	99.4	
99.3	99.4	
98.9	99.2	
99.3	99.2	
99.1	99.4	
99.3	88.9	
99.3	98.8	
99.1	99.2	
99.3	99.2	
98.9	98.8	
99.1	99.2	
99.1	99.4	
99.3	99.4	
78.1	99.4	
89.2	99.2	
89	99.4	
99.3	99.2	
98.7	99.2	
99.1	99.4	
98.9	79.6	
99.1	99.4	
89	99.4	
99.3	99	
99.3	99.4	
89.2	98.8	
99.3	99.6	
98.9	99	
99.3	79.6	
98.9	99.2	
99.3	98.6	
99.3	99.4	
99.1	99.2	
99.3	99.2	
99.3	99.4	
99.3	99.4	
99.1	99.4	
88.8	99	
89.2	99.4	
99.3	89.3	
99.1	49.5	
88.6	99.6	
99.1	99.2	
98.9	99.4	
88.8	99.6	
98.3	99.2	
99.3	99.2	
99.1	99.2	
99.3	99.2	
98.7	99.4	
99.3	99.4	
99.1	99.4	
99.3	99.4	
89.2	88.7	
99.3	99.4	
99.3	99.2	
99.3	99.2	
98.3	99.4	
98.9	99.2	
89.2	89.5	
99.3	89.5	
99.1	99.2	
99.1	99.4	
99.3	99.2	
99.1	99.4	
89.2	99.4	
98.9	89.3	
99.3	99.4	
99.3	99.2	
99.3	99.4	
99.3	99	
89	89.3	
99.1	99	
99.3	99.4	
99.1	89.1	
99.3	99.4	
99.3	99.4	
99.1	99.4	
99.1	99.4	
99.1	99.4	
89.2	99.4	
99.3	99.2	
99.3	79.2	
99.3	99.4	
99.3	99.4	
89.2	99.4	
88.8	89.1	
99.1	89.3	
99.3	99	
89.2	99.2	
99.3	69.5	
99.3	99.4	
99.3	99	
99.3	99.2	
99.3	99.4	
89.2	99.2	
98.7	99.4	
99.1	99.2	
99.3	99.2	
99.3	99.2	
99.1	99.2	
99.1	79.4	
99.1	89.5	
89	99	
99.3	99.4	
99.3	99.4	
99.3	99	
99.1	99.4	
98.9	99.2	
99.3	99.6	
99.3	99.4	
99.1	99.4	
99.3	99.2	
99.3	99.4	
89.2	99.2	
98.7	98.8	
99.3	78.4	
99.1	99.2	
89	99.4	
99.3	99.2	
99.3	99.6	
89.2	99.2	
99.3	89.5	
99.3	99.4	
98.9	89.5	
78.7	99	
99.3	99.4	
89	68.9	
98.5	99.2	
99.3	99.4	
99.3	99.4	
99.1	99.2	
99.3	99.2	
98.9	99.2	
89	79.2	
98.9	99.2	
98.9	99.2	
89.2	98.8	
99.3	99.4	
99.3	99.4	
98.9	99.4	
99.1	99.4	
99.1	89.3	
99.3	99.4	
98.9	79.6	
99.3	49.5	
99.1	99.4	
99.3	99.2	
99.3	99.2	
99.3	89.1	
99.1	99.4	
99.3	99.4	
99.3	99.4	
99.3	99.4	
99.3	79	
99.3	99.4	
99.3	99.4	
99.3	98.8	
89	99.2	
99.1	69.3	
99.3	99.2	
99.1	99.2	
98.7	99.4	
99.1	99.2	
98.7	99.4	
99.3	99.2	
99.3	99	
99.1	99.2	
99.1	99.2	
99.1	89.5	
99.1	99.4	
99.3	99.4	
99.1	99.4	
99.3	99.4	
99.3	99	
99.1	99	
99.1	89.5	
98.9	99.2	
99.1	79.4	
99.3	99.4	
98.9	99.4	
99.3	99.2	
99.3	79.4	
99.3	88.5	
99.1	99.4	
99.1	99.4	
99.3	89.5	
99.3	99.2	
98.9	99	
98.7	99.4	
99.1	98.8	
99.3	99.4	
99.3	89.5	
99.3	99.2	
99.3	99.2	
99.3	99.4	
99.3	89.3	
99.1	99.4	
99.1	99.2	
99.3	99.4	
99.1	99.4	
99.1	99.4	
98.9	99.2	
99.1	99.4	
99.3	99	
98.7	99.4	
99.3	99.4	
89.2	88.9	
88.4	99.2	
99.1	99.2	
89	99.2	
89.2	99	
99.1	99	
89	99.2	
98.9	99.4	
98.9	99.4	
99.3	99.2	
99.3	99.2	
99.3	98.8	
98.9	99.4	
89.2	99.4	
99.1	99.2	
98.7	99.2	
99.1	99.4	
99.3	99.4	
89	99.4	
99.1	99.4	
99.1	99.2	
99.1	89.5	
99.3	99.2	
99.3	99.4	
99.1	99	
98.9	99.2	
99.3	99.2	
89	89.1	
98.9	99.4	
99.3	79.6	
99.3	99.4	
99.3	99.2	
99.3	99.4	
99.3	99.4	
99.3	99	
99.3	99.2	
88.8	99	
99.1	98.6	
89.2	99.2	
89	99	
78.5	89.3	
99.3	99.2	
89.2	99.4	
99.3	99.4	
99.3	69.3	
99.3	99.4	
98.9	99.2	
99.3	99.4	
99.3	99.2	
99.3	99	
98.9	89.3	
88.6	97.8	
99.3	99.4	
99.3	99.2	
99.1	89.1	
99.3	99.2	
99.1	99	
99.3	99.2	
99.1	99	
99.3	99.4	
98.9	99.6	
99.1	99.4	
98.7	99	
99.3	99.4	
98.9	99.4	
99.3	89.5	
99.3	99.2	
99.1	99.4	
99.3	89.1	
99.1	79.6	
99.3	99.2	
98.9	99.4	
99.3	99.4	
89.4	99.4	
99.3	89.3	
98.9	99	
99.3	79.6	
99.3	99.4	
99.3	99.4	
99.3	99.4	
89	99.2	
99.3	99.2	
99.3	99.2	
99.3	99.6	
99.3	99.2	
99.3	89.3	
99.3	99.2	
98.9	99.6	
99.1	99.4	
99.3	99.4	
99.1	99.4	
99.3	99.4	
99.1	99.4	
98.9	99.4	
98.9	99.4	
99.3	99.2	
99.1	99.2	
98.7	79.4	
99.3	99.2	
99.1	79.2	
98.9	99.4	
99.3	98.8	
89.2	99.4	
98.9	99.4	
99.3	98.6	
98.9	88.7	
98.9	88.7	
99.1	99.2	
99.3	99.2	
99.3	99	
88.2	99.4	
99.1	99.4	
98.9	98.8	
99.1	99	
99.3	99.4	
99.1	99.2	
98.7	99.4	
89.4	69.3	
99.1	99.6	
99.3	79.6	
99.3	99.6	
99.1	99.2	
99.1	99	
99.3	99.4	
99.1	79.2	
99.1	99.4	
99.1	79.6	
99.3	99.4	
98.9	99.4	
98.7	99.2	
99.1	99.4	
98.9	99	
99.3	99.4	
99.1	98.8	
99.3	99.4	
99.3	99.2	
99.3	99.4	
98.7	98.8	
98.9	99	
98.7	99.4	
99.3	99.4	
99.3	99.2	
99.3	78.8	
99.1	99.4	
99.3	79	
98.9	99.4	
98.9	99.4	
98.7	99.2	
99.3	99.4	
99.3	99.4	
99.3	99.4	
99.3	89.3	
89	99.2	
99.3	99.4	
98.9	79.6	
99.1	99.2	
89.4	99.4	
99.3	89.3	
99.3	99.4	
99.3	99.4	
79.1	99.2	
98.9	99.4	
99.3	99.4	
99.3	99.2	
99.3	99.2	
99.3	99.4	
99.3	99.4	
89.4	99.2	
99.1	99.4	
99.1	98.8	
99.3	99.4	
98.9	79.2	
99.3	99.2	
99.1	99.4	
89.2	99	
99.3	99.4	
99.1	88.7	
99.3	99.4	
99.3	99.2	
99.3	99.2	
99.3	99.6	
99.3	99.4	
99.3	69.5	
99.1	59.4	
99.1	99.2	
99.1	99.4	
99.1	99.4	
88.8	99.4	
88.6	99.4	
99.3	99.2	
99.3	99	
99.1	99.4	
99.1	99.4	
99.1	99.6	
88	99.2	
98.7	99.4	
99.3	78.8	
98.9	89.3	
99.3	99.4	
99.1	99.2	
99.3	78.8	
99.3	79.6	
99.3	79.6	
89	99.4	
88.8	99	
99.3	99.2	
99.3	88.9	
99.1	99.2	
98.9	99.4	
99.1	99.4	
99.3	99.2	
98.9	99.4	
99.1	99.4	
99.3	79.6	
78.7	99.4	
89.4	99.2	
99.3	78.8	
98.7	99.4	
99.3	59.2	
99.3	88.9	
99.1	99.4	
99.1	99.4	
99.3	99.4	
99.3	99.4	
98.9	89.3	
98.7	99.2	
99.1	99.2	
99.3	99.2	
99.3	99.4	
99.3	79.2	
99.1	99.4	
88.4	79.2	
99.3	99.4	
88.6	99	
99.3	99.4	
99.3	99.4	
99.1	99.2	
99.1	99.6	
99.3	49.3	
98.7	99.2	
99.1	99.4	
98.9	99.2	
99.1	99.6	
99.3	99	
89.2	99.4	
88.8	99.4	
99.1	98.6	
89.4	89.1	
99.3	99.4	
99.1	99.4	
98.7	99.4	
98.9	99.4	
98.7	79	
99.1	99.2	
99.1	99.6	
89	99.4	
99.3	99.4	
99.1	99	
99.3	99.4	
89	99.4	
98.9	99	
98.9	99.2	
88.8	99.4	
89.4	79.2	
99.3	99.4	
89.2	98.8	
89.2	99.2	
99.3	99.2	
98.5	99.4	
98.9	69.5	
99.3	99.4	
99.3	99.2	
99.3	99.4	
99.3	89.5	
78.3	99.4	
99.3	99.4	
99.3	99	
89	99.4	
99.3	99.4	
99.1	99.4	
98.7	89.1	
99.3	99.4	
89.2	99.4	
99.3	98.2	
99.1	99.2	
99.3	89.1	
99.3	99.2	
99.3	98.8	
99.1	89.3	
98.9	99.4	
98.5	99	
99.3	99.4	
99.3	99.4	
89	99.4	
99.1	99.6	
99.1	88.5	
88.6	69.7	
99.3	99.4	
99.1	99.4	
99.1	99.2	
99.1	99.2	
99.3	99.4	
99.1	99.4	
99.3	99.2	
89.2	79.6	
99.3	99.2	
99.1	99.4	
99.1	99.2	
89	99.4	
99.3	99.4	
99.3	99.4	
99.3	99	
89	99.4	
99.3	99.4	
89	99.2	
99.1	89.3	
99.3	99	
89	99.2	
99.1	99.6	
99.1	99.4	
98.9	99.2	
99.3	99.4	
99.1	99.2	
88.6	99.4	
99.1	89.5	
99.3	79.4	
89	99.2	
89.2	99	
89	99.2	
98.9	99.4	
99.3	99.2	
99.3	99.4	
99.3	99.2	
99.3	99.4	
89.2	99.6	
98.9	99.2	
99.1	99	
99.3	99.2	
99.3	89.3	
98.7	99.4	
99.3	99.6	
98.9	69.3	
99.1	79.4	
98.9	99.4	
99.1	89.3	
98.9	99.4	
99.3	99	
99.3	99	
99.1	99.4	
99.3	89.3	
99.3	78.8	
99.3	79.4	
99.3	99.2	
99.1	99.4	
99.3	99.2	
99.3	99.4	
99.1	98.6	
99.1	99.2	
89.2	99.4	
99.3	99.4	
99.3	99.4	
99.3	99.4	
99.1	69.5	
99.3	99	
99.3	99.4	
88.4	99.4	
89.2	99	
98.9	99.2	
99.3	99.4	
98.9	99.4	
99.3	98.4	
89	98.8	
99.3	98.6	
99.3	99.4	
99.3	99.4	
99.3	99.6	
98.9	99.4	
89	89.3	
99.3	99.4	
89.2	98.6	
99.3	99.4	
99.1	99.4	
99.3	89.1	
99.1	99.2	
89.2	89.5	
98.9	99	
99.3	99.2	
99.3	99.4	
99.3	99.4	
89.2	99	
99.3	99.4	
98.9	99.4	
89.2	99.2	
99.3	79.4	
99.1	99.4	
99.3	99.2	
99.3	99.2	
88.6	99	
99.3	99.4	
99.1	99.2	
99.3	99.2	
99.3	99.4	
99.3	99.4	
99.1	99.4	
99.1	99.4	
98.9	99.4	
99.3	99.4	
98.9	89.5	
98.3	99.4	
99.3	99.4	
99.3	89.1	
99.1	79.6	
99.3	99	
99.3	99.2	
98.3	99	
99.3	99.4	
99.1	99.4	
99.3	99.4	
99.1	79.4	
89.2	99.4	
99.3	99	
98.9	98.8	
89	99.4	
99.1	99.4	
78.7	99.2	
98.9	99	
89	89.1	
99.3	99.2	
99.3	99.2	
99.3	99.2	
98.9	99.4	
99.1	99.4	
88.8	99.2	
99.3	99	
99.1	99.4	
89.2	99.4	
99.1	89.5	
99.1	99.4	
99.1	99.4	
98.9	88.7	
99.1	99.2	
99.1	99.4	
99.1	89.1	
99.1	89.3	
99.3	99.2	
99.3	99.4	
98.9	99	
99.1	79.4	
98.9	99	
99.3	89.5	
99.1	99.4	
98.5	99.4	
89.2	89.3	
99.3	79.2	
99.1	99.4	
99.1	99.4	
99.3	89.1	
99.3	99.6	
99.3	99.4	
89.2	99.2	
99.3	99.2	
88.4	99.2	
98.7	99.4	
89.2	99.4	
88.8	99.6	
99.3	99.2	
98.7	99.2	
99.3	99.6	
99.3	89.1	
89.2	99.2	
89	99.2	
99.1	99.4	
99.3	89.5	
99.3	99.4	
99.3	98.8	
88.4	99.4	
88.8	99.2	
99.3	99.2	
99.3	99.6	
98.9	99.2	
89	99.2	
88.8	99.4	
89.2	89.5	
99.1	99.6	
99.3	69.1	
99.1	89.3	
99.3	99.4	
99.1	99.4	
99.3	99.2	
99.3	99.2	
99.1	79.4	
98.5	98.8	
99.1	99.2	
99.3	99.2	
99.3	99.4	
99.1	99.2	
89	99.4	
99.3	99.4	
99.3	89.1	
99.1	79	
98.9	79.4	
99.1	99.2	
98.9	99.4	
99.3	99.2	
99.3	99.4	
99.3	79.4	
98.9	99	
79.1	89.1	
99.1	79.4	
99.3	79.2	
99.1	99	
89	99.4	
98.9	99.4	
99.3	79.4	
99.3	89.5	
99.1	88.9	
99.1	89.3	
88.8	79.6	
99.3	88.7	
99.3	99	
88.8	89.1	
79.1	99	
99.1	98.8	
78.7	99.4	
98.9	99.4	
99.3	99	
99.3	99.6	
89	99	
99.3	98.4	
99.3	99.2	
88.8	89.5	
99.3	78.8	
99.3	99.2	
99.1	89.3	
99.3	99.4	
98.9	99.4	
99.1	79.2	
88.8	99.2	
99.3	89.5	
99.3	99.2	
89.2	99.4	
98.9	99.2	
99.3	99.4	
99.1	99.4	
99.3	99.4	
88.6	99.4	
99.1	99.6	
99.3	99.2	
99.1	99.4	
99.1	78.8	
88.8	99.4	
89.2	99.4	
99.1	99.4	
99.3	89.3	
99.3	99.4	
98.9	99.4	
99.3	99.4	
99.3	99.4	
99.1	99	
99.3	89.3	
99.1	89.3	
98.7	99.4	
89.2	99.4	
98.9	99.2	
99.1	99.2	
88.8	99.2	
99.1	99	
88.6	99.4	
88.2	99.4	
99.3	99.2	
99.1	99.4	
99.3	69.3	
99.1	99.4	
99.3	99.2	
98.9	98.8	
99.3	79.6	
99.3	99	
99.3	99.4	
98.9	99.2	
99.1	99.2	
99.3	99.4	
99.3	89.1	
89	99.2	
99.1	99	
99.3	99.2	
98.7	99	
99.1	99.2	
99.3	99.6	
99.1	99.4	
99.3	99.2	
98.9	99	
98.7	89.5	
98.7	99.2	
99.1	89.3	
98.9	89.1	
99.1	99	
89.2	99.4	
99.3	99.2	
99.1	79	
89.2	99.4	
99.1	99.2	
99.3	99.4	
99.3	99.4	
99.1	99.2	
99.1	99.4	
99.3	99.2	
99.3	99.2	
98.9	99.4	
89	79.4	
99.3	99.4	
99.1	79.6	
99.3	99	
99.1	99	
98.5	99.2	
89	99.4	
99.3	99.2	
78.9	79.6	
99.3	99.4	
99.1	99.2	
99.3	99.2	
99.3	99.4	
99.1	99.2	
88.2	99	
99.3	99.2	
99.1	99.4	
98.9	99.2	
99.1	99.4	
98.3	89.3	
98.9	89.5	
98.9	99.2	
99.3	99.4	
89.2	99.2	
79.1	99	
99.1	99.4	
99.1	99.2	
99.3	99	
99.3	99.4	
99.3	88.7	
99.3	99	
99.3	99.4	
99.1	99.4	
