78.7	99.6	
99.3	99.6	
99.1	99.6	
99.3	99.2	
99.3	99.4	
89.2	99.6	
99.3	99.6	
99.3	99.4	
89	99.6	
99.3	99.4	
99.3	99.6	
99.3	99.6	
98.9	89.3	
99.1	99.6	
89.2	99.6	
99.1	99.6	
99.1	99.4	
99.1	99.4	
99.3	99.2	
98.7	99.6	
99.3	99.6	
99.3	99.6	
99.1	99.4	
89	99.4	
99.3	99.6	
99.3	99.6	
99.3	99.6	
98.9	99.4	
99.3	99.6	
98.9	89.5	
89	89.1	
99.3	99.4	
99.3	99.6	
99.3	99.6	
99.3	89.3	
99.3	99.4	
99.1	99.2	
99.3	99.6	
89.2	99.6	
99.3	99.6	
88.8	99.4	
99.3	99.6	
88.6	99.6	
99.1	99.6	
99.3	99.6	
89.2	99.6	
99.3	99.6	
99.1	99.4	
99.1	99.4	
99.3	99.4	
99.3	69.1	
99.3	89.3	
99.1	98.4	
99.1	99.6	
99.3	99.6	
99.1	99.6	
99.3	99.6	
99.3	99.6	
98.9	99.6	
99.1	99.6	
99.3	99.4	
98.7	99.2	
99.3	89.5	
89.4	99.6	
88.8	99.4	
99.3	99.6	
99.3	99.6	
99.3	99.6	
98.9	99.6	
99.3	89.3	
99.1	89.5	
99.3	99.6	
98.9	99.6	
99.3	89.5	
99.3	98.6	
99.1	99.6	
98.9	99.6	
89.4	99.4	
99.1	89.3	
89	99.6	
99.1	89.5	
98.9	99.2	
99.3	99.6	
98.7	88.9	
99.3	99.6	
99.3	99.6	
99.3	78.8	
99.3	88.9	
99.3	99.6	
89.2	99.6	
99.3	99.2	
99.3	99.2	
99.1	99.6	
99.3	99.6	
99.1	99.6	
99.3	99.6	
98.7	99.6	
99.3	99.6	
88.8	99.6	
99.3	79.2	
88.2	99.6	
99.3	99.6	
99.1	99.6	
88.8	89.3	
99.1	99.6	
98.9	89.1	
99.3	99.6	
99.1	99.4	
99.1	99.6	
99.3	99.6	
99.3	99.6	
98.9	99.6	
99.3	99.6	
99.3	99.6	
99.3	99.2	
99.1	99.6	
99.3	99.6	
99.3	99.6	
99.3	89.1	
99.3	89.5	
99.3	99.2	
99.3	89.5	
88.2	99.4	
99.3	99.4	
99.3	99.6	
98.9	99.6	
99.3	99.6	
99.3	99.6	
78.9	99.4	
99.3	99.6	
99.3	99.6	
99.3	99.6	
98.9	89.1	
99.3	99.6	
99.1	99.6	
99.3	99.4	
99.1	89.3	
98.9	99.6	
89	99.6	
99.1	99.4	
99.3	99.6	
99.3	99.4	
99.3	99.6	
99.1	99.4	
98.7	99.4	
99.3	99.2	
98.9	99.6	
99.3	99.6	
99.1	99.6	
99.3	99.4	
99.3	99.6	
99.3	99.4	
99.1	99.6	
98.9	99.6	
88.8	99.4	
99.3	99.6	
99.3	99.4	
99.1	99.6	
98.9	99.6	
99.1	89.5	
99.3	99.4	
99.3	99.6	
99.3	99.4	
99.3	99.6	
99.3	99.4	
99.3	99.6	
99.3	99.6	
99.1	99.4	
98.9	99.6	
89.4	99.4	
99.1	99.6	
98.9	99	
99.3	88.9	
99.3	99.6	
99.3	99.4	
99.1	99.2	
99.3	99.4	
99.3	99.4	
99.3	99.6	
98.7	99.4	
99.1	99.6	
88.6	99.6	
89.2	99.2	
99.1	99.6	
88.6	99.4	
99.3	99.4	
89.2	99.4	
99.3	89.3	
98.9	99.6	
99.1	99.6	
88.8	99.6	
99.3	89.3	
99.1	99.6	
98.9	99.4	
99.3	99.6	
99.1	99.4	
99.1	99.2	
89.2	99.6	
89	99.4	
99.1	99	
99.3	99.4	
99.3	99.4	
99.1	99.6	
98.9	99.6	
99.1	99.2	
99.3	99.4	
99.3	89.5	
99.3	89.3	
99.3	99.6	
99.3	99.6	
99.3	99.6	
99.3	99.4	
98.5	99.6	
89	99.6	
99.3	99.6	
99.3	99.4	
99.1	99.6	
98.9	99.6	
98.9	99.4	
98.9	99.6	
99.3	99.6	
99.1	99.6	
99.3	99.6	
99.1	99.6	
99.1	99.6	
78.5	99.6	
99.3	89.5	
99.3	99.6	
99.3	99.6	
98.9	99.2	
99.3	99.4	
99.3	99.6	
89.4	99.6	
99.1	99.6	
88.6	99.6	
99.3	78.6	
99.1	99.2	
99.3	89.5	
99.3	99.6	
99.1	99.6	
99.3	99.6	
99.3	99.6	
99.1	88.9	
99.1	99	
89	99.6	
99.3	99.6	
99.3	99.4	
99.3	99.4	
89	99.4	
99.3	99.6	
89.2	99.6	
99.3	99.6	
99.1	99.6	
99.3	99.6	
98.7	99.6	
99.3	78.8	
89	89.5	
78.9	99.2	
99.1	89.3	
78.5	89.3	
99.3	89.5	
99.3	99.6	
99.3	99.6	
99.3	99.6	
99.3	99.6	
77.9	99.4	
99.3	89.5	
99.3	99.6	
99.3	99.6	
99.3	99.4	
98.9	99.6	
99.1	99.6	
99.1	99.2	
89	99.6	
99.3	99.4	
98.5	99.6	
99.1	99.6	
99.1	98.8	
98.9	89.3	
98.5	99.6	
99.3	99.6	
99.1	99.6	
98.9	99.6	
98.7	99.6	
99.3	99.6	
99.3	99.6	
89	99.6	
99.1	99.2	
88.4	99.6	
99.3	99.6	
99.3	99.6	
89.2	99.6	
99.1	99.6	
99.3	99.4	
99.3	99.6	
99.1	99.6	
99.3	99.6	
89.2	88.5	
99.1	99.4	
99.3	67.1	
99.1	99.6	
98.9	99.6	
99.3	99.6	
99.1	99.6	
99.3	99.6	
99.3	99.2	
89.2	99.6	
99.3	99.6	
99.3	99.6	
99.1	89.5	
99.3	79.4	
99.3	99.6	
89	99.6	
99.1	99.4	
99.3	99.4	
98.9	99.4	
99.3	99.4	
98.9	99.6	
88.8	99.2	
89.2	99.4	
99.1	99.6	
99.1	99.6	
99.3	99.6	
99.1	99.6	
99.3	89.3	
99.3	89.1	
99.3	99.6	
99.1	99.4	
98.5	99.2	
99.3	99.6	
99.3	99.6	
99.3	99	
98.9	99.4	
99.3	99.4	
98.9	99.6	
99.1	99.4	
98.9	99	
99.1	99.2	
99.1	99.2	
99.3	99.6	
99.1	99.6	
99.1	99.2	
89.2	99.6	
99.1	99.4	
99.1	99.6	
98.9	99.6	
99.3	99.6	
88.4	99.6	
99.1	99.6	
99.3	99.6	
88.8	99.6	
89.2	99.6	
99.3	99.6	
99.3	99.6	
99.1	99.6	
88.6	89.5	
99.3	78.8	
99.3	99.4	
99.3	99.6	
99.3	89.3	
98.9	99.6	
99.3	99.6	
98.9	99.6	
99.3	99.6	
99.3	88.9	
99.3	99.6	
99.1	99.6	
99.1	99.6	
99.1	99.6	
99.3	99.4	
99.3	99.4	
88	89.1	
99.1	99.6	
99.1	88.9	
99.3	99.6	
99.1	89.5	
99.3	99.6	
99.3	99.6	
99.3	99.6	
99.1	99.6	
99.1	89.5	
99.3	99.6	
98.9	99.6	
98.9	89.1	
98.9	99.6	
99.3	79	
99.3	99.4	
99.3	99.6	
99.3	98.8	
99.1	99.6	
99.3	99	
99.1	99.6	
99.3	99.4	
98.9	99.6	
98.9	99.6	
99.3	99.6	
99.1	99.6	
99.3	99.6	
99.3	88.9	
99.3	99.6	
99.1	99.6	
98.5	99.6	
99.3	99.4	
99.3	99.4	
88.6	99.6	
99.1	99.6	
98.5	99.6	
99.1	99.6	
99.3	99.6	
99.1	99.6	
99.1	99.4	
99.3	99.6	
99.3	99.4	
98.7	99.4	
99.3	99.6	
98.9	99.6	
99.1	99.6	
98.7	99.6	
99.1	99.2	
99.3	99.4	
98.9	89.1	
99.1	89.5	
99.3	99.6	
99.3	99.2	
98.9	99.6	
99.3	68.7	
99.3	89.1	
98.5	99.4	
99.3	89.3	
99.3	99.6	
89.2	99.6	
78.9	99.6	
99.3	99.4	
99.3	99.6	
98.9	99.6	
99.3	99.6	
79.1	58.8	
99.3	99.4	
99.3	99.6	
99.3	99.6	
99.3	99.4	
98.7	89.3	
98.7	78.8	
99.3	78.8	
99.1	78.8	
99.1	99.6	
99.3	79	
99.3	99.6	
98.9	88.9	
99.1	99.6	
99.1	99.6	
99.3	99.4	
99.1	99.6	
98.7	89.3	
99.1	99.4	
89	99.4	
99.3	99.6	
99.3	99.6	
99.3	99.4	
99.1	99.4	
99.3	99.4	
99.1	99.6	
99.1	99.6	
99.3	78.6	
98.9	99.6	
98.9	99.6	
89.2	68.7	
98.3	99.6	
88.8	99.6	
99.1	99.2	
99.1	89.5	
99.3	99.4	
99.1	99.2	
98.9	99.6	
89	99.4	
99.1	99.4	
98.5	89.1	
89	99.6	
98.1	99.6	
99.3	99.2	
99.3	99.6	
98.7	99.4	
99.3	99.6	
99.3	88.9	
99.3	89.5	
99.3	99.4	
89	99.6	
99.1	99.6	
99.3	99.6	
99.3	99.6	
99.1	99.2	
99.1	99.6	
99.1	69.1	
99.3	99.6	
98.9	99.2	
98.9	99.6	
99.1	99.6	
98.9	99.6	
99.3	99.4	
99.3	89.1	
99.1	99	
99.1	99.4	
99.3	89.3	
99.3	99.6	
99.1	99.6	
88.8	99.6	
99.1	99.4	
98.5	99.4	
98.9	99.6	
99.1	89.5	
99.3	89.3	
99.1	99.4	
99.3	99.6	
89.2	99.6	
99.3	99.6	
99.3	99.6	
99.1	99.6	
98.9	99.6	
98.7	99.6	
99.3	99.6	
89	88.9	
99.1	99.6	
99.3	99.6	
99.1	99.4	
99.3	99	
99.3	99	
99.3	99.6	
99.3	99.4	
99.3	99.4	
98.9	99.6	
99.3	99.6	
89.2	99.4	
99.1	99.6	
88.6	99.2	
89	99.4	
99.3	99.6	
99.1	99	
98.5	99.6	
98.9	99.6	
99.3	99.6	
99.3	99.6	
98.9	99.6	
99.1	99.6	
98.9	99.6	
99.3	99.6	
99.3	99.6	
99.3	99.6	
98.9	89.3	
99.1	99.6	
99.3	99.2	
99.1	99.6	
99.1	99.4	
98.9	99.4	
99.3	99.6	
98.9	99.2	
99.3	99.6	
98.9	99.6	
99.3	99.6	
99.1	99.6	
88.8	89.3	
99.3	99.6	
88.6	99.6	
98.9	89.1	
88.6	99	
99.3	99.6	
98.9	89.1	
98.9	99.6	
99.3	99.6	
98.9	99.4	
88.8	99.6	
99.3	99.4	
98.5	89.5	
99.3	99.6	
98.5	99.6	
88.8	99.6	
99.3	99.6	
89	99.6	
99.3	99.6	
78.7	99.2	
99.3	99.6	
99.3	99.6	
98.9	99.6	
99.1	89.1	
89	99.4	
89	99.4	
89.2	89.3	
99.3	78.8	
99.3	77.6	
99.1	99.6	
99.3	99.6	
89.2	99.4	
99.3	99.2	
99.1	99.4	
99.3	99.6	
99.3	99.6	
99.1	88.7	
99.3	99.6	
99.3	68.5	
99.3	99.4	
98.9	99.6	
99.3	99.6	
89.2	89.1	
99.3	79.4	
99.3	99.6	
99.1	99.6	
99.3	99.6	
99.3	99.6	
99.3	99.2	
89	99.6	
99.3	99.4	
99.3	99.4	
89.2	99.6	
99.3	79.2	
99.3	99.6	
99.3	99.6	
99.3	99.6	
98.9	78	
98.9	99.6	
99.1	79.2	
99.3	99.4	
99.3	88.9	
98.7	99.6	
99.3	99.6	
78.1	89.1	
99.3	79	
99.3	99.6	
99.3	99.6	
99.1	99.6	
98.9	99.6	
99.3	99.6	
99.3	99.6	
98.9	99.6	
99.3	99.6	
98.7	99	
89	99.6	
99.3	89.3	
99.3	99.6	
98.5	89.3	
99.3	99.6	
99.3	89.1	
99.1	99.6	
99.3	99.4	
99.3	99.6	
99.3	99.4	
99.3	99.6	
99.3	99.6	
99.3	99.6	
99.3	99.6	
99.1	99.6	
99.1	99.6	
99.3	99.6	
99.3	99.6	
98.5	99.4	
99.3	99.6	
89.2	99.6	
98.9	99.2	
99.3	99.6	
99.3	99.4	
99.3	99.6	
99.1	99.6	
99.3	99.6	
99.3	99.6	
99.1	99.4	
98.9	99.2	
99.3	89.3	
99.1	99.4	
99.1	99.6	
99.1	99.6	
79.1	99.6	
99.3	99.6	
99.3	99.6	
99.1	88.9	
99.3	99.6	
99.3	99.6	
89.2	88.9	
98.7	99.6	
98.5	99.4	
89	99.6	
89	99.6	
99.3	99.6	
99.1	99.6	
99.3	89.3	
98.7	99.6	
99.3	99.6	
89	99.4	
98.9	99.6	
99.3	89.3	
89.4	99.6	
99.3	99.6	
99.3	99.4	
99.1	88.9	
99.3	99.6	
99.1	99.6	
89.2	99.6	
98.9	99.2	
99.3	99.6	
98.5	99.4	
98.7	89.1	
99.1	99.6	
89	99.6	
99.3	99.6	
99.3	99.2	
99.3	89.5	
98.7	99.4	
89.2	99.6	
99.1	99.6	
89.4	99.4	
99.3	99.4	
98.9	99.6	
99.1	99.6	
99.1	89.5	
98.9	99.4	
98.5	99.4	
99.3	99.6	
89	99.4	
99.1	99.4	
98.5	99.6	
99.3	99.6	
99.3	99.6	
99.3	99.6	
99.3	99.6	
98.7	99.6	
99.3	99.6	
89	99.6	
89.2	99.6	
99.3	99.6	
98.9	99.6	
98.9	99.2	
88.6	99.6	
99.3	99.2	
99.1	79	
99.1	99.4	
89.2	99.6	
98.9	99.6	
98.5	99.4	
99.1	99.6	
99.1	99.6	
99.3	99.6	
89.2	99.6	
99.1	99.4	
99.3	99.6	
99.3	99.6	
99.3	99.6	
99.3	89.7	
99.3	99.2	
99.3	99.6	
98.5	89.5	
99.1	99.2	
99.1	99.6	
99.3	99.6	
99.3	99.4	
99.3	99.6	
88.8	99.6	
99.1	99.4	
99.3	99.4	
99.3	99.6	
67.4	99.6	
99.3	99.4	
99.3	99.6	
99.1	99.2	
98.9	99.6	
99.3	99.6	
99.3	89.1	
89	99.6	
99.1	99.2	
99.3	99.6	
89	99.6	
99.3	89.5	
99.1	99.2	
99.1	99.6	
98.7	99.2	
98.7	99.6	
99.3	99	
88.8	99.6	
99.1	99.6	
98.7	99.2	
88.8	99.6	
89.2	99.6	
99.1	99.6	
98.9	99.6	
98.9	99.6	
98.9	99.4	
99.3	99.4	
99.3	99.4	
88.8	99.6	
99.3	99.4	
99.1	99.4	
99.1	99.6	
99.3	99.4	
88.8	99.6	
99.3	89.5	
99.1	99.6	
99.3	99.6	
98.5	99.4	
99.3	99.6	
99.1	99.4	
98.9	99.6	
89.2	89.3	
98.9	99.6	
99.3	99.6	
99.1	99.6	
88.6	99.6	
99.3	79.8	
88.8	99.4	
98.9	99.6	
89.2	99.6	
98.9	89.3	
99.3	89.3	
88.4	99.6	
89.2	99.6	
89	99.4	
99.1	99.6	
98.9	99.6	
99.3	99.6	
99.1	99.4	
99.3	99.6	
98.9	99.6	
99.3	99.4	
98.7	99.6	
89.2	99.4	
99.1	99.4	
99.1	99.2	
89.2	89.1	
99.1	99.4	
99.1	99.6	
99.1	99.6	
99.3	99.6	
99.1	99.2	
99.3	89.3	
99.1	99.6	
99.3	99.6	
78.9	99.6	
99.3	99.6	
98.5	99.6	
99.3	99.6	
99.3	99.6	
99.1	26.7	
99.1	99.4	
98.7	99.6	
99.3	99.4	
99.3	99.2	
99.3	89.3	
98.7	99.6	
99.1	99.6	
99.1	89.5	
89.2	99.6	
98.9	99.6	
99.3	99.6	
89	99.6	
99.1	99.6	
99.1	99.6	
88.8	89.5	
98.9	99.6	
99.3	99.6	
99.3	99.4	
99.1	99.4	
99.3	99.6	
98.9	99.4	
89	99.6	
99.1	99.4	
99.3	99.6	
78.7	99.6	
98.5	99.6	
78.5	99.4	
99.1	99.6	
99.3	99.6	
99.3	99.6	
99.3	99.6	
99.3	99.6	
99.1	78.2	
99.3	99.6	
98.9	99.6	
99.3	99.2	
99.3	88.7	
98.9	99.4	
99.3	99.6	
99.3	99.6	
99.3	99.4	
99.3	99.6	
99.3	99	
99.3	99.6	
99.3	99.4	
99.3	99.6	
99.3	99.6	
99.1	99.6	
99.1	99.6	
99.3	99.6	
98.9	99.2	
98.9	89.3	
99.1	99.2	
99.3	99.6	
98.5	89.5	
99.3	99.6	
89.2	99.6	
99.3	99.6	
99.1	89.1	
99.3	99.6	
99.1	99.6	
99.3	99.6	
98.9	89.5	
99.3	99.6	
99.1	99.6	
99.3	89.1	
88.6	89.5	
99.3	89.3	
99.3	99.4	
98.9	99.6	
99.1	99.4	
99.1	99.2	
99.3	89.1	
99.1	99.6	
99.3	99.6	
98.9	99.4	
99.1	99.4	
99.1	99.4	
88.6	99.6	
99.3	99.6	
99.3	99.6	
89.2	99.6	
99.1	99.6	
99.3	99.6	
99.3	99.6	
98.7	99.4	
99.3	99.4	
99.3	99.6	
99.3	99.6	
99.1	99.6	
89.2	99.6	
98.9	99.4	
88.6	99.6	
99.3	89.5	
89.2	99.6	
99.3	99.6	
99.1	99.6	
98.7	99.6	
99.1	89.3	
99.1	89.3	
88.6	99.6	
99.3	99.6	
99.3	99.6	
99.1	99.6	
99.1	99.4	
99.3	99.4	
98.9	89.5	
99.1	99.6	
99.3	99.6	
99.3	99.2	
88.8	99.2	
99.3	99.6	
99.1	99	
99.1	99.6	
99.3	99.6	
99.3	99.6	
99.1	99.6	
89	99.6	
99.3	99.4	
99.1	99.6	
99.1	99.6	
99.1	99.6	
98.7	99.6	
98.3	99.6	
98.9	99.6	
99.1	99.6	
99.3	99.6	
88.6	99.4	
99.3	99.6	
99.3	99.6	
99.3	89.5	
99.1	99.4	
98.5	89.5	
99.3	89.5	
79.1	99.6	
99.1	99.6	
98.9	99.6	
98.9	89.5	
99.3	99.4	
98.9	99.6	
89	99.4	
99.3	99.6	
99.1	99.2	
99.3	99.4	
99.1	99.2	
99.3	99.4	
99.3	99.6	
99.3	99	
98.9	99.6	
98.9	99.6	
99.3	99.4	
99.3	99.6	
99.3	99.6	
99.3	99.6	
99.3	99.6	
98.7	98.8	
89	99.4	
99.1	99.4	
98.9	78.8	
78.9	99.6	
99.1	99.6	
99.3	99.6	
99.1	99.6	
