99.1	99.6	
99.1	99.6	
99.3	99.2	
99.3	89.5	
99.3	89.5	
99.3	99.6	
99.3	89.7	
99.3	99.6	
98.9	89.3	
88.8	99.6	
99.3	99.6	
99.1	99.2	
98.7	99.6	
89	99.6	
98.9	99.6	
98.7	99.6	
99.1	89.5	
99.1	99.6	
99.1	99.4	
99.3	99.6	
98.9	99.4	
99.3	89.5	
99.3	99.2	
99.3	89.5	
99.3	59.2	
99.3	99.6	
99.3	99.4	
99.1	99.6	
98.7	99.4	
99.1	79.2	
99.3	99.6	
98.9	99.6	
99.1	99.4	
99.3	89.5	
89.2	99.6	
99.1	49.1	
98.9	99.2	
89.2	99.6	
99.3	98.6	
99.3	99.4	
98.7	99.6	
89.2	89.7	
99.1	99.6	
88.8	99.6	
88.8	99.6	
99.3	99.6	
99.3	99.6	
99.3	99.4	
99.1	99.2	
99.1	48.9	
88.4	88.7	
99.1	99.2	
99.1	99.6	
98.9	89.5	
99.1	99.6	
99.1	89.5	
99.3	99.6	
99.3	99.6	
99.3	99.6	
99.1	79.4	
89.4	99.6	
99.1	89.7	
99.1	99.6	
99.3	99.4	
99.3	99.6	
99.3	99.6	
99.3	99.6	
89.4	99.4	
98.9	99.6	
99.3	99.6	
99.3	99.4	
98.9	89.1	
99.3	99	
99.1	69.7	
99.1	99.6	
99.1	99.6	
99.3	99.6	
89.2	99.2	
88.6	79.6	
99.3	89.7	
99.3	99.6	
89.2	99.2	
99.1	99.6	
99.1	99.4	
98.9	99.2	
99.3	99.4	
99.3	99.6	
99.3	99.4	
99.3	99.6	
99.3	99.6	
99.3	99.6	
98.9	99.6	
99.3	99.6	
99.1	89.5	
99.1	99.6	
99.3	89.5	
99.3	99.6	
99.1	99.4	
98.9	99.6	
99.1	99.6	
99.1	99.4	
99.3	99.6	
99.3	99.6	
98.9	89.5	
99.3	99.4	
99.3	79.4	
99.1	99.6	
88	99.2	
89.2	99.6	
99.3	99.6	
99.3	99.6	
89.4	99.6	
99.3	99.4	
88.6	99.6	
89	99.6	
99.3	99.2	
98.5	99.6	
99.1	99.6	
99.1	99.6	
88.4	99.6	
99.3	99.6	
98.9	99.4	
79.1	99.6	
99.3	99.4	
99.1	99.6	
99.1	99.4	
78.5	99.6	
98.9	88.9	
99.3	99.6	
99.3	99.6	
99.3	99.6	
89	99.4	
99.3	99.6	
99.1	99.6	
99.3	88.7	
99.3	99.4	
99.3	99.6	
99.3	99.6	
98.9	99.4	
99.1	99.2	
98.9	99.6	
99.3	99.6	
98.5	99.6	
99.1	99.2	
99.3	69.7	
99.3	89.7	
99.1	99.6	
78.5	99.4	
99.3	99.4	
89.2	89.7	
99.1	99.2	
98.9	99.6	
99.1	89.7	
99.3	99.2	
99.1	99.6	
99.3	99.6	
98.7	99.2	
99.1	99.4	
99.3	99.6	
99.3	99.4	
99.1	99.6	
99.3	49.1	
88.4	99.6	
89	99.6	
99.3	99.6	
99.3	99.4	
88.8	99.4	
99.3	99.4	
99.3	99.4	
99.3	99.6	
99.1	99.6	
98.9	89.3	
99.1	89.7	
99.3	79.2	
99.1	99.6	
88.8	59.4	
98.9	78.4	
99.3	89.3	
99.3	89.5	
99.3	99.6	
98.9	99.6	
88.2	99.6	
98.7	99.2	
99.3	99.6	
99.3	99.6	
98.7	99.6	
99.3	88.9	
98.9	99.6	
99.3	99.6	
98.9	99.6	
98.7	89.7	
99.3	99.6	
99.1	99.6	
98.9	99.6	
98.5	99.6	
89	99.4	
99.1	99.6	
89.2	89.7	
99.3	99.6	
99.1	99.4	
99.3	99.6	
98.9	99.6	
99.1	99.6	
99.3	99.6	
99.3	99.2	
98.9	99.2	
99.3	69.7	
99.1	99.6	
99.1	99.6	
99.3	99.6	
99.3	99.4	
99.3	99.6	
99.1	99.6	
98.9	89.5	
99.3	99.6	
99.3	99.6	
99.3	89.5	
99.1	99	
99.1	99	
98.5	99.6	
99.1	99.6	
99.1	99.2	
99.1	99.4	
99.1	89.5	
99.1	99.4	
99.3	99.6	
89	99.6	
99.1	99.6	
98.9	99.6	
99.3	99.6	
98.3	89.7	
99.1	79.4	
99.3	99.6	
99.1	99.6	
99.1	99.2	
89.2	99.6	
99.3	99.6	
99.3	99.2	
98.7	99.6	
99.3	99.6	
98.5	99.6	
78.7	99.6	
99.3	69.7	
89	99.6	
89.2	89.5	
99.1	99.6	
99.3	89.5	
98.7	99.4	
99.3	99.6	
99.3	89.1	
99.1	99.6	
99.3	89.5	
89.2	99.6	
99.3	99.2	
99.1	99.6	
99.3	99.6	
99.1	99.6	
99.3	99.6	
98.3	99.6	
99.1	99.6	
89	79.8	
99.1	89.3	
98.7	99.6	
99.1	99.4	
99.3	99.6	
99.3	89.5	
98.9	89.7	
99.3	99.6	
99.3	99.6	
99.1	79.8	
98.9	99.6	
99.1	89.1	
99.3	99.6	
99.3	88.1	
98.7	99.4	
99.3	89.1	
99.1	99.4	
98.5	99.4	
98.7	99.6	
88.6	99.4	
99.3	99.2	
98.9	99.2	
98.7	99.6	
99.3	99.4	
99.1	99.6	
98.7	99.6	
98.9	99.4	
99.3	99.6	
99.1	99.6	
99.3	99.6	
98.9	99.6	
99.3	99.6	
99.3	99	
88.2	99.6	
99.3	89.3	
99.3	99.6	
89.2	99.6	
99.1	99.6	
98.9	99.6	
78.7	89.3	
98.5	89.5	
99.1	99.6	
98.7	99.6	
89	99.2	
99.1	89.5	
99.3	99.4	
98.7	99	
99.1	99.6	
99.3	99.6	
98.9	89.5	
79.1	99.6	
99.3	99.6	
89.2	89.5	
78.9	99.6	
99.3	99.6	
88.8	79.6	
98.9	99.6	
89.2	99.6	
99.3	99.2	
99.3	99.6	
88.2	99.4	
99.3	89.3	
99.3	99.6	
99.3	99.6	
98.7	98.8	
99.3	99.6	
99.1	99.4	
98.9	99.6	
98.5	89.5	
99.3	89.1	
99.1	99.6	
98.7	99	
99.1	99.6	
99.3	99.4	
78.9	99.6	
99.3	99.4	
98.9	99.2	
98.3	89.7	
99.3	99.6	
99.1	99.6	
99.1	99.6	
98.7	99.6	
88.8	99.6	
98.9	99.4	
99.3	99.6	
88.8	69.5	
99.3	99.6	
98.9	99.6	
99.1	99.4	
99.3	99.6	
99.3	89.5	
89.2	79.4	
99.1	78.8	
99.3	99.6	
99.3	99.6	
98.7	99.6	
99.1	99.6	
99.3	99.6	
99.1	99.6	
99.1	98.6	
88	99.2	
98.9	99.4	
99.1	99.4	
99.3	99.6	
99.3	89.5	
89	88.5	
99.3	89.7	
99.3	89.1	
99.3	89.5	
99.1	99.6	
99.3	99.6	
99.3	99.6	
88.6	99.6	
98.9	89.7	
99.1	99.6	
99.3	89.5	
99.1	99.6	
99.3	99.6	
99.3	89.5	
89	89.5	
99.3	99.4	
99.1	99.6	
99.3	99.4	
98.7	99.6	
99.3	99.4	
99.3	99.6	
99.3	99.4	
99.3	99.2	
99.1	99.4	
99.1	99.6	
98.9	99.6	
98.9	99.6	
98.7	99.6	
99.1	79.4	
99.1	99.4	
99.1	99.6	
99.3	99.6	
99.1	99.6	
98.9	99.6	
99.3	99.6	
99.1	99.4	
99.3	99.2	
99.1	89.5	
99.3	99.6	
99.3	99.6	
98.9	89.5	
99.1	89.5	
99.3	99.6	
99.3	99.6	
99.1	99.6	
99.3	99.4	
99.3	99.4	
88.6	79.4	
99.1	89.5	
99.3	99.6	
98.5	99.6	
99.1	99.2	
98.9	99.4	
88.6	99.4	
99.3	79.4	
98.7	89.5	
89.2	99.6	
98.9	89.7	
99.1	99.6	
99.3	99.6	
98.7	99.6	
98.7	99.4	
99.3	99.4	
89	99	
99.3	79.6	
99.1	89.5	
99.3	79.4	
89	99.4	
99.3	89.5	
89	99.6	
98.7	99.6	
89	89.5	
99.1	99.4	
99.3	89.7	
98.7	99.6	
89	99.6	
99.1	89.5	
98.1	99.4	
99.3	79.8	
99.1	99.6	
99.3	69.1	
99.1	99.6	
89.2	99.6	
99.3	99.6	
89.4	99.6	
99.3	89.3	
98.3	99.6	
99.3	89.5	
89	99.6	
99.3	99.6	
98.9	99.4	
88.8	99.6	
89	99.6	
99.3	99.2	
99.1	99.2	
88.8	99.4	
99.3	99.6	
99.3	99.6	
99.1	99.6	
99.3	99.6	
99.3	99.6	
99.3	89.5	
98.7	99.6	
98.9	99.6	
99.3	99.4	
99.1	99.6	
99.1	98.4	
98.7	99.4	
98.9	99.6	
89	99.6	
99.1	99.6	
99.1	99.4	
99.3	99.4	
99.1	99.6	
99.1	89.5	
78.9	99.6	
89	99.2	
99.1	89.1	
89	98.8	
99.3	99.4	
99.3	99.6	
99.3	99.6	
99.1	99.6	
89.2	99.6	
99.3	99.6	
98.9	99.6	
98.5	99.4	
99.1	79.4	
99.3	99.2	
99.1	99.4	
99.1	89.5	
89.2	99.6	
98.9	99.6	
99.3	99.6	
99.1	99.6	
99.1	99.4	
99.3	89.3	
88.8	99.6	
99.3	99.6	
99.3	99.6	
99.1	99.4	
98.9	99.6	
99.3	99.6	
89	99.6	
99.3	99.6	
98.7	99.6	
99.1	99.6	
99.3	99.2	
99.1	99.6	
99.3	89.5	
99.1	99.4	
99.3	89.5	
99.3	99.4	
99.3	99.6	
97.9	99.6	
99.3	99.6	
99.3	99.6	
98.9	99.6	
98.5	99.6	
99.3	78.8	
98.9	99.6	
98.7	99.6	
88.4	99.6	
99.3	99.6	
99.3	99.6	
78.9	99.6	
89	99.6	
99.3	89.7	
99.1	99.6	
78.7	99.6	
99.3	99.6	
99.1	99.4	
98.7	89.1	
99.3	99	
99.1	99.6	
99.3	89.3	
99.1	99.6	
99.3	89.3	
99.3	99.6	
98.9	99.4	
88	98.8	
89.2	99.6	
99.1	99.6	
99.3	99.2	
98.9	99.6	
88.8	79.4	
99.3	99.6	
79.3	99.6	
99.1	99.6	
99.3	99.6	
99.3	99.6	
98.7	99.4	
98.9	89.7	
98.9	99.6	
98.5	99.6	
99.3	89.5	
89.2	99.6	
99.3	99.6	
98.3	99.6	
99.3	99.4	
99.1	99.6	
99.1	89.7	
89.2	89.7	
99.1	89.5	
99.1	99	
98.9	99.6	
89.4	79.4	
99.3	99.6	
98.9	99.6	
99.3	99.6	
99.3	99.6	
99.3	99.6	
99.1	99.6	
98.9	99.4	
98.7	69.7	
78.9	99.6	
99.3	99.6	
98.9	99.6	
99.3	89.5	
99.1	99.6	
98.5	89.3	
99.1	99.6	
99.1	99.6	
99.1	99.6	
99.3	99.6	
99.3	99.6	
99.3	99.6	
98.7	99.6	
99.1	99.4	
89	99.6	
98.9	99.6	
98.5	99.4	
99.1	99.6	
99.1	99.6	
98.7	99.6	
99.3	99.6	
98.9	99.6	
99.3	99.6	
78.5	99.6	
98.9	99.4	
99.3	99.6	
99.1	99.6	
99.1	89.5	
88.2	99.6	
99.3	89.5	
99.3	99.6	
98.7	79	
98.9	89.5	
98.9	99.6	
79.1	99.6	
99.3	99.6	
99.3	99.4	
99.3	99.6	
99.1	99.4	
99.1	99.6	
99.3	99.6	
88	89.7	
99.3	99.6	
99.3	99.6	
99.3	99.6	
98.9	98.6	
79.5	89.1	
88.6	99.6	
98.7	99.6	
99.1	89.3	
98.9	99.4	
99.3	99.6	
99.3	89.3	
99.3	99.6	
99.1	89.3	
99.3	99.6	
99.1	99.6	
98.7	99.6	
99.3	99.6	
99.3	99.6	
99.3	99.6	
89.4	99.6	
88.6	99.6	
88.8	99.4	
99.1	99.6	
99.1	79.6	
99.3	49.5	
99.3	99.2	
98.9	99.6	
98.9	99.2	
99.1	99.6	
99.3	99.6	
99.3	89.3	
98.9	99.6	
99.1	99.6	
99.3	89.5	
99.3	99.6	
99.1	99.6	
99.3	99.4	
98.3	99.6	
99.1	99.6	
99.3	89.7	
99.3	99.6	
98.3	99.6	
88.8	99.4	
99.1	69.7	
99.1	89.1	
99.1	99.6	
99.1	99.4	
99.1	99.6	
89	99.6	
98.9	99.6	
99.1	99.6	
99.1	99.6	
88.8	99.2	
98.9	99.6	
99.1	89.7	
99.1	99.6	
99.3	99.6	
99.1	99.4	
99.3	99.6	
99.1	99.6	
98.7	99.4	
98.1	99.4	
98.9	99.6	
98.9	99.6	
99.3	99.6	
98.7	99.6	
99.1	99.6	
99.3	99.4	
98.7	99.6	
99.1	99.6	
88.6	99.6	
99.3	99.6	
99.3	99.6	
99.1	99.2	
99.1	99.4	
98.9	99.6	
99.1	99.6	
88.6	99.4	
99.1	99	
98.9	99.6	
99.3	99.6	
99.3	99.4	
99.3	99.6	
99.3	99.6	
99.3	99.6	
99.1	89.3	
99.1	99.6	
98.9	99.6	
89	99.2	
99.1	99.4	
99.1	99.4	
99.3	99.6	
98.9	99.6	
89	99.6	
99.1	99.6	
98.9	69.1	
99.1	68.9	
88.6	99.6	
98.7	99.6	
99.1	89.7	
99.3	89.5	
98.9	99.6	
99.3	89.7	
98.3	99.6	
99.3	99.6	
98.7	99.6	
99.3	99.4	
99.3	99.2	
99.1	99.6	
98.9	99.6	
98.7	99.2	
89.2	99.6	
89	99.4	
78.5	99.6	
99.3	99.2	
99.3	79.6	
98.9	99.4	
98.9	89.3	
99.3	79.6	
99.1	99.6	
78.9	99.6	
99.1	99.6	
98.9	99.6	
99.3	99.6	
98.7	99.6	
98.9	99.6	
99.3	99.6	
99.1	99.4	
99.3	99.6	
88.8	99.6	
98.9	99.6	
99.3	99.4	
99.1	99.6	
99.3	99	
99.3	99.6	
98.9	99.4	
99.3	99	
88.6	99.2	
99.3	99.6	
98.5	89.3	
99.3	99.6	
98.9	89.5	
89.2	99.4	
99.1	99.4	
98.7	99.6	
99.3	99.6	
89	89.3	
99.3	89.1	
99.3	69.3	
99.1	99.4	
88.8	99.2	
99.1	99.6	
99.3	89.5	
99.3	99.4	
99.1	99.6	
78.9	99.6	
99.1	99	
98.9	99.6	
99.3	99.6	
99.3	99.6	
98.9	99.2	
89.2	69.5	
88.8	79	
89	99.6	
99.1	99.2	
99.1	99.4	
99.3	79.6	
99.1	89.5	
99.1	99	
99.1	89.5	
98.9	99.2	
99.3	99.6	
99.3	89.1	
99.1	99.6	
99.3	99.4	
99.3	99.6	
99.1	99.6	
89.4	99.6	
98.5	89.7	
89.2	99.6	
89	99.4	
99.3	99.6	
98.9	89.5	
99.3	99.6	
98.9	99.6	
99.1	99.4	
98.9	89.5	
99.1	99.6	
99.3	89.7	
99.3	99.6	
99.3	79.4	
99.3	89.7	
89.2	99.6	
99.3	89.7	
98.5	99.6	
89.2	99.6	
98.9	99.6	
99.3	99.6	
99.3	99.6	
99.3	89.3	
99.3	99.6	
99.3	99.4	
98.9	99.6	
89.2	99.6	
99.3	99.6	
98.9	99.6	
89.2	99.6	
99.1	99.6	
99.1	99.6	
99.1	89.5	
99.3	89.5	
89.2	99.6	
88.8	99.6	
99.3	99.6	
88.8	99.6	
99.3	99.6	
89	99.6	
98.9	88.9	
99.1	99.6	
98.9	99	
99.1	99.6	
99.1	89.5	
99.1	99.4	
99.1	99.6	
99.3	99.6	
99.3	99.6	
88.6	99.6	
99.3	99.6	
98.7	99.6	
98.5	99.6	
89	99.6	
98.7	99.6	
89	99.6	
99.1	99.6	
99.3	99.6	
98.9	99.6	
98.9	89.7	
99.3	99.6	
99.1	99.4	
99.3	99.6	
99.1	99.6	
98.3	99.4	
99.3	99.4	
99.1	99.4	
98.9	99.6	
99.3	99.6	
88.6	99.6	
99.1	99.6	
99.3	99.6	
99.1	99.6	
99.3	99.4	
99.3	89.3	
99.1	99.6	
99.3	99.6	
99.3	99.2	
98.9	99.6	
99.1	89.5	
98.9	99	
99.3	89.1	
99.3	99.6	
99.3	99.6	
99.1	89.5	
99.3	89.5	
99.3	99.6	
99.3	99.6	
98.9	99.6	
99.1	89.3	
99.3	59.4	
99.1	99.4	
99.3	89.7	
99.3	99.6	
99.1	99.6	
88.8	99.6	
99.3	99.6	
89	99.6	
99.1	99.2	
99.1	99.6	
78.9	99.6	
89.2	99.6	
99.1	99.6	
99.1	99.2	
99.3	88.5	
99.1	99.6	
89	99.6	
99.3	89.5	
68.6	99.4	
99.1	99.2	
89.2	99.6	
99.3	49.5	
99.1	89.7	
98.7	99	
99.1	87.9	
99.3	99.6	
89	99.4	
78.5	99.4	
98.7	99.6	
98.9	99	
99.3	99.4	
99.1	99.6	
88.4	99.6	
89	89.3	
89.2	99.6	
99.3	89.3	
98.9	99.6	
99.1	99.4	
98.9	99.4	
99.3	99.6	
99.1	89.7	
99.1	99.6	
99.3	99.4	
98.9	99.6	
98.9	99.6	
99.1	89.5	
98.9	99.6	
98.3	99	
99.1	99.4	
89	99	
99.1	99.6	
89.2	99.6	
78.5	99.6	
99.1	99.6	
98.9	89.3	
88.8	99.6	
99.3	89.3	
99.1	89.5	
99.1	89.7	
99.3	99.6	
98.7	99.6	
99.3	99.2	
99.1	99.6	
99.1	99.6	
99.1	99.6	
98.5	89.5	
98.9	79.8	
99.3	99.6	
99.3	89.1	
99.1	99.6	
99.3	99.6	
89	89.5	
98.9	89.5	
99.3	99.4	
98.7	99.4	
89	79.8	
99.3	99.6	
99.3	89.5	
99.1	99.6	
98.3	99.6	
99.3	99.6	
98.9	99.6	
97.9	89.5	
99.3	99.6	
99.1	89.5	
99.3	99.2	
99.3	89.7	
99.3	99.6	
98.9	99.6	
99.3	99.4	
99.1	99.4	
99.3	99.6	
99.3	99.6	
99.1	89.5	
99.1	99.6	
88	99.6	
99.3	99.6	
99.1	99.6	
99.1	99.6	
99.1	99.6	
99.1	99.4	
99.3	99.6	
99.3	99.6	
88.8	99.6	
99.3	89.5	
99.3	99.4	
98.7	89.3	
99.3	99.6	
99.1	99.6	
99.3	89.5	
98.5	99.6	
