98.9	79.4	
98.9	79.4	
89.2	89.5	
98.7	89.5	
98.9	88.7	
99.1	89.5	
99.3	89.3	
99.1	89.5	
99.3	89.3	
99.3	89.3	
99.1	79.2	
98.9	69.1	
99.1	89.3	
99.1	88.9	
99.1	89.5	
99.3	89.5	
99.1	69.1	
89.4	89.5	
99.3	89.5	
99.3	79.4	
88.6	89.5	
89.4	89.5	
99.3	89.5	
99.3	79.4	
88.8	89.5	
98.9	89.5	
99.3	89.5	
98.9	89.5	
99.1	89.5	
88.4	89.3	
89	89.5	
98.9	89.5	
98.9	89.3	
99.1	89.5	
99.3	89.5	
99.3	89.5	
99.3	79.4	
99.1	89.5	
99.3	89.3	
99.3	89.5	
88.8	89.5	
98.9	79.2	
99.3	89.5	
89	89.5	
99.1	89.5	
99.3	79	
99.3	89.5	
99.3	89.5	
98.5	69.3	
99.3	89.5	
99.1	69.1	
99.3	79.4	
89.4	89.5	
99.1	89.5	
99.1	89.3	
99.3	99	
98.5	89.3	
89	99.2	
99.3	89.5	
99.1	88.9	
99.3	89.3	
98.9	89.5	
98.9	89.5	
99.1	89.3	
98.9	89.3	
99.3	89.5	
98.9	89.3	
99.1	89.3	
99.3	99.4	
99.3	89.5	
98.9	89.3	
89	89.5	
99.1	89.3	
89.2	79	
99.3	68.9	
98.9	89.5	
99.3	89.1	
99.3	89.1	
99.3	89.3	
99.3	89.5	
98.9	89.5	
99.3	79	
99.3	89.1	
99.3	88.9	
99.3	89.3	
99.1	89.5	
98.9	88.9	
99.1	99.4	
99.3	99.2	
99.1	89.3	
99.1	89.5	
99.3	79.4	
99.1	79.2	
88.6	89.5	
99.3	88.9	
99.1	89.5	
99.3	89.5	
99.1	89.1	
99.3	89.3	
99.1	79.2	
98.9	89.5	
98.9	89.5	
89.2	89.1	
99.1	89.3	
99.1	89.5	
89.2	89.5	
99.3	89.3	
99.3	89.5	
99.1	89.5	
99.3	89.3	
89	89.5	
99.1	89.5	
99.3	89.5	
99.1	89.3	
88.8	89.3	
99.1	89.5	
99.3	89.5	
99.3	79.2	
99.3	79.4	
98.7	89.3	
98.7	89.3	
98.9	79.2	
99.1	98.8	
99.3	89.1	
99.1	89.5	
99.3	89.3	
89.2	89.5	
99.1	79.4	
89.2	79.2	
99.1	89.5	
89	89.5	
99.3	99.6	
99.1	89.5	
99.3	89.1	
99.1	89.5	
99.1	89.3	
89.2	89.5	
98.9	89.5	
99.3	89.3	
99.3	89.5	
99.3	89.5	
89.4	89.3	
99.3	89.3	
99.3	88.9	
99.1	89.5	
88.4	89.5	
98.9	89.5	
98.9	89.3	
78.9	89.5	
99.1	88.5	
99.3	89.3	
99.1	89.5	
89.4	89.5	
99.3	89.5	
99.3	89.5	
98.7	79.4	
89	89.5	
99.3	89.3	
99.1	89.5	
99.1	89.5	
98.7	89.5	
98.7	99.2	
99.1	89.5	
99.3	89.3	
99.3	89.3	
99.3	89.5	
99.3	89.1	
89.4	89.5	
99.3	79.4	
99.3	89.5	
99.1	79.4	
89.2	89.5	
98.7	89.3	
78.9	89.3	
99.3	89.3	
99.1	89.5	
99.3	89.5	
99.1	89.3	
99.3	89.3	
98.9	89.1	
99.3	89.5	
88.6	89.5	
68.2	89.1	
79.1	79	
99.3	89.5	
99.3	89.1	
99.1	79.2	
99.3	89.5	
99.1	89.3	
98.9	89.5	
99.3	89.5	
89.2	89.5	
99.1	89.3	
98.9	89.3	
99.3	89.5	
99.1	69.3	
89.2	89.1	
99.3	88.9	
99.1	99.4	
99.1	88.7	
99.1	89.5	
89.2	89.5	
98.9	89.5	
99.3	89.5	
99.1	89.3	
99.3	99.4	
99.3	79.4	
99.3	89.5	
99.3	89.5	
99.3	89.5	
98.7	89.3	
99.1	89.5	
99.3	89.3	
89	89.5	
99.1	89.5	
99.1	79.2	
99.3	79.4	
99.3	79.4	
98.9	79.2	
99.3	68.7	
99.3	89.3	
99.1	89.3	
99.3	89.5	
99.3	89.5	
98.9	89.5	
99.3	89.5	
99.3	89.5	
99.3	89.3	
98.7	89.5	
98.9	89.1	
98.9	88.7	
99.3	89.1	
98.9	89.3	
98.7	89.5	
99.3	89.5	
98.5	89.3	
88.8	99.4	
98.5	89.1	
99.3	89.5	
99.1	89.5	
99.1	89.5	
98.7	89.3	
99.1	89.5	
99.1	89.5	
99.3	89.1	
99.3	79	
98.9	89.5	
99.3	79.2	
99.3	89.1	
98.7	89.5	
99.3	89.3	
99.3	89.5	
99.1	89.5	
99.3	89.1	
99.3	89.3	
98.7	79.4	
99.1	79.4	
88.8	89.3	
99.3	89.3	
88.6	79.2	
99.1	89.5	
98.5	89.3	
98.9	79.2	
99.1	89.5	
99.3	89.3	
99.3	89.1	
99.1	89.5	
99.3	89.5	
99.3	78.8	
89.2	89.3	
98.9	89.3	
98.9	69.1	
98.9	99.6	
99.1	89.5	
99.1	89.5	
99.3	89.5	
79.3	89.5	
98.9	99.2	
99.3	79.4	
99.1	89.5	
89.2	89.5	
99.3	89.3	
98.7	89.3	
99.1	89.1	
99.1	78.8	
88.8	89.5	
89	89.5	
99.3	79.4	
98.9	89.3	
98.9	89.5	
99.1	89.3	
99.1	89.5	
99.1	89.5	
89.4	89.1	
89.4	89.5	
99.3	89.5	
88.4	79.4	
98.9	89.5	
99.3	88.9	
98.5	89.3	
98.9	89.5	
99.3	79.4	
99.1	89.3	
99.1	89.5	
99.1	79.4	
99.1	79.4	
99.1	99.4	
99.1	69.3	
98.9	89.3	
99.3	89.5	
98.9	79.4	
99.1	89.1	
89.2	79.4	
99.3	89.5	
98.5	89.5	
99.3	89.1	
98.7	89.5	
99.3	79	
99.1	89.5	
99.1	89.5	
99.3	89.5	
99.3	89.5	
98.5	79.4	
99.3	89.3	
99.3	88.7	
99.3	89.3	
67.8	89.1	
99.1	89.5	
98.9	89.5	
99.1	89.5	
99.3	89.5	
89.2	99.4	
88.6	79.4	
99.3	89.5	
89.4	89.5	
98.9	89.3	
89	99.6	
99.1	99.4	
98.7	89.5	
99.1	89.3	
99.3	89.5	
99.3	89.3	
98.9	89.3	
99.1	89.5	
89.2	99	
99.1	69.1	
98.9	89.5	
98.9	89.1	
99.3	89.5	
99.1	89.5	
99.1	89.5	
98.9	89.5	
99.1	89.5	
99.3	79.4	
98.9	89.5	
99.1	89.5	
99.3	89.3	
99.3	89.1	
99.3	88.9	
98.5	89.1	
99.1	89.3	
98.9	89.5	
99.3	89.1	
99.1	89.5	
98.9	89.5	
99.3	89.3	
99.1	89.5	
99.1	89.3	
99.1	89.3	
89.2	89.3	
98.9	89.3	
98.9	89.5	
99.3	89.3	
99.3	79.2	
98.7	89.3	
99.1	89.1	
99.1	79.4	
98.9	89.3	
99.3	79.2	
99.3	89.3	
98.5	89.3	
99.1	89.1	
98.7	89.5	
99.1	79	
89.2	89.3	
99.1	88.9	
99.1	89.5	
99.3	89.5	
99.3	89.5	
99.3	89.5	
99.1	79.2	
99.1	89.5	
99.1	79.4	
99.3	89.5	
99.1	89.3	
79.1	89.5	
99.1	89.3	
98.9	89.5	
99.1	89.5	
88.8	89.1	
88.8	89.1	
89	89.3	
99.3	88.9	
99.3	89.5	
99.1	89.5	
99.3	89.5	
99.1	89.5	
99.3	89.1	
89	89.5	
99.3	89.5	
99.3	89.5	
99.3	79.4	
98.9	89.3	
99.1	79.4	
98.9	79.2	
78.9	79.2	
99.3	79	
99.1	89.5	
99.3	79.4	
99.1	89.3	
99.1	89.5	
99.3	69.1	
98.9	89.5	
99.1	89.5	
88.6	89.5	
99.1	89.5	
99.3	89.5	
98.9	89.5	
78.3	89.5	
98.3	89.5	
99.1	79	
99.3	89.5	
99.3	89.3	
99.1	89.5	
99.3	89.5	
99.3	99.4	
89	89.5	
99.3	79	
99.1	89.3	
98.9	89.3	
99.3	69.1	
99.3	89.5	
89.4	89.3	
99.1	89.5	
99.3	89.3	
89	89.3	
99.3	89.5	
89	89.5	
99.1	79.4	
99.3	79.4	
99.1	89.5	
99.1	89.5	
99.3	89.3	
99.3	89.5	
98.5	79.4	
98.5	79.4	
99.3	89.3	
99.1	89.3	
99.1	89.5	
99.3	89.5	
99.1	89.5	
99.3	89.5	
99.1	89.5	
99.1	89.5	
99.3	89.3	
78.3	89.3	
98.9	89.5	
98.9	89.5	
98.9	89.5	
88.8	79.2	
89.2	89.5	
99.3	79.4	
99.1	79.4	
99.3	89.5	
98.7	79.4	
99.3	89.3	
99.1	89.5	
99.3	89.5	
99.3	89.5	
99.1	89.3	
99.3	89.5	
98.9	89.5	
88.8	89.3	
99.1	89.3	
89.4	79.2	
99.1	89.3	
99.1	89.5	
99.3	89.5	
99.3	89.5	
89	89.1	
98.9	79.4	
99.1	99.6	
99.3	89.5	
99.1	89.3	
99.1	99.4	
99.3	89.5	
98.9	89.5	
58.9	89.5	
78.5	89.5	
89.2	89.5	
89.2	89.5	
89.4	89.5	
99.1	89.3	
99.3	89.5	
89	89.3	
88.8	89.3	
99.3	79.4	
99.3	89.3	
99.3	89.3	
99.3	89.5	
99.3	89.5	
89.4	89.5	
98.9	89.1	
99.3	89.1	
99.1	89.3	
99.3	89.3	
99.3	89.3	
89	89.5	
99.3	89.5	
99.1	99.2	
98.3	79.4	
89	89.5	
99.3	89.3	
99.3	89.3	
98.9	89.5	
98.7	89.5	
99.3	88.9	
98.9	89.5	
99.1	89.3	
89.2	89.3	
99.1	89.1	
98.7	89.5	
99.3	89.3	
99.1	89.5	
99.1	79.4	
98.9	89.5	
98.9	79.6	
99.3	99	
99.3	89.5	
98.1	89.5	
99.1	79.4	
89.2	89.3	
99.3	79.4	
99.1	99.4	
99.1	99.6	
89.4	89.5	
99.1	89.1	
98.9	89.5	
99.1	79.2	
89	89.5	
89.4	89.1	
99.1	89.5	
99.3	89.5	
88.6	89.5	
89	89.3	
99.3	89.5	
99.3	89.5	
98.7	89.5	
99.1	88.9	
99.1	89.5	
99.1	89.5	
99.3	89.5	
99.3	79.4	
99.3	99.4	
99.1	89.5	
98.9	89.5	
99.3	78.6	
98.9	79.4	
99.3	89.5	
98.5	89.3	
89.2	89.3	
98.9	89.5	
98.7	89.5	
98.5	79.4	
99.3	89.3	
98.9	89.3	
99.3	89.3	
98.9	89.1	
99.3	89.5	
99.3	89.3	
99.1	79.2	
98.7	89.5	
99.3	89.5	
99.1	89.1	
99.1	89.5	
99.3	89.5	
99.1	89.5	
99.1	89.5	
99.1	79.2	
89.2	89.3	
99.3	79.4	
89	89.5	
99.3	89.5	
99.3	89.5	
99.1	89.5	
99.3	88.7	
99.1	89.3	
99.1	89.3	
78.9	89.3	
98.7	89.5	
89	89.5	
99.1	89.3	
99.3	89.3	
99.1	89.5	
89	89.5	
99.3	79	
98.5	89.5	
98.7	88.7	
89	89.3	
99.3	89.5	
98.3	89.5	
89.2	89.5	
98.1	89.5	
98.7	79.4	
99.3	89.5	
99.3	79	
99.3	89.5	
99.3	89.3	
99.3	89.3	
99.3	89.5	
89.4	89.5	
89.4	89.5	
99.1	89.5	
99.3	89.3	
99.3	89.5	
89.2	89.3	
89.4	79.2	
99.1	99.2	
99.1	88.7	
99.3	89.5	
89.2	89.3	
98.9	99.2	
99.3	89.1	
99.3	89.5	
99.1	79.4	
99.3	89.5	
99.1	89.1	
99.3	89.5	
99.3	89.1	
89.4	79.2	
89	99.2	
99.1	89.1	
99.3	89.3	
99.1	79.4	
99.1	99.2	
99.3	99	
99.3	89.3	
99.3	89.5	
99.3	89.3	
99.1	89.3	
99.3	99.2	
89.2	69.1	
99.1	89.1	
99.3	88.9	
98.9	89.5	
98.9	89.5	
99.1	78.8	
98.9	79.4	
98.9	79.2	
99.1	89.5	
98.9	89.5	
88	89.3	
89	89.5	
99.1	89.1	
98.9	78.6	
88.6	89.5	
99.3	88.9	
99.1	89.5	
98.7	89.5	
68.8	89.1	
99.3	99.4	
99.1	89.3	
99.3	89.5	
99.3	89.3	
99.1	79.2	
99.3	89.5	
99.1	89.5	
89	79	
89	89.5	
99.3	89.5	
98.5	89.5	
99.3	89.5	
99.1	89.3	
89.2	89.5	
99.3	89.5	
99.1	89.5	
98.7	99.2	
99.3	79.4	
98.5	89.5	
98.9	89.3	
98.7	89.5	
99.1	89.1	
99.3	88.9	
98.9	89.3	
89	79.2	
98.7	89.5	
89.2	89.3	
99.3	89.5	
98.9	89.3	
99.3	89.5	
98.9	89.3	
89.2	89.5	
98.9	89.3	
99.1	89.1	
99.3	89.3	
99.1	89.3	
89	89.5	
99.1	79.4	
89.2	89.5	
99.1	99.6	
89.2	79.4	
99.1	79.2	
98.9	89.5	
98.9	79.4	
99.3	88.9	
99.3	89.5	
99.3	89.5	
99.1	89.3	
98.7	89.3	
89	99.4	
89	79.4	
99.1	89.3	
99.3	89.3	
99.1	89.5	
99.3	79.2	
99.1	89.5	
99.1	89.5	
89.2	89.5	
99.1	89.5	
99.1	89.1	
99.3	89.3	
99.3	89.1	
99.1	89.5	
98.9	79.2	
99.3	89.5	
98.9	89.3	
99.3	79.2	
99.1	89.3	
99.3	89.5	
98.5	89.5	
99.3	89.5	
99.1	89.3	
99.1	89.3	
98.9	89.5	
89.4	79.2	
98.9	89.5	
99.3	99.4	
99.3	79.4	
99.3	89.5	
99.3	89.1	
99.1	89.5	
99.1	79.4	
99.3	89.5	
99.3	89.1	
99.3	89.5	
99.1	89.5	
89.2	89.1	
99.3	89.5	
99.3	69.3	
99.3	89.5	
99.1	89.5	
98.9	89.3	
99.3	89.5	
99.3	79.2	
99.1	89.5	
89.2	79.4	
98.9	89.5	
88.2	89.5	
98.1	99.4	
98.7	89.3	
98.9	89.5	
89.4	89.5	
99.3	89.1	
99.3	89.5	
99.3	89.1	
99.3	89.5	
99.1	89.5	
99.3	89.5	
89	89.1	
99.3	89.1	
99.1	89.5	
79.1	99.4	
88.8	89.3	
89.2	78.4	
99.3	89.5	
99.3	79.4	
99.3	89.5	
98.5	79.4	
99.1	89.5	
99.3	89.3	
67.8	89.5	
99.3	89.5	
89	89.3	
98.9	99.4	
98.7	89.3	
98.7	89.1	
99.3	78.8	
99.3	89.5	
99.3	89.5	
99.1	79	
99.1	89.5	
89	89.5	
99.3	89.3	
99.1	79.4	
99.3	89.3	
99.1	99.6	
99.1	89.5	
98.9	89.5	
99.1	89.5	
89	79.4	
98.9	99.4	
99.3	89.3	
99.3	89.5	
99.3	89.5	
98.9	89.5	
98.9	99.4	
98.9	88.5	
98.5	79.4	
99.1	89.3	
98.9	99.4	
98.7	89.3	
98.9	89.3	
98.7	89.3	
99.1	89.5	
98.9	89.3	
89	89.3	
99.3	89.3	
99.1	79.4	
99.1	88.5	
99.3	89.5	
99.1	79.4	
97.9	89.1	
99.3	89.5	
98.9	89.5	
89.2	89.3	
99.3	89.1	
99.3	89.3	
99.3	89.1	
89	79.4	
98.7	89.5	
99.3	79.2	
99.3	89.5	
98.7	89.5	
99.3	89.5	
88.8	89.3	
98.5	89.3	
99.1	88.9	
99.3	89.3	
99.1	89.5	
89	89.5	
99.1	89.1	
99.3	88.9	
99.1	89.5	
99.1	99.4	
99.3	89.5	
89.4	89.5	
89	88.9	
99.3	89.5	
99.3	79	
99.1	89.5	
99.1	89.5	
99.1	79.2	
99.1	79.2	
99.3	89.5	
99.3	69.3	
99.3	89.5	
99.3	79.4	
98.9	89.5	
99.3	89.3	
99.3	88.9	
99.3	99.4	
99.1	89.3	
99.3	88.9	
99.3	89.3	
99.1	89.3	
99.3	79.4	
99.1	89.3	
79.3	89.5	
99.3	89.5	
99.1	79.4	
98.9	89.3	
99.3	89.5	
99.1	99.4	
89.2	89.5	
99.3	89.5	
99.3	89.5	
99.1	79.4	
99.1	89.3	
99.1	89.5	
89.2	89.5	
99.3	89.5	
88.6	89.3	
98.9	89.5	
99.3	89.5	
79.3	89.5	
89.4	89.5	
99.1	88.9	
98.9	89.5	
98.9	89.5	
99.3	89.5	
99.3	89.3	
89	89.3	
99.1	88.7	
98.9	79.4	
99.3	89.3	
99.1	89.3	
99.3	89.5	
99.3	69.3	
89	89.3	
99.3	89.5	
99.3	89.3	
99.3	89.3	
98.9	89.5	
99.3	89.5	
89.4	89.5	
99.1	89.3	
99.1	89.5	
99.1	89.3	
99.3	89.5	
98.9	99.2	
99.1	89.5	
99.1	99.4	
99.3	89.5	
99.3	99.6	
89.2	89.5	
99.1	89.5	
99.1	89.3	
88.4	79.4	
99.3	89.3	
89.2	89.3	
99.3	89.5	
99.3	89.5	
99.1	79.4	
99.3	79.4	
99.3	79.4	
99.3	69.3	
99.1	89.3	
99.3	89.5	
99.3	89.5	
99.3	89.5	
79.1	79	
99.3	89.3	
99.3	89.5	
99.1	89.5	
89.2	89.5	
99.1	89.1	
98.7	89.1	
99.3	89.5	
89.4	89.5	
99.3	79.4	
99.3	79.4	
99.1	89.5	
98.7	89.5	
99.1	78.8	
98.9	89.5	
98.9	88.9	
98.9	89.5	
89.2	98.8	
99.3	89.3	
99.3	89.5	
99.3	89.3	
79.1	79.2	
99.3	89.5	
89.4	99.4	
98.9	89.5	
88.8	89.5	
99.1	79.4	
99.1	89.1	
99.1	79	
99.1	79.2	
99.3	79.4	
99.3	89.5	
99.3	89.5	
99.3	89.5	
99.1	89.5	
98.9	79.2	
99.3	89.5	
99.3	79.2	
99.3	89.5	
99.3	79.4	
98.9	79.4	
89.2	79.2	
98.9	89.3	
99.1	89.3	
99.3	89.5	
99.3	89.5	
98.5	89.5	
99.3	89.5	
99.3	89.1	
89.4	89.3	
99.3	89.5	
99.3	79.4	
99.1	89.5	
89	89.3	
98.9	79.4	
98.7	88.9	
98.9	89.3	
89.4	89.5	
99.3	89.5	
99.1	89.5	
