99.3	99.4	
98.9	99.6	
99.1	99.2	
89.2	99.4	
99.3	99.6	
99.3	79.4	
99.3	49.3	
99.3	99.6	
99.1	99.6	
99.3	99.6	
98.7	99.6	
99.1	99.6	
99.3	99.6	
99.3	99.6	
99.1	99.6	
99.3	99.6	
99.1	79.4	
99.3	89.3	
99.1	79.4	
99.3	99.6	
99.3	99.6	
89.2	99.6	
99.3	99.6	
99.3	99.6	
99.3	99.6	
89.4	99.6	
89.2	99.6	
89.2	99.6	
99.3	99.6	
99.1	99.6	
97.9	99.4	
99.1	99.4	
98.9	99.6	
97.5	99.6	
98.9	99.4	
99.1	99.6	
99.1	99.6	
89	99.6	
99.1	99.4	
89	99.6	
98.9	79.4	
98.9	99.6	
89.2	79.2	
99.3	89.5	
99.3	99.4	
89.2	99.6	
98.9	69.3	
88.8	99.6	
89.2	99.4	
99.3	99.6	
99.3	99.6	
88.6	99.6	
99.1	99.6	
99.3	79.4	
99.3	99.2	
89	99.4	
99.3	99.6	
99.3	99.4	
88.4	99.6	
99.1	99.6	
87.8	99	
99.1	99.2	
99.1	99.6	
99.1	99.6	
99.1	99.6	
89.2	99.6	
99.3	99.4	
99.3	99.4	
99.1	99.6	
87.6	99.4	
77.1	99.6	
99.3	88.9	
99.3	99.4	
89.2	99.6	
98.9	99.6	
99.1	99.4	
99.1	89.5	
89.4	99.4	
99.3	99.6	
99.3	99.6	
99.3	99.2	
99.3	99.4	
99.3	99.6	
99.3	79.6	
99.3	99.6	
98.5	99.2	
99.1	99.2	
99.1	99.4	
99.3	99.6	
99.3	99.4	
99.3	99.4	
99.3	99.6	
99.3	99.6	
67.6	89.7	
99.3	99.4	
99.3	99.4	
99.3	99.6	
99.3	99.6	
99.3	99.6	
99.3	99.6	
88.6	99.6	
99.1	89.5	
99.3	99.4	
98.9	99.6	
99.1	99.4	
89.2	99.6	
99.3	89.7	
99.3	99.6	
98.9	99.4	
99.3	99.6	
99.1	99.6	
99.1	99.6	
89.2	89.7	
99.1	99.6	
99.3	99.6	
99.3	99.4	
99.3	79.4	
97.7	99.6	
89.4	99.6	
98.7	99.6	
98.5	99.6	
99.3	99.6	
89	99.6	
88.8	89.1	
89.2	99.6	
99.1	99.6	
98.9	99.6	
87.4	89.5	
99.3	99.4	
99.3	89.3	
99.1	99.6	
89	99.6	
99.3	99.4	
99.3	99.4	
99.3	99.6	
99.1	99.6	
99.3	99.6	
89.2	99.6	
99.3	99.6	
99.3	99.6	
88.4	98.8	
99.3	98.8	
98.7	99.6	
89	99.6	
88.8	99.6	
99.3	99.4	
89.2	79.4	
99.3	89.3	
99.1	99.2	
89	99.6	
99.1	99.6	
99.3	99.6	
99.3	98.6	
98.7	99.6	
99.3	99.4	
99.3	79.4	
99.3	68.7	
98.9	99.6	
89	99.6	
89.2	99.6	
99.1	99.6	
99.3	99.4	
89	99.4	
99.3	99.6	
99.3	99.4	
99.3	99.6	
99.3	59	
98.9	99.2	
98.9	99.4	
99.3	99.4	
99.3	99.6	
99.3	99.4	
99.1	99.6	
99.1	89.1	
97.7	99.6	
99.3	99.2	
99.3	99.6	
89.2	99.6	
99.3	99.6	
99.3	89.5	
99.3	99.6	
97.7	99.4	
88.4	99.6	
89.2	99.6	
99.3	99.6	
99.1	99.6	
99.1	99.4	
98.5	99.6	
99.1	99.2	
89.4	99.6	
99.3	99.2	
99.3	99.4	
89.2	99.6	
99.3	99.6	
99.3	99.6	
99.1	99.6	
98.9	99.6	
99.3	99.6	
99.3	99.2	
98.9	99.6	
99.3	99.6	
98.9	79.4	
99.1	99.6	
99.3	99.6	
99.1	99.2	
99.1	89.5	
89	99.4	
88.6	99.4	
99.3	99.4	
99.3	99.4	
99.3	99.2	
99.1	99.4	
99.3	99.6	
99.1	99.6	
97.7	99.6	
99.1	99.6	
89	99.6	
99.3	99.6	
99.3	99.4	
99.3	99.6	
89	99.6	
88.8	99.4	
99.3	79.4	
89.2	99.6	
99.3	99.4	
88.4	99.6	
99.3	79.4	
99.3	99.6	
99.3	99.4	
99.3	99.2	
99.1	99.6	
89	99.4	
89.2	99.4	
89.2	99.4	
99.3	99.6	
99.3	99.2	
98.7	99.6	
77.1	99.6	
99.1	79.2	
89.4	99.6	
98.9	99.6	
99.3	99.6	
98.7	99.6	
99.3	99.6	
99.1	89.5	
99.3	99.4	
99.3	99.6	
99.3	99.6	
99.1	99.2	
89.2	99.4	
99.3	99.6	
99.1	99.6	
89	99.2	
99.3	99.6	
99.3	99.2	
88.4	99.6	
99.3	99.6	
99.3	99.4	
87.4	99.6	
99.1	99.4	
99.1	99.6	
99.1	89.7	
89	99.6	
99.3	99.6	
99.3	99.6	
99.1	99.4	
99.1	99.4	
99.3	99.6	
99.3	99.6	
98.9	79	
99.1	99.4	
99.1	99.6	
98.9	99.4	
98.9	99.6	
88.8	69.3	
88.8	99.4	
99.3	99.6	
99.3	99.6	
88.2	89.5	
88.8	99.6	
99.3	99.6	
97.9	99.4	
98.9	99.6	
99.3	99.2	
98.9	99.6	
88.8	99.6	
99.3	78.8	
99.3	99.4	
89	99.6	
99.3	99.2	
98.9	89.5	
99.3	99.6	
99.3	89.5	
99.3	99.6	
99.3	99.6	
99.3	99.6	
99.3	99.6	
89.2	99.6	
98.9	79	
99.3	99.4	
88.4	99.6	
99.3	18.4	
99.3	89.5	
99.3	99.6	
99.1	98.8	
99.3	99.6	
99.3	99.6	
99.3	99.6	
98.9	89.5	
87.8	99.6	
99.1	99.6	
98.7	99.6	
99.3	99.6	
99.1	99.6	
78.9	99.6	
89.2	79	
99.1	89.7	
99.3	99.4	
99.1	99.6	
99.1	99.6	
99.3	99.6	
99.3	99.6	
98.9	99.6	
99.1	99.6	
99.3	99.6	
99.3	99.6	
88.4	99.6	
99.3	99.6	
99.3	99.6	
98.5	99.4	
99.1	99.6	
99.1	99.6	
99.3	99.6	
78.9	89.3	
78.9	99.4	
98.7	99.4	
89	99.6	
99.3	99.6	
99.3	99.6	
99.3	99.6	
98.9	99.6	
99.3	99.6	
99.1	99.6	
99.3	99.6	
78.1	99.6	
99.1	89.1	
99.3	99.6	
99.1	99.6	
99.3	99.6	
99.3	99.2	
99.1	99.6	
99.1	99.4	
99.1	99	
99.3	99.6	
99.1	99.6	
99.3	99.6	
99.3	99.4	
89.2	99.6	
99.3	99.6	
98.9	99.4	
88	99.6	
99.3	99.4	
99.3	99.6	
87.6	79.4	
89.4	99.6	
99.3	99.6	
99.3	79.2	
99.1	99.6	
99.1	99.6	
99.3	99	
89.2	99.2	
99.1	99.2	
99.3	99.4	
98.7	99.4	
99.3	99.6	
99.3	99.4	
99.3	99.6	
99.3	99.4	
99.3	99.2	
99.3	89.5	
99.3	99.6	
88	89.3	
99.3	99.6	
99.1	99.6	
89.2	99.6	
99.1	99.6	
99.3	99.6	
99.3	79.2	
99.1	99.4	
99.1	99.6	
99.1	99.4	
99.3	99.6	
98.1	89.5	
99.3	99.6	
99.1	99.6	
99.1	99.6	
97.9	99.6	
99.3	99.6	
99.3	99.4	
99.3	99.6	
99.3	99.6	
89.2	99.6	
98.7	99.6	
99.3	89.7	
99.3	99.6	
99.3	99.6	
99.3	99.4	
99.3	99.6	
99.1	99.6	
99.1	99.6	
98.9	99.2	
88.8	99.6	
99.3	99.6	
99.1	89.7	
99.1	89.7	
99.1	99.6	
99.1	99.6	
98.1	99.6	
98.7	99.6	
99.3	99.6	
98.7	89.5	
88.8	99.6	
99.1	99.6	
87	99.4	
98.1	99.6	
99.3	99.6	
99.3	99.4	
99.3	99.4	
99.3	99.6	
99.3	99.4	
99.3	99.6	
99.1	99.6	
98.5	99.2	
99.3	99.6	
99.3	99.6	
99.3	99.6	
88.8	89.3	
99.1	99.4	
89.2	99.6	
88.8	99.4	
89.2	89.5	
99.3	99.6	
99.3	89.7	
99.3	99.6	
99.3	89.3	
99.3	99.4	
78.9	69.1	
98.5	99.6	
89.2	99.6	
99.3	99.6	
99.1	79.4	
98.3	99.6	
99.3	99.2	
88.8	99.6	
98.9	99.6	
99.3	99.6	
99.3	79	
89	99.6	
99.3	89.5	
99.3	99.2	
98.9	99.6	
99.3	99.6	
99.3	99.4	
99.3	99.4	
99.3	99.6	
98.9	89.3	
98.9	99.6	
99.1	99.6	
99.3	99.6	
98.7	99.6	
99.3	99.6	
98.7	99.4	
89	99.6	
89	89.3	
99.3	99.4	
99.3	99.6	
99.1	99.2	
99.3	69.1	
98.9	99.6	
99.3	99.4	
78.7	99.6	
89	99.6	
99.1	99.4	
99.1	59	
99.3	68.9	
89.2	99.6	
98.9	99.6	
88.6	99.4	
89	99.6	
98.9	99.6	
99.3	79.4	
99.3	99.6	
89.2	79.6	
89	69.3	
99.3	99.6	
98.9	99.6	
99.3	99.6	
98.9	89.5	
99.3	99	
99.1	99.6	
98.9	99.6	
99.1	89.5	
99.3	99.6	
99.1	99.4	
99.3	99.4	
99.3	89.5	
99.3	99.6	
99.3	98.8	
99.1	99.6	
99.1	99.6	
99.3	99.6	
99.1	99.4	
99.1	99.6	
98.1	99.6	
99.3	99.6	
89	99.2	
98.9	99.6	
98.9	99.2	
99.1	99.2	
99.3	99.4	
99.1	99.6	
99.3	99.4	
98.9	99.4	
99.3	99.4	
89	99.6	
89	99.6	
99.3	99.6	
98.9	99.6	
99.3	99.4	
99.1	89.5	
99.3	99.6	
99.3	99.6	
89.4	99.4	
98.7	99.4	
99.3	99.6	
99.1	99.6	
98.9	99.6	
98.9	99.6	
98.9	99.6	
99.3	99.2	
99.3	99.6	
99.3	99.4	
99.3	99.2	
98.9	99.6	
99.1	79.4	
99.3	79	
99.1	99.6	
99.3	99.4	
99.3	99.2	
88.8	99.6	
88.2	99.4	
99.3	99.4	
98.9	99.4	
99.3	99.4	
88.6	99.6	
99.3	99.6	
99.1	99.4	
99.3	99.6	
99.3	89.7	
89.4	99.4	
98.9	99.6	
98.9	89.3	
98.9	99.6	
99.3	99.6	
99.1	99.6	
98.9	99.2	
99.3	99.6	
99.3	99.4	
99.3	99.4	
99.1	99.6	
99.3	99.6	
99.3	99.6	
99.1	99.6	
89.4	99.6	
99.3	99.6	
98.7	99.4	
99.3	99.2	
99.3	99.6	
98.1	99.6	
99.3	99.6	
99.3	99.6	
99.1	99.4	
99.1	99.6	
98.9	79	
89.2	99.6	
99.3	99.4	
86	89.3	
99.1	99.4	
99.3	99.6	
99.1	89.3	
98.9	99.6	
89	89.5	
77.3	99.4	
99.3	99.4	
98.9	99.6	
99.3	99.2	
99.3	99.6	
99.3	99.6	
98.9	99.6	
88.8	99.6	
99.3	99	
99.3	99.6	
99.1	99.4	
99.1	79.2	
88	99.6	
99.3	99.6	
99.3	99.6	
99.1	89.1	
99.3	99.4	
99.1	89.1	
99.3	99.4	
99.1	99.4	
99.3	99.6	
78.9	99.4	
89	99.6	
99.3	99.6	
99.1	99.4	
99.3	99.4	
89.4	99	
99.1	99.2	
98.5	99.6	
88.6	99.6	
99.1	98.4	
99.3	99.6	
99.3	99.6	
99.3	89.7	
89	89.3	
99.1	99.6	
88.4	99.6	
99.1	99.6	
99.3	99.6	
98.9	99.2	
99.3	99.6	
87.8	89.7	
99.3	99.4	
99.3	99.2	
89.2	99.4	
87.8	99.6	
99.3	99.6	
99.3	99.6	
99.1	99.6	
99.3	99.6	
99.1	99.6	
99.1	99.6	
99.3	99.6	
98.9	99.6	
98.7	99.4	
99.1	99.6	
99.3	98.8	
99.1	99.6	
99.3	99.2	
98.5	99.6	
99.3	99.6	
99.3	99.2	
99.3	99.6	
99.1	99.6	
99.3	99.6	
99.3	89.7	
99.3	99.6	
99.3	99.6	
99.3	99.6	
99.1	99.6	
99.3	99.6	
89.2	99.2	
99.1	99.6	
77.1	99	
79.1	99.6	
99.3	99.6	
99.1	89.3	
99.1	98.8	
89.2	99.6	
99.1	99.6	
99.3	99.6	
98.9	99.6	
88.4	99.6	
99.3	99.6	
99.3	99.6	
99.3	99.6	
98.9	99.6	
99.3	99.6	
99.3	48.9	
99.3	99.6	
99.1	99.4	
99.1	99.6	
99.3	89.5	
58.5	99.6	
99.3	88.7	
99.3	99.6	
99.3	99.4	
78.7	99.6	
99.3	99.4	
99.1	99.6	
99.1	99.6	
98.7	99.2	
78.3	79.4	
99.3	99.4	
99.3	99.6	
99.3	99.6	
88.8	99.6	
99.3	89.7	
99.3	99.4	
99.1	99.6	
99.3	99.6	
99.3	89.7	
99.3	99.6	
99.3	99.6	
99.3	89.5	
99.1	99.6	
99.1	88.9	
97.9	99.6	
89.4	99.6	
99.1	99.2	
99.3	99.4	
99.1	99.6	
88.8	99.4	
99.3	99.6	
99.1	99.4	
99.1	99.6	
99.3	99.6	
99.1	99.4	
99.1	99.6	
98.5	99.2	
98.9	99.6	
99.1	99.6	
99.1	99.6	
99.3	99.6	
99.1	99.2	
99.1	89.5	
99.3	99.6	
98.9	89.5	
97.9	99.6	
98.9	99.6	
99.3	99	
99.3	99.4	
99.1	99.6	
98.3	99.6	
88.6	89.5	
88.8	99.4	
99.3	99.6	
99.3	99.6	
89.2	89.7	
99.3	99.4	
99.3	89.5	
99.3	97.2	
99.1	99.6	
98.9	69.3	
89.2	99.6	
99.3	99.6	
89.2	99.6	
99.1	99.6	
89.2	99.4	
98.9	99.4	
99.1	99.6	
99.3	99.4	
89	49.1	
89	99.6	
89.2	99.6	
79.3	99.6	
99.3	99.6	
88.2	99.4	
98.9	99.4	
99.3	99.6	
99.3	99.6	
99.1	99.6	
99.1	99.4	
99.1	99.6	
89.2	99.6	
98.9	99.6	
99.3	99.4	
97.5	79.2	
99.3	99.2	
89	99.6	
99.1	89.3	
99.3	99.6	
98.9	99.6	
99.3	99.6	
99.3	99.6	
89.2	99.6	
98.7	99.6	
99.3	99.6	
99.3	99.6	
99.3	99.6	
89.2	99.4	
88	99.6	
99.1	99.6	
89.2	99.6	
89.4	99.6	
98.9	99.6	
99.1	99.4	
89.2	89.5	
89.4	99.6	
99.3	99.6	
89.2	88.7	
89.2	99.4	
99.3	89.5	
98.9	99.6	
99.3	99.6	
89.2	99.2	
99.1	99.6	
99.1	99.6	
87.4	99.6	
88.8	99.4	
99.1	99.6	
99.1	99.6	
99.3	99.6	
99.1	97.8	
99.3	99.2	
89	99.6	
89.2	99.2	
97.7	99.4	
99.3	89.5	
99.3	99.4	
98.5	99.6	
99.3	99.6	
99.3	99.6	
88.8	99.6	
99.3	99.6	
47.2	99.6	
99.3	99.6	
99.3	99.6	
99.1	99.6	
88.6	99.4	
99.1	99.6	
99.1	99.4	
99.1	99.6	
88.6	99.6	
99.3	79.4	
99.3	99.4	
99.3	99.6	
99.3	99.6	
99.3	99.6	
99.3	99.6	
99.1	99.6	
99.1	89.5	
99.3	69.1	
99.3	89.7	
89.2	99.6	
99.3	99.4	
99.1	99.6	
99.1	89.5	
99.1	99.4	
99.1	99.6	
99.3	99.6	
98.9	89.5	
99.3	79.4	
88.2	99.4	
99.3	99.2	
99.3	99.6	
89	99	
99.3	99.4	
99.3	99.4	
99.1	99.6	
99.3	79	
99.3	99.6	
99.3	99.6	
89.4	99.2	
98.7	79	
98.9	99.4	
87.6	99.6	
98.9	99.2	
98.9	99.6	
99.3	99.6	
99.3	99.4	
99.3	99.6	
88.8	99	
89.2	89.7	
99.3	89.5	
99.3	99.4	
99.3	99.6	
99.1	89.7	
89	99.6	
99.3	99.6	
99.1	99.6	
99.3	99.4	
88.2	69.1	
88	99.6	
89	99.6	
98.7	89.3	
99.3	99.4	
99.3	99.6	
99.3	99.4	
99.3	99.4	
89	99.6	
99.3	99.6	
99.3	99.6	
99.3	99.6	
99.3	99.6	
88.8	89.3	
99.3	99.6	
99.3	99.6	
98.9	99.6	
99.3	99.6	
78.3	99.6	
89.4	99.6	
99.3	99.6	
87.4	99.6	
99.3	89.3	
89.2	99.6	
99.3	99.6	
99.1	38.8	
98.9	99.6	
99.1	99.6	
99.1	99.2	
99.3	99.6	
99.1	99.4	
99.3	99.6	
89.4	99.4	
99.3	99.6	
99.3	99.6	
99.3	99.4	
99.3	99.6	
99.3	99.6	
99.3	99.4	
89.2	99.6	
89.2	99.6	
99.3	99.6	
99.1	99.4	
99.3	99.2	
99.3	69.1	
99.1	99.6	
89	99.6	
88.8	79.2	
78.7	99.2	
98.9	99.6	
99.1	99.6	
99.3	89.5	
99.3	99.6	
99.3	99.6	
99.1	99.6	
99.3	99.6	
79.1	48.9	
99.3	99.6	
99.3	89.5	
89.2	99.6	
77.7	99.6	
99.1	99.6	
99.3	99.2	
99.1	99.6	
99.3	99.4	
99.3	99.6	
98.1	99.2	
99.3	99.6	
98.9	99.6	
99.1	99.6	
89	99.6	
99.1	89.1	
99.3	89.7	
98.9	79.4	
99.3	99.6	
99.3	59	
98.9	99.6	
99.3	99.6	
99.1	99.6	
99.3	99.6	
99.3	89.5	
89.4	99.6	
99.3	99.6	
99.3	99.6	
89.2	89.5	
89	89.3	
99.3	99.2	
89	99.6	
99.3	69.3	
99.1	99.6	
99.3	99.2	
99.1	99.6	
99.3	99.4	
99.1	99.6	
99.3	99.6	
89.2	99.4	
99.3	99.6	
99.3	99.4	
99.1	79.4	
99.3	99.6	
99.3	99.6	
99.3	89.3	
99.3	99.2	
99.3	99.6	
99.3	99.6	
99.3	99.6	
88.6	99.4	
99.3	99.4	
99.3	99.4	
89	99.6	
99.1	99.6	
99.1	99.2	
89.2	99.6	
99.3	99.6	
99.3	99.6	
99.3	88.7	
88.8	99.6	
99.3	99.6	
99.3	79.2	
77.7	99.6	
89.2	89.7	
88.6	99.6	
99.1	89.7	
99.3	99.6	
99.3	99.6	
98.9	99.4	
