99.1	99.4	
98.7	99.6	
99.3	89.3	
98.9	99.6	
89.2	99.6	
98.9	99.4	
98.7	99.4	
99.3	99.6	
99.3	99.6	
99.1	89.7	
79.3	99.6	
99.1	99.4	
99.1	99.6	
99.3	99.6	
99.1	99.4	
98.7	99.4	
99.1	89.5	
99.1	99.6	
78.3	99.6	
99.1	99.4	
99.1	99.4	
99.1	99.6	
98.7	99.6	
99.3	99.6	
99.1	99.6	
99.1	99.4	
99.3	99.6	
99.3	99.6	
99.3	99.6	
99.1	99.6	
99.3	99.6	
99.3	89.5	
99.1	99.6	
99.3	99.6	
99.3	99.4	
99.1	99.4	
99.1	99.6	
99.1	89.5	
98.5	99.6	
99.3	99.4	
98.9	99.6	
99.1	99.6	
98.9	99.6	
99.1	99.4	
98.9	99.6	
99.3	99.6	
88.8	99.6	
99.3	99.4	
99.1	89.7	
98.9	99.6	
98.7	99.6	
98.9	99.6	
98.9	99.4	
99.3	99.6	
99.1	89.5	
99.3	99.6	
98.7	99.6	
99.1	99.4	
99.3	99.6	
99.3	99.4	
99.1	99.6	
89.2	99.2	
89.2	99.6	
99.1	99.6	
99.3	89.5	
99.1	99.2	
79.1	99.6	
99.3	99.6	
99.3	99.6	
99.1	89.7	
99.1	99.6	
89	99.6	
99.1	99.6	
99.3	99.6	
98.7	99.6	
99.1	99.2	
99.3	99.4	
98.9	99.6	
98.7	99.4	
99.3	99.6	
99.3	99.6	
99.1	99.6	
99.1	89.5	
99.3	99.6	
98.7	99.6	
99.3	99.6	
99.3	99.6	
88.8	99.6	
99.3	89.5	
99.3	99.4	
99.3	99.4	
99.3	99.6	
98.9	89.7	
88.8	99.6	
99.1	99.2	
99.3	89.5	
98.5	99.6	
99.3	99.6	
99.3	99.6	
89	99.6	
99.1	99.6	
98.9	99.6	
99.3	99.6	
98.9	99.4	
98.9	99.6	
99.3	99.6	
88.6	99.2	
99.1	99.6	
99.3	99.2	
99.1	99.6	
99.1	99.6	
98.3	99.6	
99.3	99.6	
99.1	99.4	
99.3	99.6	
89	99.2	
99.1	99.6	
98.9	89.1	
99.3	99.6	
99.3	99.6	
99.3	99.2	
89.2	99.6	
98.5	99.6	
99.1	99.4	
98.9	99.6	
99.3	99.6	
99.3	99.6	
99.1	48.3	
99.1	99.6	
99.3	99.6	
99.1	99.6	
99.1	99.6	
99.1	79.4	
99.3	99.6	
99.1	99.6	
99.1	99.6	
99.1	99.6	
98.5	99.6	
98.9	99.6	
89.2	99.4	
99.3	89.5	
98.9	99.6	
99.3	99.6	
89.2	89.7	
99.1	99.6	
99.3	99.6	
98.7	99.6	
98.9	99.6	
99.3	99.4	
99.3	99.6	
99.1	99.6	
99.3	99.6	
99.1	99.6	
98.9	99.4	
99.3	99.4	
99.3	99.6	
89.4	89.3	
99.1	99.6	
99.3	99.6	
99.1	99.6	
98.7	99.6	
88.6	99.4	
99.1	99.6	
99.3	89.5	
99.3	89.5	
98.9	99.4	
99.1	99.4	
98.9	99.4	
98.9	99.6	
98.9	99.6	
99.3	99.6	
98.7	99.4	
99.1	99.6	
88.8	99.6	
99.1	99.6	
99.3	89.7	
99.3	99.6	
99.1	99.6	
98.9	99.6	
99.3	99.6	
99.3	99.6	
99.3	99.6	
99.1	99.6	
99.3	99.6	
99.3	99.6	
99.3	99.4	
99.3	99.6	
99.3	99.6	
98.9	99.6	
99.3	99.6	
99.1	99.6	
99.3	99.6	
89	99.6	
99.3	99.6	
99.3	89.7	
89	79	
99.3	99.6	
99.3	99.6	
99.3	99.4	
98.7	99.4	
98.3	99.6	
99.3	99.6	
99.3	99.6	
99.1	99.6	
98.7	99.6	
99.1	99.6	
99.1	99.6	
99.1	99.6	
99.1	99.6	
99.3	99.6	
99.1	89.5	
99.3	99.6	
98.9	99.6	
99.3	99.6	
98.9	99.2	
99.3	99.6	
89.2	99.6	
99.1	99.6	
98.9	99.4	
99.3	99.6	
99.3	99.4	
99.3	99.6	
99.3	89.7	
99.3	99.4	
99.3	99.6	
99.3	99.6	
99.1	99.6	
99.3	99.6	
99.3	99.6	
98.9	89.3	
99.3	99.6	
99.1	99.6	
99.1	99.6	
89.2	99.6	
89.2	99.6	
99.3	99.6	
99.3	99.4	
99.3	99.6	
78.9	89.3	
99.1	99.6	
99.1	99.6	
99.1	99.6	
89.4	99.6	
99.3	99.4	
89.4	89.5	
99.3	89.5	
88.6	99	
99.1	99.6	
89.4	99.6	
78.3	99.6	
99.1	99.6	
98.7	99.6	
99.1	99.6	
99.3	99.6	
98.9	99.6	
99.3	99.6	
99.3	99.6	
99.3	99.6	
99.3	99.6	
98.9	99.6	
99.1	99.4	
89.2	99.6	
99.3	99.6	
99.1	99.6	
98.5	99.6	
98.3	99.6	
88.8	99.6	
99.3	99.6	
98.7	99.6	
98.9	99.6	
99.3	99.6	
99.3	99.6	
99.3	99.4	
99.3	99.6	
99.3	99.6	
89.4	99.6	
99.3	99.6	
88.6	99.6	
99.3	99.4	
99.3	99.6	
99.3	99.4	
99.3	99.6	
98.9	99.6	
98.7	99.6	
98.9	99.6	
99.3	89.7	
98.5	99.6	
99.3	99.6	
99.1	99.6	
99.3	99.6	
99.3	99.4	
99.1	99.6	
99.3	99.6	
98.9	99.6	
99.3	99.6	
99.3	99.4	
99.1	99.6	
99.3	99.6	
99.1	99.6	
99.1	99.6	
98.7	99.6	
99.3	99.6	
98.9	99.2	
99.1	99.6	
99.3	99.6	
99.1	99.6	
89.4	99.6	
89.2	99.6	
99.3	99.6	
98.7	99.4	
98.5	99.6	
99.3	99.6	
99.3	99.6	
99.3	89.1	
98.5	99.4	
99.3	99.6	
99.3	99.6	
99.3	99.6	
88.8	99.6	
99.1	99.6	
99.1	99.6	
99.3	99.6	
99.3	99.6	
98.9	99.6	
99.3	99.6	
98.3	99.6	
98.9	99.6	
99.1	99.4	
99.3	99.6	
98.9	99.4	
98.7	99.2	
99.3	99.6	
89.2	99.6	
98.7	99.6	
99.1	99.6	
99.1	99.6	
99.1	99.4	
99.3	99.6	
88.4	99.6	
99.1	99.6	
99.3	99.6	
99.1	99.6	
99.3	99.6	
98.9	89.5	
99.3	99.6	
99.1	99.6	
99.1	99.4	
98.9	99.6	
99.3	99.6	
99.1	99.6	
99.1	99.6	
89.4	99.2	
98.5	99.6	
99.3	99.4	
98.9	99.6	
99.1	79.4	
98.9	99.6	
89	99.4	
99.1	68.5	
98.9	99.6	
99.3	99.6	
98.9	99.4	
99.3	99.6	
89.2	99.2	
99.3	99.6	
99.1	99.6	
99.3	99.6	
99.3	99.6	
99.1	99.6	
99.1	99.6	
99.3	99.6	
98.9	99.6	
99.1	99.6	
98.9	99.6	
99.3	99.6	
99.3	99.6	
99.3	99.6	
99.3	99.6	
99.1	99.6	
98.7	99.6	
99.3	99.6	
99.1	99.6	
99.3	99.4	
99.1	99.6	
99.3	99.6	
99.3	99.6	
89	99.6	
89	99.6	
88.8	99.6	
99.1	99.6	
99.1	99.4	
98.9	99.4	
99.1	99.6	
98.9	99.6	
99.1	99.6	
99.1	99.4	
89.2	99.2	
98.1	99.6	
99.3	99.4	
99.1	99.6	
99.1	99.4	
99.3	99.6	
99.3	99.6	
99.3	99.4	
98.9	99.6	
99.1	99.6	
98.9	89.1	
89.2	99.6	
99.3	99.6	
99.1	99.6	
99.3	99.6	
98.7	99.6	
99.3	99.6	
99.1	89.5	
99.3	99.6	
99.1	99.6	
99.1	99.6	
99.3	99.6	
99.1	99.6	
89.2	89.5	
99.1	99.6	
99.3	99.6	
99.3	99.6	
98.3	99.4	
98.7	99.6	
99.1	99.4	
98.9	99.6	
99.3	99.4	
99.3	99.6	
89.4	89.7	
99.3	99.6	
99.1	99.6	
99.1	99.6	
99.3	99.2	
99.3	99.6	
99.3	99.6	
99.1	99.6	
99.1	99.6	
99.1	99.6	
99.1	99.6	
99.3	89.7	
99.3	99.4	
99.1	99.6	
99.1	99.6	
99.3	99.6	
99.3	99.6	
89	99.4	
99.1	89.5	
99.3	99.6	
99.3	99.6	
99.3	99.6	
99.3	99.6	
99.1	99.6	
99.3	99.6	
99.3	99.4	
99.1	99.4	
99.3	99.6	
99.1	99.6	
98.9	99.6	
89.4	99.6	
99.3	99.6	
98.7	99.6	
98.7	99.6	
99.3	99.6	
98.9	99.4	
89.2	99.6	
99.1	99.4	
99.3	99.6	
99.3	99.4	
98.9	99.4	
89	99.6	
99.3	99.2	
99.1	99.6	
89	99.6	
88.8	99.6	
99.3	99.6	
99.1	99.6	
99.1	99.2	
99.1	99.6	
98.9	99.6	
88.8	99.6	
99.1	99.4	
99.3	99.6	
99.1	99.6	
99.3	99.6	
98.9	99.6	
99.1	99.6	
89.4	99.6	
99.3	99.6	
99.3	99.6	
98.5	99.4	
99.3	99.6	
99.3	99.4	
99.3	99.6	
99.3	99.6	
98.9	99.6	
99.1	99.4	
98.7	99.6	
99.3	99.6	
99.1	99.6	
99.3	99.6	
98.5	99.4	
99.3	99.6	
99.3	79.4	
99.3	99.6	
99.1	99.4	
99.3	89.5	
98.9	99.6	
99.1	99.6	
99.3	99.6	
99.1	89.5	
99.3	99.6	
99.3	99.6	
99.3	99.6	
98.7	99.6	
99.3	99.6	
98.9	99.6	
99.1	99.6	
99.3	99.2	
99.3	89.7	
98.5	99.4	
89.4	99.6	
99.3	99.4	
99.3	99.6	
99.1	99.4	
99.1	99.4	
99.1	99.6	
99.3	99.6	
99.1	99.4	
98.9	89.7	
99.1	99.6	
88.8	99.6	
98.9	99.4	
99.1	99.6	
99.3	99.4	
99.3	99.2	
99.3	99.4	
99.1	99.2	
99.3	89.5	
98.7	99.4	
99.3	99.6	
98.3	99.4	
99.1	99.4	
98.9	99.6	
99.1	99.4	
99.1	99.4	
99.3	99.6	
88.8	99.6	
99.1	99.6	
99.3	99.6	
99.1	99.6	
99.3	99.2	
99.3	99.6	
99.1	99.6	
99.3	99.6	
99.3	99.6	
99.3	99.6	
78.7	99.4	
99.3	89.5	
99.3	99.6	
98.9	89.5	
99.3	99.6	
99.1	99.6	
99.1	99.6	
99.1	99.6	
99.1	99.6	
99.3	99.6	
98.7	99.6	
99.3	99.6	
99.3	89.5	
99.3	89.7	
98.9	99.6	
98.9	99.6	
99.1	99.6	
99.3	99.6	
99.3	99.6	
99.1	99.6	
99.3	99.6	
99.1	99.6	
98.9	99.6	
98.5	99.6	
99.3	99.6	
99.1	99.6	
99.3	99.4	
99.1	99.6	
99.3	99.6	
98.9	99.6	
99.3	99.6	
99.1	89.5	
99.3	99.6	
99.1	99.6	
98.7	99.6	
98.9	99.4	
99.3	99.6	
99.3	99.4	
99.1	99.6	
99.1	99.6	
89	99.6	
88.6	99.6	
89	99.2	
99.1	99.2	
98.7	99.6	
89.4	99	
99.1	99.6	
98.7	99.2	
99.1	99.6	
98.5	99.6	
99.3	99.6	
99.3	99.6	
99.3	99.6	
99.1	99.4	
98.7	99.6	
89.2	99.6	
99.3	99.6	
98.5	99.6	
99.3	99.4	
99.3	99.6	
98.3	99.6	
98.7	79.8	
99.3	99.6	
99.3	99.6	
99.3	89.3	
99.1	89.5	
98.9	99.6	
99.1	99.6	
99.1	99.6	
99.3	99.6	
99.3	99.6	
99.1	99.6	
99.3	99.6	
99.3	99.6	
99.3	99.6	
89	99.4	
98.9	99.6	
99.1	99.4	
99.1	99.6	
99.3	89.7	
99.3	99.6	
99.3	99.4	
99.1	99.6	
98.7	99.6	
98.9	99.6	
89	99.2	
98.9	99.6	
89	99.6	
98.9	99.6	
99.1	99.6	
99.3	99.6	
99.3	99.6	
98.9	99.6	
99.1	99.6	
99.1	99.4	
99.3	99.6	
99.1	99.6	
99.3	99.4	
99.3	99.6	
99.3	99.2	
99.3	99.6	
98.5	99.6	
99.3	99.6	
99.3	88.9	
98.7	99.2	
99.3	99.6	
99.1	99.6	
99.3	99.6	
98.9	99.6	
99.1	99.6	
99.3	99.6	
99.1	99.6	
99.3	99.6	
99.1	99.6	
99.3	99.6	
99.1	99.6	
99.3	89.5	
99.1	99.6	
99.3	99.6	
99.3	89.5	
99.3	99.6	
89	99.6	
99.3	99	
99.3	99.6	
98.7	99.6	
99.3	99.6	
98.9	99.6	
99.1	99.6	
98.7	99.6	
99.3	99.4	
99.3	89.7	
99.1	99.6	
99.3	99.6	
99.3	99.4	
98.9	99.6	
89.4	99.6	
99.3	89.5	
99.1	99.6	
99.3	99.6	
99.3	99.4	
98.9	99.6	
98.9	99.6	
99.3	99.2	
99.1	99.6	
98.9	99.6	
99.3	99.4	
99.3	99.6	
98.9	99.6	
99.3	99.6	
99.3	99.4	
99.3	89.5	
99.1	99.6	
99.3	89.3	
99.1	99.6	
88.2	99.6	
98.9	99.6	
99.1	99.6	
99.1	89.5	
99.3	99.6	
99.3	99.6	
99.1	99.6	
99.3	99.6	
99.3	99.6	
99.3	99.6	
98.3	99.6	
98.9	99.6	
99.3	99.6	
99.3	99.6	
99.3	99.6	
99.3	99.6	
99.3	99.4	
99.3	99.6	
98.3	99.6	
99.3	99.6	
99.3	99.4	
99.3	99.6	
99.3	99.6	
99.1	99.6	
98.7	99.6	
99.1	99.4	
98.9	99.6	
99.1	99.4	
99.3	89.7	
99.1	99.6	
98.9	89.7	
99.3	99.6	
98.9	99.6	
99.1	99.6	
88.8	99.6	
99.3	89.7	
99.1	99.4	
99.3	99.6	
99.1	99.6	
98.9	99.6	
98.9	89.5	
99.1	99.4	
99.3	99.6	
89.4	99.2	
99.3	99.6	
98.3	99.6	
99.3	99.6	
99.1	99.6	
99.3	99.4	
98.5	89.7	
98.9	99.4	
99.1	99.6	
98.9	99.6	
99.3	99.6	
99.1	99.6	
99.3	99.6	
99.3	99.6	
99.1	99.6	
99.3	89.3	
78.9	99.6	
99.3	99.6	
98.7	99.6	
98.9	99.6	
98.9	99.6	
99.3	99.6	
99.1	99.6	
99.3	99.6	
98.7	99.6	
89	99.4	
99.1	99.2	
99.3	99.4	
99.3	99.6	
99.3	99.2	
99.3	99.6	
98.9	99.6	
99.3	99.6	
99.3	99.6	
98.9	99.6	
99.3	99.6	
99.1	99.6	
99.1	89.5	
99.1	89.3	
99.3	99.4	
99.3	99.4	
98.7	99.6	
99.3	99.6	
88.4	99.6	
99.1	99.4	
99.3	99.2	
99.3	89.7	
99.3	99.6	
99.3	99.6	
89.2	99.6	
98.9	99.4	
99.3	99.6	
99.3	99.2	
99.1	99.6	
99.1	79.4	
99.1	99.6	
99.3	99.6	
99.1	99.6	
88.8	99.4	
99.3	99.6	
99.3	99.4	
99.3	99.6	
98.5	89.5	
99.1	99.6	
99.3	99.4	
99.3	99.6	
99.1	99.6	
99.3	99.4	
99.1	99.4	
98.5	99.6	
99.3	99.6	
99.3	99.6	
98.9	99.4	
99.3	99.6	
89	99.6	
99.3	99.4	
99.1	99.6	
99.3	99.6	
99.3	99.4	
99.3	99.4	
99.3	99.6	
99.1	99.6	
99.3	99.6	
89.4	99.6	
99.3	99.4	
98.9	99.4	
99.3	79.6	
99.3	99.4	
99.3	99.6	
89.4	89.7	
99.1	99.6	
99.3	99.6	
99.1	99.6	
99.1	99.4	
99.1	99.6	
99.3	99.6	
99.1	99.4	
99.1	99.6	
99.3	99.6	
99.1	99.4	
99.3	99.6	
98.9	99.6	
99.3	99.6	
99.1	99.6	
98.9	99.6	
98.9	99.6	
98.9	99.6	
89	99.4	
99.3	99.6	
99.3	99.6	
99.3	89.5	
99.3	99.6	
99.3	99.6	
99.3	99.6	
98.9	99.6	
99.3	99.4	
99.3	99.6	
98.9	99.4	
99.3	99.6	
99.3	99.6	
99.1	99.6	
99.1	99.6	
99.3	99.4	
99.3	99.6	
98.7	89.5	
99.3	99.6	
99.3	99.6	
99.3	99	
99.3	99.6	
99.1	99.6	
99.3	99.6	
99.1	99.6	
89	99.6	
98.7	99.4	
99.1	99.6	
99.1	99.6	
98.9	99.4	
88.4	99.6	
98.9	99.6	
99.1	89.7	
98.9	99.6	
99.1	99.6	
98.7	99.6	
99.3	99.6	
99.1	99.6	
99.3	99.6	
98.9	99.4	
99.1	79	
99.3	-25	
98.7	99.2	
98.9	99.4	
98.9	99.6	
98.9	89.7	
99.1	99.6	
99.1	99.6	
99.3	99.6	
99.1	99.6	
99.3	99.4	
97.9	99.6	
89.2	89.3	
99.3	99.6	
99.3	99.6	
99.3	99.6	
98.9	99.6	
88.6	99.6	
99.3	99.6	
99.1	99.6	
89	99.6	
99.3	99.6	
89.4	99.6	
99.3	99.6	
99.3	99.6	
99.3	99.6	
99.3	99.4	
99.1	99.4	
99.3	99.6	
99.1	99.6	
99.3	99.6	
98.7	99.4	
99.3	99.2	
99.1	99.4	
99.3	99.4	
69	89.7	
99.3	99.6	
99.3	99.6	
98.7	89.3	
98.9	99.6	
99.1	89.5	
99.3	99.6	
99.1	99.6	
99.3	99.6	
99.1	99.6	
98.5	89.7	
98.7	99.6	
99.3	99.6	
99.3	99.4	
99.3	99.4	
99.1	99.6	
88.4	99.6	
99.1	99.6	
89.4	35.6	
98.7	99.6	
99.3	99.2	
89.4	99.4	
99.3	99.6	
99.1	99.6	
99.3	89.5	
98.7	99.6	
99.3	99.6	
98.9	99.6	
99.3	99.6	
99.3	99.4	
99.3	99.6	
99.1	99.4	
99.3	99.6	
98.9	99.6	
99.1	99.6	
99.3	99	
99.3	89.5	
99.3	99.6	
99.3	99.6	
99.1	99.6	
99.3	99.6	
98.5	99.6	
99.3	99.6	
99.3	99.4	
99.3	89.3	
99.1	89.7	
99.1	89.7	
99.3	99.4	
99.3	99.6	
88.2	99.6	
98.9	99.6	
98.7	99.6	
99.1	99.6	
89	99.6	
99.1	99.6	
99.3	99.6	
98.9	99.6	
78.7	99.6	
99.3	99.4	
99.3	99.6	
98.9	99.6	
99.1	99.6	
99.3	99.4	
89.2	99.4	
