99.3	79.4	
98.5	79.4	
99.1	69.7	
99.1	89.7	
98.9	79.4	
99.1	89.7	
99.3	89.7	
99.1	89.5	
99.1	89.7	
98.7	89.7	
99.1	89.5	
99.3	99.6	
98.7	89.7	
98.9	89.7	
99.3	79.6	
98.5	89.7	
99.3	89.5	
99.3	89.7	
98.5	89.7	
98.7	89.7	
98.7	89.7	
99.3	79.4	
98.5	79.6	
98.5	89.5	
99.3	89.7	
99.1	89.5	
99.3	79.2	
98.5	79.6	
98.9	89.7	
99.1	89.7	
98.5	69.7	
98.7	89.5	
98.9	89.5	
99.1	89.7	
99.3	89.7	
99.3	89.5	
99.3	69.3	
98.9	89.5	
89.4	89.7	
98.7	89.7	
89.2	89.5	
99.3	79.2	
99.1	89.5	
98.9	89.7	
99.3	89.7	
98.9	89.5	
99.1	89.7	
99.3	89.7	
99.1	89.7	
99.1	79.4	
99.3	99.6	
98.7	8.9	
99.3	89.7	
89.4	89.7	
88.8	89.7	
98.9	89.7	
99.3	89.7	
99.1	49.1	
89.2	89.5	
99.1	89.7	
99.1	89.7	
98.9	59	
99.1	89.7	
99.1	89.7	
98.5	89.7	
99.1	89.5	
98.9	89.7	
99.1	89.7	
89.2	89.7	
99.1	89.5	
89.2	89.7	
89.4	89.7	
99.1	89.3	
98.9	79.8	
99.3	89.5	
99.3	79.6	
88.6	89.7	
99.3	88.9	
98.3	79.6	
99.1	89.7	
99.1	89.7	
99.1	89.7	
99.1	89.7	
88.8	89.7	
99.3	79.2	
98.7	89.7	
99.1	79.6	
87.8	79.4	
98.9	79.4	
98.9	89.7	
98.9	89.7	
99.1	79.6	
99.1	89.7	
98.5	59.4	
99.1	69.1	
99.1	49.3	
99.1	89.7	
99.3	89.7	
99.1	69.7	
98.9	89.5	
99.1	89.7	
99.3	89.7	
99.1	49.3	
98.5	89.7	
99.3	89.7	
99.3	89.5	
98.9	69.5	
98.9	89.7	
99.3	59	
99.3	69.1	
98.9	89.7	
99.1	69.7	
99.3	89.7	
98.7	89.7	
99.3	89.7	
98.7	79.6	
99.3	89.7	
99.1	89.7	
99.3	89.7	
99.1	89.7	
88	89.7	
99.3	79.6	
99.3	89.7	
99.3	89.7	
88.4	89.7	
99.3	89.7	
98.1	89.7	
99.3	89.7	
99.3	79.4	
88.2	89.5	
89	89.7	
89.4	99.4	
99.3	89.7	
99.1	79.6	
99.3	89.7	
89.2	89.5	
99.3	89.7	
99.1	89.7	
99.3	89.7	
99.1	89.5	
98.3	79.6	
99.1	89.7	
99.1	79.6	
99.3	79	
99.3	89.5	
97.9	79.6	
99.3	89.7	
99.1	69.3	
99.1	79.4	
99.3	89.1	
98.9	79.6	
99.3	89.7	
99.1	89.3	
98.7	89.7	
99.3	89.7	
99.1	49.1	
89.2	89.7	
99.3	89.7	
99.3	89.3	
88.8	89.7	
98.9	89.7	
99.3	89.7	
98.7	79.8	
99.1	79.2	
99.3	79.2	
98.9	89.5	
99.1	89.7	
99.1	89.7	
99.3	89.7	
99.1	89.7	
99.3	89.7	
88	89.7	
99.1	89.7	
99.3	89.7	
98.9	79.6	
78.9	89.7	
99.1	89.7	
99.3	89.5	
98.9	89.5	
99.3	89.5	
98.7	49.5	
99.1	79.4	
99.3	89.1	
99.3	89.7	
99.1	69.1	
99.3	89.7	
98.9	89.5	
98.9	89.7	
99.1	89.7	
99.1	89.3	
99.3	78.8	
99.3	89.7	
99.1	89.7	
99.1	89.7	
99.3	79.2	
99.1	79.6	
98.7	39.4	
99.3	79.2	
89.2	89.7	
99.1	79.6	
98.9	89.7	
99.1	89.7	
99.3	89.7	
98.3	89.7	
99.1	79.6	
98.7	89.5	
99.3	89.7	
98.9	89.7	
99.3	69.5	
77.9	89.7	
99.3	79.6	
99.3	89.7	
89.4	89.7	
87.4	89.7	
98.9	79.6	
98.9	69.7	
99.3	89.7	
98.7	89.3	
99.3	89.7	
89.2	89.5	
98.9	79.4	
99.1	89.7	
99.1	89.7	
98.9	89.7	
99.3	89.5	
99.1	78.8	
99.1	89.5	
98.5	89.7	
98.9	89.7	
97.9	89.7	
99.1	79.6	
99.1	89.5	
98.9	59.4	
98.9	79.6	
99.3	89.7	
99.3	79.6	
99.1	89.3	
99.3	79.4	
88.6	79.8	
99.3	89.7	
99.1	89.7	
99.3	89.7	
99.3	89.5	
98.9	89.5	
99.3	89.5	
89.2	89.5	
98.9	89.7	
98.5	89.7	
99.1	79.6	
98.7	79.2	
99.3	89.7	
99.3	79.2	
98.3	89.7	
98.9	89.7	
99.3	39.4	
99.1	89.7	
99.1	79.6	
98.9	89.7	
89.2	89.1	
98.7	89.7	
99.3	79.6	
98.9	89.7	
98.5	89.7	
99.3	79.4	
88.6	89.5	
99.3	79.2	
99.3	79.2	
78.9	89.7	
89.2	89.7	
99.3	89.7	
99.3	89.3	
99.1	79.4	
99.3	89.7	
89.4	89.5	
89.2	89.7	
99.3	79.4	
99.3	89.7	
99.3	89.7	
99.3	89.5	
98.5	89.5	
99.1	89.7	
99.1	89.5	
98.9	89.5	
99.1	89.7	
99.3	89.7	
88	79	
99.3	89.7	
99.3	89.7	
99.3	89.5	
98.1	89.7	
98.3	89.7	
99.1	49.5	
98.9	89.7	
78.3	89.5	
99.1	89.7	
98.9	89.7	
99.1	89.1	
99.3	89.7	
99.3	89.7	
99.3	89.5	
99.3	89.7	
99.3	79.6	
98.3	89.7	
98.9	89.7	
99.1	89.7	
99.3	89.3	
99.3	79.6	
99.3	89.5	
89.4	89.7	
99.1	89.7	
99.1	69.7	
99.3	89.5	
99.1	89.7	
99.3	89.5	
99.3	89.7	
99.3	89.7	
98.7	89.5	
98.3	89.7	
98.7	89.5	
99.3	89.7	
98.7	89.7	
99.1	89.7	
99.1	89.7	
99.3	89.7	
98.7	89.7	
99.1	89.7	
99.3	89.7	
98.9	89.7	
99.1	89.5	
99.3	79.4	
99.3	89.7	
99.3	89.7	
89.2	69.7	
99.3	69.3	
89.2	89.7	
99.3	89.7	
99.1	89.7	
99.1	89.5	
99.1	59	
99.1	99	
99.3	89.7	
98.9	89.5	
98.3	79.4	
87.6	89.7	
99.1	89.7	
78.9	89.7	
89.4	89.7	
99.3	89.3	
89.4	89.7	
98.1	39.6	
99.3	89.7	
89.2	89.7	
98.7	89.7	
98.1	89.7	
99.3	89.7	
98.9	69.7	
89.2	89.7	
98.9	89.7	
99.1	89.7	
99.3	69.5	
99.1	89.7	
79.1	89.7	
89.2	89.5	
99.3	79.6	
89.4	89.7	
89	89.5	
89.2	89.7	
99.3	89.7	
97.9	79.6	
98.9	89.7	
88.8	89.7	
98.9	89.5	
88.6	89.5	
89.4	79.6	
99.3	79.6	
99.1	89.7	
99.1	79.4	
98.9	89.7	
99.1	79.6	
99.3	89.7	
98.7	89.5	
88.6	89.7	
89.2	89.7	
99.1	89.7	
99.3	89.7	
88.8	89.7	
88.8	89.7	
89.4	89.5	
99.1	79.6	
98.7	69.5	
99.3	89.7	
89.2	99.2	
89.2	69.7	
99.3	89.7	
99.3	89.5	
98.7	89.5	
89.4	79.6	
89	79.6	
98.9	79.6	
98.9	99	
98.1	89.5	
89.4	89.5	
89.2	89.7	
98.5	89.7	
99.3	89.7	
98.5	79.6	
98.9	79.6	
99.1	59.2	
99.3	89.7	
89.4	79.4	
99.3	59.6	
99.1	89.7	
99.3	89.5	
99.1	89.5	
98.7	89.7	
89.4	69.5	
99.1	79.2	
99.3	89.3	
99.1	89.7	
99.3	89.7	
89	79.6	
99.3	89.3	
99.1	89.7	
99.3	89.7	
99.3	89.5	
99.1	89.7	
99.3	89.7	
98.7	89.7	
99.3	69.3	
99.1	89.7	
99.1	89.5	
99.3	89.7	
88.8	89.5	
98.9	89.7	
99.3	89.5	
99.3	89.7	
98.3	59.6	
99.3	89.7	
98.7	89.5	
89.2	89.5	
99.3	69.5	
98.7	69.5	
99.1	89.7	
88.8	89.7	
99.3	89.7	
89.2	89.7	
99.3	89.7	
99.3	89.7	
99.1	79.2	
99.1	79.6	
99.3	89.7	
98.9	89.7	
99.3	69.5	
98.9	89.7	
99.3	89.7	
99.3	69.7	
89.2	89.1	
78.3	79.4	
99.1	69.7	
98.7	79.2	
99.3	89.7	
98.9	89.7	
99.3	89.7	
99.3	89.7	
99.3	79.2	
99.1	89.7	
99.1	89.7	
88.8	79.4	
98.7	49.7	
99.3	89.7	
99.1	59.6	
99.1	89.5	
98.9	89.7	
99.1	89.7	
97.9	89.7	
99.1	89.7	
99.1	89.7	
89	89.7	
99.3	79.2	
99.3	89.7	
89.2	89.7	
97.9	89.7	
99.3	89.7	
98.9	89.1	
99.1	89.5	
99.1	89.7	
89.2	89.7	
99.3	79.4	
99.1	89.3	
89.4	79.4	
98.7	69.5	
99.3	89.5	
98.9	89.5	
98.5	89.7	
89.4	89.7	
98.5	89.7	
99.3	89.3	
98.9	89.5	
99.3	39.4	
88.4	89.7	
99.3	89.7	
89.4	89.7	
99.1	89.7	
99.1	89.7	
99.3	89.7	
99.3	89.7	
99.3	69.5	
88.6	89.7	
99.3	89.7	
99.3	79	
99.3	89.7	
98.9	89.5	
99.3	89.7	
98.9	89.7	
99.1	89.7	
98.9	69.7	
99.1	89.7	
98.3	78.4	
99.3	79.4	
99.3	89.7	
99.1	89.7	
99.3	79.6	
68.4	79.4	
98.5	89.7	
99.1	89.7	
99.3	89.7	
89.2	99.6	
99.3	79.2	
99.1	89.5	
98.3	89.5	
99.3	89.5	
99.1	89.5	
77.7	79.6	
98.3	89.7	
99.1	89.7	
99.1	79.6	
98.9	79.4	
99.1	89.5	
99.3	49.3	
99.3	79.4	
98.3	89.5	
98.9	89.5	
98.9	89.5	
99.1	79.2	
98.9	89.7	
99.3	89.7	
99.3	79.4	
98.3	89.7	
98.3	89.7	
99.3	89.7	
98.7	89.5	
89.2	79.6	
99.3	89.7	
99.3	89.7	
99.3	89.7	
98.7	89.7	
99.1	89.7	
99.3	69.5	
99.3	89.7	
98.9	89.7	
99.3	89.7	
99.3	89.7	
99.3	69.3	
89.2	89.1	
99.3	89.1	
99.1	89.7	
99.1	89.7	
99.3	89.7	
89	89.5	
88.8	89.5	
98.5	89.7	
98.9	79.2	
99.3	89.5	
99.1	59.6	
88.8	89.7	
98.9	89.3	
99.3	89.5	
99.1	89.7	
98.7	89.3	
99.3	48.9	
99.3	89.7	
89.4	89.7	
99.3	89.7	
88.2	89.7	
88.6	69.3	
98.3	89.5	
99.1	89.5	
98.9	89.7	
98.9	89.7	
98.7	89.7	
99.3	89.7	
99.1	89.7	
99.1	89.7	
99.3	89.7	
99.1	89.7	
99.3	89.7	
98.3	89.7	
98.9	89.7	
89.2	88.9	
98.9	59.6	
99.3	58.6	
99.3	89.1	
98.7	89.7	
99.3	89.5	
99.1	89.7	
99.3	89.5	
99.3	89.7	
99.3	89.7	
99.1	59.6	
98.3	89.7	
98.7	89.7	
99.1	89.5	
98.9	89.7	
99.3	89.7	
99.3	89.7	
99.3	89.7	
98.9	89.7	
89	69.7	
98.3	79.6	
99.3	89.7	
99.1	89.5	
98.1	89.7	
99.1	89.7	
99.1	89.5	
98.5	89.7	
99.1	79.6	
99.3	79.6	
99.3	89.5	
98.3	89.7	
99.3	89.7	
88.6	89.7	
99.3	79.6	
98.7	79.6	
98.7	79.2	
99.3	79.4	
99.1	89.7	
99.3	79.2	
99.3	89.7	
98.7	89.7	
99.3	89.7	
99.3	89.5	
99.3	69.5	
98.9	89.3	
99.3	79.6	
99.3	89.7	
98.9	89.7	
99.1	89.1	
99.3	79.6	
99.3	79.4	
99.1	69.5	
98.9	89.7	
99.1	89.7	
99.1	89.1	
98.7	89.7	
99.3	89.7	
99.3	89.7	
99.3	89.3	
98.9	89.7	
99.3	89.7	
99.3	59	
98.7	89.7	
98.7	89.7	
98.7	89.7	
89.2	89.7	
88.2	59	
98.7	89.5	
98.9	79.6	
89.2	89.7	
99.3	69.7	
99.3	89.7	
99.3	79.4	
99.1	89.7	
88.6	79.6	
98.5	89.5	
89	89.7	
99.1	89.7	
88.6	89.7	
99.3	89.7	
99.1	89.7	
99.3	89.5	
99.3	89.7	
99.3	89.7	
99.1	89.7	
99.3	89.7	
99.3	79.6	
98.5	89.7	
99.3	89.3	
99.3	89.7	
99.3	89.7	
98.9	88.9	
99.3	79.6	
89.4	89.7	
99.1	89.7	
98.9	89.7	
99.3	89.7	
99.1	89.7	
98.9	89.7	
99.1	89.5	
99.3	79.6	
99.3	89.7	
98.9	89.7	
99.1	69.7	
99.3	89.7	
98.3	89.7	
99.3	89.7	
99.1	59.2	
98.7	89.7	
99.1	89.7	
99.1	79.4	
98.9	79.6	
98.7	69.5	
99.1	89.7	
88.6	89.7	
99.3	89.7	
99.1	89.7	
99.1	89.7	
99.3	89.7	
98.9	89.7	
99.1	79.6	
99.3	89.7	
98.7	89.7	
99.1	79.4	
99.3	89.7	
99.3	89.7	
98.9	89.5	
99.3	79.6	
89.2	89.7	
99.3	79.4	
98.5	89.7	
98.9	69.7	
99.1	89.5	
98.7	89.7	
99.3	89.5	
99.1	79.6	
99.3	89.7	
98.3	89.3	
98.9	89.7	
99.1	78.6	
99.3	89.7	
99.3	89.7	
87.8	59.6	
99.3	89.7	
98.9	59.8	
89.4	89.7	
88.6	89.7	
99.3	59.4	
99.1	89.5	
99.1	89.7	
99.1	89.3	
98.9	79.6	
98.7	89.7	
99.3	89.7	
99.1	89.7	
99.1	59.6	
99.1	89.7	
99.3	89.7	
99.3	89.5	
89.2	89.7	
99.3	89.5	
99.1	89.5	
99.1	89.5	
99.1	39.6	
99.3	79.4	
99.1	89.7	
98.7	89.7	
99.1	79.4	
89.2	79.6	
98.9	89.5	
99.3	89.7	
98.7	89.5	
99.1	89.7	
99.3	79.4	
99.3	89.7	
99.3	89.5	
89	89.7	
99.3	89.7	
99.1	79.6	
98.9	89.7	
89	89.7	
98.7	89.7	
99.1	89.7	
99.1	69.5	
99.3	89.7	
98.9	89.7	
99.1	79.6	
99.3	89.5	
99.1	89.7	
99.1	88.9	
89.4	89.5	
89	79.4	
99.1	79.6	
99.3	89.7	
98.9	79.4	
98.5	89.7	
97.9	89.7	
99.1	89.7	
99.3	69.5	
99.3	89.5	
99.3	79.8	
99.3	89.7	
99.1	89.5	
99.3	89.7	
98.9	89.7	
77.3	89.7	
98.9	89.5	
99.1	89.7	
98.9	89.7	
99.3	79.4	
98.7	89.7	
89.4	89.7	
98.9	89.7	
99.1	89.3	
99.3	79.6	
98.9	89.7	
99.3	89.7	
98.9	89.7	
98.7	79.6	
99.3	89.7	
99.1	89.7	
99.1	89.5	
98.5	89.5	
99.3	89.7	
99.3	89.7	
98.3	89.7	
99.3	89.5	
98.9	89.7	
99.3	79.4	
98.7	89.7	
99.3	89.7	
99.3	89.7	
99.3	59.6	
99.1	79.6	
99.1	89.7	
99.1	89.7	
99.3	89.7	
97.9	69.5	
99.3	89.7	
99.3	89.7	
99.3	89.7	
88.6	69.3	
98.7	89.7	
98.9	89.7	
98.9	79.8	
99.1	89.7	
98.9	69.7	
99.1	89.7	
98.9	79.6	
99.1	39.2	
99.3	89.7	
99.3	89.7	
98.7	89.7	
99.1	89.7	
98.3	89.7	
99.3	89.3	
89.2	89.7	
99.1	89.7	
99.1	89.7	
99.3	89.7	
88.4	89.5	
98.9	89.7	
99.1	89.5	
89	89.7	
99.3	89.5	
99.1	89.5	
98.9	89.7	
97.7	89.5	
88.4	89.7	
98.9	89.7	
99.1	89.7	
98.5	89.7	
98.9	89.3	
99.1	79	
98.9	59.2	
88.4	89.5	
99.1	89.7	
99.3	89.3	
99.3	89.7	
99.3	69.3	
99.1	89.7	
99.3	69.7	
99.3	89.7	
98.9	89.7	
99.3	89.7	
98.9	89.5	
98.9	89.1	
98.5	89.7	
98.7	89.7	
98.9	89.5	
99.1	89.3	
87	39.4	
99.3	89.7	
99.1	89.7	
99.1	89.7	
98.3	89.5	
99.1	89.7	
99.1	79.4	
99.1	89.7	
99.1	89.7	
98.5	89.5	
99.3	99	
87.6	89.7	
99.3	69.7	
99.1	89.3	
98.9	89.7	
67.6	89.7	
99.1	49.3	
99.3	89.7	
99.3	69.7	
99.3	89.7	
99.3	89.7	
99.1	89.7	
99.3	89.7	
88.4	89.7	
99.3	79.6	
99.3	89.3	
99.3	69.7	
99.3	79.6	
99.1	99.2	
98.7	89.7	
99.3	69.3	
99.1	89.7	
89	89.7	
99.1	69.3	
98.7	89.7	
99.3	89.7	
98.9	89.7	
99.3	79.2	
98.7	79.4	
99.3	79.6	
98.9	89.7	
98.7	79.6	
99.1	89.7	
99.1	89.7	
89.2	89.5	
98.7	89.7	
99.1	89.7	
89.2	89.7	
98.3	89.5	
99.3	89.7	
99.1	89.7	
98.9	89.7	
99.1	89.7	
99.3	89.7	
89.2	89.5	
98.7	89.7	
99.3	89.7	
98.9	89.7	
99.1	79.6	
99.3	89.7	
99.1	89.5	
98.7	89.7	
89.2	89.7	
98.9	89.3	
89.4	89.7	
99.3	69.3	
98.5	79.6	
89.2	89.7	
99.3	89.7	
99.1	89.7	
98.9	89.5	
98.9	79.6	
99.1	79.6	
99.1	89.7	
99.1	49.3	
99.3	89.7	
99.1	89.7	
99.1	89.7	
99.3	49.1	
98.5	89.7	
99.3	89.7	
89.4	89.7	
99.3	89.7	
99.1	89.7	
99.3	89.7	
98.9	89.7	
99.1	89.7	
98.5	89.7	
99.1	89.7	
99.3	89.7	
99.3	89.5	
99.3	69.5	
99.3	89.5	
99.3	69.3	
99.1	89.7	
99.3	89.7	
99.3	89.7	
99.1	89.7	
99.3	89.7	
99.1	89.7	
99.1	79.6	
99.1	89.7	
99.3	69.7	
99.1	89.7	
89	89.5	
99.1	79.4	
99.3	89.7	
99.1	69.3	
99.3	89.7	
98.5	89.7	
99.1	89.5	
