77.1	99.6	
99.3	88.9	
57.3	99.2	
89	99.4	
88.6	99.6	
89.2	99.4	
99.3	99.6	
79.1	99.4	
89.4	99.4	
98.5	19	
89	89.7	
88.8	89.3	
98.5	99.6	
89	99.2	
77.1	79.6	
98.9	99.6	
88.6	99.4	
89	99.6	
98.9	89.1	
99.1	98.8	
89.4	99.4	
88.6	99.6	
77.7	99.6	
99.1	99.6	
88.2	89.5	
98.3	99.2	
89	99.6	
98.9	99.4	
88.6	99	
89	89.1	
88.6	19.6	
99.3	99.6	
88.8	78.6	
88.8	89.5	
77.7	89.1	
99.3	99.2	
89.2	89.5	
99.3	99.6	
98.9	89.7	
88.8	99.4	
78.7	89.7	
99.1	99.6	
89.4	99.2	
99.3	89.7	
99.3	99.6	
99.3	99.4	
98.9	49.1	
98.9	79.6	
88.8	89.1	
99.1	99.6	
99.1	79.6	
99.3	99.4	
99.3	79.4	
99.3	49.1	
89.4	89.1	
99.3	99.6	
79.3	99.6	
99.3	99.4	
79.1	99.2	
98.9	99.2	
99.3	99	
99.1	87.9	
78.5	99.4	
98.7	89.1	
98.9	79.2	
98.3	89.5	
99.3	99.6	
99.3	99.4	
99.1	99.6	
88.8	99.2	
98.9	79	
89	88.3	
99.3	88.9	
98.3	79.6	
89.2	98.6	
98.9	99.2	
98.9	89.3	
99.1	99.6	
79.1	69.1	
89.4	89.3	
89	99.6	
89	89.7	
88.8	99.6	
99.1	98.8	
89	-92.1	
99.1	99.6	
98.7	89.1	
98.9	99.6	
79.3	69.5	
99.3	99.6	
99.1	89.5	
89	69.3	
78.9	88.7	
98.5	99.6	
98.7	89.5	
99.1	89.7	
99.3	79.4	
99.1	99.2	
98.9	99.6	
78.7	99.6	
88.2	99.4	
78.5	99.6	
88.6	89.5	
79.1	89.7	
98.7	99	
68.8	99.4	
89.4	69.1	
98.7	99.6	
99.1	89.5	
88.6	89.3	
89.4	99.6	
88.8	99.2	
89.2	99.4	
88	99.6	
88.2	99.6	
98.7	99.2	
98.7	99.6	
99.1	99.6	
48.4	99.6	
89	99.6	
87.8	39.2	
89	69.7	
99.1	99.6	
98.5	99.4	
88.2	19.6	
78.3	69.5	
98.3	99.6	
88.4	88.7	
99.1	79.6	
78.7	99.6	
88.8	99.4	
99.1	99.6	
78.9	89.1	
79.3	99.2	
89	99.6	
99.1	79.8	
78.1	89.5	
98.7	99.6	
99.3	99.6	
89.4	99.6	
97.9	99.4	
99.1	99.6	
87.6	99.6	
87.8	89.7	
99.3	99.6	
78.5	99.6	
97.7	89.7	
87.6	99.6	
99.3	99.2	
88.8	89.3	
99.1	99.2	
88.4	99.6	
79.3	79.6	
99.1	89.5	
69.2	99.6	
97.9	89.3	
79.1	99.4	
99.1	99.2	
98.9	79.6	
77.7	99.6	
89.2	89.7	
99.3	99.4	
98.9	99.4	
98.3	99.6	
99.3	99.2	
98.9	89.5	
89	99.6	
78.9	99.4	
79.3	89.1	
78.9	79	
89.2	89.7	
99.3	89.5	
96.5	99.2	
89	79.6	
99.3	99.6	
79.1	69.5	
99.1	99.4	
98.3	99.4	
88	99.4	
99.1	99.2	
99.3	99.2	
99.1	99.2	
97.7	88.9	
67.6	99.6	
88.2	99.2	
99.1	99	
99.1	89.7	
99.3	99.6	
98.7	99	
98.9	99.6	
98.5	99.4	
89	99.4	
98.9	99.6	
78.3	99.6	
98.9	98.8	
88.6	99.4	
88.8	89.1	
99.1	99.6	
88.6	69.3	
88.8	99.4	
88.8	99.2	
98.5	99.6	
89.4	99.6	
78.5	89.5	
88.8	98.8	
89.4	99	
98.5	88.9	
99.3	99.6	
99.3	99	
88.8	98.8	
88.4	79.6	
99.1	99.6	
99.3	99.4	
89.2	89.7	
79.1	89.7	
99.1	99.2	
78.9	79.4	
88.4	99.4	
99.1	39.2	
89.2	89.5	
79.1	99.2	
88.8	99.6	
88.2	99.2	
88.8	99.2	
68.8	99.6	
88	99.6	
99.1	98.6	
89	69.5	
99.3	99.4	
99.3	99.6	
78.7	99.6	
98.7	99.4	
98.7	99.2	
99.3	99.6	
99.1	99.4	
79.1	89.7	
98.9	99.6	
88.6	99.4	
99.3	89.7	
88.8	89.3	
99.3	99.6	
88.8	99.6	
98.9	99.6	
89	99.4	
98.7	99.6	
89	99.4	
88.4	99.6	
88.2	99.6	
88.6	89.5	
99.1	99	
98.3	99.2	
89	99.4	
89	79.6	
89.2	79.8	
88.8	89.3	
78.7	69.7	
89	99.4	
98.7	99.6	
99.3	99.4	
99.1	99.4	
98.9	99.6	
27.8	89.3	
78.7	49.3	
98.9	99.2	
99.1	89.5	
78.3	99.6	
99.3	99.6	
79.1	99.2	
89.2	58.4	
89	99.6	
98.7	69.3	
99.3	99.4	
88.8	99.6	
98.5	99.4	
78.3	98.2	
99.1	59	
98.7	89.5	
98.7	98.8	
99.1	99.6	
99.1	99.6	
89	99.6	
89.2	89.7	
99.1	39.8	
87.8	99.4	
98.1	79.8	
89.2	89.5	
98.9	59.2	
99.3	99.2	
98.9	99.6	
99.1	99.6	
89.2	99.6	
69	99.2	
98.5	49.7	
89.4	99.4	
89.4	99.2	
78.3	99.6	
98.7	99	
99.3	79.2	
99.1	89.7	
98.9	79.6	
98.5	99.4	
98.1	89.1	
98.1	99.2	
99.3	88.9	
48	89.5	
99.3	99.4	
99.1	89.1	
99.3	69.5	
88	99.6	
98.7	79.6	
98.9	99.6	
98.9	99.6	
98.9	99.6	
99.1	99.2	
99.1	89.7	
99.1	99.6	
89.2	99.6	
99.3	99.2	
88.6	99.4	
99.3	99.2	
99.3	69.3	
69.2	99.6	
88.4	39	
98.1	89.7	
58.7	99.4	
88.2	89.5	
89.2	99.6	
97.9	89.5	
99.3	99.6	
99.1	89.5	
99.3	58.6	
99.3	99.2	
89.4	79	
98.9	99.2	
47.8	99.6	
79.3	99.6	
99.1	99	
89	98.8	
78.9	98.2	
89.2	99.6	
89.2	99.6	
87.8	79.8	
99.3	98.8	
99.3	99.2	
79.5	99.6	
88.8	99	
88.4	99.6	
78.9	89.7	
88.4	79.2	
98.7	89.3	
99.3	89.3	
99.1	98.8	
98.7	99.6	
88.2	99.4	
98.5	99.6	
79.1	59.2	
99.3	89.3	
98.9	99.4	
98.1	99	
98.9	69.3	
88	89.7	
99.3	99.6	
88.6	99.4	
89.2	99.6	
89.4	99.6	
99.3	79.4	
98.9	98.8	
99.3	99.2	
98.7	99.4	
87.2	99.4	
98.9	99.2	
88.4	59.6	
88.8	99.2	
99.3	99	
79.5	99.2	
88.2	89.5	
89	99.6	
99.3	89.1	
89.4	78.6	
98.7	98	
98.3	89.7	
89	79.8	
88.8	99.6	
99.1	99.2	
87.8	99.4	
97.5	99.2	
78.1	69.7	
99.1	99.4	
88.8	99.4	
98.1	99.2	
89.4	99.4	
89.2	99.6	
98.9	99.6	
78.7	99.6	
99.1	99.6	
88.8	99.2	
99.3	98.8	
99.3	99.6	
88.6	99.6	
98.7	39.4	
88.6	89.7	
99.1	99.4	
98.5	49.7	
47.6	99.2	
99.3	99	
98.9	99.6	
89.2	99.2	
89.4	89.5	
89	99.4	
99.3	99.4	
98.3	89.1	
89	99.2	
78.1	99.6	
89.2	88.7	
89	99.4	
98.7	99.2	
99.3	89.1	
89	99.6	
89.4	99.6	
89.2	99.4	
98.5	99.6	
89.2	98.4	
89.4	89.3	
79.1	99.6	
88.8	89.3	
88.2	99.4	
88.6	99.4	
98.5	98.8	
98.5	99.4	
98.3	89.7	
77.7	89.1	
79.3	79.4	
78.7	99.2	
88.6	59.2	
98.9	89.7	
98.1	99.2	
98.9	99.2	
99.1	98.8	
88.2	49.3	
99.1	88.9	
98.7	99.6	
79.3	99.6	
87.4	89.7	
88.4	88.9	
99.1	89.7	
98.9	99.6	
88.6	99.4	
99.1	99.4	
89.2	99.6	
88.8	99.6	
99.3	99.4	
69	79.8	
99.1	99.6	
98.9	79.6	
99.1	89.3	
89	59.6	
79.3	99.4	
89	99.4	
79.3	99.6	
89	78.6	
78.7	77.6	
78.3	99.6	
99.3	99.6	
99.3	99	
57.7	89.1	
98.3	99	
98.9	99.6	
99.1	98.8	
88.8	99.2	
99.3	88.7	
98.9	88.3	
88.6	99.4	
99.1	89.5	
89	89.3	
88.2	79.2	
89	99.6	
88.2	99.6	
89.2	99.6	
98.9	99.4	
99.1	98.4	
78.1	88.3	
98.9	99.2	
98.5	89.1	
89.4	99.6	
99.3	89.3	
78.9	89.5	
98.7	99.6	
78.9	99.6	
89.2	89.5	
99.1	98.4	
89.2	99.6	
89.2	99.4	
89	99.6	
98.9	88.9	
89.2	39.4	
98.7	99.4	
98.5	59.2	
88.4	99.2	
99.1	59.8	
99.3	9.3	
