98.9	79.6	
99.1	49.3	
99.3	79.4	
99.1	49.5	
99.3	69.5	
98.7	79.6	
99.3	69.5	
99.1	49.5	
99.1	69.3	
99.1	79.4	
99.3	79.6	
99.3	39.4	
99.3	79.6	
89	79.6	
99.1	79.6	
99.1	69.5	
99.1	79.6	
89	69.5	
99.1	69.5	
99.1	79.4	
99.3	79.6	
99.3	79.6	
99.3	79.6	
98.9	79.6	
98.9	79.6	
99.3	79.6	
89.2	79.4	
89.2	79.6	
99.3	69.1	
99.3	79.6	
99.3	79.6	
89.2	79.6	
99.3	79.6	
99.3	79.4	
99.3	79.6	
99.3	69.5	
99.3	59.4	
99.3	79.6	
99.3	69.3	
99.3	69.5	
99.3	79.6	
98.9	79.6	
89	79.6	
89.2	79.6	
99.3	79.4	
99.3	79.6	
89.2	59.6	
99.3	79.4	
89.2	69.5	
88.8	79.6	
99.1	69.5	
99.3	69.5	
89.2	79.6	
99.1	69.3	
99.3	78.8	
99.3	69.1	
98.1	79.6	
98.9	69.3	
88.2	79.6	
99.3	79.4	
99.1	49.3	
98.9	79.6	
89.2	68.9	
99.1	69.5	
99.3	79.6	
99.3	69.3	
99.3	79.4	
99.1	79.6	
99.1	49.3	
98.9	79.2	
89.2	79.6	
99.1	89.5	
99.1	79.6	
99.3	59.2	
99.1	79.4	
99.3	69.5	
99.3	79.6	
89.2	69.5	
99.3	69.5	
99.3	69.3	
89	79.6	
98.9	79.6	
99.3	59.6	
99.3	69.3	
99.1	79.6	
99.3	79.4	
99.3	79.4	
99.3	79.6	
99.3	79.2	
99.3	79.6	
99.3	79.6	
99.3	69.5	
99.1	79.6	
99.3	79.4	
98.7	49.5	
99.3	79.6	
99.3	59.2	
99.3	79.6	
99.3	79.4	
99.3	59.4	
99.3	59.4	
89.2	69.5	
89	59.6	
99.1	69.5	
99.1	69.5	
99.3	59.4	
99.3	79.4	
99.3	79.6	
99.3	59.4	
99.3	79	
99.3	79.6	
98.9	69.5	
89.2	69.5	
99.3	59.4	
99.3	79.4	
99.3	79.6	
89.2	79.6	
99.3	79.6	
99.3	59.4	
99.3	69.5	
99.1	79.6	
89.2	69.5	
99.1	69.5	
89.2	79.6	
88.8	69.5	
99.1	79.6	
99.3	69.5	
98.9	79.6	
99.3	79.4	
98.9	79.6	
98.9	79	
99.3	79.6	
99.3	69.5	
89	79.6	
99.1	79.6	
99.3	79.4	
99.3	59.2	
99.1	79.6	
99.1	69.5	
99.1	69.3	
98.9	39.4	
99.3	69.5	
99.1	79.4	
99.3	79.6	
99.1	89.5	
99.1	69.1	
99.3	29.3	
99.3	69.1	
99.3	79.6	
99.1	69.5	
89.2	79.4	
99.3	79.6	
99.3	89.3	
99.3	79.6	
99.3	79.6	
98.9	59.4	
99.3	49.5	
98.9	49.3	
98.9	79.4	
99.3	69.5	
99.3	69.1	
98.9	49.5	
88.8	79.6	
99.1	59	
99.3	69.3	
99.1	79.6	
99.3	79.2	
99.1	79.4	
89	79.6	
99.3	69.5	
89	79.2	
99.3	79.4	
99.1	69.3	
99.3	79.4	
99.1	79.6	
99.3	58.8	
89	59.2	
89	69.3	
99.1	39.4	
99.3	79.6	
89.4	79.6	
99.1	79.6	
99.3	79.4	
79.1	79.6	
99.1	49.3	
98.9	69.5	
99.3	69.5	
99.1	79.6	
99.3	79.6	
98.9	79.6	
99.3	79.2	
78.7	79.6	
99.1	79.6	
99.1	39.2	
99.3	79.4	
98.9	79.6	
98.9	39.4	
99.3	69.5	
99.3	29.5	
89.2	79.6	
99.3	49.5	
99.3	69.5	
99.3	79.6	
99.1	79.2	
89.2	59.4	
99.3	69.3	
99.3	79.4	
89.2	79.6	
98.9	79.6	
99.1	69.5	
88.6	49.5	
99.3	79.6	
99.1	79.6	
98.9	79.6	
98.9	79.6	
98.9	59.2	
99.1	79.6	
88.8	79.4	
99.3	69.3	
99.1	49.5	
99.3	79.6	
99.1	79.6	
99.3	79.6	
99.3	79.2	
99.3	79.6	
99.3	69.3	
99.3	69.5	
99.1	79.4	
98.9	79.6	
98.9	79.6	
89.2	59.4	
99.1	79.6	
99.3	59.6	
98.5	79.6	
88.6	69.3	
99.1	79.6	
99.3	69.3	
99.1	79.6	
99.3	79.6	
99.1	79.6	
99.1	79.6	
99.1	59.4	
99.3	69.5	
99.1	79.6	
99.1	79.6	
89.2	79.6	
88.6	79.4	
89	79.6	
99.1	79.4	
88.8	79.6	
99.3	79.6	
99.1	79.6	
99.3	79.6	
99.3	79.4	
89.2	79.6	
99.3	79.6	
99.1	79.2	
89.2	79.4	
99.3	69.5	
99.3	79.6	
99.3	69.5	
99.3	49.5	
99.3	79.2	
99.1	79.6	
89	69.5	
99.3	59.4	
99.3	19.2	
99.1	79.6	
99.1	79.6	
99.3	59.6	
88.6	69.3	
98.5	59.4	
99.1	79.6	
99.3	79.6	
99.3	79.6	
99.3	79	
99.3	29.3	
99.3	79.4	
99.3	79.4	
89.2	49.3	
99.3	79.6	
98.9	69.5	
99.3	79.6	
99.1	49.5	
98.9	69.5	
99.3	79.6	
99.1	79.6	
99.1	59.6	
98.9	59.6	
99.3	69.3	
99.1	79.2	
99.1	69.5	
99.1	79.6	
99.3	79.6	
99.3	79.6	
98.9	69.5	
99.1	79.6	
99.1	79.6	
98.9	79.4	
99.1	79.6	
99.3	59.4	
99.3	79.6	
99.1	69.5	
89	79.6	
99.3	69.5	
99.3	59.6	
99.3	69.5	
99.1	69.1	
99.1	68.9	
99.3	79.6	
99.3	69.7	
99.3	79.6	
88.6	79.6	
89.2	79.6	
99.3	49.5	
99.3	79.6	
99.3	79.4	
98.9	59.4	
98.9	79.6	
99.3	79.6	
89	59.6	
99.3	89.5	
99.1	79.4	
98.9	79.4	
99.3	79.6	
99.1	79.6	
99.3	79.4	
98.9	69.5	
98.9	79.6	
99.3	79.2	
99.3	79.4	
99.1	79.4	
99.3	79.4	
89	79.6	
99.3	79.6	
99.3	59.6	
89.2	79.6	
89	69.5	
99.1	69.5	
98.9	69.5	
89.2	79.6	
88.8	79.6	
99.1	79.6	
89.2	59.6	
98.9	79.2	
98.9	69.5	
99.1	69.3	
99.3	68.7	
99.1	39.2	
99.3	79.4	
99.1	79.6	
99.3	79.6	
89	69.3	
99.3	79.6	
99.3	79.6	
99.1	79.6	
89.2	69.5	
89.2	79.6	
99.3	59.2	
99.3	79.4	
99.1	79.6	
99.1	79.4	
98.9	79.4	
99.1	79.6	
99.3	79.4	
99.3	49.5	
89	59.4	
99.3	69.1	
99.3	79.4	
99.3	49.1	
99.3	69.5	
88.8	79.6	
98.7	79.4	
99.1	79.4	
99.1	69.3	
99.3	69.5	
98.5	79.4	
99.3	79.6	
99.1	79.4	
99.3	79.6	
99.1	79.6	
99.1	79.6	
89	69.5	
99.3	79.6	
99.3	79.6	
99.1	69.5	
99.3	79.2	
99.1	79.6	
98.9	79.6	
99.3	59.4	
99.1	69.5	
99.1	79.6	
99.3	79.6	
99.1	69.5	
98.9	79.4	
99.3	79.6	
99.1	79.6	
99.3	59.6	
89	79.4	
99.3	79.4	
99.3	79.6	
99.1	79.6	
98.7	69.5	
99.1	79.6	
98.9	79.6	
98.9	79.6	
99.3	79.6	
99.3	69.5	
98.9	49.5	
98.9	89.7	
99.1	69.5	
99.1	79.4	
99.1	59.2	
99.1	79.4	
99.3	69.3	
99.3	79.4	
88.8	79.6	
99.3	69.5	
99.3	69.3	
99.1	79.6	
99.3	59.4	
99.1	79.6	
89	79.6	
99.1	69.5	
99.3	59.6	
89.4	69.5	
99.3	79.4	
98.7	39.6	
89.2	79.6	
98.9	79.6	
99.1	79.6	
99.3	79.4	
99.3	79.2	
99.1	59.6	
99.3	69.3	
99.3	59.4	
98.9	79.6	
99.1	79.6	
99.3	79.4	
89.2	79.6	
98.9	69.5	
89.4	79.4	
99.3	59.6	
99.3	69.5	
99.1	79.6	
99.1	79.6	
89	69.5	
99.1	69.5	
99.3	69.7	
99.3	79.6	
89.2	79.6	
99.3	79.6	
99.3	79.6	
78.9	79.6	
99.1	79.6	
99.1	79.2	
99.3	69.3	
99.3	79.4	
89	69.5	
99.3	79.4	
99.1	69.3	
99.1	79.6	
99.3	79.6	
89	49.3	
89.2	39.2	
99.3	79.4	
99.1	79.6	
89.2	79.4	
99.1	79.6	
99.3	79.6	
99.1	79.6	
98.7	79.4	
89.2	59.4	
99.3	79.6	
99.3	79.4	
68.6	79.6	
99.1	69.5	
99.1	79.6	
89.2	59.2	
99.3	79.6	
99.3	79.6	
99.1	79.6	
89.2	79.6	
99.3	79	
99.3	39.6	
89	79.6	
88.8	79.6	
98.9	79.6	
99.3	59.4	
99.3	79.6	
89.2	59.2	
99.3	79.6	
89.4	79.6	
99.3	79.4	
89.2	69.3	
99.3	79.6	
99.3	59.2	
89	79.6	
99.3	79.6	
99.1	79.6	
99.3	79.6	
98.9	79.6	
99.3	69.5	
89.2	79.6	
99.1	59.4	
99.3	79.4	
88.6	59.6	
99.3	79.6	
99.1	69.5	
99.3	79.6	
99.3	79.6	
88.8	59.4	
99.1	79.6	
89	79.6	
98.9	78.8	
99.3	79.6	
99.1	59.6	
98.9	79.6	
99.1	69.5	
98.9	79.2	
99.1	79.6	
89.2	69.3	
98.9	79.6	
99.3	49.3	
98.7	79.6	
99.3	59.2	
99.1	79.4	
99.1	79.6	
99.3	69.5	
99.3	69.5	
89.2	69.5	
99.3	79.6	
98.9	59.4	
98.3	49.7	
99.1	79.4	
99.3	79.2	
98.7	69.5	
89.2	79.6	
99.1	49.3	
99.1	79.4	
99.1	29.5	
99.3	79.4	
99.3	79.6	
98.9	69.3	
99.3	79.6	
99.3	79.6	
89.2	69.1	
89	49.1	
99.3	49.3	
99.1	79.6	
99.3	79.6	
98.9	79.6	
99.1	79.6	
99.3	69.3	
99.3	79.6	
99.1	79.4	
99.3	79	
99.1	79.6	
99.1	79.6	
99.3	79.6	
98.7	69.3	
99.1	79.6	
98.9	59.4	
99.3	69.5	
98.9	49.3	
99.3	79.6	
99.3	79.4	
99.1	29.5	
89.2	79.4	
88.8	79.6	
88.6	59.6	
99.1	59.2	
99.1	59.2	
88.8	79.2	
99.1	79.6	
99.3	49.3	
99.1	79.6	
89.2	79.4	
99.1	79.6	
99.3	79.4	
99.1	69.3	
98.7	69.1	
99.1	59.4	
89	59.4	
99.3	89.3	
99.1	69.5	
99.3	79.6	
99.3	79.4	
98.9	39.2	
98.7	39.4	
99.3	79.6	
99.1	79.4	
99.1	69.5	
99.3	79.6	
99.3	79.6	
99.1	69.5	
98.9	59	
99.1	69.5	
99.3	69.3	
99.1	79.4	
99.1	79.6	
99.1	69.3	
89.2	79.6	
99.3	79.4	
99.1	59.4	
99.3	79.6	
99.1	79.6	
88.4	79.6	
99.3	79.4	
99.1	69.3	
99.3	69.1	
99.1	79.6	
99.3	79.4	
99.3	79.4	
99.1	59.6	
99.3	79.6	
99.3	79.4	
99.3	69.5	
99.1	39.4	
99.3	79.6	
99.3	79.6	
99.3	59.4	
89	59.4	
99.1	79.6	
99.3	69.5	
98.9	79.6	
99.3	79.6	
99.3	49.1	
99.3	29.5	
98.9	79.6	
99.3	79.6	
89	69.5	
99.3	59.6	
99.3	79.6	
89	79.6	
99.3	69.3	
89	69.1	
98.9	79.6	
99.3	59.2	
99.1	79.6	
99.1	59.4	
99.1	79.6	
89	59.4	
99.3	79.6	
89	69.5	
99.3	79.6	
99.1	79.6	
99.1	59	
99.3	79.6	
99.3	79.6	
99.1	79.6	
99.1	39.6	
99.3	79.6	
99.1	79.4	
99.3	59.2	
99.3	39.4	
99.1	79.6	
88.8	79.6	
89.2	59.6	
88.8	79.6	
99.3	79.6	
98.9	79.6	
89	79.6	
99.1	69.5	
99.3	69.5	
99.3	59.4	
99.3	79.6	
99.3	79.6	
99.1	59.4	
99.1	79.6	
89.2	79.6	
99.3	19.4	
99.3	79.6	
99.1	79.4	
98.9	79.6	
99.3	39.4	
99.1	59.4	
99.1	49.5	
89.2	29.3	
99.3	69.5	
99.1	79.6	
99.1	59	
99.3	79.4	
99.3	69.3	
99.3	49.5	
98.9	69.5	
89.2	79.4	
99.1	79.6	
99.1	79.4	
99.1	79.2	
89.2	79.6	
98.9	69.5	
99.3	59.4	
89.2	79.6	
78.9	49.1	
98.9	79.6	
98.9	79.4	
99.1	79.6	
99.3	79.6	
99.3	79.6	
99.3	79.6	
99.1	49.5	
98.7	79.6	
88.8	49.3	
99.3	79.6	
99.1	69.5	
88.6	79.6	
99.1	79.6	
99.3	79.6	
99.3	19.2	
99.3	69.3	
88.6	79.6	
99.3	79.6	
99.3	79.6	
99.3	79.6	
99.3	79.6	
88.6	79.6	
99.1	79.6	
99.3	79.4	
99.3	79.6	
99.1	69.5	
99.3	69.5	
98.7	68.7	
89.2	69.5	
98.9	79.4	
99.3	79.6	
99.3	79.6	
99.3	79.6	
99.1	79.6	
99.1	79.4	
99.1	79.6	
88.8	79.4	
89.2	69.5	
99.3	79.6	
89.2	69.5	
99.1	79.6	
98.9	69.5	
99.3	79.6	
98.9	79.6	
99.3	79.6	
99.1	49.5	
99.3	79.2	
99.3	59.6	
99.3	78.8	
99.1	69.3	
88.8	69.5	
99.3	79.4	
99.3	79.2	
98.7	79.4	
99.3	79.6	
99.1	59.2	
98.5	79.6	
99.3	79.6	
99.1	79.6	
99.1	69.3	
79.1	69.3	
98.9	28.9	
99.1	59.6	
99.3	49.3	
99.3	49.5	
89.2	79.6	
99.1	79.6	
89	79.6	
99.1	79.6	
99.1	69.5	
99.3	69.5	
99.3	79.6	
99.3	79.2	
99.3	79.6	
99.3	79.6	
99.1	69.5	
99.3	49.5	
99.3	59.4	
99.1	69.3	
99.3	79.6	
99.1	79.6	
99.1	79.4	
99.1	79.6	
99.1	59.4	
98.9	69.5	
99.3	59.4	
99.1	69.5	
99.3	79.6	
99.3	69.7	
99.3	79.6	
99.3	69.5	
99.1	69.5	
99.3	79.6	
88.8	79.6	
98.9	69.5	
99.3	69.5	
88.6	69.1	
99.3	79.6	
99.3	79.6	
99.3	79.6	
99.1	79.6	
99.3	79.2	
99.3	69.5	
99.1	59.4	
99.3	79.6	
89.2	79.4	
99.3	79.6	
99.3	59.6	
99.3	79.6	
99.3	59.4	
99.3	79.4	
99.1	79.6	
99.1	59.4	
88.8	79.6	
99.1	79.6	
99.3	79.6	
98.9	79.6	
99.3	39	
98.7	59.4	
99.3	59.6	
98.9	69.5	
99.3	79.6	
99.1	79.6	
99.3	79.6	
99.3	79.6	
89	69.3	
99.3	79.6	
99.1	19.4	
98.9	79.6	
99.3	69.5	
99.3	69.3	
99.3	79.6	
99.3	69.3	
99.3	79.6	
89.2	79.2	
99.3	69.5	
99.1	59.4	
99.3	59.6	
88.8	79.6	
99.3	79.4	
99.3	79.6	
89	49.1	
99.3	59.4	
99.1	79.6	
99.3	69.5	
99.1	59.4	
89.2	79.6	
99.3	79.6	
99.3	69.1	
99.3	79.6	
99.1	79.6	
98.9	59.6	
88.8	59.2	
99.1	79.4	
99.3	59.4	
98.9	59.6	
99.1	79.6	
98.7	79.6	
99.1	69.5	
98.7	59.4	
99.3	98.6	
89	69.5	
89	79.6	
89.2	69.5	
99.3	79.6	
99.3	79.6	
98.9	59.2	
99.3	79.4	
88.4	79.6	
99.3	79.2	
99.3	79.6	
88.2	79.6	
98.5	79.4	
89.2	79.6	
99.3	69.5	
89.2	79.6	
88.8	79.6	
78.3	69.7	
99.3	69.5	
99.1	79.6	
99.1	69.5	
99.3	59.6	
99.3	79.6	
99.3	28.7	
99.1	69.1	
89.2	69.5	
99.3	69.5	
99.3	79.6	
99.3	79.6	
89	69.5	
99.3	79.6	
99.1	59.6	
99.1	79.6	
88.6	69.5	
99.3	79.6	
99.1	79.6	
99.3	69.3	
99.1	79.6	
99.1	79.6	
99.1	79.6	
89.2	79.2	
89	79.6	
99.3	79.4	
99.3	79.6	
99.3	79.6	
88.8	59.6	
98.9	79.6	
99.3	79.6	
99.3	79.6	
99.1	69.5	
99.1	79.6	
89.2	79.6	
99.1	69.5	
98.9	79.6	
99.3	69.3	
99.1	79.6	
98.9	79.6	
99.3	39.2	
99.3	29.5	
99.1	59.4	
98.9	49.3	
99.3	59.4	
88.2	69.3	
89.2	79.6	
99.3	79.6	
99.1	79.4	
99.3	69.5	
88.8	79.6	
99.3	69.5	
89.2	79.6	
89	79.6	
99.3	69.5	
89.4	59.4	
68.8	79.4	
99.1	79.6	
99.1	99.4	
99.3	79.6	
89.2	79.6	
99.3	79.6	
99.3	69.5	
99.3	79.6	
99.3	69.5	
99.3	78.8	
89.2	79.6	
99.3	79.6	
99.3	69.5	
99.1	79.6	
99.1	68.7	
99.1	69.5	
89.2	79.6	
88.8	69.5	
99.1	79.6	
99.1	79.6	
99.3	79.6	
99.3	69.3	
88.4	69.5	
99.3	79.6	
98.7	79.4	
99.3	49.5	
99.3	79.6	
89	69.5	
99.3	79.6	
99.3	69.5	
99.3	79.4	
99.3	79.4	
99.3	59.6	
98.9	69.5	
99.3	39.4	
89	69.5	
99.3	79.6	
99.3	69.5	
99.3	49.1	
99.3	59.6	
99.3	79.6	
99.3	59	
79.1	79.4	
99.3	79.6	
99.3	69.5	
99.1	79.6	
99.3	59.4	
99.1	79.6	
88.6	69.5	
99.3	79.6	
99.1	49.3	
98.7	69.3	
99.3	79.6	
99.1	79.6	
99.3	79.4	
89.2	79.6	
89	69.1	
99.1	79	
98.7	79.6	
99.3	79.6	
99.3	79.6	
99.3	79.6	
79.1	79.2	
99.3	59.6	
99.3	79.6	
99.3	79.6	
99.3	79.6	
99.3	79.6	
89.4	59.4	
99.3	79.6	
99.3	79.2	
98.9	79.6	
