99.3	99.4	
99.3	99.6	
99.3	89.3	
99.1	89.5	
88.8	99.4	
89.2	99.4	
99.1	99.6	
99.1	99.2	
99.1	99.6	
98.9	59	
98.9	99.6	
99.3	99.6	
98.9	99.6	
99.3	99.6	
99.3	89.5	
98.7	99.2	
99.3	99.6	
88.8	99.4	
98.5	79	
98.3	99.4	
99.3	79.2	
99.3	99.6	
99.1	99.4	
98.9	99.6	
99.1	99	
98.9	99.6	
98.9	99.6	
98.9	99.6	
99.3	99.6	
98.9	99.6	
99.3	79.2	
99.3	99.4	
99.3	99.6	
98.9	99.6	
88.8	99.6	
99.3	89.3	
99.3	99.4	
99.1	99.4	
99.1	99.4	
99.3	99.4	
89.2	99.6	
98.9	89.5	
99.3	79.2	
98.9	99.6	
98.3	99.6	
99.3	88.9	
99.1	99.6	
98.3	89.5	
98.5	99.6	
88.8	99.6	
88.4	99.6	
99.1	88.5	
98.9	99.6	
99.3	99.6	
99.3	99.4	
99.3	99.6	
88.4	99.6	
89	88.7	
99.1	89.5	
99.3	99.6	
98.7	99.2	
98.9	89.5	
88.6	99.6	
99.3	99.6	
99.3	99.6	
89.2	99.4	
99.3	99.6	
99.3	99	
99.3	99.4	
88.8	99.6	
99.1	99.6	
99.1	99.2	
99.3	89.5	
99.3	99.4	
99.3	99.6	
99.1	89.3	
99.1	99.6	
99.1	99.6	
99.3	89.5	
99.1	99.6	
99.3	99.6	
98.7	89.5	
98.7	99.6	
99.3	99.4	
99.3	99.6	
98.9	99.6	
99.3	99.4	
99.3	99.6	
99.1	99.6	
98.7	99.4	
98.9	99.6	
99.1	99.6	
98.9	99.6	
98.9	99.6	
99.3	99.6	
99.3	99.6	
88.6	99.6	
99.3	99.2	
99.1	99.4	
99.3	99.6	
99.3	99.2	
99.1	99.6	
99.3	99.6	
99.1	99.4	
99.3	99.4	
99.3	99.6	
98.9	99.6	
99.3	99.4	
99.3	99.6	
99.1	99.4	
99.3	99.4	
88.8	79.2	
78.7	99.6	
99.3	99.6	
88.2	99	
99.3	99.6	
98.9	99.6	
99.1	99.4	
99.3	99.6	
98.9	79.8	
98.9	99.6	
98.7	99.6	
98.7	99.4	
99.1	99.6	
99.3	99.6	
99.1	99.6	
98.7	59.4	
99.3	99.6	
98.9	99.4	
99.3	99.6	
99.1	99.6	
99.1	99.2	
99.3	99.6	
98.5	99.6	
99.3	99.6	
99.3	89.3	
99.3	99.6	
99.1	99.4	
98.7	99	
99.3	99.6	
98.9	99.6	
99.3	89.1	
99.1	99.4	
99.1	99.6	
98.9	99.6	
99.3	99.6	
99.3	99.6	
99.3	79	
99.3	99.6	
99.3	99.6	
99.1	99.6	
98.9	79.2	
89.2	99.6	
99.1	99.6	
99.3	99.2	
99.1	99.6	
99.3	99.4	
98.9	99.2	
89.2	99.6	
99.3	99.6	
89	99.6	
99.3	99.4	
99.1	99.6	
99.3	88.9	
98.9	99.6	
88.8	99.6	
89	99.6	
99.3	99.6	
99.1	99.2	
98.9	99.6	
99.3	99.4	
98.9	99.6	
99.1	99.6	
99.3	99.4	
98.9	99.6	
99.3	99.6	
99.3	99.6	
99.1	99.4	
79.1	99.4	
99.1	99.6	
98.9	99.4	
98.5	99.6	
99.3	89.5	
89.2	99.6	
99.3	99.4	
99.1	89.5	
99.3	89.5	
99.3	99.4	
99.3	89.5	
98.9	99.2	
99.1	89.3	
99.3	69.1	
88.8	68.7	
99.3	99.6	
98.9	89.5	
99.3	99.4	
99.3	99.4	
99.3	99.6	
99.3	99.4	
98.5	89.1	
99.3	99.4	
89	89.5	
99.1	99.6	
99.3	99.6	
78.7	89.1	
99.3	99.6	
88.8	99.6	
99.3	99.4	
99.3	99.6	
99.3	99.4	
98.9	99.6	
99.1	99.6	
99.3	99.4	
98.9	99.6	
98.9	99.6	
99.1	89.1	
99.3	89.5	
99.3	99.6	
99.3	99.6	
99.3	99.6	
99.1	99.6	
99.3	99.6	
99.1	99.6	
98.9	99.6	
99.3	99.6	
98.5	99.6	
99.3	99.6	
99.3	79.2	
99.3	99.6	
99.1	99.6	
99.1	99.6	
99.3	99.6	
98.7	99.6	
78.7	99.2	
99.1	99.6	
98.9	99.2	
99.1	99.6	
99.1	99.4	
99.3	88.7	
99.1	99.6	
89	99.4	
98.3	89.3	
99.1	99.6	
99.1	99.6	
99.1	99.6	
99.1	99.6	
98.9	99.6	
98.9	89.3	
98.3	99.2	
89	99.6	
99.1	99.6	
99.1	99.6	
99.3	99.6	
99.3	89.5	
99.1	99.4	
99.3	99.6	
89	99.6	
99.3	99.6	
89.2	99.6	
99.3	99.6	
99.3	99.6	
99.3	99.4	
98.9	79.2	
98.9	99.6	
99.3	99.2	
89.4	99.6	
78.9	99.4	
99.1	99.6	
98.3	89.5	
98.9	99	
99.1	99.4	
98.7	99.4	
88.6	99.4	
99.3	99.6	
99.3	89.3	
88.8	89.5	
99.3	99.6	
99.3	99.6	
99.1	99.6	
87.4	89.3	
99.3	99.6	
88.8	99.6	
98.9	99.4	
99.3	99.6	
99.1	89.5	
98.9	99.6	
98.9	89.3	
99.3	99.6	
99.3	99.6	
88	99.6	
98.9	99.6	
98.7	89.5	
88.2	99.6	
89	99.6	
99.1	89.3	
99.3	89.5	
98.9	99.6	
99.3	99.6	
99.3	99.2	
99.3	99.6	
99.3	89.1	
99.1	99.6	
99.1	99.6	
98.7	99.6	
99.3	99.6	
99.3	89.3	
99.1	99.6	
99.1	89.3	
99.3	99.2	
98.3	99.6	
99.3	99.4	
99.1	99.2	
99.1	99.6	
99.3	99.4	
99.3	99.6	
98.9	99.6	
99.1	99.4	
99.1	99.4	
98.7	99.6	
89.2	99.2	
98.9	99.4	
88.6	99.6	
99.3	89.5	
98.5	89.5	
98.5	99.6	
99.1	99.6	
99.3	99.2	
98.5	99.6	
99.3	99.6	
99.3	89.3	
99.3	99.6	
99.1	99.6	
99.3	99.6	
99.1	99.6	
89.4	99.4	
89.2	99.4	
99.3	99.6	
99.1	99.6	
68.4	99.6	
98.9	99.6	
98.5	99.6	
77.7	89.1	
99.1	89.5	
98.5	99.6	
98.9	89.3	
98.9	99.6	
99.1	99.4	
99.1	99.6	
99.3	99.6	
99.3	99.6	
99.1	89.5	
88.6	99.6	
99.1	99.6	
99.1	99.2	
98.7	99.6	
99.3	99.6	
99.3	99.6	
99.3	99.4	
99.1	79.4	
99.3	99.6	
98.9	99.6	
99.1	99.6	
98.9	89.5	
99.3	89.5	
99.1	99.6	
98.9	99.6	
89	99.6	
98.9	99.2	
88.8	99.6	
99.1	99.6	
99.3	99.4	
99.1	99.6	
98.5	99.4	
89	99.6	
99.1	99.6	
99.3	99.6	
98.7	99.4	
99.1	89.3	
99.1	99.4	
99.3	79	
99.3	99.2	
99.1	99.4	
99.1	89.5	
99.1	99.6	
99.3	99.4	
88.8	99.6	
89.2	99.6	
99.3	99.4	
88.8	99.6	
78.9	99.6	
88.6	99.4	
99.3	99.6	
98.9	89.5	
99.1	99.6	
99.3	99.6	
78.5	99.4	
98.9	99.6	
99.3	89.3	
99.3	99.6	
99.3	79.2	
99.3	99.6	
99.1	99.6	
98.9	89.5	
89.2	79.2	
89.2	99.6	
99.3	99.4	
99.1	99.4	
99.1	99.6	
99.3	99.4	
99.1	99.4	
99.1	99.6	
99.3	99.6	
98.9	99.6	
99.3	99.6	
99.1	99.6	
88.4	99.6	
98.3	99.6	
98.9	99.6	
89.2	99.4	
99.3	89.5	
98.9	99.6	
99.3	99.6	
98.9	99.4	
98.7	89.5	
98.7	99.4	
99.1	99.6	
99.3	99.6	
99.3	99.4	
98.9	99.6	
98.5	99.6	
99.3	99.6	
99.3	89.3	
98.7	99.6	
98.7	99.6	
99.1	99.4	
99.1	89.1	
98.9	99.6	
99.3	99.6	
89	99.6	
99.1	99.6	
98.7	99.6	
89.2	98.6	
78.9	99.6	
89.4	99.6	
98.9	99.6	
99.1	99.6	
99.1	99.6	
99.3	99.4	
98.9	89.5	
99.3	78.8	
99.3	99.6	
89	99.6	
99.3	99.6	
98.9	99.6	
99.3	99.6	
99.1	89.5	
99.3	99.6	
99.3	99.6	
88.6	99.6	
89	89.3	
99.1	99.6	
99.3	99.4	
99.1	99.4	
99.3	99.6	
99.3	99.6	
99.3	99.4	
99.3	99.6	
99.3	89.3	
99.3	99.6	
99.3	99.6	
99.3	99.6	
99.3	99.6	
99.1	99.6	
97.7	99.6	
99.3	89.5	
88.4	79.4	
98.7	99.6	
99.1	99.4	
98.1	89.3	
88.6	99.2	
99.3	99.6	
98.7	99.6	
99.1	99.6	
78.3	79	
98.7	89.5	
99.1	99.6	
99.1	99.4	
98.9	99.4	
98.9	99.6	
99.3	99.6	
99.3	99.2	
99.3	99.6	
99.1	99.6	
99.1	99.6	
99.3	89.3	
99.1	99.2	
99.1	99.6	
98.7	99.6	
99.1	89.5	
98.7	99.4	
89	99.4	
99.3	89.5	
98.7	89.5	
99.3	99.4	
89.2	99.6	
99.3	99.6	
99.1	99.6	
99.3	99.6	
98.7	89.3	
99.3	99.6	
98.9	99.2	
99.3	99.4	
98.7	79.4	
99.3	99.6	
98.3	89.5	
99.3	99.6	
99.1	99.6	
99.1	99.6	
99.3	99.6	
98.7	99.6	
88.6	99.6	
99.3	99.6	
99.1	68.7	
99.3	99.2	
99.1	99.6	
99.3	99.6	
99.1	99.6	
99.1	99.6	
99.1	99.6	
98.9	99.6	
99.1	99.4	
99.3	99.6	
98.9	89.1	
98.9	99.6	
98.9	99.6	
99.1	99.4	
99.1	99.6	
78.7	68.3	
89	99.6	
99.1	99.6	
98.7	99.6	
99.3	99.6	
99.1	99	
99.3	99.6	
99.3	99.6	
99.1	99	
99.1	99.6	
99.1	89.1	
99.3	99.4	
99.1	99.4	
98.3	99.6	
99.1	99.4	
99.1	49.5	
99.3	99.6	
99.3	99.6	
89	99.6	
99.1	99.6	
98.5	99.6	
99.3	79.2	
98.9	99.6	
99.3	99.4	
99.1	99.6	
78.5	99.6	
99.1	99.6	
89.2	99.6	
98.9	99	
89.2	99.6	
99.3	99.4	
98.7	99.4	
99.3	99.6	
89	99.4	
99.3	99.6	
99.1	99.6	
89	89.3	
78.9	99.6	
98.9	99.4	
88.4	99.6	
99.1	99.6	
99.3	99.6	
99.3	99.6	
68.4	89.3	
88.8	99.6	
89	99.6	
99.1	99.4	
99.3	69.3	
98.9	99.4	
99.1	99.4	
99.3	89.3	
99.1	99.6	
88.8	89.1	
99.3	69.3	
99.1	89.5	
99.3	99.6	
98.7	99.4	
99.3	89.3	
99.3	99.6	
99.1	99.6	
98.7	99.6	
99.3	99.6	
98.9	99.6	
99.3	99.6	
99.3	89.5	
98.9	99.6	
99.3	99.6	
99.1	99.6	
99.3	99.6	
99.3	89.3	
99.3	99.6	
99.3	99.6	
89.2	99.4	
99.1	89.3	
99.3	79.4	
98.9	99.6	
99.3	99.6	
99.3	99.6	
99.3	99.6	
99.3	99.6	
98.1	99.4	
99.3	99	
99.3	99.4	
99.1	99.2	
98.9	99.6	
98.5	99.6	
99.3	99.6	
99.3	99.6	
99.3	89.3	
99.1	99.6	
89	99.6	
99.1	99.6	
98.9	99.4	
88.8	99.6	
99.3	99.6	
99.1	99.6	
88.6	99.6	
89.2	99.2	
99.3	89.1	
98.7	99.6	
99.1	99.4	
99.3	99.6	
99.1	99.6	
98.7	99.6	
98.9	99.4	
89.2	99.6	
98.9	99.6	
98.3	89.5	
99.3	99.6	
99.3	89.5	
99.1	99.6	
98.9	99.6	
99.3	99.6	
88.4	99.6	
98.7	99.6	
99.1	99.6	
78.9	99.4	
99.1	99.6	
99.3	79.4	
99.3	99.6	
99.1	99.4	
99.3	99.6	
99.3	99.4	
78.3	99.6	
99.1	99.2	
99.1	89.5	
99.3	89.5	
88.4	99.6	
89.4	79.4	
99.1	99.4	
99.3	99.6	
98.5	99.6	
98.9	79	
99.1	99.4	
79.1	99.6	
99.3	99.4	
99.3	88.9	
98.7	99.4	
89.2	99.6	
98.9	99.6	
99.1	99.6	
98.3	99.6	
98.9	79.4	
78.9	99.2	
99.3	99.6	
89	99.6	
99.1	99.6	
99.3	99.6	
99.3	89.5	
99.3	99.6	
89.2	99.4	
99.3	99.6	
88.8	88.9	
88.8	99.6	
99.1	89.5	
99.1	99.6	
99.3	99.6	
99.3	99.4	
99.1	99.6	
98.5	99.6	
99.1	99.6	
89.2	89.3	
98.7	99.6	
99.1	99.6	
99.1	99.6	
99.1	89.1	
99.3	79.4	
99.3	99.4	
89.2	99.6	
89	99.6	
99.3	99.6	
89.2	99.6	
88.8	99.4	
98.9	99.6	
98.9	99.6	
78.9	99.6	
99.3	89.3	
98.7	99.4	
98.7	99.6	
98.7	99.6	
99.1	99.4	
99.1	89.1	
98.7	99.4	
99.1	99.6	
98.7	88.9	
88	99.2	
99.1	99.6	
99.1	99.6	
99.1	99.6	
98.9	89.3	
99.3	99.6	
89	99.6	
88.2	99.6	
98.9	99.6	
99.1	99.6	
99.1	99.6	
99.3	99.6	
99.3	89.5	
99.1	59.6	
99.1	99.4	
88.8	99.4	
99.3	99.6	
88.8	99.6	
88.6	99.6	
99.1	99.6	
99.3	89.3	
99.3	99.6	
99.1	99.6	
99.1	78.6	
99.3	79.6	
99.3	79.2	
98.7	99.4	
99.1	99.6	
98.9	99.6	
98.7	79.4	
99.3	99.6	
99.1	99.4	
99.3	99.6	
88.6	99.6	
99.3	99.6	
99.3	99.6	
99.3	99.6	
99.1	99.6	
99.3	99.6	
88.6	99.6	
99.1	89.3	
88.8	89.5	
98.3	99.4	
99.1	79	
99.3	99.6	
99.3	99.6	
98.9	99.6	
99.3	99.6	
99.3	79.2	
99.3	99.6	
99.1	99.4	
99.1	99.6	
99.3	99.6	
99.1	99.6	
98.5	99.6	
89.2	99.6	
88.6	99.6	
99.3	99.6	
99.1	99.6	
98.9	99.6	
88.4	99.6	
99.3	99.4	
98.7	99.6	
99.3	99.6	
99.1	99.4	
99.3	89.3	
99.3	99.4	
99.1	99.6	
98.9	99.6	
98.5	99.4	
78.7	99.6	
99.1	99.2	
99.1	99.6	
99.3	89.5	
67.8	99.6	
98.9	99.4	
99.3	79.4	
99.1	99.6	
99.1	89.5	
88.6	99.6	
99.3	99.6	
99.1	99.4	
99.3	99.6	
99.3	99.4	
99.1	99.4	
99.3	99.6	
99.3	99.6	
99.1	89.5	
99.3	99.6	
99.1	99.6	
98.9	99.6	
99.3	99.6	
98.9	99.6	
99.1	99.6	
78.5	99.6	
98.9	99.4	
89.2	99.6	
99.3	99.6	
99.1	99.6	
88.6	99.6	
68.2	89.3	
99.3	99.6	
98.9	99.6	
99.1	99.4	
98.9	99.6	
98.9	68.9	
89.2	79.2	
99.3	99.6	
99.3	99.6	
88.8	99.6	
99.3	99.6	
99.3	99.6	
99.3	89.5	
99.1	99.6	
89	99.6	
99.1	99.2	
98.9	99.4	
99.1	99.4	
99.3	99.4	
99.3	89.3	
99.1	99.6	
99.3	99.4	
98.9	99.4	
99.3	99.6	
88.8	99	
88.6	99.4	
98.9	99.4	
99.1	99.6	
99.3	88.9	
99.3	99.6	
99.1	99.6	
98.7	48.9	
99.1	99.6	
99.1	99.6	
99.1	99.6	
98.9	89.5	
99.3	99.6	
99.3	99.4	
99.3	89.3	
98.9	99.6	
99.1	99.6	
99.3	99.6	
99.3	99.6	
98.9	89.3	
99.3	99.6	
99.1	99.6	
99.1	99.4	
99.3	99.6	
99.3	79.4	
99.1	99.6	
99.3	99.6	
99.3	99.6	
99.1	99.4	
99.3	99.6	
98.9	99.6	
99.3	99.6	
78.7	99.6	
99.3	99.6	
88.8	99.6	
99.1	99.6	
98.9	99.6	
99.1	99.4	
99.3	99.4	
99.3	79	
99.1	99.6	
99.3	99.6	
99.3	99.4	
98.5	99.6	
99.1	99.6	
98.7	89.1	
89	99.6	
99.3	99.4	
99.3	89.3	
98.9	99.6	
89	89.3	
99.3	99.4	
88.6	99.6	
99.3	89.5	
99.1	99.6	
88.4	99.6	
99.1	89.3	
99.3	99.6	
99.3	99.4	
89	99.6	
97.9	99.6	
98.9	89.3	
99.3	99.6	
99.3	99.4	
99.1	99.6	
98.7	99.6	
98.9	99.6	
99.3	99.6	
98.7	99.6	
99.1	99.4	
98.9	99.6	
99.1	99.6	
99.3	99.6	
99.1	89.5	
99.3	99.6	
99.3	99.2	
99.1	99.6	
89.2	99.4	
89.2	99.6	
88.8	89.5	
99.3	99.6	
98.7	99.2	
98.9	99.6	
98.9	99.6	
99.3	99.6	
99.1	99.4	
98.9	89.3	
99.3	99.2	
99.1	99.4	
99.3	99.4	
99.3	99.4	
88.8	99.6	
99.3	99.4	
89.2	99.6	
99.1	99.4	
88.8	99.6	
99.3	99.4	
89	99.6	
99.1	99.4	
99.3	99.6	
99.3	99.4	
99.1	79.4	
99.3	99.2	
99.1	88.9	
99.3	99.6	
99.3	99.6	
89	99.6	
89	99.6	
99.3	99.6	
98.9	99.4	
98.5	99.6	
99.3	99.6	
89.2	99.6	
99.1	99.6	
98.7	99.6	
99.3	99.6	
88.6	79.2	
99.1	99.6	
99.1	99.2	
89.2	89.5	
99.3	99.6	
98.7	99.6	
89	99.4	
99.1	89.5	
98.7	99.6	
99.3	99.6	
99.1	99.4	
98.9	99.6	
98.9	99.4	
99.3	99.6	
99.1	99.6	
89.2	99.6	
99.3	99.6	
89	99.6	
89	89.3	
99.1	99.4	
99.3	89.5	
99.1	99.6	
99.3	99.6	
89.2	99.4	
88.6	99.6	
99.3	99.6	
99.3	99.4	
99.3	99.4	
99.3	99.2	
88.6	99.6	
99.3	89.3	
89.2	99.6	
99.1	99.4	
89.2	99.6	
98.7	99.6	
99.3	99.6	
98.9	99.6	
99.1	99.6	
