89.2	99.4	
99.3	99.6	
99.3	99.6	
99.1	99.4	
89	79.4	
89.2	99.6	
99.1	99.4	
99.1	99.6	
99.3	99.6	
99.1	99.6	
89	99.6	
99.3	99.6	
88.6	79.4	
99.3	99.6	
88.6	99.6	
99.3	89.5	
81	99	
99.3	99.6	
99.3	99.6	
99.1	99.6	
99.3	89.3	
99.3	99.6	
99.1	99.6	
98.9	99	
78.9	99.4	
99.1	99.4	
89.4	99.4	
99.1	99.6	
99.3	89.5	
99.1	99.6	
99.3	99.4	
99.3	99.6	
99.1	89.5	
99.3	99.4	
99.1	99.6	
98.5	99.6	
99.1	99.6	
88.8	99.6	
99.1	99.6	
89.4	99.6	
88.2	99.6	
99.3	99.6	
99.1	99.4	
99.3	99.2	
99.1	99.2	
99.3	99.6	
99.3	99.6	
89.2	99.4	
99.3	99.6	
99.3	99.6	
99.3	99.6	
99.3	99.6	
88	99.2	
98.9	89.5	
99.3	99.6	
99.3	79.2	
99.1	99.6	
99.1	99.6	
98.9	99.4	
88.6	99.6	
99.1	99.6	
99.3	99.6	
99.3	99.6	
85.8	99.4	
99.3	99.6	
99.3	99.6	
99.3	99.6	
78.7	99.6	
98.9	99.6	
99.1	99.4	
99.1	79.4	
89.4	79.4	
98.9	99.6	
99.1	99.6	
99.3	99.6	
99.3	99.4	
99.3	99.6	
99.3	99.2	
98.9	99.2	
99.3	99.4	
99.1	99.2	
99.1	99.4	
98.7	99.6	
99.3	99.4	
99.3	79.2	
99.3	89.3	
99.3	99.6	
99.1	99.6	
88.2	79.4	
89	99.4	
99.3	99.6	
99.3	99.6	
88.8	99.6	
99.3	89.5	
99.3	99.6	
99.1	99.4	
99.1	79.2	
79.5	99.6	
99.3	89.5	
98.9	99.6	
99.3	99.6	
99.3	99.6	
99.1	99.6	
99.1	79.4	
89.2	99.6	
99.3	99.2	
99.3	99.6	
99.1	99.4	
89	79.4	
99.3	89.5	
99.3	99.6	
99.3	99.6	
98.7	99.6	
88.2	99	
99.3	99.6	
98.9	99.4	
99.3	99.2	
99.3	99.4	
99.3	99.6	
98.9	99.6	
98.9	99.6	
99.3	99.6	
73.7	99.6	
99.1	79.4	
99.3	99.6	
98.9	99.6	
99.3	99.6	
99.1	99.2	
98.3	99.6	
89	99.6	
99.1	99.6	
89.2	99.6	
99.3	99.6	
99.3	99.6	
89	99	
99.3	99.6	
89	99.4	
99.3	99.6	
99.1	99.4	
99.1	99.4	
99.1	99.6	
98.9	99.6	
89.2	99.4	
68.2	89.5	
99.3	99.6	
99.3	99	
99.3	99.6	
99.3	99.2	
99.1	99.6	
99.3	99.6	
99.3	99.6	
99.3	99.6	
99.3	99.6	
99.3	99.4	
98.9	99.6	
99.1	49.1	
99.3	99.6	
99.3	99.6	
99.1	99.6	
88.6	99.2	
99.3	99.6	
99.3	99.6	
99.1	99.4	
99.1	99.6	
99.3	79.4	
99.1	99.6	
98.9	99.6	
99.3	99.6	
99.3	99.6	
76.7	99.6	
88.2	99.6	
99.3	99.6	
99.3	99.4	
98.7	99.6	
99.3	99.2	
99.1	99.6	
99.3	99.6	
99.3	99.4	
89.2	99.6	
68.6	99.6	
99.3	99.6	
99.3	99.4	
99.1	99.6	
99.1	99.6	
99.3	79.4	
99.3	99.4	
99.3	99.6	
99.3	99.6	
83	99.2	
99.1	99.6	
77.4	99.6	
99.3	99.6	
89.4	99.6	
99.3	99.6	
99.3	99.4	
99.3	99.6	
99.3	99.6	
99.3	99.6	
99.3	99.6	
99.3	99.6	
99.1	99.6	
99.3	99.4	
99.1	59.4	
99.1	99.4	
99.3	79.2	
67	99.6	
99.3	99.4	
99.3	99.6	
99.3	99.2	
99.3	99.6	
99.1	99.6	
99.1	99.6	
99.3	89.5	
99.3	99.6	
99.1	99.4	
99.3	99.6	
98.9	99.4	
99.1	99.4	
99.1	99.4	
85.4	99.4	
99.3	99.6	
99.3	99.6	
99.3	59.2	
99.1	99.6	
99.1	89.3	
99.1	99.6	
98.9	99.6	
78.9	99.4	
99.3	99.6	
99.3	99.6	
99.3	69.3	
99.1	99.6	
71.5	99.4	
99.3	99.4	
99.3	89.1	
99.3	99.6	
98.7	99.4	
99.1	99.2	
99.3	99.6	
88.2	99.6	
99.1	99.6	
99.1	99.6	
99.3	99.2	
98.9	99.6	
99.3	89.5	
99.3	99.6	
99.3	99.6	
99.3	99.6	
99.3	99.2	
99.3	99.6	
99.1	99.6	
99.1	99.6	
99.3	99.6	
89.2	99.6	
99.3	99	
99.3	99.4	
83.2	99.6	
99.3	99.6	
99.3	99.6	
99.3	99.6	
99.3	99.6	
98.9	99.6	
99.1	99.6	
99.1	99.4	
99.3	99.6	
99.3	99.6	
99.1	79	
99.3	99	
99.3	99.6	
98.7	99.2	
98.9	99.4	
99.1	99.6	
98.9	79.4	
99.3	99.4	
99.3	99.6	
99.3	99.2	
99.3	99.4	
99.3	99.6	
78.7	99.4	
99.1	99.6	
99.1	69.3	
99.1	99.6	
99.3	99.6	
89.2	79.2	
99.1	99.4	
46	89.1	
99.1	99.6	
98.7	99.6	
98.9	99.4	
99.1	99.4	
99.3	89.5	
99.1	99.6	
99.3	69.1	
99.3	99.2	
99.3	99.6	
99.3	89.3	
99.3	99.6	
99.1	99.4	
99.3	99.4	
88.8	99.4	
98.9	99.6	
99.3	99.6	
99.1	99.2	
99.3	79.4	
99.1	99.6	
99.3	99.6	
87.6	79.6	
99.1	99.6	
99.3	99.4	
99.3	99.6	
79.1	99.4	
88.2	99.6	
99.1	99.6	
99.3	99.6	
99.3	99.6	
87.2	99.6	
99.3	79.2	
61.8	79.4	
98.9	99.4	
99.3	99.2	
89	99.2	
99.1	99.6	
99.3	99.4	
99.1	99	
99.3	99.6	
99.1	99.4	
99.3	99.6	
99.3	99.6	
88.6	99.6	
99.3	99.6	
98.9	69.3	
99.1	99.6	
99.1	99.6	
99.3	99	
99.1	99.6	
99.3	99.6	
99.3	99.4	
99.3	99.6	
99.3	99.6	
99.3	99.6	
99.3	99.6	
99.3	89.3	
99.3	99.6	
99.3	99.4	
99.3	99.6	
99.3	99.6	
99.3	99.6	
99.3	99.4	
76.5	89.5	
99.3	99.4	
99.3	99.4	
99.1	99.2	
99.1	99.6	
98.7	99.6	
99.3	89.3	
99.3	99.6	
99.3	89.5	
98.7	99.6	
99.3	99.6	
99.3	89.3	
98.9	99.4	
99.1	99.6	
99.1	99.6	
99.3	99.6	
89	99.6	
89	99.6	
99.1	99.4	
98.9	99.6	
89.2	99.6	
99.3	99.4	
98.9	99.6	
99.1	98.8	
88.2	99.6	
99.1	99.6	
99.3	99.4	
99.3	99.4	
99.3	99.4	
99.3	99.2	
88.8	99.6	
99.3	79.4	
98.9	79	
76.3	99.6	
99.3	99.4	
99.3	99.6	
99.3	99.6	
88.8	99.4	
98.9	89.3	
78.3	99.6	
98.9	99.4	
99.3	99.6	
98.3	99.6	
99.3	99.2	
99.1	99.6	
98.9	99.6	
99.3	99.6	
99.1	99.4	
99.3	99.6	
99.3	99.6	
99.1	89.5	
98.9	99.6	
99.1	99.6	
98.9	98.8	
99.3	99.6	
99.3	99.6	
98.7	99.6	
99.3	99.2	
99.1	99.6	
99.1	99.4	
98.7	99.4	
89.2	99.6	
99.3	99.2	
99.3	99.6	
99.3	99.6	
99.3	98.8	
99.3	99.6	
99.1	69.1	
99.3	79.6	
99.3	99.6	
99.3	99.2	
89.2	99.2	
98.7	99.4	
99.1	99	
99.3	99.6	
99.1	79.2	
88.4	99.4	
99.3	99.2	
99.3	99.6	
78.7	79.6	
99.3	99.6	
88.8	79.4	
99.3	99.6	
99.3	99.6	
99.3	89.3	
89.2	99.4	
99.3	99.4	
99.3	99.6	
77.5	99.6	
99.1	89.5	
98.5	99.6	
99.3	99.4	
99.3	99.6	
99.3	99.6	
99.3	99.6	
99.3	99.6	
99.3	99.6	
99.3	99.6	
99.3	99.6	
99.3	99.2	
89	99.6	
99.1	99.6	
99.3	99.6	
99.3	79.4	
99.3	99.4	
89.4	99.6	
99.3	99.6	
98.9	99.6	
99.1	99.6	
99.3	99	
99.3	79.6	
88.6	99.6	
99.3	89.5	
89	99.4	
99.3	99.6	
89.2	99.6	
99.3	99.6	
99.1	98.8	
99.3	99.6	
99.3	89.5	
99.3	99.4	
99.1	99.6	
99.3	99.6	
99.3	99.6	
99.3	69.3	
89.2	99.6	
99.3	99.6	
88.4	99.4	
98.7	99.6	
99.3	99.4	
98.9	99.6	
88.8	99.6	
99.1	99.6	
77.5	99.4	
99.3	99.4	
99.3	99.6	
99.3	99.6	
99.3	99.6	
99.1	99.4	
99.3	99.2	
99.3	99.6	
99.3	79.6	
99.3	99.4	
83.2	99.6	
99.1	99.4	
88.6	59.6	
99.3	99.4	
99.1	99.6	
99.3	99.6	
99.3	99.6	
89	99.6	
98.7	99.6	
79	99.2	
99.1	99.6	
89.4	99.6	
82.2	99.6	
98.9	99.4	
99.1	99.6	
99.3	99.6	
99.3	99.4	
99.3	99.6	
99.3	99.6	
99.1	99.6	
99.1	99.6	
99.1	99.6	
89	99.6	
99.1	79.6	
99.1	99.6	
79.1	99.6	
88.8	99.6	
99.3	99.6	
99.3	99.6	
99.1	99.6	
99.3	99.6	
99.3	99.6	
98.9	99.4	
99.3	99.6	
89	89.1	
99.3	99.6	
87.9	99.6	
99.3	99.4	
99.3	69.5	
89.2	99.2	
99.1	99.4	
98.7	99.6	
99.1	99.2	
99.1	99.4	
99.3	99.6	
98.9	99.6	
99.3	99.6	
87.4	89.5	
99.3	99.6	
54.4	99.4	
99.3	99.6	
99.3	99.4	
99.3	99.2	
99.1	79.6	
99.3	88.9	
99.1	99.4	
98.7	69.5	
99.1	99.6	
88.2	99.2	
99.1	99.6	
83.8	99.6	
99.3	99.6	
99.3	99.6	
99.3	99.6	
99.3	99.6	
99.3	99.6	
99.3	99.6	
99.1	79.6	
99.3	99.2	
89.2	99.4	
99.1	99.6	
99.3	99.6	
98.9	99.6	
99.3	88.7	
98.7	69.7	
99.3	99.4	
99.3	99.4	
99.3	99.6	
99.3	99.6	
86.8	89.5	
99.3	99.2	
99.3	79.6	
99.3	99.6	
99.3	99.2	
99.3	99.6	
88.4	99.6	
88.8	99.4	
99.3	99.6	
99.3	99.6	
99.3	99.6	
99.1	99.6	
99.3	99.2	
99.1	99.6	
99.3	99.6	
89	99.4	
99.3	99.4	
99.3	99.6	
99.3	99.6	
99.3	99.6	
99.1	99.6	
99.1	79.6	
99.3	99.6	
99.3	99.6	
99.1	99.6	
99.3	99.6	
82.4	89.1	
99.3	99.2	
99.1	99.4	
99.1	99.6	
99.1	99.6	
99.3	89.5	
98.9	99.4	
98.9	99.6	
99.1	99.6	
99.3	99.6	
99.3	99.2	
99.1	99.6	
99.1	99.6	
99.1	99.6	
89.4	99.6	
98.9	99.6	
99.1	99.6	
99.3	99.6	
98.9	99.4	
99.3	99.6	
99.3	99.4	
99.1	99.6	
99.3	99.4	
99.3	99.6	
99.3	69.1	
99.3	99.6	
99.3	99.2	
99.3	99.6	
99.3	99.4	
99.3	99.6	
99.1	99.6	
89	99.6	
99.3	99	
99.1	99.2	
83.8	99.4	
99.1	99.4	
99.3	99.6	
99.3	99.6	
88.4	99.4	
99.3	99.6	
75.6	99.6	
98.9	99.4	
89	99.6	
99.3	99.4	
76.7	99.6	
99.3	99.4	
99.3	99.6	
99.1	99.4	
99.3	99.6	
99.1	99.6	
99.3	99.6	
98.9	99.6	
99.3	99.6	
99.3	99.4	
85.6	99.2	
99.1	99.6	
98.9	99.6	
99.3	99.6	
89	99.6	
98.7	79	
99.3	99.6	
99.3	99.2	
99.1	99.4	
99.1	99.6	
99.3	89.5	
99.3	99.6	
99.3	99.4	
99.1	99.4	
88.8	99.6	
99.1	99.6	
99.1	99.6	
98.9	99.6	
99.3	99.6	
99.1	99.6	
99.3	99.6	
99.3	99.6	
99.3	99.2	
98.9	99.6	
99.3	99.6	
99.3	99.6	
89.2	99.6	
99.3	99.4	
99.1	89.5	
99.1	79.4	
98.9	99.6	
99.3	99.6	
99.1	99.6	
99.3	99.6	
99.1	99.6	
99.3	99.6	
99.3	99.2	
99.1	89.3	
98.9	79.6	
98.9	99.6	
99.3	99.6	
98.5	99.6	
99.3	99.4	
99.3	99.6	
89.4	99.6	
99.3	99.4	
99.3	89.5	
88	79.4	
99.3	99.2	
99.3	99.6	
99.3	89.5	
78.7	99.2	
89.4	99.6	
98.7	99.6	
89.2	99.6	
99.3	99.6	
99.3	99.6	
88.6	99.6	
89.2	99.6	
88.8	99.6	
99.1	99.6	
99.3	99.6	
99.3	99.6	
99.3	99.2	
99.1	89.5	
99.3	99.6	
99.3	99.6	
99.3	99.6	
99.3	99.6	
99.3	99.4	
99.3	99.6	
99.1	99.6	
98.7	99.4	
99.3	89.3	
99.3	99.4	
99.3	99.4	
89.4	99.6	
98.9	99.4	
99.3	99.6	
99.3	99.4	
99.3	99.4	
99.1	99.6	
99.1	99.6	
99.3	99.4	
99.1	99.4	
99.3	99.6	
99.3	99.6	
99.3	99.6	
89	99.2	
99.1	99.6	
99.1	79.4	
99.1	99.2	
99.3	99.6	
86.8	99.6	
99.3	99.6	
89	99.4	
99.3	99.6	
98.9	99.4	
99.3	99.4	
98.9	99.6	
85.2	99.4	
89.2	99.4	
88.6	99.6	
99.1	69.5	
99.3	99.2	
88.6	99.6	
99.3	99.6	
98.7	99.4	
98.9	99.6	
99.1	99.6	
99.3	99.6	
87.8	99.6	
99.3	99.4	
99.3	99.6	
99.1	99.6	
99.3	79.4	
98.9	79.4	
99.3	99.2	
99.3	99.6	
99.3	99.6	
99.1	99.6	
99.1	99.6	
99.1	79.4	
99.3	99.6	
99.1	99	
99.3	79.6	
88.8	99.6	
99.3	99.6	
99.3	99.6	
99.3	68.7	
98.7	99.6	
99.3	99	
99.3	99.4	
99.1	99.6	
88.4	99.4	
99.3	79.2	
99.1	79.4	
99.1	99.4	
99.3	79.4	
99.3	99.4	
99.1	99.6	
99.3	99.6	
98.9	99.6	
87	99.4	
98.9	99.2	
99.1	99.6	
89.2	99.6	
44.7	99.6	
99.1	99.6	
99.3	99.4	
99.1	79.2	
99.1	99.2	
99.3	69.1	
99.3	99.6	
99.3	99.6	
99.1	99.2	
99.1	99.2	
99.1	99.6	
89	99.6	
99.1	99.6	
99.3	79.2	
98.7	99.6	
99.3	99.6	
99.3	99.6	
99.3	99.6	
88.6	79.6	
99.3	79	
99.1	99.6	
99.1	99.6	
99.3	99.6	
99.3	99.6	
89.4	99.6	
99.3	99.6	
99.3	99.6	
99.3	99.6	
99.3	99.6	
99.1	99.6	
99.3	99.6	
99.1	99.6	
99.3	99.4	
99.1	99.6	
99.3	99.6	
78.7	99.6	
99.3	99.6	
99.3	99.4	
88.6	99.6	
99.1	99.6	
99.1	99.6	
89	99.6	
99.3	99.6	
54.5	99.6	
99.1	99.6	
98.9	99.6	
98.5	99.6	
99.3	99.6	
89	99.6	
98.7	99.6	
99.3	99.6	
97.5	99.6	
95.3	99.2	
99.1	99.4	
83.8	99.6	
98.7	99.6	
99.1	99.6	
99.1	99.6	
99.1	99.6	
99.3	99.6	
99.1	99.6	
99.1	99.6	
99.3	99.6	
99.3	99.4	
88.4	99.6	
99.3	99.6	
99.1	99.6	
89	99.6	
99.1	79	
99.1	99.6	
99.1	99.6	
88.4	99.6	
99.1	99.4	
89	79.4	
97.9	99.6	
99.3	99.2	
99.1	99.6	
86	99.4	
99.3	99.4	
99.3	99.4	
99.3	99.6	
99.1	99.6	
95.9	99.6	
99.3	99.6	
99.3	99.6	
99.1	99.6	
99.3	89.3	
99.3	99.4	
98.1	99.2	
98.9	99.4	
99.3	99.6	
99.3	99.2	
99.1	99.6	
99.3	99.6	
99.3	99.6	
99.3	99.6	
99.1	99.6	
99.1	99.4	
99.3	99.6	
99.3	99.6	
99.3	99.4	
99.3	99.4	
99.1	99.6	
99.3	99.6	
89.4	99.6	
98.9	99.4	
98.7	99.6	
99.3	99.4	
99.3	99.6	
99.3	99.6	
99.1	99.6	
88.2	99.6	
99.3	99.6	
98.9	99.2	
98.9	89.1	
99.3	99.6	
99.1	99.6	
99.3	99.6	
99.3	79.4	
99.3	99.6	
99.3	99.4	
88.8	99.6	
99.3	99.4	
99.3	99	
99.3	99.6	
99.3	99.6	
99.1	99.6	
78.7	99.6	
99.3	99.6	
78.3	99.6	
98.7	99.6	
80	99.6	
88.8	99.6	
99.1	99.2	
99.3	99.6	
99.3	99.6	
89.2	79.6	
99.1	99.4	
99.3	89.5	
99.3	89.5	
99.1	99.6	
98.7	99.6	
99.1	99.4	
98.9	99	
99.1	69.3	
99.1	98.8	
98.7	99.6	
99.3	89.3	
99.3	99.6	
99.1	99.6	
98.9	99.6	
89.2	99.6	
99.3	79.4	
99.3	99.6	
99.3	59.4	
89.2	89.5	
98.5	99.4	
99.1	99.6	
89	99.6	
99.3	99.6	
88.8	99.4	
99.3	99.4	
98.9	99.6	
86.4	99.6	
87.6	99.6	
88.2	99.6	
99.3	99.6	
99.1	99.6	
99.1	99.6	
88.4	99.6	
99.3	99.6	
98.7	99.4	
89.4	99.2	
99.3	99.6	
99.1	99.6	
98.9	99.6	
89.4	89.3	
99.3	99.6	
99.3	99.6	
99.3	99.6	
99.3	99	
99.3	99.4	
99.3	99.6	
99.3	99.6	
99.1	69.3	
99.1	99.6	
99.3	99	
99.3	99.6	
89	99.6	
99.3	99.6	
89	98.2	
99.3	99.6	
89.2	99.6	
99.1	99.6	
99.3	99.4	
79.1	89.7	
98.7	99.6	
89.2	99.4	
99.3	89.3	
99.3	99.4	
99.1	99.6	
99.3	99.6	
99.1	99.6	
