68.2	99.2	
68	99.2	
98.9	99.4	
79.1	89.5	
88.4	88.9	
89.2	69.3	
88.6	78.8	
89.4	89.3	
89.2	99.6	
89.2	88.9	
79.1	99.4	
98.7	88.7	
99.3	99.4	
99.1	89.5	
99.3	89.5	
99.1	49.3	
88.8	99.4	
98.5	99.6	
78.3	8.5	
88.4	98.6	
26.4	99.2	
56.5	79.6	
79.1	89.1	
77.7	37.8	
88.8	79.4	
99.1	88.7	
77.9	59	
89	89.3	
68.6	99.6	
97.9	99.6	
77.3	-2.2	
98.5	89.7	
77.5	27.7	
99.3	99.6	
77.9	99.6	
99.3	99.6	
89.4	99	
89.2	99.4	
77.9	79.4	
99.1	88.9	
78.3	59	
86.4	59.4	
78.7	99.6	
98.7	89.5	
88.8	99.6	
98.1	99.6	
76.9	79.2	
58.3	89.5	
99.1	79	
89.2	99.4	
87	89.7	
98.9	99.2	
78.7	99.4	
89	99.2	
47	89.1	
78.5	99.6	
47.6	99.6	
77.3	89.3	
48.6	99.4	
98.7	99.4	
78.3	99.4	
98.5	89.1	
58.1	99.6	
78.3	88.1	
98.7	99	
99.3	99.4	
89	99.2	
87.8	59.4	
85.4	99.6	
98.9	89.7	
56.3	48.7	
89	68.7	
99.1	89.1	
98.9	89.1	
79.3	99.4	
98.7	69.7	
68.8	89.3	
68.8	89.5	
78.1	89.3	
78.3	99.6	
46.8	99.4	
97.7	88.7	
78.3	88.7	
88.4	99.6	
97.9	99	
67.8	89.1	
88.8	99.2	
99.1	89.3	
98.9	99.2	
86.2	99.2	
98.7	99.2	
98.3	99.4	
89.2	99.4	
97.7	99.4	
78.9	79.2	
89.4	98.6	
78.7	89.7	
89.2	28.5	
99.1	99.2	
99.3	99.6	
99.1	99.4	
87.6	69.1	
99.1	88.7	
88.8	99.6	
88.8	89.5	
88.8	99	
47.6	68.9	
98.7	79.4	
88.2	99.2	
48.2	89.5	
97.5	99.4	
99.1	99.6	
98.5	99.6	
99.1	69.5	
98.9	99.6	
67.4	99.6	
88.4	99.6	
97.7	89.7	
89.4	89.1	
89.2	79.8	
98.7	99.6	
68.6	99.2	
98.9	99.4	
78.7	69.5	
77.9	99.4	
78.7	99	
68	89.5	
77.3	99.2	
26.4	99.4	
88.8	99	
98.3	88.7	
78.3	87.1	
79.1	68.9	
89.4	98.4	
98.9	99.6	
99.1	98.6	
88.2	88.5	
89	87.9	
98.9	88.9	
87.4	79.4	
99.3	78.6	
78.3	39.2	
99.1	99.4	
98.5	69.5	
87.4	69.5	
48	99.2	
78.1	99.6	
88.4	89.5	
66.4	99.6	
98.1	99.6	
88.4	99.4	
57.5	68.9	
79.1	79.4	
97.7	89.3	
98.5	89.5	
67.8	79.2	
98.3	88.9	
68.4	99.6	
88.4	68.9	
88.8	99.6	
99.1	88.7	
78.3	69.7	
89.2	98.6	
89.2	89.3	
78.9	99	
78.5	98.8	
99.3	89.3	
98.5	99.6	
99.1	89.1	
89	89.7	
69.2	69.3	
98.9	88.3	
88.8	78.8	
98.5	8.5	
89.2	99.6	
88.2	99.2	
89.4	99	
77.1	79.4	
77.9	89.3	
76.3	69.3	
99.3	99.2	
87.6	99.6	
87.8	98.4	
98.7	99.6	
78.9	89.1	
99.1	28.7	
78.5	89.5	
88.4	99.2	
99.1	99.4	
88.4	89.5	
88.2	99.4	
79.3	79	
99.1	68.5	
99.1	99.6	
88.8	79.4	
98.9	89.3	
98.7	99.4	
88.2	69.1	
88.6	99	
98.9	89.7	
78.1	99.2	
98.9	98.8	
88.2	88.7	
98.3	99.2	
26.8	89.5	
89.4	39.4	
88.8	98.6	
87.2	99.4	
26.6	89.1	
78.9	38.6	
98.5	89.5	
89	98.8	
99.1	99.6	
78.9	89.7	
79.1	99.6	
98.5	68.5	
89.2	99.6	
79.1	89.5	
68.4	79.4	
87.6	99.6	
78.7	99.2	
99.3	99.6	
98.7	68.1	
89.4	99.6	
99.1	39.2	
77.3	59	
78.7	99.4	
88.6	89.5	
88.6	99.4	
88.8	99.6	
97.9	78.6	
88.2	99.4	
89.4	79.2	
99.3	99.2	
98.3	79.6	
77.7	88.9	
97.9	79.4	
99.1	98.4	
99.1	48.1	
67.2	99.2	
98.7	99.4	
99.1	99.4	
88.8	99.4	
98.9	99.6	
98.3	99.6	
88.4	99.6	
98.7	58.2	
88.6	99.6	
69	78.4	
58.1	49.3	
66.4	99.6	
99.3	99.6	
89.2	59.2	
77.7	59.4	
87.8	78	
98.9	99.2	
99.3	89.7	
98.9	78.8	
98.7	99.4	
89	78.2	
99.1	99.4	
78.9	99	
56.9	89.5	
99.1	99.2	
89.4	99.6	
67.4	99.6	
99.1	99.6	
78.3	99.4	
89.2	99	
88.4	79.4	
89.2	99.4	
98.7	99	
98.3	99.4	
99.3	99.4	
68.6	29.1	
98.3	98.6	
79.3	99.2	
99.1	98.8	
99.1	99.6	
88.8	59.4	
68.4	89.5	
98.9	99.2	
98.7	79.2	
68.4	89.5	
77.7	89.3	
98.9	38.8	
96.9	99.4	
97.9	38.4	
88.2	9.3	
99.3	79	
98.3	99.2	
69	89.7	
78.9	99.6	
89.2	99.4	
88.8	89.3	
99.3	99	
98.7	99.4	
78.5	79	
78.9	99.4	
89.2	89.5	
78.9	99.6	
47.4	78.8	
78.7	99	
15.5	88.9	
88.8	78.6	
99.1	79	
89.2	89.3	
99.3	89.5	
97.7	99.6	
78.1	99.6	
47.4	99.6	
88.4	89.5	
98.9	88.9	
78.1	89.3	
99.3	99.2	
78.3	99.6	
98.3	79	
88	99.4	
68	89.3	
56.5	99.4	
99.3	99.6	
89	27.9	
98.9	48.7	
88.4	99.4	
58.7	99.6	
88.6	69.3	
89.2	79.6	
98.9	99.4	
99.1	-0.6	
88.8	99.6	
88.8	99.6	
89.2	99.2	
89.4	59.2	
98.9	59.2	
89	99.2	
89	89.5	
79.1	88.7	
87.6	98.4	
97.3	99.6	
89	99.6	
77.9	69.1	
98.5	79.6	
98.7	49.5	
78.1	59.4	
98.9	79.2	
88.8	99.4	
89	99.4	
67.2	18.8	
98.5	89.1	
98.1	99.6	
99.1	99.4	
89.2	68.9	
68.4	99.6	
98.7	98.8	
98.7	99.4	
98.9	69.7	
68.6	-61.4	
89.2	99.2	
88	79.4	
98.5	99.4	
98.7	99	
88	58.2	
79.1	78.6	
89.2	99.4	
88.2	89.1	
56.5	59.2	
88.8	99.4	
79.1	59.4	
87.8	47.3	
88.2	79.6	
88.4	99.6	
78.7	79.2	
37.9	89.7	
98.5	79	
48	99.6	
87.6	89.7	
87.6	99.4	
88	99.4	
79.3	68.7	
99.3	99	
36.3	69.1	
98.3	48.7	
98.5	99.6	
98.9	99.6	
88.4	58.2	
89.2	69.7	
98.7	99.6	
86.8	89.3	
88.2	89.7	
98.5	99.4	
88	98.4	
98.1	99.6	
99.1	99.6	
88.8	99.6	
89.4	99.6	
88	99.2	
79.1	99.2	
88.8	89.5	
89.2	58.2	
98.1	89.3	
78.1	99.6	
88.6	99.4	
58.7	78	
98.7	99.4	
88.6	79.2	
98.7	89.5	
88.6	69.1	
99.1	99.4	
88	89.1	
87.6	99.6	
99.3	78.6	
88	89.7	
98.3	88.5	
68	99.6	
99.1	49.3	
88.8	99.6	
79.3	69.5	
78.5	89.7	
78.5	99.4	
89.4	99.4	
98.9	89.5	
98.9	89.5	
89.2	59.4	
67.4	99.4	
88.4	99.4	
98.7	89.5	
78.9	39.2	
98.5	48.5	
99.3	58.2	
43.8	89.3	
76.9	89.1	
99.3	59.4	
87.6	99.6	
68.8	68.9	
78.1	87.7	
79.3	89.7	
99.1	99.6	
99.3	89.3	
89.4	69.1	
79.3	79.4	
88.4	48.7	
88.8	28.5	
99.1	89.5	
88.4	49.1	
99.3	99.6	
97.7	99.6	
89	99.6	
79.1	99.6	
77.3	89.3	
88.6	69.3	
88.6	99	
89.2	48.9	
99.1	99.4	
89.2	89.5	
88.8	99.6	
78.3	99.4	
89.4	99.6	
98.7	99.6	
89.2	59	
78.9	49.1	
98.5	99.6	
98.9	99.4	
89.2	69.5	
88.6	79	
89	99.4	
89.2	99.6	
78.3	98.6	
87.8	69.3	
57.3	89.3	
89.2	99.2	
67.4	99.6	
99.3	99.2	
78.7	99.6	
98.5	99.4	
78.5	48.7	
89.2	99.4	
89.2	89.7	
89.2	99	
98.5	58.6	
68.6	39.2	
88.6	98.8	
77.9	98.6	
99.1	79.4	
78.1	89.1	
98.5	99.4	
99.1	99.6	
57.5	99	
99.3	88.3	
28	89.7	
98.9	99.6	
98.5	79.4	
77.5	89.1	
57.5	88.9	
48.2	17	
69	99.6	
77.3	99.4	
89.4	99.4	
97.3	99.4	
87.4	79.6	
89.4	99.2	
