99.3	79.6	
99.1	59.4	
98.9	89.5	
98.7	89.5	
99.1	79.2	
99.3	69.5	
99.3	89.3	
99.3	89.5	
99.3	89.3	
99.3	79.4	
88.4	89.3	
99.1	79.2	
99.3	89.5	
99.1	88.7	
99.3	89.5	
89.4	89.3	
99.3	89.5	
99.3	89.3	
99.3	89.5	
98.9	69.3	
99.3	89.5	
99.1	89.5	
99.3	89.5	
99.1	89.5	
99.3	89.3	
99.1	89.5	
99.3	89.5	
99.3	79.4	
89.4	89.3	
99.3	79.4	
88.8	79.4	
88.8	98.8	
99.3	89.5	
99.1	99.2	
99.3	89.5	
99.3	89.5	
99.3	89.5	
99.3	79.4	
99.1	89.5	
88.8	69.5	
99.3	89.5	
99.3	89.3	
88.6	89.5	
99.3	89.5	
99.3	89.5	
99.3	89.1	
99.1	89.3	
99.3	99.2	
99.3	89.5	
99.3	89.5	
99.1	89.5	
99.1	89.5	
99.3	89.5	
99.1	89.5	
99.3	89.5	
99.3	69.5	
99.3	89.5	
99.1	89.3	
99.3	79.6	
99.3	89.3	
99.1	79.4	
99.3	89.5	
99.1	89.5	
89.2	89.5	
99.1	79.4	
98.9	89.5	
99.3	99.2	
99.1	88.9	
99.3	79.4	
99.1	89.5	
99.3	89.5	
99.3	89.5	
99.1	89.3	
99.3	99.2	
99.3	98.8	
99.3	69.3	
98.7	89.5	
99.3	89.5	
99.1	89.3	
98.9	79.4	
99.3	89.5	
98.9	89.5	
99.1	89.5	
99.3	89.3	
89	79.2	
99.1	89.5	
99.1	89.5	
99.3	89.5	
98.9	89.5	
99.3	89.5	
98.9	89.5	
99.3	69.1	
99.3	89.5	
99.3	59.4	
89.2	79.4	
89.2	69.5	
99.1	69.3	
98.9	79.4	
99.3	89.5	
99.3	89.5	
89	89.5	
89	89.1	
99.3	89.3	
99.3	89.5	
99.1	89.3	
98.9	89.5	
89	89.5	
89.2	79.2	
99.1	59.2	
99.1	89.3	
99.3	89.1	
99.3	89.5	
99.3	69.5	
99.3	89.5	
99.3	89.5	
99.3	89.5	
89	89.3	
98.9	89.5	
99.3	89.5	
99.1	89.5	
99.3	89.5	
99.1	79.4	
89	79.2	
99.1	89.5	
98.7	89.5	
88.8	89.5	
98.9	89.5	
99.3	69.3	
99.3	89.3	
99.1	89.5	
99.1	89.3	
99.3	89.5	
99.3	79.4	
99.1	99.2	
99.3	89.3	
99.1	99.6	
99.1	89.5	
99.3	89.5	
99.3	69.5	
99.3	89.5	
99.3	89.5	
99.1	89.3	
98.7	79.4	
99.1	89.3	
99.3	88.9	
99.1	89.5	
99.1	79.4	
99.3	89.5	
89.2	89.5	
99.3	89.5	
99.3	89.5	
99.1	89.5	
99.3	98.8	
99.1	89.5	
99.3	79.4	
99.3	89.5	
99.3	88.9	
99.3	89.5	
99.3	79.4	
99.1	79.4	
99.3	79.6	
99.3	89.5	
79.3	89.3	
99.3	89.5	
99.3	89.5	
99.3	89.5	
99.1	89.5	
99.3	89.3	
89.4	89.5	
99.3	39.2	
99.1	89.5	
78.3	69.5	
99.3	89.5	
99.1	79.4	
99.1	89.5	
99.1	89.5	
99.1	89.5	
99.1	89.5	
99.3	89.5	
99.3	89.3	
99.3	89.5	
89	89.5	
98.5	89.5	
99.1	89.5	
99.3	89.5	
99.3	99.2	
99.3	89.3	
99.3	89.1	
99.3	89.5	
98.9	89.5	
99.1	88.7	
99.3	89.5	
99.3	89.1	
99.3	79	
99.3	89.3	
99.3	89.5	
99.1	89.5	
99.3	89.5	
99.3	79.2	
89	89.5	
99.3	89.5	
99.1	89.5	
99.1	89.1	
99.3	79.6	
99.1	99.6	
99.1	89.5	
99.1	89.3	
99.3	89.5	
99.3	89.5	
99.1	79.4	
99.3	89.3	
88.8	89.5	
99.3	89.5	
99.3	69.3	
99.1	89.5	
98.9	89.3	
99.1	79.4	
99.1	89.5	
88.8	89.5	
99.3	99.6	
99.3	89.5	
78.7	59.4	
99.3	89.3	
99.3	99.2	
99.3	89.3	
99.1	89.5	
99.3	99.6	
99.3	89.5	
99.3	89.5	
99.1	89.5	
98.9	99	
99.3	89.5	
89.4	89.5	
99.1	89.5	
99.3	89.5	
99.1	79.4	
99.3	79.4	
99.3	89.5	
99.1	89.5	
99.1	89.5	
99.3	69.3	
99.1	79	
99.3	79.4	
99.3	89.3	
99.1	89.5	
99.3	89.5	
99.3	89.3	
99.3	89.5	
99.1	89.3	
88.6	79.4	
79.1	69.5	
99.3	89.5	
89.2	89.5	
99.1	89.5	
99.1	79.4	
98.7	89.5	
99.3	89.5	
99.3	79	
99.3	89.5	
99.1	69.3	
99.3	79.6	
99.3	89.5	
99.1	89.5	
99.3	89.5	
99.3	88.9	
99.3	88.9	
99.3	69.1	
99.3	89.5	
99.3	79.4	
99.1	89.3	
99.3	89.5	
99.3	99.6	
89	89.5	
99.1	89.3	
88.6	89.5	
88.4	89.5	
99.1	89.5	
99.3	99.6	
88.6	79.4	
99.3	89.3	
99.3	69.5	
88.6	99.2	
99.3	89.5	
99.3	89.1	
99.1	89.5	
99.3	89.3	
99.1	89.3	
99.1	89.5	
99.1	89.5	
99.1	89.5	
99.3	79.2	
99.3	79.6	
98.7	89.1	
99.3	89.5	
99.3	89.5	
99.3	89.5	
99.1	79.4	
99.3	89.5	
99.3	89.3	
89.4	89.3	
99.1	89.3	
99.3	89.5	
99.3	89.5	
99.3	79.2	
99.3	89.5	
98.9	89.5	
99.1	79.2	
88.8	89.5	
89	69.3	
88.8	89.5	
99.1	99.2	
99.3	89.5	
99.3	88.7	
99.3	89.3	
99.3	89.5	
99.3	89.5	
99.3	99.6	
99.3	79.4	
99.1	89.5	
99.3	89.5	
99.3	79.4	
99.3	89.5	
99.1	79.6	
99.3	99.6	
99.3	59.4	
99.3	89.3	
89.4	89.5	
99.1	89.5	
98.9	69.5	
99.3	89.5	
98.7	89.1	
99.1	69.1	
99.1	89.5	
99.3	89.5	
99.3	89.3	
99.3	89.5	
99.3	89.5	
99.3	69.3	
99.1	89.3	
99.3	89.3	
89	99.2	
99.1	89.3	
98.9	89.5	
99.3	89.5	
89	79.4	
99.3	79.4	
99.3	89.5	
99.3	89.5	
99.1	89.5	
99.3	99	
99.1	79.4	
88.6	69.3	
98.9	99.6	
99.3	59.2	
99.1	89.5	
99.3	79.4	
99.3	89.5	
99.3	89.5	
99.1	89.5	
99.1	99.2	
99.1	79.6	
99.3	68.9	
99.1	79.4	
99.1	89.5	
99.3	59.2	
99.3	89.5	
99.3	59.4	
99.3	79.4	
99.1	68.7	
99.3	89.3	
98.9	99.6	
99.3	89.5	
99.3	89.3	
99.3	69.5	
99.3	89.5	
99.3	89.5	
99.3	89.3	
99.1	89.5	
99.1	89.5	
99.3	88.7	
99.3	59.4	
99.1	79.2	
98.9	89.5	
99.3	89.1	
99.1	89.5	
99.3	88.9	
99.1	89.3	
99.1	89.5	
99.3	89.5	
99.3	89.5	
99.3	89.5	
99.1	79.4	
99.3	79	
98.7	89.5	
89	89.5	
99.1	79	
99.3	89.5	
99.3	89.5	
99.3	79.4	
99.3	89.5	
99.1	89.5	
99.1	89.5	
89.2	89.3	
99.3	89.5	
99.3	79.4	
89.4	89.3	
99.3	89.5	
99.3	89.5	
99.3	99.2	
99.3	89.5	
99.3	89.5	
99.3	89.5	
99.3	89.5	
98.9	69.5	
98.9	89.3	
99.1	89.5	
99.3	89.3	
99.3	69.5	
99.1	79.4	
99.3	89.5	
99.3	69.1	
99.1	89.3	
99.1	89.5	
99.3	89.5	
99.3	89.1	
99.1	89.5	
99.1	79.2	
99.1	89.5	
99.1	69.3	
99.3	89.5	
99.3	89.5	
99.3	89.5	
89	99	
99.3	89.5	
99.3	89.3	
99.3	69.3	
99.3	49.5	
99.1	89.5	
99.1	88.9	
99.3	69.3	
98.9	89.3	
99.1	89.5	
99.3	89.5	
99.3	89.5	
99.3	89.1	
99.3	89.5	
88.8	89.5	
99.3	89.5	
99.3	58.8	
99.1	89.5	
99.3	58.8	
99.3	89.5	
99.3	89.5	
98.9	79.4	
99.1	78.8	
99.3	79.4	
99.1	89.5	
99.3	99.6	
99.1	79.4	
99.3	89.5	
98.5	79.6	
99.3	69.5	
99.3	88.9	
99.3	89.5	
99.1	89.3	
99.3	89.3	
99.3	89.5	
99.3	89.5	
78.5	89.5	
88.6	89.5	
89	89.5	
99.3	89.5	
99.3	79.6	
99.1	89.5	
98.9	89.3	
78.9	79.4	
99.3	89.5	
99.3	99.2	
99.3	69.3	
99.3	89.5	
99.3	88.9	
99.3	79.2	
99.1	98.8	
99.1	69.3	
99.3	69.1	
99.1	89.5	
99.3	69.3	
99.1	89.5	
99.1	89.3	
99.3	89.5	
98.9	89.5	
99.3	89.5	
98.9	89.1	
99.3	89.5	
99.3	89.5	
99.3	89.3	
99.3	89.5	
99.3	99	
99.3	89.5	
99.3	89.5	
79.5	88.7	
99.3	89.3	
99.3	79.4	
99.3	89.5	
99.1	99.6	
99.1	68.9	
99.1	89.3	
99.1	89.5	
99.3	89.5	
99.1	59	
99.1	89.5	
88.8	69.3	
99.1	89.5	
99.3	89.5	
79.3	89.5	
89.2	89.3	
89.2	79	
79.3	89.5	
99.3	89.5	
99.1	89.5	
99.1	89.3	
99.3	89.5	
98.5	89.5	
99.3	79.4	
99.3	79.2	
99.3	89.5	
99.1	79.4	
99.3	89.5	
99.3	79.4	
99.3	89.3	
99.1	89.5	
99.1	89.5	
99.1	89.3	
89.2	89.5	
99.3	89.5	
98.7	69.5	
89	89.5	
99.3	79.4	
99.1	89.5	
99.1	79.4	
99.3	79.4	
89	89.5	
99.1	89.3	
99.3	89.5	
99.3	79	
99.1	89.5	
99.3	79.6	
89.2	99.2	
99.3	89.3	
99.1	89.3	
99.3	89.5	
99.3	89.5	
98.9	89.3	
99.1	89.5	
99.3	89.5	
98.7	89.5	
99.1	89.5	
99.3	89.5	
89.2	89.5	
98.9	78.8	
89	89.1	
99.1	89.1	
99.3	89.3	
99.1	89.5	
98.9	89.5	
89	69.3	
99.3	89.3	
99.3	88.7	
99.3	79.2	
99.3	89.5	
99.1	99.2	
99.1	79.4	
99.1	89.3	
88.8	89.5	
99.3	89.5	
89.4	69.5	
99.1	89.5	
99.3	89.5	
99.3	89.5	
99.3	89.3	
78.9	89.5	
89	89.5	
99.3	89.5	
99.1	69.5	
99.3	69.5	
99.3	89.5	
99.1	89.5	
88.6	89.1	
99.3	89.3	
99.3	89.5	
99.3	89.5	
98.1	89.5	
99.1	89.3	
88.8	89.5	
88.8	89.5	
99.3	89.3	
88.8	89.5	
99.3	79	
99.3	89.5	
98.9	79.6	
99.3	89.5	
88.4	89.5	
99.3	89.5	
99.3	89.5	
99.3	79.4	
99.1	89.5	
99.1	79.4	
99.3	79.4	
99.1	79.2	
99.1	89.3	
99.3	89.5	
89.4	89.1	
99.1	79.4	
99.3	69.3	
99.3	89.5	
99.1	89.5	
89.4	89.3	
99.3	69.1	
99.1	89.5	
99.1	89.1	
99.3	69.3	
99.3	89.5	
99.1	89.5	
99.1	89.1	
99.1	89.5	
99.3	89.5	
99.3	89.5	
99.1	89.5	
99.3	89.5	
88.6	89.5	
99.1	89.5	
99.1	89.5	
68.2	89.3	
99.3	89.1	
99.3	89.5	
99.3	89.3	
88.6	89.5	
99.3	89.5	
98.9	89.5	
98.9	89.5	
99.3	69.5	
98.9	89.5	
97.9	89.5	
99.3	89.5	
99.3	89.5	
99.3	89.5	
99.3	89.5	
99.1	89.1	
98.5	79.6	
99.3	59.4	
99.1	89.5	
99.3	89.5	
99.3	89.5	
99.3	89.5	
98.9	89.5	
99.1	89.3	
99.3	89.5	
99.1	89.1	
99.1	89.5	
99.3	89.5	
99.3	89.5	
99.3	79.6	
99.3	89.5	
99.1	89.1	
99.3	79.4	
99.3	89.3	
89	79.4	
98.9	68.9	
99.3	89.5	
99.3	89.5	
89	89.1	
99.3	99.4	
99.3	89.5	
99.3	89.5	
89.2	89.3	
98.7	89.5	
99.3	99.6	
89.2	89.5	
99.3	69.5	
99.3	89.5	
99.1	79.2	
89.2	89.5	
99.1	79.6	
99.3	89.5	
99.3	79.2	
99.3	89.5	
99.1	89.5	
98.9	89.5	
99.1	79.2	
89.4	79.4	
99.3	89.5	
98.9	99	
99.3	89.3	
99.1	89.5	
99.1	89.5	
99.1	89.5	
88.6	89.3	
99.3	89.5	
99.3	89.5	
99.1	89.5	
89.2	89.5	
99.3	89.3	
99.3	59.2	
99.1	89.5	
99.3	88.9	
98.7	89.5	
99.3	89.5	
99.3	79.4	
99.3	89.5	
89.4	79.4	
88.6	89.3	
89	89.5	
99.3	99.4	
99.3	89.5	
98.9	89.3	
99.3	89.3	
99.3	89.5	
99.3	89.5	
99.3	89.5	
99.3	99.6	
99.1	79.4	
99.3	79.4	
99.1	79.2	
99.3	89.5	
99.3	89.5	
99.3	89.5	
99.3	99	
99.3	89.5	
99.3	89.5	
99.3	89.3	
99.3	79.6	
99.3	89.5	
99.3	89.1	
78.5	89.5	
98.9	89.3	
99.3	69.3	
99.1	99.2	
88.8	89.3	
89.4	89.5	
98.9	89.5	
99.1	88.9	
89.2	79.6	
88.4	89.5	
99.3	89.1	
99.3	89.5	
99.3	89.5	
99.1	89.1	
89	89.5	
99.3	89.5	
99.3	89.5	
99.1	89.5	
99.1	79.6	
99.1	89.5	
99.3	89.5	
99.3	99.6	
99.3	89.1	
99.3	79.6	
99.3	79.4	
99.3	89.3	
98.9	88.9	
78.3	89.5	
99.3	89.5	
99.3	89.5	
88.8	89.5	
99.3	99.6	
99.3	89.5	
99.3	89.5	
99.1	89.5	
99.3	89.3	
99.3	89.5	
99.3	79.4	
99.3	79.4	
99.3	69.3	
99.1	89.5	
99.3	89.5	
99.1	89.5	
99.3	99	
99.3	89.5	
99.3	89.5	
99.3	78.8	
99.1	89.3	
99.1	79.4	
99.3	79.4	
99.3	89.1	
98.9	89.5	
89.4	69.5	
99.3	89.5	
99.3	99.6	
99.1	69.1	
99.1	89.1	
99.1	89.5	
99.1	88.9	
99.3	89.5	
99.1	89.5	
99.1	79.4	
99.3	89.3	
98.9	89.5	
98.7	89.3	
98.9	89.5	
99.3	89.5	
99.1	89.5	
99.1	89.1	
89	79.4	
99.1	89.5	
99.3	89.5	
98.5	89.5	
99.3	89.5	
99.3	89.5	
89.4	89.5	
98.9	89.5	
99.3	69.3	
99.3	79.6	
98.7	89.5	
99.3	89.3	
99.3	59.6	
99.1	69.5	
99.1	89.5	
99.1	88.9	
99.3	69.5	
98.7	89.5	
99.3	89.5	
89	89.3	
99.3	99.2	
99.3	89.5	
99.3	89.5	
99.3	89.5	
88.2	99.6	
99.1	79.2	
99.1	89.5	
99.3	99.2	
88.8	89.5	
99.3	79.4	
99.3	89.5	
99.3	89.3	
99.1	69.1	
99.3	89.3	
79.1	99.6	
99.3	89.5	
89.4	89.5	
99.3	89.5	
99.3	89.5	
99.3	89.5	
99.3	89.5	
99.3	89.3	
99.1	89.3	
99.3	99.2	
99.3	89.5	
99.3	79.4	
99.3	89.5	
99.3	99	
99.3	89.5	
99.1	79	
99.1	89.5	
99.3	89.5	
98.9	89.5	
88.6	89.5	
99.3	89.5	
99.1	79.6	
99.3	89.5	
99.3	99	
99.3	89.5	
99.3	89.5	
99.3	89.5	
99.3	79.4	
99.3	89.5	
99.3	69.5	
99.3	89.3	
98.9	69.5	
99.1	89.5	
99.3	89.3	
99.3	89.5	
89.4	69.1	
99.1	89.5	
99.1	99.6	
99.3	79.6	
98.9	89.5	
99.3	89.5	
99.3	89.5	
99.1	89.5	
99.3	79.4	
99.3	89.1	
99.3	89.5	
99.1	69.3	
99.3	69.5	
99.3	89.5	
89	88.9	
99.3	89.5	
99.3	89.5	
99.3	89.5	
99.3	89.5	
99.3	89.5	
99.3	89.5	
99.3	79.4	
89.4	89.3	
99.3	89.5	
99.1	88.9	
99.1	89.3	
99.3	89.5	
98.7	89.5	
99.3	79	
99.3	69.3	
98.9	89.5	
99.3	89.5	
99.1	79.2	
99.3	99.6	
99.3	89.5	
99.1	99.2	
99.1	89.3	
99.3	89.5	
99.3	89.5	
99.3	89.5	
99.3	59.2	
99.3	89.5	
99.3	89.5	
99.3	89.5	
99.3	89.5	
99.3	89.5	
98.9	89.3	
99.1	79.4	
79.1	89.5	
89	99.6	
99.3	89.3	
99.1	89.5	
99.1	99.2	
99.3	89.5	
99.3	88.7	
99.3	89.5	
99.3	79	
99.3	89.5	
98.9	89.5	
99.3	49.3	
99.1	89.5	
98.9	89.5	
99.3	89.5	
99.3	79.4	
99.3	89.5	
99.1	89.1	
99.1	89.1	
98.9	99.4	
99.3	89.1	
99.3	89.5	
98.9	79.2	
89.2	99.6	
99.3	89.5	
99.3	89.5	
99.3	89.5	
99.3	59.4	
99.1	89.5	
99.1	89.5	
99.3	99.6	
99.3	89.5	
99.3	89.5	
89.2	89.5	
99.1	89.1	
79.3	89.5	
98.9	89.5	
99.1	89.5	
78.5	69.5	
98.9	79.4	
89.2	89.5	
99.3	79.4	
99.3	89.1	
99.1	89.3	
99.3	89.1	
99.3	88.7	
99.1	99.6	
99.3	79.4	
99.3	89.5	
99.3	89.3	
99.1	89.3	
99.3	99	
89	89.5	
98.9	89.5	
89.2	89.3	
99.3	89.3	
99.3	79.4	
99.3	89.5	
98.7	69.5	
89.4	89.5	
89	89.5	
99.3	79.4	
99.3	89.3	
99.3	89.5	
99.3	89.5	
99.3	89.5	
99.1	89.5	
99.1	59.4	
99.3	79.6	
99.3	89.5	
89.2	99.6	
99.3	79.4	
88.8	89.5	
99.3	89.3	
98.9	89.1	
99.1	89.5	
99.1	89.5	
99.3	89.5	
99.3	89.5	
99.3	89.5	
99.3	79.4	
