79.1	58.8	
98.5	99	
99.1	99.6	
88.6	99.4	
88.8	99.4	
99.1	88.9	
97.5	88.3	
98.3	88.9	
78.7	99.2	
99.3	99.4	
77.3	89.5	
98.3	89.3	
88.6	88.9	
88.4	79.2	
99.3	99.6	
78.7	99.4	
98.7	89.7	
66.4	99.4	
98.3	88.7	
99.3	69.1	
67.2	99.2	
78.1	99.6	
87.4	99.4	
78.3	99.4	
47.6	99.2	
99.1	79.6	
88.2	88.9	
99.1	99.4	
98.1	87.7	
98.5	99.2	
88	69.1	
77.7	-11.7	
98.7	89.7	
99.1	18.8	
87.4	99.6	
98.9	99.2	
98.7	89.3	
97.9	69.5	
89.2	99.4	
78.1	98	
58.7	69.1	
88.6	69.5	
88.6	99.6	
68.2	99.4	
87.8	99.6	
99.3	79.4	
98.5	99.6	
88.8	99.4	
68.6	-14.3	
88.6	89.1	
16.9	99.4	
88.2	89.5	
67.2	89.3	
67.6	29.3	
58.1	88.3	
98.5	99	
99.1	78.6	
89.4	67.9	
77.3	-10.7	
98.3	89.3	
98.9	58.6	
97.9	88.1	
17.7	99.6	
68.4	99.6	
89.4	68.5	
68.4	98.8	
68.6	88.1	
98.9	89.5	
89.2	99.6	
78.1	69.1	
99.3	99.2	
89	99.6	
99.3	99.2	
89.4	88.3	
67.4	39.2	
87.6	99.4	
98.7	98.6	
67.6	89.1	
87.4	89.7	
87.6	48.9	
98.9	99	
99.3	99.2	
89.2	99.6	
98.3	89.3	
78.5	-11.9	
87.6	99.6	
88.4	78.8	
77.7	89.5	
88.8	89.5	
89.4	99	
98.7	88.3	
88.8	99.6	
98.9	89.5	
99.3	99.4	
99.1	99.6	
87.6	99.4	
99.1	99.2	
88.6	79.2	
99.3	99.4	
99.1	99.4	
88	99.2	
78.7	99.6	
57.7	99.6	
98.3	68.9	
68.6	99.2	
98.9	79	
98.7	78.4	
89.4	88.7	
77.9	89.1	
97.1	-2.6	
79.1	89.3	
97.9	99.6	
78.9	68.3	
88.6	99.6	
89.2	88.5	
99.1	99.6	
87.4	68.9	
88.8	79.4	
89	99.4	
99.3	99.6	
79.1	99.6	
89.4	99.6	
97.3	99.4	
42.6	99.4	
89.2	99.4	
98.5	99.6	
99.3	48.1	
78.1	99.6	
88.8	99	
88.4	99.2	
89	79	
88.4	79	
88.8	79.4	
98.9	99.2	
98.9	89.3	
88.6	89.1	
68.6	99.6	
78.3	99.2	
77.9	78.8	
89.4	58.6	
88.4	89.3	
89.4	99.2	
98.9	89.7	
77.1	79.6	
88.4	98.8	
78.3	99	
99.3	99.4	
98.7	89.3	
88.4	99	
89.2	99.6	
58.1	99	
57.5	99.6	
99.3	99.6	
88.6	99.4	
78.5	38.2	
98.9	78.6	
99.1	68.3	
98.9	98.4	
78.7	99.4	
88.4	69.7	
58.3	99.6	
88.4	89.5	
98.7	99	
98.9	89.7	
68.6	99	
89.2	89.1	
98.9	99	
78.7	89.3	
68.4	99.6	
56.5	68.3	
99.1	99.6	
98.9	89.3	
99.1	99.6	
89	99.6	
87.2	98.8	
78.7	99.4	
87.6	69.5	
88.6	89.5	
78.9	99.4	
99.3	59.4	
68.4	68.1	
77.9	89.5	
95.9	79.4	
98.7	88.9	
98.1	89.3	
98.3	99.6	
99.1	88.9	
87.4	59.4	
88.6	99.6	
98.7	99.6	
98.3	79.2	
97.5	99.4	
98.9	99.6	
98.9	89.5	
78.5	99.6	
88.2	69.3	
89	99.4	
78.3	88.9	
77.5	99.6	
65.8	38.2	
98.9	89.7	
99.1	99.2	
77.7	79.6	
87.4	99.6	
88.8	99	
67.4	58.8	
88.8	99.4	
98.9	78.4	
98.5	99.4	
88	89.3	
98.9	19.6	
98.5	9.3	
78.1	99.6	
89.2	99.4	
78.1	68.1	
88.8	99.4	
88.8	99.6	
89	99.2	
88.6	98.8	
98.5	99.6	
99.1	99.4	
88	98.8	
78.9	88.9	
99.1	99.6	
98.5	99.4	
68.4	79.2	
99.3	89.1	
89.4	99.4	
99.3	99.4	
88.6	98.6	
88.4	99.2	
88.2	89.7	
45.8	99.4	
78.5	99.6	
78.5	99.4	
88.8	69.1	
78.9	89.5	
98.5	89.7	
56.7	99.6	
99.1	89.5	
99.3	18	
99.3	99.4	
98.9	99.4	
88.8	89.3	
68.8	99.6	
99.1	79.4	
98.9	99.2	
89	99.6	
99.1	99.4	
88.4	99.6	
77.9	99.4	
78.3	99.4	
99.3	99.4	
79.1	99.4	
78.9	99.6	
99.3	89.1	
78.7	89.5	
77.3	99.6	
68.8	79.2	
98.5	99.4	
97.9	99.6	
98.7	89.5	
88.4	99.4	
66.2	88.1	
78.9	89.5	
98.7	79	
89	88.1	
98.7	99.6	
88.2	89.3	
67.8	99.4	
77.9	79.2	
68.4	99.6	
88.8	78.8	
98.5	88.9	
88.6	99.4	
99.3	88.5	
78.1	89.7	
88.8	99.6	
86.6	99.4	
98.5	89.7	
88.8	99.6	
87.6	99.4	
78.9	99.2	
88.8	99.4	
88.8	89.7	
77.3	59.2	
89	89.1	
99.1	99.6	
78.1	99.4	
98.3	99.6	
87.6	67.1	
78.9	99	
98.9	79.2	
88.4	89.7	
89.4	99.4	
88.6	89.3	
88.6	88.7	
67.8	99.6	
87	79.2	
89.2	79.6	
88.4	79.2	
99.1	99.4	
78.9	89.7	
87.6	87.7	
88	99.6	
99.3	99.6	
98.9	99.6	
68.4	79	
56.7	99.6	
99.3	99.2	
89.2	79	
87.4	99.4	
97.7	89.1	
89.4	88.7	
79.1	78.6	
88.8	89.5	
97.5	89.7	
67.6	89.5	
78.3	79.4	
98.7	99.6	
77.7	68.9	
68.6	79.4	
67.4	99.2	
47.8	99.6	
68.2	89.5	
78.9	99.6	
99.1	99.4	
89	99.2	
78.9	99.4	
77.9	99.4	
89.2	99.6	
89.2	68.9	
68.4	99.6	
48	99.2	
16.3	88.3	
98.3	99	
88.4	18.8	
98.5	99	
68	89.5	
89.2	69.1	
57.9	99.6	
67.8	98.2	
77.3	79.2	
97.7	99.4	
98.7	98.8	
66.8	38.6	
78.1	89.3	
48	89.7	
98.9	99.4	
67.6	88.5	
98.7	79.6	
78.5	78.8	
88	78.8	
88.2	89.1	
98.9	99.4	
98.9	79.2	
79.1	99.4	
99.1	99	
99.1	79.6	
98.7	59	
78.9	89.3	
89.4	48.9	
89.4	99.6	
99.1	89.3	
88.6	89.5	
98.9	99.2	
78.5	89.5	
98.7	99.2	
77.5	89.5	
88.6	99.4	
89.2	29.5	
68.2	99.2	
89.4	99.6	
78.9	99.6	
98.5	89.3	
88.8	99.2	
98.3	78.2	
88.8	89.7	
47.8	-51.1	
89	89.3	
98.7	88.9	
78.5	88.9	
58.1	87.9	
88.8	89.5	
87.6	89.5	
98.7	99.6	
78.9	99.2	
99.1	99.4	
68.6	99.6	
78.1	99.4	
78.7	78.6	
98.5	99.4	
78.7	99.6	
88.8	88.7	
96.7	99.6	
99.1	79.6	
98.9	89.3	
89	89.5	
87.4	99.6	
68.2	99.6	
58.5	88.3	
98.7	89.7	
79.1	79.2	
78.7	99.6	
88.6	99.4	
88.2	99	
88.4	89.1	
88.6	99	
98.1	89.3	
89.4	99.6	
47	89.5	
89	99.6	
78.7	99.6	
98.7	99	
68	89.5	
78.3	69.3	
67.6	79.4	
88.2	99.6	
88.6	99	
99.1	68.9	
88.4	99.6	
86.8	99	
99.1	89.1	
99.1	99.4	
89	99.6	
88.8	79.6	
67.6	99.6	
98.3	99.4	
68	79.4	
57.5	89.5	
15.3	69.7	
89.4	89.1	
89	99.4	
89	99.6	
78.3	99.4	
88.8	99.6	
77.9	99.6	
78.7	99.6	
68.6	99.2	
88.8	99.6	
98.9	88.7	
78.7	99.6	
99.1	68.3	
88.2	99.6	
88.6	99.6	
98.1	68.9	
67.2	89.5	
58.3	89.3	
88.2	99.6	
98.5	68.3	
68.8	89.1	
99.1	79.6	
66.2	69.5	
36.7	99.6	
78.7	59.6	
89.2	99.6	
86.8	78.4	
98.7	99	
99.1	99.6	
98.9	69.7	
88	98.4	
98.7	88.7	
99.1	59	
99.1	99.6	
89.2	99.2	
98.1	99.6	
88.6	99.6	
35.3	89.1	
89	99.4	
98.9	89.7	
99.1	98.8	
99.1	89.3	
98.9	79.2	
99.1	89.3	
57.3	99.2	
89.2	99.4	
89	49.3	
98.5	99.2	
58.9	68.9	
98.9	99.2	
99.3	99.6	
78.9	78.8	
-7.3	99.6	
88.8	99.4	
99.1	99.4	
99.1	87.9	
98.7	48.7	
98.7	79	
89	98.4	
99.1	89.5	
88.6	99.4	
77.3	99.4	
99.3	99.4	
99.1	79.2	
76.5	99.6	
24.8	89.7	
97.9	79.4	
99.1	99.4	
88.6	99.4	
98.7	89.3	
