99.3	99.6	
98.9	99.2	
99.3	99.6	
89.2	99.6	
99.3	99.4	
98.9	99.6	
99.1	99.4	
89.2	99.6	
98.9	99.6	
89.4	99.6	
99.1	99.6	
89.2	99.6	
99.3	99.6	
89.4	99.4	
78.9	89.5	
78.9	49.1	
99.3	99.2	
89.2	99.6	
99.1	99.6	
88.8	69.3	
99.1	99.4	
99.3	99.6	
99.3	99.4	
98.9	99.4	
99.1	99.6	
99.3	99.4	
89.2	99.6	
99.3	99.4	
98.9	99.6	
99.3	79	
89.2	99.6	
99.1	89.5	
98.9	99.6	
99.3	99.4	
89.4	99.4	
99.3	99.6	
99.1	98.8	
99.3	99.6	
99.3	99.6	
98.7	99.6	
99.1	99.4	
89.4	99.6	
99.3	99.6	
89.4	99.2	
99.3	99.4	
99.3	99.4	
89.4	99.4	
99.1	99.6	
99.1	99.6	
99.3	99.6	
98.9	99.6	
98.9	99.6	
99.3	99.6	
99.1	99.6	
99.1	78.8	
88.8	99.6	
99.3	99.6	
99.1	69.3	
99.3	99	
99.1	99.4	
98.9	99	
99.1	99.6	
99.3	89.5	
99.1	98.8	
99.1	99.2	
98.9	99.6	
99.1	99.6	
98.9	79	
99.1	99.4	
99.3	99.6	
99.3	89.3	
99.3	99.6	
98.9	99.6	
99.1	99.2	
99.3	99.6	
89	99.6	
98.3	99.4	
98.9	99.6	
99.3	99.4	
99.1	69.5	
98.9	99.6	
98.9	69.3	
77.9	99.6	
99.1	99.6	
99.1	99.4	
99.3	99.4	
98.5	99.2	
89.2	99	
89.4	99.6	
99.3	99.6	
88.8	89.5	
98.9	99.4	
89.2	99.2	
89	99.4	
88.4	99.6	
98.9	99.6	
89	99.6	
98.9	99.6	
99.1	99.6	
99.3	89.1	
99.3	99.6	
89.4	99.6	
98.1	99.4	
89	99.6	
89.4	99.6	
99.3	99.6	
89.2	99.6	
99.1	79.4	
99.3	89.3	
99.1	99.6	
98.7	99.4	
89.4	99	
99.3	69.3	
98.9	99.6	
99.3	99.4	
99.3	99.2	
99.3	99.4	
99.1	99.4	
98.7	99.4	
99.3	99.4	
99.3	99.6	
99.3	99.2	
98.5	99.4	
99.1	99.6	
89.4	99.6	
99.3	89.5	
99.3	99.6	
89.4	99.6	
99.1	99.6	
89.2	99.6	
89.4	99.6	
98.9	99.4	
99.1	99.6	
89.2	99.6	
99.3	99.6	
99.1	99.4	
99.3	99	
99.3	99.6	
99.3	99.4	
89.4	99.6	
89	99.4	
89.4	99.6	
99.3	99.6	
89.2	99.6	
79.3	99.4	
89.4	99.6	
78.9	99.2	
99.3	99.4	
98.9	99.6	
99.3	99.4	
99.1	89.1	
99.3	99.6	
99.3	99.6	
99.3	99.6	
98.3	99.6	
99.3	99.6	
99.3	99.6	
88.6	99.4	
99.1	99.6	
98.5	99	
99.3	99.6	
99.3	99.6	
98.7	89.5	
99.3	99.6	
78.9	99.2	
99.1	99.6	
98.5	99.6	
99.3	99.4	
79.1	89.5	
99.3	99.4	
99.1	89.5	
99.1	89.1	
98.9	99.4	
99.3	79.4	
98.9	99.6	
99.3	99.4	
99.3	99.4	
99.1	99.4	
99.3	89.5	
99.3	99.6	
89.4	99.6	
98.7	99.4	
99.3	99.4	
98.9	99.2	
88.4	99.6	
79.3	99.4	
99.3	99.6	
99.3	99.6	
98.9	99.6	
98.9	99.4	
99.3	99.6	
88.8	99	
99.1	99	
98.7	99.4	
89.2	99.6	
99.3	99.6	
99.3	99.2	
98.9	99.6	
99.1	98.8	
99.3	99.6	
89.2	99.6	
99.1	99	
99.3	99.6	
99.1	99.6	
89.4	99.6	
98.9	49.5	
99.1	99.6	
99.3	99.6	
89	99.6	
88.8	99.4	
89.2	99.6	
89	99.6	
99.3	89.3	
98.9	99.6	
99.1	99.2	
99.1	99.4	
99.3	99.6	
99.3	49.3	
98.9	99.6	
89.4	99.6	
99.3	99.6	
99.3	89.5	
99.1	99.6	
98.7	99.4	
98.9	99.6	
99.1	89.5	
99.1	99.4	
89.2	99.6	
89	89.3	
89.2	99.6	
99.1	99.4	
79.1	99.6	
89.2	99.4	
78.9	89.5	
99.1	99.6	
99.3	99.6	
99.3	89.5	
99.3	99.4	
89.2	99.6	
99.3	89.3	
99.3	99.4	
89.4	99.4	
99.1	99.6	
99.1	99.6	
99.3	89.1	
99.3	99.2	
99.1	99.4	
99.1	88.9	
89.2	99.6	
98.9	99	
99.1	89.3	
99.1	99.6	
99.1	99.2	
99.3	99.6	
89.2	99.4	
98.9	89.3	
99.3	99.4	
99.1	99.6	
99.1	99.2	
78.9	99.2	
99.1	99.6	
89.2	69.3	
99.1	99.2	
99.3	99.6	
98.7	99.6	
98.7	99.4	
99.1	99.4	
89.2	99.6	
99.1	99.6	
99.3	69.3	
99.3	99.6	
99.1	99.2	
69.2	99.6	
89	99.6	
98.7	99.2	
89.4	99.6	
99.3	99.4	
89.4	99.4	
78.7	38.8	
99.3	69.5	
99.1	99.6	
99.3	99.6	
99.3	89.5	
99.1	99.6	
99.1	99.2	
89	99.4	
99.3	99.2	
99.3	69.3	
99.1	99.2	
89.4	99.4	
99.1	99.6	
99.3	99.6	
99.1	69.3	
99.1	99.6	
99.3	99.6	
78.3	99.4	
99.1	69.5	
89.2	99	
99.3	99.6	
88.6	98.8	
99.1	99	
89.2	69.5	
99.3	99.6	
89.4	99.6	
98.9	99.6	
99.1	99.4	
99.1	99.6	
99.3	99.6	
99.3	99.6	
99.3	99.6	
99.1	99.6	
99.1	99.6	
98.7	99.2	
89.2	99.6	
99.3	99.4	
98.3	99.4	
99.1	89.5	
99.1	99.6	
99.1	49.1	
99.1	99.6	
99.1	69.5	
89.4	99.6	
89.4	99.4	
98.9	99.6	
99.3	99.6	
99.1	99.6	
88.8	89.5	
89.2	99.6	
98.9	99.6	
89	98.6	
99.3	69.3	
99.1	99.6	
98.9	99.6	
99.3	99.6	
99.3	99.6	
99.3	99.6	
99.1	99.6	
99.3	89.1	
99.1	99.6	
99.3	99.6	
99.1	99.4	
99.3	99.6	
99.3	89.5	
99.1	99.6	
99.1	99.2	
89.4	99.4	
89.4	99.6	
99.1	99.6	
89	99.4	
99.3	99.6	
99.3	99.6	
99.1	99.2	
99.3	99.6	
89.4	99.6	
99.1	99.6	
78.9	99.6	
98.9	99.6	
99.1	99.6	
99.3	99.6	
99.3	99.6	
79.3	99.6	
99.3	99.6	
99.3	99.6	
99.3	99.6	
99.3	99.2	
88.4	99.6	
99.1	99.4	
98.7	99.6	
99.3	99.6	
99.3	99.6	
99.1	99.2	
99.1	99.4	
99.3	99.4	
99.3	99.6	
89.2	99.6	
99.1	99.6	
99.3	88.7	
89.2	99.6	
99.3	99.6	
89.4	99.6	
89.2	99.4	
99.1	99.6	
99.1	99.4	
89	89.3	
89.2	99.2	
89	99.6	
98.9	99.6	
89.4	99.6	
98.9	99.6	
99.3	89.5	
89	69.5	
99.3	99.2	
89.2	99.6	
68.6	99.6	
98.9	99.4	
99.1	99.6	
99.3	99.6	
89.4	89.5	
99.3	99.4	
98.9	99.2	
99.3	89.1	
98.9	99.4	
99.1	99.6	
99.3	99.4	
99.3	49.3	
99.3	98.8	
89.4	99.4	
89	99.4	
98.9	99.4	
99.1	89.5	
99.3	99.6	
78.7	99.6	
99.3	99.4	
99.1	99.4	
89	99.2	
99.1	89.5	
99.1	99.2	
98.7	99.4	
98.9	99.4	
98.7	99.6	
99.1	59.4	
98.9	99.2	
89.4	99.6	
99.3	69.5	
99.1	99.6	
99.1	99.6	
89.2	99.4	
99.1	99.6	
89.4	99.6	
98.3	99.6	
99.1	99.4	
98.9	99.6	
98.9	89.3	
98.9	99.4	
99.3	99.6	
89.2	89.3	
99.1	99.6	
99.3	99.6	
99.1	99.2	
98.7	99.6	
89	99.4	
89.2	99.6	
79.1	99.6	
99.1	99.6	
99.3	99.6	
99.1	39	
88.4	69.5	
99.3	99.4	
79.1	99.4	
99.3	99.6	
99.1	89.3	
98.9	99.6	
99.1	99.6	
99.1	99.6	
99.3	99.6	
99.1	99.6	
88.8	99.6	
99.1	99.6	
99.1	39.4	
99.3	99.2	
99.1	99.2	
99.3	99.4	
99.1	99.6	
99.3	89.5	
99.1	99.6	
79.1	99.6	
88.8	99.6	
89	99.4	
98.7	99.4	
99.3	89.5	
99.3	89.1	
98.9	99.6	
98.7	99.6	
98.3	89.5	
98.9	99.2	
99.1	99.4	
99.1	99.6	
98.9	99.6	
99.3	99.6	
99.1	99.6	
89.2	99.6	
99.1	99.6	
99.1	89.3	
99.3	99.6	
89.2	99.6	
99.3	99.2	
98.9	99.4	
99.3	99.6	
99.1	99.4	
99.1	89.7	
89.2	89.5	
89.2	99.6	
78.9	89.5	
99.1	99.6	
99.1	99.6	
89.2	99.6	
99.1	99.4	
99.3	99.6	
98.9	89.5	
98.9	99.6	
88.4	99.6	
99.1	99.6	
78.5	89.5	
99.3	89.1	
99.3	99.2	
99.3	89.5	
99.3	99.4	
99.3	99.6	
99.3	99.6	
99.3	99.4	
88.8	99.6	
99.3	89.3	
99.3	99.6	
99.1	99.6	
99.3	99.2	
89.4	99.4	
89.4	99.4	
98.9	99.4	
99.1	99.6	
98.9	99.6	
99.3	99.6	
99.1	99.4	
98.9	99.4	
99.3	99.6	
99.1	99.6	
99.1	99.6	
99.1	99.4	
99.1	99.6	
99.3	69.3	
98.5	99.6	
99.3	98.8	
99.3	99.6	
99.1	99.6	
99.3	99.2	
99.3	99.6	
98.7	99.6	
89.2	99.6	
99.3	99.6	
99.1	99.2	
99.3	99.6	
99.3	99.6	
98.3	99.6	
89.2	99.6	
89.2	99.6	
89.2	99.6	
99.3	99.6	
89.4	99.6	
98.9	99.6	
99.1	99.2	
99.1	99.2	
89	99.6	
97.9	69.5	
99.1	99.4	
99.1	99.6	
98.9	99.6	
99.1	99.4	
99.3	99.4	
89.2	99.4	
89	99.6	
99.1	99.4	
99.3	99.6	
99.3	99.4	
99.3	89.5	
99.3	99.6	
88.8	99.6	
99.1	99.4	
99.3	99.4	
88.8	69.5	
99.1	99.2	
89.2	89.3	
99.1	99.6	
98.7	99.6	
98.9	99.6	
99.3	99.6	
99.1	99.2	
98.7	89.5	
99.3	99.6	
89.2	99.6	
69.2	99.6	
99.1	99.2	
99.1	99.6	
99.3	99.6	
98.9	99.4	
99.3	99.4	
99.3	89.3	
98.3	99.6	
99.3	89.3	
99.3	99.6	
98.9	99.6	
88.8	99.6	
99.3	99.2	
89.4	99.6	
98.9	89.3	
99.1	79.2	
89	99.6	
99.3	99.6	
99.3	99.6	
99.1	99.6	
99.1	99.4	
99.3	99.6	
99.3	99.4	
89	99.4	
99.3	99.4	
89.2	99.6	
99.3	99.4	
99.3	89.5	
99.3	99.6	
99.3	99.6	
98.9	99.6	
99.3	99.6	
99.3	99.6	
99.3	99.6	
99.1	99.6	
99.1	99.4	
99.1	59.2	
98.9	99.6	
99.3	99.4	
99.3	89.5	
99.1	99.6	
99.3	99.4	
99.3	99.6	
99.1	99.6	
99.1	99.6	
99.1	99.4	
89.4	99.6	
99.3	99.6	
98.9	99.6	
99.3	89.5	
99.3	49.5	
99.3	99.6	
99.1	99.6	
98.7	99.6	
98.7	49.1	
99.3	49.3	
89	99.4	
98.5	99.4	
98.9	99.2	
98.7	99.6	
99.3	99.4	
99.1	99.6	
99.3	99.6	
99.1	99.2	
99.3	99	
89.4	99.6	
99.1	69.3	
89.2	99.2	
99.3	99.6	
89.2	99.6	
89.2	99.6	
99.3	99.6	
99.3	99.6	
98.5	99.6	
89.4	99.4	
99.3	99.4	
98.9	99.2	
89.2	99.6	
99.1	98.8	
99.3	99.6	
99.3	89.5	
99.1	99.4	
99.3	99.6	
98.9	99.6	
99.3	89.5	
99.1	99	
99.3	99.2	
99.3	99.6	
99.3	89.3	
98.7	99.6	
89.2	99.6	
98.9	99.6	
99.1	59.4	
99.3	99.2	
99.3	99.6	
89	99.6	
98.9	99.4	
99.3	99.6	
99.3	99.4	
99.3	99.6	
89.4	99.2	
99.1	99.6	
99.1	99.6	
88.6	99.6	
99.1	99.6	
99.3	99.6	
99.1	99.4	
99.3	99.6	
99.3	99.6	
99.3	99.6	
99.1	99.4	
99.3	99.6	
99.3	99.6	
99.3	99.6	
99.3	99.6	
99.1	99.6	
99.3	99.6	
99.1	99.6	
99.1	99.6	
99.1	99.6	
99.1	99.6	
99.3	89.3	
98.9	99.6	
99.3	99.6	
89.4	99.6	
99.3	99.6	
99.1	99.4	
99.1	99	
89.2	99.6	
99.3	99.6	
99.1	99.6	
99.3	99.2	
99.3	99.2	
99.1	99.6	
99.1	99.2	
99.3	99.6	
99.3	69.5	
99.3	99.6	
98.9	89.3	
98.9	99.2	
98.7	99.6	
99.3	99.6	
99.1	99.4	
89.4	99	
99.3	99.6	
89.2	99.6	
99.1	99.6	
99.1	99	
98.9	99.6	
98.5	99.6	
99.3	99.4	
99.1	99.2	
89.4	99.4	
99.3	99.6	
99.3	99.6	
99.1	99.2	
99.1	99.6	
99.1	99	
99.1	99.6	
99.1	99.6	
99.1	99.6	
99.3	89.3	
98.9	89.1	
99.3	99.6	
88.6	99.6	
99.3	99.6	
88.4	99.4	
89.2	98.8	
99.3	99.6	
99.1	99.6	
98.9	99.6	
99.3	99.2	
99.1	99.6	
89.2	99.2	
98.7	99.2	
98.9	99.6	
99.1	99.6	
89.4	99.6	
99.1	99.4	
98.7	99.6	
89.2	89.5	
99.1	99.2	
99.3	99.4	
99.3	89.5	
99.1	99.4	
99.3	99.6	
89.4	99.6	
99.3	99.4	
89.2	89.7	
99.1	99.6	
99.3	99.6	
99.3	99.6	
99.1	99.6	
99.3	99.2	
99.1	99.6	
98.9	99.4	
99.3	99.6	
89	99.2	
79.1	99.6	
99.1	99.6	
99.3	99.6	
99.1	99	
98.9	99.4	
98.5	99.4	
89.4	99.6	
99.1	99.6	
99.1	99.4	
99.3	99.4	
99.1	99.6	
89.2	99.2	
98.9	99.6	
89.2	99.4	
98.7	99.4	
88.8	99.6	
89.2	99.6	
99.3	99	
99.3	99.6	
99.1	99.6	
88.8	99.6	
99.3	99.6	
99.3	99.4	
99.1	99.6	
88.8	99.6	
98.7	99.2	
98.7	99.6	
99.3	99.6	
98.7	99.4	
78.7	29.3	
88	99.6	
98.7	89.3	
99.3	99.6	
99.3	99.6	
98.9	99.6	
98.7	99.6	
99.1	99.6	
98.7	49.3	
99.3	89.3	
99.1	99.6	
98.9	99.2	
99.3	99.6	
99.3	99.6	
99.3	99.6	
89.4	99.2	
99.3	99.4	
99.3	99.2	
99.3	99.6	
98.9	99.6	
98.9	99.6	
99.1	99.6	
99.3	99.6	
89.4	59.4	
99.1	99.6	
99.3	59.2	
99.1	99.6	
99.1	99.6	
99.3	99.6	
99.3	79	
99.3	99.6	
99.1	99.6	
99.3	99.6	
99.1	89.3	
99.3	99.2	
99.3	99.6	
88.8	99.4	
99.1	89.5	
99.3	99.6	
99.1	99.6	
99.3	99.4	
99.3	99.6	
99.1	99.6	
89.2	99.6	
89.2	99.4	
89.2	59.2	
98.9	89.5	
98.7	99.4	
98.7	99.6	
98.7	99.4	
89.4	99.6	
99.3	99.6	
99.3	99.4	
98.3	99.6	
98.9	99.2	
99.3	99.6	
99.3	99.4	
99.1	89.5	
89.2	98.8	
99.3	99.6	
89.4	99.6	
98.7	99.6	
99.3	99.4	
98.9	49.3	
89.4	99.6	
99.1	99.4	
98.5	99.4	
88.6	99.6	
99.1	99.4	
99.3	99.6	
99.3	99.4	
99.1	99.6	
98.5	99.6	
89.2	99.4	
99.1	99.6	
78.5	99.4	
99.1	69.3	
99.3	99.4	
99.1	69.5	
99.3	99.4	
98.7	99.6	
99.3	99.4	
88.8	99.4	
89.4	99.4	
99.1	99.6	
99.1	99.4	
99.3	89.5	
99.3	99.6	
99.3	99.6	
99.3	99.6	
89.4	99.6	
98.7	99.4	
99.3	99.4	
98.9	99.6	
99.1	99.6	
98.9	99.6	
99.3	99.6	
99.1	99.6	
99.3	99.6	
89.4	99.4	
99.3	99.4	
98.9	99.6	
99.3	99.2	
99.1	69.5	
98.9	99.4	
99.1	99.6	
89.2	99.4	
89.4	99.6	
99.1	99.6	
98.9	99.6	
98.7	99.2	
98.9	99.6	
99.3	99.6	
89.2	99.6	
89	99.4	
99.3	99.4	
99.3	99.6	
89.2	99.6	
99.3	99.2	
99.3	99.6	
99.3	99.6	
99.3	48.9	
99.3	99.6	
99.3	99.6	
99.3	99.4	
99.3	99.6	
98.9	99.6	
99.3	99.6	
99.3	99.6	
99.3	99.4	
88.8	99.4	
99.3	99.6	
99.3	99.6	
97.9	99.6	
79.1	99.6	
99.3	68.9	
99.3	99.6	
99.3	99.6	
98.9	89.5	
99.3	99.6	
99.1	99.2	
89.2	99.2	
99.1	99.6	
99.1	99.6	
98.9	99	
99.1	99.2	
89	99.4	
99.1	99.6	
99.3	99.4	
99.3	99.6	
89.2	99.2	
99.3	99.6	
99.3	89.3	
78.7	99.4	
98.9	99.4	
98.7	99.6	
99.3	98.6	
89.4	19	
99.3	99.2	
99.1	99.6	
99.3	99	
99.3	59.2	
99.3	99.6	
99.3	99.6	
99.3	89.5	
99.1	99.6	
79.1	99.2	
98.7	99.4	
99.3	69.3	
88.8	99.6	
99.3	49.1	
89.2	99.4	
88.4	99.2	
99.1	99.6	
89.2	99.6	
89	99.6	
99.3	99.6	
99.1	99.6	
98.9	99.2	
99.3	99.4	
99.1	98.6	
99.3	99.4	
99.3	99.6	
98.9	99.6	
88.8	99.6	
89.4	99.6	
99.3	99.6	
89	99.6	
99.3	99.6	
99.3	99.6	
78.9	99	
99.1	99.4	
99.3	99.4	
99.1	99	
99.3	99.4	
