99.1	99.6	
99.3	99.6	
99.3	89.3	
99.1	99.6	
99.3	99.6	
99.3	89.1	
99.3	99.6	
99.3	99.6	
99.3	99.6	
99.1	89.3	
98.5	89.1	
99.1	99.4	
99.3	99.4	
99.3	99.4	
99.3	99.6	
99.1	99.6	
99.1	99.6	
99.3	99.6	
99.1	69.1	
99.3	99.6	
99.1	99.6	
99.3	89.5	
99.3	99.4	
99.1	89.3	
99.3	89.3	
99.3	99.4	
98.9	99.6	
98.9	99.4	
99.1	99.6	
99.3	99.2	
99.3	99.6	
99.1	68.9	
99.3	99.6	
99.3	98.8	
89.2	99.4	
99.3	79	
98.7	99.6	
99.3	99.2	
99.3	99.4	
99.3	99.6	
99.1	99.6	
99.1	99.6	
99.3	99.6	
99.3	99.6	
99.3	99.6	
99.3	99.2	
99.1	99.4	
99.1	99.6	
99.3	99.4	
88.8	99.6	
99.3	99.6	
99.1	99.6	
99.3	99.6	
89	99.6	
98.9	99.6	
88.6	99.6	
99.3	99.6	
98.9	99.6	
99.3	99.4	
99.3	99.6	
99.3	99.6	
99.3	99.4	
89.2	99.6	
99.3	99.4	
99.3	99.6	
99.3	99.4	
99.3	99.4	
99.1	99.6	
99.1	99.6	
99.3	99.6	
99.3	99.6	
99.3	99.6	
99.1	99.4	
99.3	99.6	
99.1	99.6	
99.1	89.5	
99.3	99.6	
99.1	99.4	
99.3	99.6	
89.2	99.6	
98.9	99.2	
99.1	99.4	
99.3	99.6	
99.3	89.1	
98.9	99.6	
98.9	99.6	
99.3	99.6	
99.1	99.6	
99.3	99.4	
99.3	99.4	
98.9	99.4	
99.3	99.4	
99.3	99.2	
99.3	89.5	
99.3	99.6	
99.3	99.6	
99.1	99.6	
99.1	99.4	
99.3	99.4	
98.7	99	
99.3	58.6	
88.4	99.2	
98.7	99.6	
99.1	99.6	
99.1	99.4	
99.3	99.6	
99.1	99.4	
99.3	99.6	
99.3	99.6	
99.3	99.6	
99.1	89.5	
99.1	99.6	
99.1	89.3	
99.1	99.4	
99.3	99.6	
99.3	89.5	
98.7	89.3	
98.9	99.6	
99.1	99.6	
98.9	99.6	
88.8	99.4	
99.3	99.6	
99.1	89.5	
98.7	99.6	
99.3	99.4	
99.1	99.6	
99.1	99.4	
99.3	99.6	
99.3	99.6	
99.3	99.4	
99.1	99.6	
99.3	89.3	
99.3	99.2	
99.3	99.6	
99.3	99.6	
98.9	89.5	
99.3	99.6	
98.9	99.6	
99.3	99.6	
99.1	89.5	
99.3	99.6	
99.3	99.6	
99.3	99.6	
99.1	99.6	
99.3	99.4	
99.3	99.4	
99.1	99.4	
99.1	99.6	
99.3	99.4	
99.1	99.6	
99.3	99.4	
99.1	99.4	
99.3	99.2	
99.1	99.6	
99.3	99.4	
99.3	99.6	
99.3	99.6	
98.9	99.6	
89.2	99.6	
99.3	89.5	
99.3	89.5	
99.3	89.3	
99.1	79.2	
99.1	99.6	
99.1	99.6	
99.3	89.5	
99.3	99.6	
99.3	99.6	
99.1	99.6	
99.3	99.6	
89.2	99.6	
99.1	89.5	
99.1	99.6	
99.3	99.6	
98.9	99.6	
99.1	89.5	
99.1	99.6	
99.3	99.6	
99.1	99.6	
99.3	89.3	
99.3	99.6	
99.3	99.4	
99.3	99.6	
98.9	99.6	
98.7	89.5	
98.9	99.6	
98.9	99.4	
98.7	99.6	
99.1	99.6	
98.7	99.6	
99.1	99.4	
99.3	99.6	
99.3	99.4	
99.1	99.6	
99.1	99.2	
98.9	99.6	
88.6	99.6	
98.9	99.6	
99.3	99.6	
98.5	99.6	
99.1	89.5	
99.3	99.6	
99.3	99.4	
99.1	99.4	
99.1	99.4	
89	99.6	
98.7	99.6	
98.9	99.6	
98.9	99.6	
99.3	79	
89	99.6	
98.7	89.3	
89.2	89.5	
99.1	99.6	
99.1	99.4	
99.3	99.4	
99.3	99.6	
99.3	99.2	
98.9	99.6	
99.1	99.6	
99.3	99.6	
99.1	89.5	
99.1	99	
99.1	99.6	
99.1	89.3	
99.3	99.6	
99.3	89.3	
98.7	89.5	
98.9	99.6	
99.3	89.5	
99.1	99.6	
99.3	99.6	
98.7	99.6	
99.1	99.6	
99.3	99.6	
99.1	99.6	
99.1	99.6	
99.1	99.2	
99.1	99.6	
99.1	99.6	
99.3	99.6	
99.3	89.1	
99.3	99.2	
99.1	99.4	
99.3	99.6	
99.1	99.4	
99.3	99	
99.3	99.6	
99.1	99.6	
99.3	89.3	
99.3	99.6	
99.3	99.6	
99.3	99.4	
99.3	99.6	
99.3	99.6	
99.1	89.5	
99.3	99.2	
99.3	99.6	
99.1	99.6	
99.1	99	
98.9	88.9	
99.3	99.6	
99.3	99.6	
99.1	99.6	
98.7	99.6	
99.3	69.1	
99.1	99.6	
99.1	99.4	
99.3	99.4	
98.5	99.6	
99.3	99.4	
89	99.6	
99.3	99.6	
88.4	99.6	
89.2	89.3	
99.3	78.8	
99.1	99.4	
89.2	99.6	
99.1	99.6	
99.3	99.6	
99.3	99.2	
89.2	99.6	
99.1	99.6	
98.9	99.4	
99.3	99.4	
99.3	99.4	
99.3	99.4	
99.3	99.4	
99.3	99.6	
99.3	99.6	
99.3	99.6	
99.3	99.2	
99.1	99.4	
99.3	99.6	
99.3	99.4	
99.3	98.8	
99.3	99.6	
99.3	99.4	
99.3	99.6	
99.1	99.6	
99.3	99.6	
99.3	99.6	
89.2	99.6	
99.3	89.3	
98.5	99.4	
99.1	99.6	
99.3	99.6	
98.9	99.6	
99.3	99.4	
99.3	99.6	
99.1	99.4	
98.9	99.2	
99.3	99.4	
99.3	99.6	
99.3	99.6	
99.3	99.6	
99.3	99.6	
98.7	99.6	
99.1	99.6	
98.7	78.8	
99.1	99.6	
99.3	99.4	
99.3	99.6	
99.3	99.6	
98.9	89.5	
99.1	99.4	
98.9	99.2	
99.3	99.6	
99.1	99.4	
98.9	99.4	
99.1	99.4	
99.3	99.6	
99.3	99.6	
99.3	99.4	
98.9	79.2	
98.5	99.6	
99.3	99.6	
99.1	99	
98.9	99.6	
99.3	99.6	
99.1	89.1	
99.3	99.6	
99.3	99.6	
98.7	89.3	
99.3	89.3	
99.3	99.6	
99.3	89.5	
99.3	99.4	
98.9	99.6	
99.3	89.5	
99.3	99.6	
99.3	99.4	
99.3	99.4	
88.4	99.6	
78.7	99.6	
99.3	99.4	
99.3	99.2	
99.3	99.6	
99.1	99.6	
99.3	99.2	
98.7	99.4	
98.9	99.4	
99.3	99.6	
99.3	99.6	
99.1	99.6	
99.3	89.3	
99.1	99.6	
99.3	99.6	
88.8	89.3	
99.3	99.6	
99.3	99.4	
98.5	99.4	
99.3	99.4	
99.3	99.4	
99.3	99.6	
99.3	99.4	
99.3	99.4	
99.1	99.4	
99.3	99.4	
99.3	99.6	
99.3	99.6	
99.3	99.2	
99.3	89.5	
99.1	99.6	
99.3	99.6	
99.3	99.6	
99.1	99.6	
99.1	99.6	
88.6	99.4	
99.1	99.4	
99.3	99.6	
99.3	99.6	
99.1	99.4	
88.2	99.4	
99.3	89.5	
99.1	99.6	
99.3	99.4	
99.3	99.4	
99.1	99.4	
99.3	99.6	
98.7	79	
99.1	99.6	
99.3	99.6	
99.1	99.4	
99.3	99.6	
98.9	99.6	
98.9	99.6	
99.1	89.5	
99.3	99.2	
99.1	99.6	
99.3	99.2	
99.3	99.4	
99.3	99.4	
99.1	99.4	
99.3	99.6	
99.1	99.4	
98.9	99.6	
99.3	89.5	
99.3	99.6	
89.2	99.6	
89.2	99.6	
98.9	99.4	
98.7	99.6	
99.1	89.5	
99.3	99.4	
99.3	99.6	
99.3	99.2	
99.3	99.4	
98.7	99.6	
99.3	99.6	
99.3	99.6	
99.3	99.6	
99.3	99.4	
99.3	89.5	
98.9	99.6	
98.9	99.4	
89.2	99.4	
98.9	99.6	
99.1	99.6	
99.1	99.6	
99.3	99.6	
99.1	99.4	
99.3	99.6	
98.9	99.6	
98.9	99.6	
99.3	99.2	
99.1	99.6	
99.3	99.4	
99.3	99.6	
99.1	89.3	
99.3	99.6	
99.3	99.2	
99.3	89.1	
99.3	99.6	
99.3	99.6	
99.1	99.4	
99.1	99.4	
98.7	89.5	
99.3	99.6	
99.3	99.6	
99.3	99.6	
99.3	99.6	
99.3	99.6	
99.3	99.4	
99.3	99.4	
99.1	99.6	
99.3	99.6	
99.3	99.6	
99.3	89.5	
99.3	99.6	
99.3	99.6	
99.3	99.6	
99.3	89.5	
99.3	89.3	
99.3	99.6	
99.3	99.4	
89.2	99.4	
99.3	89.3	
99.3	99.6	
99.3	99.6	
99.3	99.6	
99.1	99.6	
98.7	99.6	
99.3	99.6	
99.1	99.6	
99.3	99.6	
98.9	99.6	
99.3	79	
99.3	78.4	
99.3	99.6	
99.3	99.6	
98.9	89.5	
98.7	99.6	
99.3	99.6	
99.1	99.4	
98.9	99.6	
99.3	99.4	
99.1	99.4	
99.3	99.4	
99.3	99.4	
89.2	99.6	
99.3	99.6	
99.3	99.4	
99.3	99.2	
99.1	99.2	
99.3	99.6	
99.1	99.6	
99.1	99.6	
99.1	99.6	
98.7	99.6	
98.7	99.6	
98.9	99.6	
98.7	99.4	
99.3	99.6	
99.3	99.6	
99.3	99.6	
98.9	99.4	
99.3	99.6	
99.3	99.4	
99.3	99.6	
99.1	99.6	
88.8	99.2	
99.3	99.2	
99.3	99.6	
99.1	99.4	
99.3	99.6	
98.9	99.4	
99.1	99.6	
99.3	99	
99.3	89.3	
99.3	89.1	
99.3	99.4	
99.1	99.6	
99.3	99.6	
99.3	99.6	
98.7	99.6	
99.3	89.5	
99.1	99.6	
99.3	99.6	
99.3	99.6	
99.1	99.6	
99.3	99.6	
98.9	99.6	
89.2	99.6	
99.3	99.6	
99.3	89.5	
99.1	99.6	
88.8	99.2	
99.3	99.6	
99.3	99.6	
99.3	99.6	
99.3	99.4	
98.7	89.3	
98.9	99.6	
78.9	99.6	
99.1	99.2	
99.3	99.6	
99.1	99.6	
99.3	99.6	
99.3	99.6	
98.5	98.8	
99.1	99.6	
99.1	99.6	
98.9	99.6	
99.3	99.2	
99.1	89.3	
99.1	99.6	
99.1	89.5	
99.3	89.3	
89.2	99.6	
99.1	99.6	
89	99.6	
99.3	99.6	
99.3	99.6	
99.3	99.6	
99.3	99.6	
99.3	99.6	
99.1	99.6	
99.3	99.6	
89	89.5	
99.1	99.4	
99.1	79.2	
99.3	99.6	
99.3	99.6	
98.9	99.6	
98.7	99.6	
99.1	99.6	
98.9	99.4	
88.8	99.6	
89.2	99.4	
99.1	99.6	
99.3	99.6	
98.9	99.6	
88.4	99.6	
99.3	99.6	
99.1	99.6	
99.3	89.5	
99.1	69.3	
99.1	99.6	
99.1	99.4	
98.9	99.6	
88.8	99.6	
89	89.3	
99.1	99.6	
99.3	69.3	
99.3	89.5	
99.3	99.6	
98.9	99.6	
98.7	99.6	
99.1	99.4	
99.3	99.6	
88.8	99.4	
89	79.2	
98.9	99.6	
99.3	99.4	
99.1	99.6	
99.3	89.7	
88.8	99.4	
98.9	89.5	
89.2	99.6	
99.1	89.5	
99.3	99.6	
99.1	89.5	
99.1	99.6	
99.3	99.6	
99.1	99.6	
99.1	99.6	
99.1	89.5	
99.3	99.6	
99.3	99.4	
98.9	99.6	
89.2	99.6	
98.7	99.4	
99.1	99.6	
99.3	89.3	
99.3	99.6	
99.3	99.6	
99.3	99.4	
99.3	99.6	
99.3	99.6	
99.3	99.6	
99.1	99.6	
99.3	99.6	
99.3	99.6	
99.3	99.6	
99.1	99.6	
99.3	99.6	
99.1	99.6	
99.3	99.4	
99.3	99.4	
99.3	99.4	
98.9	99.4	
99.3	99.6	
98.9	99.6	
99.1	99.6	
89.2	99.6	
99.1	99.4	
99.3	99.4	
99.3	99.6	
89.2	99.6	
99.3	99.6	
98.9	99.6	
99.1	89.5	
99.1	99.4	
99.3	99.4	
99.3	99.6	
99.3	99.4	
99.1	99.6	
99.1	99.6	
99.1	99.2	
99.3	99.4	
99.1	99.4	
98.9	79.6	
99.1	99.6	
98.7	99.6	
99.3	99.6	
99.3	99.6	
99.3	99.6	
89	99.4	
99.3	99.6	
98.9	99.6	
99.3	99.4	
99.1	89.5	
98.9	99.6	
99.3	99.6	
99.3	99.6	
99.3	99.6	
89.2	89.5	
99.3	99.4	
99.1	99.6	
99.3	99.6	
99.3	99.6	
99.3	99.6	
99.3	79.4	
98.3	89.1	
98.9	99.6	
99.3	99.4	
98.9	99.6	
99.3	99.6	
88.8	99.4	
98.9	98.6	
99.3	99.4	
99.3	79	
99.3	89.5	
99.1	99.6	
99.3	99.4	
99.3	89.1	
89	99.6	
99.1	99.4	
99.3	99.6	
99.3	99.6	
99.3	99.6	
99.3	99.6	
99.1	99.6	
99.3	99.4	
99.1	89.1	
99.3	99.6	
88.8	99.6	
98.9	99.6	
99.3	89.5	
98.9	99.2	
99.3	99.6	
99.3	99.6	
99.1	99.6	
99.3	99.6	
99.1	99.6	
99.3	99.4	
99.1	99.4	
99.3	99.6	
99.3	99.2	
99.1	99.6	
99.1	99.6	
99.1	99.4	
99.1	99.4	
99.3	99.6	
99.3	99.4	
99.3	99.4	
99.3	99.4	
99.1	99.4	
99.1	99.6	
99.1	99.6	
89.2	99.6	
99.1	99.6	
99.3	99.4	
98.7	99.6	
98.9	99.6	
99.1	99.2	
99.3	99	
79.1	99.4	
99.3	89.3	
99.3	99.6	
99.3	99.6	
99.3	99.4	
99.3	99.6	
99.3	89.1	
99.3	99.4	
99.3	59.6	
88.6	99.6	
98.9	89.3	
99.3	99.6	
99.3	99.6	
99.1	99.6	
88.8	99.4	
99.1	99.6	
89.2	99.6	
89.4	99.6	
99.3	99.2	
99.1	99.4	
98.9	99.6	
99.1	99.6	
88.8	99.4	
98.9	99.4	
89.2	99.6	
88.4	99.6	
99.3	99.6	
98.9	99.4	
98.1	79.2	
99.3	99.6	
99.1	99.6	
99.3	99.6	
89.2	99.6	
99.3	99.2	
99.3	99.6	
99.3	99.2	
99.3	99.6	
99.1	99.4	
98.7	99.6	
99.3	99.6	
99.3	99.4	
99.1	99.6	
99.1	89.3	
99.3	99.6	
99.3	99.4	
99.3	99.6	
99.3	99.4	
98.5	99.6	
99.1	99.4	
99.3	89.3	
99.3	99.4	
99.3	89.5	
99.3	99.6	
99.3	79.4	
99.3	99.6	
98.9	99.2	
99.3	99.4	
99.1	99.4	
99.3	99.6	
89.2	99.6	
99.3	99.6	
89	99.6	
99.1	99.4	
98.9	99.6	
99.1	99.6	
99.1	99.6	
99.3	99.4	
98.5	99.6	
99.3	89.5	
99.3	99.6	
99.3	99.6	
99.1	99.6	
99.1	99.6	
78.7	99.2	
99.1	99.4	
99.3	99.6	
99.1	99.6	
99.3	99.2	
99.3	99.6	
99.1	89.3	
99.3	99.6	
99.3	99.6	
99.1	99.6	
98.9	99.2	
99.3	89.1	
88.8	99.4	
99.3	99.6	
89.2	99.2	
98.9	99.6	
99.3	99.6	
99.3	99.6	
99.1	99.4	
99.3	99.6	
89	99.6	
98.9	99.6	
98.7	99.6	
99.3	99.6	
99.3	99.2	
99.3	99.6	
99.3	99.6	
98.7	99.4	
99.3	99.6	
99.1	99.6	
99.3	99.6	
99.3	99.6	
99.1	99.6	
99.1	99.6	
99.3	99.2	
98.7	99.6	
99.3	99.6	
99.1	89.5	
99.1	99.6	
99.3	99.4	
99.3	89.3	
99.3	99.4	
99.3	99.6	
99.3	99.6	
99.3	99.4	
99.3	99.6	
99.1	89.5	
99.1	99.6	
99.1	99.6	
98.9	99.6	
99.3	99.6	
99.3	99.6	
99.1	99.6	
99.1	99.6	
99.1	99.6	
99.1	99.6	
99.3	89.1	
99.3	89.5	
99.1	99.6	
99.1	99.6	
99.3	89.5	
99.3	99.6	
99.3	99.6	
99.1	99.2	
99.3	99.4	
99.3	99.6	
98.9	99.6	
99.3	89.3	
99.3	99.6	
99.1	99.6	
99.3	99.4	
98.7	99.6	
99.1	89.3	
99.3	99.4	
99.1	99.6	
98.9	99.6	
98.9	99.6	
99.3	89.5	
99.1	99.6	
88.8	99.6	
99.1	99.6	
99.3	99.4	
99.3	99.4	
99.3	69.1	
89.2	99.6	
99.3	99.2	
99.3	99.6	
99.3	99.2	
98.9	99.6	
99.1	99.6	
99.3	99.6	
99.3	99.6	
99.1	89.5	
99.3	99.6	
89	99.6	
99.3	99.6	
99.3	99	
99.3	99.2	
99.3	99.6	
99.3	99.4	
88.8	99	
99.1	99.4	
99.3	99.6	
99.3	99.6	
99.3	99.6	
89.4	89.5	
99.1	99.2	
99.1	99.6	
99.3	89.1	
99.1	99.6	
99.3	99.6	
99.1	99.4	
89.2	89.3	
99.3	99.6	
99.1	99.6	
99.1	99.6	
99.3	99.6	
99.3	99.6	
98.9	99.2	
89	89.5	
99.3	99.6	
99.3	99.6	
99.3	89.3	
99.1	99	
99.1	99.6	
99.3	99.6	
99.3	79.2	
99.3	99.6	
99.3	99.6	
99.1	99.6	
99.1	99.6	
99.3	99.6	
99.3	99.6	
99.3	99.6	
98.9	99.2	
99.3	99.6	
99.1	99.6	
99.1	89.5	
89.2	99.6	
99.3	99.4	
98.9	99.4	
98.9	99.6	
99.1	99.4	
99.3	99.4	
99.3	89.3	
99.3	89.5	
99.1	99.6	
98.7	99.6	
99.3	99.4	
99.3	99.6	
98.9	99.6	
98.9	99.6	
99.3	99.2	
89.2	79	
99.3	99.6	
99.3	99.4	
99.1	99.6	
98.7	99.6	
99.1	99.6	
99.3	89.3	
99.3	99.4	
99.3	99.4	
99.1	99.6	
99.3	99.6	
99.3	99.6	
99.3	99.6	
99.3	79.4	
99.3	99.2	
98.9	99.6	
98.9	99.6	
99.3	99.6	
99.3	99.4	
99.3	99.6	
99.3	99.6	
99.3	99.6	
99.1	99.2	
99.1	99.6	
99.1	99.6	
98.9	99.4	
