88	99.2	
79.1	99.6	
99.3	99.6	
88.4	39.2	
98.9	99.4	
99.3	99.6	
99.1	99	
99.3	98.6	
98.5	99.2	
88	89.5	
98.9	99.4	
99.1	99.6	
99.3	99.4	
99.1	99.6	
79.1	99.6	
99.3	59	
99.3	99.6	
99.1	99.2	
99.3	69.3	
89	99.4	
89.4	89.7	
98.9	99.6	
99.1	99.6	
99.1	99.4	
99.3	99.6	
99.1	99.6	
89	99.6	
99.3	89.5	
99.3	99.6	
98.7	99.4	
99.3	89.7	
78.9	99.2	
89	99.6	
88.8	79.8	
99.3	88.9	
99.3	99.6	
99.1	89.3	
98.9	59.6	
88	99.2	
77.7	99.4	
98.9	89.7	
99.1	99.6	
98.5	99.6	
98.9	99.2	
99.3	79.6	
99.3	99.6	
89	99.4	
99.3	99.6	
99.3	99	
99.1	79.8	
89	99.2	
88.2	99.4	
89.4	99.6	
99.1	89.7	
98.5	99.6	
89	99	
99.3	89.3	
99.3	89.7	
78.3	99.6	
97.7	89.5	
98.5	99.2	
97.3	99.6	
89.4	99.6	
99.3	99.6	
99.3	99.6	
98.9	89.5	
89.2	99.4	
99.3	99.6	
88.2	99.6	
99.1	68.9	
98.9	69.3	
89.2	89.3	
88.4	89.5	
98.9	89.7	
89.4	99.6	
99.3	99.2	
99.3	99.2	
99.1	99.4	
98.9	99.4	
89	99.6	
99.1	99.4	
99.1	89.7	
98.5	99.6	
89.2	99.6	
89	99.6	
99.1	89.5	
99.3	89.7	
99.1	99.6	
99.3	79.8	
99.3	99.6	
99.3	89.1	
78.3	99.6	
89	99.6	
89.4	89.7	
99.1	89.7	
99.1	99.2	
99.1	99.6	
99.3	99.6	
99.1	99.6	
99.1	99.4	
98.9	99.4	
99.1	99.6	
99.1	99.4	
99.3	99.4	
88.8	99.4	
89	99.4	
99.3	99.2	
99.3	99.6	
99.1	28.9	
99.1	59.2	
98.9	99.4	
89.2	99.6	
99.3	99.6	
99.1	99.6	
98.7	99.6	
99.1	99.4	
58.1	99.6	
89.2	99.6	
99.1	89.1	
99.3	99.4	
99.1	99	
99.3	89.3	
89.2	99.4	
99.3	79.2	
98.9	99.4	
98.9	99.4	
99.1	99.6	
99.1	99.6	
99.1	99.4	
98.7	99	
99.3	99.6	
99.1	99.6	
99.1	99.6	
98.9	99.6	
99.3	89.3	
99.3	99.6	
78.1	89.3	
98.7	99.4	
98.5	99.6	
99.1	99.6	
98.9	99.4	
78.5	89.5	
88.4	59.6	
99.1	99.6	
99.1	99.6	
89	99.6	
99.1	99.2	
69.4	89.3	
88.4	99.4	
99.3	99.4	
98.9	79.4	
99.1	99.6	
99.3	89.3	
89.2	99.6	
99.1	99.6	
96.9	99.6	
99.1	99.4	
98.9	99.6	
99.3	99.4	
99.3	99.6	
89	99.4	
98.9	99.2	
78.7	99.6	
99.3	89.5	
99.1	99.2	
68	99.6	
79.1	99.6	
98.9	89.3	
98.9	99.6	
99.1	99.6	
89	99.6	
99.3	89.1	
89	99.6	
89.2	99.2	
89	99.6	
88.8	89.7	
89.2	99.6	
99.1	78.8	
99.3	99.6	
98.5	99.2	
78.7	99.4	
99.3	99.6	
98.9	99.6	
89	99.4	
97.9	99.6	
98.5	99.6	
88.4	99.6	
98.7	89.7	
99.3	89.7	
99.1	99.6	
99.1	98.6	
89	99.4	
99.1	99.6	
89	99.4	
98.7	88.7	
88.8	69.7	
98.7	99.6	
98.5	99.6	
87.4	99.6	
89.2	99.4	
98.9	79.4	
99.3	99.4	
99.3	99.6	
99.1	78.6	
99.3	99.6	
98.1	99.6	
89.4	99.6	
99.1	99.6	
89.2	99.4	
98.9	89.5	
89.2	99.6	
99.3	99.2	
99.3	99.6	
98.9	99.6	
89.2	99.6	
99.1	89.5	
98.7	99.6	
99.3	99.6	
78.1	99.6	
89.2	99.6	
99.1	99.4	
99.3	68.9	
67.8	99.4	
98.7	99.4	
99.3	99.6	
99.1	99.6	
88.8	99.2	
98.7	99.6	
97.7	99.4	
99.1	99.4	
99.3	89.3	
99.3	89.5	
99.3	99.6	
98.7	99.6	
99.1	89.5	
98.7	79.8	
88.8	99.6	
99.1	99.6	
99.3	99.4	
89.2	99.2	
88.8	89.3	
99.1	99.4	
98.7	89.7	
89.2	99.6	
98.7	68.9	
99.3	99.6	
98.7	89.5	
99.1	99.6	
98.9	99.2	
98.5	99	
99.1	99.6	
98.7	99.4	
98.5	99.6	
98.9	79.4	
99.1	99.6	
99.3	89.5	
99.3	89.7	
98.7	99.6	
98.9	99.6	
88.8	99.6	
88.8	99.2	
89	99.6	
98.9	89.5	
99.1	89.3	
98.9	99.4	
89.2	98.6	
99.3	99.4	
88.6	89.3	
99.3	99.4	
78.7	99.6	
88.6	99	
99.1	99.6	
79.1	99.6	
99.1	89.3	
98.5	99.6	
98.9	99.6	
99.3	79.2	
89.4	99.6	
78.9	99.6	
89.2	89.5	
98.9	99.6	
98.5	99.6	
98.9	99.6	
99.3	79.4	
99.3	99	
99.1	99.4	
99.1	99.6	
98.9	99.6	
88.6	99.6	
99.3	99.4	
89.2	99.6	
99.3	99.6	
99.3	99.6	
98.7	99.4	
77.7	99.4	
98.9	99.6	
78.5	99.6	
99.3	99.6	
99.3	89.1	
99.3	99.6	
89.2	89.7	
88.2	89.5	
99.3	99.6	
99.1	99.6	
99.1	99.4	
88.6	99.4	
99.1	89.5	
99.3	99.2	
99.1	99.6	
99.1	89.3	
89	99.6	
99.1	89.1	
99.3	69.1	
99.3	89.5	
89.2	99.6	
99.3	99.6	
99.1	99.6	
98.7	99.6	
98.9	99.4	
98.5	99.6	
98.7	89.3	
88.6	89.5	
89.2	99.4	
99.3	99.4	
98.9	89.5	
98.7	99.4	
89.4	89.1	
99.3	99.6	
99.3	89.7	
99.3	99.6	
99.3	98.6	
99.1	89.3	
99.3	99.6	
98.7	99.6	
89	99.6	
99.3	69.7	
98.9	99.6	
99.3	99.6	
88.6	99.4	
98.7	99.6	
99.3	99.6	
99.1	99.6	
99.3	99.4	
99.1	99.2	
99.1	99.6	
89.2	99.6	
89	99.6	
98.9	99.6	
98.7	99.6	
89.2	89.5	
89.2	99.6	
99.3	99.6	
98.7	99.6	
98.9	99.4	
98.5	79.4	
79.3	99.4	
98.9	99.4	
89	99.6	
78.3	99.6	
89.4	99.4	
98.9	98.6	
98.5	79.8	
99.3	99.6	
99.1	99	
89.4	99.6	
99.1	99.6	
88.8	99.4	
99.3	99.6	
98.9	99.6	
99.1	99.2	
99.1	89.5	
98.7	99.6	
99.3	99.6	
98.7	99.6	
98.5	99.6	
68.4	59.2	
98.9	69.3	
89.2	99.6	
99.1	99.6	
99.3	89.5	
68	89.5	
99.3	89.7	
99.1	99.6	
98.7	99.6	
99.1	99.4	
98.7	69.3	
99.1	99.4	
99.3	69.1	
89.2	99.4	
89.4	89.7	
99.1	99.6	
89.2	99.4	
99.1	99.4	
98.7	99.6	
89.4	89.3	
89.4	99.6	
98.9	99.6	
99.3	99.6	
98.9	99.6	
99.3	99.6	
99.3	89.5	
97.5	99.6	
98.7	99.6	
98.7	89.7	
98.9	89.3	
99.3	99.2	
99.1	99.2	
79.3	99.6	
99.3	99.6	
89.2	99.4	
98.9	99.6	
88.6	89.3	
99.3	99.6	
99.3	99.2	
89.2	89.3	
99.3	99.6	
99.3	89.1	
98.5	99.6	
99.3	99.6	
68.6	99	
99.1	89.5	
97.5	89.5	
99.3	89.7	
78.9	89.3	
99.1	99.4	
88.8	89.3	
98.9	99.6	
99.3	99.6	
58.3	99.4	
99.1	89.1	
78.9	99.6	
79.1	99.6	
98.9	99.2	
98.9	99.4	
99.3	99.6	
98.9	99.6	
99.3	99.6	
88.8	99.6	
99.3	89.5	
98.9	99.2	
88.8	99.4	
99.1	99.6	
98.9	88.9	
98.7	89.3	
89.2	99.4	
89	99.4	
99.3	99.4	
99.3	99.6	
98.9	89.5	
99.3	89.5	
88.4	89.5	
98.9	89.5	
88.8	99.6	
89.2	99.6	
99.1	79.8	
98.5	99.6	
88.8	99.6	
99.3	89.7	
88.8	99.6	
99.1	99.6	
99.1	99.6	
99.3	99.6	
98.3	99.6	
88.8	99.6	
89	89.5	
98.1	59.4	
98.5	99.4	
98.9	99.6	
99.1	99.4	
89.4	79.2	
89	79.2	
99.3	99.6	
99.3	89.3	
89	89.7	
98.7	99.4	
99.3	79.6	
89.2	99	
98.9	99.6	
99.1	99.6	
88.8	99.6	
88.4	99.4	
99.1	89.5	
99.3	99.4	
98.7	99.6	
98.9	99.6	
98.9	89.7	
99.1	89.5	
99.3	99.6	
99.1	89.1	
97.9	99.4	
98.5	99.4	
98.7	99.6	
98.3	99.6	
99.3	99.2	
99.3	99.4	
99.1	99.4	
99.3	99.4	
99.3	99.6	
88.8	99.6	
87.6	99.4	
