98.9	89.7	
99.3	89.5	
99.3	89.7	
99.3	89.7	
99.3	89.5	
99.3	89.7	
89.2	49.5	
99.3	89.1	
99.1	28.9	
99.1	89.7	
89.4	79.2	
98.9	79.6	
98.9	58.6	
99.3	79.6	
99.1	89.7	
89.2	89.7	
89	89.7	
98.9	79.4	
99.3	79.4	
98.7	89.3	
98.5	89.7	
99.3	89.5	
98.9	79.4	
99.1	89.7	
99.1	89.7	
99.3	79.4	
99.3	79.6	
98.9	89.5	
99.3	68.5	
99.1	89.5	
89.4	89.7	
99.3	79.6	
89.2	89.7	
99.3	89.7	
99.1	89.7	
79.1	79	
89	89.3	
98.3	69.3	
99.3	89.7	
99.3	89.7	
98.5	89.5	
99.3	59.6	
99.1	89.5	
99.3	89.7	
99.3	89.5	
99.1	89.7	
99.1	89.7	
99.3	79.4	
99.3	79.6	
89.2	89.7	
99.1	89.7	
99.3	89.7	
99.3	89.7	
98.9	89.7	
98.9	89.7	
99.3	89.7	
99.3	89.5	
99.3	79.4	
99.3	89.7	
99.1	79.6	
98.9	59.6	
89.4	89.7	
88.8	79.6	
99.3	89.7	
88.2	89.7	
99.1	89.5	
99.1	79.6	
99.3	49.3	
99.3	89.7	
98.7	69.1	
99.3	89.5	
99.3	89.7	
99.1	89.7	
98.7	89.7	
89	89.7	
98.9	79.6	
89	89.7	
99.3	89.7	
99.1	79.4	
98.7	89.7	
99.1	79.6	
98.7	89.7	
89.2	79	
99.3	89.7	
99.3	89.7	
98.3	79.4	
99.1	69.7	
99.3	89.7	
99.3	79.4	
99.3	59.4	
99.3	89.7	
98.9	89.7	
99.3	89.1	
99.1	59.4	
99.3	89.5	
88.8	89.7	
99.3	89.7	
99.1	79.6	
99.3	69.5	
99.1	79.2	
99.1	89.7	
98.7	89.7	
99.1	89.7	
99.1	89.7	
99.3	89.7	
99.3	89.5	
99.3	79.6	
89.4	89.7	
99.3	79.6	
99.3	89.7	
99.3	89.7	
88.8	79.6	
99.3	89.7	
99.3	79.6	
98.9	89.3	
99.1	89.7	
99.3	89.7	
98.9	89.3	
98.9	89.5	
99.3	89.7	
99.3	89.3	
99.3	89.7	
99.3	89.7	
99.3	89.5	
89	79.4	
99.3	89.7	
99.1	79.6	
99.1	89.7	
69	78.6	
99.3	89.7	
99.3	89.7	
99.1	89.5	
99.3	79.6	
89.4	89.7	
89.2	89.7	
99.1	89.7	
99.3	89.7	
99.3	79.4	
99.3	79.6	
99.3	89.7	
99.1	79.6	
89.2	89.7	
98.5	69.3	
99.3	79.4	
99.1	89.7	
98.7	79.6	
99.3	79.6	
89.4	89.1	
99.1	89.7	
99.1	79.6	
99.3	89.3	
89.2	89.5	
89.2	79.6	
89.2	89.5	
99.3	89.3	
99.3	89.5	
98.9	89.7	
98.9	79	
99.3	89.7	
99.3	79.6	
99.3	89.7	
99.3	89.7	
99.3	89.7	
98.9	89.7	
98.9	69.7	
78.1	59.4	
99.3	79.4	
99.1	89.7	
99.1	89.7	
99.3	79.6	
98.9	79.6	
99.3	89.7	
99.3	89.7	
99.3	89.5	
98.7	89.7	
99.3	89.7	
99.3	79.4	
99.3	89.7	
99.1	79.4	
99.1	89.7	
99.1	79.6	
98.9	89.7	
78.5	79.2	
99.3	89.7	
99.1	89.5	
99.3	89.1	
99.3	79.4	
99.3	89.7	
99.3	89.7	
98.5	79.2	
99.3	79.4	
99.3	89.7	
89	89.1	
98.7	89.5	
98.5	79.6	
99.3	89.7	
99.1	89.5	
99.3	79.6	
99.1	89.3	
89.4	79.4	
99.3	69.7	
99.1	89.7	
99.3	89.5	
99.3	79.4	
99.1	69.5	
99.1	59.6	
99.1	89.7	
99.3	89.7	
99.1	89.7	
99.1	89.7	
99.1	89.7	
99.3	89.5	
98.9	89.7	
99.3	89.7	
99.1	89.7	
99.1	69.3	
99.1	79.6	
89.4	89.7	
99.1	88.9	
99.1	89.7	
98.7	79.6	
99.1	89.5	
99.1	89.7	
99.3	89.5	
96.3	89.7	
99.1	89.7	
99.3	89.7	
78.1	79.4	
99.1	89.5	
89.4	89.7	
99.1	89.5	
98.5	89.7	
99.3	89.7	
99.3	89.7	
99.1	89.7	
88.6	89.7	
98.7	89.3	
88.8	89.5	
98.7	89.5	
99.3	89.7	
98.9	89.7	
99.3	79.6	
89.4	69.5	
99.3	89.7	
99.1	79.4	
98.7	79.4	
99.3	79.6	
98.7	79	
98.9	89.7	
99.3	89.7	
98.5	89.7	
99.3	89.7	
98.7	79.2	
99.1	89.7	
99.3	89.7	
99.3	89.7	
99.3	89.7	
99.3	89.3	
99.3	89.7	
99.3	89.5	
99.3	89.5	
99.1	89.7	
99.3	89.7	
99.3	89.5	
99.1	89.7	
99.3	89.5	
99.1	89.7	
99.3	79.6	
99.3	89.5	
99.1	89.7	
99.1	79.6	
99.3	79.4	
89.4	89.5	
98.9	69.5	
99.1	89.5	
99.1	29.5	
99.3	89.7	
98.3	89.7	
99.1	69.5	
99.1	89.7	
98.9	89.3	
99.3	89.7	
99.1	99.6	
98.9	89.5	
99.3	79.6	
99.3	89.7	
98.7	89.7	
88.8	89.7	
99.1	89.7	
99.3	89.7	
99.3	69.5	
99.3	79.2	
99.1	89.5	
98.7	89.3	
88.8	49.7	
99.3	89.5	
99.3	79.6	
99.3	89.5	
99.1	89.3	
99.1	89.5	
99.1	89.7	
99.3	89.7	
99.3	89.7	
89.4	89.7	
99.3	89.5	
99.1	79.6	
89.2	79.6	
89.2	69.5	
99.3	89.7	
99.1	89.7	
99.3	89.5	
98.9	89.7	
98.9	89.7	
99.1	89.7	
89.4	89.5	
99.3	89.3	
99.3	79.2	
99.1	89.7	
99.1	89.7	
89.4	89.7	
99.3	69.7	
99.3	78.8	
99.3	89.7	
88.8	89.7	
99.3	89.3	
89.4	89.5	
99.3	59	
99.3	89.7	
99.3	89.7	
98.9	79.2	
99.3	89.5	
99.3	89.5	
99.3	89.7	
99.1	89.5	
98.5	79.6	
99.3	89.7	
99.1	69.5	
99.1	89.5	
99.3	89.7	
89.4	79.4	
99.3	89.5	
99.3	79.6	
88.6	89.7	
99.1	89.7	
99.3	89.3	
99.3	89.7	
98.9	89.7	
98.7	79.2	
99.3	89.1	
88.6	89.5	
99.1	79.6	
99.3	79.4	
99.1	89.5	
89.4	89.7	
89	69.7	
98.7	79.4	
98.9	79.6	
99.3	89.7	
99.1	89.7	
98.9	89.7	
89.2	89.3	
99.1	79.4	
99.1	89.7	
89	89.7	
99.3	79.4	
99.3	89.5	
99.3	89.7	
99.1	48.3	
99.1	89.7	
98.9	89.7	
99.3	89.7	
99.3	79	
99.1	89.7	
99.3	79.4	
98.9	89.7	
99.1	89.7	
99.3	79.4	
99.3	79.4	
88.8	89.7	
99.3	89.5	
98.9	69.7	
99.1	88.9	
98.7	89.7	
99.3	89.7	
99.3	89.7	
98.7	89.3	
88.6	69.7	
99.1	79.4	
88.6	79.6	
99.1	89.5	
98.9	89.7	
98.7	89.1	
99.3	89.7	
99.1	69.7	
99.1	89.7	
99.1	89.7	
98.9	89.7	
99.3	89.3	
99.3	89.5	
98.5	89.7	
99.3	79.6	
99.3	89.7	
99.3	89.7	
99.1	89.5	
99.3	49.3	
89.2	79.4	
99.1	89.7	
99.1	89.7	
78.7	89.7	
99.3	89.3	
99.1	89.7	
99.1	89.3	
99.1	59.4	
99.1	69.3	
89	89.1	
99.3	89.5	
99.3	89.7	
98.7	69.5	
99.1	79.6	
89	79.2	
99.1	89.5	
98.9	89.5	
99.1	89.7	
99.3	89.7	
89.4	89.7	
98.9	89.7	
99.3	89.5	
99.3	89.5	
99.3	79.4	
89	89.7	
99.1	89.7	
89	79.2	
98.9	79.6	
99.3	88.7	
98.9	89.7	
88.8	79	
89.2	89.7	
98.9	89.1	
99.3	89.7	
78.9	89.7	
99.1	89.7	
89	89.7	
98.5	89.7	
99.3	89.7	
99.3	89.7	
99.3	89.7	
99.1	89.7	
99.1	89.5	
98.7	89.3	
99.3	89.7	
98.9	79	
99.3	89.7	
99.3	89.7	
99.3	89.7	
99.1	79.6	
99.1	89.7	
99.3	88.9	
89	69.7	
99.3	89.7	
99.3	89.5	
98.7	89.5	
99.1	89.7	
99.3	89.7	
99.3	89.7	
99.1	89.5	
99.3	89.7	
99.1	89.7	
98.5	89.7	
99.1	69.5	
98.7	89.7	
99.1	89.7	
88.6	89.7	
99.3	89.7	
99.1	89.7	
99.3	89.7	
99.3	59.6	
99.3	89.5	
88.8	79.6	
98.9	88.9	
99.1	89.7	
98.3	89.5	
99.1	79.2	
99.3	89.7	
99.3	89.7	
98.9	89.5	
99.1	89.7	
89.2	89.7	
99.1	89.7	
89.4	89.7	
99.1	89.7	
99.3	89.7	
98.9	89.5	
99.1	89.5	
99.3	89.7	
99.1	89.5	
98.5	89.7	
99.1	89.3	
88.8	89.7	
99.1	89.7	
89.2	79.8	
99.3	79.6	
99.3	89.7	
99.1	79.8	
99.1	59.4	
98.9	89.7	
99.1	79.6	
99.3	89.7	
99.3	79	
99.1	89.7	
98.9	89.7	
99.3	89.5	
99.3	69.3	
99.3	89.5	
99.1	89.5	
98.7	79.4	
99.3	89.5	
99.1	89.7	
89	89.3	
99.1	89.7	
98.9	89.7	
89.4	89.5	
98.9	69.5	
98.7	89.3	
98.9	89.7	
99.3	39.4	
99.3	89.7	
88.6	89.7	
89.4	69.7	
99.1	89.1	
89.4	89.7	
89	89.7	
99.3	79.8	
99.1	89.7	
99.3	69.3	
99.3	89.7	
99.1	69.5	
99.3	89.1	
99.3	79.6	
99.3	69.7	
98.9	89.7	
99.3	89.3	
99.1	89.7	
98.7	89.5	
99.1	89.7	
99.3	89.7	
99.1	78.8	
79.1	89.7	
99.3	89.7	
99.3	89.5	
99.1	89.5	
99.3	89.5	
99.1	89.7	
99.3	89.1	
98.9	79	
99.3	89.5	
89.4	79.8	
99.3	89.7	
99.3	89.7	
98.9	89.5	
99.3	29.5	
98.7	89.7	
98.9	89.7	
99.3	89.5	
99.3	89.7	
99.1	59.6	
99.3	79.6	
99.3	89.7	
99.1	89.5	
99.3	89.5	
99.3	89.3	
98.3	79.6	
99.3	79.6	
98.9	89.7	
98.9	89.1	
99.3	89.3	
98.9	79.6	
88.8	89.7	
99.3	89.5	
99.3	79.6	
99.1	89.7	
99.1	89.7	
99.3	89.5	
99.3	89.7	
88.6	89.3	
98.9	89.7	
98.7	89.7	
98.9	69.5	
98.7	79.6	
88.8	89.7	
99.3	89.5	
99.3	89.7	
98.5	89.5	
98.9	89.7	
98.7	89.5	
99.1	89.7	
99.3	89.7	
98.9	79.4	
99.1	89.5	
89.2	69.5	
99.3	89.7	
99.1	89.7	
99.3	89.7	
98.9	89.5	
99.1	89.3	
99.1	88.7	
99.1	89.1	
98.9	89.5	
98.9	89.7	
99.3	89.3	
99.3	79.6	
99.3	89.7	
99.3	89.7	
99.1	89.7	
98.9	78.6	
99.3	89.7	
99.1	89.7	
98.9	89.7	
99.3	69.7	
99.3	89.7	
99.3	89.7	
89.4	89.5	
99.3	89.5	
99.1	89.3	
99.3	89.7	
99.3	89.7	
89	79.2	
99.3	69.1	
99.3	59.6	
98.9	89.7	
98.9	89.7	
89.4	89.7	
99.3	89.7	
99.3	89.7	
98.5	58.2	
99.1	89.7	
89.4	89.7	
99.3	89.7	
99.1	89.7	
98.5	69.3	
99.3	89.3	
79.1	89.7	
99.1	89.7	
88.6	89.7	
99.3	89.7	
99.1	89.7	
89	89.5	
98.9	79.4	
99.1	89.3	
99.1	79.6	
99.1	89.5	
99.1	89.7	
99.3	89.7	
88.4	88.9	
99.1	89.7	
99.1	89.7	
99.3	69.7	
98.7	89.7	
89.4	89.7	
99.3	89.7	
99.3	89.7	
99.3	89.7	
99.1	89.7	
99.1	89.7	
98.9	89.7	
99.3	89.3	
99.1	79.8	
99.1	89.5	
88.4	89.1	
89	79.4	
88.8	89.5	
99.1	59	
99.1	69.3	
99.3	59.4	
99.3	89.7	
99.3	79.2	
99.3	89.3	
99.3	89.5	
99.1	89.7	
98.9	79.6	
98.7	89.7	
99.3	79.8	
99.3	89.7	
89.4	79.2	
99.1	89.7	
99.1	49.7	
99.3	89.7	
99.1	79.6	
99.1	89.7	
98.7	89.3	
99.3	89.5	
89.4	89.7	
99.3	89.7	
98.9	89.5	
99.3	89.7	
98.9	89.7	
99.1	89.7	
98.9	89.3	
98.7	89.5	
98.9	89.7	
98.7	89.3	
99.3	89.7	
99.1	89.5	
99.1	89.7	
99.3	89.7	
88.8	89.5	
99.3	79.4	
99.3	89.7	
99.3	89.7	
98.9	79.4	
99.3	89.5	
99.1	89.7	
99.3	88.9	
98.7	89.7	
99.3	89.7	
99.3	89.7	
99.3	89.7	
88.6	89.7	
99.1	79.6	
89.4	59.4	
99.3	79.6	
88.6	89.5	
98.9	89.7	
99.3	89.7	
89.4	89.5	
99.3	59.6	
97.9	79.2	
99.1	89.7	
98.9	89.7	
99.3	89.7	
98.5	79.4	
89	89.5	
98.5	89.7	
99.3	79.6	
89.2	88.9	
99.1	89.7	
99.3	89.7	
99.1	89.7	
99.3	89.7	
99.3	89.3	
89	89.7	
98.7	89.7	
99.1	89.7	
99.3	89.7	
89.4	89.7	
99.3	69.7	
99.1	89.7	
89.2	89.7	
99.3	89.1	
99.3	89.7	
99.3	69.7	
99.1	89.7	
99.3	89.5	
98.9	89.7	
99.1	79.2	
99.1	49.3	
89	79.2	
99.1	59.6	
99.1	89.7	
89	89.7	
99.1	89.7	
99.1	89.7	
89	89.7	
99.3	89.7	
98.9	89.7	
99.3	89.5	
98.9	89.3	
99.1	69.7	
89.2	69.5	
89.4	89.7	
99.3	79.4	
99.1	89.7	
99.3	89.7	
99.3	89.7	
99.3	89.7	
99.1	89.5	
89.2	79.6	
98.1	89.3	
89.2	89.5	
99.1	79.6	
88.6	89.3	
99.1	89.7	
99.3	89.5	
89.4	79.4	
99.3	89.3	
98.9	89.3	
98.1	79.6	
99.3	89.7	
99.1	89.7	
99.3	78.8	
98.9	79.6	
98.7	79.6	
99.3	89.7	
98.9	69.5	
89.4	68.5	
99.3	89.7	
99.1	89.7	
99.3	89.7	
98.9	79.4	
99.3	88.7	
99.3	89.7	
98.9	69.5	
99.3	89.5	
99.1	89.5	
98.9	79.4	
99.1	89.5	
99.1	89.7	
99.3	79.6	
99.1	89.7	
99.3	79.6	
98.3	89.7	
99.3	69.7	
99.1	39.2	
99.1	89.7	
98.9	88.9	
89	89.7	
98.7	79.6	
98.9	89.7	
99.3	89.7	
99.1	89.7	
98.9	89.7	
99.1	89.7	
99.1	89.7	
99.3	89.7	
99.1	89.7	
99.3	89.7	
99.3	89.7	
99.3	69.7	
99.3	89.7	
99.1	89.7	
99.3	89.7	
99.1	89.7	
99.3	89.5	
98.9	89.7	
98.9	89.7	
89.4	89.5	
88.8	89.5	
99.3	89.1	
98.9	89.7	
99.1	79	
88.4	89.5	
99.1	89.5	
98.9	89.1	
99.1	89.7	
99.3	79.6	
99.1	89.7	
99.3	89.7	
98.9	79.6	
99.1	89.5	
99.1	69.3	
98.9	89.7	
99.3	89.7	
99.3	89.7	
98.7	79.6	
99.1	89.7	
89.4	89.7	
88.8	89.5	
99.3	79.6	
99.3	59.4	
99.1	89.7	
98.9	89.7	
99.1	89.7	
99.1	89.7	
99.3	89.5	
98.9	69.5	
99.3	69.7	
78.7	89.7	
88.8	89.5	
79.1	89.7	
88.8	89.7	
99.1	89.5	
99.3	89.7	
99.3	89.7	
89	79.4	
98.9	89.7	
99.1	89.7	
98.9	89.3	
98.9	89.5	
99.3	89.7	
98.9	89.7	
99.3	79.6	
99.3	89.5	
99.3	89.7	
99.1	89.7	
89.2	59.4	
99.1	89.7	
98.5	79.6	
98.9	78.6	
99.3	69.5	
99.3	89.7	
98.9	89.7	
98.7	89.7	
97.9	89.7	
98.5	79.6	
99.1	89.7	
99.1	89.1	
89.2	89.7	
89.4	89.5	
99.3	89.7	
98.9	39	
98.9	89.7	
89.4	79.2	
98.9	89.7	
99.3	89.7	
98.7	89.3	
99.3	89.5	
99.3	89.7	
98.5	79.6	
88.4	89.7	
99.3	68.7	
99.1	89.7	
99.1	89.7	
99.3	89.7	
99.3	79.6	
99.3	89.7	
99.3	89.7	
99.1	89.7	
99.3	79.4	
98.5	89.5	
99.1	89.7	
98.9	89.7	
99.3	89.7	
99.3	89.7	
99.1	89.7	
99.3	89.5	
99.1	79.6	
98.7	79.2	
99.1	89.7	
98.9	89.7	
99.3	88.9	
99.3	89.5	
98.9	89.7	
89.2	89.7	
99.3	89.7	
98.7	89.5	
99.1	89.7	
98.9	89.7	
99.1	89.7	
99.1	89.7	
89	89.7	
99.1	59	
99.1	89.7	
99.3	89.7	
99.3	89.5	
99.1	89.7	
99.1	89.7	
99.3	89.7	
99.3	89.7	
99.3	79.4	
99.1	89.7	
99.3	68.7	
99.3	89.5	
89.4	89.7	
98.9	89.7	
99.1	89.7	
98.7	89.7	
99.1	19.2	
99.1	89.7	
99.1	89.7	
99.3	89.1	
89.2	89.7	
99.3	89.7	
99.1	79.6	
98.9	79.6	
99.3	89.5	
89.2	89.3	
78.9	89.7	
99.3	89.3	
89.4	89.7	
99.3	89.7	
99.1	89.7	
99.3	89.7	
99.3	89.5	
99.3	88.5	
99.3	89.5	
99.3	89.5	
99.3	89.7	
99.3	89.7	
98.9	69.5	
99.3	79.6	
99.3	89.7	
98.9	89.7	
99.3	89.7	
88.4	89.3	
88.6	89.7	
99.1	89.7	
99.3	89.5	
99.3	89.7	
98.5	79.4	
99.1	59.4	
89.4	79.4	
89	89.5	
99.1	79.4	
88.2	89.7	
99.3	89.5	
79.1	89.7	
99.3	89.7	
99.1	89.7	
89.4	89.7	
99.1	89.7	
98.9	79	
