99.3	99.4	
98.9	99.4	
99.1	99.6	
89.2	88.7	
77.3	99.6	
89.2	99.6	
99.1	98.4	
99.1	48.9	
89.2	89.1	
88.6	89.3	
78.1	69.7	
98.7	59.6	
88.4	88.7	
99.3	89.1	
89.4	89.3	
99.3	89.5	
79.1	89.7	
98.7	99.2	
68.6	89.5	
98.9	89.1	
99.1	89.5	
97.5	99.6	
99.1	69.1	
99.3	89.7	
98.9	99.4	
78.9	79	
89.2	79.6	
99.1	89.3	
88.4	99.4	
98.9	89.7	
99.3	99	
99.1	99.6	
99.1	99.4	
99.1	99.4	
98.9	99.4	
98.9	99.6	
99.1	89.3	
88.8	88.9	
98.3	99.4	
99.1	99.6	
98.9	99.4	
88.8	89.1	
99.3	99.4	
98.7	99.6	
99.1	79	
99.3	98.4	
89	99.4	
99.3	99.6	
98.9	98.8	
98.9	89.5	
98.9	99.6	
99.3	78.8	
88.8	89.5	
98.9	99.6	
98.9	79.6	
99.1	79.6	
99.3	99.6	
98.7	99.2	
78.3	99.4	
88.8	89.5	
98.9	99.2	
89	89.7	
89	88.3	
88.6	59.6	
26.8	99.6	
98.3	99	
78.7	99.6	
98.9	99.6	
89	89.7	
97.7	99.6	
98.9	99.2	
66.6	99.6	
97.9	59.4	
99.3	99.6	
98.9	99.4	
77.5	89.3	
88.8	99.6	
98.7	99.6	
98.7	89.7	
89	-21	
99.1	79.2	
97.1	99.6	
99.1	99.6	
98.5	99.2	
98.7	89.3	
98.3	99.4	
98.9	99.6	
88.6	89.3	
97.9	99.6	
67.6	99.6	
99.1	89.7	
88.6	89.5	
99.1	89.5	
88.8	99.2	
78.7	98.8	
98.9	99.4	
78.3	79.6	
88.6	99.2	
98.1	99.4	
99.3	99.2	
99.1	99.6	
98.7	68.1	
98.7	99.6	
98.9	99.6	
88.6	99.2	
88.6	99.4	
88.2	99.4	
99.1	99.4	
99.3	99.6	
89.2	99.4	
98.5	99.4	
87.8	79.6	
78.5	69.3	
89.2	99.6	
89.4	99.6	
99.3	89.1	
99.1	89.7	
78.5	99.2	
98.3	89.7	
99.1	88.7	
98.5	99.6	
97.1	99.6	
98.9	59.6	
98.1	99.6	
87.8	79.6	
99.1	99.6	
99.3	99.2	
88.6	99.4	
99.1	69.7	
89	89.5	
89.2	89.5	
78.5	79.2	
99.1	99.6	
98.7	89.5	
99.3	99.6	
98.3	99.6	
88.6	99.6	
88.8	69.5	
98.9	99.2	
98.7	99.2	
99.3	99.4	
99.3	99.4	
78.9	79.2	
99.1	89.7	
98.1	99.6	
88.8	69.5	
98.9	79.6	
87.6	99.2	
98.7	99.4	
98.9	99.6	
98.5	69.5	
78.7	99.6	
88	88.9	
96.9	99	
98.5	99.6	
98.7	99.6	
98.7	89.1	
77.7	99.4	
99.3	89.5	
79.1	99.4	
99.3	79	
89.2	99.4	
89	99.6	
99.1	89.7	
98.9	99.2	
99.1	99.6	
89.2	59.2	
96.9	99.4	
89.2	99.4	
88.4	99.4	
99.1	99	
98.7	99.4	
89.2	99.4	
99.1	89.7	
87.6	99.4	
98.9	79.8	
89.4	89.5	
78.5	99.4	
99.1	99.2	
88.6	89.7	
98.5	89.1	
99.1	89.1	
68	99.4	
98.5	99.4	
98.7	89.5	
67	99.4	
98.9	99.4	
88.6	99.6	
99.1	88.9	
88.8	99.6	
99.1	99.4	
89.2	98.8	
98.9	89.7	
99.1	89.3	
89	99.4	
98.1	99.6	
98.9	89.7	
98.9	99	
98.7	99.4	
98.7	89.1	
88.4	89.5	
99.1	99.6	
99.1	69.3	
99.3	79	
87.6	99.2	
99.1	87.7	
57.7	99.6	
99.1	79.6	
87.2	99.4	
99.1	99.4	
98.1	99.6	
98.1	99.6	
88.8	79.4	
98.5	99	
98.9	69.3	
88.4	78.2	
89	99.6	
89.2	99.6	
98.5	99.6	
88.6	99.4	
98.3	99.6	
68.4	78.6	
98.7	89.5	
99.3	98.8	
98.9	99.6	
98.5	89.7	
68.4	99.6	
99.1	99.4	
67.4	99.2	
79.1	89.5	
98.1	89.5	
78.9	99.6	
88.8	88.9	
98.1	99.4	
97.5	99.2	
99.1	99.2	
88.8	99.6	
99.3	59.2	
99.1	99	
89	99.4	
98.5	99.2	
88.6	99.6	
98.5	99.2	
99.1	99.6	
98.9	89.3	
98.7	89.1	
89	99.4	
87.8	89.1	
88.8	99.6	
79.1	99.6	
88.8	89.3	
77.3	99.6	
88.4	99.4	
98.3	99.6	
98.5	99.4	
88.6	99.4	
99.1	99.6	
88.6	99.6	
98.9	99.4	
97.9	99.6	
99.1	99.6	
98.9	89.5	
88.6	99.6	
89	89.3	
77.3	99.2	
98.7	99.6	
78.1	69.7	
88.6	79.2	
99.1	99.2	
88.2	99.4	
88	99.2	
98.1	99.4	
99.1	99.6	
99.1	89.1	
78.9	89.3	
99.1	98.8	
89	99.6	
78.5	99	
77.9	99.6	
99.3	99.4	
99.3	98.4	
98.9	88.7	
78.3	99.2	
98.5	99.4	
98.7	88.9	
98.3	89.5	
99.3	98.8	
78.5	99.6	
97.9	99.6	
79.1	89.3	
99.1	88.7	
99.1	99.4	
66.2	99.6	
98.7	99.6	
98.9	89.1	
87.8	99.6	
98.9	78.6	
58.9	99.2	
89.4	99.6	
98.7	99	
98.7	69.1	
88.8	99.6	
99.1	89.3	
68.8	99.6	
97.7	89.5	
78.9	89.7	
88.6	99.6	
77.9	99	
99.1	99.4	
99.3	89.5	
99.1	89.5	
99.3	89.3	
89.2	99.6	
88.4	99.6	
89	98.8	
88.6	99.2	
99.1	88.5	
99.1	99.6	
89.2	89.7	
99.1	99.4	
88.8	79.2	
98.9	99.6	
99.1	99.6	
98.9	99.4	
97.9	89.1	
98.9	99.6	
98.5	99.4	
78.7	89.5	
99.1	99.6	
89	99.6	
88.8	99.4	
99.1	98.8	
99.1	99.6	
98.9	89.3	
98.5	99.2	
87.8	99.6	
98.9	99.6	
99.3	89.5	
98.9	99.2	
98.5	99.6	
79.5	99	
98.7	89.7	
89.2	88.9	
98.3	99.4	
99.3	99.4	
89.4	99.4	
78.7	99.6	
98.9	89.1	
79.3	99	
97.9	89.5	
98.5	48.9	
88.4	89.7	
99.3	99.4	
89	99	
98.7	89.7	
99.3	99.6	
99.3	99.6	
98.1	99.6	
99.3	89.5	
98.9	99.6	
68.4	99	
88.6	99.2	
99.1	78.6	
99.3	89.7	
99.1	99.4	
98.7	98.6	
78.7	99.6	
88.6	79.2	
99.1	99.2	
87.4	98.8	
99.1	89.7	
99.3	59.2	
87.2	99.6	
98.7	98.4	
98.7	79.6	
99.3	99.4	
78.7	99.6	
99.3	99.6	
99.1	99.4	
98.7	89.3	
88.2	99.6	
98.7	98.8	
98.5	99.6	
98.1	79	
78.7	99.4	
98.7	99.6	
99.3	99.6	
98.3	99.2	
98.5	99.6	
98.5	99.6	
98.9	79.2	
98.3	99.6	
98.9	89.5	
88.4	99.2	
99.3	99.4	
99.3	79.6	
99.3	99.4	
98.7	99.6	
98.5	99.4	
99.1	98.8	
88.4	89.1	
97.5	88.9	
99.1	89.7	
88.6	89.7	
88.8	99.6	
89.2	99.6	
99.1	89.1	
68.4	99.2	
99.1	88.9	
99.1	69.7	
98.7	99.4	
98.7	99.6	
88.6	99.6	
98.7	88.9	
98.5	79	
98.9	99.6	
88.4	89.1	
99.3	99.2	
89	89.7	
99.1	99.6	
89	99.4	
88.4	89.7	
98.9	99	
88.6	89.1	
99.3	89.5	
99.3	99.4	
86.2	98	
88.6	89.5	
99.3	99.4	
99.1	99.6	
89.2	68.9	
99.1	99.6	
86.8	89.1	
98.7	99.4	
99.1	99.6	
89	79.8	
97.5	99.6	
77.9	99.6	
98.5	89.5	
89.2	99.4	
98.9	69.5	
88.6	59.4	
88.2	99.2	
88.4	99.6	
98.9	99.6	
98.7	69.3	
89.2	89.1	
88.8	8.9	
98.1	89.3	
98.9	99.6	
98.9	69.5	
98.9	98.6	
88.6	99.4	
98.9	79.8	
98.7	99.2	
89	89.5	
98.7	99.4	
89.4	99.6	
97.7	78.6	
98.7	99.4	
99.3	99.6	
78.9	99.6	
98.1	99.6	
88.6	99.6	
98.3	99.4	
79.3	89.3	
88.2	89.3	
98.1	99.4	
78.1	99.6	
88.6	79	
98.5	89.5	
98.7	99.4	
98.9	99.6	
89	99.6	
78.1	99.4	
98.5	99.6	
99.1	99.6	
88.6	89.5	
78.9	99.2	
98.1	99.6	
89	89.7	
98.7	99.4	
98.9	99	
89	79.6	
99.1	98.8	
79.3	89.3	
98.9	99.2	
68.2	99.6	
98.1	99.2	
98.9	99.6	
98.9	88.9	
89	99.6	
78.7	99.6	
98.7	99.6	
99.3	99.6	
99.1	99.2	
98.7	79.8	
97.3	89.7	
99.3	99.4	
89.2	89.5	
