98.9	99.4	
99.3	99.4	
99.3	99.6	
99.1	99.6	
98.9	99.4	
89.2	99.6	
89	99.6	
88.4	99.4	
77.5	99.4	
89	99.6	
99.3	89.7	
78.9	99.4	
98.7	99.6	
99.1	89.1	
89.2	89.3	
89.4	99.6	
98.7	99.6	
99.1	99.4	
99.3	99.6	
99.1	99.6	
98.9	99.6	
99.1	99.6	
99.1	89.3	
99.3	99.6	
99.1	99.4	
89.4	99.6	
99.1	99	
99.3	99.6	
78.9	99.2	
99.1	99.6	
88.8	99.4	
99.3	99.6	
99.1	99.4	
99.1	89.3	
99.1	99.6	
98.5	99.6	
89.2	89.5	
99.3	99.6	
99.3	99.4	
99.1	99.6	
99.3	99.2	
98.5	99.6	
98.7	99.6	
99.3	99.6	
99.3	99.6	
99.1	99.4	
88.4	99.6	
99.3	99.6	
68	99.4	
99.1	99.6	
98.9	99.6	
88	99.6	
99.3	99.6	
89.4	99.2	
88.6	99.6	
88.8	99	
99.3	79.8	
88.8	99.6	
99.1	99	
99.3	99.6	
99.3	99.6	
99.3	99.6	
98.9	99.6	
78.3	99.6	
99.1	99.6	
99.3	99.2	
99.1	99.6	
88.4	89.3	
98.5	89.5	
99.3	99.4	
99.1	99.6	
99.1	99.6	
98.5	89.3	
99.3	99.6	
98.5	99.6	
98.7	99.6	
98.9	99.6	
99.1	99.4	
99.3	99.6	
98.9	99.6	
88.8	99.6	
99.1	58	
99.1	99.6	
87.2	99.4	
98.3	99.6	
98.3	69.1	
99.1	99.6	
99.3	79.6	
89.2	99.6	
89	89.1	
89.2	99.6	
98.7	99.4	
98.9	79.8	
99.3	99.6	
99.3	89.3	
98.7	99.6	
88.4	99.2	
89	99.6	
98.3	99.6	
99.1	89.7	
99.1	89.5	
98.9	99.6	
89.2	99.4	
99.3	99.6	
99.3	99.6	
99.3	99.6	
98.9	99.6	
99.3	99.4	
99.3	99.6	
99.3	99.2	
99.3	99.6	
98.9	99.4	
77.5	99.4	
99.1	99.6	
88.8	89.1	
98.9	68.7	
99.3	99.6	
99.1	99.4	
99.3	99.6	
99.3	99.4	
99.3	79.2	
99.1	99.6	
99.3	99.6	
98.1	78.4	
99.1	98.6	
89	89.3	
89.4	99.6	
98.9	99.6	
99.3	99.6	
99.3	99.6	
88.6	89.7	
99.3	99.6	
89	99.6	
99.3	99.6	
98.5	99.6	
99.1	99.6	
88.6	99.4	
98.9	89.7	
99.3	99.6	
99.3	99.6	
99.3	99.4	
98.1	99.4	
78.1	99.6	
99.1	99.6	
99.3	99.6	
89.4	79.8	
98.9	99.2	
89	99.4	
98.7	99	
99.3	99.6	
98.5	99.6	
98.9	89.3	
79.1	99.6	
98.9	99.6	
99.1	98.4	
88.6	99.2	
99.3	99.6	
87.6	99.2	
88.4	99.6	
98.5	79.8	
99.3	89.1	
99.1	99.4	
89	99.4	
99.1	68.3	
99.1	99.6	
98.7	89.7	
99.1	99.6	
99.1	99.6	
99.1	99.4	
89	59.4	
88.6	99.6	
99.1	99.4	
89.2	99.4	
78.3	99.6	
69	99.6	
99.3	99.4	
98.9	99.2	
89	89.3	
99.1	99.4	
99.3	99.4	
88.8	99.6	
98.5	99.6	
98.9	99	
99.1	99.6	
99.1	99.6	
99.1	99.6	
98.9	89.7	
98.5	99.6	
88.4	99.6	
88.2	99.6	
56.9	99.4	
99.3	89.5	
88.8	99.4	
99.1	99.4	
99.1	99.6	
98.3	99.2	
68.8	99.4	
98.7	99.2	
88.8	99.6	
99.3	99.6	
99.1	49.3	
99.3	99.6	
89.2	88.3	
89.2	99.6	
89	99.6	
89.2	99.6	
99.1	99.4	
78.7	99.6	
99.1	78.8	
98.9	99.6	
98.7	99.4	
99.3	99.6	
99.1	99.6	
89	99.6	
89	99.2	
99.1	99.4	
89.2	99.6	
99.3	99.4	
99.3	99.6	
99.3	99.6	
99.1	99.6	
99.3	99.6	
99.1	99.6	
87.4	99.6	
89.2	99.4	
88.8	99.6	
99.1	99.6	
99.1	99.6	
88.4	99.6	
99.3	99.6	
99.3	99.6	
99.1	99.6	
77.3	99.6	
98.9	89.1	
88.6	99.4	
99.3	99.4	
99.3	99.4	
99.1	99.6	
98.7	99.6	
88.4	89.3	
99.3	99	
99.1	69.7	
88.6	99.4	
99.1	79.6	
99.1	89.3	
98.9	99.6	
88.8	99.2	
78.5	99.6	
79.5	99.4	
88.8	99.6	
99.3	99.2	
89	99.6	
99.3	99.6	
99.3	99.4	
89.2	99.6	
99.1	99.4	
99.3	99.4	
99.1	99.6	
99.3	99.4	
99.3	99.6	
98.9	99.4	
99.1	99.4	
98.9	99.6	
99.1	99.6	
98.7	89.5	
99.3	89.7	
89	99.2	
98.5	99.6	
98.9	99.6	
78.3	98.6	
99.3	99.4	
89	99.4	
98.7	99.6	
68.4	89.5	
99.1	89.1	
98.9	99.4	
98.9	99.6	
88.8	99.6	
88.8	99.6	
78.3	88.9	
89.4	59.6	
98.9	89.7	
89	99.6	
89.2	79.8	
99.3	99.4	
99.1	69.5	
89.2	99.6	
98.7	99.6	
98.9	99.6	
98.1	99.6	
99.3	89.7	
98.7	99.6	
99.3	99.4	
68.8	89.5	
88.4	99.2	
99.1	99.4	
99.3	99	
99.3	99.6	
98.3	99.6	
89.2	59.6	
89	99.6	
99.1	99.6	
88.6	99.4	
88.8	99.6	
99.1	99.6	
99.3	99.4	
89.4	99.6	
99.1	89.1	
78.5	99.6	
89	99.6	
99.3	99.6	
98.9	99.6	
98.7	79.4	
77.7	99.2	
99.1	89.5	
99.3	99.6	
99.3	99.4	
99.1	99.4	
98.7	79	
99.1	99.6	
98.9	99.6	
99.1	88.9	
98.7	89.7	
98.9	99.4	
99.1	99.2	
99.3	89.7	
88.6	99.6	
99.3	89.1	
99.1	99.6	
99.3	99.6	
99.1	99.6	
99.1	89.3	
89.2	89.3	
98.5	99.2	
99.1	99.6	
99.1	99.6	
99.3	29.5	
99.1	99.6	
89	99.6	
99.3	99.6	
99.3	99.6	
99.3	99.2	
78.3	99.6	
89.2	99.6	
88.6	89.3	
78.7	99.6	
99.3	99.6	
99.1	99.4	
99.3	98.8	
98.9	99.2	
99.1	78.4	
99.1	99.4	
99.1	89.7	
99.3	99	
99.1	99.2	
99.1	99.6	
99.3	89.1	
99.3	99.4	
99.1	98.6	
99.3	99.6	
98.3	99.6	
99.3	99.6	
99.3	89.3	
99.3	99.6	
88.6	99	
89	99	
98.5	99	
89.4	99.6	
98.9	79.4	
98.1	99.6	
98.7	99	
98.7	99.4	
98.5	99.6	
99.3	99.4	
98.3	99.4	
99.3	49.7	
99.1	99.2	
99.3	99.4	
97.7	99.6	
99.1	99.4	
99.1	99.6	
99.1	99.2	
99.1	99.4	
99.1	99.6	
99.1	99.6	
98.5	79.6	
89.2	99.6	
99.3	99.2	
87.4	99.6	
99.3	89.7	
88.6	8.3	
89.4	99.6	
88.6	99.4	
89.4	99.6	
98.9	79.6	
98.9	99.4	
99.3	99.4	
88	99	
99.1	99.2	
88.8	99.2	
99.1	99.6	
99.1	89.7	
89	88.7	
98.9	99.6	
98.9	99.6	
78.9	89.7	
98.5	99.4	
98.9	99.6	
99.3	99.4	
98.7	99.2	
99.3	99.6	
99.1	99.2	
98.1	99.6	
98.9	99.4	
99.3	99.4	
89.2	89.7	
99.3	99.4	
98.7	99.4	
99.1	69.5	
99.3	99.6	
99.1	99.6	
98.9	99.6	
98.9	99.6	
88	89.3	
98.9	99.2	
99.3	99.6	
78.7	99.4	
98.7	99.6	
98.9	99.6	
89	99.6	
98.9	69.5	
99.3	99.6	
88.6	99.6	
79.3	99.4	
98.5	99.6	
98.7	99.6	
99.3	99.6	
88	89.1	
88.6	99.6	
98.7	59.6	
88.6	99.4	
77.5	79.8	
88.2	98.6	
99.3	99.6	
88	99.6	
99.1	99.6	
98.5	99.6	
99.1	99.6	
87.2	99.4	
99.3	99.6	
99.1	99.4	
99.3	99.4	
99.1	99.4	
89.2	89.7	
89	99.4	
99.1	99.6	
99.1	99.2	
99.1	99.4	
99.1	99.6	
98.7	99.6	
89	99.6	
79.1	99.6	
78.7	99.6	
98.9	99.6	
79.3	99.6	
99.1	99.6	
88.2	99.6	
99.1	99.6	
88.6	99.6	
98.5	99.4	
99.1	99.6	
99.3	99.4	
99.1	59.6	
88.4	99	
98.7	69.1	
68.2	99.6	
99.1	79.4	
89.2	99.2	
99.3	99.4	
98.3	78.8	
88	99.6	
79.1	99.6	
99.1	99.2	
99.3	99.6	
99.1	99.6	
99.3	88.9	
99.1	99.4	
98.9	99.2	
99.1	99.6	
99.1	99.4	
99.3	79.4	
88.8	89.7	
98.7	99.6	
99.3	88.9	
89.4	98.8	
98.9	99.6	
99.3	99.6	
99.1	99.6	
98.3	99.6	
99.3	99.6	
