99.3	99.2	
99.3	99.6	
88.8	99.6	
99.3	99.6	
99.3	99.6	
99.1	99.6	
99.1	89.5	
78.3	99.4	
99.1	99.6	
99.3	99.6	
89	99.4	
98.7	99.6	
99.1	99.6	
89.2	99.6	
89.2	99.6	
99.1	99.4	
88.2	89.3	
99.1	99.6	
99.3	99.6	
89.2	99	
99.1	99.6	
98.7	99.4	
98.5	99.6	
89	99.6	
99.3	89.1	
88.6	99.4	
98.7	99.6	
99.3	99.6	
99.3	69.5	
99.1	99.6	
99.3	99.6	
99.3	99.4	
99.3	99.6	
99.3	99.6	
99.3	99.6	
98.7	99.4	
98.7	99.6	
98.9	79.6	
89	99.6	
99.1	99.6	
98.9	99	
99.3	99.6	
99.1	89.1	
99.3	99.6	
99.3	69.7	
99.3	99.6	
99.1	99.4	
98.9	99.6	
99.1	99.6	
89.4	99.6	
88.4	99.6	
99.1	99.4	
99.1	99.4	
99.1	89.5	
99.3	79.6	
99.3	99.6	
98.3	99.4	
89.4	99.4	
99.3	99.4	
99.3	99.4	
99.3	99.6	
88.6	99.4	
99.1	99.6	
99.3	99.6	
99.1	99.6	
99.1	99.4	
89.2	99.6	
89	99.6	
99.1	99.4	
99.3	99.6	
99.3	99.4	
98.9	99.6	
99.3	99.6	
98.5	99.6	
99.3	99.6	
99.1	99.6	
99.3	79.6	
98.9	99.6	
99.1	99.6	
99.3	49.3	
99.3	78.8	
99.1	89.7	
97.7	99.4	
99.1	89.3	
88.8	99.4	
99.3	99.6	
99.1	99.6	
98.7	99.6	
99.3	99.6	
99.1	99.6	
99.3	99.4	
99.3	99.6	
99.3	99.6	
99.3	99.6	
89.2	99.6	
99.3	99.2	
99.1	99.6	
99.1	99.6	
98.9	99	
98.9	99.2	
99.1	99.6	
98.9	99.6	
99.1	99.4	
99.3	99.6	
99.3	99.6	
88.8	99.6	
99.3	89.3	
99.3	99.6	
99.1	99.6	
98.9	89.3	
99.3	99.6	
98.5	99.6	
88.8	99.6	
99.3	99.6	
99.3	99.6	
88.8	99.4	
89.2	89.7	
98.9	99.6	
99.1	89.5	
99.1	99.6	
99.3	99.6	
99.3	99.6	
99.3	99.6	
99.3	99.4	
99.3	99.6	
99.1	99.4	
99.3	99.6	
99.1	99.6	
99.3	99.6	
98.9	99.4	
89.2	99.6	
99.3	99.2	
99.3	99.4	
98.9	99.4	
98.7	99.6	
98.7	99.6	
99.3	98.8	
78.1	99.6	
99.3	89.5	
98.3	99.6	
99.3	99.6	
99.1	99.6	
99.1	89.5	
88.8	99.4	
98.7	99.6	
99.3	99.6	
99.1	99.6	
99.3	89.5	
98.9	99	
99.3	99.6	
99.3	99.6	
88.8	99.2	
99.3	89.3	
99.3	99.6	
98.9	99.4	
89.4	99.4	
99.3	89.3	
99.3	99.4	
99.1	99.6	
89.2	99.6	
99.3	99.6	
99.3	99.6	
89.4	99.6	
99.3	69.3	
99.1	89.3	
98.3	99.6	
99.3	99.6	
99.3	99.2	
99.3	79.6	
99.1	99.2	
99.3	99.6	
98.7	79.4	
99.3	99.4	
89	99.6	
88.8	89.5	
98.9	99.4	
99.1	99.6	
99.3	79.4	
99.3	89.5	
98.5	89.3	
99.3	99.6	
98.7	99.4	
98.9	99.6	
89.4	99.6	
98.9	99.4	
98.7	99.4	
99.1	79.4	
99.1	99.6	
98.7	69.3	
99.1	99.4	
88.8	59.4	
99.3	99.6	
99.3	98.6	
78.7	99.6	
88.8	99.2	
98.7	99.6	
99.3	99.6	
89.2	99.6	
98.5	99.6	
89.4	99.6	
88.8	99.6	
89	99	
99.3	79.2	
99.3	99.6	
89	99.6	
99.1	99.6	
99.3	99.6	
99.3	99.6	
99.1	99.6	
99.3	99.6	
89	99.4	
99.3	99.6	
98.5	89.3	
88.4	99.6	
98.3	99.6	
98.5	99.6	
99.3	69.5	
78.7	99.6	
98.7	89.5	
99.1	99.6	
99.3	99.6	
98.9	99.6	
99.1	59.6	
99.3	99.2	
99.1	69.5	
99.3	99.4	
99.1	99.6	
98.9	99.6	
88.8	89.5	
99.1	99	
98.7	99.6	
98.3	99.4	
99.3	79.4	
89	99.6	
99.1	99.6	
99.3	89.3	
99.3	99.4	
99.3	99.4	
99.3	99.6	
97.9	99.6	
89.4	99.6	
99.3	99.6	
98.9	99.6	
89.2	99.6	
99.3	99.4	
99.1	99.4	
99.3	99.6	
98.9	99.6	
88.8	99.4	
99.3	89.3	
99.1	99.6	
98.9	99.6	
98.9	99.6	
98.7	99.6	
99.3	99.6	
89.2	69.3	
89	79.2	
99.1	99.6	
99.3	89.5	
99.3	99.6	
98.7	99.6	
89	99.2	
98.5	99.6	
99.3	99.4	
98.9	99.4	
99.3	99.6	
98.9	99	
99.3	99.6	
99.3	89.1	
99.1	99.6	
98.9	99.6	
99.3	99.6	
99.3	99.6	
99.1	99.6	
99.3	99.6	
99.3	79.4	
99.1	89.5	
99.3	99.4	
99.1	99.6	
99.1	99.6	
89.2	99.6	
89	99.6	
98.9	99.6	
99.1	89.3	
99.3	99.4	
99.3	99.6	
99.3	99.6	
99.1	89.5	
98.9	99.6	
99.1	79.6	
98.5	99.6	
99.3	99.4	
99.3	79.6	
99.1	99.6	
99.3	99.6	
98.7	99.6	
99.3	99.4	
98.9	99.6	
99.3	79.4	
99.1	99.6	
89.2	99.6	
89	99.4	
88.8	99.6	
99.3	99.6	
99.1	99.4	
99.1	99.6	
89.4	79.6	
99.3	89.5	
89.4	99	
99.1	89.5	
99.1	99.6	
88.6	99.6	
99.1	99.4	
98.9	99.6	
89.2	99	
99.3	98.6	
99.1	79.4	
99.3	99.4	
99.3	99.6	
99.1	89.5	
99.3	99.4	
89.2	99.4	
98.7	99.4	
99.1	99.4	
99.3	99.4	
88.8	99.6	
99.3	99.6	
99.1	99.6	
98.9	99.4	
99.3	99.4	
99.3	99.6	
99.3	99.6	
99.1	99	
99.1	99.6	
99.3	99.2	
98.9	99.6	
99.1	89.1	
99.3	79.6	
99.1	99.4	
99.3	99.6	
99.3	99.6	
98.9	99.6	
89.2	99.4	
99.3	99.6	
98.9	29.3	
99.3	99.2	
99.3	99.6	
99.3	99.6	
89	99.6	
99.3	99.2	
89	99.6	
99.3	79.4	
89	99.4	
87.4	99.6	
89	99.6	
88.8	79.6	
98.5	99.6	
99.3	99.6	
99.1	99.6	
98.9	99.6	
99.3	99.6	
99.1	99.6	
98.9	89.5	
89	99.4	
99.3	99.4	
98.3	99.4	
88.2	89.3	
88.6	99.6	
99.3	99.6	
99.1	99.2	
99.3	99.6	
98.9	99.2	
99.3	99.6	
78.9	99.6	
98.9	99.2	
88.6	99.6	
79.1	99.6	
99.3	99.4	
99.3	99.4	
99.1	99.6	
99.1	89.3	
78.3	99.6	
99.3	99.6	
99.3	99.4	
98.7	99.2	
98.7	99.6	
98.7	99.6	
99.1	99.6	
99.1	99.6	
99.3	99.6	
99.3	99.6	
99.3	99.4	
99.1	99.4	
89	99.6	
99.3	99.6	
99.3	99.6	
99.1	99.2	
99.3	99.6	
99.3	99.6	
98.7	99.6	
98.7	99.6	
99.3	99.4	
99.3	69.3	
99.3	99.6	
99.3	99.6	
99.1	99.4	
99.3	89.5	
98.9	69.5	
88.4	99.6	
99.3	99.6	
99.3	99.6	
98.7	99	
98.9	99.6	
99.3	99.6	
99.3	99.6	
99.3	99.6	
88	99.6	
98.7	99.6	
89.4	89.3	
89	99.6	
99.3	99.4	
98.9	99.6	
98.9	89.5	
99.1	89.5	
99.1	99.6	
99.1	79.2	
99.1	99.6	
99.3	99.6	
89.2	99.4	
99.3	99.4	
98.9	99.6	
89.4	89.5	
99.3	89.1	
88.8	99	
99.1	99.6	
99.3	89.5	
99.3	99.6	
99.3	99.6	
99.3	99.2	
98.9	79.6	
98.5	99.6	
99.3	99.6	
99.3	99.6	
88.8	99.6	
99.1	99.6	
98.7	99.6	
99.1	99.6	
99.1	99.4	
98.9	99.6	
99.3	99.6	
99.1	99.6	
99.1	99.6	
98.9	99.6	
89	99.6	
88.8	99.4	
99.3	79.6	
99.3	99.6	
99.3	99.6	
99.3	89.5	
99.3	99.4	
99.1	79.6	
99.1	99.2	
89.2	99.4	
99.3	89.3	
88.2	99.6	
98.5	99.6	
98.9	99.6	
78.3	99.6	
99.3	99.6	
99.1	99.6	
99.3	99.2	
99.3	99.6	
99.3	99.2	
98.9	19.2	
98.9	99.6	
99.1	99.6	
99.3	89.5	
99.3	59.4	
99.1	99.4	
89.2	99.6	
98.7	99.6	
99.3	99.6	
99.3	99.6	
99.1	99.6	
99.1	99.4	
89	99.6	
99.3	99.6	
99.1	99.6	
99.1	99	
89.2	69.5	
98.9	89.5	
99.3	99.6	
99.1	99.6	
98.3	99.6	
99.3	99.6	
99.1	99.6	
89	99.2	
99.3	99.4	
98.9	99.6	
98.9	89.5	
99.1	99.4	
99.3	88.7	
99.1	99.6	
89.2	99.6	
98.5	99.6	
98.9	99.4	
99.3	99.4	
99.3	99.6	
99.1	89.3	
89	99.6	
99.3	99	
99.3	99.4	
99.3	89.3	
99.3	79.6	
98.7	99.6	
99.3	99.6	
99.3	99.4	
99.3	99.6	
99.3	99.6	
78.9	99.6	
99.1	99.6	
99.3	99.4	
99.3	99.6	
98.7	99.6	
99.1	99.6	
89.2	89.5	
89	99.4	
98.7	99.6	
99.1	99.4	
97.9	99.4	
99.3	99.6	
89	89.3	
99.3	89.3	
99.3	99.4	
88.8	99.2	
89	99.6	
99.1	99.6	
78.5	99.6	
88.6	89.5	
99.3	99.6	
98.7	99.6	
79.1	99.4	
99.1	79.6	
98.9	99.6	
99.3	99.6	
89	99.4	
98.9	89.3	
99.1	89.5	
99.1	99.6	
99.3	99.6	
99.3	99.6	
98.9	99.6	
99.1	99.4	
99.3	99.6	
88.6	99	
89.2	99.6	
99.1	39.4	
99.3	99.6	
69.4	99.6	
89.4	99.6	
89	99.6	
98.9	99.6	
98.9	99.6	
99.3	99.6	
98.9	99.6	
99.3	99.4	
99.3	99.4	
99.1	99.6	
99.3	99.6	
99.3	79.6	
89.2	99.4	
89.2	99.4	
99.3	99.6	
99.1	99.2	
98.9	99.2	
98.5	99.6	
99.1	79.6	
79.3	99.4	
98.5	99.6	
88.8	99.4	
99.1	99.6	
99.3	99.6	
99.3	99.6	
99.3	99.6	
99.3	99.6	
99.3	99.6	
99.1	99.6	
99.1	99.4	
88	99.6	
99.3	99.2	
99.3	99.6	
99.1	99.6	
89.2	99.4	
97.5	99.6	
88.6	99.4	
89	69.3	
99.3	99.6	
99.3	99.6	
99.1	99.4	
99.1	99.6	
98.9	79.6	
99.1	99.6	
98.9	99.4	
99.3	99.2	
98.9	99.4	
99.3	99.4	
98.7	89.3	
99.3	99.4	
99.3	99.6	
99.3	99.6	
88.8	99.6	
98.9	99.6	
99.3	99.6	
99.1	99.6	
98.7	99.6	
99.1	99.6	
99.3	99.4	
99.1	99.6	
99.3	99.6	
99.3	99.4	
89.2	99.6	
99.1	89.5	
99.1	99.4	
79.1	99.6	
98.3	99.4	
98.9	99.6	
98.9	99.6	
99.1	99.6	
98.5	99.6	
99.1	99.6	
88	89.1	
99.3	99.6	
99.3	99.6	
99.3	89.5	
89.2	89.5	
99.3	99.6	
98.7	99.6	
99.3	99.4	
98.5	99.6	
99.3	99.6	
99.3	99.4	
99.1	99.6	
99.3	99.6	
89.4	99.6	
98.9	99.6	
99.3	88.5	
98.9	99.4	
99.3	99.6	
99.3	99.6	
99.3	99.6	
98.9	99.4	
99.3	99.2	
99.3	99.6	
98.9	98.8	
89.2	99.4	
99.3	89.5	
99.3	69.5	
88.4	99.4	
99.1	99.6	
99.3	99.6	
99.3	99.6	
99.3	99.6	
99.3	99.4	
89.4	89.5	
99.1	99.6	
99.1	89.5	
88.8	99.6	
99.1	99.4	
89.2	99.6	
99.1	89.5	
89	99.6	
98.7	99.6	
99.3	99.4	
99.1	99.6	
98.9	99.6	
98.9	79.6	
99.3	99.6	
79.3	99.2	
99.3	99.6	
99.3	99.4	
99.1	99.6	
98.9	99.6	
78.9	99.6	
98.9	99.6	
99.1	99	
99.3	99.6	
98.9	99.6	
98.5	89.5	
99.3	99.6	
89.2	99.2	
98.7	99.6	
98.5	99.2	
99.3	99.6	
99.1	99.6	
99.1	99.6	
98.9	99.6	
99.1	99.4	
88.6	99.4	
99.3	99.2	
88.8	99.6	
99.1	99.2	
99.3	89.5	
89	99.6	
99.3	99.6	
99.1	99.6	
98.9	68.9	
98.9	99	
99.3	99.6	
89.2	99.6	
98.9	99.6	
98.9	99.4	
99.3	99.4	
98.7	99.4	
99.3	99.6	
99.3	98.8	
99.1	99.6	
98.9	99.6	
89.2	99.6	
99.1	99.6	
89.2	99.4	
99.3	79.4	
89.2	79.6	
99.3	99.6	
99.3	89.5	
99.3	99.6	
99.1	99.6	
98.3	89.5	
99.3	99.2	
98.7	99.6	
89	89.7	
99.1	99.4	
99.3	99.2	
99.3	99.6	
89	99.6	
99.3	79.4	
99.3	99.6	
99.3	99.6	
99.1	99.6	
98.9	99.4	
99.3	69.5	
99.3	99.6	
98.7	89.5	
99.3	99.6	
88.2	99.6	
99.3	99.6	
98.7	99.6	
99.3	59.6	
99.1	98.8	
99.1	99.6	
98.9	99.6	
99.1	99.6	
89.2	99.4	
98.9	99.6	
89	99.6	
99.3	89.5	
99.1	99.2	
98.7	98.8	
99.1	99.6	
99.1	99.6	
89.2	99.4	
99.3	99.6	
99.1	79.2	
99.3	99.4	
98.9	99.6	
99.3	99	
99.1	89.3	
99.1	89.5	
99.3	99.4	
99.3	99.6	
88.6	99.2	
99.1	89.3	
99.3	89.3	
99.3	99.6	
98.5	99.2	
99.1	99.6	
98.9	89.3	
88.8	99.6	
98.9	99.6	
99.3	89.5	
98.5	99.4	
98.7	99.6	
99.1	79	
99.3	99.4	
89.4	89.3	
99.3	99.4	
99.1	99.4	
99.3	99.4	
98.9	99.4	
99.3	99.6	
98.9	99.4	
88.4	89.5	
99.3	98.8	
99.1	99.6	
98.9	99.6	
79.1	99.6	
99.3	79.6	
99.1	99.4	
98.9	99.4	
89	99.6	
99.3	99.6	
99.3	69.5	
99.3	99.6	
99.3	99.6	
99.3	99.6	
99.3	49.3	
98.9	79.4	
99.3	89.5	
99.3	99.6	
88.4	98.6	
99.3	99.2	
89.2	89.5	
99.3	99.4	
98.9	99.6	
99.3	89.3	
99.3	89.5	
99.3	99.6	
99.1	99.6	
99.3	99.6	
99.3	99.6	
98.5	99.6	
99.1	89.3	
78.9	99.6	
99.1	99.6	
89	99.6	
99.1	79.6	
98.7	99.6	
99.3	99.6	
98.7	99.6	
98.5	99.6	
99.3	89.5	
99.3	99.6	
99.1	99.6	
89	99.6	
99.1	79.4	
98.5	99.6	
99.3	99.4	
99.3	99.6	
99.3	99.4	
99.3	89.3	
99.3	99.6	
99.3	89.3	
98.9	99.6	
99.3	99.6	
97.9	99.6	
99.3	99.6	
98.9	99.6	
99.1	89.3	
99.1	99.6	
99.3	99	
99.1	99.6	
88.6	99.6	
99.1	89.3	
99.1	99.2	
98.5	99.6	
99.3	99.4	
99.3	99.6	
98.5	99.6	
99.3	99.6	
98.9	99.6	
98.9	99.6	
99.3	99.6	
99.3	79.6	
99.1	99.6	
99.3	69.5	
99.3	99.4	
98.7	99.6	
89	89.5	
98.9	89.5	
99.3	99.4	
99.1	99.6	
78.9	99.6	
99.3	89.3	
99.1	89.3	
99.3	89.5	
99.3	99.6	
99.1	99.4	
98.9	99.6	
99.1	99.4	
99.3	99.2	
99.3	99.2	
99.3	99.6	
98.9	79.4	
89	99.2	
99.1	99.6	
88.8	89.1	
99.3	99.4	
97.9	99.4	
99.3	99.6	
99.3	99.2	
99.3	99.6	
99.3	89.5	
99.3	99.6	
99.3	99.6	
99.1	99.6	
99.3	79.4	
99.1	99.6	
98.7	99.4	
99.1	99.6	
88.4	99.6	
98.9	89.5	
98.7	69.5	
99.1	99.6	
88.8	99.4	
89.2	99.6	
99.3	99.6	
99.3	99.6	
98.9	99.6	
99.1	99.4	
99.3	99.6	
99.3	99.6	
99.3	99.6	
99.3	99.6	
88.4	99	
99.1	99.2	
99.1	99.6	
99.3	99.4	
98.9	99.2	
99.3	99.6	
98.3	99.6	
99.3	99.6	
98.7	99.6	
99.1	99.6	
98.9	99.6	
99.3	99.6	
99.3	79.6	
98.7	89.3	
98.9	99.6	
89	99.6	
99.3	99.6	
98.9	99.6	
99.3	99.4	
99.3	99.4	
99.3	99	
88.6	99.4	
99.1	98.8	
98.9	99.6	
99.3	99.6	
99.1	99.4	
98.9	99.4	
99.1	99.6	
99.3	99.4	
89.2	99.6	
98.9	99.6	
98.3	99.6	
99.3	99.6	
99.1	99.4	
99.3	99.6	
99.3	99	
89	99.6	
88.8	99.6	
89.2	99.6	
98.9	99.4	
98.7	99.6	
99.3	99.6	
99.3	99.6	
99.3	99.6	
99.3	89.5	
99.3	99.6	
99.3	99.6	
99.3	99.6	
89.2	99.6	
98.9	99.6	
99.1	99.6	
98.9	99.6	
99.1	99.6	
89	99.6	
99.3	99.6	
89.2	99.2	
99.3	89.5	
99.1	99.6	
99.3	99.6	
99.3	99.6	
99.1	89.7	
99.1	99.2	
99.3	99.6	
99.3	99.6	
99.3	99.6	
98.9	99.6	
88.4	99	
99.1	99.6	
99.1	88.9	
99.3	89.3	
99.1	99.4	
99.1	99.6	
99.3	99.4	
88.4	99.6	
98.9	99	
98.9	79.6	
89	99.6	
99.3	99.6	
98.9	99.6	
99.1	99.6	
89	99.6	
99.3	99.6	
99.1	99.6	
99.1	89.5	
98.7	99.6	
98.7	89.5	
99.3	79.4	
99.1	89.5	
