99.1	99.4	
98.9	89.7	
99.1	89.1	
88.8	39	
98.5	99.4	
89	99.2	
77.5	78.4	
78.5	89.5	
88.6	99.4	
47.2	99.4	
98.9	69.5	
89.4	99.2	
88.6	99	
88	99.2	
98.9	89.7	
98.7	79	
68.6	99.6	
78.5	69.3	
89	89.3	
97.1	99.6	
89	99	
89	99	
67.6	89.5	
88.2	69.5	
89.4	99.2	
46.2	9.1	
99.3	69.7	
58.1	99.6	
98.7	99.4	
89	89.5	
87.2	59.8	
98.9	99.2	
89.2	59	
98.9	89.1	
99.1	89.5	
88.6	89.5	
89	79.8	
57.1	99.6	
89	38.4	
87.8	79.4	
67.4	48.5	
88.8	99.6	
77.3	99.2	
99.1	79.2	
89.2	78.6	
98.9	79.6	
78.7	58.4	
98.7	98.6	
89.2	89.1	
89	99.4	
55.1	28.9	
88.8	79.4	
77.5	88.5	
89	89.1	
67.6	59.4	
78.3	29.3	
88.8	69.3	
88.4	89.3	
99.3	99.6	
99.1	99.6	
47.2	99.2	
98.9	69.5	
87.8	99.2	
88.4	89.5	
89	99.4	
78.9	58.8	
99.3	88.5	
89.2	97.8	
99.3	89.1	
58.7	78.6	
78.7	99.6	
88.2	88.7	
57.9	48.7	
88.6	78	
78.7	69.3	
98.7	99.4	
89	99.2	
89	89.7	
99.1	99.4	
69	89.5	
77.9	99.6	
78.7	99.2	
68.8	99.2	
88.8	99.4	
77.5	99.6	
88.2	79.6	
68.6	68.5	
75.9	38.6	
58.7	89.3	
98.3	99.4	
89	99	
99.3	79.4	
88.4	79.8	
98.9	89.3	
77.7	78.6	
34.9	99.6	
78.1	99.6	
98.5	87.7	
58.9	89.7	
98.7	88.7	
99.1	99.6	
89.2	89.5	
79.3	99.4	
98.1	98.8	
58.3	58.6	
68.6	89.5	
98.5	39.8	
79.3	88.9	
68.6	99.6	
86.2	99.2	
68.2	99.6	
99.3	99.6	
88.6	69.5	
89.4	99.6	
37.9	98.6	
98.5	97.8	
97.1	98.6	
98.9	99.6	
88.6	79.6	
47.8	88.5	
88	89.3	
65.4	89.3	
89.2	99.2	
98.1	89.5	
99.1	69.1	
98.9	39.6	
99.3	99.6	
98.1	99.4	
68.2	98.8	
98.9	99	
99.3	88.3	
98.9	79	
58.5	99	
99.1	99.2	
76.7	99.4	
88.8	89.5	
78.1	89.5	
68.2	79.8	
98.7	99.6	
58.3	88.9	
88.2	79.2	
77.9	79.4	
78.3	99.6	
78.5	78.2	
98.7	98.6	
88	69.7	
89.4	8.7	
99.3	59.8	
56.9	89.7	
69.2	99.2	
48.2	79.2	
88.6	79.8	
24.2	89.3	
78.5	79.4	
99.1	99.4	
98.7	28.9	
98.3	99.2	
57.5	-1	
99.1	99.4	
99.3	89.7	
88	38.6	
89.2	88.9	
99.3	99.2	
78.5	89.5	
98.7	99.4	
58.9	79	
79.1	99.4	
88.6	88.1	
89.2	99.6	
99.1	88.9	
98.7	89.5	
98.3	79.4	
89.2	98.8	
88.8	99.2	
68	99.6	
78.7	89.1	
89.2	99	
78.3	89.5	
66.8	89.5	
66.4	28.7	
98.9	99.4	
99.3	88.5	
99.3	99.6	
97.5	99.4	
79.3	88.5	
99.1	58.4	
98.9	99	
79.1	99.4	
47	68.7	
98.9	79.2	
68.2	99.4	
87.6	89.5	
98.7	68.9	
88.4	89.5	
98.9	89.1	
98.7	89.5	
67.6	89.3	
99.1	89.3	
89.4	88.7	
53.5	89.3	
98.7	99.6	
57.5	39.4	
78.9	99.4	
99.1	89.1	
67.2	89.7	
89.2	79.2	
98.5	99.6	
98.7	99	
98.9	89.7	
68.4	79.8	
88.4	99.6	
86.4	49.1	
98.5	79.8	
37.3	99.4	
98.9	79.4	
99.1	98.8	
89.2	79.2	
99.1	79.2	
99.3	79.2	
98.5	89.1	
89.4	79.8	
78.3	59.4	
98.5	99	
58.7	98	
97.5	79.4	
78.5	79.2	
89.2	89.5	
89.2	89.1	
99.1	89.7	
99.3	89.5	
88.8	99.6	
98.9	69.1	
79.1	99.2	
99.1	89.5	
17.5	69.1	
98.7	99.2	
89	79.2	
97.7	99.4	
98.1	69.1	
88.8	88.9	
36.3	99.2	
77.5	58.8	
99.3	99.6	
48	59.2	
99.3	99.6	
77.7	79.4	
77.9	99.6	
78.3	49.5	
88.2	99.6	
87	78.8	
79.1	-41.4	
98.7	99.6	
98.9	99.4	
97.9	99.6	
78.5	99.6	
88.8	99.6	
88.8	99.6	
79.3	89.7	
79.1	79.4	
88.8	89.5	
89	48.9	
16.3	49.5	
88.6	79	
98.1	69.7	
68	68.5	
89	49.5	
89.4	89.5	
99.1	79.2	
89.2	-32.3	
99.1	89.5	
68.6	99	
67.6	89.3	
57.9	88.9	
88.2	99.6	
97.5	79	
88.6	69.1	
99.1	79.6	
99.1	78.6	
98.9	79.8	
98.5	89.5	
57.5	99.6	
98.7	48.5	
98.9	99.6	
99.1	99.6	
88.4	79.4	
67.6	99.2	
99.3	27.7	
99.3	99.6	
78.7	69.3	
47.6	89.3	
68.4	68.1	
88.8	89.5	
88.6	99	
69	59	
88.6	99.6	
98.7	89.3	
79.1	89.1	
99.1	79.2	
89	79.2	
99.3	99.2	
88.4	89.3	
89.2	-0.8	
78.5	79	
88	69.3	
78.7	89.3	
88.6	99.4	
57.7	69.1	
97.9	99.4	
99.1	89.5	
99.1	89.7	
78.9	79.2	
89.4	99.4	
78.7	99.6	
98.3	69.3	
89.2	99.4	
99.3	99.6	
77.7	89.3	
76.9	89.7	
88.2	59.4	
67.2	89.1	
46.8	99.6	
89	88.9	
98.5	99.2	
88.6	27.5	
89	89.5	
77.7	59.2	
89.4	69.5	
89	-91.9	
97.7	69.7	
89.2	89.1	
89	99.4	
98.7	89.5	
98.7	88.9	
99.1	88.5	
97.5	69.5	
78.7	99.4	
98.9	99.6	
87.4	99.2	
88.6	99.4	
98.5	98.4	
78.9	99.6	
99.1	99.6	
88.6	79.4	
89	89.3	
99.3	89.1	
89.2	99.6	
99.3	78.2	
96.3	88.9	
99.3	99.6	
98.7	99.6	
78.1	69.7	
79.1	89.3	
99.1	79.6	
88.4	68.7	
88	99	
88.8	89.1	
97.7	79.4	
99.1	99.2	
98.1	99	
79.3	89.3	
98.9	99.6	
89	69.1	
79.3	99.2	
99.1	99.6	
89.4	99.6	
78.7	79.6	
98.1	89.5	
87.4	99.6	
99.1	99.2	
88.6	88.7	
89	89.5	
88.8	99	
98.9	58.6	
88	89.5	
89.2	79	
98.7	99.6	
89	88.7	
47.8	99.2	
88.8	79.4	
97.7	79.6	
88.4	99.2	
78.1	99	
99.1	89.3	
98.5	69.3	
78.3	99.4	
99.3	88.3	
88.4	89.1	
77.9	99.4	
99.3	99.2	
78.9	88.1	
98.7	89.1	
88.8	88.3	
88.4	28.9	
67.6	79.2	
98.5	89.1	
88.6	69.1	
99.3	99.6	
88.6	79	
89.2	98.6	
89	99.6	
88.4	97.8	
77.5	89.3	
99.3	99.2	
88.2	79.4	
67.6	99.6	
98.9	49.7	
78.7	89.1	
98.9	99	
99.3	98.8	
68.8	99.4	
98.5	99.2	
77.7	99.4	
98.5	89.5	
97.5	89.3	
87.4	8.1	
98.3	79.4	
56.3	48.5	
78.9	58.4	
98.1	98.8	
98.9	28.7	
98.1	79.8	
89	39.4	
98.9	89.1	
89.2	99.4	
79.1	99.4	
99.1	99.4	
88.8	69.3	
79.5	69.3	
78.9	89.5	
85.4	99.2	
89	59.6	
99.1	89.7	
88.8	99.4	
56.3	99.2	
88.6	8.7	
57.7	99.6	
89.2	89.3	
78.5	89.3	
98.1	89.5	
89	79.6	
57.9	99.6	
78.1	89.3	
88.8	99.6	
56.5	99.6	
88.4	49.7	
78.5	59	
98.3	59.8	
97.9	49.5	
99.3	37.8	
89.4	89.7	
98.9	79	
77.5	59.2	
99.3	88.9	
88.8	99.6	
98.9	69.7	
99.1	99.4	
67.4	79.6	
98.3	59.2	
58.5	69.5	
98.9	8.9	
89.2	79	
88.8	79.4	
99.1	99.2	
99.1	89.3	
88.8	49.7	
88.6	98.8	
79.1	69.3	
98.7	98.8	
88.6	99.6	
98.1	99.6	
98.9	38.6	
99.1	68.9	
89	37.8	
88.4	99.6	
78.5	38.8	
89.2	99	
88.4	79.4	
58.5	88.9	
88	99.4	
37.1	99.4	
99.1	99.6	
98.3	89.5	
89	89.7	
78.7	99.6	
98.3	99.4	
98.7	69.5	
77.7	98.6	
98.5	99.6	
78.3	98.4	
98.9	79.6	
88.8	99.4	
98.7	69.7	
78.5	98.4	
79.1	79.2	
87.4	99.4	
99.3	99.6	
88.4	98.6	
98.3	78.8	
88.8	79.6	
87.4	89.1	
