99.1	99.6	
99.1	99.6	
97.5	99.6	
99.1	99.2	
99.3	99.6	
98.9	99.6	
98.5	79.2	
88.8	99.4	
99.3	99.6	
99.1	99.4	
99.3	99.4	
99.3	79.4	
78.3	99.6	
99.3	89.3	
98.9	99.4	
98.7	99	
99.3	88.5	
89	99	
99.3	99.6	
99.3	99.2	
99.3	99.6	
88.6	99.4	
99.1	99.6	
99.1	99.4	
79.1	99.6	
99.1	99.6	
99.1	78.8	
98.5	89.1	
89.4	99.6	
99.3	99.6	
99.3	99.4	
99.3	99.6	
97.9	99.2	
88.8	69.5	
99.3	99.6	
99.1	99.4	
99.3	89.5	
99.3	99.6	
89.2	99.6	
99.3	99.4	
99.3	99.4	
99.3	99.2	
89.2	99.4	
99.3	79.6	
99.1	99.6	
99.1	99.6	
88.4	99	
99.3	89.3	
89.4	99.2	
99.1	99.2	
98.9	99.6	
98.9	99.4	
99.3	99.6	
98.7	99.2	
88.8	99.6	
99.3	99.6	
99.1	98.6	
99.1	99.6	
98.9	99.6	
99.1	99.6	
98.7	69.5	
98.9	99.6	
99.3	99.6	
99.3	99.4	
99.3	99.6	
99.3	99.6	
99.3	99.6	
99.1	79.4	
99.3	99	
99.3	99.6	
99.1	99.4	
99.3	89.3	
98.9	99.6	
99.3	99.4	
99.3	99.6	
99.1	99.6	
99.3	99	
99.3	99.4	
99.3	99.6	
99.3	99.6	
99.3	99.2	
99.3	89.1	
99.1	99.6	
99.1	99.6	
99.3	99.4	
99.3	99.6	
99.3	99.4	
89.2	79	
99.3	89.5	
99.1	99.6	
98.5	99.4	
99.1	99.6	
99.1	99.6	
99.3	99.6	
98.9	89.3	
99.1	99.6	
99.1	89.3	
99.3	99.6	
99.1	99.4	
89	99.6	
99.1	99.6	
99.3	99.6	
99.3	99.4	
98.9	99.6	
98.9	99.6	
99.1	99.6	
99.3	99.6	
99.3	99.6	
98.9	99.4	
99.1	99.6	
99.1	99.4	
99.1	99.6	
99.3	99.6	
99.3	79.6	
98.7	79.4	
99.1	88.9	
99.1	89.3	
98.5	99.2	
99.3	99.6	
99.3	99.6	
89.4	99.4	
99.3	99.6	
99.1	88.7	
99.3	99.6	
99.1	99.2	
99.3	99.2	
99.3	99.4	
99.3	99.6	
99.3	99.6	
99.1	79.2	
99.1	99.6	
89.2	99.6	
99.3	99.4	
99.3	99.6	
98.9	99.6	
99.3	99.6	
99.1	99.4	
98.7	99.4	
89	99.6	
79.1	99.4	
99.3	99.4	
98.9	99.4	
98.9	99.6	
98.7	99.6	
99.3	99.6	
98.7	99.6	
89	99.6	
89.4	99.6	
99.3	99.6	
99.3	99.2	
89.4	99.4	
99.1	99.6	
99.3	99.6	
99.1	99.4	
99.3	89.1	
99.1	99.6	
99.3	99.4	
99.1	99.4	
99.1	99.2	
99.3	59.2	
99.3	99.6	
99.1	99.6	
89.2	99.6	
99.1	99.6	
99.3	99.6	
99.3	99.6	
99.3	99.4	
88.4	99.4	
99.1	99.4	
99.1	99.6	
99.3	99.4	
89	99.6	
99.3	99.4	
89.2	99.6	
98.7	99.4	
99.3	99.6	
99.3	99.6	
99.1	99.6	
99.3	99.4	
99.3	99.6	
99.3	89.3	
99.3	98.8	
99.3	99.4	
88.4	99.6	
98.7	99.6	
99.3	99.2	
98.7	69.1	
99.1	99.6	
99.3	99.6	
99.3	79.4	
98.9	99.4	
99.3	99.4	
98.9	99.6	
98.9	99.6	
99.1	99.6	
99.3	99.6	
99.3	99.6	
99.1	99.6	
99.3	99.6	
98.9	99.2	
89	99.6	
99.3	99.4	
99.3	99.4	
98.9	99.4	
98.9	99.4	
99.3	89.5	
89.4	99.6	
99.3	59	
98.9	99.4	
99.3	99.6	
98.9	99.6	
99.3	99.6	
99.3	99.4	
99.1	99.6	
99.1	99.6	
99.1	99.6	
99.3	99.6	
99.1	89.5	
99.3	99.6	
98.7	99.6	
88.8	99.6	
89.2	99.4	
99.1	99.6	
98.9	99.6	
99.3	99.4	
99.3	79.4	
99.1	99.4	
99.3	99.6	
98.9	99.6	
99.3	99.6	
98.9	99.6	
99.3	99.2	
98.7	79.4	
99.3	99.4	
99.1	89.5	
99.3	99.6	
99.3	99.6	
99.3	99.6	
99.3	99.6	
99.3	99.4	
99.3	99.4	
99.1	99.4	
89.2	99.4	
99.1	89.5	
98.9	99.6	
99.1	99.2	
99.1	99.4	
98.9	99.6	
98.9	99.4	
98.9	89.3	
99.1	99.6	
99.1	99.6	
89	99.4	
98.9	89.5	
99.3	99.6	
98.9	99.6	
99.3	99.6	
99.3	99.6	
99.3	99.6	
99.1	99.2	
99.3	99.2	
88.4	99.6	
99.3	99.6	
99.1	99.6	
98.7	88.9	
99.1	99.2	
99.1	99.4	
98.9	99.6	
98.9	79	
99.3	99.6	
98.9	99.6	
99.3	99.4	
99.1	99.4	
99.1	99.4	
98.9	99.6	
99.3	99.6	
99.3	99.6	
99.1	99.6	
98.5	99.6	
99.1	99.6	
99.3	99.6	
99.1	99.6	
99.3	99	
99.1	99.6	
99.3	99.2	
99.1	79.4	
99.3	79.6	
99.1	99.6	
98.9	99.2	
98.7	99.6	
88.6	99.6	
99.1	99.6	
88.6	99.6	
89.2	98.6	
98.7	88.9	
98.9	99.2	
99.3	89.5	
99.3	89.3	
98.7	99.6	
99.1	99.6	
98.9	99.6	
99.3	89.1	
99.3	99.6	
99.1	58.8	
99.3	99.6	
99.3	99.6	
99.1	89.1	
99.3	99.6	
99.1	99.6	
98.5	99.6	
99.3	99.4	
89.4	99.6	
99.3	99.6	
89.2	99.6	
99.3	99.4	
98.9	99.4	
99.3	99.6	
99.3	99.6	
99.3	89.5	
99.1	99.6	
99.3	99.4	
99.1	99.4	
99.1	99.6	
98.5	59.6	
99.1	99.6	
89.2	99.6	
98.7	99.2	
99.1	99.6	
99.1	69.3	
98.9	99.6	
88.6	99.6	
99.3	99.6	
99.3	99.6	
99.3	99.6	
99.1	99.6	
98.5	99.6	
98.5	99.4	
99.3	99.6	
99.3	99.6	
99.3	89.3	
88.6	99.4	
99.1	99.4	
99.3	99.6	
89	99.6	
99.3	99.6	
99.3	99.6	
99.3	99.6	
99.3	99.6	
99.3	99.6	
99.3	99.2	
99.3	79.6	
89.2	79.4	
99.3	79.4	
99.3	99.6	
99.3	99.2	
89	99.6	
98.9	99.6	
99.3	99.6	
99.1	99.2	
99.1	99.4	
99.3	89.1	
99.3	99.6	
89.2	99.6	
99.3	99.6	
99.1	99.4	
98.9	99.6	
98.9	99.6	
99.3	99.6	
99.1	99.6	
99.1	99	
99.1	99.6	
99.3	99.6	
98.9	99.4	
98.9	99.6	
99.3	99.6	
99.3	99.4	
99.1	99.4	
88.6	99.6	
99.3	99.4	
99.3	89.5	
98.9	99.6	
99.1	99.6	
89.2	99.4	
98.9	99.6	
99.3	99.6	
99.3	99.6	
99.1	99	
98.9	79.6	
98.7	99.6	
99.1	99.6	
88.8	99.6	
99.1	99.4	
99.1	99.6	
99.3	99.4	
99.1	99.6	
99.1	99.4	
99.1	99.6	
89	99.4	
99.1	99.6	
99.3	99.6	
99.1	99.4	
99.3	69.3	
99.1	99.6	
88.8	99.4	
98.9	89.1	
99.3	79.4	
98.7	99.6	
99.1	99.6	
89	99.6	
99.1	99.6	
99.1	99.6	
98.9	99.6	
99.1	99.6	
98.3	99.6	
99.3	99.6	
98.9	99	
99.3	99.6	
99.3	99.6	
99.3	99.6	
99.1	99.6	
99.1	79.4	
98.5	99.6	
98.9	99.6	
98.9	99.2	
89.2	99.6	
79.3	99.6	
88.8	99.6	
99.1	99.6	
99.3	99.6	
98.7	99.4	
98.9	99.4	
99.3	99.6	
99.3	88.7	
99.3	69.3	
99.1	99.4	
99.3	99.6	
99.1	99.6	
98.9	99.6	
99.3	79.4	
99.3	99.4	
98.9	99.6	
99.1	99.4	
98.9	99.4	
99.1	99.4	
99.3	99.6	
99.3	99.6	
99.3	99.6	
99.3	99.6	
99.3	99.6	
98.9	99.6	
98.9	79.6	
98.9	99.6	
99.3	99.2	
99.3	99.6	
98.5	79.4	
99.1	99.4	
99.1	99	
99.3	99.6	
99.3	99.6	
99.1	99.6	
99.3	99.6	
99.3	99.4	
99.3	99.6	
99.1	99.6	
99.1	79.4	
99.1	99.6	
98.9	99.6	
99.3	99.4	
89.2	99.6	
99.3	99.6	
99.3	99.6	
88.6	99.6	
98.7	99.6	
99.3	99.2	
99.3	79.4	
99.1	99.6	
99.1	99.4	
99.3	99.4	
99.3	99.6	
89	99.6	
99.1	99.6	
99.3	99.6	
99.3	89.5	
89.4	99.4	
99.3	99.6	
89.4	99.4	
99.3	99.6	
99.1	99.2	
89.2	99.6	
79.3	99.2	
98.7	99.6	
88.8	99.6	
88.2	99.6	
89.2	99.6	
99.3	99.6	
99.3	99.6	
99.1	69.1	
99.1	99.6	
99.3	99.6	
89.4	99.6	
98.9	99.4	
89.4	99.4	
98.9	99.6	
99.1	99.4	
99.3	99.4	
99.3	99.6	
89.2	99.6	
89	89.3	
98.9	99.6	
99.1	99.6	
99.3	99.6	
98.9	99.6	
99.3	99.6	
99.3	99.6	
99.3	89.1	
98.5	99.6	
98.3	89.5	
89	99.6	
99.3	49.3	
99.1	59.2	
99.1	99.6	
99.1	99.4	
99.3	99.6	
99.1	99.6	
98.9	89.3	
99.3	99.6	
98.9	79.6	
98.9	99.6	
99.1	99.6	
99.3	99.6	
99.3	99.6	
88.4	99.6	
99.3	79.4	
99.1	99.6	
99.3	99.4	
99.3	99.6	
99.1	99.4	
99.3	99	
99.1	99.4	
99.3	99.4	
89.4	99.6	
89.2	99	
99.3	99.6	
89.2	99.4	
99.3	99.6	
99.1	99.6	
99.1	99.2	
99.1	88.7	
99.1	99.6	
98.7	99.6	
99.3	99.4	
99.3	99.6	
99.3	99.6	
98.9	99.4	
89.2	79.6	
99.1	99.6	
99.3	99.4	
98.7	99.4	
98.9	99.2	
98.7	99.6	
99.1	99	
99.3	89.5	
99.3	99.6	
98.9	99.4	
88.4	99.4	
98.7	99.2	
99.3	99.6	
88.6	99.2	
99.3	99.4	
99.3	99.4	
89.2	79.4	
99.1	99.4	
99.1	99.6	
89.4	99.2	
99.3	99.6	
98.9	99.6	
98.3	99.4	
99.1	99.6	
99.3	99.6	
99.3	79.4	
99.3	79.4	
98.7	69.1	
89.2	99.4	
88.8	99.2	
99.3	58.8	
99.3	99.6	
99.1	99.4	
99.3	99.6	
99.1	99.2	
99.3	99.6	
99.3	99.6	
99.3	99.6	
99.1	79.4	
89	99.6	
99.3	89.5	
98.9	99.6	
99.1	79.4	
98.3	99.6	
99.1	99.6	
99.3	99.4	
88.8	99.6	
99.3	69.3	
89.2	99.2	
98.9	99.6	
99.1	99.6	
99.1	99.6	
89.4	99.4	
99.3	99.4	
98.9	99.2	
99.1	99.6	
98.9	99.6	
99.3	99.6	
99.3	99.6	
99.3	99.6	
99.1	99.4	
89.4	99.6	
98.9	99.4	
99.1	99.6	
99.3	97.8	
99.1	99.6	
99.1	99.6	
99.3	99.6	
99.1	99.6	
99.3	99.2	
99.1	99.6	
98.9	99.6	
97.5	99.6	
98.9	79.4	
89.4	99.6	
99.3	99.6	
99.3	99.4	
99.1	99.6	
98.7	59.4	
99.3	99.6	
99.3	89.5	
89	99.2	
89	98.4	
98.7	99.6	
99.3	99.4	
99.3	99.6	
99.3	89.5	
99.3	99.6	
99.1	79.6	
89	99.6	
99.1	99.6	
99.3	89.5	
89.4	99.6	
99.3	99.6	
98.9	99.6	
99.1	99.2	
99.1	99.6	
98.7	99.6	
89.2	99.2	
99.3	99.6	
99.3	89.5	
99.3	99.6	
99.3	99.6	
98.9	99.6	
99.1	99.6	
99.1	99.6	
99.3	99.6	
99.1	99.6	
99.3	99.4	
98.7	69.3	
99.3	99.6	
99.1	99.6	
98.7	99.6	
99.3	99.6	
99.3	99.6	
88.8	79.6	
99.3	59.6	
99.3	99.4	
99.3	99.2	
89	99.6	
99.3	89.5	
89.2	99	
89.2	99.6	
99.3	99.2	
99.3	49.5	
99.3	99.4	
99.3	99.2	
99.3	79.4	
99.3	68.5	
99.3	99.6	
99.3	99.6	
99.1	99.6	
99.1	99.4	
99.1	99.4	
99.3	99.4	
98.9	99.6	
99.3	99.6	
99.3	89.5	
99.3	99.6	
99.1	99.6	
99.1	79.2	
99.1	99.4	
89.2	99.6	
99.3	99.4	
99.1	99.4	
99.1	99.6	
99.3	99.2	
89	99.6	
98.9	89.5	
99.3	99.6	
99.1	99.2	
98.9	99.4	
99.1	89.5	
99.3	79	
99.3	99.6	
99.3	99.6	
99.3	99.6	
99.3	99.6	
98.7	99.6	
99.1	99.6	
99.3	99.6	
99.3	99.4	
99.3	99	
98.9	99.6	
99.1	89.5	
99.1	99.6	
99.1	99.6	
99.3	99.6	
99.3	99.4	
99.1	99.6	
98.9	99.4	
99.3	59	
99.3	99.6	
99.3	89.5	
98.5	99.4	
99.1	89.3	
99.3	79.6	
98.5	79.4	
99.3	99.6	
99.3	99.6	
99.3	79.4	
99.1	99.6	
99.1	99.6	
99.1	99.4	
98.9	99.6	
98.9	99.6	
98.7	89.5	
99.3	99.4	
98.7	79.4	
89	99.6	
99.3	99.6	
99.3	99.4	
99.3	69.1	
98.9	99.4	
89.2	99.6	
99.3	99.6	
99.3	99.6	
99.1	79.4	
98.9	99.6	
99.1	89.3	
89	99.4	
98.9	99.6	
99.3	99.6	
99.3	99.6	
99.1	99.6	
99.1	99.4	
99.1	99.6	
99.3	99.6	
98.5	99.4	
99.3	99.6	
99.3	99.4	
97.5	99.2	
99.3	99.6	
98.7	99.6	
99.1	99.6	
99.3	99.6	
88.8	99.6	
98.9	99.6	
98.3	79.6	
99.1	99.4	
99.3	99.6	
99.1	99.4	
99.3	99.6	
98.9	68.9	
89.4	69.5	
98.7	99.6	
98.9	99.6	
99.1	99.6	
89.2	99.6	
89.4	99.6	
99.3	99.6	
99.3	99.6	
99.3	99.6	
99.3	99.6	
98.3	79.2	
99.3	99.6	
99.3	99.6	
98.7	99.6	
98.9	99.6	
99.3	99.6	
89	99.6	
99.3	99.6	
98.9	99.6	
99.3	99.4	
99.1	99.2	
98.9	69.1	
98.9	99.6	
99.3	99.6	
89	99.4	
99.1	99.6	
98.9	99.6	
98.9	79.4	
99.3	79.4	
99.3	99.6	
88.6	99.6	
99.3	99.6	
99.3	99.4	
99.3	99	
99.3	99	
99.3	99.6	
98.9	99.6	
99.3	99.6	
99.3	99.6	
98.5	79	
98.9	99.6	
99.1	99.6	
99.3	99.6	
99.1	99.4	
99.3	98.8	
99.3	99.6	
99.3	99.4	
88.8	99.6	
89.2	99.6	
99.3	69.3	
99.3	99.2	
99.3	99.6	
88.6	99.6	
99.3	99.6	
99.3	79.4	
99.1	99.4	
99.1	79.4	
89	99.2	
99.1	99.6	
99.1	79.4	
99.3	99.6	
99.3	99.6	
99.3	89.1	
99.3	99.4	
99.1	99.6	
99.3	99.6	
99.1	79.4	
98.9	99.6	
99.3	99.6	
99.3	99.4	
99.1	99.6	
99.3	99.6	
98.9	99.6	
99.3	99.6	
99.3	99.6	
98.7	99.6	
79.3	99.6	
99.1	99.6	
99.3	99.6	
89.2	99.4	
99.1	99.6	
99.1	99.4	
99.1	99.6	
98.7	99.4	
99.3	99.6	
99.3	99.6	
99.3	99.4	
98.9	99.6	
99.1	79.4	
98.7	79.2	
99.3	89.5	
98.7	99.6	
99.1	99.6	
99.3	99.6	
99.3	49.1	
98.7	99.6	
99.3	99.4	
99.3	99.4	
99.1	69.3	
99.3	99	
99.3	99.6	
99.1	99.4	
99.1	99.6	
98.7	99.4	
99.3	99.2	
99.3	79.4	
99.1	99.6	
99.1	99.6	
99.3	99.6	
99.1	99.6	
99.3	59.2	
99.3	99.6	
99.1	99.6	
88.8	99.4	
99.3	99.2	
99.3	99.4	
99.1	79	
99.3	99.6	
88.8	99.4	
98.9	99.2	
98.9	99.6	
98.9	99.6	
99.3	99.6	
99.3	99.6	
99.1	99.6	
99.1	99.6	
99.3	99.6	
89.4	99.6	
99.1	99.6	
98.7	99.4	
99.1	99.6	
89.2	99.4	
98.9	99.6	
98.9	99.6	
99.3	99.6	
99.3	99.6	
99.1	79.4	
98.5	99.6	
98.7	99.6	
89.2	99.4	
99.1	89.5	
99.1	99.6	
98.9	99.6	
99.3	89.5	
99.3	99.6	
89	99.6	
98.3	99.6	
89.2	99.2	
99.3	99.6	
99.3	99.4	
99.3	99.2	
99.3	99.6	
99.3	99.6	
99.3	99.4	
98.9	79.2	
99.3	99.2	
99.3	79.4	
78.5	99.2	
89.2	99.6	
99.3	99.6	
99.3	99.6	
99.3	99.6	
89	99.2	
99.1	99.4	
98.7	79.6	
98.9	99	
99.3	98.8	
99.1	99.6	
99.3	99.6	
98.3	89.5	
99.3	99.6	
99.3	99.6	
99.3	99.4	
99.3	99.6	
99.3	99.6	
99.1	99.2	
98.9	99.6	
98.9	99.2	
99.3	99.4	
89.4	99.2	
98.7	99.4	
99.1	89.3	
98.7	99	
99.3	99.6	
98.7	99.6	
89.4	99.6	
99.3	99.6	
98.5	99.6	
99.1	99.6	
99.3	99.4	
89	89.5	
99.3	79.6	
99.3	89.3	
99.3	99.4	
98.9	99.6	
99.3	99.6	
99.3	99.4	
99.3	99.6	
99.3	79	
98.9	99.6	
99.3	99.4	
98.9	99.6	
89.2	99.6	
99.3	99.4	
89.2	79.6	
99.3	99.4	
89.4	99.4	
89.2	99.6	
99.1	99.6	
99.3	99.4	
99.3	99	
98.7	99.6	
99.3	99.4	
99.3	99.4	
99.1	99.6	
99.1	99.4	
99.1	99.6	
89.4	99.6	
99.1	99.6	
89.2	79	
98.9	99.6	
98.9	99.6	
