99.3	79.8	
99.1	79.8	
99.3	69.7	
99.3	79.8	
79.3	79.8	
99.1	79.8	
98.7	69.5	
99.3	79.8	
98.9	79.8	
99.1	79.8	
99.1	79.8	
99.3	79.8	
99.1	79.8	
88.4	79.8	
99.1	79.8	
98.5	79.8	
99.3	59.6	
89.2	79.4	
98.7	69.3	
98.9	79.8	
99.3	59.2	
99.3	79.8	
98.9	79.8	
99.3	59.4	
88.6	79.8	
99.1	79.8	
99.3	79.8	
99.3	69.7	
99.3	79.8	
99.3	49.7	
98.7	69.1	
98.7	79.8	
89	59.6	
99.1	79.8	
99.3	79.4	
99.3	79.8	
99.1	79.8	
99.3	79.4	
99.3	79.8	
98.7	59.4	
99.3	69.7	
99.3	79.8	
99.1	59.6	
99.3	79.8	
99.3	69.7	
88.8	79.4	
99.3	79.8	
99.3	69.7	
99.3	59	
99.1	79.8	
89.4	79.8	
99.1	59.4	
99.3	49.3	
98.9	79.8	
99.3	79.4	
99.1	79.8	
89.2	79.8	
99.3	79.8	
99.3	69.5	
99.1	79.8	
99.3	79.8	
99.3	79.8	
99.3	89.7	
98.7	79.8	
98.9	79.8	
98.7	79.8	
79.1	59.6	
99.1	79.8	
98.9	79.6	
89.4	79.8	
98.9	79.8	
99.1	79.8	
98.9	18.2	
89	79.8	
98.9	79.8	
98.9	79.8	
99.3	69.3	
99.3	79.8	
98.9	79.2	
88.8	79.4	
97.7	79.8	
99.1	-1.4	
99.3	49.1	
89.2	79.8	
99.3	79.8	
88.6	79.8	
99.3	79.6	
99.3	79.8	
89.2	79.8	
89.2	49.7	
99.3	69.5	
99.3	69.5	
99.3	79.8	
99.1	59.2	
99.1	79.8	
98.5	79.4	
98.9	79.8	
99.3	79.6	
99.3	79.8	
99.3	79.8	
99.1	48.9	
99.3	79.8	
99.3	79.8	
99.3	79.8	
99.1	69.7	
99.3	79.8	
99.3	79.8	
99.1	79.8	
99.3	79.6	
99.1	79.8	
99.1	69.7	
78.7	69.7	
99.3	79.8	
99.3	79.8	
98.9	79.8	
99.3	79.8	
99.1	59.2	
99.1	79.8	
99.3	79.6	
99.3	79.6	
99.3	79.8	
99.1	39.2	
99.3	79.8	
99.3	79.8	
99.3	79.8	
99.3	79.8	
99.3	79.8	
89.2	69.5	
89.2	79.8	
99.3	79	
98.3	69.7	
99.1	79.8	
99.3	79.8	
99.3	79.8	
99.1	79.6	
89	59.8	
99.1	69.5	
99.3	79.8	
98.9	79.8	
99.3	59	
89	79.6	
99.3	79.6	
99.3	79.8	
99.1	79.8	
99.3	79.6	
98.3	59.4	
99.1	79.4	
99.3	79.8	
99.1	79.8	
98.7	79.8	
99.3	79.8	
98.5	79.4	
98.7	69.5	
99.1	69.7	
98.9	59.8	
99.3	79.6	
99.3	79.2	
99.3	79.4	
99.1	79.8	
78.7	79.8	
99.1	79.8	
99.3	79.8	
98.7	79.8	
99.3	79.8	
99.3	69.1	
88.8	79.8	
99.3	79.8	
98.9	79.6	
98.3	69.7	
99.1	79.8	
98.9	79.6	
99.3	18.6	
99.1	79.8	
99.3	79.8	
99.1	79.8	
99.3	79.6	
99.3	79.8	
99.3	79.8	
99.3	79.8	
99.3	79.8	
89.4	79.8	
99.3	69.7	
99.3	69.5	
99.3	79.8	
98.9	79.6	
99.3	78.8	
99.3	79.8	
99.1	79.8	
99.1	79.4	
99.3	79.8	
98.3	79.8	
98.9	69.7	
99.1	79.8	
99.3	79.8	
99.1	69.7	
99.3	79.8	
99.3	79.8	
99.3	69.1	
99.1	69.7	
99.3	59.4	
99.1	79.8	
99.1	79.4	
99.1	59.8	
99.3	79.8	
98.3	79.8	
98.9	79.8	
98.9	58.8	
98.7	79.8	
99.1	79.8	
98.9	79.8	
99.3	79.8	
89.4	79.8	
99.3	69.7	
99.3	79.8	
98.9	79.8	
98.7	79.8	
99.3	59.4	
99.3	79.8	
98.7	79.8	
88.6	79.8	
99.3	29.7	
99.3	79.6	
89.2	79.8	
99.1	79.8	
99.3	79.8	
89	79.8	
98.9	79.8	
99.3	59	
99.3	79.8	
99.1	49.1	
99.3	58.8	
99.3	69.7	
99.1	79.8	
98.7	79.8	
98.7	79.8	
99.3	79.8	
89.4	59.4	
98.9	69.7	
88.6	79.4	
99.3	79.8	
99.3	69.7	
99.3	79.8	
98.9	79.8	
89.2	79.6	
99.3	79.8	
99.1	79.8	
99.3	79.8	
99.3	79.8	
98.5	79.8	
99.1	79.8	
99.1	49.1	
99.3	79.8	
98.9	79.8	
98.9	79.8	
89.4	79.8	
99.3	79.8	
99.3	69.5	
99.3	79.8	
89	59.8	
99.3	79.8	
99.3	79.4	
98.9	69.7	
99.1	79.4	
99.1	69.7	
99.1	79.8	
99.1	79.8	
99.3	79.8	
98.9	79.8	
99.3	69.7	
99.3	79.8	
99.1	79.8	
99.1	79.8	
98.9	79.6	
99.1	79.6	
99.3	59.6	
99.3	79.8	
89.2	79.2	
89.2	49.5	
99.1	79.8	
99.1	79.2	
99.1	69.7	
98.9	79.6	
99.1	69.7	
99.1	79.8	
99.3	69.5	
99.1	69.5	
99.3	79.8	
99.3	79.4	
99.3	79.8	
89.2	79.8	
99.1	69.7	
98.9	79.8	
99.1	49.7	
98.9	79.8	
99.3	68.9	
99.3	79.8	
99.3	69.7	
98.9	79.8	
99.1	79.6	
99.3	69.7	
99.3	79.8	
99.3	59.6	
99.1	79.4	
99.3	69.7	
99.3	79.8	
99.1	79.8	
99.3	79.8	
99.3	69.7	
98.9	79.8	
88.8	79.8	
78.9	79.8	
98.7	69.7	
89.2	49.1	
89	8.3	
99.3	79.6	
99.3	79.4	
99.1	79.8	
99.1	79.4	
89.4	79.8	
99.1	79.8	
99.1	79.8	
99.3	79.6	
88.8	79.6	
99.3	79.8	
99.1	79.8	
99.3	49.7	
99.1	79.8	
99.3	79.8	
99.1	69.7	
89.4	49.1	
99.3	69.7	
89	79.6	
99.3	79.8	
99.3	79.8	
99.3	79.6	
88.8	79.8	
98.9	79.4	
89.4	79.8	
99.1	79.6	
99.1	79.8	
99.3	79.6	
98.9	79.6	
99.3	79.8	
99.3	48.9	
98.9	79.8	
89	79.6	
99.1	79.8	
99.3	79.6	
99.1	69.7	
99.3	79.8	
99.3	79.8	
99.3	79.8	
99.1	69.7	
99.3	59.6	
99.3	79.8	
99.1	59.6	
98.9	79.8	
99.1	79.8	
89.4	49.5	
99.3	79.8	
99.3	59.8	
99.1	69.5	
99.3	79.8	
99.3	59.6	
89.4	79.8	
89	59	
98.9	79.8	
99.3	79.8	
98.7	69.7	
99.3	59.8	
99.1	69.5	
88.8	79.6	
99.3	69.7	
88	69.3	
99.3	79.6	
99.3	79.4	
98.9	79.8	
89.4	79.6	
89	79.8	
99.3	79.8	
89.2	79.8	
98.9	79.8	
99.3	79.8	
89	79.4	
98.9	79.8	
99.3	79.8	
98.9	69.7	
99.1	79.8	
89.2	59.2	
99.3	69.7	
99.1	79.8	
99.1	79.8	
99.1	79.8	
99.3	79.8	
99.1	79.6	
99.3	79.8	
89	79.8	
99.1	79.8	
99.1	79.8	
99.3	79.8	
89.2	79.8	
99.1	79.8	
99.3	79.8	
99.3	79.8	
99.1	79.8	
99.3	79.8	
99.3	79.8	
98.1	79.8	
99.3	79.8	
99.3	79.8	
99.1	59.4	
99.1	69.7	
99.1	69.7	
88.4	49.3	
98.9	79.8	
99.3	59.6	
88.2	69.7	
99.3	79.8	
99.3	69.7	
99.3	58.8	
98.5	79.8	
99.1	79.8	
99.1	79.8	
89.2	79.8	
99.1	79.8	
99.3	79.8	
99.1	79.8	
99.3	79.8	
99.3	79.8	
99.3	59.4	
98.1	79.8	
99.1	69.7	
89	79.8	
89.2	79.8	
99.3	79.8	
99.1	49.5	
99.1	79.8	
89	79.8	
99.3	79.8	
99.1	79.8	
98.9	79.6	
98.9	79.8	
99.3	79.8	
99.1	79.2	
89.4	69.7	
99.3	79.6	
99.3	79.8	
99.1	79.8	
99.1	89.5	
99.3	79.6	
99.1	79.8	
98.7	79.8	
98.9	79.8	
99.1	79.8	
99.1	59.4	
99.1	79.2	
99.1	79.8	
99.3	48.9	
98.9	79.8	
99.1	79.8	
99.3	59.8	
99.1	79.8	
99.3	79.8	
99.1	79.8	
99.3	79.8	
99.3	79.8	
99.3	69.3	
99.3	79.8	
89	79.8	
98.9	79.8	
98.9	59	
99.1	69.7	
99.1	59.2	
98.7	79.8	
99.3	78.6	
99.3	79.8	
99.3	69.7	
99.3	69.7	
99.3	79.8	
98.9	79.8	
98.7	79.4	
99.3	59.4	
99.3	69.5	
99.1	79.8	
98.7	79.8	
99.3	79.8	
99.3	79.8	
99.1	79.6	
99.1	79.8	
99.1	79.8	
99.1	79.8	
99.1	79.4	
98.9	79.4	
98.9	59.2	
99.3	79.8	
98.7	79.8	
99.3	58.6	
99.1	79.8	
99.1	79.8	
99.3	79.8	
99.3	69.7	
98.9	79.6	
99.3	59	
99.1	59.8	
99.1	39.2	
89.2	69.7	
99.3	69.5	
98.7	79.8	
99.3	79.8	
99.1	79.8	
99.3	59.8	
99.3	59.6	
99.3	79.6	
99.1	59.2	
89.2	69.7	
99.1	69.7	
99.1	69.7	
99.3	49.7	
99.3	69.7	
99.3	79.8	
99.1	79.8	
99.3	79.4	
99.1	79.8	
98.9	79.8	
99.1	79.8	
99.1	79.6	
99.3	58.6	
88.8	79.8	
89.2	79.8	
99.1	69.5	
99.1	69.3	
99.3	49.3	
99.3	69.7	
99.1	79.8	
99.3	79.8	
99.1	79.4	
99.3	79.8	
99.3	59.4	
98.7	69.7	
89.4	79.8	
99.3	79.8	
99.3	79.8	
99.3	79.8	
99.3	79.8	
99.3	69.3	
99.3	79.8	
99.3	79.8	
99.3	79.8	
89.2	79.8	
99.3	69.5	
99.1	79.8	
98.9	79.8	
99.3	69.7	
98.9	59.6	
99.1	79.8	
89.4	79.8	
99.3	69.7	
99.3	79.8	
98.7	69.7	
99.1	49.7	
99.3	59.6	
89.2	79.4	
99.3	79.8	
99.1	59.8	
99.3	79.8	
99.3	79.6	
89	79.4	
98.9	79.4	
99.3	49.1	
89.4	79.8	
98.9	29.7	
98.9	69.5	
99.1	79.8	
88.8	79.8	
99.3	79.8	
99.3	69.7	
99.1	69.7	
99.3	69.5	
99.3	69.7	
99.1	79.8	
98.7	79.8	
99.1	79.8	
98.5	69.7	
98.7	79.8	
99.1	79.8	
99.3	9.1	
99.3	79.8	
98.9	79.8	
98.7	79.8	
98.9	79.8	
99.3	79.6	
99.1	69.7	
78.5	79.8	
98.9	79.4	
99.1	79.8	
99.3	79.8	
99.1	79.6	
98.5	69.7	
99.3	79.8	
89	79.8	
99.3	69.7	
89	79.8	
99.3	89.7	
98.9	79.6	
89.2	79.8	
98.9	78.2	
99.3	79.8	
98.7	69.7	
98.9	29.7	
99.3	59.6	
99.1	89.5	
99.1	79.8	
99.3	79.8	
88.6	79.8	
99.1	79.8	
99.3	79.8	
99.3	79.8	
98.9	79.8	
99.1	27.9	
99.3	79.8	
99.1	79.6	
89	79.8	
98.9	79.8	
99.3	79.6	
88.8	79.8	
89	79.8	
99.3	79.8	
99.3	59.8	
78.9	79.8	
99.1	79.8	
98.9	49.1	
98.9	79.8	
89	79.2	
99.3	69.5	
99.1	79.6	
99.1	79.8	
99.3	59.4	
99.3	69.7	
98.7	79.8	
99.3	79.8	
99.3	79.8	
99.3	49.1	
99.3	79.6	
99.3	79.8	
99.3	79.8	
99.3	69.3	
89	79.8	
99.3	79.8	
99.1	48.9	
99.3	79.8	
99.1	69.7	
98.7	79.6	
99.3	79.8	
98.9	79.8	
99.1	69.5	
98.7	69.7	
99.1	79.8	
99.3	79.8	
99.1	78.6	
98.9	79.8	
98.9	79.8	
99.3	79.8	
99.3	39.6	
99.1	79.8	
99.3	79.8	
99.1	79.6	
99.3	79.8	
99.3	79.8	
99.3	79.8	
98.3	79.8	
99.3	79.8	
99.1	79.6	
99.3	58.4	
99.3	69.7	
99.1	59.4	
98.9	79.8	
98.7	79.8	
89.2	79.8	
99.3	69.7	
99.3	79.8	
98.9	79.8	
99.1	79.6	
99.1	79.8	
98.7	79.8	
99.3	79.8	
99.3	58.8	
99.1	79.8	
99.3	69.5	
98.9	69.7	
99.3	79.8	
99.1	79.8	
99.3	69.3	
98.9	79.8	
99.1	59.8	
99.3	69.7	
98.5	79.8	
99.3	79.4	
99.3	79.8	
78.9	79.8	
99.3	79.6	
99.3	79.8	
99.3	79.8	
89	69.7	
98.7	79.8	
98.5	79.8	
89.4	59	
99.1	49.1	
99.3	69.7	
99.3	69.7	
99.1	69.7	
99.1	59.8	
99.1	79.8	
99.1	59.4	
99.3	79.8	
99.1	79.4	
99.1	79.8	
99.1	79.6	
99.3	79.8	
99.3	79.8	
99.3	49.3	
88.6	69.7	
99.3	79.8	
99.1	79.8	
99.1	79.8	
99.3	79.8	
99.1	79.8	
99.3	79.8	
98.9	59.2	
99.3	79.8	
99.3	79.8	
89.2	79.8	
99.3	79.8	
88.8	79.6	
99.1	79.4	
99.1	79.8	
99.3	59.2	
98.9	79.8	
99.3	79.8	
99.1	69.3	
88	79.8	
99.3	59.4	
99.3	79.8	
99.3	79.2	
99.1	79.8	
99.1	79.8	
98.9	69.7	
99.3	59.2	
99.3	18.2	
89.2	79.8	
99.3	48.7	
99.3	79.8	
99.1	79.8	
99.3	79.8	
99.1	59.2	
99.1	79.8	
98.5	79.8	
99.3	79.6	
99.1	79.8	
98.9	59.2	
98.7	79.8	
99.3	79.8	
89	79.8	
99.3	59.8	
99.3	79.8	
99.3	79.8	
99.3	79.8	
99.1	79.8	
99.3	79.8	
99.3	79.8	
89.2	69.7	
89.2	79.8	
99.3	79.2	
98.7	79.8	
99.3	69.7	
99.3	79.8	
99.3	79.8	
99.1	79.8	
99.1	79.8	
99.1	79.8	
99.1	69.7	
99.1	79.8	
99.3	69.7	
99.3	79.8	
88.6	69.7	
98.9	79.8	
99.3	59.8	
99.3	59	
98.9	69.5	
98.7	49.7	
89.4	79.8	
99.1	79.8	
99.3	79.6	
99.1	79.6	
98.9	69.7	
99.3	69.1	
89.4	79.8	
99.3	79.8	
99.3	49.5	
89	79.8	
99.1	79.8	
99.3	78.8	
99.1	79.8	
99.1	79.8	
99.1	69.7	
99.3	79.8	
89	79.6	
89.4	49.7	
99.3	79.8	
98.9	69.7	
98.1	49.7	
98.7	69.5	
99.3	79.8	
89.2	79.8	
89.2	69.7	
99.1	59.4	
99.1	79.2	
89.2	79.8	
99.1	69.7	
99.3	79.8	
99.3	79.6	
99.1	79.8	
89.2	49.7	
99.1	79.8	
99.3	79.8	
88.6	79.8	
99.1	79.8	
98.5	59.2	
99.1	79.8	
99.3	59.2	
99.3	79.8	
99.3	79.4	
89	79.4	
99.3	79.8	
98.9	79.8	
99.3	79.8	
99.3	79.8	
99.3	79.6	
99.1	79.8	
98.9	79.8	
89.2	69.7	
89	39.6	
99.1	79.8	
99.3	59.6	
99.1	79.8	
99.1	59.4	
99.1	79.8	
89	79.8	
99.3	79.8	
98.7	79.8	
99.1	38.6	
99.3	79.8	
98.5	59.8	
99.1	79.8	
99.1	79.6	
99.1	69.7	
89.2	79.6	
99.3	79.2	
99.1	79.4	
98.3	79.8	
99.3	79.8	
99.3	79.8	
99.1	79	
99.3	79.6	
99.1	79.8	
99.3	79.6	
99.3	29.5	
99.1	79.8	
99.1	79.8	
88.8	49.5	
98.7	79.8	
99.3	79.8	
99.3	79.8	
99.3	79.8	
89	69.7	
99.1	79.6	
98.5	79.8	
99.1	79.8	
99.1	79.8	
99.3	69.5	
99.3	79.8	
99.3	79.8	
98.9	79.8	
99.3	59.4	
99.3	79.8	
99.1	79.8	
98.9	79.8	
98.7	79.8	
99.3	79.8	
99.3	79.8	
99.3	79.8	
99.3	79.8	
99.3	79.4	
99.3	59.2	
99.1	79.8	
99.3	79.8	
98.5	79.6	
99.3	79.8	
99.1	79.8	
99.1	79.8	
99.3	79.8	
98.9	79.8	
99.3	79.8	
99.3	79.8	
99.3	79.8	
98.9	79.8	
99.3	79.8	
98.7	79.8	
99.1	59.8	
99.1	79.6	
88.8	79.8	
98.7	79.8	
99.3	79.8	
99.3	59.6	
89.2	49.7	
98.5	59.2	
88.4	79.8	
98.9	79.8	
99.3	69.5	
89.2	49.3	
99.3	79.8	
99.3	69.7	
89.2	79.8	
99.1	79.8	
99.3	79.8	
89.2	79.8	
99.3	79.8	
98.9	79.8	
88.6	79.8	
99.3	79.8	
99.1	59.4	
99.1	59.8	
99.1	79.8	
99.3	59	
99.3	79.8	
99.3	79.8	
99.3	69.3	
99.1	38.8	
99.3	79.6	
99.3	59.2	
89.2	79.8	
99.1	69.7	
99.1	69.5	
78.3	79.6	
99.3	79.8	
99.3	69.7	
88.8	59	
99.1	69.7	
88.4	79.8	
99.3	79.8	
99.1	79.8	
99.3	79.4	
99.1	69.7	
99.1	79.8	
89.2	79.8	
99.1	69.7	
99.1	79.4	
99.1	79.8	
99.1	79.8	
99.1	79.8	
99.3	79.8	
99.3	79.8	
98.9	79.8	
99.3	69.7	
99.3	79.8	
98.9	79.8	
99.3	79.8	
99.1	79.8	
99.1	79.2	
99.1	59.6	
99.3	79.8	
99.3	79.8	
99.1	79.8	
99.3	18.8	
89.4	79.8	
99.1	79.8	
99.1	79.6	
99.3	69.7	
89	79.8	
99.3	69.7	
99.3	68.7	
98.7	79.8	
88.8	79.8	
99.1	79.8	
99.3	79.8	
99.3	69.7	
99.3	79.8	
99.1	79.4	
99.3	79.8	
99.1	79.8	
89.2	79.8	
98.7	79.2	
89	79.8	
99.3	69.7	
89	49.1	
99.3	79.6	
99.3	79.8	
98.9	79.8	
99.1	79.8	
89.4	69.7	
99.1	49.1	
