99.3	79.4	
99.3	89.5	
89	89.5	
89.4	99.6	
89.2	89.5	
99.1	89.5	
99.1	99.4	
99.3	89.5	
99.3	89.5	
99.3	99.6	
99.1	49.1	
99.3	79.2	
98.9	88.9	
99.3	99.6	
89.2	89.5	
99.3	89.1	
99.3	89.3	
99.1	89.5	
99.3	89.5	
99.3	89.5	
99.1	79.4	
99.1	89.1	
99.3	79.4	
98.7	89.5	
99.3	99.6	
98.5	89.5	
99.1	89.5	
99.1	99.4	
88.2	99.6	
99.1	89.5	
99.1	99.4	
99.1	89.3	
99.1	89.3	
89	89.1	
98.9	89.1	
89.2	99.4	
99.1	89.3	
98.9	49.1	
99.3	89.5	
89.4	89.5	
99.3	79.2	
99.3	89.5	
99.3	79.2	
99.3	89.3	
89.4	39.4	
99.1	79.2	
89.4	99.6	
99.3	89.5	
99.1	89.5	
89.4	89.1	
99.1	79.2	
99.1	89.3	
99.1	79.2	
99.1	89.5	
98.7	89.5	
99.3	79.2	
99.1	89.5	
89.2	59	
99.1	89.1	
79.3	89.5	
99.1	89.3	
99.3	79.2	
99.3	79	
88.6	89.5	
99.1	89.3	
99.3	89.3	
89.2	89.5	
99.1	79.4	
98.7	89.5	
99.3	89.5	
99.1	89.5	
99.3	99.4	
99.3	89.5	
99.1	89.5	
99.1	99.2	
89.4	89.3	
99.3	89.5	
99.3	89.5	
89.2	49.3	
99.1	89.5	
99.3	79.6	
99.3	89.5	
99.1	79.2	
99.1	89.3	
88.8	89.5	
89.2	89.5	
78.7	99.6	
99.3	99.6	
99.3	79.2	
99.1	89.5	
99.3	89.5	
99.3	79.4	
89.2	89.3	
99.3	89.5	
99.1	79	
79.3	89.5	
98.9	89.3	
99.3	89.5	
98.9	99.6	
99.1	39	
99.3	89.3	
98.7	89.3	
99.3	89.5	
99.3	89.5	
99.1	79.2	
88.8	89.1	
89.4	89.5	
99.3	89.5	
98.7	79.2	
89.2	89.3	
98.7	79.2	
88.2	89.5	
98.9	89.5	
99.3	89.5	
98.9	99.6	
99.1	79.4	
99.1	89.5	
98.7	89.5	
99.3	89.5	
98.7	89.5	
98.9	89.5	
99.1	79.4	
99.1	79.2	
89.4	89.1	
99.3	89.5	
99.3	89.5	
99.1	79.4	
98.9	99.6	
99.3	79.4	
98.9	89.5	
99.3	79.4	
98.9	79	
98.9	99.4	
99.3	88.7	
99.1	89.5	
99.1	89.5	
99.1	89.5	
99.1	89.7	
99.3	89.5	
89.2	69.1	
99.3	89.5	
99.3	79.2	
99.3	89.5	
98.7	99.2	
89.2	89.5	
99.3	89.5	
99.1	89.5	
99.1	89.5	
99.3	89.5	
99.1	79.4	
99.3	79.6	
98.9	69.5	
99.1	89.3	
89.2	89.5	
89.4	79.4	
99.1	89.3	
98.9	99.6	
99.3	58.8	
99.1	79.6	
98.9	89.5	
99.1	89.5	
89.2	69.3	
89.4	89.5	
99.3	89.5	
99.3	79.6	
99.3	79.2	
98.9	89.5	
98.7	88.7	
99.3	99.6	
99.3	89.5	
89.4	99.6	
88.6	89.3	
98.9	99.6	
99.3	89.3	
88.8	89.5	
99.3	89.3	
98.7	89.5	
99.1	79.2	
99.3	99.6	
89.4	79.2	
88.6	89.3	
98.7	99.6	
98.9	69.5	
99.1	89.3	
99.1	89.5	
99.1	79.4	
99.3	49.5	
99.3	89.5	
99.3	89.5	
87.6	89.5	
89.4	99.6	
99.3	69.5	
99.3	69.3	
98.9	79.2	
99.3	89.3	
99.1	89.5	
99.3	89.5	
98.7	79.4	
99.1	89.5	
58.7	89.5	
99.3	99.6	
99.1	89.5	
98.7	99.6	
98.9	89.3	
89.2	89.5	
79.3	89.5	
99.1	89.1	
98.9	89.5	
99.3	89.3	
99.1	39.4	
98.9	59.6	
99.3	89.5	
99.3	89.5	
89.4	99.6	
89	69.5	
99.3	99.6	
88.8	89.5	
99.3	99.6	
99.1	89.5	
99.3	89.5	
99.1	99.6	
98.9	89.3	
99.1	69.5	
98.9	89.5	
99.1	89.5	
99.3	99.4	
99.3	89.3	
99.1	69.3	
99.1	79.4	
99.1	79.4	
98.7	69.3	
89.2	79.2	
98.7	79.4	
99.3	59.4	
89.4	79.2	
99.1	99.6	
98.9	89.5	
89	59.2	
99.3	89.5	
99.3	89.5	
99.3	89.3	
99.1	89.1	
99.3	89.5	
99.3	89.5	
99.1	89.5	
89.2	89.5	
99.3	89.5	
98.9	69.1	
99.3	79.6	
99.3	79.4	
89	99.6	
98.9	89.5	
99.1	79.4	
99.3	79.6	
99.1	79.4	
99.3	89.5	
99.1	79.4	
99.1	79.4	
89.2	89.5	
99.1	89.3	
99.1	89.3	
89.2	89.3	
99.1	89.5	
98.9	79.6	
99.1	89.5	
99.3	79	
98.7	89.5	
99.1	89.5	
99.3	89.3	
99.1	89.5	
99.1	78.8	
99.3	89.5	
99.3	59.2	
98.9	89.5	
99.3	89.3	
99.1	69.5	
98.7	89.3	
99.1	79.4	
99.1	89.5	
98.7	79.4	
98.7	89.5	
79.3	79.4	
98.9	89.5	
97.3	79.4	
99.3	79.4	
99.3	89.5	
99.3	79.6	
99.1	79.6	
98.7	89.3	
99.3	69.5	
98.9	39.2	
99.1	69.5	
99.3	89.5	
89	79.2	
99.3	89.5	
99.3	89.5	
99.3	99.6	
98.9	79.4	
98.7	79.4	
99.1	89.5	
98.5	99.6	
99.1	89.5	
98.7	89.5	
99.3	89.3	
99.1	79.6	
99.3	79	
99.3	89.5	
99.1	69.7	
88.4	89.3	
98.9	89.5	
99.1	79.4	
99.3	89.5	
89.2	89.5	
98.9	79.4	
99.3	89.5	
99.3	89.5	
99.1	89.5	
99.1	99.4	
89.2	99.6	
99.1	89.3	
99.1	89.3	
99.3	89.5	
99.1	69.5	
89	69.7	
99.1	89.5	
98.5	89.5	
99.1	89.5	
99.3	59	
98.7	89.5	
99.3	89.5	
89	89.5	
89.4	69.1	
99.3	89.3	
99.3	49.1	
89.2	99.6	
98.9	89.5	
99.1	69.1	
99.1	89.5	
89.2	59.4	
99.3	79.6	
89.4	89.5	
99.3	89.3	
99.3	89.5	
89	89.5	
89	89.5	
99.3	69.5	
89.2	39	
98.9	89.5	
99.3	89.1	
99.3	89.5	
88.4	79.2	
99.1	89.3	
98.9	89.3	
89	89.5	
89.4	89.3	
98.7	89.5	
99.1	99.6	
99.3	99.6	
98.9	89.5	
99.3	89.5	
99.1	89.5	
79.3	99.6	
99.3	99.6	
89	79.6	
99.1	99.6	
99.1	79.6	
89.4	89.3	
98.9	89.3	
99.1	89.5	
99.3	89.5	
98.5	89.5	
99.1	89.5	
89.4	89.5	
99.3	89.5	
99.1	89.5	
98.7	79.2	
99.1	89.5	
99.3	89.5	
89.2	89.5	
99.3	89.3	
99.3	89.5	
99.3	79.2	
99.3	79.4	
89.2	89.5	
99.3	89.3	
99.3	89.5	
98.7	89.5	
89.2	79.6	
99.3	79.4	
89.4	89.5	
99.3	89.5	
89.4	89.5	
89.2	79.4	
99.3	89.5	
89	99.4	
99.1	69.5	
88.6	89.3	
99.1	89.5	
99.1	89.5	
98.7	99.4	
98.9	99.6	
89.4	89.5	
99.3	69.3	
99.1	89.5	
98.5	89.5	
99.1	89.5	
99.1	79	
99.3	89.3	
98.9	89.5	
99.3	89.3	
99.3	89.5	
89.4	89.5	
99.3	89.3	
98.7	89.5	
99.3	89.5	
89.2	99.6	
99.3	89.5	
89	99.6	
89.2	69.3	
99.3	99.6	
99.3	79.4	
98.7	79.2	
99.3	49.1	
99.1	89.5	
79.1	69.3	
98.9	89.3	
99.3	88.7	
98.9	79.2	
99.3	89.5	
99.3	89.3	
98.9	79.2	
98.9	89.3	
99.1	89.5	
99.3	89.5	
99.3	99.6	
99.3	99.2	
99.3	99.6	
99.1	89.3	
89	79.2	
99.3	79.4	
99.1	89.5	
99.3	89.3	
99.3	89.5	
98.9	99.6	
98.9	89.5	
99.3	89.5	
99.3	89.5	
99.3	89.5	
89.4	89.5	
98.9	89.3	
99.3	88.9	
99.1	89.3	
98.5	89.3	
99.3	89.5	
99.1	89.5	
99.1	79.4	
99.1	89.3	
89	79.4	
99.1	89.5	
89.4	89.5	
99.1	99.6	
89	29.3	
99.3	89.3	
99.3	99.6	
99.3	89.3	
88.8	89.5	
99.3	59.2	
89.2	89.5	
99.3	99.6	
99.1	89.1	
99.3	89.5	
99.3	89.5	
99.1	89.5	
98.9	89.5	
99.3	89.5	
99.3	69.3	
99.3	89.5	
99.3	89.5	
98.7	89.5	
99.3	89.5	
99.1	79.4	
88.8	89.5	
99.1	99.6	
99.3	89.5	
98.9	89.5	
89.2	89.5	
88.8	79.2	
99.1	39.4	
99.3	89.5	
99.1	79.2	
89.2	89.1	
98.9	89.3	
89.4	89.5	
99.3	89.1	
99.1	68.9	
98.9	79.6	
89.2	89.5	
99.3	89.5	
99.3	89.5	
89.4	89.5	
99.1	69.3	
89.2	89.5	
89.4	89.5	
98.9	89.5	
98.9	79.4	
99.3	89.5	
99.1	88.9	
99.3	79.4	
99.3	79.4	
99.1	89.5	
99.3	79.6	
79.1	69.1	
99.1	89.5	
99.1	69.1	
99.1	89.5	
98.9	89.3	
99.3	99.4	
99.1	59.6	
99.1	89.5	
99.1	68.9	
99.3	79.6	
99.3	79.6	
99.1	89.5	
99.3	89.5	
99.3	89.5	
89.4	59.6	
99.1	89.5	
98.7	89.3	
89.2	89.1	
99.3	89.5	
89.2	89.5	
99.1	99.6	
98.9	89.5	
99.3	89.5	
99.1	89.5	
99.1	89.5	
99.3	68.9	
88.8	49.3	
99.3	79.6	
88.8	89.5	
98.7	89.5	
99.1	89.5	
98.5	79	
99.3	89.5	
99.1	89.5	
99.3	69.5	
99.1	79.4	
99.1	89.5	
99.3	89.5	
98.9	99.4	
99.3	89.5	
98.3	89.3	
99.3	89.5	
98.5	79.4	
79.3	99.4	
98.7	89.3	
98.9	89.5	
99.1	59.4	
89.4	79.2	
98.9	29.3	
89.4	79.4	
99.3	69.3	
99.3	89.5	
99.1	79.4	
99.3	79.2	
99.1	89.5	
99.1	89.5	
99.3	89.3	
89.4	79.2	
79.1	89.5	
98.9	89.5	
98.3	89.5	
99.3	89.3	
98.7	79.4	
99.3	89.5	
99.1	89.5	
89	79.4	
89	99.6	
99.1	69.5	
99.3	79	
99.3	89.5	
99.1	89.5	
99.1	89.3	
99.3	89.1	
99.3	69.3	
89.2	79.4	
99.1	89.5	
98.7	69.1	
98.9	79.2	
98.9	79.2	
98.5	79.2	
98.7	89.5	
99.1	89.3	
89.2	68.9	
99.1	89.5	
99.1	79.6	
99.3	49.3	
89.4	88.7	
99.1	89.5	
99.3	89.3	
99.3	79.4	
98.5	89.5	
99.1	89.5	
88.6	89.3	
99.1	79.4	
98.9	99.6	
99.1	79.4	
99.3	89.3	
99.3	89.3	
99.3	89.5	
99.3	89.5	
99.3	89.1	
89.2	89.5	
99.3	89.5	
79.1	89.5	
99.1	69.3	
99.3	89.5	
99.1	89.5	
98.9	59.4	
99.3	29.5	
99.1	89.5	
98.7	68.9	
99.3	79.4	
89.2	69.3	
89	89.5	
98.9	79.4	
98.9	69.5	
89.4	89.5	
98.3	89.5	
98.9	89.5	
99.3	79.4	
99.1	89.5	
89.2	79.2	
99.3	89.1	
99.3	89.5	
89.2	79.4	
99.3	89.5	
99.1	99.6	
99.3	79.4	
99.3	89.3	
99.3	89.5	
99.1	89.5	
89.2	89.3	
89.2	89.5	
98.5	89.5	
99.3	89.5	
99.1	89.3	
99.3	89.5	
89.4	88.9	
89.4	89.3	
99.1	89.3	
99.1	89.5	
99.1	79.2	
89	89.5	
98.9	89.1	
99.3	69.1	
99.3	89.5	
97.9	79.4	
89.4	89.5	
98.9	89.3	
89	99.6	
98.7	89.5	
98.9	69.3	
99.3	89.5	
88.6	89.1	
89.4	89.3	
98.9	89.3	
99.1	89.5	
99.3	89.5	
79.3	79.4	
99.3	89.5	
99.3	79.4	
89.2	89.3	
89	89.5	
89.4	79.4	
99.1	89.5	
88.6	59.4	
99.3	89.5	
99.1	69.1	
89.4	89.5	
99.1	89.5	
89	89.5	
98.5	89.5	
89.2	89.5	
89	9.1	
99.1	89.3	
99.3	89.3	
88.8	89.5	
88.8	89.3	
88.8	79.4	
89.2	89.5	
99.3	89.3	
99.1	89.3	
89.2	99.6	
98.9	89.5	
99.3	99.6	
99.1	89.5	
88.8	89.5	
99.3	89.5	
89	89.3	
99.3	99.6	
99.3	59	
98.7	79.2	
99.3	89.5	
99.1	99.6	
89	89.5	
98.9	89.5	
99.3	89.5	
89.4	79.4	
89.4	69.5	
99.1	89.3	
98.5	89.5	
98.7	89.5	
99.3	99.6	
99.1	89.5	
99.3	89.3	
89.2	79.4	
99.3	69.5	
99.3	59.4	
99.3	89.5	
98.7	89.5	
89.4	89.5	
99.3	89.5	
89.4	99.6	
99.1	79.2	
99.3	89.1	
99.1	89.5	
98.9	69.1	
98.5	99.6	
99.1	89.5	
99.3	89.5	
79.3	89.5	
88.6	69.3	
98.7	79.6	
99.3	89.1	
99.1	89.3	
99.1	89.1	
98.9	88.9	
99.3	89.5	
89.2	89.1	
99.3	89.5	
99.3	79.2	
89.2	89.5	
98.9	89.5	
89.2	89.3	
98.9	89.5	
99.1	99.6	
99.3	89.5	
99.3	49.3	
98.9	89.5	
98.9	89.5	
98.9	89.5	
99.3	99.6	
99.1	89.5	
99.1	69.3	
89.4	89.5	
98.9	89.3	
99.1	89.3	
99.1	89.3	
99.1	89.3	
88.2	89.5	
99.3	89.5	
98.7	89.3	
99.3	89.5	
89	89.5	
79.1	89.3	
99.3	69.5	
89.2	69.5	
99.3	79.2	
99.3	89.3	
89	89.5	
89.4	69.3	
99.3	89.3	
99.1	89.3	
99.1	89.5	
98.7	69.5	
98.9	89.5	
98.9	89.5	
99.3	79.6	
99.1	89.5	
79.3	69.5	
99.3	69.3	
98.5	69.5	
99.1	79.2	
98.9	79.4	
99.1	89.1	
97.3	59.4	
99.1	89.5	
89	48.9	
89	89.5	
99.3	89.5	
99.1	89.5	
99.3	89.5	
98.9	89.3	
99.1	79.6	
99.3	89.5	
99.1	89.1	
99.3	89.1	
89.4	89.5	
99.1	89.3	
99.3	89.5	
99.1	89.5	
88.8	79.4	
89.4	89.5	
98.9	89.5	
99.3	79.4	
89.2	89.5	
89.4	89.5	
99.3	89.5	
98.5	89.5	
99.1	89.5	
99.3	89.5	
98.9	89.1	
98.5	79	
99.1	69.7	
99.1	89.5	
89.2	88.7	
99.1	89.5	
99.3	89.5	
99.3	89.5	
99.3	89.5	
99.1	89.5	
99.1	89.5	
99.1	89.5	
99.1	79.2	
99.3	89.3	
89.2	89.3	
98.9	89.5	
78.7	89.5	
89.4	89.5	
89.2	89.5	
99.3	89.5	
99.3	88.9	
99.3	89.3	
99.3	79.6	
98.9	59.2	
98.7	89.5	
99.3	89.5	
99.3	69.1	
98.9	99.2	
99.3	89.5	
99.3	69.1	
99.3	49.3	
88.8	99.2	
99.3	79.4	
98.9	69.7	
99.1	89.5	
99.1	99.6	
98.7	89.5	
98.7	89.3	
99.3	89.5	
89.2	89.3	
98.3	89.5	
98.7	89.5	
99.3	99.6	
99.1	89.5	
89.4	89.5	
99.3	89.5	
99.3	89.5	
89.4	89.5	
99.1	69.1	
99.3	89.5	
98.9	89.5	
98.9	79.4	
89.4	39.4	
99.3	89.5	
99.3	89.3	
99.3	79.4	
98.9	89.5	
98.9	79.4	
89.2	89.5	
99.3	89.5	
98.9	89.7	
98.7	89.5	
99.3	79.4	
99.1	79	
89	89.5	
99.1	89.5	
88.8	89.5	
99.1	89.5	
89.2	69.3	
98.9	69.3	
99.3	89.5	
98.7	99.4	
99.1	89.5	
99.3	79.2	
98.9	89.5	
89.4	89.3	
99.3	89.5	
99.3	99.6	
98.9	89.3	
89.2	69.5	
89.4	89.5	
98.5	89.5	
99.3	89.3	
99.3	69.5	
99.3	89.5	
99.3	89.3	
99.1	79.2	
99.1	68.9	
89.4	89.5	
99.1	49.5	
99.1	48.7	
99.1	89.3	
99.1	89.5	
99.3	89.5	
98.9	89.5	
99.3	89.5	
99.1	89.3	
89.4	89.5	
99.1	69.3	
99.1	99.6	
99.3	89.5	
99.3	69.3	
99.3	89.5	
99.3	89.3	
89.2	89.3	
99.3	89.3	
99.1	99.2	
98.9	59.4	
99.3	89.5	
99.1	89.3	
99.3	89.5	
99.3	89.5	
99.3	89.5	
88.4	89.3	
99.1	89.3	
98.9	99.6	
89.2	89.5	
89.2	99.6	
98.5	89.5	
99.3	69.5	
99.3	89.5	
89	89.5	
98.5	89.5	
98.9	89.5	
99.3	89.5	
99.3	79.2	
99.1	69.5	
99.3	89.5	
99.1	89.5	
99.3	89.3	
99.1	89.5	
99.3	89.5	
99.1	89.5	
98.7	99.6	
79.3	89.3	
98.9	89.5	
99.1	89.5	
99.3	79.6	
99.3	79.2	
99.3	89.5	
99.1	89.3	
99.1	89.5	
88.8	89.5	
98.7	89.5	
99.3	89.3	
89.2	79.4	
99.1	89.5	
89.4	89.5	
99.3	89.5	
99.3	99.6	
99.1	89.5	
99.3	79.4	
89.2	89.5	
99.1	79.4	
99.3	89.5	
99.3	89.5	
89.4	89.5	
99.3	79.2	
99.3	89.3	
99.3	89.5	
89	69.3	
99.3	89.3	
99.3	69.5	
99.1	89.1	
98.9	89.3	
99.3	89.3	
79.3	89.5	
99.3	79.4	
89	89.5	
89.4	89.5	
99.3	79.4	
99.1	79.6	
99.3	89.3	
99.3	79.4	
89	89.5	
99.1	99.6	
99.1	89.3	
89	48.9	
99.1	99.2	
98.7	79.4	
99.1	89.5	
99.1	89.1	
99.3	79.4	
98.9	79.6	
99.3	59.4	
99.3	69.3	
99.3	89.5	
88.8	89.5	
