99.1	99.6	
99.3	99.6	
99.3	99.6	
99.3	89.5	
88.8	99.6	
98.9	99.6	
99.3	99.4	
99.3	99.6	
99.3	99.6	
99.3	99.6	
99.3	99.6	
89	99.6	
99.3	99.6	
99.3	99.6	
99.3	89.1	
99.3	99.6	
99.1	99.4	
99.3	99.6	
99.1	99.6	
99.3	99.6	
99.3	99.6	
99.1	89.5	
99.3	99.2	
89	99.6	
99.1	89.5	
89.2	99.6	
99.1	99.6	
99.1	99.6	
99.3	99.4	
89.2	99.6	
89.2	99.6	
99.3	99.6	
99.3	99.6	
99.1	99.6	
98.9	99.4	
78.7	89.3	
98.9	99.6	
99.1	99.6	
89.4	99.6	
99.1	89.1	
99.3	99.4	
99.1	99.2	
99.3	99.6	
99.3	99.6	
99.3	99.6	
98.5	99.6	
99.3	99.6	
99.1	69.3	
99.1	79.6	
99.3	99.6	
99.3	99.6	
99.3	99.4	
99.3	99.6	
99.3	99.6	
89	99.6	
99.3	89.3	
99.3	99.4	
99.1	99.6	
99.3	99.6	
99.1	89.3	
89.2	99.6	
99.3	89.5	
99.3	99.4	
89.4	99.6	
99.3	99.6	
99.1	99.6	
99.1	99.6	
99.3	89.1	
99.3	79.4	
89.2	99.6	
99.3	99.6	
99.1	79.2	
99.1	99.6	
99.3	99.2	
99.3	99.6	
99.3	99.6	
89.4	99.6	
99.3	99.4	
99.3	99.4	
99.3	99.6	
99.3	99.4	
98.9	99.4	
99.1	99.2	
99.3	99.6	
98.9	99.6	
99.3	99.4	
89.2	99.6	
99.3	99.6	
89.2	99.6	
89	89.5	
89	99.6	
99.3	99.6	
99.3	99.4	
79.3	99.6	
99.3	99.6	
78.9	99.6	
98.9	99.6	
99.3	99.4	
99.3	99.6	
99.3	99.6	
98.7	99.6	
89.2	99.4	
99.1	99.6	
99.3	99.6	
99.1	99	
89.2	99.2	
99.3	89.3	
99.3	99.4	
99.1	99.4	
98.7	99.6	
99.1	99.6	
99.1	99.6	
98.9	99.4	
99.1	99.6	
99.3	99.6	
79.3	99.6	
89.4	99.6	
99.1	99.6	
98.9	99.6	
99.3	99.6	
99.3	99.6	
89.2	48.9	
99.1	79.4	
99.3	99.6	
99.3	99	
89.4	99.6	
99.1	99.6	
99.3	79.4	
99.3	89.3	
99.3	99.6	
99.1	99.6	
99.3	99.4	
99.3	99.6	
99.3	99.6	
99.3	99.4	
88.8	99.6	
88.8	99.4	
99.1	99.6	
99.3	89.1	
99.1	89.3	
87.4	89.7	
89	99.6	
99.1	99.6	
99.1	99.6	
99.3	79.2	
99.3	69.3	
99.3	99.6	
88.8	89.1	
99.1	99.6	
99.3	39.2	
98.9	99.6	
99.3	89.5	
99.3	89.5	
99.3	98.8	
98.9	99.4	
99.1	89.3	
89.2	99.6	
99.3	99.6	
99.1	99.6	
89	89.3	
88	99.6	
99.3	99.6	
99.3	99.6	
99.1	99.6	
99.1	99.6	
99.3	99.6	
98.9	89.5	
99.3	99.4	
99.1	99.6	
89	99.4	
88.6	99.2	
99.3	99.6	
98.9	99.6	
99.3	99.6	
99.3	99.4	
99.3	99.6	
99.1	99.4	
99.3	99.6	
99.3	99.4	
99.3	99.2	
99.3	88.9	
99.3	99.6	
67.4	89.3	
89	69.1	
99.1	99.6	
99.3	99.6	
99.3	99.6	
99.1	99.6	
99.3	99.6	
99.3	99.4	
89.2	99.6	
89	99.6	
99.1	99.6	
99.3	99.4	
88.8	99.6	
89.2	99.6	
99.3	99.6	
99.1	99.6	
99.1	99.2	
98.9	99.2	
99.1	99.6	
99.3	99.6	
78.9	99.4	
78.9	99.6	
99.3	99.6	
99.1	99.6	
99.3	99.6	
88.8	99.6	
99.1	99.6	
88.8	99.2	
99.1	79.4	
99.3	99.4	
99.3	89.5	
99.3	99.2	
99.3	99.2	
99.3	99.4	
99.3	89.1	
99.3	99.4	
99.3	99.4	
89.2	89.3	
99.3	99.6	
86.2	99.4	
99.3	99.6	
99.3	99.6	
99.3	79.4	
99.3	99.6	
99.3	99.6	
99.3	99.6	
99.1	99.6	
99.3	99.6	
99.3	99.4	
79.3	99.6	
99.3	99.6	
99.3	99.6	
99.3	99.4	
99.3	99.6	
99.3	99.6	
99.3	99.6	
99.3	99.4	
88.8	99.6	
99.3	99.6	
99.3	99.6	
99.1	99.4	
99.1	99.6	
99.1	99.6	
99.3	99.6	
99.1	99.6	
79.1	68.9	
99.3	99.6	
99.3	99.6	
89.4	99.6	
99.1	99.4	
89	99.4	
99.3	99.6	
99.3	99.6	
99.3	99.6	
99.3	99.6	
99.3	69.7	
99.3	99.6	
98.9	99.6	
99.3	99.6	
99.1	99.4	
99.3	99.6	
98.9	99.4	
98.9	79.2	
99.3	99.6	
99.1	99.6	
99.1	89.5	
99.1	99.6	
99.3	99.4	
99.3	99.4	
88.8	99.2	
99.3	99.4	
99.3	99.6	
99.3	99.6	
99.1	99.6	
99.3	99.6	
98.9	89.3	
99.1	99.6	
99.1	99.6	
89.2	99.6	
99.3	99.6	
99.3	99.6	
99.3	99.6	
99.1	99.6	
99.3	99.6	
99.3	99.4	
99.3	99.4	
89.2	99.2	
99.3	99.6	
99.3	88.9	
99.3	99.6	
99.3	99.6	
89.2	99.4	
99.3	99.6	
89.2	89.5	
99.3	79.4	
99.3	99.6	
89	89.1	
99.1	99.6	
89.2	99.6	
99.3	99.6	
99.1	99.6	
99.1	99	
99.3	99.4	
99.1	99.6	
99.3	99.6	
99.1	79.2	
99.3	99.6	
99.1	99.6	
99.3	99.6	
99.3	99.6	
99.3	89.3	
99.3	99.6	
99.3	99.6	
99.1	99.6	
99.3	69.1	
99.3	99.6	
99.3	99.4	
99.3	99.6	
88.6	99.6	
89.4	99.6	
99.3	69.7	
99.1	99.2	
99.3	89.1	
89	99.6	
99.3	99.6	
98.9	99.6	
89.2	89.3	
99.1	99.6	
99.1	99.6	
99.3	99.6	
99.3	99.6	
99.1	89.5	
99.1	89.5	
78.9	79	
87.8	99.2	
99.3	99.6	
89	99.6	
99.3	99.6	
89.2	79.4	
99.3	99.6	
99.1	99.6	
99.1	69.3	
89.2	69.7	
89	99.6	
99.1	99.4	
99.3	99.6	
99.3	99.6	
89	99.4	
99.3	99.6	
99.3	79	
89	69.7	
99.3	99.2	
99.3	99.6	
89.2	99.6	
99.3	99.2	
98.9	99.6	
99.3	89.5	
89.4	99.6	
99.3	99.6	
99.1	99.6	
99.1	99.6	
99.1	99.6	
99.3	99.6	
99.3	99.6	
99.1	99.6	
99.1	99.6	
99.1	98.6	
99.3	99.6	
89.2	88.9	
99.3	99.6	
99.1	69.7	
88.6	78.8	
99.3	99.6	
99.3	99.6	
99.1	99.2	
88.8	99.4	
99.3	99.6	
99.3	89.5	
99.1	99.6	
99.1	99.6	
99.3	99.6	
99.3	99.6	
99.1	99.6	
99.3	89.5	
99.1	99.4	
99.3	99.6	
99.3	99.4	
88.8	99.6	
99.3	99.6	
99.3	99.6	
99.3	89.3	
99.3	99.6	
99.3	99.6	
99.1	99.6	
98.9	99.4	
89	89.3	
99.1	99.4	
99.3	99.6	
89	99.6	
99.1	99.6	
89	99.6	
99.1	99.4	
99.3	99.6	
98.9	99.4	
99.1	99.6	
99.1	99.4	
98.9	99.4	
99.3	59.4	
99.3	99.4	
98.7	99.6	
99.3	99.4	
99.3	99.6	
99.1	59	
98.3	89.3	
99.3	99.4	
99.1	99.4	
99.3	99.4	
98.9	89.3	
99.3	99.6	
99.1	99.6	
99.3	99.6	
99.3	99.6	
99.3	99.6	
99.3	89.3	
98.9	99.6	
99.3	99.6	
99.1	99.6	
99.3	99.6	
99.1	99.6	
79.3	99.6	
98.9	99.6	
88.8	99.6	
99.1	99.6	
99.3	99.2	
99.3	99.6	
89.4	99.6	
99.3	99.6	
99.3	99.6	
99.3	99.6	
99.3	99.6	
99.3	99.6	
99.3	99.6	
99.3	99.4	
88.4	79.2	
99.1	99.6	
99.3	99.4	
99.3	99.6	
99.3	99.6	
89	89.3	
99.3	99.6	
98.3	99.6	
99.1	99.6	
99.3	99.4	
99.3	99.6	
98.7	99.6	
99.1	99.6	
89	99.6	
99.3	79.2	
99.3	99.6	
99.1	99.4	
99.3	99.6	
99.3	79.4	
89.2	98.6	
99.3	99.4	
99.1	79.4	
78.7	99.6	
99.3	99.6	
89	99.6	
99.3	99.6	
99.1	99.6	
99.3	89.5	
99.1	99.6	
99.3	99.6	
99.3	99.6	
99.3	99.6	
99.1	69.5	
99.1	79.4	
99.1	99.2	
99.3	99.6	
99.3	99.6	
99.3	99.6	
99.3	99.6	
99.3	99.6	
99.3	99.4	
99.3	99.6	
99.1	99.6	
89.4	89.1	
99.3	99.6	
99.3	99.6	
99.3	99.6	
99.3	99.6	
99.3	99.6	
99.3	99.6	
99.3	99.6	
99.3	89.5	
99.1	99.6	
98.9	99.4	
99.1	99.4	
99.1	99.4	
99.3	99.6	
99.3	99.4	
89.2	79.4	
99.3	99.6	
99.1	99.6	
89.4	99.6	
98.9	89.3	
98.7	99.6	
89.2	99.6	
99.1	99.6	
99.3	99.4	
98.7	89.3	
99.1	99.6	
99.3	89.3	
99.1	99.6	
99.3	99.6	
99.1	59.4	
99.1	99.6	
99.3	99.4	
99.3	79.4	
99.3	99.6	
89.4	99.4	
99.3	99.6	
99.3	89.5	
99.1	59	
99.3	99.4	
99.1	99.6	
98.9	99.6	
98.7	99.6	
99.3	99.6	
99.1	79.4	
99.3	99.4	
99.1	99.6	
99.3	99.6	
98.9	99.6	
99.3	79.2	
98.7	89.3	
99.3	99.6	
99.3	89.3	
99.3	79.4	
99.3	99.6	
99.3	99.6	
99.3	99.6	
88.8	99.6	
99.3	99.2	
99.3	99.6	
99.3	99.6	
99.3	99.6	
99.3	99.6	
99.1	99.6	
99.1	99.6	
99.1	99.6	
99.1	99.6	
98.9	99.6	
78.7	99.6	
99.3	99.6	
98.9	99.6	
99.3	79.4	
99.1	99.6	
99.3	99.6	
98.9	99.4	
98.7	99.6	
99.3	89.1	
99.3	99.4	
99.3	99.6	
99.1	99.6	
89.2	99.6	
99.3	99.6	
99.3	99.4	
99.3	99.6	
99.3	89.3	
99.3	99.6	
99.3	99.6	
88.4	89.5	
99.3	99.6	
99.3	99.6	
89.2	99.4	
98.9	99.6	
99.3	79.4	
99.3	99.6	
99.1	99.6	
99.3	89.3	
99.3	99.6	
99.3	99.6	
99.3	99.6	
89.2	99.6	
99.1	99.6	
99.3	99.2	
99.1	89.5	
99.1	99.6	
89.2	99.6	
99.3	69.3	
99.1	99.6	
99.1	99.6	
68.6	99.6	
99.3	99.6	
89.2	99.6	
99.3	99.6	
98.7	99.6	
99.1	99.4	
98.9	99.6	
99.1	99.6	
99.3	99.6	
99.3	99.6	
99.3	99.4	
98.9	99.6	
98.9	99.6	
99.3	99.4	
99.1	99.6	
99.3	99.2	
99.3	99.6	
99.1	99.6	
89.2	99.6	
98.9	99.2	
99.3	99.6	
99.3	99.6	
99.3	99.6	
99.3	99.6	
99.1	99.6	
98.9	99.6	
98.9	99.6	
99.3	99.6	
99.3	99.6	
99.1	99.6	
98.9	99.6	
99.1	99.6	
99.1	99.6	
99.3	99.6	
89	99.6	
99.1	99.6	
99.3	99.6	
99.1	99.6	
99.1	99.6	
99.1	99.6	
88.8	99.6	
99.1	99.6	
79.1	99.6	
98.9	99.6	
99.3	99.4	
99.1	99.6	
99.3	99.6	
89.4	99.6	
99.3	99.6	
89.4	99.6	
99.3	99.6	
98.9	99.6	
88.6	99.6	
99.3	99.6	
98.9	99	
89.4	59.4	
99.3	99.6	
99.1	99.6	
89.4	99.6	
99.3	99.6	
99.3	99.6	
99.3	99.2	
98.9	79.4	
89.2	89.5	
98.7	99.6	
98.5	99.4	
98.7	99.6	
98.9	79.4	
99.3	99.6	
99.3	99.6	
99.3	99.6	
89.2	99.6	
89.4	59	
99.3	99.6	
99.1	99.6	
98.9	69.7	
99.3	99.6	
99.1	99.6	
99.1	89.5	
99.3	99.6	
99.3	99.6	
89.4	99.6	
69.2	99.4	
98.9	99.6	
99.3	99.4	
99.3	89.5	
99.3	99.6	
99.1	99.6	
99.1	99.6	
99.3	99.6	
89	99.6	
98.7	99.4	
88.8	99.4	
99.1	99.6	
99.1	99.6	
89.4	99.6	
99.3	99.6	
99.3	99.6	
99.3	99.2	
99.1	99.6	
89.2	99.6	
99.3	99.6	
99.3	99.4	
98.9	99.6	
98.9	99.6	
99.1	99.6	
99.3	99.4	
99.3	99.6	
98.5	99.6	
99.3	99.6	
99.1	99.6	
99.3	99.6	
99.1	99.6	
99.1	29.1	
99.3	49.3	
99.1	99.6	
89.2	99.6	
89.4	99.6	
99.3	99.6	
99.1	99.6	
98.9	99.6	
99.3	99.6	
99.3	89.1	
98.9	99.4	
98.9	99.4	
98.9	99.6	
99.3	99.6	
99.3	99.6	
99.3	99.6	
99.1	99.4	
99.3	99.2	
98.9	99.6	
99.3	89.1	
99.1	59.2	
88.8	99.6	
99.1	99.6	
99.1	99.6	
99.3	99.6	
99.3	99.6	
89	99.6	
98.9	89.1	
88.6	99.6	
98.7	99.4	
99.3	99.2	
98.9	99.6	
99.3	99.6	
99.3	89.5	
99.1	99.6	
89.4	99.6	
99.1	99.6	
89.4	79.4	
99.3	99.6	
99.3	99.6	
99.3	99.4	
99.3	99.4	
98.7	78.8	
99.1	99.6	
99.3	99.6	
99.3	99.4	
99.1	99.2	
98.9	99.6	
99.3	99.2	
99.3	99.6	
99.3	99.6	
88.8	89.3	
99.3	99.6	
99.3	79.2	
98.9	99.6	
99.1	99.6	
99.3	89.1	
99.3	99.6	
99.1	99.2	
88.8	99.2	
98.9	88.9	
99.3	99.6	
99.1	99.6	
87.4	99.6	
99.3	99.6	
99.3	99.4	
99.3	99.6	
99.3	99.6	
79.3	99.4	
99.3	99.4	
98.9	99.6	
99.3	99.6	
99.1	99.6	
99.3	99.2	
99.3	89.3	
99.3	99.6	
99.3	99	
99.3	99.4	
99.3	99	
99.3	59.2	
89.2	99.6	
88.6	79.4	
89.2	99.6	
99.1	99.6	
99.3	99.4	
99.3	99.6	
89.2	89.3	
98.9	99.4	
99.3	89.3	
89.2	99.6	
99.1	99.4	
99.3	99.6	
98.9	99.6	
88.2	99.6	
99.3	99.4	
97.9	99.6	
99.1	99.6	
99.1	99.4	
99.1	99.4	
99.1	99.6	
99.3	99.2	
98.9	89.5	
89	99.6	
99.3	99.2	
99.3	99.6	
99.3	99.6	
98.9	99.6	
99.3	99.6	
99.3	99.4	
98.9	79.4	
98.9	99.2	
99.3	99.6	
89.2	99.6	
99.3	99.2	
89	68.9	
99.1	89.5	
89	99.6	
98.9	99.6	
99.1	99.4	
99.3	99.6	
99.3	99.2	
99.1	99.6	
99.3	99.6	
99.1	79.4	
99.3	99.2	
99.3	99.6	
99.3	99.6	
99.3	99.6	
89.4	99.4	
99.3	99.6	
89.4	99.6	
89.2	79.4	
99.3	99.6	
99.3	99.6	
98.9	99.6	
99.3	99.4	
99.3	99.2	
89.4	99.6	
99.1	99.6	
99.3	99.6	
99.3	99.6	
99.3	99.2	
99.1	99.6	
99.3	99.6	
99.3	79	
89	99.6	
99.3	99.2	
99.3	99.4	
99.3	89.3	
99.3	79.4	
98.9	99.6	
99.1	99.6	
99.3	89.3	
99.1	99.6	
99.3	99.6	
99.3	99.6	
99.3	79.2	
98.9	89.5	
99.3	99.6	
99.3	99.6	
99.3	99.6	
99.3	99.6	
99.1	99.6	
99.3	99.6	
99.3	69.7	
99.1	89.5	
99.3	99.6	
89.2	99.6	
99.3	99.6	
98.9	99.6	
99.3	99.6	
99.3	99.6	
99.3	79.4	
99.3	99.6	
99.1	99.6	
89.2	99.6	
99.3	99.6	
89.4	99.6	
99.3	99.4	
99.3	99.6	
99.3	99.6	
99.3	99.6	
88.6	99.6	
89.2	99.6	
99.3	99.6	
99.3	99.6	
99.3	39.6	
99.1	99.6	
99.1	99.6	
98.9	99.4	
89.2	99.4	
99.3	99.6	
99.3	99.6	
99.3	99.6	
99.3	99.6	
79.3	99.6	
89.4	59.2	
99.3	99.6	
99.3	89.3	
98.5	99.6	
89.2	99.6	
99.3	99.6	
99.1	99.6	
99.1	99.6	
99.3	79.2	
99.3	99.6	
99.3	99.6	
99.1	99.4	
89.4	99.6	
89.2	99.6	
99.1	99.6	
99.1	99.6	
98.9	79.4	
89.4	99.6	
99.1	79	
89.2	99.6	
89	99.4	
89.4	99.6	
99.3	99.6	
99.3	99.6	
98.9	99.6	
98.9	99.6	
99.3	99.6	
99.1	99.6	
99.3	99.4	
99.1	99.6	
89.2	99.6	
98.9	99.6	
99.3	99.4	
99.1	88.9	
99.3	99.6	
89.2	79.2	
99.3	99.6	
99.1	99.4	
99.3	69.1	
98.5	99.6	
99.3	99.6	
99.3	99.6	
79.3	99.6	
98.3	99.6	
99.3	99.6	
99.1	99.6	
99.1	99.6	
99.1	89.1	
99.3	99.4	
99.1	99.4	
98.9	99.2	
98.9	99.6	
99.3	99.2	
89.4	69.5	
99.3	99.6	
99.1	99.4	
99.3	99.6	
99.1	99.4	
89.2	99.6	
99.1	99.4	
99.1	79.2	
89.2	89.3	
99.3	89.3	
99.1	99.6	
99.3	99.2	
99.3	99.6	
99.3	99.6	
99.3	99.6	
99.3	99.6	
88.4	99.6	
99.3	99.6	
99.3	69.7	
88.8	99.6	
99.3	99.6	
99.3	99.6	
99.3	99.6	
99.1	99.6	
89	99.6	
88.8	99.4	
99.3	89.3	
99.3	79.4	
99.1	99.2	
99.3	99.6	
99.3	99.4	
99.1	69.7	
99.3	99.6	
98.9	99.2	
99.3	98.8	
99.1	99.6	
99.3	99.6	
99.3	99.6	
99.3	99.2	
98.7	99.6	
99.3	99.6	
99.3	99.6	
99.3	99.6	
