98.9	99	
88.6	89.5	
88.2	59.4	
98.5	99.6	
66.2	79.4	
86	89.5	
73.7	88.7	
67.8	99.6	
67.6	29.3	
88.8	49.3	
98.3	98.6	
76.3	49.1	
78.1	89.3	
75.7	99.2	
79.3	38.8	
89	79.4	
98.9	89.5	
88.4	79.4	
46.2	99	
78.1	89.7	
98.3	79	
88.2	98.8	
98.3	79.4	
48	89.7	
82.2	99.6	
66.6	89.5	
86.4	89.1	
88.4	99.6	
68.8	69.3	
77.9	79.6	
79.3	79.6	
45.8	79.4	
88.4	89.7	
69	89.3	
76.9	28.9	
78.1	89.7	
99.1	59.6	
36.1	99.2	
78.9	59.2	
59.1	79.2	
67.2	89.3	
98.7	89.1	
87.4	89.7	
87.8	89.3	
78.9	99	
78.3	99.2	
98.7	68.7	
88.2	99.6	
88.8	89.7	
89.2	-21	
88	79.6	
78.9	99	
98.7	78.2	
76.7	89.5	
87.8	89.3	
98.1	88.7	
89	79.2	
97.7	99.4	
78.7	48.9	
88	79.4	
88.4	99.6	
89.2	98.6	
98.9	69.1	
98.1	88.7	
97.7	88.9	
89	19	
98.3	89.7	
99.1	79.2	
78.1	89.5	
98.9	89.5	
99.3	69.1	
78.3	27.5	
95.7	79.8	
98.9	99.6	
98.5	69.5	
88.4	89.7	
78.7	89.7	
66.6	89.7	
78.5	99.6	
89	79.4	
87	49.3	
88.6	18.8	
89	89.3	
97.5	99.2	
66	99.4	
86.8	99	
88.6	89.5	
97.1	89.7	
86.4	89.7	
89	99.6	
88.4	89.3	
88.6	99.6	
78.1	89.7	
88.6	88.9	
96.5	69.7	
88.8	89.5	
88	89.3	
77.9	89.1	
88	89.7	
97.1	89.5	
88.4	99.6	
87.8	89.7	
85.8	79.4	
99.3	89.5	
76.1	89.7	
79.1	88.5	
88.8	99.6	
89.4	89.1	
97.1	29.5	
88.8	99.4	
89	99.2	
88	68.7	
88	99.4	
88.2	99.4	
98.1	99.2	
87.8	89.5	
97.3	89.3	
88.6	79.4	
98.5	99.2	
87	69.7	
67.8	-10.7	
85.6	68.9	
88.4	99.4	
88.6	68.3	
98.3	99.6	
89	99.6	
88.8	78.2	
76.7	99.6	
77.1	99.6	
87.4	59	
88.2	89.1	
86.8	9.5	
98.7	99.4	
14.3	79	
95.9	89.5	
88.4	89.7	
88.6	89.3	
56.9	89.1	
78.3	99.2	
88.8	39.4	
97.7	89.5	
87.8	98.8	
97.7	79.4	
57.5	48.5	
97.5	79.4	
98.1	89.7	
88.6	99.6	
88.6	99.2	
88.4	-3.4	
86.8	79.2	
86.6	89.7	
89	69.3	
87	69.5	
66.2	79.4	
47.2	79.2	
89	89.7	
66.2	89.1	
88.6	89.7	
85.2	88.9	
78.3	79.6	
88.2	89.7	
88.8	89.7	
95.7	89.5	
98.1	89.7	
98.5	79.4	
85.2	99.4	
77.5	99.4	
99.1	89.1	
89.4	99.2	
88.8	37.8	
77.3	89.5	
87.2	89.1	
77.9	69.7	
98.1	29.5	
97.5	79.4	
78.1	68.7	
78.7	89.7	
98.3	99.2	
88.4	89.3	
75.5	79.6	
76.9	99	
98.7	79.6	
98.5	89.5	
98.1	99.6	
78.7	49.5	
74.9	89.7	
79.1	78.6	
98.7	79.6	
68.2	89.5	
98.7	99.6	
88.6	98.6	
88.8	99.6	
98.9	87.7	
79.1	99.4	
88.2	79.6	
87.6	69.1	
77.7	99.4	
86.6	68.7	
98.9	89.3	
88.2	68.1	
78.1	89.5	
88.6	58.8	
97.1	49.7	
88	48.3	
78.5	79.6	
97.3	79.2	
97.9	79.4	
99.3	99.4	
88	89.7	
87.6	89.7	
88.6	69.1	
88.2	89.7	
77.9	68.9	
98.5	79.4	
98.5	99.6	
78.7	9.3	
78.9	89.3	
98.7	89.3	
78.9	79.4	
96.9	99.6	
88.8	89.3	
68	78.6	
88.6	89.5	
44.6	89.1	
77.1	99.4	
87.4	49.7	
88.2	78.8	
67.6	79.2	
96.9	99.6	
56.7	99.6	
87.6	89.3	
88.6	79.2	
67.4	49.1	
88.8	69.3	
57.3	89.1	
78.1	69.5	
88.6	58.4	
97.3	49.7	
98.5	99.4	
88.2	79.6	
88.4	89.5	
85.2	99.6	
68.2	79.6	
89	99.6	
77.1	99.2	
78.1	99.6	
89.2	99.4	
98.9	99.4	
57.9	99.4	
68.2	79	
96.9	89.3	
88.4	69.3	
73.9	79.6	
88	89.5	
88.6	89.7	
93.3	69.5	
77.5	89.7	
69.4	89.3	
67	89.5	
57.5	69.1	
68.2	78.4	
69	79.6	
88.8	99.6	
89	89.7	
97.9	-31.5	
98.3	79.2	
87.8	99.2	
58.3	79.2	
89	68.9	
97.1	48.1	
56.9	79.4	
98.5	89.7	
45.8	39.4	
98.3	89.5	
78.9	89.5	
78.9	88.9	
95.5	79.8	
67.6	89.3	
77.7	79	
88.4	99.4	
68.2	69.3	
85	68.5	
87.2	98.8	
87.8	89.7	
99.3	89.5	
77.9	89.3	
89.2	59	
88.8	99.6	
88.2	68.9	
89.2	89.3	
88.8	58.2	
66	88.7	
89.4	69.1	
78.5	78.6	
78.1	89.5	
88.2	98.8	
79.1	89.5	
89	88.9	
78.5	89.7	
98.9	89.5	
77.1	89.3	
88.2	89.5	
79.3	79.6	
88.8	89.5	
99.1	49.7	
98.7	69.5	
98.5	79.2	
88.4	99.6	
87.6	99.6	
78.1	89.7	
98.3	88.3	
88.6	99.4	
78.7	69.1	
88.8	89.7	
67.6	89.5	
98.3	89.3	
94.5	89.3	
76.7	99.6	
87.6	99.6	
87	89.1	
47	79.6	
98.1	89.1	
88.6	79.2	
78.7	89.5	
98.9	79	
67.2	89.7	
97.7	19.4	
88.8	68.5	
67.8	88.7	
77.7	99.6	
77.5	58.8	
88	99.4	
56.7	99.2	
88	69.5	
87.4	79	
88.6	79.2	
98.1	89.3	
85.8	79.6	
89.2	99.4	
98.9	88.9	
89	89.3	
98.1	89.7	
97.9	89.7	
98.1	79.8	
99.1	99.6	
77.7	99.6	
86.6	99.6	
88.6	28.9	
76.1	58.8	
86.8	99.4	
78.5	68.9	
47.4	89.3	
79.1	89.3	
89.2	89.7	
98.3	99.6	
48.2	99.4	
88.4	89.1	
98.9	79.4	
77.5	99	
89.2	69.3	
77.7	88.7	
98.7	89.5	
78.9	89.5	
79.5	99.6	
78.7	79.6	
75.5	69.3	
87.6	89.3	
99.1	99.6	
88.4	79.2	
64.6	99.6	
87.8	89.7	
95.3	89.7	
88.4	99.6	
89.4	89.5	
99.1	89.5	
76.9	69.3	
77.5	99.4	
89.2	99.6	
88.6	89.5	
56.9	89.3	
98.5	79.2	
98.5	89.3	
78.1	89.5	
98.5	98.4	
98.9	99.6	
88.6	9.1	
89	78.8	
97.9	89.5	
87.8	28.7	
78.5	89.5	
99.1	89.5	
98.9	68.9	
89	89.1	
98.1	99.2	
98.9	99.6	
98.3	89.3	
99.1	58.8	
77.5	99.4	
86.6	99.4	
97.5	99.6	
98.3	78.8	
98.3	89.7	
66.6	99.6	
99.1	79.6	
89	88.5	
99.1	89.5	
79.1	89.3	
97.7	99.6	
78.7	89.5	
96.1	89.1	
87.8	38.8	
87	89.5	
88.6	78.8	
69.4	99.4	
88	99.2	
95.7	89.5	
84.6	89.5	
99.1	48.3	
97.3	99.6	
99.1	89.5	
87.8	78.8	
78.1	89.5	
78.1	89.5	
85.2	99.6	
88.2	89.7	
98.5	79.4	
98.5	89.3	
88.2	99.6	
87.2	58.8	
99.1	89.3	
77.1	99.2	
88.6	89.5	
87.6	78.8	
87.4	79.2	
86.6	99.4	
99.3	79.2	
98.7	69.7	
98.9	89.5	
98.7	68.9	
97.5	79.8	
98.1	49.1	
88.8	99.4	
96.9	88.9	
88.8	99.2	
98.1	89.7	
56.3	38.6	
68.4	99.6	
87.4	89.3	
88.8	89.7	
88.4	99.6	
88.4	-11.1	
77.3	89.3	
88.8	89.3	
88.6	99.2	
98.5	29.3	
99.3	88.7	
75.5	79.6	
98.1	89.7	
98.5	79.6	
98.7	99.4	
57.7	69.3	
95.9	99.4	
87.6	99.4	
78.5	88.3	
88	89.5	
79.1	99.2	
87.2	69.1	
78.9	69.7	
88	99.4	
88.6	79	
98.3	49.5	
99.1	79.2	
78.7	79.4	
98.9	39.4	
98.9	99.4	
99.1	89.5	
78.9	89.7	
99.3	89.5	
98.9	88.9	
65.2	99.4	
76.7	99.6	
77.9	89.7	
76.1	89.5	
95.1	69.1	
78.9	89.3	
99.1	99.6	
95.1	99.2	
98.5	89.1	
88.4	89.5	
77.5	89.3	
89.4	99.2	
97.7	89.7	
77.5	89.3	
86.8	89.7	
98.5	89.7	
99.1	99.6	
76.7	78.4	
77.1	89.5	
88.8	48.7	
88.2	89.1	
