98.5	99.6	
99.3	99.6	
98.9	99.6	
99.1	99.6	
99.3	99.4	
99.3	99.6	
99.3	88.9	
99.1	99.6	
99.1	99.2	
99.1	99.2	
99.3	89.5	
99.3	99.6	
99.3	89.1	
99.3	99.6	
99.3	98.6	
99.1	99.6	
99.1	89.7	
99.3	98.8	
99.3	89.5	
98.3	99.2	
99.3	99.4	
89.4	89.5	
99.1	99.4	
99.1	99.4	
99.3	89.5	
89	99.4	
99.3	89.5	
89.4	99.6	
98.7	89.3	
98.7	99.6	
99.3	99.6	
89.2	89.5	
99.3	99.2	
98.9	48.5	
99.3	79.4	
89	99.6	
88.8	99.4	
99.3	99.6	
99.3	99.6	
89.4	99.6	
98.9	99.6	
99.3	89.5	
99.3	99.6	
98.5	99.6	
99.3	99.6	
88.4	99.6	
99.1	99.6	
99.3	99.4	
89	89.5	
99.1	89.5	
99.3	99.6	
99.1	89.3	
99.3	89.1	
99.1	99.4	
89	89.3	
98.9	89.5	
99.3	99.4	
99.1	89.7	
88.8	99.6	
99.3	99.4	
99.3	99.6	
99.1	99.4	
99.3	99.6	
99.3	99.6	
98.7	99.6	
99.1	79.2	
99.1	99.2	
98.9	99.6	
98.9	89.1	
99.3	89.7	
78.9	99.2	
99.3	99.4	
99.3	79.4	
98.9	99.6	
99.3	99.6	
99.3	89.5	
98.9	99.2	
98.9	99.4	
98.9	89.5	
89.2	89.7	
99.3	99.6	
99.1	89.1	
99.3	89.7	
99.3	99.6	
89.2	99.6	
98.5	99.6	
98.9	99.6	
99.3	99.6	
89.2	99.2	
99.1	99	
99.3	99.6	
99.1	99.6	
99.3	99.6	
99.3	99.4	
99.3	79.4	
99.1	99.4	
99.3	99.6	
99.3	99.6	
99.3	99.6	
99.1	99.6	
98.9	99.6	
99.3	99.4	
99.3	99.4	
99.1	99.6	
98.9	99.6	
98.9	99.6	
99.3	89.7	
99.3	99.2	
99.3	99.4	
98.9	99.4	
99.3	99	
99.1	99	
98.9	99.4	
99.3	88.9	
98.9	99.4	
99.1	99.6	
99.1	99.4	
99.3	99.6	
79.3	99.6	
99.3	99.6	
98.9	89.1	
99.1	99.6	
99.3	99.4	
89	99.6	
99.1	99.6	
99.3	99.6	
99.3	99.6	
99.3	99.4	
99.3	99.6	
98.7	99.6	
99.3	99.6	
98.7	99.6	
99.3	99.6	
89	99.6	
89.2	99.6	
99.3	99.6	
99.1	99.6	
89.4	99.6	
99.1	59.4	
99.1	79.8	
98.9	99	
99.1	99.2	
99.3	89.3	
99.3	99.4	
99.3	89.3	
88.4	99.6	
98.9	99.6	
88.8	99.6	
98.7	89.5	
99.3	89.5	
99.1	99.6	
99.3	99.4	
99.1	99.6	
98.3	99.6	
99.3	89.5	
99.1	99.4	
99.3	99.2	
98.9	99.4	
99.1	99.6	
99.3	89.5	
79.5	99.6	
99.1	99.6	
99.3	99.6	
99.3	99.4	
99.3	89.5	
99.3	99.6	
99.3	99.6	
99.3	99.6	
99.3	99.6	
99.3	99.6	
99.3	99.6	
99.3	99.6	
89.2	89.5	
99.1	99.6	
99.1	98.8	
98.9	99.4	
98.5	99.6	
99.3	99.6	
99.3	99.6	
98.9	89.1	
99.1	99.4	
99.3	99.6	
99.3	99.6	
99.3	99.4	
99.3	99.6	
89.2	99.6	
99.3	99.6	
99.3	89.5	
98.5	89.5	
99.3	99.6	
99.3	99.6	
99.3	99.6	
99.1	99.6	
99.3	99.6	
99.3	99.6	
99.3	99.6	
99.1	99.6	
99.3	89.1	
99.1	99.6	
99.3	89.5	
99.3	89.1	
99.3	99.6	
99.3	99.6	
99.3	99.6	
78.9	99.4	
98.9	99.6	
99.3	89.7	
99.3	99.6	
79.3	99.6	
99.1	89.5	
99.1	89.5	
99.3	99.6	
99.1	99.6	
99.3	99.6	
99.3	99.6	
99.3	99.6	
89.4	99.6	
99.1	99.6	
99.3	99.6	
98.7	99.6	
99.1	99.4	
89	99.6	
99.3	99.6	
99.3	69.3	
98.9	99.4	
99.3	99.6	
99.3	99.6	
99.3	99.4	
99.3	99.6	
99.1	99.6	
89.2	79.6	
99.3	99.6	
99.3	99.6	
99.3	99.6	
99.1	99.6	
99.3	89.1	
89.4	99.6	
99.3	89.5	
99.1	99.4	
98.9	99.6	
79.3	99.6	
99.3	89.7	
99.1	99.6	
79.3	99.4	
99.3	99.2	
99.3	99.6	
99.1	99.6	
99.1	99.6	
99.3	79.4	
99.3	99.4	
99.3	89.3	
98.9	99.6	
99.3	99	
99.1	99.6	
99.3	99.2	
99.3	99.6	
79.3	99.6	
98.9	99.6	
89	99.6	
98.9	99.6	
99.3	99.6	
99.1	99.4	
99.3	99.6	
98.9	99.6	
98.9	99.6	
89	99.6	
99.3	99.6	
99.3	99.6	
99.3	99.6	
99.3	99.6	
99.3	99.4	
99.3	89.5	
99.3	99.6	
89	99.6	
99.3	89.5	
89.2	99.2	
98.9	99	
88.4	99.6	
88.8	79.4	
99.1	99.6	
98.9	99.4	
98.9	99.6	
99.3	99.6	
99.3	99.6	
98.9	99.6	
99.3	99.6	
99.3	89.7	
98.9	99.6	
99.3	99.6	
99.1	99.6	
99.3	99.6	
99.1	99	
99.3	99.6	
98.9	99.6	
99.1	99.6	
99.3	99.6	
99.3	99.6	
99.3	99.6	
99.1	99.6	
99.3	99.6	
89.2	89.5	
99.3	99.6	
99.3	99.6	
99.1	99.6	
98.9	99.2	
99.3	99.6	
99.3	99.6	
99.3	99.6	
99.3	99.6	
99.1	99.6	
89	89.5	
89	99.4	
99.1	99.6	
99.1	99.6	
98.9	99.6	
99.3	99.6	
99.1	99.6	
99.1	99.6	
99.3	99.6	
99.3	99.6	
89.2	99.4	
99.1	99.6	
99.3	99.6	
98.5	99.6	
99.3	99.6	
89.4	99.4	
98.7	99.4	
99.3	99.6	
98.9	89.5	
99.1	89.7	
99.3	99.6	
98.9	99.6	
89.2	99.6	
98.7	99.6	
99.3	99.6	
99.1	99.6	
89	99.6	
99.1	99.6	
89.2	89.1	
89	99.6	
99.3	99.4	
98.9	99.6	
99.3	99.6	
99.3	99.6	
89.2	89.5	
99.3	89.7	
99.3	99.6	
99.1	89.7	
99.3	99.6	
99.1	99.6	
99.3	99.2	
99.3	99.6	
78.9	99.4	
98.9	89.7	
99.1	99.4	
98.7	99.6	
99.3	99.4	
99.3	89.5	
89.2	99.6	
98.9	99.6	
99.1	89.5	
99.3	89.5	
98.7	99.6	
98.5	99.6	
99.3	89.5	
99.1	89.5	
99.1	99.6	
88.6	99.6	
99.3	99.6	
99.3	99.6	
99.3	99.4	
89.2	99.6	
78.9	89.7	
99.1	99.6	
88.6	99.6	
99.3	89.5	
99.3	99.6	
98.9	99.6	
99.1	99.6	
99.1	99.6	
99.1	99.6	
98.3	99.6	
99.3	99.6	
89.2	99.6	
99.3	99.2	
99.3	99.6	
98.9	99.6	
99.3	99.2	
89.4	89.5	
99.3	99.6	
99.3	99.4	
98.9	99.6	
99.3	99.6	
99.3	99.4	
99.1	99.4	
99.1	99.2	
99.3	99.6	
98.3	89.5	
99.3	99.6	
99.1	99.4	
99.3	99.4	
78.3	79.4	
99.3	99.6	
99.3	99.6	
99.1	89.1	
99.3	99.6	
98.7	99.6	
99.3	99.6	
89.2	89.5	
98.5	99.6	
89.2	99.6	
98.9	89.5	
99.3	99.6	
89	89.5	
98.9	99.6	
99.3	99.6	
99.3	89.5	
99.3	99.6	
98.3	99.4	
99.3	99.6	
99.3	99.4	
89	99.4	
99.3	89.7	
99.3	89.5	
99.3	89.5	
88.8	89.7	
99.1	89.5	
89.2	99.2	
99.3	99.4	
99.1	89.3	
88.6	99.6	
89.4	99.6	
89.4	99.6	
99.3	99.6	
99.3	99.6	
99.1	99.6	
98.9	99.6	
99.3	99.6	
99.3	99.6	
99.1	99.4	
99.3	99.6	
99.3	99.6	
99.1	99.6	
99.3	89.3	
98.7	99.4	
99.3	99.6	
99.1	69.7	
89.2	89.1	
99.3	99.4	
99.1	89.5	
99.3	99.6	
89.2	99.4	
99.3	99.6	
89.2	99.6	
99.1	99.4	
99.1	99.6	
88.6	89.5	
99.3	99.6	
98.9	99.6	
99.3	99.6	
89	99.6	
98.5	99.6	
99.3	99.4	
99.1	99.6	
99.3	89.5	
99.1	89.5	
99.3	99.6	
99.3	99.6	
89.4	89.5	
99.3	99.6	
98.9	99.6	
98.9	99.6	
99.3	99.6	
99.3	99.6	
99.3	99.6	
99.1	99.6	
99.3	99.6	
99.1	99.2	
98.9	99.6	
99.1	99.6	
89.4	99.6	
99.3	99.6	
99.1	99.6	
99.3	89.5	
89.4	89.5	
98.9	99.6	
98.5	99.6	
99.1	99.2	
89	99.6	
99.3	99.6	
88.8	99.6	
99.3	99.6	
99.1	99.6	
99.3	99.6	
99.1	79.4	
89.2	89.3	
99.3	99.4	
99.3	89.7	
98.9	99.6	
99.1	99.6	
98.9	99.6	
98.9	99.6	
99.3	99.6	
99.3	99.6	
99.3	99.4	
99.3	99.4	
99.3	99.4	
99.3	99.6	
88.6	99.6	
99.1	99.6	
89	89.3	
99.1	99.6	
99.3	99.6	
99.3	99.4	
99.3	99.6	
99.1	99.6	
87.4	79.4	
98.7	99.6	
89.4	99.6	
98.9	99.6	
99.1	99.6	
89.2	89.5	
99.3	99.6	
89.2	89.5	
99.1	99.2	
98.9	99.4	
99.1	89.5	
99.3	99.6	
99.1	99.6	
88.2	99.4	
99.1	99.6	
89	89.1	
99.3	99.6	
99.3	99.6	
98.7	89.3	
98.9	99.6	
99.3	89.5	
89.2	99.4	
99.3	99.6	
99.3	99.6	
99.3	99.6	
99.3	99.6	
99.1	99.6	
89.2	89.3	
99.3	99.2	
99.1	99.6	
99.3	99.6	
98.5	99.6	
98.5	99.6	
99.3	99.6	
79.1	99.6	
88.6	99.6	
99.1	99.4	
59.1	99.6	
99.3	99.6	
89.2	99.4	
98.9	99.6	
99.3	99.6	
99.3	99.6	
99.1	99.6	
99.3	89.7	
99.1	99.6	
89.2	79.4	
88.6	99.6	
99.3	99.6	
99.3	99.6	
99.3	89.3	
99.3	89.5	
88.8	99.4	
99.3	99.6	
99.3	79.4	
99.3	99.4	
99.3	99	
99.3	99.2	
99.3	99.2	
99.1	69.7	
99.3	99.6	
99.3	99.6	
98.7	89.3	
99.1	99.6	
99.1	99.6	
99.1	99.6	
89.2	99.4	
99.3	98.6	
88.8	99.6	
99.3	99.6	
99.1	99.6	
89	99.6	
99.3	99.4	
89.2	99.6	
99.1	99.6	
89	99.6	
99.3	99.4	
99.3	99.6	
99.3	99.6	
99.3	99.4	
99.1	89.7	
99.3	99.6	
98.7	79.4	
98.5	99.4	
89.2	99.6	
99.3	99.6	
89.4	99.6	
99.3	99.6	
99.3	99.6	
99.1	99.6	
99.3	99.4	
99.3	99.6	
89.2	99.6	
78.5	99.2	
99.3	89.7	
99.3	99.6	
99.1	89.3	
99.3	99.6	
99.1	99.6	
99.3	89.5	
98.7	99.6	
98.7	89.5	
99.1	99.6	
99.3	99.2	
89	99.6	
99.1	99.6	
99.1	89.5	
99.1	99.6	
88.4	99	
98.9	89.7	
99.3	99.6	
99.1	99.6	
99.3	99.4	
98.9	99.6	
99.3	99.6	
98.9	99.4	
88.2	99.6	
99.3	99.4	
99.1	99.6	
99.1	99.6	
98.5	99.6	
99.1	99.2	
98.9	99.6	
89.2	99.6	
78.9	88.7	
99.3	99.4	
99.3	99.4	
99.3	99.6	
89.2	99.4	
99.3	99.6	
98.9	99.6	
79.1	99.6	
89.2	99.6	
99.3	99.6	
99.1	99.6	
99.3	99.6	
99.1	89.5	
98.7	99.6	
99.3	89.5	
99.3	99.4	
99.3	98.8	
99.1	89.5	
99.3	89.5	
99.1	99.6	
99.3	99.6	
98.5	99.6	
99.3	99.6	
78.3	99.6	
99.1	99.6	
99.3	99.6	
89	99.2	
99.1	89.5	
99.3	99.6	
89.2	89.5	
98.9	99.6	
89.2	99.6	
89.2	99.6	
89.2	99.6	
98.9	99.4	
99.1	99.6	
98.9	99.6	
99.1	99.6	
98.9	99.6	
98.5	99.4	
99.1	99.6	
99.3	99.6	
89.2	89.5	
89.4	99.6	
99.1	99.2	
98.9	99.6	
79.3	99.6	
99.1	99.6	
99.1	99.6	
99.3	99.6	
99.3	99.6	
89	99.6	
88.8	99.6	
99.3	99.6	
99.1	99.6	
99.3	99.6	
98.9	99.6	
89	89.7	
99.3	99.6	
99.1	89.5	
99.3	99.4	
99.3	99.6	
99.3	99.6	
99.3	99.6	
98.9	99.4	
99.1	99.4	
99.3	89.5	
99.3	99.6	
99.1	99.6	
99.3	99.6	
99.3	99.6	
99.3	89.5	
99.3	99.6	
89	99.6	
98.9	99.4	
99.1	99.6	
99.3	99.2	
99.3	99.2	
99.1	99.6	
89.4	99.6	
99.3	99.4	
79.1	99.6	
98.9	99.6	
99.3	99.6	
98.9	99.6	
89	99.6	
98.9	99.6	
88.8	99.6	
99.3	99.6	
99.3	59.4	
98.7	88.9	
99.1	99.6	
89.2	99.2	
99.3	99.4	
89	99.6	
99.3	99.6	
99.3	99.6	
99.3	99.6	
78.5	99.6	
99.3	99.6	
99.3	99.6	
89	99.6	
98.5	99.6	
99.3	99.4	
99.3	89.5	
99.1	99.6	
98.7	99.6	
89.2	79.6	
99.3	99.6	
89	99.6	
98.7	99.6	
99.1	99.6	
98.9	99.4	
99.1	99.2	
99.3	99.6	
99.3	99.6	
99.3	99.6	
98.7	99.6	
99.3	99.4	
99.1	99.6	
99.3	99.6	
99.3	99.6	
99.3	99.4	
99.3	99.6	
99.3	99.6	
99.1	99.6	
99.1	99.6	
89	99.4	
99.3	99.6	
98.9	99.6	
89.2	79.4	
99.1	99.6	
99.3	99.6	
99.1	99.6	
99.3	89.5	
99.3	99.6	
89.2	99.6	
99.3	99	
99.3	99.6	
89.4	99.6	
89.2	98.6	
99.3	99.6	
99.3	99.6	
98.9	99.6	
99.3	99.6	
88.8	99.6	
99.3	88.7	
98.9	99.4	
99.3	99.6	
99.3	99.6	
99.3	99.6	
99.1	99.6	
89.4	99.6	
98.7	89.5	
88.6	99.2	
98.7	99.6	
99.3	99.6	
99.1	89.5	
99.3	99.6	
99.3	99.6	
89	99.6	
89	99.6	
99.1	99.4	
89	79.8	
99.1	99.6	
99.3	99.2	
98.7	99.6	
99.1	88.9	
88.8	89.3	
89.2	99.2	
99.3	99.6	
99.1	99.6	
99.3	99.4	
99.1	99.6	
99.3	99.4	
99.3	99.2	
99.1	99.6	
89.4	99.6	
99.3	89.3	
89	99.6	
99.3	99.6	
99.3	99.4	
89.2	99.6	
98.7	99.2	
98.9	99.6	
99.3	99.4	
98.7	99.6	
99.3	99.6	
98.9	99.6	
99.1	99.4	
98.7	99.6	
98.5	99.6	
99.1	99.6	
89.4	99.6	
99.3	79.4	
99.3	99.6	
98.3	99.4	
99.3	99.6	
99.3	99.2	
99.1	99.6	
89	99.6	
99.1	99.4	
99.3	89.3	
99.3	88.9	
98.9	99.4	
99.3	99.6	
99.1	99	
99.3	89.5	
99.3	99.6	
99.3	99.4	
88.8	99.2	
98.9	99.6	
99.1	99.6	
99.3	99.6	
99.3	89.7	
99.3	99.6	
99.3	99	
99.3	99.4	
99.1	99.2	
78.5	89.1	
99.3	99.4	
99.3	89.5	
98.5	99.4	
99.3	99.4	
99.3	99.4	
98.9	99.6	
98.9	99.6	
99.3	89.7	
89.2	99.2	
98.9	99.2	
99.3	98.8	
99.3	99.6	
99.3	99.6	
99.3	89.5	
99.3	89.3	
99.3	99.6	
99.3	99.6	
99.3	79.4	
99.1	99.2	
99.3	99.6	
99.3	99.4	
98.9	98.8	
99.1	99.6	
89.2	99.2	
99.3	99.6	
99.3	79.8	
89.2	99.6	
68.8	99.4	
89	99.4	
99.1	89.5	
99.1	99.6	
99.3	88.9	
89	99.6	
99.3	89.5	
99.3	79.6	
99.3	99.6	
99.1	99.6	
99.3	99.6	
99.3	99.6	
99.3	99.6	
98.9	99.6	
99.3	99.4	
99.3	99.4	
99.1	99.4	
99.3	99	
99.3	89.3	
99.1	79	
99.3	99.4	
98.7	99.6	
99.1	99.2	
99.3	99.4	
99.1	99.6	
99.3	89.7	
98.9	98.8	
98.9	99.4	
89.4	89.3	
99.3	89.5	
89	99.4	
99.3	99.6	
99.3	99.6	
99.3	89.5	
99.1	99.2	
99.3	99.6	
99.3	99.6	
98.7	99.6	
99.3	99.4	
99.1	89.7	
98.9	89.5	
99.3	99.6	
99.3	99.6	
89	99.6	
99.3	99.6	
89.2	89.5	
99.3	99.2	
99.3	99.2	
99.1	99.6	
89.2	99.4	
99.1	99.6	
89	99.6	
99.1	99.4	
99.3	99.6	
99.3	99.4	
99.1	79.6	
99.3	99.6	
99.1	99.6	
98.9	99.6	
99.1	99.6	
89.2	99.6	
99.3	89.5	
99.3	99.6	
89	89.3	
99.3	89.5	
99.3	99.4	
98.9	99.6	
98.7	99.6	
98.9	99.6	
99.3	98.6	
99.1	99.4	
79.1	99.4	
99.3	89.5	
79.3	99.6	
99.1	89.5	
89.4	89.5	
99.3	99.6	
99.1	99.6	
89	99.6	
99.3	99.6	
89.4	99.6	
99.3	99.4	
99.1	89.5	
99.3	99.6	
99.3	99.6	
99.3	99.4	
99.3	99.6	
99.3	99.6	
99.1	99.2	
89	99.6	
99.3	99.6	
99.1	79.6	
99.3	99.6	
99.3	99.4	
89.4	99.6	
99.1	99.6	
99.3	99.2	
98.9	99.4	
99.3	59	
98.9	89.5	
98.9	99.4	
99.3	99.4	
78.9	99.6	
99.3	99.6	
99.1	89.7	
99.1	99.4	
99.3	99.6	
99.3	89.5	
99.1	99.6	
99.1	89.7	
98.9	89.5	
99.3	89.5	
89.2	99.4	
