96.5	99.2	
97.3	89.7	
96.9	99.6	
88.2	99.6	
99.1	99.2	
99.3	99.6	
77.7	99.6	
97.3	89.5	
98.5	99.6	
99.1	99.6	
98.5	99.4	
87.6	99.4	
57.3	99.6	
96.9	99.2	
86.8	99.6	
97.7	89.7	
98.9	98.6	
99.3	99.4	
99.3	99.4	
96.7	99.6	
99.1	99.2	
99.3	99.6	
88	99.6	
88.2	99.6	
98.3	89.7	
76.5	99.6	
97.3	99.6	
98.9	99.6	
88.6	99.4	
98.1	98.6	
98.7	99.6	
98.1	89.7	
55.9	99.4	
98.5	89.3	
68	88.9	
96.5	99.6	
97.7	79	
98.9	99.4	
98.9	99.4	
98.9	99.4	
98.5	89.1	
99.1	89.3	
78.9	99.4	
88.8	99.6	
78.5	98.8	
87.8	99.4	
89	99	
79.1	99.6	
57.9	99.6	
78.3	99	
99.1	99.2	
98.3	99.6	
98.7	99.2	
89.2	99.6	
98.9	99	
87.6	99.2	
78.3	99.4	
55.9	99.6	
58.3	99.4	
79.3	99.6	
67.4	99.6	
99.1	99.2	
67.4	99.4	
98.9	99.6	
97.7	99.2	
97.9	99.6	
98.9	79.4	
99.1	99.4	
98.1	99.6	
99.3	89.3	
98.9	89.7	
98.1	89.3	
87.8	99.4	
86.2	88.5	
85.8	99.6	
78.5	98.4	
98.5	88.9	
89.2	99.4	
98.1	99.4	
99.3	89.3	
97.9	99.2	
98.3	99.4	
88.8	99.4	
96.3	99.6	
86.8	99.2	
99.3	89.3	
97.9	99.2	
88.2	99.4	
99.1	99.6	
98.1	99.6	
98.9	98.4	
77.5	99.6	
98.1	99.6	
74.9	99.6	
98.7	99.6	
88.8	99.4	
67	99.2	
98.7	99.4	
98.3	99.6	
78.5	99	
89	98.2	
89.2	98.6	
99.1	99	
96.7	99.6	
57.1	88.9	
99.3	99.6	
96.1	99.4	
88.6	99.4	
98.9	89.7	
88.8	99.6	
99.1	99.6	
87.8	98.4	
98.3	99.6	
98.7	89.7	
87.2	89.1	
98.5	99.4	
98.7	99.6	
98.7	99.4	
98.7	89.5	
98.3	99.6	
88.2	99.4	
78.7	99.4	
98.7	99.6	
98.5	99	
99.1	99	
98.5	89.5	
88.2	99.2	
98.3	99.6	
98.5	99.4	
98.7	99.6	
75.1	89.5	
99.1	79.6	
99.1	99.6	
97.9	99.6	
67.6	89.3	
68	99.4	
99.3	98.4	
98.7	99.2	
98.5	99.6	
67.2	99.6	
98.7	99.4	
97.9	99.4	
89	99.6	
97.5	99.6	
89.4	89.7	
98.7	99.6	
98.7	99.6	
89.2	99.6	
78.3	99.6	
96.3	89.3	
99.1	99.6	
97.7	99.2	
99.3	99.6	
77.9	89.3	
89.2	99.4	
88.2	99.6	
98.5	99.4	
97.9	98.8	
97.5	99.4	
89.2	99.6	
79.1	99.6	
98.9	98.4	
67.4	99.6	
99.1	99.6	
98.3	89.7	
99.3	99.2	
97.3	99.6	
87.8	79.6	
97.3	99.2	
99.1	89.5	
88	98.4	
94.5	99.6	
97.3	99.6	
98.5	99	
98.7	99.6	
98.7	89.5	
97.5	99.2	
74.7	99.6	
87.6	99.6	
88.2	99.4	
98.3	99.4	
98.9	79.6	
99.3	89.7	
98.9	99.4	
88.8	99.2	
98.5	89.1	
98.9	99.6	
86.8	99.4	
97.3	99.2	
88.2	99.6	
96.7	99.6	
99.1	99.4	
98.9	99.2	
97.3	99.2	
97.9	99.2	
88.6	99.6	
98.9	99.4	
97.3	99.4	
98.5	99.4	
98.3	99.4	
97.7	99.4	
84.8	98.8	
98.9	99.6	
98.5	89.1	
89	89.5	
99.1	79.4	
68.2	99.4	
98.7	99.2	
98.7	99.6	
89	89.7	
78.3	98.8	
67.4	98.8	
88.2	99	
98.5	99.4	
96.9	99	
98.9	98.8	
69.7	89.5	
88.8	99.6	
97.3	89.5	
66.4	99.4	
16.1	99.6	
78.7	99.2	
77.9	89.5	
76.7	99.4	
89.4	99.4	
98.5	99.4	
95.1	99.4	
99.1	99.6	
96.5	89.7	
98.1	98.8	
67.6	99.6	
98.9	99.6	
97.7	89.7	
86	98.8	
98.9	89.7	
58.5	99.6	
88.8	89.5	
38.1	99.4	
96.3	99.6	
75.9	89.5	
98.5	98.6	
97.7	89.5	
78.9	99.4	
88.6	99.6	
99.1	99.4	
98.9	99.4	
89.4	99.4	
99.1	99.6	
96.5	79.2	
97.1	99.4	
75.5	99.4	
89.2	99.6	
97.5	99.4	
97.5	99.6	
97.7	99.6	
85.8	99.6	
89.4	99.4	
98.9	99.6	
88.8	89.3	
99.1	98.4	
98.9	99.2	
87	89.5	
97.7	99.6	
98.7	99.6	
99.1	99.4	
98.5	99.2	
78.9	99.2	
98.1	97.8	
88.8	89.5	
77.5	99.4	
99.1	99.6	
98.7	99.6	
98.5	99.6	
98.3	99.6	
99.3	99.6	
79.1	99.6	
97.5	99.6	
99.1	98.8	
99.3	99.4	
98.7	89.7	
80.2	99.2	
94.9	79.4	
75.5	99.4	
86.8	99.6	
77.3	99.4	
76.7	99.2	
77.1	99.2	
99.1	97.6	
88.8	99.6	
68.6	99.6	
98.9	89.1	
89	99.6	
95.3	99.6	
97.3	89.7	
98.1	99.6	
88.8	99.6	
99.1	98.6	
96.9	89.7	
98.9	99.6	
98.7	99.2	
98.1	99.4	
97.7	99.6	
96.9	99.6	
97.1	99.4	
97.9	99.6	
85.8	89.3	
98.3	99.4	
69	99	
97.5	99.2	
88.2	89.7	
99.1	99.6	
85.6	99.6	
95.5	98.8	
97.5	99.6	
98.7	99	
99.3	89.7	
69	99.6	
98.3	99.6	
86.6	99.6	
96.1	99.6	
88.4	99.4	
75.3	99	
97.3	99.4	
99.3	99.6	
96.9	99.6	
95.1	99.6	
99.3	99.6	
89.2	99	
88.8	99.4	
88.4	99.4	
98.7	99.4	
78.7	99.6	
98.9	98.8	
97.9	99	
98.9	99.6	
97.9	99.2	
98.7	99	
87.6	99.6	
88.6	99.2	
87.8	99.4	
97.3	99.6	
98.5	99.6	
99.1	98.8	
98.3	98.8	
99.3	89.7	
89.9	99.6	
78.3	99.4	
99.3	99.4	
97.9	99.4	
89.4	89.5	
88.2	89.5	
66.6	99.6	
77.7	99.4	
77.9	99.6	
88.8	99.6	
76.9	99.6	
98.1	89.5	
88.6	99.6	
98.9	99	
98.9	99.6	
87.2	99	
98.9	99.2	
67	99.6	
96.3	79.6	
68	99.6	
98.3	89.3	
89.2	99.4	
88.2	99.4	
95.9	99.6	
98.3	99.4	
99.3	99.6	
86.8	99.2	
98.1	89.7	
99.3	99	
88.4	99.6	
99.3	99.4	
94.9	99.4	
98.7	99.6	
97.3	99.6	
98.7	99.6	
99.1	88.7	
87.6	99.6	
88.6	99.4	
96.7	99.2	
87.4	99.6	
97.9	99.2	
63.2	89.7	
89.2	98.6	
76.9	99.4	
98.9	99.4	
88.6	89.7	
96.9	69.3	
77.5	99.4	
99.3	99.2	
97.7	89.3	
96.7	99.4	
66.6	89.5	
79.1	99.2	
99.3	99.6	
98.7	99	
88.8	98.8	
98.9	99	
97.9	99.4	
88.4	99.2	
72.9	99.6	
66.6	99.6	
89	98.6	
88.2	99.6	
99.1	99.6	
98.7	89.5	
97.9	99.2	
77.9	89.1	
99.3	89.7	
98.1	99	
88.6	99.2	
66.8	99.6	
99.1	99.2	
96.7	99.4	
98.9	99.4	
78.5	89.7	
97.5	99.4	
98.3	99	
77.5	99.6	
98.7	99.4	
98.1	98.6	
89	89.5	
98.3	99	
98.5	99	
89.2	99	
88.6	99.2	
98.3	99.6	
99.1	89.7	
98.1	99.6	
99.3	99.4	
88	99.4	
97.1	99.6	
88.2	99.2	
98.1	99.6	
89.2	99.4	
98.1	98.8	
99.1	79.4	
98.9	99.4	
76.5	99.6	
98.3	99.6	
99.3	89.5	
78.1	99.6	
98.1	99.6	
99.1	99.6	
97.7	99.6	
98.5	89.1	
99.3	89.3	
98.3	99.2	
98.7	99.6	
88.2	88.9	
98.5	89.5	
88.6	98.8	
87.8	99.4	
86.2	99.2	
89.4	98.8	
87.2	99.6	
98.9	99.6	
99.1	99.4	
78.7	99.4	
88	98.8	
96.7	99.2	
98.1	89.1	
98.3	89.1	
97.5	99.6	
89	99.6	
98.9	99.6	
88.8	99.4	
99.1	98.2	
78.9	99.2	
95.1	99.4	
97.5	79.6	
98.5	98.8	
97.9	99.6	
77.7	99.4	
98.9	88.3	
88.6	89.7	
98.5	89.5	
78.3	99	
98.9	99.6	
98.7	99.6	
88	99.2	
75.7	99.2	
89	99	
85.8	98.8	
88.6	99.4	
99.3	99.4	
89.4	99.6	
67.2	99.4	
97.9	99.2	
78.9	99.4	
87	99.2	
95.7	99.4	
66.8	99.6	
98.3	99.4	
98.3	99.6	
97.1	99.2	
98.1	99.6	
77.1	89.5	
97.9	89.5	
78.9	68.5	
99.1	89.7	
88.2	88.9	
96.5	99.6	
87	99	
98.3	89.7	
99.1	99.4	
96.3	89.1	
98.5	99	
97.3	99.2	
99.1	99.4	
98.3	99	
98.3	99.6	
88.6	99.6	
98.5	99.4	
97.9	99.6	
68	99.6	
99.3	89.7	
65.8	89.7	
77.5	99.6	
96.7	99.2	
97.7	99.4	
87	99.4	
72.3	99.4	
95.7	99.6	
98.7	99.6	
98.5	99.2	
87.6	99.2	
97.9	99.2	
68.8	99.4	
98.5	99.6	
97.7	99.6	
88.8	99.6	
95.9	99.6	
94.5	99.6	
88.6	89.5	
78.9	79.4	
88	99.6	
88.2	99.6	
83.4	99.6	
97.9	99.6	
99.1	99.4	
79.1	89.1	
98.5	99.4	
99.1	99.6	
98.9	88.5	
88.4	99.2	
98.1	99.2	
99.3	89.7	
98.7	99.6	
88.8	99.6	
89.2	99.4	
86.4	99.6	
98.9	99.6	
97.7	98.6	
99.1	99.6	
97.1	99.6	
89	99.2	
99.1	99.4	
84.6	99.6	
98.3	89.3	
84.2	99.4	
88.4	99.4	
98.1	98.8	
98.7	89.5	
98.1	99.6	
98.5	79.2	
85.4	99.6	
98.3	99.4	
96.1	99	
96.3	99.6	
85	99.6	
98.9	99.4	
89.2	89.5	
97.5	99.2	
87.6	99.6	
96.1	99.6	
86.6	99.4	
89	99.6	
77.9	99.6	
98.9	99.6	
98.9	99.4	
97.9	99.6	
89.2	99.6	
96.9	99.4	
88.6	99	
78.7	79.2	
89.2	99.4	
96.7	99.6	
99.3	99.6	
96.5	99.6	
98.9	99.4	
99.1	99	
97.7	99.4	
97.9	88.7	
99.1	89.3	
98.7	99.4	
89.4	99.6	
86.8	98.6	
78.9	99.6	
96.7	99.6	
98.9	99.2	
99.1	99.4	
95.9	99.6	
99.1	99.6	
89.2	99	
99.3	89.5	
97.3	99.4	
88.2	99	
78.1	99.2	
78.3	99.6	
99.3	99.4	
98.9	99.2	
99.1	99.6	
99.3	89.1	
97.9	99.2	
99.3	99.2	
98.7	99.6	
97.9	99.2	
98.1	99.4	
99.3	99.4	
98.9	89.5	
95.1	99.6	
89.2	99.6	
97.7	99	
99.1	99.6	
87.8	99.6	
98.1	89.3	
98.3	79.4	
99.1	99	
99.3	99.6	
97.5	99.4	
99.1	99.6	
99.1	89.3	
98.5	89.1	
69	99.2	
68.8	89.1	
98.9	99.6	
86.8	99.6	
89.2	99.2	
88.6	99.4	
97.5	89.5	
98.1	99.6	
99.1	99.2	
89	98.8	
88.2	89.3	
99.1	99.6	
97.7	99.4	
98.9	99.4	
77.9	89.7	
87.8	99.6	
97.5	89.3	
98.3	99.6	
99.3	99.6	
88	99.2	
98.5	99.6	
84.4	99.6	
99.1	99.6	
98.1	99.6	
97.3	99.2	
87.8	99.2	
79.1	99.6	
99.1	99.6	
97.9	99.4	
77.5	99.4	
78.3	99.6	
86.4	99.6	
77.9	99	
99.3	99	
99.1	98.8	
98.9	89.1	
78.9	99	
97.7	79.2	
98.3	98.4	
96.5	99.6	
97.3	99.6	
99.3	89.5	
98.9	89.3	
78.3	99.4	
99.3	99.2	
87.8	99.6	
98.3	99.4	
99.3	99.6	
98.3	99.6	
98.9	89.3	
77.3	89.5	
89	89.5	
79.1	99.6	
98.7	99.6	
95.9	99.4	
99.1	89.3	
98.3	89.7	
98.1	99.4	
98.7	99.4	
89.2	99.4	
94.7	99	
98.7	99.6	
77.9	99.6	
99.1	99.6	
88.8	99.4	
98.5	99.6	
98.9	99.4	
98.7	99.4	
89	99.2	
77.7	99.4	
98.9	99.4	
88.2	99.2	
98.1	99	
98.7	99.6	
97.5	99.4	
89.2	89.3	
98.9	99.6	
98.9	99.4	
87.8	89.7	
97.7	99.6	
98.1	99.2	
98.3	99	
87.2	89.3	
97.9	89.5	
88.8	99.6	
98.9	89.5	
98.9	99.6	
88.6	99.2	
98.3	99.6	
98.3	99.6	
88	89.7	
56.3	99.6	
86.2	99.6	
68.2	99.6	
98.9	99.4	
97.7	89.7	
99.1	89.5	
98.3	99.6	
88.2	99.6	
98.1	99.4	
98.7	89.7	
98.7	99.2	
98.3	89.7	
99.1	89.3	
97.1	98.8	
89.4	99.2	
97.3	89.3	
99.3	99.6	
98.7	99.6	
78.3	99.4	
89	99.6	
98.3	99.6	
88.8	99.2	
84.6	99.6	
97.5	99	
17.7	89.7	
98.1	99.4	
97.1	89.5	
98.5	99.6	
95.3	89.5	
85.6	99.6	
88.6	99	
99.1	99.6	
78.5	99.6	
98.5	99.4	
99.1	99.6	
88.8	99.6	
96.7	89.5	
99.3	98.8	
98.9	99.6	
98.9	99.6	
97.9	99.6	
99.1	99.6	
99.3	99.6	
98.7	99.4	
98.5	99.6	
58.7	99.4	
88.2	99.6	
98.3	99.6	
98.1	98.8	
98.7	89.7	
84.4	99.4	
98.9	99.6	
99.1	98.2	
86	99.4	
98.5	89.5	
99.3	99.4	
76.7	99.2	
97.9	99.6	
96.3	99.6	
89	99.6	
67.6	99.4	
96.5	99.6	
98.7	99.4	
99.3	99.2	
79.1	99.2	
87.2	99.4	
86.8	89.3	
97.3	99.4	
86.8	88.9	
88.6	99.2	
98.7	89.7	
98.5	88.9	
89	99.4	
78.1	99.6	
98.9	99.6	
56.1	98.8	
98.7	99.4	
98.9	89.3	
96.1	99.4	
79.1	99.6	
99.1	99.6	
58.5	99.6	
87.8	99.6	
96.9	99.4	
88.6	99.6	
94.5	99.6	
88.6	99.6	
96.7	88.5	
99.1	99	
88.4	99.4	
98.5	89.5	
89.2	99.6	
99.1	99.6	
94.7	99.2	
87.6	98.8	
48.4	99.6	
66.4	99.4	
88.6	99.6	
88.8	99.4	
69	99.2	
88	99.6	
86	88.9	
99.1	99.6	
96.3	99.6	
98.7	99.6	
98.1	98.4	
99.1	99.6	
98.7	99.6	
98.5	99.2	
89.4	99.6	
99.3	98.8	
88.6	99.4	
97.7	89.5	
99.3	99.2	
87.6	99.6	
99.3	99.4	
99.1	88.3	
89.2	98.6	
98.1	99.6	
97.9	99.4	
87.4	99.6	
66.2	99	
82.8	99.6	
78.9	99.2	
88.6	99.6	
98.7	99.4	
98.9	99.4	
97.7	99.6	
89.2	99.4	
88	99.4	
97.3	99.6	
98.1	99.4	
99.1	99.6	
99.1	98.8	
89	89.7	
98.9	99.6	
76.5	99	
67.4	99.4	
87.4	99.6	
96.1	99.6	
79.1	99.6	
97.7	99.4	
98.7	99	
68	88.9	
98.3	99	
97.7	99.6	
98.1	99.6	
97.1	89.5	
97.7	99.6	
95.5	89.5	
88.8	89.3	
85	99.6	
98.7	99.4	
99.1	99.6	
99.1	89.5	
77.3	99.6	
79.1	99.4	
88.2	99.4	
96.1	99.6	
98.7	99.4	
98.5	99.4	
98.9	99.2	
98.1	98.8	
99.3	99.6	
98.9	79.6	
78.1	99.6	
97.3	79.4	
93.7	99	
96.9	99.2	
87.4	99.4	
96.9	88.9	
78.9	99.6	
67.6	99.4	
86.6	99.6	
98.3	98.6	
17.5	79.6	
98.9	98.8	
98.7	99.4	
89	99.4	
87.6	99.6	
98.7	99.4	
97.5	99.4	
99.3	99.6	
99.1	99	
96.3	99.4	
78.1	79.2	
99.1	99.6	
97.3	99.6	
89.2	99	
68.6	99.4	
97.9	99.2	
96.9	99	
98.9	88.7	
98.9	79.4	
89	99.4	
98.9	88.7	
96.3	99.6	
98.7	99.6	
96.9	99.4	
97.9	99.6	
76.1	99.6	
98.5	99.6	
95.1	99.6	
99.1	99.6	
98.7	99.6	
98.1	99.6	
88.4	99.4	
96.3	89.1	
77.9	89.3	
99.1	99.6	
99.3	89.3	
76.9	99.6	
86.2	99.4	
99.1	89.5	
68.6	89.5	
87.4	99.2	
99.1	99.6	
98.3	99.2	
99.1	99.6	
95.9	89.3	
88.6	99.2	
98.3	79	
99.3	98.8	
78.7	99	
97.9	99.6	
78.3	99.6	
99.3	99.2	
98.1	99	
78.3	79.6	
88.2	98.6	
68.8	99.4	
97.3	89.3	
88.4	99.6	
98.9	99.6	
98.7	89.5	
97.3	99.6	
85.8	89.7	
98.3	78.6	
89.2	99.4	
99.1	99.2	
86.6	89.5	
98.9	99.6	
79.1	99.4	
97.7	99.2	
98.7	99.6	
97.7	99.6	
99.1	99.2	
98.7	89.7	
89.2	99.2	
98.7	99.6	
56.5	99.2	
99.1	88.3	
98.7	89.7	
87.4	98.6	
89.2	99.2	
99.1	99.2	
88.2	99.6	
78.5	99.6	
98.9	99.6	
99.3	99.6	
76.9	99.4	
98.1	88.7	
98.1	99.4	
98.1	99.6	
88.6	89.5	
98.5	99.6	
87.2	99.4	
97.9	99.4	
38.1	99.6	
99.1	99.4	
98.7	99.4	
