99.3	99.2	
99.1	99.6	
99.1	89.5	
99.3	89.3	
98.9	99.6	
99.1	98.8	
99.3	99.6	
98.9	99.4	
98.9	99.6	
98.3	99.2	
99.3	99.4	
98.9	99.4	
99.1	89.5	
99.3	89.1	
99.3	99.6	
99.3	89.7	
99.3	99.6	
99.1	99.6	
99.3	99.6	
99.3	89.5	
99.3	99.6	
99.3	99.6	
98.9	99	
99.1	99.4	
99.1	99	
99.3	99.6	
98.9	99.6	
98.7	99.6	
99.1	99.6	
99.1	99.4	
98.9	99.2	
98.7	99.6	
99.1	99.6	
99.3	99.4	
99.3	99.4	
99.3	99.2	
98.9	99.6	
98.5	89.5	
99.1	99.6	
99.1	99.6	
99.3	98.8	
98.3	99.6	
99.1	99.6	
99.1	99.4	
99.1	99.4	
98.7	99.6	
99.3	99.6	
99.3	99.6	
98.9	99.4	
98.7	99.6	
99.3	99.6	
99.3	89.3	
99.1	99.4	
99.3	99.4	
99.3	99.6	
98.9	99.2	
98.5	99.6	
99.3	99.4	
98.9	99.6	
99.3	79.4	
99.1	99.2	
99.1	99.4	
77.9	99.6	
98.7	99.4	
98.1	99.2	
98.9	98	
99.1	99.6	
98.9	99.6	
98.9	99.2	
99.1	99.6	
99.1	99.4	
99.1	89.1	
99.1	99.2	
99.3	98.8	
98.5	99.4	
99.3	99.6	
98.7	89.7	
98.9	99.6	
99.3	99.4	
98.9	99.4	
98.9	99.6	
98.9	88.9	
99.1	99.4	
99.3	99.6	
69	99	
97.9	99.4	
99.1	99.4	
99.1	99.6	
99.1	99.2	
98.9	99.6	
99.1	99.6	
99.1	99.6	
98.9	99.4	
99.3	99.4	
99.3	99.4	
89.4	89.3	
99.1	99.4	
98.9	99.4	
98.7	98.4	
99.3	99.6	
99.3	89.5	
88.8	89.5	
98.9	99.2	
99.1	99.2	
99.1	99.2	
99.3	99.4	
99.3	99.6	
98.9	99.2	
99.1	99.4	
99.3	99.2	
67.8	99.6	
99.1	99.6	
99.3	99.2	
99.3	99.4	
99.3	99.2	
99.1	89.3	
99.3	98.6	
99.3	99.6	
98.7	99.6	
99.3	89.5	
99.1	89.7	
99.3	99.6	
99.1	89.7	
99.3	99.4	
99.3	99.6	
99.3	89.5	
99.3	99.4	
99.3	99.6	
99.3	99	
99.1	99.4	
99.3	99.6	
99.1	99.6	
99.3	99.2	
98.9	99	
98.9	99.4	
99.3	99.6	
98.9	99.2	
99.3	89.1	
98.9	98.8	
98.9	89.5	
98.9	99.6	
99.3	89.1	
98.5	99.2	
99.1	99.4	
99.1	89.7	
98.9	99.6	
99.3	99.2	
99.3	99.6	
99.3	99.6	
99.3	99.6	
98.9	99.4	
98.9	99.4	
98.9	99.6	
99.3	99.6	
99.3	99.2	
99.1	99.6	
98.9	99.6	
98.9	89.5	
99.3	89.7	
99.1	89.3	
99.3	99.2	
99.3	99.6	
99.1	99.4	
99.1	99.4	
99.1	89.5	
98.9	99.6	
99.3	99.6	
99.3	99.6	
99.1	99.4	
99.1	99.2	
98.3	99	
98.9	99.6	
99.3	99.6	
99.3	99.4	
99.1	99.4	
99.3	89.5	
99.1	99.6	
99.3	69.3	
99.3	79.4	
98.3	99	
99.1	99.4	
99.3	99.2	
99.1	99.6	
98.7	99.4	
98.9	98.8	
99.3	79.4	
98.5	99.6	
99.3	99.6	
98.7	99.2	
98.9	99.6	
98.7	99.4	
99.3	99.6	
98.9	98.8	
99.3	99.4	
99.3	99	
98.7	99.6	
98.7	99.4	
99.3	89.7	
99.1	89.7	
99.1	99.6	
99.3	99.6	
99.3	99.6	
99.1	99	
98.7	99.6	
98.3	99.4	
99.1	99.6	
98.7	99.6	
99.3	99.4	
79.1	99.6	
88.8	99.6	
99.1	99	
99.3	99.2	
99.1	88.9	
99.3	99.6	
98.9	99.4	
97.9	99.2	
98.1	99.6	
99.1	99.6	
99.1	99.4	
98.9	99.6	
99.1	99.6	
99.3	99	
99.1	99.2	
99.1	99.6	
98.9	99.4	
98.9	99.2	
99.3	99.6	
99.1	99.6	
99.3	89.1	
98.9	99.6	
99.3	99.6	
98.7	99.6	
98.5	99.4	
99.1	89.7	
99.1	99.6	
97.9	99.6	
98.5	99.6	
99.3	78.8	
99.1	99.4	
99.3	79.2	
98.9	99.2	
99.1	88.7	
99.3	99.2	
98.5	99	
98.7	99.2	
99.1	99.2	
98.9	99.4	
99.3	99.6	
98.7	99	
98.7	89.7	
99.3	99.6	
99.3	99.4	
98.9	99.4	
99.1	99.4	
98.7	99.6	
98.9	99.4	
98.5	99.6	
98.7	99.4	
99.1	99.6	
99.3	69.5	
98.9	98.6	
98.5	99.6	
99.3	99.4	
98.7	99.6	
99.3	89.7	
98.9	89.5	
99.1	99.6	
98.9	99.6	
98.9	99.4	
98.7	89.7	
99.3	99	
38.5	99	
99.3	99.2	
99.1	99.6	
98.3	99.2	
98.9	99.2	
99.3	99.4	
98.9	99.6	
99.1	79.6	
99.3	98.8	
98.9	99.6	
99.3	99.6	
99.3	99.6	
99.3	89.7	
99.1	99	
99.3	99.6	
99.1	89.3	
99.3	99.6	
99.1	99.4	
68.6	99.6	
99.3	89.5	
99.3	99.4	
98.9	99.6	
98.7	99.4	
99.1	99.6	
99.3	99.6	
99.3	99.6	
98.7	99.6	
97.9	99.6	
99.3	99.4	
99.1	89.5	
98.9	99.6	
98.7	99	
99.3	99.6	
99.3	99.2	
99.3	99.4	
99.1	99.2	
89.2	89.3	
99.1	99.6	
99.1	89.7	
99.3	99.6	
99.3	99.6	
98.7	89.5	
99.3	99.4	
99.1	89.1	
78.1	89.1	
99.3	99.4	
99.1	99.6	
98.5	99.6	
99.1	89.7	
68.6	99.2	
99.1	99.4	
98.3	99.6	
99.3	99.6	
98.9	89.7	
98.5	99.6	
98.3	99.2	
99.1	99.6	
97.9	69.3	
99.3	98.8	
99.3	99.6	
99.1	99.4	
89.2	99.6	
98.7	99.4	
98.7	99.2	
98.7	99.6	
99.1	89.7	
99.3	89.5	
99.1	99.4	
99.3	89.3	
99.1	99.6	
98.9	99.4	
98.9	99.6	
99.3	99.6	
98.7	99.6	
98.5	99.6	
98.7	99.2	
89.2	89.1	
98.7	99.6	
99.3	99.4	
99.3	89.5	
99.1	99	
99.3	99.4	
99.1	99.4	
99.3	99.6	
99.3	99.6	
98.3	89.5	
99.3	99.4	
99.3	99.2	
98.7	99.4	
98.5	99.6	
99.3	99.4	
98.3	88.9	
99.3	99.4	
99.1	99.4	
98.9	89.7	
99.3	79	
99.1	89.3	
97.9	99.4	
99.1	99.4	
98.5	89.3	
99.3	99.2	
99.1	99.6	
99.3	99.6	
99.1	89.3	
98.5	89.1	
99.1	99.6	
98.9	99.6	
99.1	89.5	
98.9	99.2	
99.1	89.5	
99.3	99.6	
99.3	99.4	
98.9	89.5	
99.3	89.5	
99.1	99.4	
98.3	99.6	
98.9	79.4	
97.3	99.4	
99.1	89.5	
99.1	99.4	
99.1	99.6	
99.1	99.4	
98.7	89.5	
98.9	99.6	
98.9	99.6	
98.9	99.6	
99.3	89.3	
98.7	99.2	
98.9	99.6	
99.3	99.4	
99.1	99.6	
98.5	99.6	
98.9	99.6	
99.3	89.5	
99.3	89.5	
99.3	89.5	
99.1	99.4	
98.9	99.4	
98.7	89.3	
99.1	99.4	
99.1	99.2	
99.3	99.6	
98.7	89.5	
98.9	99.4	
98.7	99.6	
89.4	99.6	
98.7	89.7	
99.1	99.4	
99.3	99.4	
99.3	99.6	
98.9	99.6	
99.3	99.4	
98.5	99.4	
99.3	99.6	
99.3	99.6	
99.3	99.4	
99.3	99.2	
99.3	98.4	
99.1	99.4	
98.7	99.2	
99.1	99.6	
99.3	99.6	
89	99.2	
98.9	99.4	
99.3	98.8	
98.5	99.6	
99.3	89.5	
99.3	99.6	
98.7	89.3	
99.3	89.1	
98.9	79.4	
98.9	99.6	
99.1	99.6	
98.9	99.4	
99.3	99.6	
98.9	99.6	
88.8	99.6	
99.3	99.6	
99.3	99.6	
99.1	99.4	
99.3	89.3	
78.3	99.6	
99.1	89.3	
99.3	99.4	
99.3	99.4	
79.1	99.4	
99.1	99.6	
99.1	99.6	
98.9	99.6	
98.7	99.6	
98.9	99.6	
99.3	99.6	
79.1	99.6	
99.1	99.4	
99.3	99.4	
99.1	99.6	
98.7	99.6	
98.7	99.4	
99.1	99.4	
99.1	99.6	
99.3	79	
99.1	99.6	
89.2	89.7	
99.3	99	
99.3	99.6	
99.3	99.4	
99.3	99.4	
99.3	89.7	
99.1	99.6	
98.9	99.6	
98.9	89.7	
99.1	99.6	
99.1	99.4	
98.9	89.7	
99.1	99.6	
98.9	99.2	
97.9	99.2	
99.3	99.6	
99.3	99.6	
99.3	99.6	
98.9	99.6	
88.2	89.5	
99.3	99.4	
98.9	89.3	
99.1	99	
99.3	99.6	
98.9	99.4	
98.9	99.6	
98.7	99.6	
99.3	89.5	
99.1	99.2	
98.9	99.6	
99.1	99.6	
97.9	99.4	
99.3	99.4	
99.3	99.4	
98.7	99.6	
98.9	99.6	
98.3	99.6	
98.7	99.6	
99.3	99.6	
99.3	99	
98.5	98.8	
99.1	99	
98.1	99.4	
28.4	99.4	
98.7	99.4	
99.3	99.6	
99.1	99.4	
98.7	89.1	
99.1	99.6	
98.5	99.6	
99.3	89.7	
98.9	89.7	
98.9	99.4	
98.1	99.4	
99.1	99.6	
99.3	99.6	
99.1	99.6	
99.3	99.4	
98.7	99.6	
99.1	99.4	
99.1	99.6	
98.9	89.1	
99.1	99.6	
98.5	89.5	
98.3	98.6	
99.1	99.6	
99.3	89.5	
98.5	88.5	
98.5	99.4	
99.3	99.6	
99.1	99.6	
99.1	99.2	
99.3	99.2	
98.5	99.4	
98.9	98.8	
99.1	99.4	
98.3	99.6	
99.3	89.3	
98.9	99.6	
99.1	99.4	
99.3	99.6	
98.9	98.6	
99.3	99.4	
99.3	99.6	
68.8	99.2	
99.3	99.4	
98.9	99.2	
99.1	99.2	
99.3	99.6	
98.9	99.4	
99.1	89.3	
99.1	89.5	
98.7	99.6	
99.3	99.6	
78.1	99.6	
99.3	99.6	
98.9	99.6	
99.3	99.4	
99.1	79.2	
99.1	99.6	
99.3	99.6	
99.3	88.9	
99.1	99.6	
99.3	89.5	
99.1	99.6	
98.9	99.4	
98.9	79.4	
98.9	99.4	
99.1	99.6	
99.1	98.8	
98.7	79.6	
98.5	99.6	
99.3	99.6	
98.7	89.3	
99.1	99.6	
99.1	89.5	
99.3	99.4	
98.7	79.6	
98.3	99.6	
99.1	99.6	
98.7	99.4	
98.9	99.4	
98.9	99.6	
99.3	99.2	
98.5	99.4	
98.5	99.4	
98.7	89.3	
98.9	99.6	
98.9	89.7	
98.1	89.7	
99.3	99.6	
89.2	99	
98.9	99.6	
98.9	99.4	
99.3	99.4	
98.9	99.6	
99.1	99.6	
98.5	99.6	
99.1	89.5	
99.3	99.4	
98.9	89.5	
98.9	89.7	
99.1	99.6	
98.9	99.6	
98.5	99.6	
98.9	98.6	
98.3	98.8	
99.1	99.6	
98.9	99.4	
99.3	99.6	
98.7	99.6	
97.9	99.4	
98.9	77.8	
98.9	99	
99.3	99.4	
99.3	99	
99.1	99.6	
98.9	99.6	
98.5	99.4	
98.5	99.4	
99.1	99.4	
98.9	99.4	
98.9	99.6	
99.3	99.6	
99.1	99.6	
46.8	99.6	
99.1	99.6	
99.1	99.2	
99.1	99.6	
99.1	99.2	
99.3	99.6	
98.9	99.6	
48.8	99.2	
99.1	99.6	
99.3	99.6	
99.3	99.2	
99.3	89.5	
98.7	89.7	
99.3	99.2	
99.1	99	
99.1	99.6	
99.3	99.6	
99.1	99.6	
98.9	99.6	
99.1	99.6	
98.5	99.2	
98.7	99.6	
99.3	99.6	
99.3	99.6	
98.9	99.6	
99.1	99.6	
99.1	79	
99.3	99.6	
98.7	99.6	
99.1	99.6	
99.1	89.1	
99.1	99.6	
99.1	79.6	
99.3	99.6	
99.3	99.2	
99.1	89.5	
99.1	89.7	
98.3	99.6	
99.3	99.6	
98.9	99.6	
98.9	99.4	
99.1	99.6	
98.9	99.6	
78.9	99.6	
98.7	99.4	
99.3	99.6	
99.3	99.2	
99.3	89.5	
99.1	89.7	
99.1	99.6	
99.3	99.6	
99.3	89.3	
99.1	99.2	
98.9	89.7	
98.9	89.7	
99.3	99.6	
99.3	99.6	
98.9	99	
99.3	68.9	
99.3	99.4	
99.3	99.6	
99.3	99.2	
98.1	89.7	
99.3	99.4	
99.1	99.6	
98.9	99.6	
99.1	89.5	
99.1	99.6	
98.5	99.6	
98.9	89.5	
99.3	89.5	
98.5	99.6	
99.3	99.6	
98.9	99.6	
98.7	99.6	
99.1	99.6	
98.9	89.5	
99.3	99.6	
99.1	99.6	
99.1	99.4	
98.7	79.4	
98.5	99.6	
99.3	99.4	
99.1	99.6	
98.7	99.4	
99.1	99.6	
99.3	99.4	
88.2	98.8	
98.9	79.6	
98.9	99.6	
98.3	99.6	
89.2	99.6	
98.5	89.5	
99.3	99.6	
99.3	99.2	
97.9	99.6	
99.1	99.6	
98.9	99.6	
98.5	89.3	
99.3	99.4	
98.9	99.6	
99.3	99.4	
99.1	99.6	
98.3	99.4	
99.1	99.6	
99.1	99.6	
99.3	99.6	
99.3	99.4	
98.9	89.5	
98.7	89.5	
99.1	99.4	
99.3	99.6	
99.1	99.6	
99.3	89.5	
98.9	99.2	
99.1	99.2	
98.7	99.6	
99.3	89.5	
98.7	99.4	
99.1	89.5	
97.9	89.5	
99.3	89.5	
99.3	88.9	
98.9	99.4	
98.9	99.6	
98.9	99	
99.3	89.3	
98.9	99.4	
99.1	89.1	
98.9	99.6	
99.3	99.6	
99.3	98.8	
99.1	99.6	
86.6	99.4	
98.5	99.4	
98.9	99.6	
99.3	99.4	
99.1	98.6	
99.1	99.6	
99.3	99.4	
99.3	99.6	
99.3	99.6	
88.6	99.6	
99.3	99.6	
99.3	89.7	
99.1	99.6	
98.9	99.2	
99.1	99.6	
98.5	99.4	
98.7	99.6	
98.7	99.6	
99.3	99.4	
98.5	99.4	
98.9	99	
98.9	99.6	
99.1	99.6	
99.3	99.6	
99.3	99.6	
98.1	99.6	
98.9	99.6	
99.1	89.7	
99.3	99.4	
98.7	99.6	
99.3	89.7	
99.3	99.6	
99.3	99.2	
98.9	99.6	
99.3	99.6	
98.9	99.6	
98.9	99.6	
98.5	99.6	
98.9	99.6	
99.1	99.2	
99.1	99.6	
99.1	99.4	
99.3	99.2	
98.7	99.2	
98.9	99.6	
89.2	99.6	
99.3	99.6	
98.9	89.5	
99.3	99.4	
98.9	89.1	
99.3	99.6	
99.3	99.6	
99.3	99.4	
99.1	99.6	
99.1	89.7	
99.3	99.4	
99.3	89.3	
99.1	99.2	
97.9	79.6	
99.3	99.6	
99.1	99.4	
99.1	99.2	
98.9	89.7	
99.1	99.4	
99.3	99.6	
98.7	99.4	
99.3	89.7	
98.9	99.6	
98.9	89.7	
99.1	99.6	
98.5	99.2	
98.9	99.6	
99.3	99.4	
99.3	99.2	
99.1	99.6	
98.7	99.6	
99.1	99.4	
98.7	99.2	
99.3	99.4	
97.7	99.6	
99.3	99.2	
99.3	99.4	
98.9	99.6	
98.3	99	
99.1	99.2	
99.1	99.4	
99.1	99.6	
98.7	99.4	
99.3	99.4	
99.1	88.9	
99.3	99.6	
99.3	99.6	
98.3	99.4	
99.3	99.2	
99.3	99.2	
98.9	99.2	
99.1	99.6	
98.9	99.2	
99.3	99.6	
99.1	99.4	
99.3	99.6	
99.1	99.6	
99.1	99.6	
89	99.2	
99.3	99.6	
98.7	99.4	
99.3	99	
98.9	89.3	
99.3	99.2	
99.1	99.2	
99.3	99.2	
98.9	99.6	
98.3	99.4	
99.3	99.6	
89	99.4	
99.1	99.6	
99.1	99.6	
98.5	99.4	
99.3	89.5	
99.1	98.8	
99.3	99.4	
98.1	89.7	
79.3	99.4	
98.7	88.9	
99.1	99.2	
99.1	99.6	
99.3	99.6	
99.1	99.4	
99.3	99.6	
98.9	99.6	
99.3	99.2	
98.5	99.2	
99.1	99	
98.9	88.9	
99.1	99.4	
99.3	99.6	
99.3	99.4	
98.9	99.6	
98.7	99.6	
99.1	89.5	
99.1	99.6	
99.3	99.4	
99.3	99.4	
99.3	99.2	
99.1	99.6	
99.1	99.6	
99.3	99.6	
99.3	99.6	
99.1	99	
99.3	99.4	
98.7	89.1	
99.3	99.4	
98.9	99.6	
99.1	99.6	
98.3	99.4	
99.3	99.4	
99.3	99.4	
98.9	79.4	
99.1	99.6	
98.7	78.8	
98.9	99	
99.1	89.5	
98.7	99.4	
99.1	89.1	
99.3	99.6	
99.1	99.6	
98.9	99.2	
98.7	99.6	
98.7	99.6	
99.3	99.6	
98.3	99.6	
99.3	99.6	
98.7	99.6	
99.3	99.6	
99.3	99.4	
98.7	99.6	
99.3	99.6	
99.3	99.6	
97.9	99.2	
98.9	99.6	
98.5	99.4	
99.3	99.2	
99.3	99.4	
99.1	89.3	
89	99.6	
99.1	99.6	
99.1	99.6	
98.9	98.8	
99.1	99.4	
99.3	99.4	
98.9	79	
99.1	99.6	
98.9	99.2	
98.9	89.1	
99.1	99.6	
98.7	89.1	
99.3	99.2	
99.1	99	
99.1	99.6	
99.3	99.4	
89	79.4	
99.3	99.6	
99.1	99.6	
99.3	99.4	
98.7	99.4	
58.7	99.6	
99.3	99.2	
98.9	99.4	
98.7	99.6	
99.1	99.6	
98.5	99.4	
99.3	89.5	
68.8	99.4	
98.1	99.4	
98.9	99.2	
99.3	99.6	
99.1	89.3	
98.3	99.6	
98.1	99.6	
98.7	99.6	
98.7	99.2	
98.9	99.4	
98.7	99	
99.3	89.5	
99.1	99.6	
99.3	99.4	
98.7	99.4	
98.1	99.4	
98.3	99.6	
