79.5	99.6	
98.7	89.7	
99.3	89.5	
99.1	99.6	
97.7	89.3	
69.2	99.6	
98.5	89.7	
99.1	99.6	
98.7	89.7	
88.2	79.6	
89.2	89.7	
69.2	89.7	
99.3	99.4	
99.1	89.7	
78.7	89.7	
99.3	89.7	
98.5	89.7	
98.9	99.6	
99.3	99.6	
99.3	89.7	
98.9	99.2	
98.5	89.7	
99.3	99.4	
99.3	89.5	
99.1	89.7	
98.7	99.2	
99.1	88.9	
98.3	89.7	
27.2	89.7	
89.2	99.6	
98.7	99.6	
98.3	89.7	
99.1	89.5	
68.4	89.7	
99.1	99.6	
98.3	79.4	
98.9	89.1	
98.7	99.4	
98.7	89.7	
99.1	99.4	
99.3	99.6	
98.9	99.6	
99.3	89.7	
99.1	89.7	
98.9	89.7	
99.3	89.7	
98.9	89.5	
98.7	89.3	
99.3	89.7	
98.7	99.6	
99.1	89.7	
99.1	89.5	
98.9	89.7	
78.3	89.7	
99.3	89.1	
99.1	89.7	
99.1	89.1	
98.9	88.1	
98.7	89.5	
98.1	89.7	
98.7	89.7	
99.3	89.7	
99.1	89.5	
99.3	99.4	
98.5	89.5	
87.8	99.4	
98.3	79.6	
99.1	99.2	
99.3	89.3	
69.4	99.6	
79.3	99	
99.3	99.4	
98.9	99.4	
98.9	89.3	
99.1	89.7	
99.1	89.7	
99.1	99.6	
99.1	79.4	
98.7	89.7	
98.9	89.5	
99.3	99.6	
99.1	79.4	
98.9	89.7	
99.1	89.7	
98.7	79.6	
99.3	99.6	
98.7	89.7	
98.7	99.6	
99.3	89.7	
99.3	89.7	
98.9	89.7	
99.1	89.7	
98.5	89.7	
99.1	89.7	
98.3	99.4	
99.1	89.7	
78.7	68.9	
99.1	79	
69.2	89.7	
99.3	89.5	
98.3	89.3	
99.3	89.1	
98.7	99.6	
77.9	89.5	
99.1	99.6	
98.9	89.7	
98.7	79.6	
99.3	89.7	
99.3	89.5	
99.1	89.7	
98.7	89.7	
99.1	89.5	
99.1	99.4	
99.3	89.7	
78.7	99.6	
98.5	89.7	
99.3	89.5	
98.9	99.6	
98.9	98.6	
99.3	99.2	
97.9	99.6	
98.9	89.5	
98.7	99.4	
98.9	89.7	
88.4	89.7	
99.3	89.5	
98.9	99.4	
98.9	89.5	
99.3	89.3	
98.9	89.3	
99.3	89.5	
99.3	68.7	
98.5	99.4	
98.3	89.7	
99.3	99	
98.9	89.7	
99.3	99.2	
98.5	79.6	
98.9	99.4	
99.3	97.4	
99.1	98.4	
99.1	99.6	
99.3	89.5	
99.3	89.7	
99.3	99.6	
98.9	99.4	
99.1	89.7	
99.1	89.7	
98.9	89.7	
98.7	89.3	
99.1	99.6	
98.9	89.7	
88.8	89.7	
98.9	99.6	
99.3	89.3	
99.3	89.7	
99.3	89.5	
99.1	79.6	
98.5	89.5	
98.7	89.7	
79.3	99.6	
99.1	89.5	
99.1	89.7	
99.1	89.7	
98.9	99.6	
98.7	89.3	
98.3	89.7	
98.9	79.6	
99.1	89.7	
68.4	89.5	
98.7	79.4	
99.3	89.3	
99.3	89.1	
99.3	89.7	
98.9	99.6	
98.9	99.6	
99.3	78.4	
99.3	89.7	
99.1	99.6	
98.7	99.6	
99.1	69.1	
98.9	99.2	
98.5	89.7	
99.3	89.7	
99.3	89.7	
78.9	89.7	
78.5	89.7	
98.3	89.7	
98.9	89.5	
98.3	89.7	
98.9	99.4	
99.3	99	
99.3	89.7	
99.3	99.4	
99.3	99.4	
99.1	89.7	
99.3	99.6	
99.3	79.6	
99.3	89.5	
99.1	89.7	
98.1	89.3	
79.5	89.7	
99.1	89.7	
99.3	89.7	
79.5	99	
99.3	89.7	
99.3	98.6	
98.5	88.5	
98.9	79	
98.9	99.6	
98.9	99.6	
99.1	89.7	
99.1	89.5	
98.9	89.7	
99.3	79.4	
98.7	89.5	
99.1	99.6	
99.1	89.7	
98.9	89.5	
99.3	79.4	
99.3	99.4	
99.1	89.7	
99.1	89.7	
78.3	89.7	
89.4	89.7	
99.3	79.4	
98.5	89.7	
99.3	89.7	
98.7	99.6	
99.1	99.6	
97.9	89.7	
99.3	89.7	
99.1	89.7	
98.9	99	
99.1	89.7	
98.9	89.7	
99.1	89.5	
99.1	99.6	
98.9	89.5	
99.3	99.4	
98.7	89.7	
99.1	89.7	
98.9	79.6	
78.3	89.7	
99.3	79.6	
98.5	98	
99.3	89.7	
99.1	89.7	
99.3	99.6	
99.3	89.7	
98.9	99.6	
98.1	89.7	
99.3	99	
99.3	89.3	
98.3	79.4	
98.7	89.5	
58.9	99.6	
98.7	88.9	
99.3	79.6	
99.3	99.6	
99.3	99.6	
99.1	79.6	
79.5	89.7	
98.9	79.2	
98.9	99.6	
99.3	79.6	
99.1	99.6	
99.1	89.7	
98.9	99.6	
99.3	89.7	
98.9	89.7	
98.7	99.4	
88.6	89.7	
98.3	99.2	
99.3	89.7	
87.4	99.6	
79.5	89.7	
68.8	79.4	
99.3	99.4	
98.9	99.4	
99.1	99.6	
98.3	99.6	
99.3	99.6	
99.3	89.3	
98.7	99.4	
99.1	89.5	
99.3	89.7	
98.7	99.6	
99.1	89.7	
99.1	89.5	
99.3	89.5	
98.9	89.7	
99.3	99.6	
89.2	79.6	
98.5	99.4	
98.1	79	
99.3	89.7	
99.1	79.6	
99.1	89.1	
99.3	99.2	
99.1	89.7	
99.3	89.7	
99.1	99.6	
99.3	89.5	
98.5	89.7	
99.1	79.4	
99.1	99.4	
98.7	88.3	
98.3	99.4	
79.5	99.6	
99.3	89.7	
78.9	89.3	
98.7	89.7	
99.3	89.5	
98.9	99.6	
98.9	89.5	
99.1	79.4	
98.9	89.7	
98.9	99.6	
99.3	89.7	
99.1	89.7	
99.1	99.6	
99.3	89.7	
99.3	99.4	
98.7	89.7	
99.3	89.7	
98.7	89.3	
98.5	89.7	
79.5	88.9	
99.3	89.5	
99.1	89.7	
99.3	89.5	
99.1	98.8	
99.3	99.6	
98.9	89.5	
99.3	88.5	
89	89.7	
77.3	89.5	
99.3	89.7	
99.1	89.7	
99.3	99.6	
99.1	89.7	
99.3	89.3	
99.1	89.7	
79.3	99.6	
79.3	99.6	
99.1	89.7	
99.1	79.2	
98.9	99.6	
98.9	89.5	
99.1	79.6	
99.3	89.7	
99.3	99.6	
99.3	79.4	
99.1	88.9	
98.5	89.7	
98.7	89.3	
99.3	79.4	
98.5	89.7	
99.3	89.7	
98.5	89.5	
98.7	89.7	
98.9	99.4	
99.1	89.7	
99.1	99.6	
78.7	89.7	
97.9	79.6	
99.1	99.4	
98.9	99.6	
98.7	89.7	
99.3	99.4	
98.9	99.4	
98.7	99.6	
98.7	99.6	
39.3	88.7	
99.3	89.5	
88.4	79.6	
99.1	99.4	
99.1	89.7	
99.3	89.5	
98.5	99.4	
79.3	79.6	
99.3	89.5	
99.3	89.7	
99.1	89.5	
69	89.7	
98.9	99.2	
99.3	89.7	
99.1	88.1	
98.9	89.3	
99.3	99.6	
98.5	99.4	
99.3	89.5	
98.9	79.4	
99.1	99.6	
98.7	89.7	
99.3	89.7	
99.3	89.7	
98.5	89.7	
98.7	99.6	
98.9	89.3	
99.3	89.3	
98.9	89.3	
98.7	89.7	
99.1	99.6	
98.9	89.3	
99.3	99.6	
79.3	89.3	
99.1	89.3	
98.9	99.6	
99.3	99.4	
97.9	89.7	
99.3	89.7	
99.1	99.2	
99.1	99.4	
99.1	89.3	
99.1	79.2	
99.3	99.6	
99.3	99.6	
99.1	89.7	
99.1	89.5	
88.8	89.1	
99.1	88.9	
98.9	89.7	
79.5	69.3	
97.9	89.3	
98.5	89.7	
99.3	99.6	
98.1	89.7	
98.9	89.5	
98.9	99.2	
99.3	89.7	
98.7	89.7	
99.3	89.7	
99.3	99.6	
99.3	89.7	
58.9	99.2	
99.1	99.6	
99.3	99.4	
78.3	76.4	
99.3	99.4	
98.9	89.3	
99.3	89.5	
99.3	89.7	
99.1	89.7	
78.1	89.7	
99.1	89.7	
98.5	99.6	
98.1	89.7	
98.5	89.5	
98.7	88.9	
98.9	89.3	
99.1	89.7	
99.3	89.1	
99.3	99.4	
98.3	99.6	
99.1	88.7	
99.1	89.5	
98.9	89.7	
79.5	99	
98.7	89.7	
98.9	99.4	
98.9	89.7	
99.3	89.7	
98.9	99.4	
98.9	89.7	
99.3	88.5	
98.9	79.4	
99.1	89.7	
99.1	89.7	
99.1	89.7	
98.7	89.7	
77.9	89.5	
98.9	89.1	
99.1	89.5	
99.1	79.4	
99.3	99.4	
99.3	89.7	
98.9	99	
98.3	88.7	
99.3	89.7	
59.1	99.6	
99.3	89.5	
98.9	99.6	
99.3	98.8	
98.9	99.6	
99.3	89.5	
98.5	89.7	
98.9	99.6	
99.1	99.6	
89.2	89.7	
98.9	99.6	
98.9	89.3	
98.9	89.7	
99.1	89.5	
98.9	99.6	
98.9	89.5	
79.3	89.7	
98.1	99.6	
99.3	89.7	
98.5	99.6	
99.3	89.7	
99.3	89.7	
78.5	79.6	
99.3	99.6	
99.1	89.7	
98.5	89.7	
98.3	99.6	
98.7	89.7	
99.3	99.4	
79.5	99.6	
99.3	79.4	
99.1	79.4	
98.9	89.7	
99.3	89.7	
99.3	58.6	
98.7	89.7	
99.3	89.3	
99.3	89.5	
98.7	89.7	
99.1	99.6	
99.3	88.9	
99.3	99.6	
98.5	99.4	
99.3	89.7	
57.1	89.7	
98.9	99.6	
98.9	89.7	
98.7	99.4	
98.7	99.6	
98.9	79.4	
99.3	99.4	
99.3	99.6	
98.7	99.6	
88	98.8	
98.7	89.7	
98.9	99.6	
99.1	79.4	
99.1	99.6	
98.9	89.7	
98.7	89.3	
99.1	89.5	
98.7	99.6	
99.3	78.8	
99.1	89.3	
99.3	89.7	
99.1	98.8	
98.3	99.6	
79.1	89.5	
99.3	89.1	
99.3	99.6	
88.8	99.4	
99.3	99.6	
98.9	99	
99.1	99.6	
99.1	89.7	
99.1	79	
99.1	89.5	
99.1	89.7	
99.1	89.5	
99.3	89.3	
99.3	99.4	
98.7	89.7	
98.5	99.6	
98.5	88.9	
79.5	79.6	
98.5	99.6	
99.1	89.5	
99.1	89.7	
99.3	99.2	
98.3	89.7	
99.1	89.5	
98.9	89.5	
99.1	89.7	
97.5	89.7	
99.3	79.4	
99.1	99.6	
99.3	99.6	
99.1	89.5	
98.9	99.6	
98.7	89.7	
99.3	99.4	
98.7	99.4	
78.7	99.6	
98.9	99.6	
98.9	89.7	
79.5	89.5	
99.3	89.7	
79.3	89.5	
99.1	89.7	
98.7	89.7	
99.3	99.4	
99.3	89.7	
98.5	99.4	
97.7	89.5	
99.1	99.6	
99.3	89.7	
97.9	89.7	
98.7	89.3	
98.9	99.6	
98.7	89.7	
99.3	89.7	
79.3	89.5	
98.9	99.4	
99.1	78.4	
99.3	89.7	
99.1	89.7	
98.3	89.7	
98.9	89.3	
79.5	99.6	
99.3	89.5	
99.1	99	
99.1	89.5	
99.3	89.5	
98.3	89.5	
98.3	99.6	
99.3	99.6	
99.1	99.4	
99.3	89.7	
98.5	89.7	
98.7	89.3	
99.1	99.6	
99.1	98.4	
99.3	79.2	
99.3	99.4	
99.1	89.5	
98.9	99.2	
98.5	89.7	
79.3	99.6	
99.1	89.7	
79.5	79.2	
98.9	99.6	
99.1	89.5	
99.3	89.7	
99.1	69.3	
99.3	89.7	
68	89.7	
98.9	99.2	
99.1	89.7	
98.9	89.7	
98.9	98.4	
98.7	89.7	
76.5	89.3	
99.3	99.6	
99.3	89.5	
98.9	89.7	
99.3	89.7	
69	99.4	
99.3	89.1	
98.7	88.9	
98.7	78.6	
99.1	99.4	
99.3	89.7	
99.3	89.7	
88.6	89.7	
98.5	89.5	
99.3	99.4	
98.9	89.7	
98.7	89.5	
79.5	79.6	
99.1	89.3	
99.1	89.7	
99.1	99.6	
99.3	89.7	
99.3	89.7	
99.1	89.5	
98.9	89.5	
79.5	99.4	
98.9	99.4	
99.3	89.7	
98.9	89.7	
99.1	99.6	
99.1	89.7	
79.1	79.6	
99.1	89.7	
99.1	89.7	
99.1	89.5	
98.3	89.5	
69.4	79.2	
99.3	89.7	
98.9	99.6	
98.7	89.7	
98.9	89.7	
98.9	88.9	
98.9	89.5	
98.9	89.7	
97.7	89.1	
98.9	89.7	
99.1	89.7	
99.1	99.6	
99.1	89.7	
98.9	99.2	
99.3	99.6	
99.3	89.5	
99.1	89.5	
99.3	89.3	
99.3	99.4	
99.3	89.7	
99.3	89.7	
98.5	99.6	
79.5	89.3	
99.1	89.7	
99.1	99.4	
99.1	99.6	
97.7	89.5	
99.3	99.6	
99.1	89.5	
99.3	99.4	
98.9	99.6	
98.7	69.3	
99.1	89.7	
99.3	99.2	
99.1	99.6	
98.9	89.5	
98.9	89.5	
99.1	99.6	
98.9	89.5	
99.3	99.6	
99.1	99.6	
99.1	89.7	
79.5	89.7	
99.3	99.6	
99.1	99.4	
98.9	79	
98.9	89.5	
99.3	69.5	
77.1	89.7	
99.1	89.5	
99.3	89.3	
99.1	78.8	
99.3	99.6	
98.9	89.5	
99.3	99.4	
98.9	89.7	
98.7	99.6	
99.3	99.2	
98.9	79.6	
99.1	99	
99.3	89.3	
98.9	99.2	
99.1	89.7	
99.1	89.7	
99.3	99.6	
98.9	89.7	
89.4	89.7	
79.1	99.6	
98.5	89.7	
99.3	89.5	
98.3	89.7	
99.1	99.6	
98.5	99.6	
99.1	79.6	
98.7	89.5	
99.1	89.5	
99.3	99.2	
99.3	99.6	
98.9	89.7	
99.3	79	
98.5	89.5	
98.7	89.7	
98.7	99.6	
98.9	89.5	
99.1	99.6	
99.1	89.7	
99.3	89.7	
78.5	99.2	
99.3	89.7	
99.1	99.2	
79.5	99.6	
99.3	89.7	
98.5	99.6	
98.1	77.4	
89	99.6	
98.7	99.6	
98.7	98.8	
99.3	99.4	
98.9	89.7	
99.3	99.6	
99.1	89.1	
99.1	69.5	
99.3	89.5	
99.1	89.1	
99.3	89.1	
87.2	79.6	
99.3	99.4	
88.6	79	
99.3	89.7	
99.3	89.3	
98.3	99.4	
99.1	89.7	
97.9	89.7	
98.9	79.4	
89	88.1	
99.1	99	
98.9	89.5	
98.7	89.7	
98.9	89.7	
99.3	89.7	
88.6	89.7	
98.5	99.6	
99.3	89.5	
99.1	89.3	
99.1	99.6	
99.3	99.2	
98.7	99.4	
99.1	79.4	
99.3	79.4	
99.3	89.5	
98.9	89.5	
98.7	79.4	
99.3	89.5	
98.9	99.6	
99.1	89.3	
98.9	77.8	
98.9	69.5	
99.3	89.1	
99.1	98	
99.1	89.7	
98.5	98.8	
99.3	89.7	
97.9	89.7	
99.1	89.7	
99.1	89.5	
98.9	89.7	
99.3	99.6	
99.3	89.5	
99.1	89.7	
99.3	99.4	
98.7	89.7	
98.7	99.6	
89.4	89.7	
98.7	89.7	
99.3	88.9	
99.1	79.6	
98.7	99.6	
99.1	99.6	
98.9	89.5	
98.9	99.2	
98.9	79.4	
99.1	89.5	
98.9	99.4	
98.7	89.7	
89.2	89.5	
98.9	89.7	
99.1	89.5	
98.5	89.7	
79.3	89.1	
99.3	89.7	
98.9	89.5	
78.5	89.7	
99.3	79.2	
99.3	99.4	
99.1	99.4	
98.9	89.7	
99.1	89.7	
99.3	78.6	
99.3	89.7	
99.1	99.6	
98.7	89.7	
99.3	69.1	
98.9	99.4	
99.3	89.5	
98.5	89.5	
79.1	89.5	
98.9	99.6	
58.5	89.5	
98.9	89.5	
99.1	89.5	
99.3	99.4	
98.7	89.7	
99.3	89.7	
98.3	99.6	
99.3	89.7	
98.7	89.3	
99.1	79.2	
99.3	89.5	
79.1	79.2	
79.3	89.3	
99.3	79.2	
89	89.7	
98.9	89.7	
99.1	89.7	
99.1	99.6	
99.1	89.7	
98.7	99.4	
98.1	99.4	
99.1	89.7	
99.3	79.4	
98.9	89.7	
99.3	89.3	
98.7	89.5	
99.3	99.2	
89	89.5	
78.5	89.7	
89	89.5	
99.3	99.6	
98.9	99.6	
89.2	89.7	
99.3	99.6	
98.1	79.6	
79.1	89.5	
98.7	89.7	
98.7	89.5	
98.3	99.6	
99.3	89.7	
99.3	99.6	
99.1	79	
99.1	89.7	
98.3	99.4	
89	99.6	
99.1	89.1	
99.1	89.5	
99.1	99.6	
79.5	99.6	
99.3	79.6	
99.1	89.7	
79.1	89.3	
79.5	99.4	
99.1	89.5	
79.5	89.5	
99.3	99.6	
99.3	99.6	
79.3	99.4	
99.3	89.3	
68.6	79.4	
98.1	89.3	
98.7	89.5	
98.9	99.6	
98.7	99.6	
99.3	89.5	
99.1	88.7	
99.1	89.7	
99.3	99.6	
99.3	79.6	
99.3	99.4	
99.3	99.6	
99.3	99.6	
98.9	99.6	
99.3	99.4	
98.9	89.5	
99.3	89.7	
98.9	89.5	
98.9	88.7	
99.3	89.5	
98.5	99.4	
98.5	99.4	
98.9	99.6	
99.3	89.3	
99.1	99.4	
99.3	89.7	
99.3	99.2	
98.5	89.5	
98.9	89.7	
98.9	99.6	
99.3	99.6	
99.1	89.7	
98.7	99.6	
89.2	89.3	
98.7	89.3	
98.5	79.4	
87.6	89.3	
99.3	89.7	
99.1	99.4	
98.9	99.6	
99.3	99.6	
98.9	89.7	
98.9	89.5	
78.7	89.5	
98.9	99.6	
99.3	89.1	
99.3	89.7	
99.1	89.5	
99.3	89.5	
98.5	89.1	
99.1	89.7	
99.1	99.6	
79.3	99.6	
98.9	99.2	
99.1	99.6	
97.5	89.5	
98.9	89.7	
98.7	89.7	
99.1	89.1	
99.1	89.3	
98.9	99.6	
99.1	89.7	
98.3	99.6	
98.9	99.6	
79.3	89.5	
99.3	89.5	
98.9	89.7	
99.3	99.4	
98.9	89.7	
98.9	99.6	
99.3	89.5	
99.1	89.5	
98.9	89.7	
99.1	89.7	
98.7	89.7	
98.9	79.4	
