88.8	99.2	
99.3	99.6	
99.3	99.6	
99.3	99.6	
99.3	99.6	
88.6	99.6	
99.3	99.4	
99.1	99.4	
98.9	99.6	
99.1	99.6	
99.1	99.6	
99.3	99.6	
99.3	89.7	
99.1	99.6	
88.2	99.6	
99.3	99.2	
99.3	99.2	
98.1	99.6	
99.1	99.6	
99.3	99.6	
99.1	99.6	
99.3	99.6	
99.3	99.6	
99.1	99	
99.3	89.7	
98.1	99.6	
99.3	96.4	
99.3	99.4	
99.1	99.6	
88.6	99.6	
99.3	99.4	
98.7	99.4	
99.3	99.6	
99.1	99.4	
99.3	99.6	
99.3	99.4	
98.9	99.4	
99.3	99.6	
99.3	99.4	
98.9	89.7	
99.3	99.6	
99.3	99.6	
99.3	99.6	
99.1	99.6	
98.9	99.4	
89.2	99.6	
99.1	99.6	
99.3	99.6	
77.7	99.6	
99.3	99.2	
99.1	99.4	
99.3	99.6	
98.9	99.6	
99.3	99.6	
99.3	99.6	
99.1	99.4	
99.1	99.4	
98.3	89.7	
98.9	99.4	
99.3	99.4	
99.1	99.6	
89	99.4	
99.3	99.4	
98.9	99.6	
99.3	99.6	
98.9	99.4	
99.3	99.6	
99.3	99.6	
99.3	88.9	
99.3	99.6	
99.1	99.4	
99.3	99.2	
99.3	99.6	
99.1	99.6	
99.1	99.6	
99.3	99.4	
99.3	99.6	
98.9	99.6	
99.1	99.6	
99.3	99.6	
98.9	99.4	
99.3	99.2	
99.3	99.6	
99.3	99.6	
98.9	99.6	
99.1	99.6	
99.3	99.6	
97.9	99.2	
99.3	99.4	
99.3	99.2	
98.9	99.4	
99.1	99.2	
99.3	99.4	
98.9	99.6	
88	99.6	
98.9	99.6	
98.9	99.6	
99.3	99.6	
98.9	99.6	
98.9	99.4	
88.6	99.4	
99.3	99.6	
99.1	99.4	
99.3	99.2	
98.3	89.7	
99.3	99.4	
99.1	99.6	
98.9	99.6	
99.3	99.6	
99.3	99.6	
99.3	99.2	
99.3	99.4	
98.9	99.4	
98.7	99.6	
98.7	89.5	
99.3	99.4	
99.3	99.6	
99.3	99.6	
98.5	99.6	
99.3	99.6	
99.1	99.4	
99.3	99.6	
99.1	99	
98.5	99.6	
99.3	99.6	
99.3	99.4	
98.9	99.6	
99.3	99.6	
98.9	99.6	
98.9	99.6	
99.3	98.8	
99.3	99.4	
99.3	99.6	
99.3	99.6	
99.3	98.8	
99.1	99.6	
98.9	99.4	
98.5	99.6	
99.3	99.4	
99.1	99.6	
98.9	99.6	
99.3	99.6	
98.3	99.6	
98.1	89.7	
99.3	99.6	
98.9	99.6	
99.3	99.6	
99.3	99.6	
99.3	99.6	
99.3	99.6	
99.1	99.6	
99.1	99.6	
99.3	99.6	
99.3	99.6	
99.1	99.4	
99.3	99.4	
98.1	99.2	
87.6	99.6	
99.1	99.6	
99.3	99.6	
98.9	99.6	
99.3	99.4	
88.8	99.6	
99.1	99.4	
99.3	99.6	
99.3	99.4	
98.7	99.2	
98.9	89.3	
99.3	99.4	
99.3	99.6	
99.1	99.4	
99.3	99.6	
98.9	99.6	
99.1	99.4	
99.3	99.6	
99.1	99.4	
99.3	99.6	
99.3	99.6	
99.1	98.8	
89	99.6	
98.7	99.6	
99.1	89.3	
98.7	99.4	
99.1	99.6	
98.7	99.6	
99.3	99.6	
99.1	99.6	
98.9	99	
99.1	99.4	
99.1	99.6	
99.3	99.4	
98.9	99.6	
99.3	99.4	
88.4	99.4	
99.1	99.6	
97.9	99.6	
99.3	99.6	
98.9	99.4	
99.3	99.4	
99.3	99.6	
99.3	99.6	
99.3	98.8	
99.3	98	
99.1	99.6	
99.3	99.6	
99.1	99.6	
99.3	99.4	
99.3	99.6	
98.7	99.4	
98.9	99.6	
99.3	99.6	
98.9	89.7	
99.1	99.6	
99.3	99.6	
99.3	99.6	
99.1	99.4	
99.1	99.4	
98.5	99.6	
98.9	99.6	
99.3	99.6	
99.3	99.6	
99.3	89.1	
99.1	99.6	
99.3	99.4	
99.1	99.6	
99.3	99.6	
99.3	99.6	
99.3	99.6	
98.7	89.7	
99.1	99.6	
98.9	99.4	
99.1	99.6	
98.9	99.6	
99.3	89.5	
99.3	99.6	
98.9	99.6	
98.9	99.6	
99.3	99.4	
99.3	89.5	
99.3	99.6	
98.9	99.6	
99.3	99.6	
99.1	99.4	
99.1	99.6	
99.1	99.6	
99.1	99.6	
99.3	99.6	
99.3	99.6	
98.7	99.6	
99.3	99.6	
99.3	99.6	
99.3	99.6	
98.9	89.7	
99.1	99.6	
99.1	99.6	
98.9	99	
99.1	99.4	
99.3	89.7	
99.3	99.4	
99.3	99.6	
98.9	99.6	
99.1	99.6	
98.9	99.6	
99.3	99.4	
99.1	99.6	
98.9	99.6	
99.3	79.4	
99.1	99.6	
99.1	99.6	
99.3	99.6	
99.3	99.6	
99.3	99.6	
98.7	99.2	
99.1	99.6	
99.1	99	
99.1	99.4	
98.1	99.6	
99.3	99.2	
98.3	99.6	
99.3	99.6	
98.5	99.6	
99.1	99.4	
98.9	99.4	
99.3	99.4	
98.5	99.6	
99.3	99.4	
99.3	99.6	
98.7	99.6	
99.3	99.6	
99.1	89.5	
99.3	99.6	
99.3	99.6	
99.3	99.6	
99.3	99.6	
99.3	99.6	
98.9	99.6	
99.1	89.5	
99.1	99.6	
99.1	99.6	
99.1	99.6	
98.7	89.5	
99.3	99.6	
99.3	99.6	
98.9	99.4	
99.3	99.4	
99.3	99.6	
99.3	99.4	
99.1	95	
99.1	89.7	
88.6	99.4	
98.9	99.6	
88.8	99.4	
99.3	89.7	
98.9	99.6	
98.9	99.4	
99.3	99.4	
99.3	99.6	
99.3	99.6	
99.1	99.6	
99.3	99.6	
99.1	99	
98.9	99	
98.7	99.4	
99.1	99.6	
98.5	99.6	
99.3	99.6	
99.1	99.2	
99.3	99.6	
99.1	99.6	
98.9	99.4	
99.1	99.6	
99.3	99.4	
98.7	99.6	
99.3	99.6	
99.1	98.8	
99.3	89.7	
99.3	99.2	
99.3	99.6	
99.3	99.6	
98.9	99.6	
98.9	99.4	
99.3	99.6	
98.9	99.6	
98.9	99.6	
98.7	99.6	
99.3	99.2	
99.1	99.6	
99.1	99.4	
99.3	99.6	
99.3	89.5	
99.1	99.6	
99.3	99.6	
99.3	99.4	
98.7	99.6	
99.1	99.6	
98.9	99.6	
88.4	99.6	
99.3	89.5	
99.3	99.4	
99.3	99.6	
99.3	99.6	
99.1	99.6	
99.3	99.6	
98.9	99.6	
99.3	99.6	
98.9	99.6	
98.9	99.6	
99.1	99.6	
99.1	99	
99.1	99	
99.3	99.6	
99.1	99.6	
99.3	99.6	
99.3	99.4	
99.1	99.6	
98.9	99.6	
99.3	99.6	
99.3	99.4	
99.3	99.6	
98.9	99.4	
99.3	99.6	
99.3	99.4	
98.9	99.6	
99.1	99.6	
99.1	99.4	
99.3	99.6	
99.3	99.6	
99.3	99.6	
98.9	99.4	
99.1	89.5	
99.3	99.6	
99.3	99.4	
99.3	99.6	
87.6	99.6	
98.1	89.5	
98.7	99.4	
99.3	99.4	
98.5	99.6	
99.1	99.4	
99.1	99.6	
98.9	99.6	
98.7	99.6	
99.3	99.4	
99.3	99.6	
98.9	99.6	
98.7	99.6	
99.1	99.6	
99.1	99.6	
98.9	99.6	
98.9	99.4	
98.9	99.6	
99.3	99.6	
99.3	99.6	
99.3	99.4	
99.1	99.4	
98.9	99.4	
99.3	99.6	
99.3	89.5	
99.3	99.4	
99.1	99.6	
98.9	99.6	
99.1	99.4	
99.1	99.6	
99.3	99.6	
99.1	99.6	
87.8	99.6	
98.9	89.7	
98.9	99.4	
99.1	99.6	
99.1	99.6	
99.1	99.6	
98.7	99.6	
99.3	99.6	
99.1	99.6	
99.3	99.6	
99.1	99.6	
98.9	99.6	
99.1	99.4	
98.3	99.4	
99.3	99.6	
99.3	99.6	
99.3	99.6	
98.7	99.4	
98.9	99.6	
99.3	99.6	
99.1	99.4	
99.3	99.6	
99.3	99.4	
98.5	99.6	
99.3	99.6	
99.3	99.6	
99.1	99.4	
98.9	89.5	
99.3	99.6	
99.1	99.6	
98.9	99.6	
99.3	99.6	
98.7	99.4	
99.1	99.2	
99.1	99.6	
99.3	99.6	
99.3	99.2	
99.3	99.6	
99.3	99.4	
98.3	99.6	
99.3	99.4	
88.6	99.6	
99.3	99.6	
99.1	99.6	
98.7	89.3	
99.3	99.6	
99.3	99.6	
99.1	99.2	
98.3	99.6	
89	99.6	
99.3	99.6	
99.3	99.6	
99.3	99.6	
99.3	89.7	
99.3	89.1	
99.3	99.6	
88.2	99.6	
99.3	99.4	
99.1	99.4	
99.3	99.6	
99.1	99.6	
99.3	99.6	
99.1	99.6	
88.6	99.6	
99.3	99.6	
98.3	99.4	
99.3	99.6	
98.5	99.4	
99.3	89.7	
99.3	99.6	
99.3	99.6	
98.7	99.4	
99.3	99.4	
98.9	99.4	
99.3	99.6	
99.3	99.6	
98.1	99.6	
98.9	99.6	
98.9	99.4	
99.1	99.6	
98.5	99.4	
99.1	99.6	
99.1	99.6	
99.3	89.7	
99.3	89.5	
99.3	99.4	
99.3	99.6	
99.1	99.6	
98.9	99.4	
98.7	99.6	
99.1	99.4	
98.5	99.6	
99.3	99.4	
98.3	99.6	
99.1	99.6	
99.3	99.6	
98.9	89.7	
98.9	99.6	
99.1	99.4	
99.1	99.6	
99.3	99.6	
99.3	99.4	
98.7	99.2	
99.3	99.6	
88	99.4	
99.3	99.6	
99.1	99.6	
99.1	99.6	
99.3	99.4	
98.9	99.6	
99.1	99.6	
99.1	99.6	
99.3	99.4	
99.3	89.3	
99.1	99.4	
99.3	99.4	
99.3	99.6	
99.3	99.6	
98.7	99.6	
98.9	99.6	
98.9	99.6	
99.1	99.4	
99.3	99.2	
99.3	99.6	
98.7	99.6	
99.3	89.7	
98.9	89.3	
98.9	99.6	
99.3	99.6	
99.1	99.6	
98.5	99.6	
98.5	99.6	
99.1	99.4	
99.1	99.6	
88.2	99.4	
99.3	99.6	
98.5	99.4	
99.1	99.6	
99.3	99.6	
88.2	99.6	
99.3	99.2	
98.9	99.2	
98.9	99.6	
99.3	99.6	
98.7	99.6	
99.1	89.7	
99.1	99.6	
99.1	99.6	
99.1	99.2	
88.2	99.6	
99.3	99.6	
99.1	99.6	
98.9	99.6	
99.1	99.6	
99.1	99.6	
99.3	99.6	
99.1	99.6	
99.3	89.5	
98.9	99.6	
99.1	99.6	
99.3	89.5	
98.7	99.6	
99.3	99.6	
99.3	99.6	
99.1	99.4	
98.9	99.4	
99.1	99.6	
99.3	99.6	
99.3	99.6	
98.5	99.6	
89.2	99.6	
98.9	99.6	
99.3	99.4	
99.3	99.2	
98.9	99.2	
99.3	99.4	
99.3	99.6	
99.3	99.4	
98.7	99.6	
99.3	99.4	
99.3	89.3	
99.3	99.6	
99.1	99.4	
99.3	99.6	
99.3	99.6	
99.3	99.6	
98.7	99.6	
99.3	99.6	
99.3	99.6	
99.1	99.6	
99.3	99.6	
99.3	99.6	
98.5	99.4	
99.3	99.6	
98.9	99.2	
99.3	99.6	
98.7	99.6	
99.3	99.6	
88.8	99.4	
98.9	99.6	
98.9	99.6	
99.3	99.6	
99.3	99.6	
99.1	99.6	
98.7	99.6	
98.3	99.6	
88.6	89.7	
99.3	99.4	
99.3	99.2	
99.1	99.6	
99.3	99.2	
99.1	99.4	
99.1	99.6	
98.1	99.6	
99.1	99.6	
98.9	99.6	
99.3	99.6	
98.9	99.6	
99.3	99.6	
98.9	99.6	
99.3	99.6	
99.3	99.6	
98.9	99.6	
99.3	99.6	
99.3	99.6	
98.9	99.4	
99.1	99.6	
99.3	89.7	
99.3	99.6	
99.3	99.6	
99.3	99.4	
87.6	88.9	
98.7	99.6	
99.3	99.6	
99.3	89.7	
99.1	99.6	
99.1	99.4	
99.3	89.5	
98.9	99.6	
98.9	99.4	
99.3	99.2	
98.9	89.5	
99.3	99.6	
99.3	99.6	
99.3	99.4	
99.3	99.6	
98.9	89.7	
88.2	99.4	
97.5	99.6	
99.3	99.6	
99.3	99.6	
99.3	99.6	
98.5	89.7	
99.3	99.4	
99.3	99.6	
99.3	99.4	
99.1	99.6	
99.1	99.4	
98.9	99.6	
99.3	99.6	
98.9	99.4	
99.3	99.4	
99.3	99.2	
98.9	99.6	
99.3	98.8	
99.1	99.6	
98.5	99.4	
99.3	99.6	
99.1	99.6	
99.3	89.5	
98.9	99.4	
88.6	99.6	
99.3	99.6	
99.1	99.4	
98.5	99.6	
98.9	99.6	
99.1	99.6	
99.1	99.6	
98.9	99.6	
99.1	99.6	
99.3	99.6	
99.1	99.2	
99.3	99.4	
99.3	99.4	
99.3	99.6	
99.1	99.4	
99.3	99.6	
88.8	99.4	
99.3	99.6	
99.3	99.6	
99.3	99.6	
99.3	99.6	
99.1	99.4	
99.3	99.4	
98.7	99.6	
99.3	99.6	
99.1	99.6	
98.9	99.6	
98.9	99.2	
98.5	89.3	
98.9	99.4	
99.3	99.6	
98.9	99.6	
99.3	99.6	
99.1	99.6	
98.1	99.6	
98.9	89.7	
99.3	99.6	
99.1	99.6	
99.3	99.6	
99.1	99.6	
99.3	99.6	
99.1	99.6	
98.7	99.6	
98.1	99.4	
99.1	99.6	
98.3	99.6	
98.9	99	
99.1	99.6	
99.3	99.6	
99.3	99.6	
99.3	99.6	
99.3	99.6	
99.1	99.6	
99.3	99.6	
98.7	99.4	
98.5	99.6	
99.3	99.6	
99.3	99.6	
99.1	99.4	
99.3	99.6	
98.7	99.6	
98.9	99.4	
99.3	99.4	
99.3	89.5	
99.3	99.6	
99.3	99.6	
99.3	99.4	
99.3	99.6	
99.3	99.4	
99.1	99.4	
99.1	99.2	
98.9	99.6	
98.7	99.6	
87.8	99.6	
99.3	99.6	
98.5	99.6	
99.3	99	
99.3	99.4	
99.3	99.6	
99.3	99.6	
99.1	99.6	
98.9	99.6	
99.1	99.6	
99.3	99.6	
99.3	99.6	
99.3	99.6	
99.3	99.6	
99.1	99.6	
99.3	99.6	
98.5	99.6	
98.9	99.4	
99.3	99.2	
99.3	99.6	
99.3	99.6	
99.3	99.6	
99.3	99.6	
99.3	99.4	
98.7	98.8	
99.3	99.6	
99.3	99.6	
99.3	99	
98.9	89.5	
99.1	99.4	
99.3	99.6	
99.1	99.6	
88.4	99.6	
99.3	89.7	
99.3	99.6	
98.7	99.6	
99.3	99.6	
99.1	99.6	
88.4	99.6	
98.9	99.6	
99.1	99.4	
99.3	99.4	
99.3	99.4	
99.3	99.6	
99.3	99.6	
99.1	99.6	
99.3	99.6	
98.9	99.6	
99.3	99.6	
99.3	99.4	
99.3	99.6	
99.3	99.4	
98.9	98.8	
99.3	99.6	
99.3	99.6	
99.3	99.6	
99.3	99	
99.3	99.6	
99.3	99.6	
99.1	99.6	
98.9	99.6	
99.1	99.4	
99.1	99.4	
99.1	99.6	
99.3	99.6	
98.9	99	
99.3	99.6	
99.3	89.5	
98.7	99.6	
99.3	99.6	
98.7	99.6	
98.5	99.6	
98.9	99.2	
99.3	99.4	
99.3	99.4	
98.9	99.6	
98.5	99.4	
99.1	99.6	
98.9	89.7	
99.3	99.6	
98.9	99.6	
99.1	99.6	
98.9	99.6	
99.3	99.6	
99.3	89.5	
99.3	89.7	
99.3	99.6	
98.9	99.6	
99.3	99	
99.3	99.4	
98.7	99.6	
98.5	99.6	
99.3	99.6	
99.1	99.6	
99.3	99.6	
99.3	99.6	
99.1	99.4	
99.1	99.6	
99.3	99.6	
99.3	99.4	
99.3	99.6	
99.1	89.5	
99.3	99.6	
88	99.6	
99.3	89.3	
99.1	99	
98.9	99.6	
99.1	99.6	
99.1	98.8	
99.3	99.4	
99.3	99.6	
99.3	99.6	
99.3	99.4	
99.3	89.5	
99.3	99.4	
99.3	99.6	
99.1	99.6	
98.5	99.2	
99.3	99.6	
99.1	99.6	
99.3	99.2	
99.1	99.6	
98.9	99.6	
98.9	99.6	
99.3	89.3	
99.3	99.6	
99.1	99.4	
99.1	99.4	
99.1	99.4	
99.3	99.6	
99.3	99.4	
99.3	99.6	
99.1	99.4	
99.3	99.6	
99.3	99.6	
99.1	99.6	
99.3	99.6	
99.3	99.4	
99.3	99.4	
99.3	99.6	
98.7	99.6	
99.3	99.6	
99.3	99.2	
99.1	89.3	
99.3	99.6	
99.3	99	
88.2	99.6	
99.1	99.6	
99.1	99.6	
99.3	99.6	
88.4	99.2	
99.3	99.6	
99.3	99.4	
99.3	99.4	
99.3	99.6	
88.8	99.6	
99.1	99.6	
99.3	99.4	
98.9	99.2	
99.3	99.6	
99.3	99.4	
99.1	99.6	
99.1	98.8	
98.9	99.6	
99.3	99.6	
99.1	89.7	
99.1	89.7	
98.7	99.6	
99.3	99.4	
88.2	99.6	
98.7	89.5	
99.3	99.6	
99.1	99.6	
99.3	99.2	
98.9	99.4	
99.1	99.6	
99.1	99.6	
99.3	99.6	
98.9	99.4	
98.9	99.4	
99.3	99.4	
99.3	99.6	
99.3	99.6	
98.9	99.2	
78.7	99.6	
99.3	99.6	
98.9	99.6	
99.3	99.4	
99.3	99.6	
99.3	99.6	
99.1	99.6	
78.3	99.6	
99.3	99.6	
99.1	89.7	
98.9	99.6	
98.5	99.6	
99.3	89.5	
99.3	99.4	
99.3	99.6	
98.9	99.6	
99.3	99.6	
99.3	99.2	
99.3	99.4	
99.1	89.7	
98.5	99.6	
99.3	89.7	
99.3	99.6	
99.1	99.6	
99.1	99.4	
98.9	99.6	
98.7	99.4	
99.3	99.4	
99.3	99.6	
98.9	99.6	
99.1	99.4	
99.3	99.2	
88.6	99.6	
98.7	89.3	
99.1	99.4	
88.6	99.6	
99.3	99.4	
99.1	99.4	
99.3	89.7	
98.7	99.4	
99.3	99.4	
99.3	99.6	
99.1	99.2	
99.3	99.6	
99.3	89.5	
99.1	99.6	
99.3	99.6	
