99.3	99.4	
98.9	99.6	
98.9	99.6	
98.7	99.6	
99.3	99.4	
99.3	99.6	
99.1	99.4	
99.1	89.7	
99.3	99.4	
98.3	99.4	
99.3	99.6	
99.3	89.3	
98.9	99.6	
99.1	99.6	
99.3	99.4	
99.3	99.6	
98.7	99.4	
99.3	98.8	
99.3	99.6	
99.3	99.4	
99.1	99.6	
99.3	99.6	
98.9	99.6	
98.5	99.6	
99.3	99.6	
98.9	99.6	
98.9	88.7	
99.1	99.6	
98.9	99	
99.3	89.5	
99.1	99.6	
99.3	99.6	
99.3	99.4	
99.3	99.6	
99.1	99.6	
99.1	99.6	
99.3	99.6	
99.1	99.6	
98.9	79.4	
98.9	98.4	
99.3	99.4	
99.3	99	
98.9	99.6	
99.3	99.6	
98.7	99.6	
99.1	99.6	
99.1	99.6	
99.1	99.6	
98.7	99.6	
99.3	99.6	
98.7	89.5	
98.9	99.4	
99.3	99.6	
98.7	99.2	
99.3	99.6	
99.1	98.4	
98.9	99.6	
98.3	99.4	
99.1	99.6	
99.3	99.4	
99.3	99.6	
99.3	89.3	
99.1	89.5	
49.2	99.4	
99.3	99.4	
99.3	99.6	
99.3	99	
98.7	98.6	
98.7	99.4	
99.1	99.4	
99.1	99.6	
99.3	89.7	
99.3	89.5	
99.3	89.7	
99.3	99.6	
99.1	99.6	
99.3	99.4	
99.3	99.6	
98.5	99.6	
99.1	99.6	
98.7	99.4	
99.3	99.4	
99.1	99	
99.3	99.6	
99.1	99.6	
99.1	99.6	
99.1	99.6	
98.5	99.4	
98.9	89.3	
99.3	99.6	
99.1	99.6	
99.1	99.6	
98.5	99.6	
78.5	99.4	
99.3	99.6	
97.9	89.5	
99.1	99.6	
99.3	99.2	
98.7	99.4	
99.1	99.4	
99.3	99.6	
99.1	99.6	
99.1	99.6	
98.7	99.6	
99.3	99.6	
98.9	98.8	
99.3	89.7	
99.1	99.4	
99.3	89.5	
99.3	99.2	
99.3	99.6	
98.9	99.2	
99.3	99.4	
99.3	99.6	
99.3	99.6	
99.3	99.6	
99.3	99.4	
78.9	99.6	
98.9	99.4	
98.9	99.4	
98.9	89.5	
98.9	99.6	
99.3	99.2	
99.3	99.6	
99.1	99.4	
99.3	99.4	
98.9	99.4	
99.3	99	
98.9	89.7	
98.9	99.6	
98.9	99.6	
99.3	99	
98.9	99.6	
98.7	99.6	
98.9	99.6	
99.3	99.4	
99.1	99.6	
99.1	99.6	
98.9	99.6	
98.7	99.6	
99.1	99.6	
99.3	99.4	
99.1	99.6	
99.1	99.2	
98.9	99.4	
99.3	99.4	
99.3	99.2	
98.5	99.6	
99.1	99.4	
99.1	99	
98.7	99	
99.1	88.9	
99.3	89.1	
98.7	98.8	
99.3	99.6	
99.1	99.6	
98.7	98.6	
98.7	99.4	
99.3	99.6	
99.3	99.4	
99.3	99	
99.3	99.6	
99.3	99.4	
99.1	99.4	
99.3	99.6	
78.9	99	
98.3	99	
99.1	99.2	
98.9	99.6	
99.3	99.4	
98.9	99.6	
99.1	99.6	
99.3	89.3	
98.5	99.6	
99.3	99.4	
99.3	99.2	
99.1	89.7	
97.9	99.6	
98.9	99.6	
98.9	99.4	
99.3	99.6	
99.3	99.6	
99.3	99.4	
98.9	99.4	
98.9	99.6	
99.1	99.6	
98.7	98.8	
99.1	99.6	
98.9	99.4	
98.7	99.4	
99.3	99.2	
99.3	99.6	
99.1	99.6	
98.9	89.7	
98.9	99.4	
99.1	99.4	
99.1	99.6	
99.3	89.5	
99.1	99.6	
99.3	99.4	
98.9	99.6	
99.3	99.6	
99.1	89.7	
98.9	79.4	
98.9	99.4	
99.3	99.4	
99.1	98.6	
99.1	99.2	
98.7	99.2	
99.1	89.7	
99.1	99.2	
99.3	99.4	
99.3	89.5	
99.3	99.6	
98.7	99	
99.3	99.4	
99.3	99.4	
99.3	99.4	
99.3	99.2	
99.1	99.4	
99.1	99.4	
99.3	79.6	
99.1	99.6	
99.1	99.6	
99.3	99.6	
99.1	99.6	
98.9	99.2	
99.1	99.6	
99.1	99	
99.3	99.4	
99.1	99.6	
98.9	99.6	
99.3	99.6	
99.1	99.6	
99.1	99.6	
98.9	99.4	
99.1	99.4	
98.5	99.6	
99.1	99.6	
99.3	89.5	
99.1	99.4	
99.1	99.6	
99.3	99.6	
99.1	99.6	
99.3	89.3	
99.1	99.6	
98.3	99.6	
99.3	99.2	
98.7	99.6	
98.9	89.5	
98.5	99.6	
99.1	99.6	
99.3	99.4	
98.3	99.6	
98.7	99.4	
98.9	99.6	
99.3	99.4	
99.3	89.5	
98.9	98.6	
99.3	99.6	
99.3	99.6	
99.1	99.2	
99.3	99.4	
99.3	99.6	
99.3	99.6	
99.1	99	
99.3	98.8	
99.1	99.6	
98.9	99.4	
99.3	99.6	
98.3	98.6	
99.3	99.4	
99.3	98.4	
99.3	99.6	
98.7	99.6	
98.9	99.4	
99.1	99.6	
99.1	88.7	
98.9	99.6	
99.1	89.7	
99.1	98.8	
98.1	99.4	
99.1	99.6	
99.1	99.6	
99.1	99	
99.3	99.6	
98.9	99.2	
99.1	99.2	
97.9	98.8	
99.3	99.6	
99.1	99.6	
99.3	99.6	
99.3	99	
99.3	89.5	
99.3	89.1	
99.3	99.4	
68.8	99.6	
98.7	99.6	
98.9	98.4	
98.9	89.5	
99.3	99.6	
98.9	99.6	
98.9	99.4	
99.3	99.6	
99.3	99.6	
99.1	99.6	
99.3	99.4	
99.1	99.6	
99.1	99.6	
99.3	99.6	
99.3	99.4	
98.7	99.6	
99.3	99.4	
99.3	99.2	
98.5	99.6	
98.5	99.6	
99.3	99.6	
99.3	99.6	
98.9	99.6	
99.3	99.6	
99.1	99.4	
99.3	99.2	
99.1	99.4	
99.3	99.6	
99.3	99.6	
99.3	99.6	
99.1	89.7	
99.1	99.2	
99.3	99.6	
99.3	99.6	
99.1	99.6	
98.9	99.4	
99.1	99.4	
99.1	99.6	
99.3	99.2	
99.3	99.4	
99.1	99.6	
99.1	99.6	
98.9	99.2	
99.1	99.4	
99.3	99.6	
99.3	99.6	
99.1	99.6	
98.9	99.6	
98.3	99.4	
99.3	99.6	
99.3	99.4	
99.1	99.6	
99.3	99.6	
99.3	99.6	
99.3	99.6	
99.3	99.6	
99.3	89.7	
99.1	99.4	
99.1	99.6	
99.3	99.6	
99.1	99.6	
98.7	99.6	
98.1	99.6	
99.1	99.6	
98.7	99.6	
98.7	99.2	
99.3	99.2	
99.3	99.6	
99.3	99.6	
98.7	99.6	
98.9	99.4	
99.3	99.4	
99.1	99.6	
99.3	99.4	
99.1	99.6	
98.7	99.6	
99.1	99.4	
99.3	99.6	
98.7	99.6	
99.1	99.4	
99.3	99.6	
99.3	98.6	
98.5	99.6	
99.1	99.6	
98.7	99.4	
99.1	99.6	
98.9	99.6	
98.7	89.5	
99.3	99.6	
99.1	99.6	
98.9	99.6	
99.1	98.6	
99.3	99.6	
99.3	99.2	
99.1	99.6	
99.3	99.6	
98.9	99.6	
99.3	99.4	
99.3	99.2	
98.5	99.6	
99.1	99.6	
99.3	99.6	
98.7	99.6	
99.1	99.4	
99.3	99.2	
99.1	99.6	
99.1	99.6	
98.7	98.8	
99.3	98.8	
99.1	99.4	
99.1	89.5	
99.1	99.6	
98.7	98.2	
99.3	99.6	
98.9	79.2	
99.3	99.6	
99.3	99.6	
99.1	99.6	
98.9	99.6	
99.3	99.6	
98.5	99.6	
99.3	99.4	
98.9	99.6	
99.1	99.6	
99.3	99.6	
98.9	99.4	
99.3	99.6	
99.3	99.6	
99.3	99.6	
99.3	99.6	
98.9	99.6	
99.1	99.6	
98.1	99.6	
98.9	99.6	
98.7	99.6	
99.3	99.4	
99.3	99.6	
98.9	99.6	
99.3	98.4	
98.9	99.6	
99.3	99.4	
99.1	99.6	
98.9	99.2	
98.9	99.2	
98.9	99.6	
99.3	89.5	
99.1	99.6	
99.1	99.6	
99.3	99.6	
99.1	98.8	
99.1	98.8	
99.1	89.5	
99.3	99.6	
99.1	99.6	
99.3	99.6	
99.3	99.2	
99.3	99.4	
98.9	99.6	
99.1	79.2	
98.9	99.4	
99.3	99.4	
99.3	99.4	
99.1	99.6	
99.3	99.6	
98.9	99.2	
99.3	99.2	
99.3	99.2	
99.3	99.6	
98.9	99.6	
99.3	99.6	
99.3	89.3	
99.3	99.6	
98.9	88.7	
99.3	98.2	
99.3	99.6	
99.3	99.6	
98.9	99.6	
98.9	99.6	
99.1	99.4	
99.1	99.6	
98.9	99.2	
97.9	99.6	
99.1	99.4	
99.3	99.6	
99.3	99.6	
99.1	89.5	
99.1	98.8	
99.1	98.6	
99.3	99.4	
98.5	99.6	
99.3	99.6	
98.7	89.5	
99.3	99.6	
98.9	99.6	
98.9	99.2	
99.1	99.4	
99.1	99.6	
99.3	99.6	
99.1	99.4	
99.1	99	
99.3	89.3	
98.5	99.6	
99.3	99.6	
99.3	99.6	
99.3	89.5	
99.3	99.4	
99.1	99.2	
98.9	99.2	
98.9	99.6	
98.7	99.2	
99.1	99.4	
99.1	98.8	
98.9	99.2	
99.1	99.6	
99.3	99.6	
99.3	99.4	
99.3	99.4	
99.3	99.6	
99.1	99.6	
98.3	99	
98.7	99.6	
99.1	99.6	
99.3	99.6	
99.3	99.6	
99.1	99	
99.1	99.4	
99.3	98.8	
98.9	99.6	
99.3	99.4	
99.3	99	
99.3	99.4	
99.1	98.8	
98.9	99.4	
99.1	99.4	
99.3	99.6	
99.1	99	
99.3	99.6	
99.3	99.6	
98.9	99.4	
98.9	89.7	
99.3	99.6	
99.1	99.6	
99.3	99.6	
99.3	99.2	
99.1	89.3	
99.3	99.2	
99.3	99.6	
98.9	99.6	
99.1	99.6	
99.3	99.6	
98.9	99.6	
98.9	99.6	
98.9	99.4	
99.1	99	
99.1	99.4	
98.3	99.6	
99.1	98.6	
99.1	99.6	
99.3	99.6	
99.3	99.6	
99.3	98.8	
98.9	99.4	
99.1	99.4	
99.1	99.6	
99.1	99.6	
99.3	99.6	
98.9	99.4	
99.1	99.4	
99.3	99.6	
99.3	99.6	
99.3	99.6	
99.3	99.6	
99.1	99.6	
98.9	99.6	
99.1	99.4	
99.3	99.6	
99.3	99.2	
99.3	99.6	
99.3	99.6	
99.1	99.6	
98.9	98.8	
99.1	99.6	
99.1	99	
99.3	98.8	
99.3	99.6	
98.5	99.4	
99.3	99.2	
78.9	99.6	
99.1	89.7	
99.1	99.2	
99.3	99.4	
99.3	99.4	
99.1	89.1	
99.1	99.6	
98.9	99.4	
99.3	99.4	
99.1	99.4	
98.9	99.6	
99.3	99	
99.3	89.5	
99.1	99.4	
99.3	99.4	
99.3	99.6	
99.3	99.6	
99.3	99.6	
99.1	99.4	
99.1	99.4	
99.3	99.6	
98.7	99.6	
99.1	99.4	
99.1	99.6	
99.1	99.6	
99.1	99	
99.1	99.4	
99.3	99.6	
98.9	99.4	
99.3	99.6	
98.9	99.6	
98.9	99.2	
99.3	99.6	
99.1	99.6	
99.3	99.6	
99.3	99.6	
99.3	99.2	
99.1	99.4	
99.1	99.6	
99.3	99.6	
99.3	99.6	
99.1	99.6	
97.9	99.6	
98.9	99.6	
99.3	99.6	
99.3	99.6	
98.7	99.6	
98.5	99.6	
99.3	99.6	
99.1	89.7	
98.9	99.6	
99.3	99.6	
99.3	99.6	
99.3	89.7	
99.3	99.6	
78.7	99.6	
99.3	99.4	
99.3	99.4	
99.1	99.4	
97.9	99.6	
99.1	99.6	
98.3	88.5	
99.3	99.4	
99.1	99.4	
99.3	99.6	
99.1	99.4	
99.3	99.6	
98.7	99.6	
99.3	99.4	
98.9	99	
99.1	98.8	
97.9	89.1	
98.9	99.6	
99.3	99.6	
98.9	98.2	
99.1	99.6	
99.3	98.6	
99.3	99.6	
99.1	99.6	
99.3	99.6	
99.1	99.6	
99.3	89.7	
98.7	99.6	
99.1	99.6	
98.9	99.6	
99.3	99.6	
99.1	99.2	
99.1	99.2	
98.9	99.6	
99.3	99.4	
99.3	99.4	
99.3	99.4	
99.1	89.7	
99.3	99.6	
98.9	99.2	
98.9	99.6	
99.3	99.6	
99.1	99.2	
99.3	99.6	
99.3	99	
99.3	99.4	
99.1	99.6	
99.3	99.6	
99.3	99.4	
99.3	89.3	
99.1	99.6	
98.9	99.4	
99.1	99.6	
98.9	99.4	
99.1	98.6	
99.1	99.6	
98.9	99.6	
99.3	99.2	
99.3	99.6	
98.9	99.6	
99.1	99.6	
99.1	99.6	
99.3	89.3	
99.3	99.6	
99.1	89.7	
98.1	89.5	
99.3	98.4	
99.3	99.2	
99.3	89.1	
99.1	99.6	
99.3	99.6	
99.1	98.8	
99.3	99.2	
98.9	99.4	
99.3	99.4	
99.3	99.2	
99.1	99.6	
99.1	99.6	
99.1	99.6	
99.3	99.6	
98.7	99.4	
99.3	99.4	
99.3	99.6	
99.3	99.2	
98.9	99.6	
99.1	99.6	
99.3	99.6	
98.9	99.6	
99.1	99.4	
98.5	99.6	
99.3	99.6	
99.1	99.6	
99.3	99.2	
99.3	99.4	
99.3	99.6	
99.3	99.4	
99.3	89.7	
99.1	99.2	
99.1	99.4	
99.3	98.8	
98.5	99.4	
98.9	99.2	
99.1	99.6	
99.3	98.6	
99.3	99.6	
98.9	99.2	
98.5	99.6	
99.1	99.6	
99.3	99.6	
99.3	99.4	
99.1	99	
99.3	89.7	
98.5	99.6	
99.1	99	
99.1	99.4	
99.3	99.6	
99.1	99.4	
99.1	99.6	
99.1	89.7	
99.3	89.7	
99.3	99.6	
99.3	99	
99.1	99.2	
99.3	99.6	
98.9	89.7	
99.3	99.6	
99.3	99.6	
98.9	99.6	
99.1	99.6	
99.3	99.6	
98.9	99.4	
99.3	99.6	
99.1	99.4	
98.9	99.6	
99.3	99.4	
99.3	99.2	
99.3	99.6	
98.9	99.2	
99.1	99.4	
98.9	99.6	
99.1	99.4	
98.9	79.6	
99.1	89.3	
98.9	99.6	
99.1	99	
99.3	99.4	
99.3	99.6	
98.9	99.4	
58.9	99.6	
99.3	99.6	
99.3	99.6	
99.3	99.4	
99.3	99.6	
99.1	99.4	
99.3	99.4	
98.9	99.4	
98.9	89.7	
98.9	99.6	
99.1	99.6	
99.3	99.6	
98.7	99.2	
99.1	99.6	
99.3	99.4	
99.3	89.7	
98.5	89.7	
99.3	99.2	
98.5	99.6	
99.1	99.4	
99.1	99.4	
99.3	98.6	
99.1	99.4	
99.3	99.6	
99.1	99.6	
99.3	99.6	
79.5	89.3	
98.5	99.4	
99.1	99.6	
99.3	99.6	
99.3	99.6	
99.1	99.2	
99.1	99.4	
99.3	99.6	
99.1	99.6	
99.1	99.6	
99.1	99.6	
99.1	99.6	
99.1	99.4	
98.7	89.1	
99.1	89.5	
99.3	99.6	
99.3	99.4	
99.3	89.5	
99.3	99.6	
99.1	99.6	
98.9	99.4	
99.1	99.6	
98.9	99.6	
99.3	99.6	
99.1	99.4	
98.5	99.4	
98.9	99.4	
98.9	99.6	
99.3	99.6	
98.9	99.4	
99.3	99.6	
99.1	99.2	
99.3	99.6	
98.5	99.6	
98.9	99.6	
99.3	99.6	
99.3	99.4	
99.1	99.6	
99.1	99.6	
98.9	89.7	
98.7	99.4	
99.1	99.6	
99.3	99.6	
98.7	89.3	
99.1	99.6	
99.1	89.3	
98.5	99.6	
98.9	98.8	
99.1	99.4	
99.3	99.6	
99.3	99.6	
99.1	99.6	
99.1	99.6	
98.9	99.6	
99.3	99.6	
99.3	99.2	
98.9	99.6	
99.1	99.6	
99.1	99.6	
99.3	99.2	
99.3	99.6	
98.9	99.2	
99.1	88.9	
99.1	79.4	
98.9	99.4	
99.3	89.5	
98.9	99.6	
99.1	99.4	
99.3	99.6	
99.3	99.6	
99.3	99.6	
98.1	99.2	
98.9	99.6	
99.3	99.4	
99.1	99.6	
99.3	99.6	
98.9	99.4	
99.1	99.6	
98.9	99.6	
99.3	99.2	
98.9	99.6	
98.7	99.6	
98.9	99.2	
99.1	98.6	
98.7	99.6	
98.9	99.2	
99.1	99.4	
99.1	99.2	
98.9	89.3	
99.1	99.6	
99.3	99.6	
99.1	89.3	
98.7	99.6	
99.3	99	
98.5	99.6	
98.9	99.6	
97.7	99.6	
99.1	99.4	
99.1	99.4	
99.1	99.6	
98.9	99.6	
98.9	79.6	
99.3	99.4	
99.3	99.4	
98.5	89.5	
99.1	99.6	
99.3	99.2	
99.3	99.6	
99.3	99.6	
99.3	99.6	
98.9	89.3	
99.1	99.6	
99.1	99.4	
98.9	99.2	
99.3	99.6	
99.1	99.6	
99.3	99.6	
99.1	99.6	
99.3	88.9	
99.3	99.6	
99.3	99.6	
99.3	99.6	
98.9	99.6	
98.9	98.4	
99.1	89.5	
99.1	99.6	
99.3	89.5	
98.9	99.6	
99.1	79.2	
99.3	99.4	
99.1	99.6	
99.3	99.6	
99.1	99.6	
99.3	99.6	
99.3	99.6	
99.1	99.6	
99.1	99.6	
99.3	99.6	
99.1	99.6	
88.4	99.4	
99.3	99.6	
99.3	99.2	
99.1	89.1	
98.7	99.4	
98.9	99.4	
99.3	99.2	
99.3	99.6	
99.1	99.6	
99.1	99.6	
99.3	99.6	
99.1	99.6	
98.9	99.6	
99.3	89.5	
98.7	99.6	
99.3	99.6	
99.3	89.3	
99.3	99.4	
98.7	99.6	
98.7	99.6	
99.1	99	
99.1	99.6	
99.3	99.6	
99.3	99.2	
99.3	99.2	
98.1	99.4	
98.9	99.6	
99.3	99.6	
99.3	99.6	
99.1	99.6	
99.1	99.6	
99.1	99.2	
99.3	99.6	
99.1	99.6	
99.3	99.4	
89.2	89.3	
99.3	99.6	
99.3	99.2	
98.9	99.4	
99.3	89.3	
99.1	99.2	
99.1	99.4	
99.1	99.6	
98.5	99.6	
99.3	99.4	
98.7	99.6	
99.1	98.2	
99.3	89.5	
98.9	99.6	
