99.1	89.3	
99.3	99.6	
88.8	89.7	
98.3	89.5	
89	89.7	
99.1	99.4	
99.1	89.7	
99.1	89.5	
99.3	89.7	
98.1	89.5	
88.8	99.2	
99.3	99.6	
89	79.4	
98.9	89.5	
99.1	99.4	
98.7	99.6	
99.3	99	
69	89.7	
99.3	98.4	
99.1	89.7	
99.3	99.6	
98.9	89.5	
99.3	87.9	
98.7	99.6	
98.9	89.7	
98.7	98.8	
98.1	99.6	
99.1	99.4	
98.5	89.3	
99.3	79.6	
99.1	79.6	
98.5	89.7	
77.7	89.7	
98.9	59	
88.2	89.3	
99.1	89.1	
99.3	78.8	
98.1	79.4	
98.7	88.3	
99.3	99.2	
98.9	99.6	
98.3	89.7	
98.9	89.7	
88.8	79.6	
98.9	99.6	
98.5	99.6	
89	88.3	
99.1	89.5	
99.3	99.6	
98.9	88.7	
99.3	99.4	
98.7	89.1	
97.9	88.7	
88.6	89.5	
99.1	99.2	
98.7	89.7	
98.9	87.5	
99.1	89.7	
98.5	89.7	
68.8	89.7	
99.1	77.8	
98.5	89.5	
98.7	89.7	
98.7	89.5	
98.5	99.4	
98.7	89.5	
98.7	99.2	
99.1	99.4	
99.1	89.7	
99.3	99.4	
99.3	89.7	
99.1	69.5	
99.1	89.1	
99.3	99.6	
99.3	89.3	
99.3	89.7	
98.9	99.2	
98.9	78.2	
98.9	99.4	
98.7	89.7	
88.2	99.4	
98.7	89.5	
99.3	89.7	
99.3	89.7	
98.7	89.5	
98.7	88.9	
89.4	89.7	
99.3	89.7	
98.5	99.6	
99.3	89.5	
99.3	89.5	
99.1	89.7	
99.3	89.7	
99.3	89.7	
98.7	79.6	
89	99.6	
98.9	89.5	
99.3	89.5	
99.3	99.2	
99.1	89.3	
99.3	99.4	
97.7	99.6	
99.1	89.7	
89	89.7	
99.3	89.5	
98.9	99.6	
99.3	99.6	
98.9	99.6	
89	89.5	
99.1	99.6	
99.3	99	
99.1	89.7	
98.9	99.4	
98.9	79.4	
98.7	89.7	
97.9	89.7	
98.7	89.7	
99.3	89.5	
98.7	99.6	
98.5	89.7	
98.9	89.5	
98.7	98.8	
75.9	99.2	
99.1	89.7	
99.1	58.2	
99.1	89.7	
98.5	97.8	
98.1	88.7	
98.7	89.7	
99.3	89.5	
98.5	89.3	
99.1	99.6	
99.3	89.7	
99.1	99.2	
99.1	89.7	
98.1	79.4	
89	89.3	
98.9	79.6	
98.5	89.7	
99.1	99.6	
99.3	89.3	
99.1	99.6	
97.7	99.2	
99.1	98.8	
99.3	89.7	
99.3	88.3	
98.9	89.5	
98.5	99.6	
89.4	99.4	
99.1	89.5	
99.3	89.7	
99.1	89.7	
78.9	99.4	
98.5	89.7	
99.1	98.8	
99.1	89.7	
98.1	79.2	
89	89.1	
98.1	99.6	
77.9	89.7	
77.5	89.5	
99.3	78.6	
98.9	89.5	
99.1	89.7	
98.9	79.6	
98.5	89.7	
99.3	79	
97.9	89.7	
88.8	89.7	
99.3	89.1	
98.9	78	
99.3	89.7	
99.3	89.7	
99.1	99.6	
99.3	89.7	
97.5	99.6	
98.5	89.5	
98.9	89.5	
99.3	89.5	
98.9	88.5	
98.9	79.2	
99.3	79.6	
98.9	99.4	
99.1	99.6	
88.4	69.5	
98.9	79.6	
88	99.2	
98.9	89.7	
99.1	98.2	
99.1	99.4	
89.4	89.1	
98.9	89.7	
99.1	89.7	
99.1	69.1	
99.3	99.4	
98.9	99.6	
98.3	79.6	
99.3	89.7	
99.1	59.2	
89	99.4	
98.7	99.6	
98.7	79.6	
99.3	99	
99.3	69.3	
79.3	99.4	
98.7	89.1	
98.5	89.5	
87.6	89.1	
98.9	99.6	
98.3	89.5	
98.7	89.7	
99.1	89.7	
98.3	89.7	
79.1	89.5	
99.3	99.4	
98.7	69.1	
98.9	89.5	
99.1	99.6	
99.3	78.8	
98.9	99.6	
98.9	79.6	
99.1	88.5	
99.3	89.5	
98.9	78.8	
98.9	99.2	
98.7	99.6	
98.5	89.3	
99.1	99.2	
98.7	99.2	
98.9	99.6	
98.9	99.2	
98.7	69.5	
98.9	99.6	
99.3	89.7	
99.1	89.7	
98.9	99.6	
98.9	89.7	
98.3	89.5	
98.7	89.7	
98.5	89.1	
88.6	89.7	
99.1	98.2	
99.1	79.4	
99.1	89.5	
98.9	99.6	
99.3	89.3	
99.3	88.9	
88.8	99.2	
99.1	99.4	
99.3	89.7	
98.7	99.6	
99.1	99.6	
99.3	89.3	
88.8	89.7	
89	89.7	
99.3	89.3	
99.1	89.7	
98.9	99.4	
88.2	89.5	
99.3	89.1	
99.1	99.6	
78.9	89.7	
99.1	89.1	
99.1	99.4	
89	98.8	
79.3	89.7	
98.3	59.4	
99.1	89.3	
98.7	99.2	
98.7	99.6	
99.3	89.1	
98.9	99.2	
99.1	89.5	
88.6	99.2	
98.7	99.6	
98.9	89.5	
98.5	79.6	
86.8	89.7	
98.5	88.9	
88.2	89.7	
98.7	99.6	
99.3	99.6	
89	99.2	
98.9	89.3	
99.1	99.6	
99.3	99.6	
99.3	89.5	
98.7	68.9	
98.9	89.7	
99.3	89.5	
99.3	99.6	
89.4	79	
69	99.4	
98.9	89.5	
98.9	89.5	
98.7	99.6	
78.7	89.5	
98.9	99.6	
99.3	99.6	
98.9	99.6	
99.1	69.3	
98.5	89.7	
89.2	89.5	
98.9	99.6	
97.9	89.7	
98.5	79.4	
98.9	79.2	
99.1	89.7	
98.7	89.7	
99.3	89.7	
88.4	89.5	
98.5	79.6	
99.1	89.5	
98.3	69.5	
98.1	88.7	
98.9	89.7	
98.5	89.7	
88.8	89.7	
99.3	99.6	
98.9	99.4	
89.2	88.9	
98.1	79.6	
98.9	89.7	
98.9	89.7	
97.9	98.6	
98.7	89.5	
99.3	89.3	
89	79.4	
99.3	79.6	
98.3	99.6	
78.9	89.3	
98.7	79.2	
99.3	99.6	
98.1	99.6	
89.4	79.6	
99.3	99.6	
99.3	79.6	
98.9	89.3	
98.5	89.7	
99.1	89.5	
97.7	89.7	
97.9	89.5	
99.3	79.2	
98.9	89.7	
78.1	79.4	
99.3	89.7	
98.9	89.5	
98.5	88.7	
99.1	79.4	
97.5	99	
99.3	79.4	
99.3	79.6	
89.2	99.6	
99.1	89.7	
97.7	89.5	
99.3	99.6	
88.6	89.7	
99.3	99.6	
98.9	79.6	
98.9	99.6	
89.4	99.6	
99.3	89.3	
99.1	89.3	
89.4	99.2	
98.3	99.6	
78.7	99.2	
98.9	89.3	
98.9	99.4	
99.1	89.5	
99.3	89.5	
99.1	99.6	
78.5	99.6	
98.7	89.3	
99.3	99.6	
87	89.7	
99.1	89.3	
98.7	89.7	
88.2	79.6	
98.7	89.1	
89.2	89.7	
98.7	89.7	
99.1	99.2	
98.5	89.7	
78.1	99.2	
99.3	79.4	
99.3	99.4	
99.1	99.4	
99.1	99.6	
99.1	99.4	
98.7	89.5	
97.9	99.2	
98.9	99.2	
98.5	89.7	
89.2	99.4	
98.9	89.3	
98.7	89.5	
99.3	89.3	
48	88.7	
98.9	79.2	
97.7	89.5	
97.7	89.7	
99.3	89.7	
98.7	89.5	
98.7	99.4	
99.3	99.4	
99.1	99.6	
99.1	89.1	
98.5	89.7	
99.1	88.9	
88	89.7	
98.9	89.3	
99.3	99.6	
99.3	99.4	
99.3	89.7	
98.5	89.7	
98.7	79.6	
99.3	89.7	
98.9	99.6	
97.3	99.4	
98.7	89.7	
99.1	79.2	
99.1	78.8	
98.1	89.5	
99.3	89.5	
89	99.2	
89	99.6	
98.7	89.5	
98.9	89.7	
98.7	99.6	
79.1	99.4	
89	99.6	
99.3	89.5	
99.1	89.3	
99.3	89.7	
98.5	59.4	
99.3	89.5	
99.1	79.6	
98.7	89.7	
98.9	99.4	
98.3	99	
99.1	89.3	
99.3	89.5	
88.4	89.5	
99.1	99	
98.7	99.6	
99.3	99.2	
99.3	99.4	
98.1	89.7	
98.9	99.4	
98.9	79.4	
98.9	99.4	
99.1	99.4	
87.6	98.4	
98.7	89.3	
99.1	99.4	
98.5	89.7	
99.3	89.7	
99.1	79.6	
98.7	99.4	
99.3	89.5	
98.7	88.9	
88.6	99.4	
58.3	89.7	
97.9	89.5	
98.7	99.2	
99.1	89.5	
98.7	99.2	
98.5	69.3	
98.5	89.7	
98.7	89.5	
99.3	89.7	
98.9	99.4	
98.5	89.3	
99.3	89.7	
98.1	99.2	
99.1	79.6	
98.5	99.4	
99.1	99.6	
98.7	89.7	
99.3	89.3	
99.3	89.3	
99.1	99.4	
99.3	99.4	
98.7	89.3	
98.9	79.6	
99.3	99.6	
98.9	99.4	
98.7	99.6	
98.9	99.4	
98.7	89.1	
99.1	89.3	
89.2	99.4	
98.7	89.7	
98.9	99.4	
99.1	99.6	
99.1	79.4	
98.9	99.6	
98.7	89.7	
98.1	89.5	
99.3	68.9	
97.9	99.6	
99.1	79.6	
98.7	89.7	
99.1	69.3	
99.1	89.3	
99.1	89.7	
88.8	89.5	
98.7	99.6	
98.7	89.7	
99.1	69.5	
98.9	89.5	
66.8	79.4	
99.1	89.7	
78.7	89.5	
98.3	99	
99.1	89.5	
98.9	79.4	
98.9	99.6	
98.7	89.1	
98.9	89.7	
99.1	89.5	
99.1	98.8	
99.3	99.6	
69.4	99.6	
99.3	99.4	
99.1	99.6	
98.9	89.1	
98.9	99.6	
98.9	99.2	
58.1	89.3	
99.3	89.5	
79.1	89.5	
99.3	89.3	
99.1	89.7	
99.3	79.6	
89.2	89.7	
99.1	89.1	
78.9	89.5	
98.9	99	
98.1	99.6	
89.4	89.7	
98.7	99.2	
98.5	89.7	
99.1	89.5	
89	89.7	
99.1	79	
99.1	89.7	
98.7	89.7	
98.5	99.6	
98.3	89.7	
69.2	89.7	
98.9	89.3	
99.3	79.2	
99.3	89.3	
89.2	99.4	
99.1	99.4	
97.9	89.5	
99.3	89.3	
98.5	99.6	
98.9	89.7	
98.5	88.7	
99.1	99.2	
98.5	89.5	
79.3	67.3	
98.9	89.7	
99.3	89.1	
98.5	89.3	
98.5	99.4	
99.3	89.7	
98.9	89.7	
99.3	89.1	
99.1	89.3	
99.1	89.7	
98.5	79.2	
99.1	99	
98.7	89.1	
98.9	98.8	
98.5	79	
99.3	99.4	
97.5	99.6	
99.1	88.7	
98.9	89.7	
99.3	79.6	
99.1	89.7	
89.4	89.5	
99.1	89.7	
98.9	88.7	
98.9	99.6	
99.3	99.2	
98.7	89.5	
89.4	99.6	
89.4	98.6	
98.7	89.7	
98.9	99.6	
98.7	89.7	
99.3	78.8	
99.3	89.5	
98.9	99.6	
99.1	89.7	
98.9	89.7	
99.1	79.4	
98.7	99.6	
99.3	89.5	
98.7	99.6	
98.9	99.4	
77.1	99.6	
99.3	79.2	
89.4	99.2	
98.9	89.5	
98.3	79.4	
98.9	89.7	
88.4	89.3	
99.3	99.6	
98.9	89.7	
98.5	89.3	
98.9	89.7	
98.5	89.5	
98.9	79.6	
98.7	89.7	
98.7	79.2	
99.1	99.6	
98.1	99.6	
98.5	99.6	
98.1	89.7	
98.7	99.2	
98.9	89.5	
98.7	99.6	
98.5	99.4	
99.3	89.7	
99.1	79.6	
98.3	89.7	
67.4	89.7	
98.7	89.5	
99.3	89.7	
98.5	89.3	
99.1	88.5	
98.7	89.3	
98.9	89.7	
98.1	89.5	
98.1	99.4	
99.3	99.4	
98.7	99.6	
99.3	99.4	
99.1	99.2	
98.5	89.7	
99.3	99.4	
99.1	89.7	
99.1	89.7	
99.1	89.1	
98.9	89.1	
99.1	99.4	
67.8	88.9	
98.9	89.7	
99.3	99	
99.3	99.4	
98.7	99.4	
98.9	69.5	
98.9	99.4	
98.7	89.7	
79.3	89.5	
99.3	89.5	
98.9	99	
98.9	99	
98.9	98.6	
98.9	99.6	
99.1	99.6	
89.2	89.7	
88.8	97.4	
99.1	89.3	
99.1	89.5	
99.3	89.7	
99.1	99	
77.5	79.6	
99.3	99.6	
98.5	78.8	
99.1	88.9	
99.1	99.6	
98.3	89.3	
98.9	89.7	
98.5	99.4	
98.1	79	
99.3	78.8	
96.5	89.7	
99.1	99.6	
99.1	89.5	
99.3	89.5	
89.2	99.4	
88.6	89.5	
98.9	99.4	
79.5	99.6	
98.9	89.5	
99.3	79.2	
98.5	89.7	
97.7	99.6	
98.5	89.5	
98.5	89.7	
99.3	89.7	
99.1	99.6	
99.1	99.4	
98.3	99.6	
88.4	89.7	
79.3	99.4	
98.9	89.7	
99.3	89.7	
97.3	89.7	
88.8	89.5	
88.8	89.3	
98.9	69.1	
98.9	99.4	
98.9	89.7	
98.9	89.5	
99.1	89.7	
99.3	99.6	
99.1	99.4	
97.7	89.7	
88.2	99.6	
89.4	89.7	
79.1	89.7	
98.9	89.7	
98.5	89.5	
99.3	79.6	
98.7	99.4	
98.1	89.7	
99.1	79.2	
98.7	89.5	
97.9	89.3	
99.1	98.8	
98.9	89.7	
98.3	89.5	
98.7	99.6	
98.9	89.1	
98.5	89.7	
98.9	89.3	
89.4	79.2	
98.7	79.6	
97.9	89.1	
98.7	89.7	
98.9	99.2	
98.9	89.1	
98.9	79.2	
89.4	89.7	
89.2	89.7	
98.1	89.3	
79.1	89.3	
99.3	99.4	
89.4	98.8	
89	88.9	
98.9	89.7	
99.1	99.4	
99.3	89.5	
99.1	89.7	
99.1	89.5	
99.1	89.7	
99.1	89.5	
98.1	99.6	
99.3	99.2	
99.3	89.7	
99.3	89.5	
98.3	89.7	
86.8	89.7	
98.9	89.3	
98.9	89.3	
99.3	79.6	
98.9	89.5	
98.7	89.7	
99.3	89.5	
99.3	89.7	
88.6	79.2	
89	79.6	
88.8	99.6	
98.5	89.5	
99.1	79.4	
98.1	89.7	
98.7	89.7	
98.7	89.7	
97.5	99.4	
98.9	99.4	
98.5	99.4	
99.3	89.3	
98.9	78.4	
99.1	99.6	
98.7	89.5	
99.3	79.6	
98.1	88.9	
98.7	99.2	
98.7	79.6	
88	69.1	
99.1	89.7	
98.9	79.4	
98.7	79.4	
99.3	99	
98.7	89.7	
98.7	99.6	
99.1	99.2	
99.1	99.6	
98.1	89.3	
98.9	79.4	
99.1	89.7	
99.1	79.6	
99.1	89.7	
98.3	79.6	
98.9	79.4	
99.3	99.6	
99.1	89.5	
88.4	89.7	
97.9	99.6	
98.7	89.7	
99.3	89.5	
99.1	89.5	
99.1	89.5	
98.7	89.7	
98.5	99.4	
98.7	89.7	
99.3	89.5	
98.9	99	
98.7	98.8	
98.3	98.8	
98.3	89.7	
98.7	89.5	
98.7	99.2	
98.9	79.4	
98.5	99	
98.5	89.3	
99.1	99.6	
98.7	99.4	
99.1	89.7	
98.9	79.4	
98.5	89.5	
98.9	99.4	
98.5	89.1	
98.9	99.2	
98.7	89.7	
99.1	99.2	
99.3	99.2	
98.3	99.6	
98.7	89.3	
98.9	99.6	
99.3	99.4	
99.1	99.2	
98.9	99.4	
98.3	99.6	
98.7	89.7	
87	99.4	
98.9	98.8	
99.1	99.4	
98.9	99.2	
99.1	99.4	
99.1	89.5	
99.3	89.5	
89.4	79.2	
99.3	99.4	
99.1	89.7	
99.1	89.7	
99.1	89.3	
99.1	89.7	
87.6	89.5	
88.8	89.7	
99.3	89.7	
99.1	99.4	
98.9	89.7	
88.6	99	
98.9	89.7	
98.7	89.3	
98.7	89.7	
97.3	99.4	
99.1	99.4	
99.3	89.1	
99.3	89.1	
68.6	89.3	
98.9	69.5	
99.1	99.6	
98.3	99.4	
79.3	89.7	
89.2	78.8	
88.8	99.2	
98.5	89.7	
98.7	89.7	
99.3	99.4	
98.3	68.7	
89.2	99.6	
78.3	99.2	
99.3	89.7	
97.5	69.3	
99.1	69.5	
98.5	99.6	
98.3	89.7	
99.1	68.9	
99.1	89.3	
99.3	69.1	
98.7	99.4	
99.1	89.7	
99.3	99	
99.1	99.2	
99.1	89.7	
99.3	89.7	
98.3	88.9	
98.9	89.7	
99.1	98.8	
98.9	89.7	
99.3	89.7	
98.5	89.7	
99.1	89.5	
98.9	99.6	
98.9	79.4	
99.3	89.7	
98.7	89.7	
99.1	79.4	
98.7	99.2	
78.5	89.3	
98.5	99.6	
98.5	99.6	
89	99.4	
67	89.3	
98.9	98.8	
98.7	68.9	
98.1	79.2	
99.3	99.4	
98.9	79.6	
99.1	99.6	
98.7	79.4	
98.5	99.6	
98.9	89.7	
99.1	99.4	
88.6	89.5	
99.3	89.7	
65.4	89.5	
98.9	89.5	
98.7	99.4	
99.1	99.4	
98.3	79.6	
98.7	89.7	
98.7	98	
99.1	89.7	
99.3	79.4	
98.9	98.4	
98.9	89.5	
89.4	99.6	
99.1	89.7	
99.1	89.5	
98.3	89.7	
98.9	89.7	
97.3	99.2	
98.5	99	
98.5	89.7	
99.1	89.3	
99.3	99.2	
98.7	89.3	
98.7	99.2	
99.3	89.5	
99.3	99.4	
98.9	89.5	
77.7	99.6	
99.1	99.4	
98.7	99.4	
98.9	98.8	
98.3	89.7	
98.9	89.7	
99.1	89.5	
97.9	89.7	
99.3	89.7	
87.8	79.4	
99.1	89.7	
89	89.5	
97.7	89.7	
89	99.6	
99.3	89.7	
99.3	79.6	
99.1	99.6	
99.3	79	
98.5	89.7	
98.9	89.7	
99.1	99.6	
98.9	89.3	
98.9	89.3	
99.1	89.5	
99.3	99.4	
98.3	79.6	
99.1	99.6	
99.3	89.5	
98.7	89.1	
98.5	99.4	
99.3	99.6	
99.1	98.8	
98.7	89.7	
99.3	89.7	
98.7	89.7	
99.1	99	
98.5	79.6	
98.7	78.2	
89	79.4	
99.1	89.7	
98.9	99.2	
99.3	79.6	
98.9	89.7	
98.9	89.5	
99.1	89.7	
57.9	89.7	
98.9	79.4	
58.7	89.1	
98.5	99	
