99.3	89.7	
78.3	99.4	
89.2	99.6	
66.2	98.8	
99.1	99.6	
99.3	99.6	
98.9	89.3	
98.9	99.4	
98.9	89.7	
99.1	88.9	
88.2	89.5	
98.9	99.6	
99.1	99.2	
88.2	99.4	
98.5	99.2	
99.3	99	
98.5	79	
98.1	99.6	
99.1	99.2	
88.8	99.2	
99.3	99.6	
98.7	99.4	
98.7	99.2	
89	99.4	
99.3	99.6	
58.3	99.6	
98.9	99.2	
88.4	89.1	
98.7	99.4	
99.1	98.8	
89.4	99.6	
99.1	99.6	
98.9	99.6	
99.3	99	
99.1	99.6	
89	99.6	
98.9	99.2	
98.9	99.6	
98.9	99.6	
99.3	98.8	
98.7	99.6	
97.7	99.4	
99.1	99.4	
99.3	99.4	
57.3	99	
99.3	99.6	
68	89.7	
98.9	79.6	
98.7	89.3	
88.8	99.4	
99.3	99.4	
97.9	89.7	
98.5	99.2	
36.3	99.6	
87.8	99.2	
88	89.5	
99.1	99.2	
89.4	88.9	
88.8	99.4	
99.3	99.6	
98.1	99.4	
99.3	99.4	
97.9	99	
99.3	99.4	
99.3	99.4	
99.1	99.4	
89.4	99.2	
98.9	99.4	
98.5	89.7	
87.4	99.6	
67	89.7	
99.3	99.2	
98.7	79.6	
98.9	99.6	
99.1	99.4	
99.1	99	
98.9	98.8	
99.3	79.6	
88.2	99.6	
99.1	99.2	
99.3	99.2	
99.3	99.6	
99.1	99.4	
97.7	99.6	
99.1	99.6	
98.9	69.5	
98.5	99.6	
99.1	99.2	
87.2	98.8	
99.1	99.6	
98.7	89.5	
98.9	99.6	
98.7	99	
98.1	99.6	
99.3	99.6	
99.3	99.4	
98.9	79.4	
99.3	99.6	
99.1	98.8	
99.1	88.9	
99.3	99.6	
99.1	99.4	
99.3	98.6	
99.1	99.6	
99.3	99.4	
99.1	79	
99.3	99.2	
89.4	99.6	
98.7	98.2	
98.7	99.6	
99.3	88.3	
98.9	99	
99.1	99.4	
99.1	99.4	
98.9	99.2	
99.1	99.6	
89.2	99.4	
99.3	89.1	
99.3	89.7	
99.1	79.4	
68	89.7	
99.3	99	
99.1	89.5	
99.1	99.4	
98.9	99.4	
99.1	98.8	
99.1	99.2	
99.3	89.7	
78.7	99.6	
99.3	99.6	
99.3	99.2	
98.9	99.6	
89.2	99.6	
88.8	98.8	
99.3	88.7	
99.1	89.7	
89.2	99.2	
99.3	89.5	
99.3	99	
99.3	89.5	
88.8	99.4	
99.3	89.5	
99.1	89.3	
87.6	89.7	
89.2	79.2	
99.1	89.5	
98.5	99.4	
88.4	79.6	
98.9	98.6	
69	99.4	
99.1	89.3	
98.9	99.6	
99.3	79.6	
99.3	79.2	
88.6	99.4	
99.3	99.4	
99.3	89.7	
89.4	89.7	
99.1	89.5	
88.4	99.2	
99.3	99.6	
99.1	99.6	
98.5	99.6	
99.3	99.6	
98.5	99.4	
99.1	99.6	
99.1	89.5	
99.3	99.6	
98.9	99.2	
99.1	99.6	
89	99	
99.1	99.6	
89.2	68.9	
99.3	99.6	
99.1	89.5	
88.8	99.2	
97.7	99.4	
99.1	99.6	
99.3	89.7	
97.3	99.6	
98.3	89.5	
99.1	99	
99.1	99.6	
89.2	99.2	
89.2	89.1	
99.1	99.2	
98.9	99.6	
99.3	99	
99.3	89.5	
75.9	88.3	
98.9	99.2	
99.3	99.6	
99.1	99.4	
69	99.4	
78.9	99.6	
99.3	89.7	
99.3	99.2	
89.2	89.7	
98.3	89.5	
98.9	99.6	
99.1	99.6	
99.1	99.6	
58.3	99.2	
77.9	99.6	
99.1	89.3	
99.3	89.5	
98.9	99.2	
99.1	79.4	
99.3	99.4	
99.3	99.6	
97.9	98.4	
99.1	99.6	
98.3	99.6	
99.1	99.4	
98.3	99.6	
99.3	99.6	
99.1	99.6	
99.3	98.8	
97.7	89.7	
76.3	99.2	
99.3	99.4	
78.3	99.6	
98.5	89.7	
89	98.6	
89.4	99.4	
99.3	99.4	
98.3	99.6	
98.9	88.7	
99.3	89.7	
98.7	79.4	
99.3	99.6	
88.8	99	
99.1	99.4	
99.1	89.7	
98.9	79.6	
99.1	99.6	
99.3	89.7	
89.4	99.6	
99.3	89.7	
47.4	99.4	
98.5	99.4	
99.1	99.6	
98.7	79.6	
99.3	99.4	
78.1	89.5	
67.4	99.6	
98.9	89.7	
87.6	99.6	
99.1	89.3	
67.2	88.7	
47	99.6	
99.3	89.7	
99.3	99.4	
89	89.7	
99.3	99.6	
99.3	99	
99.3	99.6	
88.8	98.8	
99.3	99.2	
98.9	99.6	
98.5	99.4	
88.6	99.6	
98.7	89.3	
88.6	99.4	
98.7	99.6	
78.5	99.2	
46.8	99.2	
99.3	99.2	
98.9	99.6	
99.1	88.7	
45	89.7	
89.2	99	
99.3	99.6	
99.1	89.3	
98.9	99.6	
78.9	99.6	
87	99.4	
99.1	79.6	
99.1	89.3	
78.1	99.6	
99.1	89.5	
48	99.2	
78.1	99.6	
98.1	99.4	
99.1	99.4	
77.5	99.6	
99.3	99	
89.2	99.2	
98.9	99.2	
89.2	99.6	
88	99.4	
99.3	99.6	
98.9	89.3	
99.1	89.5	
76.5	89.7	
99.3	99.4	
67.4	99.6	
98.3	99.6	
77.9	99.4	
99.1	99.6	
99.3	79.4	
76.1	99.4	
99.1	99.4	
68.8	99.6	
99.3	99.2	
99.3	99.4	
99.1	89.7	
89.2	99.2	
88.8	99.4	
89.2	99	
78.9	99.4	
99.3	89.3	
99.3	99.2	
98.9	99.6	
99.1	89.3	
89	99.6	
44	89.1	
88.8	99.6	
98.7	99.6	
99.1	99	
98.3	99	
87.4	99.6	
98.9	99.4	
68.8	99.6	
88.4	99.2	
99.1	99.4	
98.9	89.7	
85.8	99.2	
67.8	99.6	
98.7	99.6	
98.1	99.4	
88.6	69.3	
98.9	99.4	
98.9	99.6	
79.1	99.4	
99.3	99.4	
98.5	99.2	
99.3	99.4	
98.7	79	
86.8	89.1	
98.3	89.7	
98.1	99.4	
98.3	98.8	
99.1	89.7	
46.2	99.4	
99.3	99.2	
98.7	99.2	
98.9	99.2	
78.1	99.6	
98.7	99.6	
79.1	99.6	
99.3	99.6	
98.9	99.6	
98.5	99.2	
99.3	99.6	
58.9	99.4	
89.2	99.2	
98.9	89.7	
99.1	89.5	
99.1	89.3	
98.5	69.5	
89.2	99.6	
98.9	89.5	
99.1	99.6	
98.9	99.4	
99.3	99.6	
98.1	99.4	
88.8	89.7	
99.3	98.8	
99.3	89.7	
79.1	88.3	
99.3	99.4	
98.5	99.4	
98.7	99.6	
88.6	99.4	
88.8	89.7	
89.2	99.4	
98.7	99.4	
98.3	99.4	
88.6	88.7	
99.3	99.6	
98.5	99.2	
79.1	99	
99.1	99.6	
99.1	99.2	
99.1	99	
98.7	89.3	
98.3	99.4	
98.9	99.4	
78.1	89.7	
99.1	89.7	
98.9	99.4	
99.1	89.5	
99.3	99.2	
77.5	79.6	
78.3	99.6	
97.9	99.6	
99.1	89.1	
99.1	99.6	
88.8	89.1	
98.9	88.5	
99.3	99.4	
88.8	79.4	
77.1	99.6	
89.4	99.2	
88.4	99	
98.5	99.4	
99.3	89.3	
78.1	99.4	
99.1	89.7	
97.9	98.8	
98.5	99.2	
98.7	99.6	
99.1	98.8	
98.7	99.6	
78.7	89.7	
78.1	99.4	
99.3	98.6	
68.6	99.6	
98.9	99.4	
98.7	99.6	
98.9	89.3	
78.1	99.4	
69	99.2	
78.3	99.4	
99.1	99	
99.3	99.4	
99.3	99.6	
98.9	99.2	
99.3	99.6	
99.1	99.6	
99.3	89.5	
88.8	99.4	
98.9	99.2	
89.2	99.6	
89	99.4	
88.4	99.6	
98.9	89.7	
99.1	99	
97.7	89.5	
99.1	99.2	
99.3	89.5	
57.5	99.6	
58.9	99.6	
98.9	99.6	
99.1	99.6	
99.1	99	
98.5	89.7	
98.9	99.6	
68.4	89.7	
89.2	89.1	
89.4	99.4	
89	99.4	
99.3	89.7	
99.3	89.7	
98.9	89.1	
89.2	99.4	
99.1	99.6	
76.7	89.5	
99.1	99.4	
89.2	99.2	
98.9	99	
99.1	89.5	
99.3	89.7	
87.2	99.6	
98.9	99.2	
89.2	89.3	
98.3	99.6	
99.3	89.3	
24.6	99.4	
99.3	99.6	
99.3	89.7	
99.1	89.7	
45	89.7	
78.1	99.4	
99.3	99.2	
98.9	89.7	
89	99.2	
89	99.4	
99.1	99.4	
98.7	99.6	
99.1	89.5	
88	99.2	
97.3	99	
99.1	99.6	
98.9	99.4	
99.3	98.8	
98.7	98.8	
98.7	98.2	
77.3	89.5	
99.1	89.7	
99.3	79.4	
99.3	99.4	
79.1	99.6	
99.1	99.4	
99.1	99.6	
98.9	99.4	
88.4	68.7	
98.1	97.8	
89	99.6	
99.1	99.4	
57.1	99	
98.9	99.4	
98.7	99.4	
5.4	99.4	
99.3	89.7	
98.5	99.2	
99.1	99.4	
89	99	
87.6	99.6	
67.8	98.8	
99.1	99.4	
88.2	99.4	
98.7	78.8	
98.9	79.2	
98.7	99	
98.9	99.4	
98.7	99.6	
88	89.3	
89.2	89.7	
99.3	99.6	
99.3	99.6	
99.3	99.4	
98.9	98.6	
68.8	89.3	
99.3	99.6	
88.6	99.4	
99.3	99.4	
98.1	99.4	
98.9	99.2	
99.3	99.6	
98.7	89.7	
98.5	89.5	
98.9	89.5	
98.7	99.6	
89	89.5	
99.1	99.6	
98.9	99	
98.9	89.7	
99.3	99.6	
87.4	99.2	
99.3	99	
98.7	99.4	
98.9	99	
99.1	99.6	
98.9	99.4	
98.9	89.7	
99.1	89.1	
98.1	89.7	
98.9	99.2	
99.1	89.5	
99.1	99.6	
98.9	99.6	
88.8	99.2	
97.5	99.6	
77.9	99.2	
77.7	89.7	
78.9	89.7	
99.3	79.2	
99.1	99.6	
99.1	99.6	
99.1	99	
99.1	99.6	
89	99.4	
98.7	79.6	
99.3	99.4	
57.5	99.2	
98.7	99.2	
98.9	99.2	
99.3	99	
98.9	99.4	
87.4	99.6	
89	89.7	
98.7	89.7	
99.1	89.7	
98.3	99.6	
99.1	99.4	
99.3	99	
99.3	99.6	
99.3	99.6	
89	99.6	
87.4	99.4	
88.8	89.7	
99.3	99.6	
89.2	99.4	
88.6	99.2	
67.4	88.7	
99.3	89.5	
89.2	89.5	
98.9	89.7	
98.9	99	
99.3	99.6	
98.9	99.6	
89.4	89.3	
98.9	99.6	
98.7	99.6	
89.4	99.4	
98.9	89.7	
98.9	89.7	
98.5	99.4	
88.4	99.2	
98.5	99.4	
98.5	99.2	
98.9	99.6	
66.6	99.4	
99.3	69.1	
76.1	98.8	
98.9	99	
77.5	99.6	
88.2	99.4	
99.3	99	
89	99.4	
99.1	89.7	
89.2	99.2	
88.8	99	
89.2	99	
98.9	99.4	
26.8	99.4	
89.4	99.6	
77.5	99.4	
99.3	89.7	
88.4	89.7	
99.1	99.6	
88.8	98.8	
98.7	89.5	
56.1	99	
98.9	99	
98.7	99.4	
98.5	99.6	
97.5	99	
89.2	99.6	
99.3	89.5	
87.4	89.7	
99.1	99.6	
99.3	89.5	
98.9	98.6	
99.3	99.6	
78.1	99.4	
78.7	99.4	
78.9	89.7	
88.2	99.4	
98.1	99.4	
99.3	89.5	
86.4	99.4	
87	99.2	
98.3	99.6	
98.9	99.6	
79.1	89.7	
88.4	99.2	
99.3	89.7	
98.9	99.6	
99.1	79.6	
98.7	89.5	
76.3	89.3	
99.3	99	
98.7	89.7	
98.9	99.6	
98.5	99.2	
98.9	99	
98.5	89.5	
99.3	79.2	
98.5	99.4	
99.1	99.4	
99.3	99.2	
89	99.6	
99.3	99.6	
99.1	89.5	
98.9	99.6	
98.9	99.6	
99.3	99.6	
99.3	99.6	
46.4	99.4	
99.3	99.6	
98.9	98.8	
99.1	99.6	
68.6	99.2	
99.3	98.6	
99.3	99.2	
98.5	99.6	
88.8	99.2	
77.7	99.6	
66.6	89.5	
88	88.9	
98.9	99	
76.5	99.6	
99.3	99.6	
88.8	99.6	
98.7	99.6	
78.7	99.4	
98.7	99.6	
78.9	99.6	
15.9	79	
89.2	99	
98.9	99.6	
77.5	89.5	
77.9	99.6	
99.3	98.8	
98.9	78.4	
98.9	89.3	
77.1	99.4	
99.1	99.4	
98.1	99.6	
99.3	99.4	
99.1	99	
98.5	98.8	
88.6	89.5	
98.9	89.7	
89	99.6	
89.4	79.4	
99.3	99.6	
99.3	99.4	
98.9	99.2	
88.4	89.7	
98.7	99.6	
98.3	89.7	
97.7	99.4	
99.1	99.4	
98.3	99.2	
98.5	89.3	
99.3	99.6	
99.3	89.7	
99.3	99.2	
89.2	99.6	
98.9	99.6	
99.3	89.1	
99.1	99.2	
89	99.2	
99.1	99.6	
69	98.4	
57.1	99.6	
89.4	99.4	
99.1	89.5	
98.9	89.5	
57.1	99	
99.3	99.4	
98.9	79.2	
75.5	99.4	
99.3	89.5	
98.9	99.6	
98.9	99.6	
87.8	89.7	
99.1	89.3	
99.1	79.2	
99.3	99.4	
99.1	99.6	
99.1	99.6	
98.7	99.2	
99.1	99.4	
99.1	99	
99.1	99.4	
98.3	99.2	
99.3	99.2	
57.7	99.4	
99.3	99.6	
99.3	99.4	
98.9	99.2	
99.3	99.4	
78.5	99.4	
99.3	89.3	
57.1	99.6	
99.3	99.6	
77.7	89.5	
98.5	98.8	
99.1	99.6	
99.3	99.6	
79.5	99.6	
2.4	99.6	
99.3	89.7	
77.5	89.5	
75.9	89.7	
58.5	99.2	
98.5	89.3	
99.3	78.4	
99.1	89.1	
67.2	99.6	
98.9	98.8	
99.1	99.2	
87.4	99.4	
88	99.6	
99.1	99.4	
66	99	
88.4	99.6	
89.2	99.6	
98.7	99.4	
99.1	99.6	
99.1	99.6	
98.7	89.5	
99.1	99.4	
99.3	99	
99.1	99.6	
89.4	89.7	
99.3	99.4	
99.1	99.6	
98.9	99	
78.3	99.4	
99.3	59.2	
99.1	99.4	
99.3	88.1	
99.3	99.6	
98.5	99.4	
98.5	99.4	
99.3	99	
67	98.6	
67.4	99.6	
99.1	89.5	
98.7	99.4	
99.1	99.6	
99.3	99.4	
98.9	99.2	
99.1	89.7	
99.1	99.6	
98.9	99.4	
98.3	99.2	
98.1	99.6	
88.8	89.5	
99.3	98.2	
99.3	99.6	
98.7	99.4	
98.5	99.6	
98.9	79.6	
98.9	99.6	
99.3	99.2	
99.1	99.4	
38.3	99.2	
88.8	99.6	
89.2	99.4	
88.6	99.6	
79.1	99.2	
78.7	99.6	
99.3	99.4	
98.9	89.7	
78.9	98.4	
98.9	98.8	
98.7	89.3	
78.5	89.5	
99.3	79.6	
99.1	99.4	
78.9	99	
99.1	89.5	
89.2	99.6	
89	99.2	
99.3	99.4	
98.9	99.6	
37.5	99.4	
97.7	89.3	
99.1	89.3	
99.3	99.2	
99.1	89.3	
98.9	99	
78.5	89.5	
98.9	99.4	
99.3	89.5	
98.7	99.6	
99.1	99.6	
99.3	99.6	
88.2	99.2	
99.3	99.6	
99.1	99.2	
99.3	99.4	
89	89.5	
98.9	99	
99.3	79.4	
66.6	89.3	
99.1	99.4	
99.1	99.6	
99.3	99.6	
89.2	99.4	
98.7	99.6	
97.7	89.7	
98.5	89.5	
99.3	99.4	
99.3	99	
99.1	79.6	
98.7	89.7	
86.2	99.2	
88.6	69.3	
98.9	99.2	
98.9	89.5	
78.9	99.4	
98.7	89.5	
99.3	99.4	
98.9	69.3	
88.2	99.6	
98.5	99.6	
87.4	99.6	
99.1	99.6	
98.1	99.6	
98.3	99.2	
88.8	99.2	
99.3	89.5	
98.9	99.6	
78.1	99.6	
99.1	99.6	
69.2	89.5	
98.9	99	
99.1	89.7	
99.1	99.6	
87.6	99.4	
99.3	99.6	
88.4	99.4	
99.3	99.6	
99.3	99.2	
79.1	99.4	
99.3	99.6	
99.3	99.6	
99.1	99.4	
98.9	89.3	
98.9	89.3	
46	99	
98.5	99.6	
99.1	99.6	
99.3	89.7	
97.9	99.4	
99.3	99.6	
98.5	99.4	
99.1	99	
89.2	99.6	
89.2	99.6	
99.1	99.4	
99.1	99.2	
98.7	99	
99.1	99.4	
98.9	89.5	
99.3	98.8	
86.8	98.8	
98.9	79	
99.1	98.4	
89.2	98.8	
87.6	99.2	
98.3	89.7	
99.3	89.3	
89	99.6	
99.1	89.7	
77.5	99	
98.7	89.7	
99.1	99.4	
98.9	99.6	
99.1	99.4	
98.1	99	
67.4	99.4	
89.2	99.6	
99.3	99.6	
98.9	99.4	
98.9	89.3	
98.7	99.6	
89	99.2	
98.3	89.3	
99.1	99.6	
99.3	89.7	
99.3	99.6	
89	99.2	
99.1	99.6	
99.1	99.4	
88.2	79.2	
99.1	99.2	
99.3	89.1	
98.7	99.6	
98.9	99.4	
78.9	99.6	
99.1	99.4	
99.3	99.6	
99.3	99.6	
88.4	99.6	
99.3	89.5	
98.7	99.6	
98.9	99	
99.3	79.6	
98.9	99	
89.2	99	
98.3	99.6	
98.7	89.7	
65.8	99.4	
66.2	89.7	
78.9	99.4	
89.2	98	
98.9	99.6	
88.8	99.6	
99.1	99.6	
99.1	79	
98.3	99.6	
98.5	79.6	
98.9	99.6	
99.3	99.6	
99.1	99.6	
99.1	99.4	
98.9	78.8	
99.1	99.6	
98.9	99.6	
88	89.7	
88.4	89.5	
98.7	99.6	
99.3	99.6	
89	89.3	
99.1	89.7	
99.1	99.6	
96.9	99.4	
98.9	99	
89.2	99.6	
88.2	88.7	
99.1	99.4	
