98.1	89.3	
98.9	99.4	
89.2	99.6	
97.9	99.2	
98.7	99.6	
78.1	99.4	
88.2	99.6	
98.5	99.6	
89	89.5	
98.1	99.4	
97.9	99.4	
99.1	99.6	
99.1	99.4	
98.3	99.6	
88.8	99.4	
98.1	99	
98.7	99	
89.2	99.6	
98.7	89.1	
99.1	89.3	
89.2	99.6	
99.3	99.6	
98.3	99.4	
98.7	99.6	
99.3	99.2	
98.9	99.4	
99.1	99.6	
99.3	99.2	
79.1	99.6	
79.1	99.6	
78.9	99.4	
98.9	89.5	
98.7	99.4	
68.6	99.6	
99.1	99	
98.5	99.6	
99.3	89.3	
98.7	89.3	
98.9	99.4	
99.1	99.6	
89.2	99.6	
99.1	99.6	
89.2	89.3	
98.9	89.7	
98.5	99.6	
98.3	99.4	
98.3	99.6	
89.2	99.6	
89.2	99	
88.2	99.2	
98.3	99.6	
98.9	99.6	
89.2	99.6	
97.9	99.4	
98.9	99.2	
98.7	99.6	
98.5	98.6	
97.3	89.7	
78.7	88.7	
98.7	99.6	
98.9	89.7	
98.9	99.6	
98.7	99.4	
99.1	99.2	
99.3	89.7	
88	99	
99.1	99.6	
98.9	99.6	
98.5	89.5	
98.7	99.4	
99.3	99.6	
87.6	99.6	
99.3	99.4	
98.3	99	
98.7	99.6	
98.1	99.2	
98.3	99.4	
98.1	99.6	
98.5	99.6	
88.6	99.4	
98.5	99.6	
98.7	99.2	
99.1	99.2	
88.8	99.4	
77.5	99.6	
98.1	99.6	
98.7	89.1	
98.1	98.6	
88.8	99.6	
98.1	99.2	
88.6	99	
98.9	89.7	
88	89.7	
98.9	99.6	
98.1	78.2	
79.5	99.4	
98.1	99.2	
99.3	99.2	
98.1	99.4	
98.5	99.2	
98.3	99.4	
78.9	99.6	
97.9	98.4	
88.4	99	
97.9	99.6	
97.7	99.6	
98.9	99.6	
99.3	99.6	
98.9	98.2	
88.6	99.6	
88.2	99.6	
98.9	89.7	
88.4	99.6	
78.7	99.4	
78.3	99.4	
98.9	99.6	
98.7	99.6	
77.3	99.6	
98.3	99	
97.9	99.6	
88.4	99	
99.1	99.6	
98.7	88.9	
48.6	99.4	
98.7	99.6	
97.7	99.6	
98.9	89.7	
98.9	99.4	
98.3	99.6	
88.4	98.8	
99.1	99.6	
98.5	98.6	
99.3	99.6	
98.9	99.2	
58.3	99.4	
96.5	99.2	
97.9	99.6	
99.1	98.4	
98.9	99.6	
68.8	99.6	
78.5	99.6	
99.3	99.6	
98.9	99.4	
98.7	99.6	
98.7	99.4	
97.7	99.6	
99.1	89.1	
98.3	99.2	
88.8	99.4	
99.3	99.6	
98.9	99.6	
78.9	99.6	
98.1	99.6	
98.7	99.6	
89.2	99.6	
88.8	89.5	
98.5	99.4	
98.5	99.4	
98.7	89.1	
98.3	99.6	
99.3	89.7	
88.8	99.6	
78.7	99.4	
98.9	99.6	
99.1	99.6	
99.1	99.6	
98.1	79.4	
98.9	99.6	
99.3	89.7	
98.1	99.6	
98.5	89.3	
98.9	99.4	
97.9	99.6	
97.7	99.2	
98.5	99.4	
97.9	99	
99.3	99.6	
89.2	99.2	
97.1	99.6	
97.3	99.6	
98.9	89.7	
98.7	99.6	
98.5	99.6	
87.6	99.6	
99.3	89.5	
98.7	99.4	
98.9	89.7	
98.9	99.6	
89.4	99	
99.3	99.2	
98.7	99.6	
89.4	99.4	
97.3	89.3	
99.1	99.4	
98.3	99.6	
69	99.4	
88	79.2	
88.6	99.6	
89.2	98.2	
98.7	99.6	
89	99.4	
87.6	99.6	
78.7	99.4	
98.9	99.6	
88.4	99.4	
98.3	89.5	
98.7	99.2	
99.3	99.6	
88.4	99.4	
99.3	99.6	
98.9	99	
98.5	99.2	
98.1	99.6	
99.1	99.4	
77.5	99.6	
98.7	99.4	
99.3	89.7	
99.1	99.6	
99.3	99.6	
98.1	99.6	
88.8	89.7	
98.1	99.6	
98.5	99.6	
98.5	99	
99.3	99.6	
99.1	99.6	
98.7	99.4	
77.3	99.6	
89.2	99.6	
99.1	99.6	
99.1	99.6	
98.5	99.6	
97.7	99.4	
89.4	99.2	
98.9	99.4	
79.1	99.2	
96.5	99.6	
89.2	99.6	
97.9	99.6	
89	99.6	
97.5	99	
98.9	99.6	
98.9	99.6	
99.1	99.2	
98.3	99.4	
89	99.6	
99.3	99.4	
88.2	99.6	
88.8	99.6	
98.7	98.8	
77.7	99.6	
79.3	99.6	
88.4	89.5	
98.7	99.6	
67.2	99.4	
98.9	88.3	
99.1	98.8	
98.5	98.8	
89	99.6	
78.7	99.6	
99.1	99.6	
99.3	99.2	
78.1	98.8	
98.5	99.6	
98.5	99.4	
98.7	89.7	
99.3	99.4	
97.3	99.2	
98.7	99.6	
98.1	99.6	
88.2	99.6	
78.5	99.6	
57.5	99.6	
98.1	99.6	
98.5	99	
98.9	99.4	
99.3	99.6	
78.5	99.6	
88	89.7	
78.7	98.8	
99.3	89.7	
98.7	99.4	
98.7	99.6	
89	99.6	
99.3	99.2	
98.7	99.6	
98.3	99.4	
98.5	99.6	
89	99.4	
88	99.6	
99.1	99.4	
87.2	99.4	
87.8	99.6	
78.3	99.2	
98.3	99.4	
68.6	99.6	
89	89.7	
98.7	99.6	
98.9	99	
79.3	99.4	
98.7	98.8	
89	99.6	
97.9	99.6	
98.7	89.3	
99.3	89.3	
88.2	99.2	
98.9	99.6	
99.1	89.5	
99.1	99.4	
97.7	99.6	
99.1	99.6	
98.5	99.6	
99.3	99.6	
78.7	99.2	
98.5	99.6	
98.1	99.6	
78.9	99.6	
98.3	99.6	
89.4	99.6	
96.9	99.4	
89	98.4	
98.7	99.6	
97.7	89.5	
98.9	99.6	
89.4	99.2	
99.3	99.4	
98.9	99.6	
98.5	99.4	
89.4	79.6	
98.3	99.6	
87.6	99.6	
78.7	99.6	
98.5	99.6	
88.4	99.4	
88.8	99.6	
98.7	99.2	
98.9	99.4	
98.9	99.6	
98.5	99.4	
98.9	89.7	
97.7	89.5	
97.7	99.6	
99.3	99.6	
99.3	99.6	
98.7	99.6	
98.9	98.2	
99.3	99.6	
98.9	99.6	
98.9	98.6	
99.1	99.4	
78.5	99.4	
89.4	99.6	
99.3	89.7	
99.3	99.6	
99.3	99.4	
98.5	99.6	
97.7	89.3	
98.3	99.6	
98.5	99	
96.7	99.6	
98.9	99.6	
87.4	88.7	
99.1	99.6	
99.1	99.6	
98.9	99.4	
99.3	99.6	
98.7	68.5	
37.7	99.2	
98.1	99	
97.7	88.7	
98.7	99.4	
98.9	89.7	
98.3	99.4	
99.1	99.6	
96.5	99.4	
78.7	99.4	
89.2	99.6	
98.9	99.4	
78.5	99.6	
98.3	99.6	
98.3	99.6	
99.3	99.6	
98.5	99.6	
98.5	99.2	
98.7	88.5	
98.7	99.4	
98.5	99.2	
88	99.6	
98.9	99.4	
88	99.4	
99.1	98.6	
99.3	99.4	
98.7	99.6	
99.3	89.3	
99.3	89.3	
99.1	99.4	
89.2	99.4	
57.9	89.1	
98.3	89.3	
97.9	89.5	
98.3	99.6	
98.1	99.4	
98.3	99	
98.9	99.4	
99.3	99.6	
79.3	99.6	
99.3	99.2	
98.9	99.6	
98.1	99.4	
89.4	99.6	
98.5	99.4	
78.1	99.6	
98.7	99.6	
99.3	99.4	
98.9	99.6	
78.1	99.2	
98.5	99.4	
99.3	99.4	
98.3	89.5	
98.1	99.6	
98.7	89.3	
99.1	98.6	
99.1	99.4	
98.9	99.6	
99.1	99	
98.9	89.5	
88.6	99.6	
98.5	99.6	
98.3	89.7	
77.9	99.6	
99.3	99.6	
98.9	99.4	
78.9	98.6	
78.5	99.4	
55.3	99.2	
88.6	99.2	
99.1	99.2	
98.9	89.7	
89.2	89.1	
97.5	89.3	
99.1	99.6	
97.9	89.5	
98.9	88.5	
99.1	99.2	
78.7	99.6	
87.8	99.2	
77.5	99.6	
99.3	99.4	
99.3	89.7	
98.5	89.5	
87.4	99.2	
98.7	99	
99.1	99.6	
98.9	99.4	
98.7	89.5	
98.5	99.2	
89.2	99.4	
98.9	99.4	
78.7	89.3	
98.7	99.6	
99.1	99.4	
98.7	99.6	
99.1	99.6	
98.7	99	
89	99.2	
88.8	99.6	
99.1	98.8	
98.9	99.6	
98.9	99.2	
89.4	99.6	
78.9	99.6	
97.1	99.4	
98.9	99.6	
98.3	99.2	
98.3	99.4	
87.8	99.6	
98.3	98.6	
88.8	89.5	
98.5	99.6	
98.7	99.6	
98.7	99.6	
99.1	79.2	
98.7	99.4	
98.9	99.6	
88.8	99.6	
67.4	99.4	
98.1	89.5	
97.9	99.6	
98.7	89.5	
89.2	79	
58.5	99.4	
96.5	89.7	
97.5	99.4	
78.5	99.6	
98.7	89.5	
88.6	99.6	
87	99.4	
98.3	99.2	
97.9	99.6	
98.9	99.6	
98.1	99.2	
99.1	89.3	
98.5	99.6	
98.5	89.1	
77.7	89.1	
98.3	99.4	
98.5	99.4	
98.9	89.7	
88.6	99.4	
98.1	99.6	
89.2	98.6	
99.3	99.6	
78.3	99.6	
37.5	89.5	
78.7	99.4	
98.5	99.6	
98.9	99.4	
89.2	99.2	
98.9	89.5	
87.8	79.4	
98.5	99.6	
98.1	99.6	
99.1	99.2	
98.3	99.6	
68.8	99.6	
98.9	99.2	
98.9	99.2	
99.1	89.7	
98.5	99.4	
98.9	99.6	
98.9	99.6	
98.9	99.6	
88.6	99.6	
98.3	99.6	
99.3	98.8	
98.7	99.6	
89.4	99.6	
98.9	99.4	
98.5	99.6	
89.4	79.4	
99.1	99.4	
98.3	99.6	
97.5	98.4	
69	99.6	
96.5	99.6	
96.5	99.2	
89.2	99.4	
99.3	99.2	
98.7	99.6	
79.3	99.6	
98.9	99.4	
98.3	99.4	
97.5	99.6	
88.8	99.4	
98.9	99.4	
89	89.5	
88	99.2	
67.6	89.1	
99.1	89.5	
78.7	99.6	
98.9	99.6	
98.9	99.6	
98.5	99.6	
99.1	89.7	
99.3	89.7	
98.3	99.6	
89.2	99.4	
97.5	99.2	
99.1	99.6	
88.2	89.5	
98.9	99.6	
78.7	99.6	
99.1	99.6	
98.3	99.4	
98.5	99.2	
98.3	99.6	
98.3	89.5	
88.6	99.6	
98.7	99.6	
98.5	99.6	
89	99.6	
97.5	99.4	
97.9	99.6	
98.9	99.6	
98.3	99.6	
89.2	89.1	
98.9	99.6	
97.9	99.6	
98.1	99.6	
99.3	99.6	
98.5	99.6	
58.1	99.6	
99.3	99.6	
99.3	99.6	
98.9	99.6	
98.7	99.2	
99.1	99.6	
98.7	99.6	
78.5	99.4	
99.3	99.6	
89.4	99.4	
98.9	99.4	
78.1	99	
99.3	99.4	
88.4	99.4	
99.1	99.4	
97.7	99.6	
98.3	99.6	
98.3	99.4	
97.5	99.6	
98.9	99.2	
87.6	99.4	
99.3	89.7	
98.7	99.4	
89	99.6	
99.3	99.2	
89	99.2	
98.9	99.6	
97.7	99.4	
99.1	99.4	
98.9	99.6	
98.7	89.3	
78.1	89.7	
97.5	99.4	
98.5	89.5	
98.9	99.6	
68.4	99.6	
99.3	99.6	
99.1	99.6	
88.6	89.5	
88.6	99.4	
79.3	99.4	
98.9	99.6	
98.7	99.6	
89.2	99.2	
69.2	89.3	
97.3	98.8	
99.1	99.4	
99.1	99.4	
98.3	99.6	
89.4	99.6	
79.1	99.4	
98.7	89.3	
98.7	79.4	
98.5	99.6	
86.8	99.4	
88.2	99.6	
98.5	99.4	
99.1	99.6	
99.3	99.4	
88.4	89.5	
98.7	99.2	
98.9	99.6	
99.1	89.5	
98.5	89.7	
78.5	99.6	
88.2	99.6	
97.7	99.6	
98.9	99.2	
99.3	99	
88.6	99.6	
99.1	99.4	
99.3	99	
99.1	89.7	
79.1	99.6	
99.3	99	
99.1	99.6	
88	89.3	
99.3	99.4	
98.9	89.7	
98.3	99.4	
99.3	99.4	
97.7	99.6	
88.8	99.6	
98.7	99.2	
89.2	99.6	
88.2	99	
99.3	99.4	
99.1	99.6	
86.6	89.5	
89	89.7	
99.3	99.6	
78.3	99.6	
99.1	99.6	
89.2	79	
99.1	99	
98.9	99.2	
98.7	99.6	
99.3	99.6	
99.3	99.4	
74.9	89.3	
99.3	99.6	
99.1	99.6	
79.3	99.2	
99.3	99.4	
99.3	99.4	
98.7	99.4	
98.5	99.4	
99.1	99.4	
99.1	99.6	
68.8	99.6	
73.1	99.4	
68.6	99.4	
68.2	89.3	
98.7	79.2	
99.3	99.4	
99.1	89.5	
98.9	99.4	
98.7	99.4	
88.2	99.2	
98.9	99.2	
97.9	99.4	
99.1	89.1	
99.3	89.5	
88.4	99.6	
98.5	99.2	
98.7	79.6	
98.1	99.4	
97.5	99.4	
99.3	99	
89	99.2	
88.4	99.6	
99.1	99.6	
97.7	99.4	
98.7	99.6	
98.9	99.6	
99.1	99.6	
98.9	89.7	
78.3	99	
99.1	99.4	
98.9	98.6	
99.1	99.6	
88.8	99.6	
98.3	99.4	
99.3	99.2	
98.9	99.6	
99.1	99.6	
58.9	99.4	
99.1	99.6	
98.3	99	
69	89.5	
98.7	89.7	
98.1	99.2	
99.1	79.4	
98.3	99.6	
99.1	89.7	
98.7	99.6	
98.9	99.4	
98.5	99.6	
98.3	89.5	
89.2	99.6	
78.5	99.4	
89	89.5	
98.7	99	
98.9	89.5	
96.9	98.8	
98.9	99.6	
99.3	99.4	
98.3	99.6	
97.9	99	
98.1	99.6	
98.3	99.6	
98.7	99.4	
98.5	99.4	
78.1	99.6	
67.8	99.2	
97.9	99.6	
98.5	89.5	
98.7	88.9	
99.3	99.6	
98.7	99.6	
97.9	98.6	
98.9	89.1	
88	89.3	
99.3	99.6	
98.9	99.6	
88.2	99.6	
89	99.4	
98.9	99.2	
89.4	99.6	
99.1	99	
98.3	99.6	
89.4	99.6	
98.3	99.4	
98.5	89.1	
99.3	99.6	
89.2	89.3	
97.9	99.6	
79.1	99.6	
79.3	99.6	
89.4	98.4	
98.7	99.6	
98.9	99.4	
98.9	99.6	
96.9	99.4	
98.5	89.5	
98.5	99.6	
98.7	99.6	
98.9	99.4	
89.2	99.2	
98.3	99.4	
89	99.6	
97.7	99.6	
99.3	89.5	
58.1	99.4	
98.5	99.6	
98.9	99.6	
69.2	99.2	
89	99.6	
99.3	99.6	
97.5	89.7	
68.4	99.4	
99.3	98.6	
88.2	99.6	
99.3	99.6	
98.9	99.4	
97.7	99.4	
97.9	99.2	
88.8	99.2	
99.1	99.6	
99.3	88.9	
98.3	99.6	
98.7	99.2	
88.8	99.6	
98.9	89.7	
88.2	99.4	
68.4	99.6	
98.5	99.4	
98.1	89.7	
98.7	99.6	
98.5	79.2	
98.7	98.4	
98.9	99.6	
99.1	99.6	
98.5	99.4	
89.4	99.6	
99.1	99.6	
98.7	99.6	
98.3	99.2	
88.8	99.6	
98.9	98.8	
88.6	89.5	
79.1	99.6	
98.5	99.4	
97.9	89.3	
68.6	99.6	
99.1	99.6	
98.7	89.1	
98.5	99.2	
98.5	99.2	
98.5	99.6	
98.9	99.2	
98.7	89.5	
99.1	99.2	
99.1	89.7	
98.7	99.6	
97.9	99.4	
67.8	99.6	
99.1	89.5	
98.3	99.6	
97.7	89.5	
97.5	99.4	
99.1	99.4	
89.4	99.6	
97.7	99.6	
98.3	99.6	
99.3	89.3	
97.5	89.7	
99.1	99	
88.2	99.6	
88.2	99.2	
98.1	99.6	
98.9	99.6	
98.7	99.2	
98.7	99.6	
98.5	99.4	
99.1	99.6	
99.3	89.7	
98.3	99.4	
67.6	99.6	
99.3	99.6	
78.1	99.6	
98.1	99.6	
98.5	99.6	
98.7	99.6	
88.6	99.2	
98.3	99.4	
89	99.6	
89.4	89.5	
88.2	99	
98.9	99.4	
98.5	99.4	
79.1	99.4	
97.7	79.2	
98.1	89.3	
99.1	99.4	
97.5	99.6	
98.1	99.2	
97.3	98.4	
98.7	99.4	
98.9	99.6	
99.1	99.6	
98.9	99.6	
89.4	99.4	
88.8	89.1	
98.7	99.4	
99.3	99.6	
98.7	99.2	
98.7	99.6	
89.2	99.6	
99.3	99.4	
99.1	99.4	
99.1	99.4	
98.3	99.6	
98.7	99.4	
89	99.6	
98.5	99.4	
88.4	99.2	
98.9	99.2	
78.7	89.3	
98.1	99.6	
98.1	99	
99.3	99.4	
89.2	99.6	
89	89.5	
88.6	99.6	
77.9	99.2	
98.9	89.3	
99.1	99.6	
98.7	99.4	
98.7	99.6	
98.7	99.4	
99.1	89.7	
99.3	98.8	
78.3	99.6	
99.3	99.6	
96.7	99.6	
98.3	89.5	
99.3	99.6	
99.1	99.4	
99.3	89.3	
99.1	99.6	
68	99.6	
98.7	99.4	
87.4	99.6	
98.9	99.6	
99.3	89.5	
98.7	99	
89	99.6	
97.7	99.6	
98.1	99.4	
58.7	99.6	
98.7	99.6	
98.9	99.4	
95.7	99.6	
88.4	79.4	
98.1	88.7	
98.9	99.6	
98.3	79.4	
98.9	99.2	
99.1	98.8	
98.9	89.1	
87.4	99.6	
99.1	99.6	
98.9	99.6	
88.8	99.4	
78.7	99.4	
87.8	99.6	
99.1	99.2	
88.8	99.2	
99.3	89.5	
99.1	89.3	
99.1	99.4	
99.3	99	
89.2	99.6	
88.6	99.6	
99.1	89.5	
89.4	99.4	
98.7	99.6	
89.2	99.4	
99.3	99.6	
97.5	89.1	
68.4	99.2	
98.1	99.6	
79.5	99.2	
98.5	99.2	
99.3	79.4	
99.3	99.4	
98.7	99.4	
99.1	99.2	
99.1	99.6	
97.3	99.6	
99.3	98.4	
98.1	99.6	
98.9	99.2	
99.3	99.6	
99.1	89.3	
78.1	99.6	
89.2	99	
99.1	99.6	
