99.3	99.6	
99.3	89.5	
99.1	99.6	
99.1	99.6	
89	99.6	
99.3	99.2	
98.5	99.2	
99.1	99.4	
99.1	99.6	
99.1	99.6	
98.9	89.5	
98.3	99.4	
99.1	99.2	
89	99.6	
98.7	99.4	
99.1	99.2	
99.1	99.4	
98.7	99.4	
99.1	89.5	
88.6	99.6	
99.1	99.6	
98.7	79.2	
99.1	99.2	
88.4	99.6	
89	99.4	
88.6	99.6	
98.5	89.5	
99.3	99.6	
79.1	99.4	
99.3	89.7	
88.6	99.6	
89.2	99.6	
89.2	99.4	
99.1	99.6	
99.1	99.6	
99.3	99.4	
79.1	99.4	
99.3	89.7	
99.3	99.6	
98.9	89.5	
68.4	99.6	
99.3	99.4	
98.5	99.6	
99.1	99	
98.9	99.4	
99.3	98.8	
89.2	99.4	
98.9	99.4	
98.7	89.5	
99.3	89.5	
99.3	99.6	
99.1	99.6	
98.7	99.4	
99.3	98.8	
98.5	99.4	
89	99.4	
99.3	99.6	
99.3	99.6	
78.9	99.4	
97.9	99.6	
87.8	89.5	
98.5	99.2	
99.1	99.6	
98.9	89.1	
98.5	99.6	
99.3	99.6	
99.3	97.2	
99.1	99	
99.1	99.2	
99.3	89.5	
97.9	99.2	
98.7	99.2	
98.9	99.6	
98.5	89.5	
98.3	89.5	
98.7	99.6	
99.3	99.6	
89.2	89.7	
99.3	99.6	
99.3	99.6	
98.9	99.6	
99.3	99.4	
98.5	99.6	
99.3	99.4	
98.9	99.4	
99.3	99.6	
79.1	99.6	
98.9	89.7	
99.1	98.2	
98.9	99.4	
99.1	99.6	
98.9	69.1	
98.5	99.6	
98.7	99.6	
98.7	99.6	
88	99.6	
98.9	99.6	
99.3	99.4	
99.3	99.6	
88.4	99.6	
89.2	99.6	
98.7	99.6	
98.9	99.6	
99.1	99.6	
98.7	99.6	
98.7	99.6	
88.6	88.9	
99.1	99.4	
99.3	99.2	
99.1	99.2	
99.1	99.6	
99.3	99.6	
99.1	99.6	
99.1	99.6	
99.3	99.6	
88.8	99.2	
89.2	89.7	
99.3	89.7	
99.3	99.6	
99.1	99.6	
98.1	99.2	
89	99.6	
68.6	99.4	
99.1	99.2	
98.9	99.4	
99.3	89.7	
99.3	99.4	
99.1	99.4	
89.2	99.6	
89	99.2	
99.1	98.8	
99.3	58.4	
99.3	99.4	
99.3	99.6	
99.1	99.6	
99.3	99.6	
98.9	99.4	
98.9	99	
89.4	99.6	
99.3	99.6	
99.3	99.4	
99.3	98.8	
99.3	99.6	
89	99.4	
88.6	99	
98.9	78.6	
99.3	99.6	
98.9	99.6	
99.3	89.1	
99.3	99.2	
98.5	99.6	
78.7	99.2	
89	99.4	
99.3	99.6	
88.8	99.4	
99.3	99.6	
99.1	99.6	
88.8	99.2	
99.1	99.2	
99.1	99.6	
99.1	99.6	
99.1	99.6	
99.1	99.6	
79.1	99.2	
99.3	99.4	
99.3	89.5	
98.7	98.6	
99.1	99.6	
99.3	99.4	
98.9	99	
99.1	99	
99.1	99	
99.1	99.6	
99.3	99.2	
88.8	88.3	
89	99.4	
88	99.4	
99.1	89.5	
99.3	99.6	
99.1	99.6	
98.9	99.6	
98.9	98.4	
99.3	99.6	
98.7	99.4	
89.2	99.6	
89	99.6	
98.9	99.2	
98.7	99.4	
99.3	99.4	
98.5	99.4	
99.3	89.7	
99.1	99.6	
99.3	88.7	
99.3	99.6	
99.3	99.6	
99.1	99.6	
99.1	99	
89.2	89.5	
88.4	99.6	
99.1	99.2	
98.5	99	
99.1	99.6	
99.3	99.6	
99.3	88.7	
88.8	98.8	
99.1	99.6	
99.3	99.6	
98.9	99.4	
99.3	99.4	
99.1	89.7	
89.2	99.6	
98.9	99.4	
98.7	89.7	
98.7	99.6	
99.3	99.6	
99.1	99.6	
89	99.2	
96.7	98.6	
99.1	99.4	
99.3	99.4	
99.1	99.6	
98.7	99.4	
99.1	99.4	
98.9	99.2	
98.9	98.8	
88.2	99.6	
88.8	99.6	
98.9	98.8	
99.1	99.6	
99.3	99.6	
99.3	99.4	
99.3	99.4	
99.3	99.6	
98.5	99.6	
99.3	99.4	
98.1	99.4	
99.1	88.9	
99.3	99.6	
99.1	99.6	
68.6	99.6	
98.9	99.6	
78.7	98.6	
89.2	99.2	
99.1	99.2	
98.7	89.5	
98.7	99.2	
99.3	99.6	
89.2	99.4	
99.3	99.4	
99.1	99.4	
99.1	99.6	
99.3	99.6	
99.1	99.6	
98.7	99.6	
78.7	99	
98.7	99.2	
99.1	99.2	
99.3	98.8	
99.3	99.4	
99.1	99.4	
98.9	99.6	
88.8	89.3	
99.1	99.4	
98.7	99.6	
99.3	99.6	
97.9	99.2	
99.1	99.6	
89.4	89.5	
79.1	99.6	
98.9	99.4	
99.3	99.6	
99.1	99.4	
98.7	99.6	
98.7	99.6	
99.1	98.8	
99.1	99.2	
78.9	99.6	
99.3	99.4	
99.3	99.2	
88.6	99.4	
99.1	99.2	
98.9	99.6	
89.2	99.6	
99.1	99.2	
99.3	99.6	
99.3	89.3	
99.3	99.2	
89.2	89.7	
99.1	99.6	
99.3	99.4	
99.1	99.6	
78.7	99.2	
99.3	99	
99.3	99.6	
78.5	99.4	
98.5	99.6	
99.1	99.6	
98.9	99.2	
98.9	99.6	
99.1	99.6	
99.1	99.6	
98.7	89.7	
99.1	99.2	
98.9	99.6	
99.3	99.4	
99.3	99.6	
99.3	99.6	
98.1	89.7	
99.3	99.2	
89	99	
99.3	99	
98.9	89.3	
98.9	89.1	
78.5	99	
89.4	99.6	
99.1	99.2	
98.5	98.8	
98.9	99.6	
99.3	99.4	
98.9	99.6	
99.3	99	
98.7	98.8	
98.9	98.2	
89	99.2	
99.3	89.7	
98.9	99.2	
99.3	99.4	
99.3	89.5	
99.3	99.6	
99.3	99.4	
99.3	99.6	
98.3	99.4	
99.3	99.6	
99.3	99.2	
98.5	99.2	
98.9	99.6	
99.3	99.6	
99.3	99.4	
88.2	99.6	
99.1	99.2	
99.1	99	
99.1	99.4	
99.1	99.4	
98.9	99.2	
98.5	99.4	
98.9	99.6	
98.7	99.6	
99.3	99.6	
99.3	99.2	
79.1	99.4	
99.3	89.3	
99.3	99.6	
99.3	99.4	
99.1	99.4	
99.3	99.4	
98.9	88.9	
98.5	99.4	
99.3	99.6	
88.6	99.4	
98.7	99.6	
98.9	99.4	
99.1	99.6	
99.1	98.8	
98.7	89.5	
99.3	99.6	
98.9	99.2	
98.5	99.6	
99.3	99.4	
99.1	99.6	
87.6	99.6	
88.8	99.4	
98.7	99.6	
99.3	99.4	
97.7	99.4	
99.3	99	
98.7	99.4	
99.1	99.4	
88.6	79.2	
98.7	99.4	
99.1	99.4	
99.3	89.5	
98.7	99.4	
98.7	98.2	
98.7	99.4	
99.1	99.6	
89.2	99.6	
99.3	99.4	
98.9	99.4	
99.1	99.6	
99.3	99.6	
89.2	99.4	
87.4	99.6	
99.3	89.3	
98.9	99.4	
98.5	99.6	
99.3	99.6	
98.3	89.3	
98.9	99.4	
99.3	99.2	
98.1	79.6	
98.9	89.5	
99.1	99.4	
99.3	99.2	
99.1	99.4	
98.9	99.4	
99.3	99.2	
98.5	99.4	
98.9	99.2	
99.3	99.4	
89.2	99	
99.3	99.2	
98.3	99.6	
88	99	
98.5	99	
99.1	99.6	
99.1	99.4	
87.8	99.6	
98.9	99.4	
97.7	99.4	
98.5	99.4	
99.3	99.6	
99.1	99	
88.6	99.6	
98.9	99.6	
78.9	99.4	
89.2	99.6	
99.3	99.2	
99.1	99.6	
99.1	89.7	
89	99.6	
99.3	99.4	
98.7	99.6	
89.2	99.6	
99.3	89.5	
99.1	99.6	
99.3	99.6	
97.9	98.4	
99.3	99.6	
99.1	99.6	
99.3	89.3	
99.3	99.4	
99.3	89.7	
99.3	99.4	
99.3	99.6	
99.1	99.4	
99.3	99.4	
77.9	99.6	
99.3	99	
98.9	99.4	
98.7	89.5	
67.4	99.4	
98.1	99.4	
99.3	99.4	
98.7	99	
99.3	99.6	
99.3	99.4	
99.1	99	
98.7	99.4	
98.7	99.6	
99.1	99	
78.7	99.4	
99.1	99.4	
98.9	99	
89.4	99.2	
99.3	99.6	
99.1	89.5	
99.3	99.2	
99.1	99.6	
99.1	99.4	
89	89.5	
98.9	89.7	
99.3	99	
88.6	89.3	
99.3	89.3	
98.7	89.7	
99.1	99.4	
88.4	99.4	
98.7	79.4	
99.3	99.4	
98.9	99	
89.2	99.6	
98.9	99.6	
89.2	99.4	
99.3	99.4	
99.3	99.2	
98.7	99.6	
99.1	99.4	
99.3	99.6	
97.7	99.4	
89	99.6	
98.9	99.4	
99.1	99.4	
98.1	99.6	
98.9	99.4	
98.5	89.7	
98.9	99.4	
98.9	89.7	
99.3	99.6	
99.3	99.6	
99.3	98.6	
99.3	99.4	
88.6	79.4	
98.9	99.4	
98.9	99.6	
98.7	99.4	
89.2	99.6	
99.3	99.2	
99.3	89.5	
98.9	99.2	
88.8	99.6	
98.9	99.6	
88.8	99.4	
89.2	98.6	
99.1	99.4	
99.3	99.6	
98.3	99.6	
88.6	99.6	
98.7	99.6	
89.2	99.2	
69	99.4	
98.7	99.4	
98.7	99.6	
88.4	99.4	
89.2	99.4	
99.1	99	
99.3	99	
98.7	99.2	
98.7	99.6	
99.3	99.4	
88.2	89.1	
99.1	99.6	
78.3	99	
99.1	89.7	
98.9	99.6	
99.3	99.6	
78.5	99.6	
98.9	99.4	
99.3	99.4	
98.7	89.5	
99.3	99.4	
99.1	99.6	
99.1	99.4	
98.7	99.2	
99.1	99.2	
89	99.4	
99.3	98.8	
89	99.6	
99.3	99.6	
78.9	99.4	
99.1	89.7	
88	99.6	
89.2	99.4	
99.3	99.4	
99.3	99.4	
98.7	99	
99.3	89.1	
98.9	99.2	
98.3	99.6	
98.9	99.6	
99.3	99.6	
98.9	99.2	
68.4	99.6	
99.1	99.6	
98.9	99.6	
99.1	99.4	
99.3	99.2	
89.2	99.4	
98.9	99.6	
99.3	99.6	
98.9	99.4	
98.9	98.6	
98.9	99.6	
99.1	89.5	
89	79.4	
87.8	89.7	
98.9	69.3	
98.3	99.6	
98.5	99.6	
99.3	99.6	
88.8	99.4	
98.9	99.6	
99.1	89.3	
99.3	99.2	
99.1	99.6	
99.3	99.4	
99.3	99.2	
99.3	79.6	
78.5	98.6	
88.8	99.6	
88.8	99.2	
98.5	89.7	
57.5	99.6	
99.3	89.7	
89	99.4	
79.1	99.6	
99.3	99.6	
99.1	99.2	
99.3	99.6	
98.9	99.4	
99.1	99.2	
98.3	99.4	
99.1	99.4	
98.5	99.2	
98.7	99.6	
99.1	99.6	
98.9	99	
99.1	99.6	
98.7	99	
98.9	99.4	
99.3	99.2	
98.7	99.6	
99.3	99.6	
98.3	99.4	
97.9	99.2	
99.3	99.6	
99.3	99.4	
99.3	99.4	
99.3	98.8	
99.1	99.4	
58.5	99.4	
99.3	99.6	
78.3	99.4	
99.1	99.6	
99.3	78.8	
99.3	99.2	
99.3	89.7	
99.1	99.6	
68.8	99	
98.9	99.6	
97.5	99.6	
99.1	99.2	
98.9	99.6	
99.1	89.5	
98.7	99.4	
89.2	99.2	
99.3	99.2	
99.3	99	
99.3	99.4	
99.3	99.4	
99.1	99.4	
99.3	89.3	
98.9	99.6	
99.1	99.4	
98.1	89.3	
89.2	99.6	
99.1	99.6	
99.3	99.4	
99.3	99.6	
99.3	99.6	
98.7	99.2	
99.3	99.4	
98.9	99.6	
99.1	89.1	
99.1	99.6	
98.9	99.6	
99.1	99.4	
99.3	99.6	
99.3	99.6	
99.1	99.6	
88.4	99.4	
99.1	89.1	
98.7	99.2	
99.3	99.6	
77.5	99.4	
98.7	99.6	
88	99.2	
99.3	99.6	
97.5	99.6	
98.9	99.6	
89	99.6	
99.1	99.6	
98.9	99.6	
89.2	99.6	
89.2	99.6	
99.3	99.2	
99.1	99.4	
99.1	99.6	
99.3	99.6	
99.1	99.4	
98.7	89.5	
99.3	99.2	
99.3	99.6	
98.9	99.2	
98.7	99.2	
98.9	98.8	
99.3	89.7	
99.1	89.1	
99.1	99.6	
98.9	99.4	
88.4	99.2	
99.3	88.9	
99.3	98.8	
98.9	99.6	
98.7	99.6	
99.3	99.6	
99.1	99.4	
89.4	99	
98.9	89.5	
99.3	99.6	
78.9	99.2	
99.3	99.2	
79.3	99.4	
99.3	99.6	
98.7	89.7	
99.3	89.5	
99.3	79.4	
99.3	99.6	
98.3	99.4	
99.3	99.2	
99.1	99.6	
99.1	89.5	
98.7	99.6	
99.1	89.5	
98.3	99.6	
99.1	99.4	
99.3	89.1	
99.3	99.4	
89.2	99.6	
99.3	89.1	
98.7	99.6	
99.1	99.6	
99.3	99.2	
99.3	99.4	
98.7	99.4	
89	99.6	
98.9	99.6	
98.9	89.7	
98.9	99.4	
99.1	99.6	
98.9	99.2	
98.3	89.5	
99.3	99.6	
99.1	98.2	
99.3	99.4	
98.9	99.6	
99.3	99.4	
98.7	99.4	
88.8	99.2	
98.5	99.6	
58.7	99.4	
99.1	99.4	
88.6	99.6	
99.3	99.2	
88.6	99.6	
99.1	99.6	
98.7	99.4	
98.9	99.6	
99.1	99.2	
98.7	89.5	
99.1	99.2	
88.4	89.5	
99.3	88.9	
58.9	99.6	
98.9	99.6	
99.1	98.8	
99.3	99.4	
98.9	99.4	
99.3	89.5	
99.1	99.6	
99.3	99.6	
98.9	99.6	
99.3	99.6	
98.3	98.2	
78.9	99.2	
98.9	99.6	
99.3	99.6	
89	99.6	
79.5	99.4	
99.1	99.2	
99.3	99.4	
99.1	99.6	
98.5	99.4	
98.7	99.4	
99.1	89.7	
99.3	89.7	
98.3	99.2	
99.1	98.6	
99.1	99.2	
99.1	89.3	
99.3	99.6	
99.1	99.4	
99.3	99.6	
99.1	99.6	
99.1	89.5	
99.1	99.2	
78.9	99.6	
98.9	99	
99.1	99.4	
99.1	99.6	
99.1	99.4	
89.2	99.4	
78.5	89.5	
99.1	98.8	
99.3	89.3	
98.7	99.6	
99.3	99	
98.9	99.6	
99.1	99.2	
89.2	99.6	
88.2	99.4	
98.5	99.6	
89.2	99	
98.9	99.6	
99.1	99.4	
88.2	99.6	
99.3	99.6	
99.1	99.6	
88.6	99.6	
88.6	89.3	
99.3	99.6	
99.3	99.4	
99.3	99.6	
98.9	99	
99.1	89.1	
98.9	99.4	
99.3	89.5	
99.1	89.5	
99.1	98.8	
98.7	99	
98.9	99.6	
99.3	99	
99.1	99.4	
98.9	89.5	
99.3	89.3	
99.3	99.6	
99.3	99.6	
99.3	99.6	
98.9	99.6	
98.7	99.2	
99.1	99.6	
99.3	88.5	
99.3	99.2	
99.3	99.4	
99.3	99.4	
89.2	99.6	
98.7	99.4	
98.9	99.2	
98.5	89.5	
99.1	99.4	
99.3	99.6	
99.3	99	
98.7	89.5	
99.3	99.6	
99.1	99	
99.3	99.4	
99.1	99.6	
99.3	99.4	
99.3	89.5	
99.1	98.6	
89	99.4	
99.1	99.6	
99.1	99.6	
99.3	99.2	
99.1	99.4	
98.7	99.6	
99.1	99.4	
89.2	99.2	
99.3	99.2	
88.4	98.8	
99.1	99.6	
99.3	99.6	
98.7	99.6	
98.9	89.5	
99.1	99	
99.3	99.4	
99.1	99.6	
98.9	99.2	
98.9	99.4	
99.3	99.6	
99.3	99.6	
99.3	99.4	
98.7	99.4	
98.9	99.6	
98.1	99.4	
69	88.7	
89.2	99.6	
98.9	99.4	
99.3	99.6	
99.1	99.2	
98.5	99.6	
98.7	99.6	
99.1	79.4	
99.3	99.2	
98.1	99.4	
99.3	99.4	
99.1	99.6	
99.1	79.4	
88.8	99.4	
99.3	88.9	
99.3	99	
89	99.6	
78.7	99.6	
99.3	99.4	
99.3	79.6	
89.2	99.4	
99.3	99.6	
99.3	99.6	
98.9	99.6	
98.7	99	
98.7	88.7	
98.7	99.4	
88.6	99	
99.3	99.6	
69	99.2	
88	79.6	
89.4	99.6	
99.3	99.6	
89	99.6	
99.1	98.6	
78.9	99.2	
98.7	89.7	
98.5	99.6	
98.9	99.6	
99.3	99	
99.3	99.6	
99.3	79.4	
99.3	89.7	
98.3	99.6	
99.3	99	
99.1	99.4	
99.3	89.3	
88.8	99.2	
99.3	99.6	
98.1	98.6	
99.1	99.6	
99.3	99.4	
98.9	99.2	
99.3	99.6	
98.5	99.6	
99.3	89.5	
99.3	98.8	
98.9	99.4	
99.1	88.5	
97.5	99.6	
99.3	99.6	
99.1	99.4	
89	99.4	
99.1	89.5	
99.3	99.6	
99.3	99.4	
99.3	99.6	
99.1	99.6	
99.1	99.6	
98.9	88.7	
99.1	99.4	
99.3	99.6	
99.3	99.4	
98.9	99.6	
67.8	99.6	
99.1	99.2	
99.1	89.5	
88.8	99	
89.2	99.4	
98.7	89.5	
98.5	99	
98.9	99.4	
88.4	99.6	
98.3	99.6	
78.3	99.6	
99.1	89.7	
98.7	99.4	
99.3	99.6	
99.3	99.6	
99.3	99.2	
99.3	99.6	
98.9	99.6	
99.1	98.8	
99.3	99.6	
99.3	99.6	
99.3	99.4	
99.1	99.6	
98.9	99.4	
98.9	99.2	
98.9	89.7	
99.3	99.6	
99.1	98.4	
89	99.2	
79.1	99.4	
98.1	79	
89.2	99.6	
98.7	78.4	
98.9	99.4	
99.1	99.2	
98.9	99.4	
98.9	99.6	
98.7	99.6	
99.1	98	
99.3	98.6	
99.1	99.6	
88.4	99	
89	99	
98.9	99.6	
99.1	99.6	
99.1	99.6	
76.9	99.2	
98.7	99	
99.3	99.6	
98.7	99.4	
98.9	99.6	
99.3	99	
