98.3	98.4	
99.3	89.5	
98.9	89.7	
98.9	99	
99.1	88.9	
98.9	89.7	
97.3	89.5	
88.8	89.7	
78.9	89.7	
88.8	99.6	
98.9	69.5	
99.1	89.5	
99.1	89.7	
99.1	89.3	
98.9	99.6	
78.7	89.3	
99.3	99.6	
98.7	99.6	
98.3	98.8	
98.9	98.8	
99.3	89.1	
99.1	89.5	
99.1	89.7	
99.1	89.7	
98.9	98.8	
98.7	99	
98.9	89.5	
99.3	89.7	
98.3	99.2	
99.1	89.7	
99.1	89.7	
98.9	99.6	
98.3	89.7	
88.6	89.7	
98.1	89.7	
99.3	99.2	
89	99.6	
99.1	89.7	
99.3	79.6	
99.3	79.4	
99.1	89.5	
88.8	99.6	
98.9	89.5	
98.5	89.5	
89	88.7	
99.3	89.3	
99.3	99.6	
98.7	99.4	
99.1	99.6	
98.9	99.6	
99.3	89.5	
98.7	99.4	
99.3	89.7	
88.8	89.5	
78.5	99.2	
99.3	89.7	
98.9	99.2	
99.1	89.7	
98.3	99.2	
98.9	89.7	
99.1	89.5	
98.9	89.5	
99.3	99.6	
99.1	89.5	
99.1	89.5	
99.1	89.7	
98.7	89.7	
58.9	79.6	
99.1	89.3	
97.9	69.3	
89.2	99.6	
98.7	89.7	
98.3	99	
88.8	99.4	
99.1	89.5	
99.1	89.3	
89.2	99.4	
98.7	99.4	
99.1	99.2	
99.1	89.5	
98.9	89.7	
98.5	99.2	
99.1	89.7	
99.1	89.7	
98.9	99.4	
89	99.4	
99.1	89.7	
98.3	89.7	
99.3	89.5	
98.5	89.7	
99.3	79.6	
98.9	89.5	
99.3	89.7	
98.5	89.1	
89.4	99.6	
89	89.5	
99.3	99	
98.5	99.4	
98.9	89.7	
99.1	79.6	
99.3	89.7	
99.1	99.6	
99.1	89.7	
88	89.7	
98.1	89.5	
99.1	89.5	
99.3	89.3	
99.1	89.7	
98.9	89.7	
98.7	89.7	
99.1	89.7	
98.9	99	
98.7	79.6	
99.3	89.3	
98.9	88.9	
78.1	89.5	
89.4	99	
99.3	99.6	
99.3	99.4	
99.1	89.7	
78.5	89.7	
99.1	99.4	
99.1	99.4	
89	89.7	
99.3	99	
88.6	79.6	
99.1	89.7	
99.1	89.7	
89.2	89.7	
99.3	89.5	
79.1	99.4	
99.3	99.6	
98.7	79.4	
99.3	89.7	
69.4	99.6	
98.7	89.7	
99.3	99.4	
99.3	79.6	
99.1	89.7	
78.5	89.7	
99.1	99.4	
98.7	99.2	
99.3	99.2	
99.3	99.4	
99.1	79	
98.9	89.7	
98.7	89.5	
78.5	89.7	
98.9	89.7	
98.9	89.3	
99.1	99.4	
99.1	99	
99.3	99	
98.9	89.7	
89	89.5	
98.9	99.2	
98.7	89.5	
99.1	89.5	
98.9	79.6	
98.9	99.6	
99.1	89.1	
98.9	89.3	
99.3	89.7	
98.3	79.4	
99.1	99.6	
98.9	99.4	
89	89.3	
99.3	99.2	
87.8	89.7	
99.3	89.7	
89.4	89.5	
99.3	89.3	
98.5	79.6	
99.1	99.4	
89.2	89.7	
98.9	99.6	
98.7	88.9	
89.4	89.1	
99.3	89.7	
98.9	89.7	
97.3	89.5	
99.1	89.7	
88.8	89.5	
99.1	89.7	
98.3	89.7	
99.3	89.7	
78.9	89.3	
98.7	89.5	
99.3	89.7	
88.8	89.7	
99.1	89.1	
99.1	99.6	
99.3	89.5	
98.9	99.4	
99.1	89.3	
99.3	99.6	
88.2	89.5	
99.3	89.7	
98.7	89.5	
98.3	99.4	
99.3	89.7	
78.9	89.7	
98.7	89.7	
99.3	89.7	
88.6	99.2	
99.1	99.6	
99.3	99.6	
99.3	99.6	
98.9	88.9	
99.1	89.7	
98.7	99.4	
89	98.8	
98.7	89.7	
89	79	
88.8	89.7	
98.9	99.2	
89.2	99.4	
99.3	99.4	
89	79.4	
98.9	89.7	
99.3	99.6	
98.3	88.9	
99.3	89.5	
99.3	89.7	
99.3	99.6	
99.1	89.5	
98.7	99.4	
99.1	88.7	
89.2	89.7	
99.3	89.3	
99.1	89.7	
99.1	89.7	
89.2	89.7	
99.3	99.4	
99.1	89.5	
99.1	99.6	
99.3	99.2	
99.1	99	
99.3	89.7	
98.9	89.7	
99.1	89.5	
99.1	89.7	
98.9	89.5	
98.9	99.6	
98.9	89.3	
99.3	99.4	
98.1	89.7	
98.1	89.5	
99.3	89.7	
99.1	89.1	
99.3	79.4	
98.9	89.5	
99.3	89.5	
88.8	98.6	
98.3	89.7	
89	79.4	
98.3	89.5	
99.1	89.5	
98.3	89.7	
99.1	59.4	
88.2	89.7	
98.3	89.7	
99.3	79.4	
98.9	89.7	
98.7	89.7	
88.4	89.7	
98.7	79.2	
99.3	88.9	
99.3	79.6	
99.3	89.7	
98.9	99.6	
98.7	79.6	
79.3	99.4	
98.9	89.7	
98.5	69.3	
99.1	78.8	
99.1	89.7	
88	89.5	
99.1	89.5	
89.4	99.2	
98.9	99.6	
99.1	89.3	
98.1	99.4	
98.7	89.7	
99.3	99.2	
99.1	89.7	
98.9	98.8	
99.3	89.7	
98.9	89.7	
99.3	89.7	
99.1	89.7	
98.7	89.7	
98.5	79.4	
99.3	89.3	
98.7	79.6	
99.3	79.6	
99.1	98.8	
98.3	89.5	
99.1	99.6	
99.3	99.6	
89	89.7	
99.1	89.7	
99.3	99.4	
98.7	89.5	
99.3	89.5	
99.1	99.4	
99.1	89.1	
99.3	99.6	
99.1	89.7	
99.1	89.5	
98.7	89.5	
88.2	89.7	
89	79.4	
98.9	89.3	
99.1	89.3	
89	99.6	
98.9	68.7	
99.1	89.5	
98.9	89.7	
98.7	89.5	
99.3	99.4	
99.1	89.7	
89	99	
89.2	89.7	
98.3	89.7	
98.5	99.4	
98.7	89.7	
99.1	89.7	
89.2	89.3	
98.3	99.6	
99.3	99.6	
89	99.4	
99.1	89.5	
89	89.7	
98.9	89.5	
98.5	89.5	
99.3	89.7	
98.3	89.7	
99.1	99.4	
99.3	89.3	
98.1	99.4	
98.9	89.7	
98.7	99.6	
99.1	99.4	
99.1	89.7	
69	89.7	
99.1	99.2	
98.1	99.4	
98.7	69.5	
98.9	89.7	
89.2	79.4	
99.3	89.7	
89	89.5	
98.5	99.6	
89.2	89.3	
98.7	89.3	
99.1	89.7	
98.5	89.7	
79.1	99	
99.3	89.5	
98.9	89.7	
67.8	89.5	
89.2	98.6	
99.1	99.2	
89.4	99.6	
98.1	89.7	
98.5	89.3	
97.9	99.6	
99.3	89.7	
99.1	89.7	
99.3	99.6	
99.1	89.7	
98.7	89.7	
99.1	89.7	
99.1	79.2	
99.3	89.3	
99.3	99.6	
98.9	89.7	
99.1	99.6	
89.2	99.4	
88.8	99.4	
89.2	89.7	
99.3	99.4	
98.9	79.6	
99.3	89.5	
98.9	99.6	
99.3	89.3	
89.4	89.7	
99.3	79.6	
98.9	89.7	
99.1	99.4	
99.1	89.5	
98.9	89.7	
88.6	99.4	
98.9	99.6	
89.4	99.4	
98.7	99.6	
99.3	89.7	
99.3	89.7	
99.1	99.6	
89.2	89.7	
98.9	99.2	
99.3	99.4	
98.7	97.8	
98.7	89.7	
98.7	99.6	
99.1	99.2	
99.3	98.8	
99.3	99.6	
99.3	99.2	
99.1	89.7	
98.7	69.5	
98.7	89.5	
99.1	69.3	
89.2	89.7	
98.9	89.5	
98.9	99.6	
78.7	89.5	
99.1	89.7	
98.1	78.8	
99.1	79.6	
99.3	89.5	
99.1	89.7	
99.3	99.6	
98.9	89.7	
98.9	89.7	
78.5	89.7	
99.1	89.7	
99.3	89.5	
99.1	99.2	
98.9	99.4	
99.1	89.7	
99.3	89.7	
98.5	89.1	
99.1	99.4	
99.3	89.7	
89.2	99.4	
89	99.6	
99.3	99.6	
99.1	99.6	
98.9	99.2	
99.3	79.4	
98.9	99.6	
99.1	99.2	
99.3	99	
99.1	89.3	
98.9	79.2	
98.9	89.7	
89	89.7	
99.3	79.4	
99.3	89.7	
99.3	79.4	
98.9	99.2	
99.3	99.6	
99.1	69.5	
98.9	99.2	
89	99.6	
98.9	89.7	
98.9	89.5	
68.8	89.7	
99.3	89.1	
99.3	89.7	
99.1	89.5	
99.1	89.7	
99.3	99.6	
89.4	89.7	
98.7	89.7	
99.1	99.2	
99.1	89.7	
79.3	89.7	
99.1	89.5	
99.1	89.7	
99.3	99.4	
97.7	99.4	
89	99.6	
89.4	99.6	
89.2	98.8	
98.9	79.6	
99.1	99.6	
99.3	99.2	
98.3	89.7	
99.3	89.5	
98.3	99.6	
89	99.2	
98.9	99.4	
99.3	89.7	
99.3	89.3	
98.1	99.4	
99.3	89.7	
99.3	99.6	
89.4	89.7	
98.9	79.6	
89.2	99.4	
99.3	89.7	
99.1	89.7	
88	99.6	
98.3	89.7	
99.3	99.6	
98.9	89.5	
98.5	89.7	
99.3	99.2	
99.3	89.7	
99.1	99.2	
99.3	89.5	
89.2	89.7	
99.1	99.2	
99.1	99.6	
98.5	89.7	
99.1	89.3	
99.1	89.7	
88.8	89.5	
98.9	89.7	
89	99.2	
89	79.4	
99.3	99.6	
99.1	89.7	
98.7	99	
99.1	89.7	
99.1	99.2	
99.1	99.6	
98.7	99.6	
99.3	89.7	
98.9	89.7	
99.3	99.2	
99.3	89.3	
99.3	89.7	
99.3	79.6	
98.7	99.6	
98.1	89.7	
99.3	89.7	
99.1	79.6	
99.1	99.4	
99.1	89.3	
99.3	89.3	
98.7	89.7	
99.3	89.3	
98.7	99.2	
88.8	89.7	
98.9	79.6	
98.7	79.4	
99.3	89.1	
98.7	89.3	
99.3	79.6	
99.3	89.7	
99.3	99.4	
98.9	99.6	
98.7	99.4	
98.7	99.4	
99.3	79.4	
97.5	69.5	
78.5	89.5	
98.9	89.1	
89	89.3	
99.1	89.5	
98.9	89.7	
99.3	89.3	
98.9	79.6	
99.3	99.6	
99.3	89.7	
99.3	89.7	
99.3	89.5	
99.3	99	
98.5	89.7	
98.9	89.3	
98.7	99.6	
99.1	79.6	
89.2	98.8	
89	79.6	
99.1	89.7	
99.3	99.6	
98.9	99.6	
98.7	89.7	
98.5	99.4	
98.7	99.6	
99.1	79.6	
98.9	89.5	
99.1	89.1	
99.3	99.6	
88.4	99.6	
89	99.6	
99.3	89.7	
99.1	89.7	
99.1	89.7	
99.1	99.6	
99.1	89.5	
98.7	89.7	
99.1	89.7	
98.5	89.5	
99.1	89.7	
99.3	89.5	
99.1	89.7	
88	88.9	
98.9	89.7	
98.9	89.7	
99.3	89.7	
99.3	89.5	
98.1	89.3	
98.7	89.5	
98.9	89.7	
99.3	79.6	
99.3	89.7	
99.3	99.2	
99.3	99.6	
89	68.7	
98.9	89.3	
98.9	89.7	
89.4	89.5	
98.9	99.4	
77.9	89.7	
98.7	89.7	
78.7	88.5	
98.5	89.7	
98.9	99.6	
98.7	99.4	
89.2	79.4	
99.1	89.7	
99.1	89.1	
89.4	79.4	
98.9	99.4	
99.3	89.7	
89.4	89.7	
98.7	89.7	
99.3	99.4	
99.1	89.7	
99.3	98.8	
99.1	89.5	
99.3	89.7	
98.7	99.4	
99.1	99.6	
99.1	89.3	
89.4	99.6	
99.3	89.7	
99.3	89.5	
89.4	89.1	
98.7	98.6	
99.1	99.6	
89	89.7	
99.3	89.5	
99.3	89.7	
79.5	89.5	
98.9	99.4	
98.1	89.5	
99.3	99.6	
99.3	89.7	
89	99.6	
99.3	99.6	
99.3	99.4	
98.9	99.6	
99.3	99.4	
98.9	99.6	
88.8	99.4	
99.3	89.7	
99.1	89.7	
99.3	89.5	
98.3	89.3	
98.5	89.3	
99.3	99.4	
99.3	89.7	
98.1	79.6	
98.5	99.6	
88.8	89.7	
79.1	99.6	
98.5	89.5	
99.3	79.6	
89.4	99.2	
79.5	99.6	
99.3	99.6	
98.1	89.5	
99.3	89.7	
98.3	89.5	
99.1	89.7	
99.1	99.4	
89.4	89.3	
98.9	89.7	
99.3	89.5	
98.7	89.7	
99.3	88.9	
98.7	99.6	
99.1	89.7	
98.7	99.4	
98.7	89.7	
99.1	89.7	
98.5	89.7	
99.1	89.7	
89.2	99.6	
98.3	89.5	
99.3	98.6	
99.3	99.6	
88.8	99.6	
99.3	98.4	
99.1	89.5	
98.3	89.5	
99.1	89.5	
99.1	99.6	
99.1	88.9	
99.3	79.6	
98.5	89.5	
89	99.6	
99.1	99.4	
98.7	79.4	
98.9	99.6	
99.3	89.7	
99.1	99.6	
99.3	99.6	
98.7	89.3	
99.3	79.6	
99.3	89.5	
98.5	89.3	
88	99.2	
99.1	89.5	
99.1	89.5	
99.1	89.7	
99.3	99.4	
98.7	99.2	
98.5	89.5	
99.1	99.4	
99.3	99.4	
99.3	79	
98.5	99.6	
98.5	99.6	
98.9	89.3	
99.3	89.3	
89.2	89.5	
99.3	89.7	
99.3	69.1	
99.1	89.5	
99.1	89.7	
99.1	89.7	
98.9	89.7	
98.7	89.5	
88.4	99.6	
98.9	89.3	
98.1	99.6	
99.3	99.6	
99.1	89.3	
99.3	89.7	
99.1	99.6	
98.9	99.4	
98.7	99.6	
99.3	89.7	
79.1	89.3	
99.3	89.7	
99.1	89.7	
98.9	89.7	
99.1	89.3	
98.9	79.4	
99.3	99.4	
89	89.5	
99.1	89.7	
89.4	89.7	
98.7	89.5	
99.1	89.5	
98.3	99.4	
99.1	89.7	
88.8	89.5	
99.3	99.4	
99.1	89.7	
98.3	99	
99.3	79	
98.5	89.7	
98.9	89.7	
99.1	99.6	
89.4	89.3	
89.2	89.7	
99.1	99.6	
89.2	98.8	
99.3	99.4	
99.1	89.1	
99.1	69.3	
98.3	89.5	
88.6	89.7	
98.9	99.2	
88.6	99.6	
99.1	89.5	
99.3	89.7	
79.1	99.4	
98.7	99.4	
87.8	89.7	
98.5	89.1	
98.9	99.4	
98.9	79.6	
98.7	99.4	
79.1	89.7	
99.1	89.3	
98.9	89.1	
99.1	89.5	
98.9	99.6	
99.1	89.7	
88.8	89.5	
99.3	99.6	
98.9	89.5	
98.7	89.7	
89.4	79.4	
89.2	89.7	
89.2	89.5	
98.9	89.7	
98.5	89.7	
89.4	99.6	
99.3	79.6	
69.4	99.6	
98.5	99.6	
98.7	89.7	
97.5	99.6	
99.1	89.7	
97.9	99.4	
99.3	89.7	
88.8	99.4	
99.3	89.7	
79.3	99.6	
98.9	99.6	
98.9	99.2	
99.3	89.5	
89.4	99.2	
99.1	99.6	
98.7	99.6	
99.1	89.7	
98.3	69.5	
99.3	79.2	
98.9	89.7	
99.3	89.7	
98.9	79.6	
98.7	89.5	
98.7	89.7	
89.2	89.3	
99.1	89.7	
98.7	89.7	
98.7	99.2	
98.7	89.7	
98.9	89.7	
99.3	99.4	
99.3	99.4	
99.3	89.7	
98.9	99.6	
79.5	89.5	
98.9	99.6	
98.3	89.7	
98.7	99.4	
89.2	89.5	
98.1	99	
98.3	89.5	
99.3	99.4	
89.2	99.6	
99.3	89.5	
98.5	89.3	
88.4	89.7	
79.1	89.7	
98.7	89.5	
99.3	79.4	
88.2	99.2	
88.4	99.6	
98.3	89.7	
89.2	99.2	
99.1	99.6	
99.1	99.4	
99.3	89.7	
99.3	88.9	
99.1	99.6	
89.4	89.7	
99.3	89.7	
98.9	99.4	
99.3	89.5	
88.8	89.7	
98.9	99.2	
98.9	89.7	
99.3	99.4	
98.1	79.2	
99.3	89.7	
99.3	89.7	
99.1	89.7	
98.7	99	
99.1	89.3	
99.1	99.4	
98.5	89.7	
99.3	89.7	
99.1	89.5	
98.7	99.6	
98.9	89.7	
99.3	79.2	
98.9	89.5	
99.3	89.5	
99.3	98.8	
98.1	89.7	
99.1	89.7	
99.3	89.7	
99.1	79.4	
99.3	89.7	
88.8	69.5	
99.1	99.6	
99.1	89.5	
99.1	98.8	
99.3	99.6	
99.1	89.5	
99.3	89.7	
99.1	89.7	
99.1	89.3	
98.9	89.7	
98.9	89.7	
98.7	89.5	
89.2	89.7	
99.1	89.5	
98.9	89.7	
98.9	89.5	
88	99.6	
88.6	89.5	
98.9	89.5	
79.3	89.7	
89	99.6	
99.3	99.6	
99.1	99.6	
98.7	99.6	
99.3	89.5	
98.9	89.5	
98.5	79.6	
89	99	
98.5	89.5	
88.4	99.2	
89.2	89.1	
99.3	89.7	
99.1	89.7	
98.9	99.4	
99.1	89.7	
98.9	99.6	
99.3	89.7	
98.9	99.6	
99.3	89.7	
87.6	89.7	
78.9	79.6	
99.3	99.6	
98.9	88.9	
98.7	89.7	
99.3	89.7	
99.3	99.4	
99.3	89.5	
99.1	89.5	
89.2	99.4	
98.7	99.6	
99.3	99.6	
98.9	89.7	
99.1	99.6	
99.3	89.3	
99.3	89.7	
99.1	79.4	
98.9	89.7	
99.1	79.2	
99.3	99.4	
89	89.7	
89.2	89.7	
77.5	89.3	
89.2	89.7	
99.1	89.7	
88.8	88.7	
98.9	98.6	
99.1	89.7	
68.4	99.4	
89	89.7	
99.3	99.6	
98.9	89.7	
98.7	79.4	
98.7	89.5	
97.3	98.8	
99.3	89.7	
99.3	89.7	
98.9	89.5	
99.1	79.4	
89.2	89.7	
98.5	89.7	
88.8	89.5	
99.1	89.3	
99.1	89.5	
89.2	99.2	
88.8	89.5	
88.2	89.7	
98.5	89.7	
98.9	69.3	
89	89.7	
98.9	98.4	
99.1	89.7	
89	99.6	
99.1	89.7	
98.1	89.7	
98.9	89.5	
88.6	89.7	
99.3	99.6	
98.7	89.7	
69.2	89.7	
98.1	89.7	
99.1	99.6	
98.9	89.7	
98.5	89.3	
98.1	89.5	
99.1	89.3	
98.9	79.6	
99.3	89.5	
99.1	99.6	
99.3	99.6	
99.1	79.6	
99.3	99.6	
98.5	89.7	
89.4	99.6	
88.8	89.3	
