98.9	99.4	
99.3	98.4	
99.1	99.2	
98.9	99.4	
98.1	99.6	
99.3	89.5	
98.9	98.8	
96.7	98.6	
77.7	99.2	
99.3	99.2	
98.9	89.5	
98.9	99.6	
87.8	99.6	
98.9	99.6	
98.7	89.3	
97.7	99.6	
98.9	99	
97.3	99.4	
98.5	99.6	
97.9	99.4	
95.7	89.5	
98.5	99.6	
98.9	99.2	
98.9	99.6	
99.1	98	
98.5	99.2	
97.9	99.6	
98.7	99.2	
64.6	99.6	
98.1	99.6	
98.9	99.4	
88.2	99.2	
98.5	99.6	
77.3	99.6	
98.9	99.6	
99.1	99.6	
97.7	99.4	
87.4	99.6	
98.1	99.2	
86.8	99	
99.3	99.4	
98.9	99.4	
88.4	99.6	
98.5	99.2	
97.7	98.8	
98.1	89.3	
98.9	99.4	
98.3	99.6	
67.4	99.4	
98.7	99.6	
98.9	88.9	
97.9	99	
96.3	99.4	
78.7	99.4	
99.1	89.1	
97.1	99.6	
98.3	89.3	
98.1	99.4	
98.7	99.6	
98.1	99.4	
98.3	99.6	
98.9	99.2	
97.3	99.6	
88.8	88.5	
98.5	89.3	
98.7	98.4	
98.9	99	
99.3	98.6	
98.3	78.6	
98.9	89.3	
56.1	99.4	
99.1	99.4	
77.7	99.6	
98.3	99.6	
85.4	99.4	
88	99.2	
98.9	99.6	
97.5	99.6	
98.9	99.2	
98.5	99	
98.5	99.6	
97.5	99.2	
97.3	99.4	
98.7	99.6	
88.2	99.6	
86.8	99.2	
98.5	99.4	
98.7	99.4	
77.5	99.2	
88.8	99.6	
98.7	99.6	
98.9	99.6	
98.3	99.6	
98.9	99.6	
96.3	99.6	
98.5	99.2	
99.1	99.6	
97.7	99.6	
96.5	99.2	
98.9	89.7	
99.1	99.6	
99.1	99.4	
98.5	99.2	
98.3	99.6	
98.7	99.6	
89	99.4	
98.5	99.2	
97.5	99.2	
99.1	99	
98.7	99.4	
97.9	99.4	
97.3	99.6	
97.9	99.4	
97.5	99.4	
97.9	99.4	
98.5	99.6	
97.7	99.6	
99.1	99.6	
95.3	99.6	
88.2	99.4	
78.3	99.6	
98.3	88.5	
98.9	99.4	
98.5	89.5	
96.3	99.4	
89	99.6	
78.9	99.2	
99.1	99.6	
98.1	99.4	
98.3	99.2	
95.9	98.8	
98.7	99.6	
97.9	99	
98.1	99.6	
88.2	99.4	
99.1	99.6	
78.3	99.2	
96.9	98.6	
99.3	99.2	
87.8	99.6	
98.5	99.6	
98.3	99.4	
87.6	98	
97.9	99.4	
99.1	99.2	
98.1	99.2	
98.3	99.6	
98.1	89.5	
98.7	99.2	
99.1	99.2	
98.7	99.6	
97.5	99	
98.7	89.1	
88.4	89.3	
97.9	99.4	
98.7	99.6	
98.3	99	
89	99.6	
97.1	99.6	
98.7	99.4	
86	99.6	
97.5	99.6	
68.2	99	
98.7	99.4	
99.1	99.4	
98.5	99.4	
98.5	99.4	
96.7	99.4	
98.9	99.6	
89	99.6	
98.9	99.2	
97.7	99.6	
98.9	98.8	
98.9	99.4	
97.7	89.3	
98.7	99.2	
97.5	99.2	
98.5	99	
78.9	99.4	
67.4	99.6	
88.2	99	
98.1	99.6	
98.7	89.1	
98.5	99.4	
99.1	99.4	
97.3	99.6	
99.3	99	
97.1	98.6	
78.9	99.4	
97.9	99.6	
97.7	99.2	
96.5	99	
98.5	99.4	
98.1	99.6	
97.5	99.6	
98.5	98.8	
98.7	99.6	
99.1	98.6	
97.5	99.4	
99.3	99	
96.9	99.4	
98.7	99.6	
98.1	89.3	
97.7	99	
97.9	99.4	
98.3	99	
99.3	99.6	
99.1	98.8	
99.3	99.6	
98.7	99.4	
97.9	98.6	
98.3	99.4	
98.1	89.7	
96.9	99.4	
95.3	99.4	
97.9	89.3	
97.7	99.6	
98.1	99.6	
98.9	98.8	
98.7	89.7	
97.9	88.9	
98.9	99.6	
97.5	99.2	
97.1	99.6	
97.7	89.1	
97.7	88.7	
58.3	98.6	
98.7	89.5	
98.7	99.4	
98.7	99.4	
97.7	99.4	
98.5	99.6	
97.3	99.6	
88.2	99.4	
98.7	99.6	
86.6	99.4	
97.3	99.2	
98.3	99.2	
98.7	99	
87.6	99	
88	98.4	
97.1	99.6	
88.2	99.4	
99.1	89.5	
98.9	99	
95.7	89.1	
99.3	99.6	
88	99.6	
98.7	99.6	
98.5	99.4	
68.6	99.4	
98.3	99	
97.3	99.2	
98.9	99.4	
97.7	99.4	
99.3	99.6	
97.1	99.6	
97.3	78	
98.7	99.4	
97.3	99.6	
97.7	99.6	
90.9	99.2	
98.3	99.6	
98.9	99.6	
86.8	99	
97.3	99.6	
98.9	99.6	
99.1	99.6	
98.9	98.8	
98.7	99.4	
78.7	99.4	
98.3	99.6	
97.7	99.6	
88.2	99.4	
86	89.1	
97.9	99.4	
98.5	99.4	
96.3	99.6	
98.1	99.4	
96.3	99.4	
99.1	99.6	
87.6	89.5	
98.9	99.4	
98.9	99.6	
99.3	89.5	
98.3	99	
98.5	99.6	
98.5	89.3	
98.3	99.6	
89.2	99.2	
98.9	99.4	
96.3	99.6	
97.7	99.6	
98.9	99.4	
98.1	99.4	
98.5	99.6	
98.5	99.2	
98.3	99.4	
98.5	99.2	
96.7	99.6	
97.7	98.8	
97.5	99	
97.7	99.6	
99.1	99.4	
99.1	99.4	
98.9	99.2	
98.7	99.6	
98.7	89.5	
87.8	99.2	
98.9	98.8	
98.7	99.2	
98.1	99.6	
98.5	99.6	
98.5	88.9	
98.5	99.6	
78.9	99.6	
99.3	98.8	
98.3	99.6	
97.1	99.6	
98.9	99.6	
94.5	99.6	
87.6	99	
98.9	79.4	
98.3	99.6	
98.5	99.6	
97.3	99.6	
98.5	98.8	
77.9	97.6	
98.3	89.5	
99.1	99.6	
99.3	99.6	
97.9	78.4	
99.3	99.6	
97.9	99.4	
97.7	99.2	
98.3	89.1	
99.1	99.4	
98.3	89.5	
98.7	98.6	
98.5	99.6	
96.5	98.4	
99.1	99.4	
77.5	99.4	
98.3	99.2	
87.2	99.6	
99.1	99	
96.7	99.2	
98.7	99.6	
98.7	99.2	
98.5	99.2	
98.5	99.4	
97.5	99.6	
98.5	89.5	
98.9	99.4	
98.7	99.2	
98.5	99.4	
98.9	99.4	
97.7	88.9	
98.3	99.4	
69	98	
98.5	99.4	
79.3	99.4	
97.5	99.4	
99.3	99.6	
98.3	99.6	
88.6	99.6	
98.7	79.4	
98.9	88.9	
99.3	98.8	
97.7	99.2	
98.5	89.1	
98.7	99.4	
99.1	89.5	
98.9	89.5	
97.7	99.2	
99.1	99.6	
99.1	99.4	
98.9	99.4	
88.8	99	
98.3	99.4	
97.9	99	
98.7	99.4	
98.9	99.4	
87.4	99.6	
96.9	99	
95.9	68.9	
98.9	99.6	
98.3	99.4	
97.7	99.4	
98.1	99.4	
98.1	99.4	
77.9	99.4	
97.9	89.3	
98.3	99.6	
88.4	98.6	
99.3	99.4	
99.3	99.6	
99.1	88.7	
98.9	98.8	
98.1	99.4	
99.1	99.2	
96.9	78.8	
98.5	89.3	
98.7	99.2	
98.7	99.4	
98.3	99.4	
99.1	99.2	
98.5	98.6	
87.8	99.2	
98.1	99.4	
98.1	99.2	
98.7	99.2	
98.5	89.7	
98.7	99.6	
86.8	79	
88.4	99.6	
97.1	99.6	
99.3	99.4	
97.5	99.2	
98.7	99.6	
97.9	99.6	
99.1	99.4	
98.5	99.2	
98.7	89.3	
97.7	99.4	
97.9	99.4	
94.1	99.2	
99.1	89.7	
97.7	99.4	
96.5	89.5	
97.9	99.6	
98.3	99.6	
98.7	99.6	
97.7	99.4	
99.3	89.3	
88.4	99.6	
97.7	99.6	
97.9	79	
94.7	89.5	
87.4	89.5	
98.3	99.2	
99.1	99.4	
99.1	98.8	
98.7	99.6	
98.7	99.6	
99.1	99.2	
87.8	99.6	
98.9	89.1	
97.7	99.6	
98.3	99.6	
95.3	99.6	
97.5	99.6	
99.1	99.6	
98.9	99.4	
98.9	99	
99.1	99.2	
98.9	98.6	
96.5	98.8	
98.7	98.8	
98.5	99.4	
97.7	99.4	
98.3	99.4	
76.7	99.4	
99.1	99.6	
98.1	99.6	
98.5	99.6	
87.4	99.6	
99.1	99.2	
99.3	99.4	
98.9	99.4	
98.1	99.4	
89	99.6	
97.3	99.4	
97.5	99.4	
97.7	89.5	
99.3	99	
98.9	99.2	
99.1	99.6	
98.3	98.8	
98.9	99.2	
97.3	99.4	
98.7	99.4	
98.7	99.4	
97.7	99.2	
97.9	99.2	
96.7	98.6	
98.3	99.2	
96.5	89.5	
98.3	89.3	
99.3	99.6	
99.1	99.6	
94.3	99.6	
98.7	99.6	
97.5	99.4	
98.5	99	
98.3	99.4	
98.1	99.6	
95.5	99.4	
97.7	99.6	
98.3	89.5	
98.5	99.2	
98.1	99.2	
98.7	99.6	
86.2	99.2	
98.9	99	
99.1	89.1	
98.9	99	
98.1	99.2	
97.3	89.3	
97.9	99	
98.9	99.6	
97.7	99	
89	99.4	
68.6	99.6	
99.3	99.6	
98.9	99.6	
97.7	99.6	
98.3	99.6	
98.5	99.6	
98.7	99.6	
99.1	99	
98.3	99.6	
98.9	98.6	
98.5	99.4	
99.3	99.4	
99.1	79.4	
98.9	99.6	
99.1	99.6	
98.1	99.6	
97.3	89.5	
88.4	99	
77.5	99.6	
89.2	89.5	
96.7	99.6	
98.3	99.6	
97.7	99.4	
98.9	99.4	
99.1	99.6	
88.4	99.4	
98.3	98.6	
98.5	99.4	
98.5	99.4	
98.3	99.6	
95.1	79.4	
97.9	99.6	
99.1	99.6	
98.5	99.6	
98.7	99.6	
99.1	99.4	
98.7	99.2	
99.1	99.6	
98.7	99.4	
97.7	99.2	
98.5	99.2	
97.5	89.3	
98.7	99.6	
98.7	99.6	
98.7	99.4	
99.3	99.2	
99.1	99.6	
98.5	99.2	
98.7	99.6	
96.5	99.2	
89	99.4	
97.7	99.6	
96.9	99.6	
98.3	89.5	
97.9	99.4	
98.1	89.3	
98.5	98.8	
98.7	89.7	
99.1	99.4	
98.9	99.2	
98.7	89.5	
98.7	98.4	
98.5	99.4	
96.7	99.6	
98.7	99.6	
98.7	99.6	
97.9	99.6	
99.1	98.8	
98.5	99.6	
97.7	78.6	
88.8	99.6	
98.9	99	
97.1	99.4	
89	99.4	
97.9	99.4	
96.9	99.6	
98.3	99.4	
99.1	99.6	
97.5	99.4	
88	99.6	
97.1	99.6	
98.7	99.6	
97.9	99.4	
98.5	99.6	
97.1	99.6	
96.1	99.4	
88.2	99.6	
98.9	99.6	
98.9	99.2	
97.9	98.6	
88.2	99.6	
98.3	98.8	
98.9	99.6	
98.7	99.2	
98.5	89.5	
98.5	99.4	
97.9	99	
98.5	89.3	
98.5	99.4	
99.1	99	
99.3	99.4	
97.9	99.2	
97.3	99.6	
98.1	99.2	
97.5	99.4	
98.1	99.6	
98.5	99	
99.3	99	
97.1	99.2	
67.8	99.6	
99.1	99.2	
97.9	99.6	
96.7	99	
98.9	99.6	
88.6	99.4	
96.7	99.6	
98.9	99.4	
99.1	99.6	
98.7	99.4	
98.7	88.7	
95.1	99.6	
98.1	99	
88.4	98.8	
96.7	98	
88.2	99.4	
98.9	98.8	
96.3	99.2	
98.9	99.6	
98.5	99.6	
98.9	89.5	
99.1	99.6	
99.3	99.6	
97.7	89.7	
97.1	79	
88	99.4	
97.7	99.2	
99.1	99.4	
98.7	79	
89	99.6	
77.5	99.6	
99.1	99.4	
98.5	99.6	
89.4	99.2	
94.7	99.6	
97.9	99.6	
98.9	99.2	
97.1	99.4	
97.9	99.6	
98.9	99.2	
97.7	99.4	
96.9	99.6	
99.3	99.6	
98.7	99.4	
97.1	99.4	
99.1	98.8	
98.1	99.6	
98.7	99.6	
99.3	99.6	
97.5	99.4	
98.9	99.2	
78.5	99	
97.5	99.6	
97.1	99.2	
98.3	99.6	
98.9	99.6	
98.3	79.6	
97.1	99.6	
88	88.7	
97.9	99.2	
98.7	99	
88.6	99.2	
98.1	99.4	
98.9	99.6	
97.3	99.6	
99.3	99.6	
98.1	89.7	
98.5	99.4	
98.9	99.4	
88.4	99.6	
98.9	99.6	
98.7	99.4	
97.3	99.2	
99.1	99.2	
98.9	89.1	
98.3	99.4	
96.1	99.6	
96.1	99.6	
88.2	89.5	
98.9	89.1	
97.1	99.6	
99.1	99	
97.3	99.4	
98.7	99.6	
88.6	99.6	
98.9	98.8	
76.5	99.6	
98.9	99.4	
98.3	99.4	
99.1	89.3	
98.9	99.4	
98.1	99.2	
99.1	99.4	
99.1	88.9	
99.1	89.5	
98.5	99.2	
98.7	99.6	
98.9	89.5	
98.5	99.4	
99.3	98.6	
88.2	99.6	
98.7	99.6	
98.7	99.6	
78.9	99.6	
98.3	99.6	
98.5	99.4	
99.1	99.4	
98.7	99	
98.1	99.6	
99.1	99.4	
99.1	99.4	
99.1	89.5	
86.2	99.6	
96.1	99.6	
96.7	99.6	
98.1	99.6	
99.1	99.6	
95.5	98.2	
99.1	99.6	
98.9	99	
99.1	99.4	
98.9	99.6	
97.1	99	
98.7	99.2	
98.7	99.4	
76.5	99.6	
96.9	99	
98.7	99.4	
89	89.3	
98.9	98.8	
98.9	99.2	
87.6	99.4	
99.1	78.6	
99.1	98.8	
98.5	99.6	
88.8	89.3	
93.3	99.4	
98.9	99	
98.7	99.6	
97.3	99.2	
98.9	99.2	
97.3	99.6	
99.3	99.4	
99.3	99.4	
98.1	99.6	
99.3	99.4	
98.3	97.6	
98.3	99.4	
98.9	89.7	
98.3	98.6	
98.1	78.8	
98.5	99.4	
88.2	99.4	
98.1	99.6	
98.3	99.4	
99.3	99.4	
96.5	99	
78.9	99.6	
98.9	99	
97.1	99.6	
98.7	89.3	
99.1	99.2	
97.7	98.8	
78.1	99	
97.1	99.6	
98.9	98.4	
98.7	99.6	
97.7	99.6	
77.7	99.2	
86.6	99.6	
97.3	99.2	
99.3	99.6	
88.6	99.4	
96.7	98	
78.5	99.6	
97.7	98.8	
89	99.2	
99.1	99.4	
98.5	99.6	
88	99.6	
97.9	89.1	
98.5	99.4	
96.7	99.6	
98.9	99.6	
98.1	89.5	
99.1	99.6	
99.1	99.4	
98.5	99.6	
97.9	98.4	
97.1	99.4	
98.9	99.4	
98.3	99.6	
98.9	99	
97.3	99.2	
98.7	99	
98.7	99.6	
98.5	99	
98.9	99.4	
99.1	99.6	
98.1	98.8	
88	99.6	
88	99.6	
98.3	99	
97.9	99.6	
97.7	99.4	
98.7	89.5	
97.9	99.6	
98.1	99.2	
88.8	99.6	
98.3	99.4	
97.1	98.6	
98.3	98.4	
98.7	99.2	
98.7	99.6	
97.1	99.6	
97.9	99.6	
99.1	99	
97.9	99.4	
98.3	99.2	
98.1	99.6	
97.9	99.6	
97.1	99.6	
86.6	99.6	
98.9	99	
98.1	99.4	
98.9	99.4	
97.1	99.6	
98.7	78.8	
97.9	99.2	
99.1	99.4	
98.7	99.6	
98.1	99	
98.3	99.2	
98.5	99.6	
98.5	99.6	
97.9	99.4	
98.5	98.8	
98.7	99	
98.7	99	
99.1	99.6	
98.7	99.2	
98.9	99.4	
78.5	99.4	
99.3	99.2	
98.5	89.3	
98.1	99.4	
98.5	99	
97.3	99.6	
98.7	98.8	
99.3	99.6	
97.3	99.6	
98.7	99.2	
88.8	99.4	
87.8	99.4	
98.5	99.4	
96.5	99.6	
97.5	99.4	
99.1	99	
88.8	99.2	
89.2	99.6	
97.9	99.6	
98.9	99.6	
99.3	99	
89	99.6	
89.2	99.4	
88.2	99.4	
78.9	99.6	
89.2	99.4	
98.7	99.6	
98.9	99.4	
98.7	99.6	
97.7	98.8	
97.1	99	
97.7	99.4	
98.1	99.6	
98.3	99.4	
57.7	99.4	
98.3	99.6	
68.4	78.2	
96.9	99.6	
98.3	98.8	
89	89.5	
89	98.6	
98.7	89.5	
98.9	99.6	
98.3	99.2	
97.1	99.4	
97.7	99.6	
88.8	89.3	
98.9	99.2	
98.5	99.2	
99.3	89.7	
99.1	89.5	
98.7	99.6	
98.3	99.2	
97.1	99.6	
99.1	99.6	
97.9	99.6	
98.9	99.4	
97.1	99.4	
98.7	79.4	
99.1	99.4	
99.1	99.6	
99.1	99.6	
98.1	99.6	
99.3	89.3	
97.9	99.4	
99.1	99.6	
98.5	99.6	
98.3	99.6	
98.7	89.5	
98.7	99.4	
98.3	99.6	
97.5	99.6	
98.1	99.2	
98.1	99	
97.7	98.8	
98.5	99.6	
98.1	79.4	
99.1	88.5	
88.2	89.3	
98.7	99.6	
78.5	99.6	
98.3	99.4	
98.9	99.6	
97.9	99	
87.6	99.4	
98.1	99.4	
99.3	99.6	
99.3	98.6	
98.7	99	
98.3	99.2	
98.5	99.4	
88.8	99.4	
95.1	99.6	
98.9	98.6	
98.5	99.6	
98.3	99.2	
98.9	99.2	
98.5	89.5	
97.7	99	
97.7	98.8	
77.7	99.6	
97.1	89.5	
97.7	99.6	
98.7	99.2	
98.5	99.4	
98.1	99.6	
97.9	99.4	
98.7	99.6	
68.4	99.6	
99.3	99.6	
98.1	99.4	
97.7	99.2	
87.4	99.4	
97.5	99.6	
98.5	99.6	
97.1	99.2	
97.5	99.6	
98.9	99.6	
98.3	89.3	
98.5	98.8	
99.1	89.5	
98.7	98.6	
98.9	99.4	
96.5	99.4	
97.1	99.6	
87.2	99	
99.3	99.4	
97.7	99.6	
96.5	99	
98.9	88.9	
98.5	89.3	
88.8	99.2	
98.3	99.4	
98.3	98.6	
98.3	99.2	
98.3	89.3	
