97.7	99.2	
98.7	89.3	
88.4	99.6	
98.5	99.6	
98.5	89.5	
97.7	79.4	
78.9	99	
98.7	89.7	
97.1	89.7	
98.1	99.4	
97.5	99.6	
98.9	89.7	
98.5	99	
87.8	89.7	
96.9	99.4	
97.7	89.1	
96.9	99.4	
89	99.6	
98.9	99.4	
89	99.4	
98.3	99.2	
99.1	98.6	
98.5	89.5	
88	79.4	
98.3	99.6	
75.9	89.7	
98.7	88.5	
97.7	89.7	
98.3	79	
99.3	89.5	
98.1	99.4	
88.6	89.7	
96.1	79.6	
89.4	99.4	
95.7	79.4	
98.5	89.5	
98.9	99.6	
98.5	99.6	
97.5	89.5	
98.5	99.6	
97.3	99.6	
97.7	89.7	
99.3	89.7	
68.8	79.6	
99.3	99.4	
98.9	99.4	
98.5	98.4	
88.2	99.6	
98.5	99.4	
99.1	99.4	
99.3	99.4	
96.9	89.3	
98.3	99.4	
87	99.6	
88.8	89.7	
93.9	99.4	
99.1	99.6	
98.9	99.6	
97.9	89.7	
87.8	99.6	
99.1	89.5	
98.9	79.4	
98.7	99.6	
98.3	79.2	
98.7	99.6	
87.2	99.6	
76.7	99	
87.6	89.7	
99.1	89.7	
99.1	89.7	
87.8	89.7	
98.3	99.4	
97.9	99.6	
97.9	99.6	
95.3	89.5	
96.5	88.9	
97.9	99.4	
97.5	79.4	
99.3	99.4	
98.9	99.6	
99.1	89.7	
98.1	99.4	
97.9	99.6	
97.7	89.7	
95.7	98.8	
98.7	89.5	
88.6	89.7	
99.3	99.4	
97.9	98.8	
98.9	99.2	
98.7	89.7	
98.5	79.2	
99.1	89.7	
98.5	99.2	
89.4	99.6	
98.7	99.4	
99.3	89.1	
96.1	98.2	
98.3	99.4	
88	99	
89	99.4	
99.3	89.7	
88.8	89.7	
98.5	89.5	
98.1	89.5	
87	99.6	
94.9	99.2	
98.1	89.7	
94.9	89.5	
96.1	89.7	
98.5	99.6	
98.7	99.4	
89.4	99.2	
99.1	99.4	
98.3	89.5	
98.5	89.7	
97.3	99.4	
78.3	89.1	
69.2	89.7	
86.8	98.8	
98.7	99.4	
89.4	99.6	
86	99.6	
99.1	99.6	
87	99.6	
98.9	79.2	
97.9	99.4	
98.1	99.4	
99.1	99.6	
96.9	99.6	
96.7	99.2	
97.5	79.4	
98.9	99.6	
99.1	89.7	
98.9	89.1	
97.7	99.6	
98.9	99.4	
97.3	69.5	
99.1	99.6	
98.3	99	
89.4	99.6	
98.7	89.5	
88	99.4	
98.3	98.8	
88.4	99.6	
89	99.4	
88.4	99.4	
99.1	79.4	
98.9	89.7	
98.3	99	
78.7	99.6	
98.5	89.5	
98.7	89.7	
87.4	89.5	
97.1	99.6	
98.9	89.7	
88.8	99.6	
98.3	99.2	
98.9	99.4	
98.3	99.6	
98.5	98.6	
99.3	99.6	
99.1	99.6	
97.5	99.4	
88.8	99.4	
97.1	99.6	
89	79	
99.1	89.7	
99.3	79.2	
97.9	99	
97.5	99.6	
97.5	99.2	
98.1	99.4	
98.7	99.4	
98.1	69.3	
87	89.3	
99.3	89.7	
98.5	99.6	
98.5	89.7	
77.7	99.6	
98.7	79.4	
99.1	98.8	
98.5	89.5	
97.9	89.7	
78.5	89.7	
97.9	99.6	
99.1	99.6	
88	99.4	
88.8	99.2	
96.9	89.7	
98.3	99.2	
98.7	89.5	
98.3	99.6	
89	99.4	
88.8	99.6	
98.3	89.7	
98.9	99.4	
78.5	99.6	
98.9	99.2	
89.2	89.7	
98.7	89.3	
96.9	99.6	
89.2	99.4	
96.9	99.4	
99.3	99.2	
99.3	99.4	
99.1	89.5	
98.5	89.3	
68	79.2	
98.9	99	
98.3	99.4	
96.5	89.3	
98.3	79.6	
98.5	89.7	
97.7	99.6	
89	99.2	
98.3	89.7	
98.5	99.6	
98.1	89.5	
97.5	99.2	
98.5	99.4	
98.9	89.7	
98.3	89.7	
99.1	89.5	
98.3	89.5	
97.7	89.7	
97.5	89.7	
98.7	89.7	
77.9	88.9	
87.2	99.6	
98.7	99.4	
98.3	89.5	
97.9	99.6	
97.9	89.5	
98.5	89.5	
99.1	89.5	
98.1	99.2	
97.5	89.7	
77.7	89.5	
97.7	99.6	
98.7	89.7	
99.1	89.7	
97.3	99.6	
96.1	88.7	
88	99.6	
89	99.2	
98.5	99.6	
96.1	99.6	
97.5	89.7	
88.4	99.4	
98.7	89.3	
96.5	99.4	
98.5	99.4	
88.2	89.3	
89.2	99.6	
88	99.6	
98.5	89.5	
98.7	79.6	
98.7	99.4	
98.9	79.4	
97.9	99.4	
99.1	99.6	
98.7	89.7	
99.3	89.1	
98.9	99.6	
88.4	79.6	
98.7	99.6	
97.3	99.6	
98.3	89.7	
98.5	99.6	
98.3	99.6	
98.5	79.6	
98.5	79.6	
97.9	89.5	
98.3	99.4	
98.9	99.4	
93.7	89.5	
89	89.1	
78.9	98.8	
96.9	99.2	
98.9	99.4	
89.4	99.6	
98.7	89.5	
96.9	99.2	
93.7	99	
98.5	89.7	
98.1	79.6	
98.7	99.6	
97.7	99.4	
99.1	89.5	
98.9	99.4	
97.1	89.7	
97.7	98.8	
99.1	79.4	
99.1	89.5	
88.4	89.7	
98.7	89.3	
98.3	99.6	
98.3	89.5	
99.3	99.4	
98.5	89.7	
98.3	89.7	
98.1	99.6	
97.3	99.4	
98.9	99.4	
97.9	89.7	
98.9	99.4	
87.8	89.7	
79.5	99.6	
85.6	89.5	
99.1	99.6	
85.8	78.8	
99.3	99.6	
98.9	99.6	
98.1	78.6	
98.3	99	
77.9	99.4	
96.7	89.7	
98.9	89.5	
96.3	79.4	
96.5	99.6	
87.8	98.8	
97.9	99.4	
98.1	89.7	
98.1	99	
97.9	99.4	
97.9	89.5	
89	99.2	
98.9	99.6	
68.4	79.2	
99.1	89.3	
95.7	99.6	
98.9	89.5	
88.2	89.5	
98.1	89.7	
99.3	89.7	
98.7	99.2	
87.6	89.7	
99.3	89.7	
87	89.5	
97.3	79.6	
98.7	89.7	
98.7	99.2	
98.5	88.5	
98.5	99.6	
96.1	89.7	
99.1	99.4	
98.9	99.2	
98.3	99.6	
98.9	89.7	
46.4	99.4	
96.9	89.3	
98.9	89.5	
98.9	99.4	
88.4	99.6	
88.8	99.6	
97.3	99.6	
97.7	89.7	
99.3	89.5	
99.1	99.6	
99.1	99.2	
98.7	89.7	
98.9	89.5	
99.1	98.8	
98.3	59.2	
97.5	89.7	
97.1	99.4	
88.6	99.4	
98.7	89.7	
98.5	99.2	
98.7	89.7	
98.9	99	
98.3	89.7	
98.1	89.3	
87	69.3	
97.5	99.6	
98.5	89.5	
99.3	89.7	
99.1	99.6	
99.3	89.7	
98.3	89.5	
98.9	99.4	
99.3	99.4	
88.4	99.6	
95.9	99.4	
98.9	89.7	
94.9	99.4	
96.9	89.5	
96.9	99.6	
99.3	79.6	
76.7	99.6	
95.7	79.6	
98.7	99.4	
99.3	99	
99.3	89.5	
87.6	89.5	
88.2	89.7	
96.7	99.6	
97.3	98.6	
99.3	99.6	
98.7	99.2	
99.3	99.2	
97.1	99.4	
98.7	99.4	
98.1	99.6	
99.1	89.7	
98.7	99.6	
97.7	99.6	
98.3	99.4	
98.7	79.4	
98.9	99.2	
89.4	79.2	
88.6	99.6	
98.3	89.7	
97.7	89.7	
99.1	98.8	
98.5	99.6	
98.5	89.7	
96.5	88.9	
78.9	79	
98.9	99.4	
96.3	99.6	
99.3	89.7	
99.1	89.7	
98.7	89.5	
98.5	99.2	
98.7	99.6	
78.7	99.4	
77.5	79.6	
97.9	99.6	
98.7	99.6	
99.1	99.4	
87.2	99.2	
98.9	99	
55.7	89.7	
89.4	59.4	
98.5	89.1	
98.5	89.3	
97.9	99.4	
87.4	99.4	
98.5	89.3	
97.5	89.5	
66.6	99.6	
97.9	89.7	
99.3	89.5	
98.9	89.7	
97.5	98.8	
95.3	99.4	
95.7	99.6	
99.1	99.6	
88.4	99.4	
98.9	99.6	
97.7	89.3	
97.9	99.2	
97.5	99.4	
98.3	98.6	
99.3	99.4	
98.1	88.7	
98.7	99.4	
99.3	99.6	
98.5	99.6	
98.9	99.2	
98.7	98.8	
98.1	89.3	
97.3	89.5	
98.9	89.7	
99.3	79.4	
89.2	99.6	
98.3	99.4	
98.7	89.7	
88.2	99.4	
99.3	89.7	
98.7	89.5	
97.3	89.7	
96.5	89.7	
98.5	89.7	
98.1	99.2	
98.7	88.7	
99.3	98.6	
98.3	89.1	
99.3	99	
89	99.2	
99.3	89.5	
97.7	99.6	
98.5	99.4	
99.3	89.7	
88.2	88.9	
99.1	89.7	
89	99.6	
97.1	89.3	
97.9	99.4	
96.5	89.7	
98.3	99.4	
67.2	99.2	
98.3	99.2	
98.3	89.5	
88.8	99.2	
97.9	89.7	
88	89.7	
99.1	89.7	
97.1	89.7	
98.3	99	
98.9	89.7	
98.3	89.5	
98.1	99.6	
98.9	89.7	
98.9	89.7	
97.9	89.3	
86.2	99.6	
97.7	99.6	
94.9	88.7	
99.3	89.7	
98.1	68.9	
99.1	98.8	
89	99.6	
97.9	99.6	
99.3	98.4	
97.5	99.4	
99.1	99.2	
78.7	79.6	
88.4	99.2	
99.1	89.5	
98.9	89.3	
67.4	99.6	
98.9	99.2	
98.3	79.2	
98.1	99.6	
99.3	99.6	
98.5	99.6	
98.1	99.6	
99.1	99	
97.7	89.7	
97.5	99.6	
97.3	89.5	
96.7	89.7	
96.9	89.3	
78.9	99.2	
97.3	99.6	
85.2	99.6	
96.1	89.5	
98.5	99.2	
97.3	89.7	
98.7	99.6	
98.5	89.5	
88.6	79.6	
97.9	89.5	
78.7	79.2	
99.3	98.4	
97.7	99.6	
96.1	98.8	
97.5	99.2	
78.5	89.7	
98.3	99.6	
99.1	99.6	
98.9	89.5	
97.5	89.5	
98.3	99.4	
97.9	89.7	
95.1	79	
98.5	89.7	
94.5	89.3	
98.7	99.6	
99.1	99.2	
96.9	99.4	
98.1	89.3	
98.7	89.7	
97.9	99.6	
98.1	99.6	
95.5	89.5	
98.7	89.5	
98.7	89.7	
88.6	99.6	
98.9	99.6	
89.2	99.6	
97.7	89.7	
99.3	99	
98.3	89.5	
88.2	99.6	
98.9	79.6	
98.1	79.6	
98.9	79.4	
98.3	89.5	
88	99	
98.5	89.7	
98.7	99.6	
98.5	99.4	
96.7	89.1	
99.3	89.5	
99.3	99.6	
89.2	99.4	
98.9	89.5	
98.3	89.5	
98.9	99.6	
99.1	79.6	
98.3	89.5	
89	99.6	
99.1	89.5	
99.1	79.2	
95.9	89.7	
98.9	89.5	
89	89.7	
68.8	78.6	
99.3	99.6	
98.5	89.7	
97.9	99.4	
98.7	89.3	
88.4	99.4	
98.7	89.5	
98.5	89.7	
97.1	89.5	
99.1	99.6	
98.1	99.2	
97.9	89.7	
86	99.2	
87.4	99.4	
98.7	99	
98.7	89.7	
98.7	99.4	
99.1	89.7	
97.5	89.7	
99.3	89.5	
99.3	99.4	
97.7	89.7	
98.7	89.7	
69	89.7	
97.1	78.4	
99.3	79.6	
88.6	68.9	
88	89.3	
97.7	89.7	
98.7	99	
98.9	89.7	
88.8	89.3	
96.1	99.6	
98.7	99.6	
98.9	99.2	
97.9	89.7	
99.3	99.6	
99.1	89.7	
98.1	99.6	
88.8	99.2	
98.7	99.6	
99.3	79	
87.4	99.4	
97.5	99.4	
99.3	89.5	
97.7	99.4	
95.9	99.6	
99.3	89.7	
98.9	69.5	
99.1	99.4	
99.1	99.6	
98.1	89.5	
97.9	99.2	
98.5	99.6	
97.5	99.6	
98.9	89.5	
99.3	89.7	
98.9	89.5	
97.1	99.4	
98.5	99.6	
98.9	89.5	
98.7	98.8	
98.1	99.2	
79.5	89.3	
98.5	89.5	
95.7	98.8	
97.5	89.5	
88.6	89.7	
99.3	99.2	
99.1	99.6	
87	99.4	
98.1	89.5	
98.9	99	
98.7	99	
98.9	99.2	
97.9	88.9	
97.5	99.6	
97.9	99	
98.9	99.4	
97.9	89.7	
88.6	99.4	
96.3	99.4	
98.9	99	
99.3	99.6	
98.9	99.2	
98.5	89.7	
98.5	99.6	
98.7	99.6	
98.9	99.6	
98.1	79.4	
98.9	89.3	
98.1	99.2	
99.1	99.6	
97.3	99	
99.1	99.4	
96.1	89.5	
97.7	68.7	
98.3	99.6	
98.3	99.4	
98.5	99.6	
95.9	89.1	
98.3	99.6	
98.7	99.4	
97.9	99.6	
97.7	99.6	
99.1	99.4	
98.3	89.5	
98.3	99.4	
97.9	89.7	
97.7	99.4	
98.3	99.6	
98.7	99.2	
89.2	99.6	
99.1	99.6	
99.1	79.6	
87.6	79.6	
97.1	99.4	
96.5	99.4	
98.9	89.7	
98.7	99	
99.1	99.2	
98.3	99.6	
99.1	99.6	
98.7	99.4	
98.9	89.5	
98.5	89.7	
98.9	89.7	
96.3	89.7	
96.1	89.3	
86.6	89.7	
96.5	99.4	
97.5	99.6	
98.7	99	
96.9	99	
98.1	99.4	
98.9	79.6	
99.3	99.6	
98.5	89.5	
88	89.7	
88.8	99.6	
98.9	99.6	
97.9	79.2	
96.3	89.7	
78.3	99.6	
98.5	99	
99.3	99.6	
99.3	99	
98.9	99.6	
99.1	89.7	
97.5	89.7	
98.7	99.2	
98.7	89.3	
98.1	99.6	
98.5	99.4	
88	99	
98.1	89.7	
97.9	89.7	
98.9	99.6	
77.5	99.4	
97.3	99.6	
98.7	99.6	
68.2	89.5	
97.3	99.2	
88	99.6	
97.7	99.6	
76.5	89.7	
98.3	99.6	
98.5	99.6	
68.8	79	
98.9	89.3	
98.3	99.2	
99.3	89.3	
98.3	99.4	
98.1	99.6	
89.4	89.7	
94.1	99.6	
95.7	99.6	
98.7	99.4	
98.1	99.4	
98.9	99.6	
97.3	99	
87.2	99.4	
98.7	99.4	
89.2	98.8	
99.3	88.5	
99.3	89.5	
78.1	99.4	
98.5	99.4	
96.7	99.2	
99.3	99.6	
88	89.5	
99.3	99.6	
97.5	79	
96.3	89.3	
97.7	99.4	
98.9	99.4	
98.7	89.7	
96.9	99.6	
98.1	99.6	
99.3	79.6	
99.1	99.6	
99.1	99.4	
98.9	99.6	
99.3	89.1	
98.3	89.5	
97.1	99.4	
88.4	99.4	
98.7	99.6	
97.1	89.5	
98.9	79.2	
86.6	99.4	
98.7	99.6	
98.5	99.6	
98.9	99.2	
96.7	99.6	
97.9	89.5	
75.7	99.2	
88.8	99.6	
78.5	99.4	
88.8	99.6	
98.1	99.6	
98.5	99.2	
97.3	89.7	
97.9	89.7	
87.8	79.6	
98.7	99	
99.3	99.4	
99.3	89.7	
98.9	68.7	
99.3	99.6	
99.1	89.5	
99.1	99.4	
98.9	99.6	
98.9	99.2	
98.3	99.6	
89	99.2	
97.3	99.6	
98.5	89.5	
88.2	99.6	
99.1	99.6	
98.9	89.1	
97.3	99.4	
98.5	89.5	
99.1	99.6	
87.8	99.4	
88	99.6	
97.3	89.7	
88.4	99.2	
96.9	99.6	
99.1	99.6	
98.5	89.7	
99.3	89.3	
97.3	99.2	
98.7	89.7	
98.9	99.4	
99.1	98.8	
99.3	89.7	
98.9	99.6	
98.1	99.6	
98.1	99.6	
96.1	99.4	
78.3	99.4	
99.1	89.3	
89	89.5	
96.3	89.7	
96.3	89.5	
88.6	99.4	
98.3	99.4	
99.3	99.2	
98.3	89.7	
99.1	89.1	
88	79.6	
93.9	89.5	
98.7	89.7	
98.5	89.1	
97.5	88.7	
87.8	99.6	
99.1	89.3	
96.3	89.5	
99.3	99.2	
89.2	89.7	
97.3	89.1	
98.9	89.7	
99.1	89.7	
88.6	79.4	
98.7	99.4	
98.7	99.6	
98.3	88.9	
98.1	99.6	
99.3	99.4	
78.9	89.5	
99.1	89.3	
99.1	99.4	
87.4	89.7	
98.5	99.4	
99.1	99.4	
98.9	89.7	
96.7	89.7	
96.5	99.6	
98.3	99.6	
97.1	89.7	
95.7	99.4	
98.1	99.6	
89	69.1	
98.3	79.6	
98.1	99.6	
97.9	89.5	
99.1	89.3	
99.1	99.4	
89.2	89.7	
98.1	99.4	
87.8	89.7	
99.3	99.2	
98.9	89.7	
96.9	99.4	
98.3	99.4	
97.7	99.6	
97.5	99.4	
97.9	89.7	
99.3	99.6	
98.7	99.4	
99.1	89.1	
88.8	99.4	
98.5	89.7	
98.1	89.7	
95.5	99.2	
98.9	99.2	
99.1	89.5	
98.3	99.6	
98.1	99.4	
98.9	99.4	
97.1	89.7	
87.4	79.4	
97.9	99.4	
58.5	99.6	
97.9	99.2	
99.3	79.2	
99.3	99.4	
56.5	89.7	
88.8	99.6	
98.7	89.5	
98.5	89.7	
99.3	89.5	
98.9	79.4	
98.9	99.6	
95.5	79.4	
97.7	99.6	
98.7	99.6	
98.5	99	
98.9	99.4	
99.1	99.4	
79.3	89.5	
98.3	99.4	
99.1	89.7	
97.9	99.6	
97.7	99.2	
98.5	99.6	
99.1	89.5	
98.9	99.2	
98.9	99.6	
99.1	99.6	
98.1	79.4	
96.9	99.2	
97.9	99.4	
98.9	89.7	
98.9	99.2	
87.8	89.7	
98.5	99.6	
88.8	98.6	
99.3	99.6	
98.5	99.6	
99.1	88.9	
97.7	88.9	
98.3	89.5	
99.1	99.4	
99.1	89.5	
96.5	99	
77.5	89.5	
97.9	89.3	
97.7	89.7	
99.3	89.7	
97.7	89.5	
98.5	89.7	
97.9	89.7	
98.1	99.6	
98.5	99.6	
97.7	99.2	
98.3	99.6	
98.1	89.5	
88.2	89.7	
98.7	99.2	
97.7	89.7	
97.5	89.7	
89.4	89.3	
89.4	88.9	
99.1	99.6	
99.3	99.6	
98.9	89.5	
98.7	89.1	
