99.3	89.7	
98.9	89.7	
99.1	89.5	
99.1	99.4	
99.3	79.6	
99.3	99	
98.1	89.7	
98.9	89.3	
99.1	89.5	
98.3	89.5	
98.5	89.5	
99.1	99.6	
98.7	89.3	
98.5	78.8	
99.1	99.4	
98.3	89.5	
99.3	99.6	
99.3	89.5	
99.1	89.3	
99.3	89.7	
99.3	79.6	
98.9	89.7	
99.1	89.7	
98.7	89.7	
99.1	99.6	
98.5	89.7	
98.7	89.7	
98.7	89.7	
98.9	99.6	
98.9	79.6	
99.3	79.6	
98.9	89.7	
98.5	99.4	
98.5	89.7	
99.3	89.7	
99.3	89.7	
99.3	79.6	
98.7	89.3	
99.1	89.5	
99.1	89.7	
99.3	89.3	
97.3	89.5	
99.3	79.2	
99.3	99.4	
98.9	89.7	
98.7	89.5	
97.9	89.5	
99.3	99.6	
98.9	79.4	
98.9	79.6	
98.9	89.7	
98.9	89.1	
99.1	89.7	
99.1	89.5	
98.7	89.7	
98.9	89.7	
99.3	99.4	
99.1	89.5	
98.5	89.1	
99.3	89.7	
98.9	89.3	
98.9	89.7	
99.1	89.7	
99.1	99.4	
98.9	89.7	
98.5	89.3	
88.8	89.1	
98.9	79.4	
98.5	89.7	
98.3	88.9	
99.3	89.3	
99.1	89.3	
98.9	79.6	
98.7	99.6	
99.3	89.5	
99.3	89.5	
98.7	89.7	
98.7	89.5	
97.9	99.6	
98.5	79.2	
99.3	89.7	
97.7	99.6	
99.1	99.2	
97.9	99.6	
98.7	79.6	
98.9	89.5	
99.1	99.6	
98.7	89.7	
99.3	79.4	
99.3	89.7	
99.3	99.4	
98.3	89.7	
99.1	89.5	
99.3	89.7	
99.3	99.4	
98.5	68.5	
98.5	89.7	
98.9	79.6	
99.3	89.5	
99.3	89.7	
99.3	89.7	
98.5	68.7	
98.5	89.7	
99.1	89.7	
97.9	79.2	
99.1	89.7	
99.1	99.2	
99.3	89.7	
99.3	99	
99.3	89.7	
98.7	89.7	
98.9	99.6	
99.1	79.4	
99.3	89.7	
99.1	79.4	
99.3	89.7	
99.3	89.5	
99.3	68.7	
98.9	99.6	
99.1	89.7	
98.5	99.4	
99.1	89.7	
99.1	89.7	
99.3	89.7	
99.1	89.7	
98.1	89.7	
98.9	69.1	
99.1	79	
88.8	98.8	
99.3	89.7	
99.3	89.7	
99.1	79.4	
99.1	69.3	
99.3	89.7	
98.9	89.7	
99.3	89.7	
99.3	89.3	
98.1	89.5	
89.4	89.3	
99.1	89.7	
98.7	89.1	
98.9	89.5	
99.1	89.7	
99.1	89.5	
98.7	79	
98.9	99.4	
99.3	99.4	
99.3	79.6	
99.1	99.6	
99.3	89.5	
99.3	89.5	
99.1	89.7	
99.3	89.5	
97.9	99.6	
99.1	99.4	
99.3	89.7	
97.9	99.6	
98.9	89.7	
99.3	89.7	
98.5	89.7	
98.9	89.5	
88.8	99.4	
98.9	79.6	
98.9	99	
99.3	99	
98.5	89.7	
99.1	79	
98.9	89.7	
99.3	99.4	
99.3	89.1	
98.9	89.7	
98.7	89.3	
99.3	89.7	
98.9	89.3	
98.9	89.1	
99.1	89.7	
99.1	89.7	
99.1	89.5	
98.9	99.4	
99.3	89.5	
99.1	89.3	
98.9	89.7	
98.3	78.8	
99.3	89.5	
98.5	89.3	
98.7	89.7	
99.1	99.4	
98.5	89.3	
98.7	89.7	
99.1	99	
99.1	99.4	
99.3	99	
98.7	89.5	
98.9	99.6	
99.3	98.2	
98.7	79.2	
89	89.3	
99.1	89.5	
99.1	69.3	
97.9	89.1	
99.1	89.5	
98.5	89.7	
99.3	89.7	
97.9	89.7	
99.3	89.7	
99.3	89.3	
97.3	89.7	
99.1	89.7	
99.1	89.7	
98.7	79.4	
99.3	99.2	
98.3	98.8	
98.7	79.4	
99.1	89.7	
98.9	89.3	
98.7	89.5	
98.3	89.3	
98.9	89.5	
99.3	79.4	
99.1	89.5	
98.7	99.2	
99.1	99.4	
98.9	89.7	
98.9	99.6	
99.3	89.5	
98.5	89.7	
98.5	89.7	
98.9	89.7	
98.9	89.7	
99.3	99.6	
99.3	89.7	
99.1	89.1	
99.1	89.7	
98.1	69.5	
98.9	89.1	
99.1	89.5	
99.3	89.7	
99.1	99.6	
98.1	89.7	
89.2	89.1	
98.9	99.6	
99.1	99.4	
98.5	89.5	
98.7	89.5	
99.1	99.4	
99.1	89.7	
97.7	79.4	
98.3	89.5	
99.3	89.7	
98.1	89.7	
98.9	79.6	
99.1	89.5	
99.1	89.7	
98.5	89.5	
99.1	89.3	
98.7	89.7	
99.3	89.5	
99.1	89.7	
99.1	89.5	
98.5	89.7	
99.1	89.3	
98.9	99.6	
98.9	89.3	
98.9	79.6	
98.9	99.4	
99.3	79.4	
98.3	89.7	
98.7	89.7	
99.3	89.7	
99.3	99.4	
98.5	79.6	
99.3	89.7	
99.3	89.7	
99.1	89.7	
98.9	89.7	
98.5	89.3	
99.1	89.5	
98.9	89.7	
99.1	89.5	
98.5	78.8	
98.7	89.7	
99.3	99.6	
99.1	89.5	
98.3	89.7	
98.7	89.7	
99.3	69.5	
99.3	79.4	
98.9	89.5	
98.3	99.4	
98.9	99.6	
98.9	89.7	
99.3	89.7	
99.3	89.7	
99.3	89.5	
98.9	89.7	
99.3	89.7	
96.9	99.4	
98.9	79.4	
99.3	79.4	
98.9	99.4	
99.3	89.5	
99.1	89.5	
99.3	89.7	
88.8	89.7	
97.9	89.5	
98.7	88.3	
99.3	89.7	
98.7	89.7	
99.1	89.7	
98.5	89.1	
99.1	79.2	
99.1	89.1	
99.3	88.5	
99.3	89.7	
98.3	78.4	
98.5	79	
98.3	99.6	
99.3	89.5	
99.1	79.4	
99.1	89.7	
99.1	99.4	
98.1	89.7	
98.9	89.5	
98.5	89.7	
98.9	99	
98.7	78.8	
98.5	89.1	
99.1	89.7	
99.3	89.7	
99.1	89.7	
78.3	89.1	
98.9	88.9	
98.9	98	
98.9	89.7	
98.9	89.1	
98.7	89.7	
98.9	89.7	
99.1	79.6	
98.3	89.5	
98.9	99.6	
98.9	99.4	
99.1	78.4	
99.1	89.7	
97.7	69.5	
99.3	89.7	
99.1	89.7	
99.1	79.4	
99.1	89.5	
98.1	38.8	
99.3	89.7	
98.7	89.1	
99.1	89.5	
98.3	89.7	
98.9	89.7	
98.9	69.5	
97.7	99.6	
98.1	89.7	
98.1	89.5	
99.3	99.6	
99.1	99.6	
99.3	99.2	
99.3	89.3	
98.9	99.6	
99.1	89.7	
99.3	89.7	
99.3	89.7	
98.5	99.6	
99.1	99.2	
99.3	89.7	
99.1	89.1	
98.7	79.6	
98.7	88.9	
98.3	99.6	
98.5	89.7	
98.7	89.5	
98.3	89.3	
98.5	99.4	
98.9	79.6	
99.1	89.1	
99.3	89.7	
98.9	89.5	
98.7	89.7	
98.9	89.7	
99.1	89.5	
98.9	89.7	
98.3	99	
98.9	89.5	
99.1	89.7	
99.1	89.3	
98.7	98.8	
99.1	89.7	
98.9	88.9	
99.1	89.7	
98.1	89.3	
98.7	89.7	
98.9	89.7	
98.5	89.1	
98.1	99.4	
98.5	89.7	
99.3	89.7	
99.3	98.6	
99.1	79	
99.3	89.7	
99.1	89.5	
98.9	89.7	
99.1	89.7	
98.3	89.3	
98.5	89.3	
98.7	89.5	
98.7	89.7	
99.1	99.6	
99.3	69.5	
99.3	89.5	
98.5	79.4	
98.5	99.6	
99.3	89.7	
98.3	89.7	
99.3	89.7	
99.3	89.5	
99.1	89.7	
98.3	79.4	
98.5	89.5	
99.1	89.7	
98.7	99.6	
99.1	89.7	
99.3	89.7	
99.1	89.5	
99.3	89.7	
98.7	79.2	
99.1	99.4	
99.1	99.6	
99.3	89.7	
98.3	99.2	
98.9	89.5	
99.1	79.6	
98.9	79.6	
98.7	89.3	
99.1	99.4	
99.1	99	
99.1	79.6	
99.1	89.5	
77.9	99.4	
98.9	89.7	
99.3	89.7	
98.7	79.4	
97.5	89.7	
99.3	79.4	
98.9	89.7	
99.1	79.2	
98.7	89.3	
98.1	89.7	
99.3	89.7	
98.7	89.7	
99.1	89.3	
99.1	99.2	
98.9	89.5	
97.9	89.1	
98.9	99.4	
98.9	99.6	
98.5	79.2	
96.7	89.7	
98.9	89.7	
98.7	88.9	
98.9	68.7	
99.3	99	
98.9	99.6	
99.3	89.5	
98.5	89.7	
99.3	69.5	
98.9	89.5	
99.3	89.7	
98.9	89.7	
99.1	89.5	
99.1	99.4	
99.3	89.3	
99.3	98.6	
98.1	89.7	
88.8	89.5	
99.1	79.6	
99.1	59.2	
99.1	89.5	
99.1	88.9	
99.1	89.7	
98.7	69.5	
99.1	89.5	
98.1	99.4	
99.3	89.7	
99.3	89.7	
98.7	89.5	
99.1	99.4	
99.3	99.4	
98.9	89.7	
97.1	89.7	
98.9	89.1	
98.7	79.6	
99.3	99.6	
99.1	89.7	
98.9	89.7	
99.1	89.7	
99.3	79.6	
98.1	89.7	
98.9	79.4	
98.9	99.6	
98.9	99.6	
99.1	99.6	
98.5	89.5	
88.6	89.7	
98.7	89.3	
98.1	89.7	
99.3	99.4	
98.5	89.7	
99.3	89.7	
99.1	89.5	
99.1	99.6	
98.3	79.4	
97.3	79.4	
98.7	89.7	
98.9	99.4	
98.9	89.7	
99.1	89.7	
99.1	89.5	
99.1	89.7	
99.3	99.6	
98.7	89.7	
97.5	99	
99.3	99.6	
98.7	99.6	
98.9	89.7	
98.7	89.3	
99.1	89.7	
98.5	89.7	
99.1	89.7	
98.7	89.5	
98.7	79.2	
98.7	89.7	
99.1	99.2	
98.3	89.7	
98.3	79.2	
98.7	89.5	
98.5	89.5	
88.6	99.6	
99.1	89.7	
99.1	88.9	
98.9	89.7	
99.3	89.5	
99.1	59.2	
99.1	89.3	
97.9	89.5	
98.1	99.4	
98.9	89.5	
98.9	89.7	
88.4	89.5	
99.3	89.3	
98.1	99.2	
97.3	98.6	
89	89.7	
98.3	89.5	
98.9	89.5	
99.1	89.5	
98.5	89.3	
99.3	89.3	
99.3	89.7	
98.9	79	
98.5	89.7	
98.7	89.5	
99.1	89.7	
98.7	89.5	
98.5	89.3	
99.3	79.4	
99.1	89.7	
99.3	79.6	
98.7	99.6	
99.3	89.7	
98.5	89.3	
98.5	89.3	
99.1	89.5	
99.3	89.7	
99.3	89.7	
98.3	79.6	
99.1	79	
99.3	89.7	
99.3	89.7	
98.5	89.7	
98.5	79.4	
99.1	89.5	
98.9	89.7	
99.1	99.6	
98.9	79.2	
99.1	89.7	
78.5	89.7	
98.9	89.7	
99.3	89.5	
97.9	89.7	
98.1	79.4	
98.5	89.5	
99.3	89.7	
98.9	89.1	
98.9	89.7	
98.7	69.1	
99.1	89.7	
89	89.3	
97.5	79.4	
99.1	89.5	
98.9	89.7	
99.1	89.7	
99.3	89.1	
99.3	89.7	
98.7	99.6	
98.9	89.7	
99.3	89.5	
99.1	88.9	
99.3	89.1	
98.7	89.5	
98.9	89.5	
98.7	99.4	
99.3	89.7	
99.3	89.7	
98.1	89.7	
98.9	79.6	
99.1	79.6	
99.1	89.7	
99.3	89.5	
89	88.7	
98.9	89.7	
99.1	89.7	
98.9	89.7	
97.5	99.6	
99.3	89.7	
98.7	89.7	
98.9	89.1	
97.7	79.6	
99.1	89.5	
99.3	89.5	
98.5	89.5	
98.9	89.7	
98.1	89.7	
98.9	98.4	
77.9	79.6	
98.5	89.7	
98.7	89.7	
98.5	99.6	
98.7	99.6	
98.1	89.5	
98.9	89.3	
98.9	89.5	
99.3	89.3	
98.9	79	
99.1	99.6	
99.3	89.5	
98.9	89.1	
99.1	89.7	
99.3	89.7	
99.1	89.5	
98.9	89.7	
98.9	89.1	
99.1	89.7	
99.3	89.5	
98.9	89.5	
99.3	89.7	
98.9	89.7	
98.3	89.7	
99.1	99.4	
98.9	99.4	
99.1	89.5	
98.9	89.3	
99.3	69.5	
98.7	79.2	
98.9	89.7	
99.1	89.5	
99.3	99.4	
98.7	89.7	
99.3	79.6	
98.7	89.5	
98.9	89.5	
98.7	48.9	
99.3	88.9	
99.1	89.7	
98.9	99.6	
98.7	89.7	
88.2	89.7	
99.3	79.6	
98.5	89.1	
99.1	89.7	
98.9	89.3	
98.5	99.2	
99.3	99.6	
98.9	89.7	
99.3	79.6	
98.9	89.7	
98.5	99.4	
99.3	68.5	
98.9	99	
89	89.5	
98.9	89.7	
98.7	89.3	
99.1	99.6	
99.3	89.7	
98.7	79.6	
98.7	89.7	
99.1	89.7	
99.1	89.7	
98.9	79	
99.3	89.7	
99.1	88.7	
98.9	89.7	
98.5	79	
98.7	89.7	
99.1	79.2	
99.3	89.7	
99.3	99.6	
99.1	89.7	
99.1	99.6	
98.7	89.5	
99.1	79.6	
99.1	89.7	
99.1	99.2	
98.9	89.7	
99.1	99.6	
99.1	99.4	
99.1	89.7	
99.3	89.7	
99.1	89.5	
99.1	89.7	
98.9	89.5	
98.7	89.7	
99.3	89.7	
99.3	99.2	
98.3	99.6	
98.5	89.7	
99.1	89.5	
99.1	89.7	
98.9	89.3	
98.9	89.3	
98.5	99.4	
98.7	89.7	
99.3	89.7	
88.4	89.1	
98.3	99.2	
99.3	79.4	
99.1	79	
97.9	89.7	
99.3	89.7	
98.9	89.5	
99.3	89.7	
99.3	89.7	
99.3	89.5	
98.7	99.6	
98.5	89.7	
88.8	99.6	
98.3	89.5	
98.3	69.3	
99.1	89.7	
97.5	89.5	
99.3	89.3	
98.7	79.6	
98.5	89.7	
98.9	99.4	
98.7	79.4	
99.3	89.7	
98.1	99.4	
99.3	89.7	
99.3	89.3	
98.9	79.6	
98.5	89.1	
98.9	99.6	
98.3	99.6	
97.5	89.7	
98.1	89.7	
99.3	89.3	
98.5	89.3	
99.3	89.5	
98.7	99.2	
99.1	89.5	
98.5	89.5	
99.3	79	
99.3	79.2	
98.9	89.5	
98.9	89.7	
99.1	89.7	
99.1	89.5	
98.7	89.7	
99.1	89.1	
98.9	89.1	
98.7	89.5	
99.3	99.4	
99.3	89.5	
99.3	89.7	
99.3	89.5	
99.1	99.6	
99.3	79.6	
98.5	88.7	
98.9	99.6	
98.9	99.4	
98.3	89.7	
99.1	79.6	
88.2	89.5	
98.9	99.6	
98.5	88.9	
88.6	89.7	
98.9	89.7	
98.9	79.6	
98.9	89.7	
99.1	89.7	
98.9	99.4	
99.1	89.5	
99.1	89.5	
99.3	79.4	
99.3	89.5	
99.1	89.5	
99.1	89.5	
99.1	89.7	
98.7	88.7	
98.7	99.4	
98.7	89.7	
88.8	89.7	
98.9	69.5	
98.9	98.4	
98.7	89.7	
98.5	89.7	
97.9	79.2	
99.3	88.9	
98.9	89.1	
99.1	89.5	
98.7	89.7	
99.3	99.6	
98.5	89.7	
98.9	89.7	
98.9	88.9	
99.3	99.2	
99.1	89.7	
99.3	89.5	
99.1	99.6	
98.7	89.7	
98.9	89.3	
98.9	89.7	
98.7	99.6	
88.4	89.5	
99.3	89.3	
98.9	89.7	
98.5	89.7	
98.9	89.7	
99.1	79.2	
99.1	89.1	
99.1	99.6	
98.5	79.6	
98.5	89.7	
96.5	89.7	
99.1	89.7	
98.3	89.5	
99.1	89.7	
99.3	89.5	
99.3	79.2	
98.9	89.5	
98.7	89.7	
99.1	79.6	
99.1	99.4	
99.1	89.5	
99.3	89.7	
99.1	79	
99.3	89.7	
99.1	89.7	
99.3	89.5	
99.3	79.6	
98.7	79.2	
98.9	89.3	
98.9	89.7	
98.9	89.7	
98.9	89.7	
98.9	79.4	
99.1	89.5	
97.9	89.7	
98.9	99.2	
99.3	89.7	
99.3	99.2	
99.3	89.3	
98.5	99	
98.9	79.6	
98.7	89.7	
99.3	89.5	
98.5	99.6	
99.1	89.7	
99.1	99.6	
99.3	89.7	
99.3	89.7	
99.1	88.5	
78.9	89.7	
98.9	89.3	
98.7	89.7	
99.3	89.7	
98.1	99.6	
98.9	89.5	
98.1	89.5	
98.1	89.7	
99.1	89.7	
79.1	89.7	
99.1	99.6	
98.5	88.9	
98.9	88.9	
98.9	89.7	
99.1	89.5	
99.1	89.5	
99.3	89.5	
99.1	58.2	
98.9	89.5	
98.7	89.7	
97.5	89.5	
88.8	69.5	
98.7	79.6	
99.1	99.2	
99.3	89.3	
98.9	89.3	
98.7	69.3	
99.3	89.1	
99.3	89.7	
98.9	79.6	
98.1	89.7	
98.9	99.6	
99.3	89.7	
98.9	99.2	
98.7	89.7	
99.1	89.3	
98.7	89.7	
99.3	99.4	
99.1	89.7	
98.9	89.5	
99.3	89.5	
99.1	79.4	
98.9	89.7	
99.3	89.7	
99.1	99.4	
99.1	89.7	
99.3	79	
98.3	99.4	
99.3	99.6	
99.1	89.7	
99.3	89.3	
98.7	79.6	
98.5	89.1	
98.5	79.4	
98.9	89.7	
99.1	89.7	
98.9	79.6	
99.1	89.5	
98.9	89.3	
99.3	89.7	
98.9	89.7	
98.3	89.5	
99.1	89.7	
97.9	89.7	
99.1	89.7	
99.3	89.7	
98.5	89.1	
99.3	89.5	
98.3	89.7	
99.3	89.7	
99.1	89.1	
97.7	99.6	
98.7	89.7	
99.1	89.7	
99.3	89.7	
99.3	99.6	
99.1	79.6	
98.9	89.5	
99.1	79.4	
99.3	99.6	
99.3	79.4	
98.5	89.7	
98.7	89.7	
98.9	99.6	
98.7	89.1	
98.3	89.3	
99.3	99.6	
98.7	89.7	
99.1	99.6	
98.5	99.6	
99.3	68.5	
98.3	89.7	
99.1	79.2	
98.3	79.6	
98.9	99.6	
99.3	89.7	
99.1	89.7	
98.9	79	
97.3	59.2	
99.3	79	
99.1	99.6	
99.1	99.6	
98.9	79	
99.3	89.7	
99.1	79.6	
98.3	89.7	
99.3	99.2	
98.7	89.5	
99.1	99.6	
98.9	89.5	
97.7	89.7	
98.9	99.6	
98.9	89.5	
99.1	79.6	
98.9	89.7	
