99.3	99.6	
99.3	99.6	
99.3	99.6	
99.3	99.6	
98.9	99.6	
99.3	99.6	
99.3	99.6	
99.3	99.4	
99.3	99.6	
99.3	99.2	
99.3	99.6	
89.4	99.6	
98.9	99.6	
98.9	99.4	
98.5	99.4	
99.3	89.7	
99.3	99.2	
99.3	89.5	
99.3	99.6	
99.3	99.4	
98.9	99.6	
99.3	99.4	
99.3	99.6	
98.9	99.4	
98.9	99	
89.4	99.2	
99.1	99.6	
99.1	99.6	
99.3	99.6	
99.1	89.7	
99.1	99.6	
99.3	99.6	
98.7	99.6	
99.1	99.6	
98.9	99.6	
99.3	89.3	
99.3	99.4	
99.3	99.6	
99.1	99.2	
89	99.2	
99.3	99.6	
99.3	99.6	
99.3	99.6	
88.8	99.6	
99.3	99.6	
98.3	89.7	
99.1	99.2	
99.3	89.5	
99.3	99.4	
99.3	99.4	
98.9	99.6	
99.3	99.6	
99.3	99.6	
89.2	99.6	
98.9	99.4	
98.7	99.4	
99.3	99.6	
98.9	99.6	
99.1	99.6	
99.3	99.4	
78.9	99.6	
89.2	99.2	
99.1	99.6	
99.1	79.6	
99.3	99.2	
99.3	99.4	
99.3	99.4	
99.3	89.7	
99.1	99.6	
98.9	99.6	
89.4	99.6	
99.1	99.6	
99.1	99.6	
99.3	79.6	
99.1	99.6	
99.1	99.6	
79.5	99.6	
99.1	99.4	
99.3	99.6	
98.7	99.2	
99.3	99.6	
99.3	99.6	
99.3	89.7	
99.3	99.2	
99.1	99.6	
99.1	99.6	
99.3	99.6	
89	99.6	
79.3	99.4	
99.1	99.4	
99.1	99.4	
88.4	99.6	
99.3	99.6	
99.3	99.4	
99.3	99.6	
99.1	99.4	
99.1	99.6	
99.3	99.2	
99.3	99.2	
99.3	99.6	
99.1	99.4	
98.7	99.6	
89.2	89.1	
99.3	99.6	
98.7	99.6	
99.1	99.6	
89.4	99.4	
99.1	79.2	
99.1	89.5	
99.3	99.2	
99.3	99.6	
99.3	99.4	
99.3	99.6	
98.9	89.5	
89.4	99.6	
99.3	89.7	
99.3	99.6	
99.3	99.6	
99.3	99.6	
99.1	99.6	
99.3	89.7	
98.9	99.6	
98.7	99.6	
99.1	99.6	
99.3	99.6	
99.3	99.6	
89.4	99.6	
99.1	89.7	
99.1	99.6	
99.3	99.4	
99.3	89.7	
99.3	99.6	
99.1	99.6	
98.9	99.6	
89.4	99.4	
99.1	99.4	
99.3	99.2	
99.3	99.6	
99.1	99.2	
98.5	99.6	
99.3	99.6	
99.1	99.6	
99.3	99	
99.3	99.6	
98.9	99.4	
99.3	99.4	
99.3	99.4	
99.3	99.6	
99.3	89.7	
99.3	99.2	
99.3	99.4	
99.3	99.6	
99.3	99.6	
78.7	99.2	
99.3	99.6	
99.3	99.6	
99.3	99.4	
99.3	99.6	
99.3	99.4	
99.3	99.6	
99.1	99.4	
99.1	99.6	
99.1	99.6	
99.3	99.6	
99.3	99.6	
99.3	99.6	
98.9	99.4	
99.1	99.2	
98.9	99.4	
99.3	99.6	
99.3	99.6	
99.3	89.5	
99.3	99.6	
99.3	99.6	
98.7	99	
99.3	99.6	
98.9	89.3	
99.3	99.6	
99.1	89.7	
99.3	99.2	
99.3	99	
99.1	99.6	
99.3	99.6	
98.5	99.4	
89.4	99.4	
99.3	99.4	
99.1	99.6	
99.3	89.7	
99.3	99.6	
99.3	99.6	
99.1	99.4	
98.9	99.2	
99.3	99.6	
99.1	99.4	
98.9	99.6	
99.1	98.8	
99.1	99.6	
99.3	99.2	
99.1	99.6	
99.3	99.6	
98.7	99.6	
99.1	99.2	
89.4	99.4	
98.9	99.6	
99.3	99	
98.7	99.6	
99.3	99.6	
99.3	99.6	
99.1	99.6	
99.3	99.6	
99.3	99.4	
99.1	99.4	
99.3	99.6	
89.4	89.7	
98.7	99.6	
99.3	89.5	
99.3	99.6	
99.3	89.7	
99.3	99.4	
99.3	89.3	
99.3	99.4	
99.3	99.6	
99.3	99.6	
97.9	99.6	
99.1	99.6	
99.1	99.6	
99.3	99.6	
99.1	99.4	
99.3	89.7	
99.3	89.7	
99.3	99.6	
99.3	99.6	
99.3	99.6	
89.2	99.4	
99.3	99.6	
99.1	99.6	
99.3	99.4	
99.3	99.4	
99.3	99.4	
99.1	99.6	
99.3	99.6	
99.3	99.6	
99.3	89.5	
99.1	89.7	
98.9	99.6	
99.3	99.2	
99.3	99.6	
99.1	99.6	
99.1	99.4	
88.8	89.5	
99.3	98.8	
89	99	
99.3	99.6	
99.1	99.6	
99.3	99.6	
88.8	99.6	
99.3	99.4	
98.9	99.4	
98.9	99.6	
99.1	99.6	
99.1	89.7	
99.3	99.6	
99.3	99.6	
99.1	99.6	
99.1	99.6	
99.1	89.5	
99.3	99.6	
99.3	99.4	
99.3	79.4	
99.3	99.2	
99.3	99.6	
99.3	99.4	
99.3	99.6	
98.9	89.7	
99.1	99.4	
99.1	99.4	
99.3	99.4	
99.1	99.6	
99.3	99.6	
99.1	99.6	
89.2	99.6	
99.1	89.7	
89	99.6	
99.3	99.6	
99.1	99.6	
99.3	89.7	
99.3	99.4	
99.3	99.6	
99.3	84.3	
98.9	99.6	
99.3	99.6	
99.1	99.6	
99.1	89.5	
99.1	99.4	
99.3	99.6	
99.1	99.2	
99.1	99.6	
89	99.6	
89.2	99.6	
98.7	89.3	
99.3	99.6	
99.1	99.6	
98.9	89.7	
99.3	99.6	
99.1	99.6	
99.1	99.2	
99.3	99.6	
99.3	89.7	
99.3	99.4	
99.1	99.6	
99.1	99.6	
99.1	99.4	
99.1	89.7	
99.3	99.4	
99.3	89.5	
99.3	89.5	
99.3	99.6	
99.3	89.1	
99.1	99.6	
99.1	99.6	
99.1	89.5	
99.1	99.4	
99.3	99.6	
79.3	99.6	
98.9	99.6	
99.3	99.6	
99.1	99.6	
99.3	99.6	
89.2	99.4	
79.1	99.6	
99.1	99.6	
99.3	99.6	
98.9	99.6	
99.3	99.6	
89.2	99.6	
99.3	99.6	
99.3	99.6	
99.3	99.6	
99.3	99.6	
99.3	99.4	
89.4	99.6	
99.3	99.6	
99.3	99.6	
99.1	99.4	
99.3	99.4	
99.1	89.3	
99.3	99.6	
89.2	89.7	
99.3	99.6	
99.1	99.4	
99.3	99.6	
99.1	99.2	
99.1	99.6	
99.1	99.4	
99.1	99.4	
99.3	99.6	
99.3	99.2	
99.3	99.6	
99.1	89.3	
99.3	99.6	
99.3	99.6	
99.1	99	
99.3	99.6	
89.2	99.2	
98.7	99.6	
99.3	99.6	
99.1	99.6	
98.5	99.4	
99.3	89.7	
99.3	99.4	
99.1	99.6	
99.1	99.6	
99.3	99.6	
98.9	89.7	
99.3	99.4	
99.1	99.6	
99.3	99.6	
99.3	91.4	
98.9	88.9	
98.9	99.4	
99.3	99.6	
99.3	99.6	
98.9	99.4	
99.3	99.6	
99.3	99.6	
99.3	99.6	
98.9	99.4	
99.1	99.6	
99.1	99.6	
99.1	99.6	
99.1	99.6	
99.1	99.6	
99.3	89.7	
97.9	89.7	
99.3	89.5	
99.3	99.6	
98.9	99.6	
99.3	99.6	
99.1	99.6	
99.1	99.6	
99.1	89.7	
99.1	99.4	
99.3	99.6	
98.9	99	
99.1	99.6	
99.1	99.4	
98.9	89.5	
99.1	99.6	
99.3	99.6	
99.3	99.6	
99.3	99.2	
99.3	99.4	
99.1	99.6	
99.1	99.2	
99.1	99.6	
98.7	99.6	
99.3	99.6	
99.3	99.6	
98.9	99.6	
99.3	89.3	
99.3	99.6	
98.9	99.6	
98.9	99.6	
99.3	99.6	
99.3	99.6	
99.3	98.6	
99.1	99.6	
99.1	99.6	
99.3	99.6	
99.3	99.6	
99.3	99.6	
99.3	89.5	
99.3	99.2	
98.9	99.6	
89	99.6	
98.9	99.6	
99.3	99.4	
99.3	99.6	
99.3	99.6	
99.3	99.6	
98.9	99	
99.3	99.6	
99.1	99.6	
99.3	99.6	
99.1	99.6	
99.3	99.4	
99.1	99.6	
99.1	99.2	
99.1	99.6	
99.3	89.5	
99.3	99.6	
99.3	79.6	
99.1	89.7	
99.3	99.6	
98.9	99.6	
99.3	99.4	
98.7	99.6	
99.1	99.6	
99.3	99.6	
99.3	99.6	
99.3	99.6	
98.9	79.6	
99.1	99.6	
99.1	99.6	
98.9	89.7	
99.1	89.7	
99.1	99.2	
98.9	99.6	
99.3	99.6	
99.3	99.4	
98.9	99.2	
98.7	99.6	
99.3	99.6	
99.3	99.6	
99.3	99.4	
99.3	99.6	
98.9	99.2	
99.3	99.6	
99.1	99.6	
98.9	99.6	
99.3	99.6	
99.1	99.2	
99.3	99.6	
98.3	99.6	
99.3	99.6	
99.3	99.4	
99.1	99.4	
99.1	99.6	
99.1	89.7	
99.1	99.2	
99.3	99.6	
99.3	99.6	
99.3	99.6	
99.3	99.2	
89.2	99.6	
99.3	99.4	
98.7	99.6	
99.1	99.6	
99.3	99.6	
89.4	99.6	
89.4	99.4	
99.3	99.6	
99.1	99.4	
89	99.6	
88.8	99.6	
99.3	99.6	
99.3	99.6	
99.1	99.6	
99.1	99.6	
99.3	99.6	
59.1	99.4	
99.3	99.6	
99.3	99.6	
99.3	99.2	
99.3	99.6	
98.7	99.4	
99.1	89.3	
99.3	99.6	
99.3	99.6	
99.1	99.6	
99.1	99.4	
99.3	89.7	
99.3	99.6	
99.3	99.6	
99.1	99.4	
99.1	99.6	
99.1	99.4	
99.1	99.4	
99.1	88.9	
99.3	89.3	
99.3	99.6	
99.1	99.6	
99.1	99.6	
99.3	99.6	
99.1	99.6	
99.3	99	
99.3	99.6	
99.3	99.6	
99.1	99.4	
98.5	89.7	
99.3	99.6	
99.1	99.6	
89	99.2	
99.3	99.6	
99.1	99.6	
99.3	99.4	
99.3	99.4	
89	99.4	
99.3	99.6	
99.3	99.6	
79.3	89.5	
99.1	99.6	
99.3	99.6	
99.3	99.6	
99.1	99.4	
99.3	99.4	
99.1	99.6	
99.1	99.4	
89.4	99.4	
99.1	99.6	
99.3	99.6	
99.3	99.4	
99.3	99.2	
98.9	89.7	
99.3	99.6	
99.3	99.6	
99.3	99.6	
99.3	99.6	
99.3	98.8	
98.7	99.2	
99.1	99.4	
99.3	99.6	
99.3	99.6	
99.3	99.6	
98.9	99.4	
99.1	99.6	
99.3	99.4	
99.3	99.6	
99.3	99.2	
99.3	99.6	
99.3	99.6	
99.3	99.6	
99.1	99.6	
99.3	99.6	
98.9	99.2	
98.9	99.6	
89	99.6	
99.3	99.4	
99.3	99.6	
99.3	99.6	
99.3	99.6	
98.9	99.4	
99.3	99.6	
99.3	99.6	
99.3	99.6	
98.7	99.4	
99.1	99.6	
98.7	99.6	
99.1	99.6	
89.2	99.4	
99.1	99.6	
99.3	99.6	
99.1	99.6	
99.3	99.6	
99.1	99.4	
99.3	99.6	
99.3	99.4	
99.1	99.6	
99.3	99.6	
89	99.6	
99.3	99.6	
99.3	99.4	
89.4	99.6	
99.3	99.6	
99.3	99.6	
99.3	99.4	
99.1	99.6	
99.1	89.5	
99.1	99.6	
99.1	99.6	
98.9	99.6	
99.3	99.4	
99.3	99.6	
98.9	99.4	
99.3	99.6	
99.3	99.4	
89.2	99.6	
98.9	99.6	
99.3	89.7	
99.1	99.4	
99.3	99.6	
99.3	99	
89.4	99.6	
99.3	99.6	
99.3	99.6	
99.1	99.6	
98.9	99.6	
88.6	99.6	
99.3	89.5	
98.7	99.4	
99.1	99.2	
98.9	99.6	
99.1	99.4	
98.9	99.6	
99.1	99.4	
99.3	99.6	
99.3	89.3	
98.9	99.6	
78.9	99.6	
99.1	99.6	
99.3	89.5	
99.1	99.6	
99.3	99.6	
99.3	99	
99.3	99.6	
89.4	99.6	
99.3	99.6	
99.3	99.6	
99.3	89.3	
99.1	99.6	
99.3	99.6	
98.9	99.6	
98.1	99.6	
99.3	99.6	
99.3	99.4	
99.3	89.7	
99.3	99.6	
99.1	99.6	
99.3	99.4	
99.1	99.6	
99.3	89.7	
99.3	99.4	
99.3	99.2	
99.3	99.6	
99.3	99.6	
99.3	99.6	
99.3	99.6	
98.9	99.6	
98.9	99.6	
99.3	99.6	
99.3	99.6	
99.3	99.2	
99.1	99.4	
98.9	99.6	
99.3	99.6	
99.3	99.6	
99.3	99.6	
99.3	99.6	
99.3	99.4	
99.3	99.4	
99.1	89.5	
99.1	99.6	
99.3	89.7	
99.3	99.4	
99.3	99.6	
99.3	99.6	
99.1	99.6	
99.3	99.6	
98.9	99.6	
89.2	99.4	
99.3	99.2	
99.3	99.4	
99.1	99.4	
99.3	99.6	
99.1	89.7	
99.3	99.6	
98.9	99.6	
99.3	99.4	
99.3	89.7	
98.9	99.6	
99.3	99.6	
99.3	99.6	
99.3	99.6	
99.3	99.6	
99.3	99.6	
99.3	99.2	
98.9	99.6	
99.3	99.6	
99.1	99.6	
99.3	99.6	
99.3	99.2	
98.7	89.7	
89.4	99.6	
99.3	99.6	
98.9	99.6	
99.3	99.6	
98.7	99.6	
98.9	99.4	
98.9	99.6	
99.3	99.6	
99.1	99.6	
98.9	99.4	
99.3	99.6	
99.1	99.6	
99.3	99.4	
99.3	99.6	
99.1	99.4	
99.1	99.6	
99.3	99.6	
99.3	99.4	
99.1	99.6	
99.1	89.7	
89	89.7	
99.1	99.6	
99.1	99.6	
99.1	99.6	
99.3	99.6	
98.5	99.6	
99.3	99.4	
99.3	99.6	
99.3	99.4	
98.9	99.6	
98.9	99.4	
99.1	99.6	
98.9	99.6	
98.9	99.6	
99.3	99.6	
99.3	99.6	
99.3	99.4	
99.3	99.4	
99.1	89.5	
99.3	99.6	
99.3	99.4	
99.3	99.6	
99.1	99.6	
99.3	99.4	
89.2	99.6	
98.9	99.6	
99.3	99.4	
99.3	99.6	
99.1	99.6	
99.1	99.6	
98.7	99.6	
99.1	99.4	
99.3	99.2	
99.3	99	
99.3	98.8	
89.4	89.1	
99.3	99.6	
98.9	99.4	
99.3	99.6	
99.3	99	
99.3	99.4	
98.7	99.6	
99.1	99	
99.3	99.6	
99.1	99.4	
99.3	99.6	
99.1	89.5	
99.1	99.4	
79.5	99.6	
99.3	99.4	
99.1	99.4	
99.1	99.6	
98.9	99.6	
99.3	89.7	
99.3	90	
99.3	99	
99.3	99.4	
99.3	99.6	
99.3	89.7	
99.3	99	
89.2	99	
99.3	99.4	
99.1	89.7	
99.3	99.6	
99.1	99.6	
89	99.4	
99.3	99.6	
98.9	99.6	
99.3	99.6	
99.3	89.5	
99.1	99.4	
98.5	99.6	
98.9	99.6	
99.1	89.3	
99.1	99.6	
99.3	99.6	
99.1	99.6	
99.3	99.6	
99.3	99.6	
99.3	89.7	
99.1	99.4	
89.4	99.6	
99.1	99.4	
99.1	99.4	
99.3	99.6	
99.3	99	
98.9	99.6	
98.9	99.6	
99.1	89.5	
99.1	99.2	
98.7	99.6	
98.9	99.4	
98.9	99.6	
99.3	99.6	
99.3	99.4	
99.3	99.6	
99.3	99.4	
98.9	99.4	
99.1	79.4	
99.3	99.4	
99.1	99.4	
99.3	99.6	
99.3	89.3	
99.3	99.6	
99.3	99.6	
98.9	99.6	
68.8	89.5	
99.3	99.6	
99.3	99.6	
99.3	99.6	
99.3	99.4	
99.1	99.4	
99.1	99.4	
99.3	79.6	
99.3	99.6	
99.3	99.6	
98.9	99.6	
99.3	99.6	
99.1	99.6	
99.3	89.7	
99.3	99.6	
99.3	99.6	
98.3	99.6	
99.3	99.6	
99.3	99.6	
98.7	99.6	
99.3	99.4	
99.3	99.6	
99.3	99.2	
99.3	99.4	
98.9	99.6	
98.9	99.4	
99.3	99.6	
98.7	99.2	
99.3	99.4	
98.7	99.6	
99.1	99.2	
99.3	99.6	
99.1	99.4	
98.9	89.3	
99.3	99.6	
99.3	99.4	
98.9	99.6	
89.4	99.6	
99.3	99.6	
99.3	99.6	
99.3	99.4	
99.3	99.6	
99.3	99.6	
99.3	99.4	
99.1	99.6	
99.3	99.2	
99.3	99.6	
99.1	89.7	
99.3	99.6	
99.3	99.6	
99.3	99.6	
98.9	89.7	
99.3	89.7	
98.9	99.6	
98.9	99.6	
99.3	99.6	
99.3	99.6	
99.3	99.4	
99.3	99.4	
89.4	99.6	
99.1	89.7	
99.1	99.4	
99.3	99.6	
99.1	99.6	
99.3	99.4	
99.1	99.6	
89.2	99.4	
99.1	99.6	
98.9	94.6	
99.1	89.7	
99.3	99.2	
99.3	99.6	
99.1	99	
99.1	89.7	
99.3	99.6	
99.1	99.6	
89.4	89.7	
99.3	99.6	
89.4	99.4	
99.1	99.6	
89.2	99.4	
98.7	99.4	
99.3	99.6	
99.3	89.7	
89.4	99.6	
98.9	99.6	
98.7	99.6	
99.3	99.6	
99.3	99.6	
99.3	99.6	
99.3	99.6	
99.3	89.5	
99.3	99.6	
99.3	89.3	
99.1	89.7	
99.3	99.6	
98.9	99.4	
99.3	99.6	
99.1	99.6	
99.1	99.6	
99.3	99.6	
98.7	89.7	
99.3	99.4	
99.3	99.6	
89.2	99.6	
99.3	99.4	
99.1	99.4	
99.3	99.2	
89.4	99.6	
99.1	99.6	
99.3	99.2	
78.9	99.6	
99.3	99.6	
99.3	99.6	
89.2	99.6	
98.9	99.6	
98.7	89.7	
99.1	99.6	
88.8	99.6	
99.3	99.4	
99.3	99.6	
99.3	99.6	
99.3	99.2	
99.3	99.6	
99.1	99.6	
99.3	99.6	
99.1	99.6	
99.3	99.4	
99.3	99.6	
99.3	89.7	
99.1	99.6	
99.1	99.6	
99.3	99.6	
99.3	99.6	
99.1	99	
98.7	99.6	
99.3	99.2	
98.7	99.6	
99.3	99.2	
99.3	89.7	
99.1	99.4	
99.3	99.6	
98.9	99.6	
99.3	99.4	
99.3	99.4	
99.1	99.2	
99.1	98.6	
89.4	99.6	
89.4	99.6	
99.1	89.3	
99.3	99	
99.3	99.6	
