98.7	58.6	
99.3	89.5	
99.3	89.5	
99.3	89.5	
99.3	79.4	
98.9	89.5	
99.3	99.2	
98.5	89.3	
99.3	78.6	
99.1	89.5	
99.3	89.7	
99.1	79.4	
98.9	89.5	
99.3	89.5	
88.6	89.1	
99.3	89.7	
99.3	89.5	
99.3	89.3	
99.1	89.5	
99.1	89.5	
99.3	88.9	
98.9	79.4	
99.3	89.3	
88.4	89.3	
99.3	89.5	
99.3	99.2	
99.3	89.5	
99.1	79.4	
99.3	89.3	
99.3	89.5	
98.9	79	
99.3	88.7	
99.3	89.3	
99.3	79.2	
98.9	89.5	
98.7	89.5	
98.9	89.5	
99.3	79.2	
99.3	89.5	
98.9	89.7	
88.6	89.3	
99.3	89.5	
99.1	89.3	
99.3	69.3	
99.3	89.3	
99.3	79.2	
89.2	89.3	
99.3	89.1	
99.3	79.4	
99.3	89.5	
99.3	89.5	
99.1	89.5	
99.3	79	
89	89.1	
99.1	89.5	
99.1	98.8	
99.1	89.1	
99.3	89.7	
99.3	89.3	
99.3	89.5	
98.9	89.1	
99.1	89.5	
99.3	89.5	
99.1	89.3	
99.3	89.5	
99.3	79.2	
99.3	89.5	
98.7	68.7	
99.3	89.5	
99.1	89.3	
99.3	89.3	
98.7	89.3	
98.7	89.5	
99.1	89.1	
98.9	79	
99.3	89.5	
99.1	89.3	
99.3	89.5	
99.1	89.5	
98.7	89.5	
99.3	89.5	
98.9	89.5	
99.3	88.9	
99.1	89.5	
99.3	89.5	
99.3	89.5	
99.1	89.3	
99.1	89.3	
99.1	89.3	
99.3	89.3	
98.7	89.1	
99.1	89.3	
88.6	89.5	
99.3	89.5	
99.3	88.9	
98.9	89.3	
99.3	89.3	
98.7	89.1	
98.9	89.5	
99.1	89.3	
99.3	89.5	
98.9	89.1	
99.3	89.1	
99.3	89.5	
99.3	89.3	
98.9	89.3	
99.3	89.5	
99.3	89.3	
98.9	79	
99.3	89.5	
99.3	89.7	
99.3	89.1	
99.3	89.5	
99.3	99.4	
99.1	89.3	
99.1	89.5	
98.9	89.5	
98.5	88.9	
99.3	89.3	
99.3	89.5	
88.6	89.5	
98.7	89.5	
98.7	89.5	
99.3	89.5	
99.3	89.3	
98.9	89.3	
99.3	89.3	
99.3	99.4	
99.3	89.5	
98.9	89.1	
98.9	89.3	
99.1	89.3	
99.1	89.3	
99.3	89.5	
99.3	89.5	
99.1	89.5	
99.3	89.1	
99.3	79.2	
99.3	89.5	
99.3	68.7	
99.1	89.3	
88.8	89.3	
99.1	89.1	
88.6	89.3	
99.1	89.1	
99.1	79.4	
99.3	88.9	
99.3	89.3	
99.3	89.7	
99.3	89.1	
99.3	89.3	
98.7	89.7	
99.3	89.5	
99.3	89.3	
99.3	89.5	
99.3	89.5	
99.3	79.2	
99.1	89.3	
99.3	99.4	
99.1	89.1	
99.3	88.3	
99.3	89.3	
98.5	89.3	
99.1	79.4	
99.1	89.5	
99.3	89.5	
99.1	89.3	
99.1	89.3	
98.9	89.5	
98.7	79.4	
99.3	89.5	
98.7	89.3	
99.1	68.9	
99.1	89.3	
99.3	89.3	
99.1	89.5	
99.3	89.3	
99.3	89.3	
98.9	89.5	
99.3	98.8	
98.7	79.2	
98.9	89.5	
99.3	89.3	
99.1	89.5	
99.3	79.4	
99.3	99.4	
99.3	79.4	
99.3	89.5	
99.3	89.3	
99.3	89.3	
99.3	89.5	
99.1	89.3	
99.1	89.5	
99.3	79	
98.5	89.7	
99.3	89.3	
99.3	89.3	
98.9	89.5	
99.1	89.5	
99.3	89.5	
99.1	89.3	
98.9	88.9	
99.3	89.5	
99.1	89.5	
99.3	89.5	
98.7	89.3	
99.3	89.3	
99.3	68.9	
99.1	89.5	
99.1	69.1	
99.1	89.5	
99.3	89.1	
99.3	79.2	
99.3	89.3	
88.2	89.7	
99.3	89.5	
99.1	89.3	
99.3	89.3	
98.7	89.5	
99.3	88.7	
99.3	88.9	
99.1	89.5	
99.1	89.5	
99.3	79.2	
99.3	88.9	
99.3	99.4	
99.1	89.5	
99.3	89.3	
98.9	89.3	
99.3	99.4	
99.1	89.5	
99.3	79.4	
99.3	89.5	
99.3	89.3	
99.3	79	
98.5	79.4	
99.3	89.3	
99.3	99.4	
98.9	79.4	
99.3	89.5	
98.9	89.5	
98.9	89.1	
98.9	78.6	
99.3	99.4	
99.3	79.4	
99.3	89.3	
98.5	89.3	
99.1	89.5	
99.3	89.3	
99.3	78.8	
99.3	89.1	
98.9	79.4	
99.1	89.7	
99.1	89.5	
99.3	89.5	
99.3	89.5	
99.3	89.5	
99.3	89.5	
99.3	89.3	
99.1	89.3	
99.1	99.2	
99.3	89.7	
99.3	89.5	
99.3	89.3	
98.5	89.5	
99.3	89.7	
88.4	79	
99.3	89.5	
99.1	89.3	
99.3	79.2	
99.1	89.5	
99.1	89.5	
99.3	89.3	
98.5	89.5	
99.3	89.5	
99.3	88.5	
99.1	89.1	
88.6	98.6	
99.3	89.3	
99.3	89.5	
99.3	89.3	
99.3	79.4	
99.3	89.5	
99.3	89.3	
98.9	89.5	
99.1	89.1	
99.1	89.1	
99.3	89.5	
99.1	89.3	
98.7	89.3	
99.3	89.5	
99.3	89.5	
99.3	89.3	
99.3	89.3	
99.3	78.8	
98.7	89.3	
88.6	89.5	
88.8	79.2	
99.3	89.5	
98.5	89.5	
99.1	89.5	
99.3	89.3	
99.3	89.5	
99.1	89.1	
99.3	79	
98.9	89.5	
99.3	89.3	
99.1	89.5	
98.9	89.5	
99.1	89.3	
99.1	79.4	
99.3	89.5	
88.2	79.4	
99.1	89.5	
99.1	89.5	
99.3	89.5	
99.1	89.3	
98.3	89.5	
99.3	89.5	
99.3	89.5	
99.1	89.3	
99.1	99.4	
99.3	78.8	
99.3	89.3	
99.3	89.5	
99.3	89.5	
99.3	79.6	
99.1	89.5	
98.9	89.5	
99.3	89.5	
99.3	99.4	
99.3	79.2	
98.9	89.5	
98.7	89.5	
99.3	89.3	
99.3	99.2	
98.9	89.5	
99.3	78.8	
99.3	89.1	
99.1	89.3	
99.1	89.5	
99.1	89.1	
99.1	89.3	
77.9	89.5	
88.6	89.3	
99.3	89.5	
99.3	89.5	
98.9	89.5	
99.3	79.4	
99.3	79.2	
99.3	89.5	
99.3	99.4	
99.3	89.3	
98.9	89.5	
99.1	89.5	
98.9	89.5	
99.1	89.5	
99.1	99.4	
99.3	89.5	
99.3	79	
99.3	89.5	
99.3	78.4	
99.1	79.4	
99.3	89.5	
99.3	89.5	
99.3	79.4	
99.3	89.5	
99.3	88.9	
98.9	89.5	
99.3	79.2	
89.2	89.5	
99.3	89.3	
99.3	89.1	
98.7	89.5	
99.1	79.4	
98.9	89.5	
99.1	89.1	
99.1	89.3	
99.3	89.5	
88.8	89.5	
99.1	89.3	
99.3	89.3	
98.7	89.3	
98.9	89.5	
88.8	89.5	
99.3	79.2	
98.9	89.1	
99.3	89.7	
99.1	89.3	
98.5	89.7	
99.3	89.5	
99.3	89.5	
99.3	79.2	
99.1	89.3	
99.1	89.3	
99.3	89.3	
99.1	89.5	
99.1	89.1	
99.1	89.3	
99.3	89.1	
98.9	89.5	
99.3	89.3	
98.9	89.1	
99.1	89.5	
99.3	89.3	
99.3	89.5	
99.3	89.5	
99.3	99.2	
99.3	79	
99.3	89.5	
99.3	89.3	
99.1	89.5	
99.1	98.6	
98.9	89.5	
99.1	89.5	
99.3	89.5	
99.1	89.5	
98.7	89.5	
99.1	89.3	
99.1	89.3	
99.1	79	
99.3	89.3	
99.3	89.3	
99.3	99.4	
88.8	89.5	
99.3	89.5	
99.3	89.5	
99.1	69.1	
99.3	79	
99.3	89.5	
88.6	89.5	
99.1	88.7	
99.3	99.4	
99.3	79.2	
99.3	89.3	
99.3	89.5	
99.3	89.5	
99.1	89.5	
99.3	89.3	
99.3	89.5	
99.1	89.5	
98.7	89.3	
99.3	89.5	
99.1	89.3	
99.1	89.5	
99.3	89.5	
98.9	89.3	
99.1	89.5	
99.1	89.5	
99.3	89.5	
98.9	89.5	
99.3	89.5	
99.1	99.4	
99.1	89.1	
99.1	89.3	
99.3	89.1	
99.3	89.1	
99.3	89.5	
99.3	89.1	
99.1	89.3	
98.9	89.5	
99.3	89.7	
88.4	89.5	
99.1	89.5	
99.3	89.5	
99.1	89.3	
99.3	79.4	
99.3	89.5	
99.1	89.1	
98.5	88.9	
99.3	89.1	
99.1	89.5	
99.3	89.3	
98.9	89.3	
99.3	89.1	
99.3	89.5	
99.3	89.3	
99.3	89.3	
98.9	89.5	
99.3	79.4	
99.1	89.3	
99.3	89.5	
99.1	89.5	
99.3	79.4	
99.3	99.4	
78.1	79.6	
98.7	89.5	
99.1	89.1	
99.3	89.3	
99.3	79.2	
89	89.1	
98.9	89.5	
98.7	89.5	
99.3	89.3	
88.2	89.5	
99.3	89.5	
98.3	89.1	
98.3	79.2	
99.1	89.5	
98.9	89.5	
99.1	89.5	
99.1	89.5	
99.3	89.5	
99.3	89.5	
99.3	89.3	
99.3	89.1	
99.3	88.9	
98.9	79.4	
99.3	89.3	
99.3	89.5	
89.2	89.5	
89.2	89.5	
99.3	68.9	
99.1	79.4	
99.1	89.3	
98.9	69.1	
99.3	89.1	
99.3	89.1	
99.3	89.5	
98.9	89.5	
98.9	89.3	
99.3	89.5	
99.3	89.5	
99.3	89.5	
99.3	89.5	
99.1	89.5	
99.3	79.2	
99.3	78.6	
99.1	89.5	
99.1	89.5	
99.3	89.5	
99.3	89.5	
99.3	89.3	
99.1	89.3	
99.3	89.5	
98.7	89.7	
99.3	89.5	
99.3	89.5	
99.3	89.5	
99.3	89.3	
99.3	89.3	
99.3	89.5	
98.5	89.3	
99.3	89.5	
99.1	89.1	
99.3	89.7	
98.7	89.5	
99.1	89.5	
99.3	89.5	
99.3	89.5	
98.9	58.4	
99.3	89.3	
98.9	89.5	
99.1	89.5	
99.3	89.5	
99.3	89.5	
98.9	89.5	
99.1	89.5	
99.3	89.5	
99.3	79	
99.3	89.3	
99.3	89.5	
78.3	89.5	
99.1	79.4	
98.7	88.9	
99.1	89.5	
99.3	79	
99.3	89.3	
88	89.3	
99.3	89.3	
98.7	89.7	
99.3	89.5	
99.1	89.5	
99.3	79.4	
99.3	89.3	
99.3	89.3	
99.1	89.5	
99.3	89.5	
88.4	89.5	
98.9	89.5	
88.8	89.5	
99.1	89.1	
99.3	89.5	
99.1	79.4	
99.3	89.1	
99.3	89.5	
99.3	99.4	
99.3	88.5	
99.1	89.5	
99.1	89.5	
99.3	79.2	
99.3	89.3	
99.1	79.2	
99.3	89.5	
99.3	89.3	
98.9	79.4	
99.1	89.5	
99.3	78.8	
99.3	89.5	
99.3	89.3	
99.1	79.4	
99.3	89.7	
98.9	89.5	
99.3	89.5	
99.3	89.5	
98.9	89.5	
99.3	79	
99.3	89.5	
99.3	88.5	
99.1	89.5	
98.5	89.5	
99.3	89.5	
99.3	89.5	
99.3	89.3	
99.3	89.5	
99.3	89.5	
99.3	89.3	
98.9	89.5	
99.3	89.5	
99.3	58.2	
99.1	89.5	
99.3	78.2	
98.9	79.2	
99.1	89.5	
99.3	89.1	
99.3	89.5	
98.9	89.5	
98.9	79.4	
98.9	89.5	
99.3	89.5	
98.9	89.5	
98.9	89.5	
98.9	89.5	
99.3	99.2	
99.3	89.3	
99.1	89.5	
98.5	89.1	
88.6	79.4	
99.3	89.7	
99.3	89.3	
99.1	89.5	
99.1	89.5	
99.3	89.5	
99.3	89.1	
99.3	89.5	
99.3	89.5	
99.3	99	
99.3	88.9	
99.3	99.4	
99.1	89.5	
99.3	88.9	
99.1	89.5	
99.3	89.3	
99.1	89.3	
99.3	79.4	
88.4	89.5	
99.3	89.1	
99.1	79.2	
99.3	89.3	
99.3	89.5	
99.1	89.7	
99.3	88.9	
98.7	89.5	
98.9	79.2	
99.1	79.4	
99.3	89.5	
98.7	89.3	
98.9	89.5	
99.3	79.2	
99.3	89.5	
99.1	79.4	
99.1	89.5	
99.3	99.2	
99.3	79.2	
99.1	88.1	
99.3	89.5	
99.3	99.4	
98.9	79.2	
99.3	69.1	
99.3	79.4	
99.3	89.5	
99.3	89.1	
99.1	89.5	
98.9	89.5	
99.1	79	
97.7	79.4	
98.9	89.3	
88.8	89.3	
99.3	89.3	
99.3	89.5	
99.3	89.3	
99.3	89.3	
99.3	89.5	
99.1	89.3	
99.3	89.1	
99.3	89.3	
99.3	89.3	
99.3	89.5	
98.9	89.5	
99.3	79	
99.3	99.4	
98.9	89.5	
98.7	79	
99.3	89.3	
99.1	89.5	
99.3	89.5	
99.1	89.5	
99.3	79.4	
99.1	99.2	
99.3	89.3	
99.1	89.3	
99.3	79	
99.1	89.5	
99.1	99	
99.3	89.5	
99.1	89.5	
99.1	89.5	
99.3	89.5	
99.3	89.3	
98.9	68.7	
99.3	79.2	
99.1	89.5	
99.3	89.5	
99.3	89.5	
99.3	89.5	
99.1	89.1	
99.3	79.4	
99.3	89.5	
99.3	89.5	
99.3	99	
99.3	69.3	
99.3	99.4	
99.3	89.3	
99.3	88.9	
99.3	88.9	
88.6	89.5	
99.3	89.3	
99.1	79.4	
99.1	79.6	
99.3	89.5	
99.1	79.4	
98.9	89.3	
99.1	89.1	
99.3	89.5	
99.3	89.5	
99.3	89.3	
99.3	89.5	
98.7	89.3	
98.7	69.1	
99.1	89.5	
99.3	89.5	
99.1	89.3	
99.3	89.5	
99.3	89.1	
99.3	89.3	
88.8	89.5	
99.1	89.5	
98.5	89.5	
98.9	89.5	
99.3	89.3	
98.7	89.5	
88.8	89.5	
99.1	99.4	
99.3	89.5	
99.3	79.4	
99.3	89.3	
99.3	99.4	
99.1	98.4	
99.1	79.2	
87.6	89.3	
98.1	89.1	
99.3	79.2	
98.9	79.2	
99.3	89.5	
98.9	89.3	
99.3	99.4	
99.3	89.5	
99.3	89.1	
99.3	89.3	
99.3	79.2	
99.3	89.3	
99.3	89.3	
99.3	89.5	
99.3	89.1	
99.3	89.5	
88	68.9	
88.8	89.5	
99.3	79.4	
99.3	89.5	
99.1	68.9	
99.1	89.5	
99.3	89.5	
99.3	89.5	
99.3	89.3	
99.3	89.1	
88.4	89.3	
99.1	89.5	
99.1	89.5	
99.3	89.3	
99.3	89.3	
99.1	89.7	
99.3	89.5	
99.3	89.1	
98.9	89.5	
99.1	89.5	
99.3	99.4	
99.1	89.5	
99.1	89.5	
99.3	89.3	
99.3	89.5	
99.3	89.5	
99.1	68.7	
99.3	79	
99.1	79.2	
99.1	79	
99.3	89.3	
99.3	79.4	
99.1	78.6	
99.3	89.5	
99.3	89.5	
98.9	89.3	
99.3	88.9	
99.3	99.4	
98.9	89.3	
99.3	89.5	
99.3	89.5	
98.9	78.8	
99.1	89.5	
98.9	89.5	
99.3	89.5	
99.3	89.5	
99.1	89.3	
99.3	89.1	
99.3	89.3	
99.3	89.5	
99.1	89.5	
99.3	89.3	
99.3	79.4	
98.7	89.5	
99.3	89.3	
99.3	89.5	
99.1	89.3	
99.3	89.1	
99.3	89.5	
99.3	89.5	
99.3	89.3	
99.3	79.2	
99.3	89.5	
99.3	89.1	
99.1	89.1	
99.1	79.2	
99.1	89.5	
99.3	88.7	
99.3	89.3	
98.9	79.2	
98.9	89.5	
99.3	89.3	
99.1	89.7	
99.3	89.1	
78.5	99.4	
98.5	79.2	
98.7	99.4	
99.3	89.5	
99.3	89.5	
99.1	89.5	
88.4	89.5	
99.3	89.5	
99.1	88.9	
99.1	89.5	
98.9	89.5	
99.3	89.1	
99.1	89.5	
99.3	89.3	
99.3	89.3	
99.3	89.5	
99.3	89.3	
99.3	99.2	
99.3	89.3	
99.3	89.5	
99.3	79.4	
98.9	87.9	
88.2	88.9	
99.3	89.3	
99.3	89.1	
99.3	89.5	
98.7	69.3	
99.3	89.5	
99.3	89.3	
99.3	99.4	
99.3	89.5	
99.3	89.3	
99.3	79.4	
99.3	89.3	
99.1	89.3	
98.7	89.5	
99.3	89.5	
99.3	89.5	
99.3	59	
99.1	99.4	
99.1	78.8	
99.3	98.8	
99.1	89.5	
99.3	89.3	
99.3	99.4	
99.3	79.4	
99.3	89.5	
99.3	89.5	
99.3	89.5	
99.3	89.3	
99.1	99.4	
99.3	89.3	
98.9	89.1	
99.3	79.2	
99.3	89.1	
99.1	89.3	
99.3	88.9	
99.3	89.5	
99.1	89.5	
98.3	89.5	
99.1	89.5	
99.3	89.5	
99.3	89.5	
99.1	79.2	
99.1	99	
99.3	89.3	
99.3	79	
99.3	89.3	
99.3	79.2	
99.3	89.5	
99.3	89.3	
99.3	89.3	
99.3	89.5	
98.7	89.5	
99.3	89.1	
99.3	89.3	
89	79.4	
99.3	89.5	
99.1	89.1	
98.9	89.5	
99.3	79.2	
99.3	89.1	
99.3	89.5	
99.3	89.3	
88.6	79.2	
99.3	89.5	
99.3	89.5	
99.3	89.1	
88.8	88.9	
99.1	89.3	
99.3	99.4	
99.3	89.5	
99.3	88.9	
99.3	89.3	
99.3	89.5	
99.3	89.3	
99.3	89.5	
98.9	89.5	
99.3	89.5	
99.3	89.5	
98.9	89.3	
98.7	89.5	
99.1	89.5	
99.3	89.5	
99.1	99.4	
99.3	88.9	
99.1	79.2	
99.3	89.3	
88.8	89.5	
99.3	89.3	
99.3	88.7	
99.1	89.5	
99.1	89.3	
99.3	79.2	
99.3	89.3	
99.3	89.5	
99.3	89.5	
99.3	88.7	
88.4	89.3	
99.1	89.1	
99.3	99	
98.9	89.3	
99.1	79.4	
99.3	89.3	
99.3	79	
99.3	89.5	
99.3	89.5	
99.3	89.1	
98.3	89.5	
99.3	89.1	
99.1	89.3	
99.1	99.4	
88.4	89.5	
99.3	88.9	
99.3	89.3	
99.1	89.5	
99.1	89.1	
99.3	89.5	
99.3	89.3	
88.6	89.5	
98.3	89.1	
