98.9	89.5	
98.1	89.7	
97.1	89.7	
86.2	89.7	
99.3	89.7	
87.7	89.7	
98.7	89.7	
98.9	89.5	
98.5	89.7	
94.3	89.5	
98.9	89.7	
99.3	89.7	
96.7	89.7	
96.3	89.7	
98.9	89.3	
98.9	89.7	
98.9	89.5	
96.9	89.5	
93.1	79.6	
97.9	89.7	
98.5	89.7	
94.5	89.3	
97.3	89.7	
96.9	89.7	
98.7	89.7	
96.3	89.7	
98.5	89.7	
88.6	89.5	
98.1	89.7	
98.1	89.7	
96.3	89.7	
97.3	89.7	
96.5	79.6	
96.3	89.7	
98.3	89.7	
97.1	89.7	
99.1	89.7	
96.9	89.7	
98.5	89.7	
98.1	89.3	
98.5	89.5	
96.9	89.5	
98.5	89.5	
93.9	89.7	
98.7	89.5	
94.7	89.5	
97.5	89.7	
97.7	99.6	
95.9	89.7	
96.7	89.7	
97.3	89.3	
97.3	89.7	
99.3	89.7	
98.7	89.7	
94.9	89.7	
98.7	89.7	
98.5	89.7	
88	89.7	
99.1	89.7	
91.9	89.7	
97.1	89.7	
99.3	89.7	
98.7	89.7	
98.5	89.7	
97.1	89.7	
98.9	89.3	
95.7	79.6	
96.7	89.7	
97.1	89.7	
97.3	89.5	
99.1	89.7	
99.1	89.7	
97.3	89.5	
98.7	89.7	
98.3	89.7	
96.9	89.7	
95.3	89.7	
98.7	79.6	
97.1	89.3	
97.1	89.7	
92.7	89.7	
98.7	89.7	
97.7	69.5	
97.7	89.5	
99.3	89.7	
99.3	89.7	
93.5	89.7	
99.3	89.5	
98.3	89.7	
86.2	89.7	
98.1	89.5	
98.5	79.6	
86	89.7	
98.3	89.7	
97.7	89.7	
97.1	89.5	
96.5	89.5	
98.3	79.6	
97.7	89.7	
98.7	89.7	
98.9	89.7	
95.9	99.6	
95.7	89.7	
98.7	89.7	
98.1	89.7	
99.1	89.7	
96.7	89.7	
97.7	89.7	
96.7	89.7	
94.5	89.7	
90.9	89.7	
98.3	89.5	
97.1	88.7	
90.3	79.6	
99.1	89.5	
99.3	79.6	
98.9	79.4	
87.4	89.7	
99.1	79.6	
97.9	89.7	
99.3	89.7	
96.1	89.7	
96.7	79.6	
98.7	89.7	
83.4	89.7	
98.3	79.6	
96.1	89.7	
99.1	89.7	
96.9	89.5	
99.3	99.6	
81.8	89.7	
99.3	89.7	
98.5	89.7	
95.9	89.7	
99.1	89.7	
96.5	89.7	
98.1	79.6	
98.7	89.7	
97.3	89.7	
98.3	89.7	
95.9	89.5	
92.9	89.5	
95.9	89.3	
99.3	89.5	
97.1	89.3	
97.9	89.7	
98.7	89.7	
99.3	89.7	
98.5	89.7	
99.3	89.7	
97.5	89.7	
99.3	99.6	
98.9	79.6	
96.5	89.7	
96.3	89.7	
98.1	89.5	
91.7	89.7	
97.9	89.7	
97.7	89.5	
97.9	89.5	
97.3	89.7	
98.5	89.5	
96.7	88.9	
96.1	89.7	
98.7	89.7	
95.5	89.3	
95.7	89.5	
91.3	89.7	
97.7	89.7	
98.1	89.5	
97.9	89.5	
98.9	89.7	
99.1	89.7	
96.3	89.7	
99.1	99.6	
89.7	89.7	
88.2	89.7	
96.9	89.7	
98.3	89.7	
98.7	99.6	
98.5	89.7	
88.8	89.5	
97.1	69.5	
96.9	89.7	
96.1	89.7	
91.3	89.7	
98.1	89.7	
97.9	89.5	
95.1	89.7	
96.1	89.7	
97.3	89.7	
98.5	89.7	
96.1	89.3	
99.1	89.7	
89	89.7	
98.1	89.7	
98.5	89.7	
84.7	89.7	
98.9	89.7	
98.3	89.7	
96.9	79.4	
98.5	89.7	
95.9	89.7	
99.3	79.6	
98.9	99.6	
99.1	89.3	
95.7	89.7	
96.5	89.7	
87	89.7	
97.1	89.7	
98.3	79.6	
97.9	89.5	
87.6	89.7	
98.7	89.5	
98.3	89.7	
96.9	89.7	
98.5	89.7	
98.5	89.7	
98.9	89.7	
98.7	89.7	
99.1	89.7	
98.9	89.5	
97.1	99.6	
97.7	89.5	
99.1	89.7	
98.3	79.4	
99.3	89.7	
97.3	89.7	
97.3	89.5	
95.3	89.5	
96.3	89.7	
94.3	89.7	
98.9	89.7	
98.9	89.7	
96.9	89.7	
97.7	89.7	
97.5	89.7	
92.3	89.5	
93.1	89.5	
96.7	89.5	
94.5	89.7	
97.3	89.7	
79.1	89.7	
96.3	89.7	
99.3	89.7	
94.3	89.1	
99.1	89.7	
98.5	89.7	
99.1	89.7	
93.3	89.7	
97.5	89.5	
75.5	89.3	
96.7	89.7	
96.5	89.7	
99.1	89.7	
98.1	99.6	
96.7	89.7	
97.9	89.7	
98.9	89.7	
96.9	89.5	
98.3	89.5	
88.4	89.7	
94.9	89.7	
99.3	89.7	
98.3	89.7	
95.7	89.7	
91.7	89.7	
93.9	89.7	
97.7	89.7	
66.7	89.5	
98.9	89.5	
94.3	89.7	
96.9	89.7	
98.3	89.7	
97.1	89.5	
95.3	89.7	
98.7	89.5	
96.5	89.7	
99.1	89.5	
93.9	99.4	
97.1	89.7	
98.3	89.7	
98.5	89.7	
84.9	89.7	
97.9	89.7	
96.9	89.7	
99.3	89.7	
98.5	69.5	
89.9	89.7	
98.3	89.7	
99.1	69.5	
99.3	89.7	
97.9	79.6	
98.9	89.7	
98.5	89.7	
85.4	79.6	
99.1	99.6	
98.9	89.7	
98.5	89.7	
98.9	89.7	
96.9	89.7	
95.5	89.7	
96.9	89.7	
95.1	48.9	
95.3	79.6	
94.5	89.7	
95.3	89.5	
94.1	89.7	
95.1	89.7	
97.1	89.7	
97.9	69.5	
88.4	89.7	
99.1	79.4	
98.5	89.7	
99.1	89.7	
96.7	99.6	
90.1	89.7	
87.4	89.7	
97.9	89.7	
97.1	99.6	
97.9	89.5	
96.5	89.5	
95.1	89.3	
95.5	89.7	
99.1	89.7	
97.5	89.7	
99.3	89.7	
98.9	89.7	
98.3	89.5	
94.7	89.7	
99.3	89.7	
87.4	89.7	
95.9	89.7	
99.3	89.7	
99.3	89.7	
98.3	89.7	
98.1	89.5	
98.7	89.5	
98.7	89.7	
97.1	89.7	
96.5	79.6	
98.5	89.7	
97.7	89.7	
99.3	89.3	
98.5	89.7	
93.7	89.7	
97.7	89.7	
95.7	89.7	
98.9	89.7	
98.1	89.7	
95.7	89.7	
98.9	89.7	
97.7	89.7	
95.9	89.7	
92.5	89.5	
98.3	89.7	
97.5	89.5	
99.3	89.7	
98.5	79.4	
99.3	89.7	
96.5	79.6	
98.5	89.7	
99.3	89.7	
97.9	89.7	
97.7	89.7	
99.1	89.7	
97.1	89.7	
98.3	89.7	
95.7	89.7	
97.9	89.7	
97.9	99.4	
96.7	89.7	
98.3	79.6	
99.1	79.6	
98.1	89.5	
95.9	89.7	
97.1	89.7	
97.7	89.7	
98.5	89.7	
97.5	89.7	
85.8	89.7	
98.3	89.7	
97.7	89.7	
97.7	89.7	
99.1	89.7	
97.5	89.7	
98.9	89.7	
96.7	89.7	
97.5	89.7	
98.9	79.6	
95.9	89.7	
97.3	89.7	
98.9	89.7	
93.1	89.7	
90.1	89.7	
98.1	89.7	
95.5	89.7	
89.7	89.7	
98.5	89.5	
97.5	89.7	
98.7	89.7	
97.5	79.6	
96.3	79.6	
90.1	89.7	
98.7	89.5	
98.1	89.7	
98.7	89.7	
98.3	89.7	
78.1	89.7	
87.8	89.7	
98.3	89.7	
95.1	89.7	
95.5	89.7	
97.9	89.7	
97.3	89.7	
92.7	89.7	
98.5	89.7	
97.5	89.7	
95.5	89.7	
98.1	89.7	
99.1	89.7	
97.5	89.7	
98.9	89.5	
88	69.5	
97.3	89.7	
95.3	89.7	
93.5	89.7	
98.7	89.7	
94.3	89.5	
98.7	79.4	
98.9	89.7	
97.9	99.6	
97.3	89.7	
97.7	89.7	
96.7	89.7	
99.3	89.5	
96.7	79.4	
98.3	89.7	
98.5	89.7	
97.9	89.7	
96.7	89.7	
91.7	89.7	
93.9	89.7	
96.9	89.7	
92.1	79.4	
97.5	89.7	
98.9	89.7	
99.1	89.7	
97.5	89.7	
99.3	89.7	
99.1	89.7	
83.6	89.7	
97.5	89.7	
98.1	89.7	
97.9	89.5	
99.3	89.7	
96.7	89.7	
84.7	89.7	
93.7	89.7	
98.3	89.7	
97.7	89.7	
97.5	89.7	
97.3	69.5	
99.1	79.6	
92.7	89.7	
84	89.5	
96.3	89.7	
96.9	89.7	
89.3	89.7	
96.7	89.5	
98.1	89.7	
97.5	89.7	
95.9	89.7	
95.9	89.7	
92.7	89.7	
94.9	89.7	
93.1	89.7	
98.7	89.3	
88.6	89.7	
98.7	89.7	
97.3	89.7	
98.9	89.7	
96.1	89.7	
97.1	89.7	
98.9	89.7	
97.1	89.7	
94.9	89.7	
95.9	89.7	
98.9	99.6	
97.9	89.7	
92.3	89.7	
97.1	89.5	
97.7	89.7	
97.1	89.7	
92.5	89.7	
97.1	89.7	
96.5	99.6	
97.7	89.7	
86.4	79.4	
97.9	79.4	
96.1	89.7	
92.3	89.3	
98.5	89.7	
82.1	89.7	
95.5	89.3	
98.5	89.7	
99.1	89.7	
97.7	89.5	
89	89.7	
96.3	89.7	
97.7	89.7	
95.5	89.7	
97.7	89.7	
98.7	89.7	
94.9	79.6	
96.5	89.5	
94.3	89.7	
73.7	89.7	
95.9	89.7	
98.7	89.7	
99.3	99	
99.3	89.5	
95.7	89.7	
97.3	89.7	
94.5	79.4	
97.3	89.7	
98.5	89.7	
98.1	89.7	
96.3	89.5	
98.3	89.7	
98.3	89.7	
96.1	89.7	
99.1	89.7	
97.9	89.7	
98.9	89.7	
98.9	79.4	
98.5	89.7	
98.1	89.7	
98.5	89.7	
99.1	89.7	
99.1	89.7	
91.7	79.4	
98.9	89.7	
98.7	89.7	
96.7	99.6	
98.3	89.7	
99.3	89.7	
97.3	89.7	
85.6	89.5	
97.5	89.7	
97.5	89.7	
98.5	89.7	
98.1	89.7	
96.5	89.7	
98.9	89.5	
99.3	89.7	
86.6	89.5	
98.9	89.7	
98.3	99.6	
97.3	89.7	
87.2	89.3	
97.9	89.7	
88.4	89.7	
96.9	89.7	
98.7	89.7	
97.5	89.7	
98.9	89.5	
98.7	89.5	
98.1	89.7	
96.5	89.7	
96.1	79.4	
98.7	79.6	
96.3	89.7	
93.9	79.6	
97.1	89.5	
98.9	89.7	
77.5	99.6	
99.1	79.4	
95.9	89.5	
99.1	89.7	
94.9	89.7	
98.1	89.7	
98.7	89.5	
98.5	89.7	
92.7	89.7	
98.5	89.7	
98.1	89.7	
98.5	89.7	
93.7	89.7	
95.1	89.7	
97.5	89.7	
97.3	89.7	
98.7	89.7	
99.1	89.7	
99.1	89.7	
99.3	89.7	
98.5	89.5	
76.3	89.7	
93.1	89.7	
93.9	79.2	
98.9	89.7	
99.1	89.7	
98.9	89.7	
92.1	89.7	
97.5	89.7	
99.3	89.7	
99.3	69.5	
96.3	89.7	
96.9	89.7	
98.1	89.7	
96.7	89.7	
88.8	89.7	
96.7	89.5	
97.5	89.7	
98.9	89.3	
95.1	79.6	
98.9	89.7	
86.5	89.7	
96.3	99.4	
96.7	99.6	
98.5	89.7	
97.1	89.7	
97.3	89.7	
97.1	89.7	
98.1	89.7	
97.7	-30	
96.9	89.7	
94.1	89.7	
98.3	89.7	
98.7	89.7	
96.7	89.7	
98.9	89.7	
95.9	79.6	
99.1	89.7	
97.7	89.7	
98.3	89.7	
90.7	89.5	
87.6	79.6	
97.1	89.5	
98.3	89.5	
98.1	89.7	
98.5	89.7	
95.7	89.7	
88	89.7	
97.1	89.7	
97.3	79.6	
97.9	89.7	
95.7	99	
99.1	89.7	
96.7	89.7	
95.7	89.7	
98.3	89.1	
97.3	89.7	
97.7	89.7	
99.3	89.7	
97.9	89.7	
99.3	89.7	
98.7	89.7	
98.1	89.7	
99.3	89.7	
99.3	89.5	
97.7	89.7	
88.7	89.7	
96.5	89.7	
97.7	99.6	
97.5	89.7	
99.1	89.5	
98.9	79.4	
98.1	89.7	
97.7	89.5	
94.7	89.7	
98.9	89.7	
99.3	89.7	
99.1	89.7	
98.7	89.5	
96.7	89.7	
97.7	89.7	
98.1	89.5	
99.3	89.7	
99.1	89.7	
97.7	89.7	
98.5	89.7	
93.3	89.7	
98.3	89.5	
95.9	89.7	
97.5	89.7	
86.6	89.7	
98.5	89.3	
96.7	89.7	
98.7	69.5	
98.7	77.1	
97.3	89.7	
97.1	89.7	
98.1	89.5	
86.2	89.7	
99.1	69.5	
97.5	89.7	
95.5	89.7	
96.3	89.3	
96.7	89.7	
99.3	89.7	
95.7	89.7	
97.9	89.7	
96.3	89.5	
99.3	89.3	
98.3	89.7	
97.5	89.7	
98.7	89.3	
99.3	89.7	
95.9	79.2	
96.1	79.2	
98.1	89.7	
98.7	89.5	
97.5	89.7	
98.1	79.6	
98.3	99.6	
78.9	79.6	
92.3	89.7	
97.9	89.7	
87.2	89.7	
98.1	89.7	
98.1	89.7	
99.3	89.3	
74.7	99.6	
96.9	89.7	
97.7	89.7	
98.1	89.7	
96.7	89.7	
76.7	89.7	
96.1	89.7	
98.7	89.7	
98.7	89.7	
86.6	69.5	
96.7	89.7	
95.3	89.7	
94.1	89.7	
97.9	79.6	
95.3	89.3	
93.7	89.5	
94.9	89.7	
96.1	89.7	
98.3	89.7	
98.3	79.4	
98.1	89.7	
99.3	79.6	
98.9	99.6	
98.3	89.5	
95.1	89.7	
96.7	89.7	
98.7	89.7	
98.5	89.5	
96.7	89.7	
99.3	89.5	
98.1	79.6	
96.9	89.5	
86	89.5	
99.1	89.7	
97.1	89.7	
99.3	89.7	
97.9	79.6	
99.1	89.7	
98.3	89.5	
98.7	89.7	
96.9	89.5	
99.1	89.7	
97.3	89.7	
97.9	89.7	
98.7	89.7	
97.9	89.7	
97.3	89.5	
99.1	89.7	
95.1	89.7	
99.3	89.7	
98.5	99.6	
98.7	89.7	
97.1	89.7	
99.1	89.7	
97.1	79.6	
96.3	89.7	
99.1	89.7	
99.1	89.7	
89.1	89.7	
99.1	89.7	
99.3	89.5	
97.7	79.6	
99.1	89.7	
98.3	89.7	
98.7	89.7	
97.9	89.7	
95.3	89.7	
99.3	79.6	
99.1	89.7	
96.3	89.7	
98.3	89.7	
97.9	89.7	
97.9	89.5	
95.5	89.7	
98.9	89.7	
92.1	89.5	
99.3	99.6	
95.9	89.7	
97.5	89.7	
98.5	89.7	
98.5	89.7	
99.1	89.7	
87.2	89.7	
98.1	89.7	
97.9	89.7	
94.3	99.2	
97.9	89.5	
99.1	99.6	
98.5	89.7	
98.9	89.7	
95.5	89.7	
96.9	89.7	
98.9	89.7	
98.3	89.7	
97.9	79.6	
94.9	89.7	
98.5	89.7	
95.3	99.6	
96.3	89.7	
97.1	89.5	
97.3	89.7	
97.9	89.5	
95.5	89.7	
97.5	89.7	
98.9	89.7	
97.9	89.7	
96.9	89.7	
96.1	89.7	
88.6	99.6	
98.7	89.5	
97.7	89.7	
91.7	89.7	
98.3	89.7	
98.5	89.7	
95.9	89.5	
98.1	89.7	
95.9	89.7	
96.3	89.7	
95.5	89.7	
99.3	89.7	
98.1	89.7	
98.7	89.7	
97.7	89.7	
96.9	89.7	
97.3	89.7	
99.1	89.7	
96.3	89.7	
97.7	89.7	
99.3	79.6	
88.9	89.7	
97.7	89.7	
99.1	89.7	
97.9	89.7	
88.8	89.7	
97.7	89.7	
99.1	89.7	
98.3	89.7	
97.5	89.7	
80.6	89.7	
95.9	89.7	
98.9	89.7	
95.9	89.7	
98.5	89.7	
97.9	89.7	
98.9	89.7	
98.3	89.7	
87.2	89.7	
98.5	79.6	
97.9	79.4	
99.1	89.7	
98.5	89.5	
98.5	89.7	
95.9	89.7	
98.9	89.7	
96.3	89.5	
97.5	89.7	
95.5	89.7	
97.9	89.7	
98.9	89.7	
99.3	89.7	
99.3	89.5	
95.5	89.7	
93.7	89.7	
94.7	89.7	
98.9	89.7	
98.5	89.7	
89	89.7	
98.5	89.5	
99.1	89.7	
98.9	89.7	
86.3	89.7	
90.3	89.7	
95.3	89.7	
99.1	69.5	
99.3	79.6	
98.9	89.3	
96.1	89.5	
98.5	89.5	
99.3	89.5	
91.5	89.7	
99.1	89.7	
98.1	89.7	
98.3	89.7	
96.5	89.7	
97.7	89.7	
98.1	89.7	
98.5	89.5	
94.3	89.7	
97.1	89.7	
98.3	89.5	
98.9	89.7	
97.1	79.6	
93.1	89.7	
98.3	89.7	
98.1	89.7	
98.1	89.7	
98.9	79.6	
83.4	89.7	
98.5	89.3	
96.1	79.6	
93.1	89.7	
97.9	89.5	
97.5	79.6	
96.7	89.5	
99.1	89.7	
99.3	89.5	
95.3	89.7	
99.1	89.5	
98.9	89.7	
93.9	89.7	
99.1	79.6	
97.5	99.2	
98.1	89.7	
94.7	89.7	
97.5	89.7	
98.7	89.7	
91.7	89.7	
99.3	89.7	
98.1	99.6	
98.5	89.7	
89.2	89.7	
78.3	89.5	
96.9	69.3	
95.9	79.4	
97.7	89.7	
97.3	99.6	
96.9	89.7	
96.9	89.7	
97.7	89.7	
99.1	89.7	
96.5	89.7	
98.3	89.7	
96.5	79.6	
98.1	99.4	
96.3	89.7	
98.3	89.7	
99.3	89.7	
98.7	89.7	
94.7	89.7	
98.7	89.7	
96.1	89.7	
89	89.7	
98.9	89.5	
93.7	89.7	
98.3	89.5	
98.3	89.7	
97.5	79.6	
97.3	89.7	
99.1	89.5	
98.7	59.2	
97.5	89.7	
96.9	89.5	
98.7	79.6	
97.1	89.7	
97.5	89.5	
98.7	89.7	
96.7	89.7	
98.5	89.7	
98.7	89.7	
99.1	89.7	
99.3	69.5	
95.9	89.7	
86.4	89.7	
95.9	79.6	
97.1	89.7	
96.1	89.7	
99.3	89.7	
97.9	89.7	
96.3	89.5	
96.5	89.7	
94.9	89.7	
98.1	89.7	
95.1	89.7	
95.9	62.8	
95.7	85.7	
93.9	79.6	
96.9	89.7	
