88.8	99.6	
99.1	99	
99.1	99.6	
99.1	99.6	
99.1	98.8	
99.3	99.6	
99.3	99.4	
98.9	99.6	
99.3	99.6	
98.7	99.6	
99.3	99.6	
99.1	99.4	
99.3	99.6	
99.3	99.6	
99.1	99.4	
99.1	99.4	
99.3	89.3	
99.1	99.4	
99.1	99.6	
98.5	99.4	
99.1	99.2	
99.1	99.4	
98.3	99.4	
98.9	89.3	
99.3	99.6	
99.3	99.4	
99.3	99.6	
99.3	99.6	
98.5	99.6	
98.9	99.6	
99.3	99.6	
99.3	99.6	
99.3	99.6	
98.7	99.4	
99.1	99.4	
99.1	99.2	
99.3	99	
99.3	99.6	
98.9	99.2	
98.9	99.6	
98.9	99.6	
99.3	99.4	
99.3	99.6	
98.3	99.6	
99.1	99.4	
97.7	99.6	
99.3	99.6	
99.1	89.3	
98.9	99.4	
99.1	99.2	
99.1	99.4	
99.1	99.6	
99.3	98.6	
99.3	99.6	
99.3	99.6	
99.1	99.6	
99.3	99.6	
99.1	99.2	
99.3	99.6	
99.3	89.5	
99.3	99.6	
99.1	99.6	
88.8	99.6	
99.3	99.6	
98.5	99.6	
99.3	99.4	
99.1	99.6	
98.7	99.6	
98.3	99.6	
98.9	99.6	
98.7	99.6	
99.1	99.2	
99.3	99.6	
99.3	99.6	
98.7	99.2	
99.1	89.7	
98.5	99.6	
99.1	99.6	
98.9	99.2	
99.3	99.6	
99.1	99.6	
98.9	99.4	
99.1	99.6	
98.9	99.6	
87.6	98.8	
98.3	99.6	
99.3	99.6	
98.3	99.4	
99.3	99.6	
99.1	99.4	
98.9	99.6	
98.3	99.6	
99.1	99.6	
99.3	99.2	
99.3	99.4	
98.5	99.4	
99.3	99.6	
99.1	89.5	
98.9	99.6	
99.3	99	
98.9	99.2	
99.3	99.6	
98.7	99	
99.3	88.7	
99.1	99	
98.9	99.6	
98.9	99.6	
99.1	99.6	
99.1	99.4	
98.9	89.3	
99.1	99.6	
98.3	99.6	
99.1	88.9	
99.1	99.4	
98.9	99.2	
99.1	99.6	
99.3	99.4	
99.3	99.6	
99.1	99.6	
98.7	99.4	
99.3	99.2	
98.9	99.4	
99.3	99.2	
99.3	99.4	
99.3	89.5	
99.1	99.6	
99.1	99.4	
99.1	99.6	
98.7	99.2	
98.7	89.5	
98.7	99.6	
98.9	99.2	
99.1	89.5	
98.7	99.4	
99.3	99.2	
99.3	99.2	
99.3	99.6	
99.1	99.4	
98.5	99.6	
99.3	99.4	
98.3	96.2	
99.3	99.4	
98.7	88.9	
99.1	99.6	
99.1	99	
99.1	99.6	
98.1	99.4	
99.3	99.6	
99.3	99.6	
99.1	99.4	
99.1	99.4	
99.3	99.6	
98.9	98.2	
99.1	99.2	
98.7	99.4	
99.1	99.4	
99.3	99.4	
98.9	99.6	
99.1	99.6	
99.3	99.6	
99.1	99.4	
98.5	99.6	
99.3	99.4	
98.9	99.6	
98.9	99.2	
99.1	99.6	
99.1	99.2	
98.9	99.2	
99.3	89.5	
98.9	99.6	
99.3	99.4	
99.3	99.4	
99.1	99.4	
99.3	99.6	
99.3	99.4	
99.1	99.2	
98.7	99.4	
99.3	99.6	
98.9	99.4	
99.1	99.4	
99.1	89.5	
99.3	99.6	
99.3	99.4	
99.1	99.6	
98.5	99.6	
99.3	89.3	
99.1	99.6	
98.7	99.6	
99.3	99.4	
98.5	79.2	
99.3	99.6	
98.9	99.2	
99.3	99.4	
99.3	99.4	
98.9	99.6	
98.1	99.6	
99.1	99.6	
99.3	89.3	
98.9	99.2	
98.9	99.4	
98.9	99.4	
88.4	99.4	
98.9	99	
98.9	99.6	
98.9	99.6	
99.3	89.5	
99.3	89.3	
99.3	99.4	
99.3	99.4	
99.3	99.6	
98.9	98.8	
99.1	99.6	
99.3	99.6	
98.9	99.4	
99.1	99.4	
98.9	99.4	
99.1	99.4	
98.9	99.6	
99.1	99.6	
99.1	99.6	
98.9	99.4	
99.3	99.6	
98.9	99.4	
99.3	99.4	
88.8	99.4	
99.1	99.4	
99.3	99.6	
99.1	99.6	
98.9	99.4	
99.1	99.4	
99.3	99.4	
98.9	99.4	
98.9	99.6	
88.6	99.4	
98.9	99.6	
99.1	99.6	
98.5	98.6	
99.3	99.4	
99.3	99.6	
98.7	99.6	
98.9	99.2	
99.3	99.6	
99.3	99.4	
98.9	99.6	
99.3	99.6	
98.7	99.4	
99.3	99.6	
98.9	99.6	
99.1	88.9	
99.1	99.4	
99.1	99.6	
99.3	99.4	
98.7	99.6	
98.7	99.6	
99.3	99.6	
98.9	99.4	
99.3	99	
98.5	99.6	
99.3	89.5	
99.1	99.6	
99.3	99.4	
98.9	99.4	
99.1	99.6	
98.5	99.4	
98.9	99.6	
99.1	88.9	
98.5	99.6	
98.7	99.4	
99.3	99.6	
98.9	99.4	
99.1	99.6	
98.9	99.4	
99.3	99.6	
98.9	99.2	
98.9	99.6	
98.9	99.6	
98.9	99.6	
98.9	99	
98.7	99.6	
98.3	99.6	
99.1	99.6	
98.9	99.6	
99.1	99.6	
99.1	99.6	
99.3	99.6	
99.3	99.6	
99.3	99.6	
98.3	99.4	
99.3	99.6	
98.5	99.4	
98.9	89.1	
98.7	89.5	
99.3	99.2	
98.5	89.3	
99.3	98.8	
99.3	99.6	
99.1	99.4	
99.3	99.2	
98.9	99.6	
98.7	99.6	
98.9	99	
98.1	99.4	
99.3	99.6	
99.1	78.8	
99.1	99.2	
99.3	99.6	
98.9	99.4	
99.1	89.3	
99.3	97	
97.9	99.6	
99.3	99.6	
98.5	99.4	
99.3	99.2	
99.3	89.3	
98.9	99.6	
98.9	99.6	
99.3	99.4	
99.3	99.4	
99.1	99.6	
98.7	89.3	
99.3	99.6	
98.5	99.6	
99.1	99.4	
98.3	99.2	
98.9	99.6	
99.3	99.4	
98.5	99.6	
98.9	89.5	
99.3	99.4	
99.1	99.4	
98.7	78.8	
99.3	99.4	
98.7	99.6	
99.1	99.2	
99.3	99.6	
98.7	99.6	
99.3	99.4	
98.7	99.6	
97.5	99.4	
99.3	99.4	
99.1	99.2	
98.9	99.4	
98.5	99.6	
98.3	99.4	
99.3	99.2	
99.1	99.4	
98.7	99.6	
99.3	99.6	
99.1	99.6	
98.9	99.4	
99.3	99.6	
99.3	99.6	
98.5	99.4	
99.1	99.4	
98.9	99.6	
98.5	89.1	
99.1	99.2	
99.1	99.4	
99.1	99	
99.3	99.6	
99.3	99.6	
98.5	99.6	
98.9	99.6	
99.3	99.6	
99.3	99.6	
98.7	99.4	
99.3	99.6	
99.3	99	
99.1	99.2	
99.1	99.6	
99.1	89.7	
98.5	89.3	
99.3	99.4	
98.9	99.6	
99.1	99.6	
88.2	99.2	
98.5	89.7	
99.3	99.6	
99.3	99.6	
99.1	99.2	
99.1	99.2	
99.1	93.2	
99.3	99.2	
99.1	99.2	
99.3	99.4	
99.1	99.4	
99.3	99.6	
99.1	89.3	
98.9	99.6	
98.7	99.4	
99.3	99.6	
89	99.4	
99.1	99.6	
99.3	99.6	
99.1	99.6	
98.9	99.4	
98.7	99.6	
98.9	89.1	
99.3	99.6	
99.3	99.6	
99.1	99.2	
98.5	99.6	
98.9	99.6	
99.1	99.6	
98.5	99.2	
99.1	99.6	
99.3	99.4	
99.1	99.2	
99.1	99.6	
99.3	99.6	
99.3	99.6	
99.3	89.3	
98.9	89.3	
99.1	99.6	
98.5	99.4	
99.3	99.6	
98.5	99.6	
99.3	99.6	
99.3	89.1	
99.1	99.6	
98.7	99.6	
98.7	99.6	
99.1	99.4	
98.9	99.2	
99.3	99.6	
98.5	98.6	
99.1	99	
99.3	99.6	
99.3	99.6	
99.1	99.6	
99.1	99.6	
99.3	99.2	
99.3	99.6	
99.3	99.6	
99.1	99.4	
99.3	99.4	
98.9	99.6	
99.1	99.4	
99.1	99.6	
98.7	99.2	
98.7	99.6	
98.9	99.4	
99.1	99.6	
99.1	99.6	
98.9	99.2	
98.3	99.4	
99.1	99.4	
98.9	99.2	
98.5	99.4	
99.1	99.4	
99.1	87.3	
99.1	99.6	
99.1	99.6	
98.7	99.4	
99.3	99.4	
98.5	99.6	
99.3	99.4	
99.3	99.6	
99.1	99.6	
99.3	99.6	
99.3	99.2	
98.7	99.6	
99.1	99.4	
98.9	99.6	
98.9	89.5	
88.4	94.8	
99.1	99.4	
98.9	99.4	
99.1	99.4	
88.6	99.2	
99.1	99.6	
99.1	89.3	
98.5	99.6	
99.3	99.6	
99.1	99.6	
99.3	99.4	
88.8	99.6	
98.7	99.4	
99.1	99.6	
99.1	99.6	
98.9	99.6	
99.1	99.4	
99.1	99.4	
99.3	99.6	
98.9	99.6	
99.1	99.6	
98.9	99.4	
99.1	99.6	
99.3	89.3	
99.1	99.6	
99.1	89.3	
98.9	99.4	
98.5	89.5	
99.1	99.6	
99.1	99.6	
99.1	99.6	
99.1	99.6	
99.1	78.8	
98.9	99.6	
99.3	89.3	
98.9	99.4	
99.3	89.5	
99.1	99.6	
99.1	99.4	
99.3	99.4	
98.9	89.3	
99.3	99.6	
99.3	99.6	
99.1	99.6	
98.9	99.6	
99.3	99.6	
99.1	99.6	
99.1	99.4	
99.3	99.2	
98.9	99.6	
99.1	99.2	
98.5	99.4	
98.9	89.5	
99.1	99.4	
98.9	99.6	
99.3	79.4	
99.1	99.4	
99.3	99.6	
98.9	99.6	
99.1	99.2	
98.9	99.4	
99.3	99.4	
89	99.6	
99.1	99.6	
99.1	99.2	
98.9	99.6	
99.3	99.2	
99.3	99.4	
99.3	99.2	
98.9	99.6	
99.1	89.5	
98.9	99.6	
98.9	99	
99.3	99.2	
98.3	99.6	
99.1	99.6	
98.9	99.6	
99.3	99.6	
99.3	99.6	
98.9	99.6	
99.3	99.4	
99.1	99.4	
98.5	99.4	
99.3	99.6	
99.3	99.6	
98.7	88.3	
99.3	99.4	
98.7	99.6	
99.3	99.6	
99.1	99.6	
98.5	99.6	
99.1	99.6	
98.9	99.6	
99.1	99.6	
98.5	99.6	
99.1	99.4	
98.9	99.2	
99.3	99.6	
99.3	99.6	
99.3	99.6	
99.3	99.6	
99.3	99.6	
98.7	99.6	
99.1	99.6	
99.3	99.4	
99.3	79	
99.1	99.6	
98.7	99.4	
98.9	99	
98.7	99.4	
99.1	99.6	
98.9	99.4	
88.6	99.6	
98.9	99.6	
98.7	99.6	
99.3	99.6	
98.7	99.4	
98.9	99.6	
98.9	89.5	
99.3	99.4	
98.9	99.6	
99.1	99.6	
99.3	99.4	
99.3	99.2	
99.3	99.4	
99.1	99.4	
99.1	99.4	
99.1	99.4	
98.9	99.6	
99.3	99.2	
99.3	98.8	
98.1	99.6	
99.3	99.6	
99.1	99.6	
99.3	99.6	
98.9	99.6	
98.5	99.4	
99.3	99	
98.9	99.4	
99.3	99.6	
98.9	99.4	
98.9	99.6	
99.1	99.2	
99.1	99.4	
99.1	89.3	
99.3	88.9	
99.3	89.5	
99.1	99.2	
99.3	99.6	
99.3	99.6	
99.3	88.9	
99.3	99.6	
99.1	99.4	
98.9	99	
99.3	99.6	
98.7	99.6	
99.1	99.6	
99.3	99.6	
98.7	99.4	
99.3	99.6	
99.3	99.4	
98.9	99.6	
99.3	99.4	
99.3	99.4	
99.1	99.4	
98.9	99.6	
99.3	99.6	
99.1	99.6	
98.5	99.6	
99.3	89.5	
98.1	99.6	
98.9	99.6	
98.7	99.6	
98.9	99.6	
99.1	99.4	
98.5	99.2	
99.3	99.6	
99.1	99.4	
99.1	99.6	
98.9	99.6	
99.1	99.4	
99.1	99.6	
99.3	89.3	
99.3	89.3	
88.8	99.4	
98.9	99.6	
98.9	79.2	
99.3	99.6	
98.7	89.5	
99.1	99.6	
99.3	99.4	
99.3	98.6	
99.3	99.6	
99.1	99.4	
99.1	98.6	
98.3	99.6	
98.9	99.6	
99.3	99.4	
99.3	99.6	
99.3	99.4	
99.3	89.5	
99.3	99.6	
98.9	99.4	
99.1	99.6	
99.3	99.6	
99.1	89.1	
98.7	89.3	
99.3	99.2	
99.1	99.6	
99.1	99.4	
99.3	99.4	
99.1	99.6	
98.9	89.3	
98.9	99.6	
98.3	99.6	
99.3	99.6	
98.7	99.6	
98.7	99.4	
98.9	89.3	
98.9	99.2	
99.3	89.3	
99.1	99.6	
99.3	99.6	
99.1	89.1	
99.1	89.5	
99.1	99.2	
89	99.6	
99.3	99.6	
99.3	99.6	
98.5	99.4	
99.3	99	
98.7	99.6	
99.1	99.4	
98.9	99.4	
99.3	99.6	
88.6	98.8	
99.3	99.2	
99.3	99	
99.1	99.6	
99.1	99.2	
98.9	99.4	
99.1	99.2	
99.3	99	
99.1	99.6	
98.5	99.6	
99.1	99.4	
99.1	98.6	
98.3	99.6	
99.3	99.4	
98.7	99.6	
98.7	99.6	
99.3	99.4	
98.9	99.6	
99.3	99.6	
99.3	99.6	
98.3	99.4	
99.1	99.6	
98.9	99.6	
99.1	99.4	
98.5	99.2	
99.3	99.6	
99.1	99.4	
98.9	99.2	
99.1	99.6	
98.7	99.6	
98.9	98.8	
99.3	99.6	
98.7	99.4	
98.9	99.6	
98.9	89.3	
98.9	89.3	
99.1	99.2	
99.1	99.6	
99.3	99.6	
98.3	99.6	
99.3	99.6	
99.3	89.3	
99.3	99.4	
98.9	99.2	
99.1	99.6	
99.1	89.1	
98.9	99.4	
98.9	98.8	
99.1	99.6	
98.9	99.6	
98.9	99.6	
99.3	98.8	
99.1	99.6	
98.9	89.1	
99.1	99	
98.9	99.6	
98.5	99.6	
99.1	89.5	
98.7	99.6	
99.3	99.4	
87.8	89.3	
99.1	99.4	
99.1	99.6	
98.5	99.6	
99.3	99.6	
99.1	99.6	
99.3	99.6	
99.1	98.8	
99.1	99.6	
99.1	79.2	
99.1	99.2	
99.3	99.2	
98.9	99.4	
99.1	99.6	
98.5	99.6	
98.9	99.6	
78.5	99.6	
99.3	99.4	
98.7	99.4	
99.3	99.4	
99.1	99.6	
98.9	99.4	
98.7	99.6	
99.1	99.4	
99.3	99.4	
99.3	99.6	
99.3	99.4	
99.1	89.1	
99.3	99.6	
99.1	99.6	
99.1	98.8	
99.1	98.8	
99.3	99.6	
98.7	89.3	
99.3	99.6	
98.7	99.6	
99.3	99.6	
99.1	99.6	
98.9	99.6	
99.3	99.6	
99.3	99.6	
99.1	89.5	
99.3	99.4	
99.1	99	
98.9	99.6	
98.7	99.6	
99.3	99.6	
98.7	99.6	
99.1	89.5	
98.9	99.4	
99.1	99.6	
99.3	99.6	
99.1	99.6	
98.9	99.6	
98.7	99.4	
99.1	99.4	
98.7	89.6	
99.1	99.6	
98.7	99.2	
99.1	99.6	
98.9	99.2	
99.1	99.6	
98.9	99.6	
99.3	99.6	
99.3	99	
99.1	99.6	
99.3	89.3	
98.9	99.6	
99.3	99.4	
98.9	99.6	
99.1	99.6	
99.1	99.2	
99.3	99.6	
99.3	99.2	
99.3	99.4	
98.5	99.2	
99.1	99.4	
98.3	99.6	
99.3	99.4	
99.1	89.5	
99.3	82.3	
99.3	99.6	
98.9	98.4	
99.1	99.4	
99.3	99.4	
99.1	99.6	
98.9	99.4	
99.3	99.4	
99.3	99.6	
68.6	99.6	
98.9	99.6	
98.9	89.7	
99.1	99.6	
99.3	99.2	
98.7	99.4	
87.8	99.4	
98.9	99.4	
98.9	99.6	
99.1	99.6	
99.3	99.2	
98.9	99.6	
98.5	99.4	
99.3	99.6	
99.1	99.4	
98.9	99.4	
99.3	99.2	
99.1	99.6	
89	99.6	
98.5	98.8	
99.1	99.6	
99.3	99.4	
99.3	99.2	
99.1	99.6	
99.3	89.3	
88.6	99	
99.3	99	
98.7	99.6	
98.9	99.4	
99.3	99.4	
99.3	99.6	
98.9	99.6	
98.9	99.4	
99.3	99.6	
99.1	99.6	
99.3	99.4	
99.3	99.6	
99.1	99.4	
99.3	99.4	
99.3	99.6	
99.3	99.6	
98.7	99.4	
99.3	99.6	
98.3	99.2	
99.3	88.9	
99.1	99.6	
99.3	99.6	
99.1	99.6	
99.1	96.8	
99.1	99.4	
99.3	99.4	
99.1	99.6	
99.1	99.6	
99.3	99.6	
98.5	99.6	
99.1	69.3	
98.9	99.6	
99.3	99.2	
99.3	99.6	
99.1	99.6	
99.3	99.4	
98.5	99.4	
99.3	99	
98.9	99.6	
98.9	99.6	
99.3	99.6	
99.3	99.6	
99.3	99.2	
98.9	99.6	
99.3	99.6	
99.1	99.6	
99.3	99	
99.1	99.6	
99.1	98.8	
98.9	99.4	
98.7	99.6	
98.9	99.2	
99.1	99.6	
99.1	99.6	
99.3	99.2	
98.7	99.6	
98.9	89.3	
98.9	89.1	
99.3	99.4	
99.3	99.4	
99.1	99.6	
98.9	99.6	
99.1	89.1	
98.9	99.6	
98.9	99.4	
98.9	89.3	
99.3	99.4	
99.3	99.2	
98.9	89.1	
98.7	99.6	
98.9	99.6	
99.3	99.6	
99.3	99.6	
99.1	98.6	
99.1	89.3	
99.3	99.6	
99.3	99.6	
98.7	99.6	
99.3	99.4	
99.3	99.4	
99.1	99.4	
99.3	99.4	
99.1	99.4	
99.3	99.4	
98.9	99.4	
99.3	89.1	
98.7	99.2	
99.3	99.6	
89.2	99.6	
98.5	99.6	
99.1	99.6	
99.1	99.4	
99.3	99.6	
99.1	99.6	
99.1	99.6	
99.1	99.6	
98.9	99.6	
99.3	99.4	
99.3	99.4	
99.3	99.6	
99.1	99.4	
98.3	99.4	
98.9	99.6	
97.7	99.4	
98.9	99.6	
99.1	99.4	
99.3	99.6	
98.9	99.6	
99.1	99.6	
99.1	99.2	
98.5	99.6	
99.3	99.6	
98.1	99.4	
99.3	99.6	
98.9	99.6	
98.5	99.6	
98.9	99.4	
99.3	99.6	
99.1	99.4	
98.9	99.2	
98.5	99.6	
99.3	89.3	
98.7	99.6	
98.5	89.5	
99.1	99.6	
99.1	99.6	
