99.3	89.7	
98.7	89.7	
98.9	89.5	
99.3	89.7	
99.1	89.7	
99.1	89.7	
98.9	89.5	
99.3	89.7	
99.1	89.7	
89	89.5	
99.3	89.7	
99.3	89.7	
97.7	99.6	
98.3	89.3	
98.9	89.3	
98.1	89.7	
98.9	89.5	
99.3	89.7	
98.7	89.7	
98.9	89.7	
99.3	89.7	
99.1	89.7	
99.3	89.7	
89	89.5	
99.1	89.7	
99.1	89.7	
99.1	89.3	
99.1	89.7	
99.3	89.7	
99.3	89.7	
98.9	89.5	
88.8	89.5	
98.9	89.7	
99.3	99.2	
99.3	89.7	
98.9	89.5	
99.1	79.6	
99.1	89.7	
99.1	89.7	
99.3	89.7	
99.3	89.7	
99.1	89.7	
99.1	89.7	
99.3	89.3	
99.3	89.5	
99.1	89.7	
88.8	89.7	
99.1	89.7	
98.9	89.7	
98.1	89.7	
99.1	89.5	
99.3	69.3	
99.1	89.5	
99.3	89.7	
99.1	89.7	
98.3	89.7	
99.1	89.5	
99.1	89.7	
99.1	89.5	
78.9	89.5	
99.1	89.7	
99.3	89.7	
99.1	89.7	
99.3	89.7	
99.3	89.7	
99.1	69.5	
98.7	89.7	
99.1	89.7	
99.3	88.9	
99.3	89.7	
99.3	89.7	
99.3	89.7	
99.3	89.7	
99.1	89.7	
99.1	89.7	
99.1	79.4	
79.1	99.6	
99.3	89.5	
99.3	79.4	
99.3	89.7	
99.1	79.4	
99.1	89.7	
99.3	89.5	
99.3	89.7	
99.3	89.7	
99.1	89.7	
99.3	89.7	
98.9	79.6	
99.1	89.7	
98.3	89.7	
99.1	79.6	
88.6	89.7	
98.9	89.7	
98.5	89.3	
99.3	89.5	
99.3	89.7	
98.9	89.7	
99.1	89.5	
99.1	89.7	
89	89.7	
89	79.2	
99.1	89.7	
99.1	79.4	
99.1	89.7	
99.3	89.3	
98.9	89.5	
99.1	79.4	
98.9	99.4	
99.3	89.5	
78.9	89.7	
99.1	89.7	
99.3	89.7	
99.1	89.7	
99.3	89.7	
99.3	89.7	
99.3	89.7	
99.3	89.7	
99.3	89.7	
99.3	89.7	
98.7	89.7	
98.7	89.7	
99.1	79.6	
99.3	79.2	
98.7	89.7	
99.1	89.7	
99.1	89.5	
99.3	89.7	
98.7	89.7	
99.3	89.7	
99.3	79.6	
98.9	89.7	
99.1	89.7	
99.3	89.5	
99.3	89.7	
98.9	89.7	
99.3	89.5	
99.3	89.7	
79.1	89.7	
99.3	89.5	
99.3	89.7	
98.7	89.7	
99.3	79.6	
98.9	89.3	
99.3	79.6	
99.3	99.6	
99.1	89.7	
98.7	89.7	
99.3	89.7	
99.1	89.7	
98.9	89.5	
99.1	89.7	
99.1	89.7	
88.8	89.5	
99.3	89.5	
98.9	79.6	
99.3	89.5	
99.1	89.7	
99.3	89.7	
98.9	89.7	
99.1	79.2	
98.9	89.7	
99.1	89.7	
99.3	89.7	
99.3	89.7	
99.1	89.7	
99.3	89.5	
79.1	89.7	
99.3	89.7	
98.9	79.4	
88.6	89.5	
99.1	89.7	
98.9	89.7	
99.3	89.7	
99.1	89.7	
99.1	89.5	
99.1	89.3	
98.9	89.7	
99.3	89.7	
99.3	89.7	
99.1	89.5	
99.3	89.5	
88.8	89.7	
98.9	99.4	
98.5	89.7	
99.3	89.7	
99.3	89.7	
99.3	89.3	
98.7	89.7	
98.9	89.7	
99.1	79.4	
99.3	89.7	
99.1	89.7	
98.7	79.4	
98.9	89.7	
99.1	89.7	
98.9	89.5	
99.3	79.6	
99.1	89.7	
98.7	89.7	
99.3	79.6	
99.1	99.4	
77.3	79.6	
99.1	89.7	
99.1	89.5	
89.2	89.7	
88.8	89.1	
88.8	89.7	
89	99.6	
99.3	89.7	
99.1	89.7	
98.9	79.4	
98.5	89.7	
99.1	89.7	
99.1	89.7	
99.3	89.7	
99.3	89.7	
99.1	89.7	
99.1	89.7	
99.3	69.3	
99.1	69.3	
99.1	89.7	
99.3	89.7	
99.3	89.7	
99.1	89.3	
99.3	89.7	
99.3	89.7	
99.3	89.7	
99.3	89.7	
99.3	79.6	
99.3	89.1	
99.3	79.4	
99.3	89.7	
98.9	89.7	
89	89.5	
99.1	89.5	
99.1	89.7	
99.3	89.7	
99.3	89.7	
99.3	89.7	
99.1	89.7	
89.2	89.7	
99.3	89.5	
99.3	89.7	
99.3	89.7	
99.1	89.7	
98.9	89.7	
99.3	89.7	
98.9	89.5	
99.1	89.7	
99.3	89.5	
98.9	89.5	
89	89.7	
98.9	89.7	
99.1	89.7	
99.1	89.7	
88.8	89.5	
99.1	89.5	
98.7	89.7	
98.7	89.7	
99.3	89.7	
99.1	89.7	
99.1	89.7	
99.1	89.7	
98.9	89.5	
99.3	89.7	
99.3	89.5	
99.1	89.7	
99.3	89.7	
99.3	79.4	
98.9	89.7	
99.3	89.7	
99.1	79.6	
99.3	79.4	
99.1	89.7	
98.7	89.7	
98.9	79.2	
99.1	89.3	
99.3	89.7	
98.9	89.7	
99.3	89.7	
99.3	89.3	
99.3	89.7	
99.3	89.7	
99.3	69.5	
98.9	79.4	
99.1	89.7	
98.5	89.7	
99.3	89.7	
99.1	89.5	
98.9	89.7	
99.1	69.1	
98.3	89.7	
99.1	79.6	
99.3	79.6	
98.9	89.5	
99.3	89.7	
99.3	89.7	
99.1	89.7	
99.3	89.7	
99.1	79.6	
98.9	89.7	
99.3	89.5	
99.3	69.3	
98.5	89.7	
99.1	89.7	
99.3	89.7	
99.3	89.7	
99.3	89.7	
99.3	79.4	
99.3	89.7	
99.3	89.3	
98.9	89.7	
88.8	89.7	
99.3	99.6	
99.1	89.7	
99.3	89.5	
99.1	89.5	
98.5	89.7	
98.9	89.5	
99.3	89.7	
98.9	89.7	
99.3	59.2	
99.3	79	
99.3	89.7	
99.3	89.7	
99.3	89.5	
99.3	89.7	
99.1	89.7	
99.1	89.7	
99.1	89.7	
99.3	89.7	
99.1	89.5	
99.3	89.7	
99.3	79.4	
99.1	89.7	
98.9	89.3	
98.9	79.6	
99.3	79.2	
99.1	89.7	
98.9	89.7	
99.1	89.3	
98.9	89.1	
99.3	99.6	
89	79.6	
99.3	89.7	
79.1	79.4	
99.3	89.5	
99.3	89.7	
98.9	89.3	
98.9	79.4	
99.3	99.6	
99.3	79.6	
99.1	79.4	
99.1	79.6	
99.3	89.7	
98.7	69.5	
99.3	89.7	
99.3	89.7	
88.4	89.7	
98.7	79.4	
99.3	89.5	
99.3	79.6	
99.3	89.7	
98.9	89.5	
98.9	89.7	
98.7	89.7	
99.3	89.7	
98.7	89.7	
99.3	89.7	
99.3	69.5	
99.3	89.7	
99.3	89.7	
99.1	69.5	
99.3	89.5	
98.5	89.7	
99.3	89.1	
99.3	89.7	
99.3	89.1	
98.7	79.6	
99.3	89.5	
99.1	77.4	
99.3	89.7	
99.3	79.2	
99.3	89.5	
99.3	89.7	
99.3	89.7	
99.3	89.7	
89.2	89.7	
98.9	79.6	
98.3	79.6	
88.6	89.7	
98.7	79.6	
99.3	99.6	
99.3	89.7	
99.1	89.7	
99.1	89.7	
99.3	89.7	
99.1	89.7	
99.3	89.7	
98.9	89.5	
98.9	89.7	
99.1	89.7	
98.9	89.7	
99.1	89.7	
99.1	89.7	
99.3	89.5	
99.3	89.7	
99.1	89.7	
99.3	79.6	
99.1	89.7	
99.1	88.9	
99.3	89.5	
88.8	79.6	
98.9	89.7	
89.2	89.5	
98.5	89.7	
99.1	79.6	
99.1	89.7	
99.1	89.7	
98.9	89.7	
98.7	89.7	
99.1	89.7	
99.3	89.7	
99.3	89.7	
99.1	89.7	
89	89.5	
99.1	79.6	
99.1	89.5	
99.1	89.7	
99.3	89.7	
98.5	68.9	
99.3	89.7	
89	89.7	
98.9	79.6	
99.3	79.6	
99.1	89.7	
99.1	99.2	
89	89.7	
99.3	89.5	
99.1	89.3	
99.3	89.7	
98.9	89.7	
99.3	89.7	
98.5	89.5	
99.3	89.7	
99.1	99.4	
99.3	89.7	
99.1	89.7	
99.3	89.5	
99.3	89.7	
99.3	89.3	
98.3	89.7	
99.3	89.5	
99.3	89.7	
99.3	89.5	
99.1	89.7	
98.9	89.7	
99.1	89.7	
89	89.7	
98.9	79.6	
99.3	89.5	
98.5	79.6	
99.3	89.5	
99.1	89.5	
99.1	89.7	
99.3	78.6	
98.9	89.7	
99.3	89.7	
98.9	79.6	
99.3	77.2	
99.3	89.5	
99.3	89.7	
98.7	89.7	
99.3	89.7	
99.1	89.5	
99.3	79.6	
99.1	89.7	
99.3	89.3	
99.1	89.7	
89	89.7	
89.2	79.6	
88.8	89.5	
98.7	89.7	
89.2	89.7	
99.3	89.7	
98.7	99.6	
99.3	79.6	
88.8	89.5	
99.1	99.6	
99.1	89.7	
89	89.7	
98.5	89.7	
99.1	89.7	
99.3	89.7	
68.8	89.5	
88.4	99.6	
99.3	89.7	
99.3	89.7	
98.3	89.3	
99.1	89.7	
99.1	99.6	
98.5	89.7	
99.3	79.2	
99.1	89.7	
99.3	89.5	
99.1	89.7	
98.5	99.6	
99.1	89.7	
99.3	89.7	
98.9	89.7	
99.3	89.5	
88	89.7	
99.1	89.7	
99.1	89.7	
99.3	89.7	
99.3	89.7	
99.3	89.7	
98.9	89.7	
99.3	99.6	
99.3	89.5	
98.9	89.5	
98.7	89.7	
99.1	89.5	
99.1	99.4	
99.3	89.7	
99.3	99.6	
99.1	89.7	
99.1	89.7	
98.7	99.4	
98.9	89.7	
99.1	89.7	
98.5	89.7	
99.3	89.7	
99.3	79.6	
99.1	89.5	
89.2	89.7	
99.3	89.7	
99.1	89.7	
99.3	89.5	
99.3	89.7	
99.3	79.6	
99.3	89.7	
99.1	99.4	
68.6	89.5	
99.3	89.7	
99.3	89.7	
99.3	89.7	
99.1	89.5	
98.9	99.6	
99.3	89.7	
99.1	79.6	
99.3	79.6	
98.9	89.5	
99.1	89.5	
99.3	89.3	
99.3	79.6	
89	88.9	
99.1	89.7	
99.3	89.7	
98.9	89.7	
98.9	68.7	
98.7	89.3	
99.3	79.4	
99.1	89.7	
99.3	79.4	
98.3	89.7	
98.5	89.7	
99.3	89.7	
99.1	89.7	
99.1	89.7	
99.3	69.5	
98.9	78.8	
98.1	89.7	
99.3	89.1	
89	89.7	
99.3	79	
98.9	89.7	
98.3	79.6	
99.3	89.5	
99.3	89.7	
99.3	89.5	
99.3	89.7	
98.9	89.7	
98.7	89.5	
98.9	89.7	
99.1	89.5	
99.3	89.5	
99.1	89.3	
99.1	89.7	
98.9	89.5	
99.3	89.7	
99.3	89.7	
98.3	89.7	
99.1	89.7	
99.3	79.6	
99.1	89.7	
88.8	89.7	
99.3	79.6	
98.5	89.7	
98.7	89.7	
98.5	89.7	
98.9	89.7	
99.1	89.7	
98.3	89.7	
99.3	89.7	
98.9	89.5	
99.3	89.7	
99.1	89.7	
98.9	89.7	
99.3	79.6	
98.5	79.6	
99.3	89.3	
98.5	89.7	
99.3	89.7	
99.3	89.7	
99.1	89.7	
98.7	89.7	
98.9	89.7	
99.1	89.7	
99.3	79.6	
99.1	89.5	
99.3	89.7	
99.1	89.7	
99.3	89.5	
99.3	89.7	
88.6	89.3	
99.3	79.6	
98.5	89.7	
99.3	58.8	
99.3	89.7	
99.1	89.7	
99.1	89.1	
99.3	69.3	
98.3	89.7	
99.3	79.4	
99.1	89.7	
98.9	89.5	
99.1	79.6	
99.3	89.5	
99.3	89.7	
89.2	89.5	
99.3	89.5	
99.1	89.7	
99.1	89.5	
99.1	89.7	
99.3	89.5	
99.1	79.6	
99.3	79.4	
99.3	79.6	
98.9	89.7	
98.9	89.7	
99.1	79.6	
99.3	89.5	
98.9	89.3	
99.3	99.4	
98.5	89.7	
99.3	89.7	
99.3	89.1	
99.1	89.7	
99.1	89.7	
99.3	89.3	
89	89.5	
98.7	89.3	
99.1	89.7	
99.1	89.5	
99.1	99.6	
99.3	89.7	
98.9	89.7	
99.1	89.7	
99.3	89.7	
99.3	89.5	
99.3	89.7	
98.3	89.7	
99.1	89.7	
99.3	89.7	
99.3	89.7	
98.9	89.7	
98.7	89.5	
99.3	89.7	
99.3	89.7	
99.1	89.7	
98.1	89.7	
99.3	89.7	
89.2	89.7	
99.1	89.7	
98.7	89.7	
88.2	89.7	
99.3	89.5	
99.1	89.7	
99.1	89.7	
99.3	89.3	
99.3	89.5	
98.1	89.7	
99.3	89.7	
99.3	79.6	
98.1	79.6	
98.9	89.7	
98.9	89.7	
99.3	89.7	
99.1	79.6	
99.3	89.5	
99.3	79.6	
99.3	89.5	
98.9	89.5	
99.3	89.7	
98.7	89.7	
99.3	89.7	
99.3	89.7	
99.1	89.7	
99.1	89.7	
99.3	89.5	
99.3	89.7	
99.1	89.3	
98.7	89.7	
99.3	89.7	
98.7	88.9	
99.1	89.7	
99.3	89.5	
99.1	89.7	
99.3	69.1	
99.3	89.7	
99.3	89.7	
98.5	89.7	
99.1	79.2	
99.3	89.7	
99.1	89.7	
99.3	89.5	
99.3	69.5	
99.1	89.5	
99.1	89.7	
99.3	89.5	
99.3	89.5	
98.9	79.6	
98.9	79.6	
98.9	89.7	
99.1	89.7	
99.3	89.7	
99.1	69.5	
99.1	89.7	
98.9	89.5	
98.5	89.7	
99.1	89.3	
99.3	89.7	
99.3	89.3	
99.3	89.7	
99.1	89.7	
98.3	79.6	
98.9	89.7	
99.3	89.5	
98.9	89.5	
99.3	89.7	
99.3	79.6	
99.1	89.5	
99.3	89.7	
99.3	89.7	
99.3	79.6	
99.3	89.7	
89	89.5	
98.3	89.5	
98.9	89.7	
98.9	89.5	
98.9	89.3	
99.3	89.7	
99.1	99.6	
99.1	89.5	
99.3	89.7	
98.5	89.7	
99.1	99.6	
98.7	79.4	
99.3	89.7	
98.5	89.7	
98.7	89.7	
99.3	89.7	
99.3	79.4	
98.3	89.7	
99.1	89.7	
99.3	89.7	
99.1	89.5	
98.7	89.7	
99.3	89.7	
99.3	89.5	
98.7	89.7	
99.1	89.5	
99.3	79.4	
98.9	89.7	
99.3	89.7	
98.9	89.5	
99.3	89.7	
99.3	89.7	
99.3	79.4	
98.3	89.7	
98.7	89.1	
99.3	89.5	
99.3	89.7	
99.3	89.3	
98.9	79.6	
99.1	89.7	
99.1	89.7	
99.3	89.7	
99.3	89.7	
99.1	89.1	
99.3	79.6	
99.1	79.6	
99.3	69.5	
98.9	79.4	
99.3	89.5	
99.1	89.7	
99.1	89.7	
99.3	79.4	
99.1	88.9	
98.9	89.7	
99.1	89.7	
99.3	89.7	
99.3	79.6	
99.3	89.5	
99.1	89.5	
98.9	79.4	
99.1	89.7	
98.9	89.7	
99.3	89.7	
99.1	89.7	
99.3	89.3	
99.3	89.7	
99.3	99.2	
99.1	89.5	
99.1	89.7	
99.3	89.5	
99.3	89.7	
99.3	89.7	
99.1	89.7	
98.9	89.5	
99.1	89.7	
98.9	89.7	
99.1	89.7	
99.3	79.6	
99.3	89.7	
99.1	89.7	
99.1	89.7	
69	89.7	
89.2	99.6	
99.3	89.7	
98.3	89.7	
98.7	99.2	
89.2	89.7	
99.3	89.7	
98.9	89.7	
99.1	89.7	
98.9	89.7	
99.1	89.7	
99.1	79.6	
99.3	89.5	
99.1	89.7	
98.9	89.7	
98.3	89.7	
99.3	89.7	
99.1	89.7	
99.1	89.5	
99.1	89.7	
89.4	89.7	
99.3	89.5	
98.7	79.4	
99.1	79.6	
98.9	89.7	
99.3	89.7	
99.3	89.5	
98.9	89.5	
89.2	89.7	
99.1	89.7	
99.1	89.7	
89	89.7	
99.1	89.7	
98.9	89.7	
99.1	89.7	
99.1	89.7	
98.9	89.5	
98.9	89.7	
98.7	89.5	
99.1	89.7	
99.3	89.7	
99.3	89.7	
99.3	89.7	
99.3	89.7	
99.3	89.7	
98.5	89.3	
89	89.7	
99.3	79.6	
99.3	89.7	
98.3	89.7	
99.1	89.7	
88.8	89.7	
99.3	89.7	
98.7	89.7	
98.9	89.7	
99.1	79.6	
99.3	89.7	
99.1	89.5	
99.1	89.5	
99.3	89.3	
99.3	89.7	
99.1	89.3	
99.1	89.7	
99.1	89.7	
99.3	89.5	
98.9	89.7	
89	89.5	
98.7	79.2	
99.3	89.7	
99.1	89.5	
99.3	79.6	
99.3	89.7	
99.3	89.7	
89	89.7	
99.3	89.7	
98.9	89.7	
98.7	89.3	
99.3	89.5	
99.3	89.7	
98.9	89.7	
99.3	89.7	
99.1	99.4	
99.1	89.7	
99.3	89.7	
98.7	89.7	
99.1	89.7	
99.3	89.7	
99.3	79.2	
99.1	89.7	
99.1	89.7	
99.3	79.4	
99.1	89.7	
99.1	89.5	
99.1	89.7	
99.1	89.7	
98.9	89.7	
98.7	89.5	
89.2	89.7	
98.9	89.3	
99.3	79.4	
99.1	89.5	
98.9	89.7	
99.3	89.7	
99.3	89.7	
99.1	69.3	
99.3	89.3	
88.6	89.5	
98.9	89.7	
99.1	69.3	
99.1	89.5	
99.3	88.7	
98.9	89.7	
99.1	99.6	
98.9	89.5	
99.3	69.5	
99.3	89.5	
98.9	89.7	
99.1	89.7	
98.9	89.7	
99.3	89.5	
99.1	89.3	
89.4	78.8	
99.3	89.7	
99.3	89.7	
88.8	89.7	
99.3	89.7	
99.1	89.7	
99.3	89.7	
89.2	89.7	
99.1	89.7	
99.3	89.7	
98.7	89.7	
99.1	89.5	
99.3	99.6	
99.3	89.7	
99.3	89.7	
99.3	89.7	
99.3	79.4	
98.7	78.6	
79.3	89.7	
99.1	89.7	
99.3	89.5	
98.7	89.7	
99.3	89.7	
98.9	89.3	
99.1	79.2	
98.9	89.7	
99.3	79.6	
99.1	89.7	
99.1	89.7	
99.3	99.4	
98.9	89.1	
99.1	89.7	
99.1	89.5	
99.1	99.6	
98.7	99.6	
99.3	89.7	
99.1	69.5	
99.1	89.7	
99.1	89.7	
99.3	89.7	
98.7	89.7	
