99.1	99.6	
99.1	99.6	
89.2	89.1	
99.1	98.8	
88.8	99.2	
98.5	99.6	
98.9	88.5	
98.9	99.6	
99.3	99.6	
99.1	98.8	
88.4	99.4	
99.1	99.2	
98.7	99.6	
99.1	99.6	
99.1	99.6	
99.3	89.3	
87.6	99.6	
99.3	99.2	
99.1	99.6	
98.9	99.6	
99.3	98.8	
88.2	99.6	
99.1	99.2	
99.3	89.7	
99.1	89.1	
89	99.4	
99.3	99.6	
99.1	99.6	
98.9	89.5	
99.1	99.6	
99.3	89.7	
79.3	99.2	
99.3	99.6	
99.3	99.4	
99.3	99.6	
98.5	99.6	
78.9	89.7	
98.7	89.3	
98.3	99.4	
98.7	89.7	
99.3	89.7	
78.9	99.6	
89.2	99.6	
88.8	99.6	
99.3	99.4	
99.1	99.2	
99.3	99.2	
89	99.2	
98.7	99.4	
99.1	99.2	
99.3	99.6	
98.9	88.5	
88.6	99.6	
99.1	99.4	
88.6	99.6	
99.1	89.5	
89.2	99.6	
99.1	89.7	
98.9	99.6	
99.3	99.2	
89	99.4	
99.3	99.2	
78.7	88.9	
99.1	99.6	
99.1	99.4	
79.3	98.6	
98.7	99.6	
98.7	99.2	
58.7	89.1	
99.1	99.2	
98.5	88.9	
88.8	89.5	
99.1	99.4	
99.3	89.3	
98.7	99.2	
69.4	99.6	
98.3	99.6	
98.7	89.7	
88.8	99	
89	89.7	
99.3	99.4	
99.1	89.7	
89	99.6	
99.3	98.8	
99.3	89.5	
98.1	99.2	
98.9	99.2	
99.3	99.6	
79.3	99.6	
99.3	99.6	
98.7	89.7	
99.1	99.6	
98.7	99.2	
99.3	99.2	
99.3	99.2	
98.7	89.7	
99.1	99.6	
99.1	89.7	
57.5	99.6	
99.1	99.6	
99.3	99.6	
99.1	99.6	
79.1	99.2	
89	99.2	
98.9	89.5	
99.3	99.6	
98.9	99.6	
69	99	
99.3	99.2	
99.3	99.4	
98.1	99.4	
98.9	99.6	
98.9	99.6	
99.1	99.2	
99.3	99	
98.9	99.6	
89.4	89.3	
99.1	98.6	
78.9	99.6	
98.7	99.6	
99.1	99.2	
99.3	99.6	
98.7	99.4	
79.3	99.6	
99.1	99.4	
99.1	99.6	
98.9	99.6	
99.3	99.6	
98.9	99.6	
78.7	99.6	
98.7	99.6	
99.3	99.6	
98.9	99.4	
99.3	99.6	
98.7	99.4	
88.6	99.6	
99.1	99.4	
99.1	99.6	
68	99.4	
99.1	89.5	
98.3	99.2	
99.1	99.2	
98.9	99.2	
99.1	99.2	
78.9	99.4	
98.7	89.5	
99.3	99.4	
99.1	99.6	
88.8	69.1	
99.1	89.5	
99.1	99.6	
98.3	98.8	
99.3	99.6	
99.1	99.6	
98.9	89.5	
99.3	99.6	
97.7	99.6	
99.3	99.6	
36.7	89.3	
99.1	99.6	
99.1	99.6	
98.9	89.5	
99.1	99.2	
97.7	98.8	
89.2	99.4	
89.4	99.6	
99.3	99.2	
89.2	89.7	
88.8	99.2	
99.3	89.5	
99.1	99.4	
99.3	98.8	
77.9	99.6	
98.7	99.6	
99.3	99.6	
98.7	99.6	
98.7	99.4	
99.1	99	
68.8	99.4	
99.1	99.6	
99.3	99	
98.9	99.4	
98.9	99.6	
88.4	99.6	
98.9	89.5	
99.3	99.2	
99.1	99	
99.1	99.2	
89	99.4	
98.7	89.3	
99.3	99.6	
88.4	99.6	
78.5	99.4	
98.9	99.6	
98.9	99.6	
88.6	99.6	
99.1	99.4	
89	89.7	
99.1	78.8	
98.5	99.6	
89	99.4	
98.1	99.4	
77.7	99.2	
98.5	99.4	
97.9	99	
98.9	98.6	
99.3	78.8	
99.3	99.4	
99.1	99.4	
79.1	99.2	
99.1	98.8	
79.3	89.7	
98.9	88.3	
88.2	99.6	
98.3	99.6	
89.4	89.5	
98.5	89.5	
98.7	99.6	
99.1	99.4	
99.3	98.6	
98.7	99.6	
99.1	99.2	
99.1	99.6	
99.3	99.6	
99.3	99.6	
98.9	99.6	
88.8	99.6	
99.3	89.3	
89	79.6	
88.8	99.6	
99.3	99.4	
99.3	89.7	
88.8	89.5	
98.3	99	
99.3	99.6	
87.8	99.4	
98.1	99.6	
68.8	99.6	
99.1	99.6	
89.4	99.6	
99.3	89.5	
99.1	99.4	
99.3	99.2	
98.9	99.4	
98.9	99.6	
79.5	99.4	
98.9	99.2	
98.9	99.4	
99.3	99.6	
98.9	99.6	
58.9	99.6	
99.3	99.4	
88.4	99.4	
89.2	99.4	
99.1	98.8	
98.9	89.5	
98.9	89.5	
99.3	99.6	
99.1	99.6	
99.1	99	
89.2	98.8	
98.7	99.6	
88.2	99.6	
89.2	99.2	
99.1	89.5	
79.1	99.6	
78.5	99.4	
79.1	99.4	
98.7	99.6	
99.1	89.5	
88.2	99.4	
99.1	99.2	
79.3	99	
99.1	79.6	
98.7	99.6	
99.3	99.6	
88	98.6	
89.2	99.2	
99.3	99.6	
88.4	99.6	
89.4	89.7	
99.3	88.1	
89.4	99.2	
98.7	99.4	
99.3	99.6	
99.1	99.6	
78.9	99.6	
89	99.6	
89	99.6	
99.3	89.3	
99.3	99.6	
99.3	89.5	
98.9	99.2	
89.2	99.6	
99.1	99.6	
99.1	99.4	
99.1	89.1	
89	89.5	
99.3	99.6	
79.5	99.6	
98.9	99.6	
99.3	99.6	
98.9	99.6	
99.1	89.7	
98.9	99.6	
99.3	89.5	
89.4	99.6	
69	99.2	
88.8	99.4	
98.7	99.4	
99.3	99.2	
99.3	99.4	
99.1	88.9	
99.1	99.6	
99.1	99.2	
48.8	89.1	
79.3	99.6	
99.3	99.4	
88.4	89.7	
99.3	88.9	
99.3	89.5	
99.3	99.6	
78.9	99.6	
99.3	99	
98.5	99.4	
98.5	99.4	
89	99.6	
99.3	89.7	
98.9	99.4	
99.3	99.6	
99.3	99.4	
98.5	79.2	
99.1	99.6	
89.4	99.6	
98.5	99.6	
98.7	99.6	
97.7	99.4	
99.3	99.6	
58.5	99.6	
78.9	99.6	
89.4	99.4	
98.7	99	
88.6	79.2	
88.8	99.4	
57.7	99.6	
99.3	99.6	
99.3	99.6	
99.1	99.4	
99.3	99.2	
98.9	99.6	
98.9	99.4	
89.2	99.6	
89.4	89.5	
99.3	89.7	
99.1	99.6	
78.1	99.6	
98.7	99.4	
99.1	98.6	
98.1	99.6	
99.1	98.8	
88.6	99.6	
99.3	99.6	
99.1	99.6	
89	99	
68.6	99.6	
98.7	99.6	
98.9	99.6	
68.4	99.2	
89.2	99.6	
98.9	99.6	
98.9	99.6	
98.3	99.6	
99.3	99.2	
98.9	89.5	
89.2	99.4	
88.4	99.4	
99.1	88.9	
99.1	99.2	
99.3	99.2	
99.1	99.4	
99.1	99.2	
78.7	99.6	
99.3	89.3	
99.1	99.6	
78.5	99.2	
79.1	99.6	
88.4	99.4	
98.5	99.6	
89.2	99.6	
98.7	99.2	
99.3	99.4	
89.4	99.6	
99.1	99.2	
98.5	89.3	
98.7	99.6	
98.5	99.6	
99.1	99.2	
99.3	99.6	
99.1	99.4	
89.4	99.6	
98.9	99.4	
99.3	99.6	
99.3	99.6	
99.1	99.6	
99.1	99.2	
99.3	89.5	
99.3	99.6	
98.9	79.6	
99.3	99.6	
98.7	89.3	
99.3	99.2	
98.5	99.6	
99.3	99.2	
88.8	99.6	
98.9	99.6	
98.5	89.7	
99.1	99.6	
99.1	99.6	
88.8	99.6	
99.1	99.4	
98.7	99.6	
99.3	99.6	
89.2	99.6	
98.3	89.1	
89.4	99.6	
99.1	99	
99.1	99.2	
99.3	99.4	
69	79.6	
98.9	99.4	
89.2	99.6	
99.3	99.4	
98.9	89.1	
89	99.6	
99.1	99.6	
99.3	99.4	
98.7	89.5	
89.2	99	
98.5	99.2	
98.1	79.4	
88.4	98.8	
98.9	98.6	
99.3	89.5	
98.5	99.6	
98.1	89.5	
98.9	99.6	
98.5	99.2	
99.1	99.6	
99.3	89.7	
99.3	99.4	
99.3	99.6	
98.9	99.6	
98.9	99.6	
99.1	99.6	
89.2	99.6	
99.3	99.4	
98.7	59.4	
99.3	99.4	
99.1	99.6	
99.1	99.4	
99.1	99.4	
99.3	99.4	
99.3	99.6	
99.3	99.4	
99.3	89.7	
89.4	99.6	
98.9	89.5	
99.3	99	
98.7	99.2	
99.3	99.4	
98.5	99.4	
88.4	99.2	
88.8	99.4	
78.5	99.2	
99.3	99.6	
56.1	99.6	
99.3	99.6	
98.9	99.6	
89	99.6	
89	99.6	
98.5	99.4	
98.9	89.3	
99.1	99.4	
98.9	99.6	
98.3	99	
99.3	99.6	
98.7	89.7	
99.3	99.4	
99.1	99.2	
89	99.2	
79.1	99.6	
99.3	99.4	
98.7	99.6	
88.4	99.6	
98.3	99.6	
99.3	99.4	
99.1	89.7	
99.3	99.6	
98.9	89.5	
99.3	99.6	
89.2	99.6	
98.5	99.4	
99.3	99.4	
79.1	99.6	
89	99.4	
99.1	99.4	
99.1	99.6	
98.7	99.6	
99.1	99.4	
99.1	99.4	
99.3	99.6	
89.2	99.4	
98.5	89.7	
98.5	99.2	
99.3	99.4	
97.9	99.2	
98.9	99.4	
89	99.4	
98.7	79	
99.1	99.2	
98.7	99.4	
99.1	89.1	
99.1	99.4	
99.1	99.6	
98.7	99.6	
89.2	99.6	
99.1	99.4	
98.9	89.5	
99.3	99.2	
99.3	89.1	
98.7	99.6	
89.4	99.6	
78.5	98.6	
99.3	99.6	
98.9	99.6	
99.3	99.6	
98.7	99.2	
99.3	99.6	
99.1	99.4	
89.4	99.6	
98.5	99.6	
98.3	99.6	
88.6	89.5	
98.7	99.6	
99.1	99.6	
98.9	89.1	
98.3	99.6	
79.3	99	
78.9	89.7	
98.9	89.7	
89.2	99.4	
99.1	99.4	
78.9	99.6	
99.3	99.4	
99.3	99.2	
88.8	99.4	
98.9	99.6	
98.9	99	
58.3	89.1	
99.1	99.6	
99.1	89.5	
99.1	89.5	
99.3	99.4	
89.2	99.2	
48.4	98.8	
89.2	99.6	
89	99.4	
99.3	99.6	
99.1	99.4	
98.7	99.6	
89.2	99.4	
99.1	99.4	
99.1	98.8	
99.1	99.2	
99.3	89.7	
89.2	88.9	
98.5	99.2	
99.3	99.6	
89.2	89.3	
99.1	99.6	
98.3	98.8	
88.2	99.4	
99.3	99.6	
99.3	99.4	
99.3	69.5	
98.7	99.6	
99.1	99.6	
99.3	99	
99.3	99.4	
98.9	99.4	
89	99.6	
89.2	99.6	
99.3	99.6	
98.9	99.4	
99.3	79.4	
99.3	99.6	
99.1	99.6	
99.3	99.6	
99.3	89.3	
79.1	79	
89	89.3	
99.1	99.6	
79.1	99.6	
88.6	99.6	
99.1	89.1	
98.9	99.6	
99.3	99.6	
98.9	89.1	
68.4	99.6	
89	99.2	
99.3	88.9	
98.7	99.6	
98.5	99.6	
99.1	99.6	
88.4	99.6	
99.1	99.4	
99.3	99.4	
88.8	99.4	
99.1	99.4	
78.5	99.6	
99.3	99.4	
78.9	89.3	
99.3	99.4	
88.8	99.6	
99.3	89.5	
99.3	99.6	
89	99.4	
99.3	99.6	
98.9	99.6	
99.1	99	
98.9	89.5	
89.2	99.2	
99.3	99.6	
99.1	99.6	
89.2	99.4	
99.1	99.6	
98.9	89.7	
98.9	99.4	
99.3	99.6	
99.3	79.6	
98.9	99.4	
89.4	99.4	
98.9	99.6	
99.1	99.4	
88.4	99.6	
99.1	89.5	
99.3	99.6	
99.1	99.6	
99.1	99.6	
98.9	89.7	
89.4	99.2	
69.2	99.4	
99.1	99.6	
78.9	99.2	
99.3	99.6	
98.5	99.6	
88.4	99.4	
98.9	99.4	
98.9	99.6	
99.3	88.3	
78.9	89.5	
99.3	99.6	
99.1	99.6	
79.1	99.4	
99.3	99	
78.7	99.6	
99.3	98.8	
99.1	99.2	
88.8	99.4	
78.1	99.4	
98.5	89.3	
99.3	99.6	
98.5	89.3	
99.1	99.6	
98.9	98.8	
98.9	89.1	
89.4	99.6	
99.1	88.9	
68.8	99.4	
99.1	99.6	
89.4	99.4	
99.3	99.2	
99.3	89.3	
98.9	99.6	
99.1	99	
98.3	99.2	
99.3	99	
88.6	89.7	
89.4	99.6	
99.1	99.6	
88.8	99.6	
99.3	98.2	
89.2	99.4	
98.9	99.6	
98.7	99.4	
88.8	99.4	
99.3	99.6	
89	99.4	
99.3	98.6	
98.7	99.6	
88.8	99.6	
99.1	99.2	
89	99.4	
89.2	99.6	
98.5	98.8	
98.9	99.2	
99.3	99.6	
89.2	99.6	
99.1	99.2	
99.3	99.6	
99.3	99.4	
99.1	99.2	
99.3	89.7	
99.3	99.4	
99.3	89.1	
99.3	99.4	
99.3	98.6	
98.5	89.1	
79.1	99.4	
98.9	99.6	
89.2	99.6	
99.3	99.2	
68.8	99.6	
99.3	79.6	
78.9	99.4	
98.5	99.4	
98.3	99.6	
98.9	98.2	
99.1	89.3	
99.1	99.6	
98.5	99.6	
99.3	99.4	
89	99.4	
99.3	99.6	
78.9	99.6	
89	99.6	
99.1	99.6	
88.8	99.6	
98.7	89.7	
88.8	99.2	
88.8	99.4	
98.5	99.4	
99.1	99.6	
79.1	99.6	
99.1	89.7	
98.9	99.4	
99.3	99.6	
99.3	99.2	
99.3	89.5	
98.9	98.8	
89.2	99.6	
99.1	99.6	
99.3	99.6	
99.1	99.6	
98.5	89.3	
99.3	99.4	
99.3	99.2	
98.9	99.6	
99.3	89.5	
97.7	89.5	
98.7	99.6	
98.9	99.2	
98.9	89.5	
99.1	99.6	
99.3	99.2	
99.3	99.6	
99.3	99.6	
99.1	89.7	
79.1	99.6	
99.3	89.3	
99.1	99.4	
99.3	99.4	
98.9	99.6	
99.3	99.6	
89.2	99.6	
98.7	98.8	
99.1	99.6	
99.3	99.4	
78.7	89.3	
89	99.2	
99.3	98.6	
88.6	99.6	
99.3	99.6	
99.3	99.4	
99.3	99.4	
99.3	99.6	
67.8	99.4	
68.6	99.6	
99.1	99.4	
88.8	99.2	
99.1	88.7	
99.1	99.4	
99.1	89.5	
89.2	99.6	
89	98.6	
98.5	89.7	
99.3	99	
89.2	69.3	
98.1	99.2	
99.3	99	
98.9	99.2	
98.3	99.6	
99.1	99.4	
99.3	99.6	
89	99.2	
98.9	99.6	
99.1	99.2	
99.3	99.6	
79.1	99.6	
99.1	89.5	
99.3	88.3	
58.5	99.6	
98.9	99.6	
99.1	99.4	
89.4	99.6	
88.4	98.6	
98.7	99.4	
99.1	98.4	
99.3	99.4	
89.2	99.6	
99.1	99.6	
89	99.4	
98.7	99.2	
99.3	99	
98.9	99.6	
99.3	99.6	
98.9	98.6	
99.3	89.3	
87.6	99.6	
97.7	99.4	
99.3	99.4	
98.9	99.4	
99.3	99.6	
89	99.4	
89	79.4	
98.9	99.6	
99.1	99.6	
99.3	99.2	
99.1	99.4	
89	99.2	
99.3	99.4	
99.1	89.5	
99.1	99.4	
98.7	99.6	
98.9	99	
89.2	99.6	
99.1	99.6	
99.3	99.4	
89.2	99.4	
89.4	79	
99.3	99.2	
99.3	99.6	
89.2	99.6	
98.7	99.6	
98.9	88.9	
99.3	99.4	
99.1	99.6	
98.9	99.4	
98.9	98.6	
99.1	89.7	
98.9	89.1	
88.6	79.2	
79.1	89.7	
99.3	99.6	
79.1	99.6	
98.1	89.5	
99.3	99	
89.2	99.4	
99.1	99.6	
99.1	99.6	
98.9	89.7	
98.5	99.6	
98.9	99.2	
99.1	99.6	
99.3	99.4	
98.7	89.7	
78.7	99.6	
78.7	99.6	
99.3	99.6	
69.4	99.6	
88.2	99.6	
98.1	99.6	
98.5	99.2	
98.9	99.2	
98.3	89.1	
99.3	99.6	
99.1	99.4	
89	99.6	
99.3	99.4	
77.1	99.6	
99.3	99.4	
99.1	99.6	
99.3	98.8	
98.9	99.6	
89.4	89.7	
98.7	99.4	
99.1	99.6	
99.3	99.6	
88.8	99.4	
99.3	89.5	
99.1	99.6	
98.9	99.6	
99.1	99.6	
89.2	99.4	
99.1	99.6	
89	99.4	
99.3	99.6	
99.1	99.6	
99.3	99.6	
79.3	99.6	
89.4	99.4	
99.3	99.4	
59.3	99.2	
98.1	99.6	
99.3	99.6	
98.9	99.6	
99.3	89.5	
98.7	98.8	
88.6	98.6	
88.8	99.6	
99.3	99.4	
98.9	99.6	
98.9	99.2	
98.5	99.6	
89.4	99.6	
89.4	99.6	
99.1	99.6	
99.3	89.3	
88.8	99.4	
98.1	99.6	
98.9	99.2	
89.2	99.2	
99.1	89.1	
87.6	99.4	
99.1	99.6	
98.9	99.6	
99.3	99.6	
99.3	99.4	
99.3	98.8	
89.2	99.6	
98.7	99.4	
98.7	89.3	
99.1	89.7	
99.1	89.5	
99.3	99.6	
98.7	99	
98.3	89.5	
68.4	89.7	
68.6	99.4	
99.1	99.2	
99.3	99.2	
98.9	99.6	
89	99.4	
98.7	99.2	
96.9	99.2	
99.3	89.7	
89	99.6	
99.3	89.5	
99.3	99.2	
99.1	89.5	
68.8	89.5	
99.3	99.4	
98.5	99.2	
99.1	99.4	
98.9	89.5	
99.3	99.4	
89	99.6	
99.3	79.2	
99.3	99.4	
89.4	99.6	
98.9	89.7	
98.1	99.6	
98.7	99.6	
99.3	99.4	
89	99.4	
98.7	99.6	
97.7	98.6	
99.3	99.6	
79.3	99.4	
89.2	89.5	
98.7	99.6	
99.3	89.3	
98.9	99.2	
99.1	99.2	
99.3	98.4	
98.9	89.1	
99.1	99.4	
68.2	99.2	
89	98.4	
68.8	99.6	
98.5	79.4	
99.1	99.6	
99.3	99.6	
99.3	99	
89	99.6	
89.2	99.6	
89.2	98.8	
99.3	99.6	
89.2	99.4	
89.2	99.4	
