99.1	99.6	
99.3	99.6	
89	99.4	
99.3	99.6	
99.1	99.6	
98.7	99.6	
88.6	99.2	
79.1	97.6	
89	99.2	
99.3	99.4	
99.3	99.4	
99.1	99.4	
99.1	99.6	
99.1	99	
99.1	99.6	
98.7	99.6	
99.1	99	
99.3	99.2	
98.5	88.7	
89	99.4	
99.3	99.4	
79.1	99.4	
99.3	98.4	
98.7	89.5	
89	99.6	
99.1	99.6	
99.1	89.7	
68.2	99.6	
89	99.2	
98.9	99.6	
89.4	99.6	
99.3	99.4	
48.8	99.4	
99.1	99.4	
99.1	99.4	
99.3	99	
79.3	89.5	
88.2	99.6	
79.1	99.6	
79.1	99.2	
98.7	69.3	
99.3	99.6	
97.7	99.6	
79.1	99.2	
98.9	89.1	
98.7	89.5	
99.1	99	
99.3	89.1	
98.7	99.4	
88.4	99.6	
99.3	99.6	
99.3	89.3	
99.3	99.2	
99.3	89.3	
99.1	99.2	
99.3	99.6	
99.3	99.6	
99.3	99.6	
99.1	89.5	
98.9	99.6	
99.1	89.7	
89.2	99	
98.9	99.2	
99.1	99	
79.1	99.4	
98.7	99.2	
89.2	99.6	
99.1	99.6	
99.1	99	
99.3	99.4	
69	99.6	
89	99.4	
99.3	89.3	
98.9	99.4	
98.5	99.4	
89.2	89.7	
89.2	89.5	
99.3	99.6	
99.1	99.6	
89.4	99.6	
99.1	99	
99.1	99.6	
98.7	89.1	
98.1	99.2	
99.1	99.6	
98.9	99.6	
99.3	78.8	
99.3	89.7	
79.5	99.4	
99.3	89.5	
98.9	99.2	
99.3	99	
99.1	99.6	
99.3	99.4	
99.1	98.8	
89.2	89.7	
76.5	98.8	
99.3	99.2	
89	99.6	
99.1	99.6	
98.9	99.4	
99.3	88.9	
99.1	89.7	
78.5	99.6	
98.3	79.2	
99.3	99.6	
98.7	99.4	
89	89.7	
98.9	99.4	
88.8	99	
79.3	99.6	
99.1	89.5	
89.4	99.6	
98.1	98.8	
99.3	99.6	
99.3	79.2	
98.5	99.4	
78.3	89.3	
98.5	99.4	
79.1	99.4	
99.1	99.6	
89	99	
37.9	89.7	
99.3	98.2	
99.3	99.4	
99.3	99.6	
98.9	99	
99.1	98.6	
99.3	89.3	
69.2	89.5	
99.3	99.2	
99.3	89.5	
98.9	98.6	
88.8	89.7	
88.8	89.7	
79.3	99	
99.3	99.4	
99.1	99.6	
98.9	99.4	
89.2	99.6	
88.6	89.7	
99.1	89.7	
98.5	99.4	
99.3	98.8	
98.9	89.3	
99.3	89.5	
98.7	99.6	
78.9	89.5	
97.9	99.4	
98.5	99.4	
99.1	99.4	
99.1	99.2	
98.9	99.2	
88.8	98.6	
98.7	88.9	
88.8	99.6	
99.3	99.2	
89.2	89.3	
99.3	99.4	
98.7	89.5	
99.1	99.4	
99.1	99.6	
99.3	99.6	
99.1	99.6	
98.5	89.3	
99.1	99.6	
98.9	99.6	
98.5	99.2	
78.9	99.6	
99.1	99.6	
98.9	99.4	
99.3	98.8	
98.9	99.4	
89	99.6	
99.1	99.6	
99.1	99.4	
99.1	89.7	
99.1	99.6	
98.9	99.6	
89.2	89.5	
58.1	99.4	
99.3	99.4	
99.3	99.2	
99.1	98.8	
98.9	99.6	
68.4	99.2	
99.3	99.4	
98.1	79.2	
99.1	89.3	
99.1	99.2	
99.3	89.5	
99.3	99.4	
98.7	99.6	
99.3	99.4	
98.7	99.6	
99.3	99.6	
99.3	89.5	
99.3	99.6	
98.3	99.4	
98.5	99.6	
99.1	88.7	
69	99.6	
99.1	99	
98.9	99.4	
98.9	98.8	
99.1	99.6	
99.1	99.6	
99.3	79.6	
79.5	99.6	
78.9	89.7	
59.1	99.6	
98.9	89.7	
98.9	99.2	
89	99.4	
98.3	89.7	
99.3	98.8	
38.3	99.4	
99.1	99	
98.9	79.6	
89	89.3	
98.9	99.6	
87.2	99.4	
99.3	98.8	
79.3	99.4	
99.3	89.1	
99.1	88.9	
99.3	99.4	
88.8	99.4	
99.3	99.6	
99.1	99.6	
99.3	99	
99.1	98.2	
99.1	79.2	
98.9	99.6	
99.3	99.4	
99.3	99.6	
99.1	89.3	
99.1	99.6	
99.1	99.4	
98.9	98.4	
78.5	98.4	
98.1	98.8	
98.9	99.6	
98.3	99.6	
99.1	99.6	
89	99.6	
99.1	89.7	
79.3	99	
98.1	99.4	
48.2	99.6	
99.1	99.6	
99.1	99.6	
99.3	99.6	
88.8	99.4	
79.1	99.4	
98.9	99.6	
98.9	99.6	
99.1	99.4	
99.3	99.6	
98.5	99.4	
98.7	99.6	
99.3	99.4	
98.9	99	
88.8	99.6	
99.3	99.2	
98.7	99.6	
68.4	99.6	
99.3	89.5	
98.1	99	
99.3	99.4	
99.3	99.6	
99.1	99.6	
99.3	99	
99.1	98.8	
99.1	99.4	
99.3	99.2	
78.9	99.6	
99.3	89.3	
99.1	99.6	
89.2	99.6	
99.3	99.4	
99.3	99.6	
98.9	99	
99.3	99.4	
99.3	99.6	
99.1	99.4	
99.1	99.6	
99.1	99.6	
98.3	99.4	
99.3	89.7	
88.6	99.2	
98.9	99.2	
99.1	89.3	
59.3	99.4	
78.9	99.6	
99.1	99.6	
99.3	99.6	
89	99.6	
89	98.8	
98.7	99.4	
88.8	99	
99.3	99.4	
98.9	99.6	
89	99.6	
98.9	79.6	
88.6	89.7	
99.1	89.1	
98.9	99.6	
88.6	99.4	
89.4	99.2	
99.3	89.5	
98.9	89.5	
99.3	99.4	
99.1	98	
99.3	99.2	
99.1	99.4	
99.1	99.6	
99.3	99.4	
99.3	89.5	
99.1	79.2	
99.1	99.6	
98.5	99.6	
99.1	99.4	
99.1	99.6	
89.2	99	
98.9	89.1	
78.5	99.4	
98.9	99.6	
98.7	89.7	
98.7	99.4	
98.9	89.5	
98.9	89.3	
98.5	79.4	
98.7	89.7	
98.7	99.6	
99.3	79	
99.3	89.1	
57.1	99.2	
98.9	99.6	
98.5	99.4	
99.3	89.7	
98.9	89.5	
99.3	79.4	
98.5	78.8	
98.9	99.6	
89.2	99.2	
99.3	99.4	
99.3	79.6	
98.9	99.4	
99.3	99.4	
98.9	99.4	
89.2	89.3	
89	99.4	
98.1	99	
79.3	88.7	
99.1	89.3	
78.9	99.6	
99.1	99.6	
88.8	89.7	
89	98.8	
98.9	89.7	
98.7	99.6	
99.3	89.7	
98.9	89.3	
99.1	99	
99.1	99.2	
98.7	99.2	
98.5	99.4	
99.1	89.5	
98.5	99.6	
98.9	99.2	
88.4	99.2	
99.1	99.4	
98.3	89.3	
88.6	99.6	
89.2	99.6	
78.1	99.4	
99.1	89.5	
99.3	98.8	
99.1	99.6	
98.9	99.2	
79.3	99.6	
99.1	99.2	
99.3	99.6	
99.3	98.8	
88.2	99.4	
99.3	99	
99.3	98.8	
68.8	99.6	
68.8	99.2	
98.9	99.4	
78.9	89.7	
99.1	79.6	
98.7	99.6	
99.3	99.4	
98.7	99.6	
99.3	89.7	
78.9	98.8	
99.1	99	
98.5	99	
98.9	99.4	
99.3	99.4	
99.3	99.6	
98.7	89.3	
89.4	99.6	
88.8	69.5	
99.3	99.4	
99.3	99.4	
99.1	99.6	
89.2	79.6	
88.8	99.6	
99.1	79	
99.3	99.4	
88.8	99.4	
79.3	99.2	
89.2	99.6	
98.3	99.6	
98.7	99.4	
88.6	99.6	
98.3	99.4	
99.1	99.2	
78.5	99	
99.1	89.5	
98.9	89.1	
88.8	99.6	
99.3	99.6	
89	89.7	
99.3	99.6	
98.7	99.6	
98.7	99.6	
99.3	99.6	
87.6	99.4	
99.1	99.4	
99.1	99.6	
99.1	99.2	
98.7	99.2	
99.1	99.6	
88.4	99	
89.2	99.6	
98.9	99.6	
99.3	99.4	
99.3	99.6	
99.1	99	
99.1	89.5	
99.3	98	
99.1	99.6	
98.5	99.6	
99.1	99.6	
99.1	99.2	
98.1	99.2	
88.6	99.4	
98.7	98.6	
99.3	99.6	
98.5	99.4	
99.3	89.1	
99.1	99.2	
89	99.6	
99.1	99.6	
98.1	99.4	
88.6	99.6	
99.3	99.4	
78.9	99.6	
98.9	89.7	
99.3	99.4	
38.7	99	
98.9	99.6	
99.3	99.2	
99.1	99	
98.5	89.1	
98.9	79	
99.3	98.6	
88.6	99.6	
89.2	98.2	
79.1	99.6	
97.9	99.6	
98.7	99.2	
99.3	99.2	
98.7	99.2	
88.4	69.5	
98.7	89.7	
99.1	89.7	
99.3	99.4	
99.1	98.6	
89.2	99.6	
99.1	99.4	
99.1	89.7	
78.7	98.8	
99.3	99.4	
99.1	99.2	
99.3	99.2	
99.3	99.4	
99.3	99.2	
89.2	99.6	
98.5	99.2	
98.9	79.6	
57.7	88.9	
98.3	89.3	
99.3	99.6	
98.9	89.5	
99.1	88.9	
68.2	99.4	
99.1	89.3	
99.1	89.7	
99.3	99.6	
69	89.7	
98.9	99	
99.1	99.4	
99.3	99.4	
99.3	99.4	
98.1	99.2	
98.9	79.2	
99.3	99.4	
98.7	99.2	
79.3	99.2	
99.1	99.2	
99.1	89.7	
99.3	99.6	
99.1	99.6	
99.1	68.9	
69	89.7	
99.1	88.9	
99.1	99.2	
98.9	99.6	
99.1	99.4	
98.5	89.7	
99.3	99	
99.3	89.3	
98.9	99.4	
98.7	97.6	
98.9	99.6	
98.5	99.4	
98.7	99	
99.3	99.2	
99.3	99.4	
99.3	99.6	
78.9	99.6	
98.9	99	
99.3	99.4	
99.3	99.4	
98.9	99.4	
98.3	99.4	
88.4	89.5	
89.4	99.6	
98.7	89.5	
98.5	99.4	
88.8	99.6	
89	99.6	
99.1	99.6	
58.9	89.3	
99.3	98.8	
99.1	99.4	
98.3	99	
88.8	99.6	
78.5	99.6	
99.3	99.2	
98.9	89.5	
68.6	99.4	
99.3	99.6	
78.7	99.4	
99.3	88.5	
99.1	98.8	
78.7	99.2	
99.3	99.4	
99.1	79.2	
99.1	89.7	
99.3	99.4	
99.3	99.2	
99.3	99.6	
98.3	98.8	
89.4	89.7	
98.7	89.1	
98.9	99.2	
89.2	99.6	
98.9	99	
98.7	99.2	
78.9	99.4	
99.3	89.3	
99.3	99.6	
88.8	99	
99.3	99.6	
99.3	99.6	
99.1	99.4	
99.1	99.2	
98.9	99.2	
98.7	89.7	
78.3	99.6	
88.8	99.4	
78.9	99.6	
98.9	89.7	
99.3	99.6	
98.9	79.4	
99.3	88.7	
99.1	99.6	
78.7	99.4	
99.1	99	
98.9	99.6	
89.2	99	
98.3	99.4	
99.1	99.6	
99.3	99.6	
58.5	99.6	
99.3	99.4	
69	98.8	
98.9	99.6	
99.1	99.2	
99.3	69.3	
98.9	98.8	
99.3	89.7	
98.5	78.6	
88.6	99	
88.8	99.4	
88.8	89.7	
99.3	79.6	
99.3	99.4	
99.3	89.7	
98.9	89.5	
99.3	89.3	
99.3	89.7	
99.3	99.6	
99.1	99.6	
89.2	99.2	
99.1	99.2	
89.2	89.5	
99.1	89.5	
89	99.6	
99.1	99.2	
89.4	99	
99.3	99.6	
99.3	99.4	
98.7	99.4	
89	89.5	
99.1	89.5	
99.3	99.4	
98.5	99.2	
89.2	89.7	
99.1	99.6	
99.3	99.4	
99.3	99.6	
98.7	99.4	
98.9	89.5	
89.2	79.6	
98.7	99.4	
98.5	99.6	
98.5	99.4	
88.4	99.2	
48.2	99	
99.1	99.4	
88.6	79.4	
99.1	99.4	
98.1	99.2	
78.9	99.6	
99.3	99.6	
98.7	99	
99.1	99.4	
89	99.6	
99.3	99.4	
98.7	89.5	
69.2	99.6	
79.1	99	
89.2	99.6	
88.8	99.4	
98.9	99.2	
78.7	99.4	
99.3	89.1	
98.9	99.6	
69.2	99.6	
88.6	98.6	
89	99.6	
98.3	99.6	
99.1	99.2	
78.3	99.4	
98.9	89.7	
99.1	89.7	
98.5	99.6	
99.3	89.5	
98.9	99.2	
98.7	89.7	
98.7	89.1	
88.4	98.2	
99.1	99.2	
68.6	99.6	
99.1	88.7	
99.1	99.6	
99.1	89.7	
98.9	98.8	
89.2	99	
89.2	99.6	
68	99.6	
98.7	99.6	
68.6	99.6	
78.7	89.7	
89.2	99.6	
99.1	99.6	
98.9	99.6	
99.3	99.6	
99.3	99	
89	99.4	
98.7	99	
99.1	99.4	
98.1	99.4	
99.3	89.1	
78.9	99.4	
88.4	89.3	
89.4	79.4	
99.3	99.4	
99.1	99.6	
99.3	99.6	
98.9	99.2	
88.8	99.6	
88.8	99.6	
99.3	99.2	
98.9	99.2	
99.3	89.5	
99.3	99.2	
99.1	99.6	
98.9	99.6	
89	99.2	
89	99.2	
89	89.3	
99.1	88.9	
79.1	99.6	
77.9	99.6	
98.9	99.6	
99.3	98	
99.1	99.6	
98.9	98.4	
99.3	89.7	
88.4	89.5	
99.1	99.6	
99.3	99.6	
99.3	99.4	
98.9	99.4	
78.9	99	
99.1	99.2	
89	79.6	
98.3	99.6	
98.3	89.5	
58.5	99.4	
89.4	99.6	
98.9	99.6	
98.7	89.7	
99.1	99.6	
89	99.6	
99.3	99.4	
89.2	99.2	
99.1	89.7	
99.1	89.7	
98.7	99.6	
99.1	99.4	
98.5	99.2	
89.2	99.4	
99.3	89.7	
88.8	99.4	
98.5	99.6	
99.3	89.3	
99.1	99.6	
98.9	99.6	
89.2	99.6	
99.3	99.2	
89.2	99.4	
28	89.5	
98.7	99.4	
99.1	99.6	
99.1	99.6	
98.3	99.4	
99.1	99.6	
78.5	89.1	
99.3	99.2	
89.2	99.6	
99.3	99.4	
98.9	98.4	
99.3	99.6	
98.7	99.6	
89.2	98.4	
89.2	99.6	
98.7	99.4	
99.3	89.7	
99.1	99.6	
89	99	
99.3	99.4	
99.1	99.4	
99.3	99.6	
99.3	99.6	
89.2	99.4	
98.7	99.2	
99.3	99.6	
99.3	99.2	
78.9	99.6	
98.5	89.7	
98.7	99.4	
89	89.7	
99.3	99.6	
67.6	99.4	
88.8	99.6	
99.3	99.2	
78.5	99.6	
89.2	99.6	
99.3	99.6	
78.9	99.4	
98.9	79.6	
98.9	79	
78.3	99.4	
99.3	89.7	
98.7	99.6	
88.2	99.2	
99.3	98.6	
99.3	99.6	
89.4	99.6	
88.2	89.7	
68.6	99.4	
98.7	99.6	
78.9	99	
78.9	99.6	
89.4	99.2	
99.1	99.6	
98.7	89.5	
98.5	89.5	
99.1	99.4	
98.9	99.6	
99.3	98.6	
99.3	99.4	
88.2	98.8	
89	89.1	
99.3	98.6	
88.8	99.4	
98.7	99.6	
79.1	99.6	
98.9	89.1	
89.4	99.6	
99.3	98.8	
98.9	99.4	
99.3	99.4	
98.1	99.6	
98.9	89.7	
99.1	99.6	
99.1	99.6	
99.3	98.2	
89	99	
98.9	89.1	
99.3	99.6	
98.7	99.6	
99.3	99.6	
98.7	99.4	
99.3	99.2	
99.1	99.2	
98.7	99.6	
99.3	98.8	
89	98.4	
78.9	99.6	
79.3	99.4	
98.7	99.6	
89.2	99.2	
98.9	89.5	
38.3	99.6	
88.8	99.2	
98.5	99.4	
99.1	89.5	
89	99.4	
98.9	99.6	
88.8	99.6	
99.1	89.7	
89.4	99.6	
98.9	99.4	
98.5	89.7	
78.9	99.6	
99.3	99.4	
99.3	89.5	
88.4	99.4	
99.1	89.7	
98.3	99.6	
99.1	79.2	
98.9	99.4	
88.2	99.2	
89	99.2	
99.1	99.4	
88.4	89.3	
98.9	99.2	
99.1	99	
99.3	99.6	
99.3	99.4	
88.8	99.6	
99.3	99.2	
88.8	99.4	
99.3	99.6	
99.3	99.6	
89.4	99.4	
89.4	99.6	
98.9	99.2	
99.3	99	
99.1	89.7	
57.9	89.5	
99.3	99.6	
69.2	89.3	
68.4	99.4	
89.2	99.6	
99.1	79.6	
99.1	89.7	
68.6	99.4	
99.1	99.2	
99.1	89.7	
99.1	99.6	
78.9	99	
99.1	97.8	
99.1	99.4	
99.1	99.4	
99.1	99.2	
99.3	99.6	
98.9	99.4	
98.7	99.2	
99.1	89.7	
99.3	99.4	
99.3	99.2	
99.1	89.3	
89	79.6	
89.2	99.2	
78.7	99.6	
99.3	99.6	
99.3	99.2	
89.4	98.8	
99.3	99.4	
88.2	99.6	
99.3	99.6	
99.1	99.6	
98.7	89.3	
98.9	89.7	
99.1	99.6	
99.1	99	
99.1	99.6	
99.3	99.6	
89.4	69.5	
99.1	99.4	
98.9	89.5	
98.3	99.6	
79.1	99.6	
89.2	89.7	
99.3	99.6	
89.2	89.7	
79.3	99	
99.3	99.2	
89.2	99.6	
98.9	99.4	
99.1	88.9	
89	89.7	
98.9	89.7	
99.1	99	
98.9	79.6	
99.3	89.3	
99.3	99.4	
98.1	98.6	
99.1	89.5	
79.1	89.5	
99.3	89.7	
89.2	89.1	
89.2	99.2	
99.3	99.6	
58.5	99.6	
58.3	89.5	
98.9	99.6	
89.4	98.2	
98.9	99.2	
98.9	89.5	
69.2	89.7	
68.4	99.4	
88.8	99.6	
99.1	99.6	
99.1	99.6	
99.3	99.4	
88.8	99.6	
89	99	
99.1	89.7	
99.3	98.8	
99.3	99.6	
99.1	99.2	
99.1	89.5	
99.3	98.8	
79.1	99	
99.1	99.4	
99.1	99.2	
98.9	99.6	
98.5	99.4	
99.1	98.8	
78.9	98	
68.8	99.4	
99.3	99.6	
79.1	99.2	
98.7	99.6	
98.3	99	
99.3	99.4	
89	99.2	
99.1	79.6	
89	88.7	
98.9	99.2	
98.9	99.6	
99.1	99.4	
98.5	99.4	
99.3	99.4	
99.3	99.6	
99.1	69.5	
99.3	89.5	
99.3	98.8	
