99.3	89.7	
98.9	89.7	
99.3	79.4	
99.3	89.7	
99.3	89.7	
99.1	89.7	
99.1	89.7	
99.3	89.5	
98.7	79.2	
78.7	78.8	
99.3	89.7	
88.6	79	
99.3	89.7	
99.3	89.7	
99.3	89.5	
99.1	89.7	
99.3	89.7	
99.1	89.7	
99.1	89.7	
99.3	89.5	
99.1	89.7	
99.1	89.5	
99.3	88.7	
99.3	88.9	
99.3	89.7	
99.3	79.6	
98.9	89.1	
99.1	69.3	
98.9	89.7	
99.3	89.5	
98.7	89.7	
99.3	89.1	
99.3	89.7	
99.1	79.4	
99.1	89.5	
99.1	89.1	
98.7	89.5	
98.9	88.7	
99.1	89.5	
99.1	89.7	
99.3	89.5	
98.7	89.7	
99.3	89.5	
98.7	89.7	
99.1	89.5	
99.1	89.5	
99.3	89.7	
98.9	89.5	
99.3	89.5	
99.1	89.7	
99.1	79.4	
89.4	89.7	
99.3	89.7	
99.3	89.7	
99.3	89.1	
99.3	89.5	
99.3	89.5	
98.3	89.5	
98.7	89.7	
99.1	89.7	
99.3	89.7	
99.3	89.7	
99.3	89.7	
99.1	89.7	
98.9	89.5	
99.3	79.4	
98.9	89.7	
99.3	89.5	
99.3	89.7	
99.1	89.7	
99.3	89.5	
99.1	89.3	
89	89.7	
99.1	89.7	
99.1	79.6	
99.1	89.3	
99.3	89.7	
99.1	89.7	
99.3	89.5	
99.3	89.7	
99.3	89.7	
99.3	89.7	
99.1	89.7	
99.1	69.3	
99.1	89.5	
98.9	89.7	
99.3	89.7	
99.3	89.5	
98.9	79.6	
99.3	89.7	
99.1	89.7	
98.7	79.2	
98.7	89.7	
98.9	89.5	
98.9	89.5	
99.3	89.7	
99.3	89.7	
99.3	89.5	
99.1	89.7	
89.4	89.5	
99.3	89.7	
99.3	89.7	
98.9	69.5	
99.3	59.4	
99.1	89.7	
99.1	89.7	
99.1	89.7	
99.1	89.7	
99.1	89.7	
99.1	89.7	
99.3	99.6	
99.3	99.6	
99.3	89.3	
99.3	89.7	
99.1	89.7	
99.1	69.5	
98.7	79.6	
98.9	89.7	
98.9	89.7	
99.1	79.6	
99.3	89.7	
99.1	79.6	
98.9	89.3	
89.2	89.7	
99.3	69.1	
99.1	89.7	
99.3	89.7	
99.3	89.7	
88	89.3	
99.3	89.7	
89	89.7	
99.3	99.4	
99.3	89.7	
99.3	89.7	
98.7	89.7	
99.3	89.5	
99.1	89.5	
99.3	89.7	
99.1	89.7	
99.3	89.7	
99.1	89.7	
98.9	89.5	
99.3	89.7	
98.7	89.7	
99.3	99.4	
98.5	89.5	
99.3	69.3	
99.3	88.9	
99.1	89.7	
98.9	89.5	
99.1	88.9	
98.9	89.7	
99.1	89.5	
99.1	89.5	
99.3	89.7	
99.3	89.7	
99.1	89.5	
99.3	89.7	
98.9	89.7	
99.1	89.7	
99.3	79.4	
98.9	79.4	
99.1	89.5	
68.6	79.2	
89.2	89.7	
99.3	89.7	
99.3	89.7	
98.5	89.7	
99.3	89.3	
99.3	89.5	
98.7	89.7	
99.3	89.7	
99.3	79	
99.1	89.7	
99.3	89.7	
99.3	89.5	
89.4	89.7	
99.3	89.7	
99.3	89.7	
99.3	89.5	
99.1	89.7	
99.3	89.7	
89.4	89.5	
98.9	89.7	
99.3	89.5	
99.3	89.3	
99.1	89.7	
99.1	89.5	
98.7	89.7	
98.9	89.7	
99.3	89.7	
89.2	99.6	
98.9	89.5	
98.7	79.6	
99.3	89.5	
99.1	69.5	
99.1	89.7	
98.9	89.7	
99.3	89.5	
99.3	89.1	
98.9	89.5	
99.3	89.5	
99.3	89.7	
98.9	89.1	
89	79.6	
99.1	89.7	
98.5	89.5	
99.1	89.5	
99.3	89.7	
98.9	89.7	
99.3	89.7	
99.1	99.4	
99.3	89.7	
79.3	89.7	
98.9	89.5	
99.1	89.1	
99.3	89.7	
98.9	89.7	
99.1	89.7	
99.3	89.3	
89.4	89.7	
89.2	89.7	
99.1	89.7	
99.1	89.7	
99.1	79.2	
99.3	89.7	
98.9	89.7	
99.3	89.7	
99.3	59.4	
99.3	89.7	
99.3	79.6	
98.1	89.7	
89.4	89.7	
99.1	89.7	
89	89.7	
99.1	89.5	
99.1	79.6	
89.2	89.5	
98.7	89.5	
89.2	79.6	
99.3	89.7	
99.1	89.5	
98.5	79.4	
99.3	89.7	
98.9	79.6	
99.3	89.7	
99.3	99.6	
99.3	89.7	
98.7	99.6	
99.1	79.2	
89.2	89.5	
88.2	89.7	
98.7	89.5	
99.3	89.5	
98.9	89.7	
99.1	89.5	
99.3	89.7	
99.1	89.7	
99.3	99.2	
98.5	89.7	
99.3	89.5	
99.1	89.7	
98.9	89.7	
99.1	89.3	
99.3	89.5	
99.3	89.5	
99.3	89.5	
98.9	89.5	
98.9	89.7	
99.3	89.3	
99.3	79	
99.3	89.7	
98.9	89.7	
99.1	79.4	
98.7	59.4	
89.4	89.7	
99.3	89.3	
98.7	89.5	
99.1	89.7	
99.3	79.2	
99.1	89.7	
99.1	89.7	
98.9	89.7	
99.1	89.7	
99.3	89.5	
99.1	89.7	
98.9	89.7	
99.3	89.7	
99.3	89.3	
99.3	89.7	
98.5	89.3	
98.9	78.8	
99.3	89.7	
99.3	89.3	
98.9	89.5	
98.9	89.5	
98.7	89.7	
99.1	89.7	
98.9	89.7	
99.3	89.7	
98.7	79.6	
98.9	99.6	
99.3	89.7	
99.1	89.5	
99.3	89.3	
99.3	89.5	
99.3	89.7	
99.1	89.7	
99.3	89.7	
98.7	89.7	
99.3	89.7	
98.9	89.7	
99.1	89.7	
99.1	89.7	
99.3	89.7	
99.3	89.7	
99.3	89.7	
98.9	89.7	
98.9	89.7	
99.3	89.1	
98.9	79	
98.3	89.7	
98.9	89.5	
99.1	69.5	
99.3	89.5	
99.1	89.7	
99.3	89.7	
89.4	89.3	
99.3	69.5	
99.1	89.7	
99.1	89.3	
99.3	99.6	
99.3	89.5	
99.3	99.4	
98.9	89.7	
99.1	89.7	
99.1	89.3	
98.9	89.7	
89.4	79.6	
98.9	89.7	
99.3	89.7	
98.9	89.7	
99.3	89.7	
99.1	79.2	
99.1	89.7	
99.3	89.7	
99.3	89.7	
98.9	89.7	
99.1	99.6	
99.3	99.6	
99.1	89.5	
99.3	89.7	
99.3	89.7	
99.3	89.7	
99.1	89.5	
98.1	89.7	
98.9	89.7	
99.1	89.5	
79.3	79.6	
99.1	89.7	
89.2	89.5	
89.2	89.7	
99.3	89.7	
98.9	89.7	
99.1	89.5	
99.3	89.5	
99.1	99.6	
99.3	89.5	
99.3	89.3	
99.1	89.5	
98.3	79.6	
98.9	89.7	
99.1	89.7	
89.4	89.7	
89.4	89.7	
99.3	79.6	
99.1	79.6	
98.9	89.7	
98.9	89.7	
98.1	89.5	
89	89.7	
99.3	89.7	
98.9	89.7	
78.7	99.6	
99.1	89.5	
99.1	78.8	
98.9	79.4	
99.1	89.7	
99.3	89.5	
98.9	89.7	
98.9	69.3	
99.1	89.7	
99.1	79.2	
89.4	89.7	
99.3	89.7	
89.4	89.7	
99.3	89.7	
99.3	89.7	
98.9	89.7	
98.9	79.2	
98.1	89.7	
99.3	89.7	
99.1	89.5	
98.9	89.7	
99.3	89.5	
99.3	89.7	
99.3	69.5	
99.1	89.1	
98.7	79.6	
99.1	89.7	
98.9	89.7	
89.2	89.7	
98.7	89.7	
98.9	89.7	
98.9	99.6	
98.5	79.2	
99.1	89.7	
98.7	89.5	
98.9	89.3	
99.3	89.7	
99.3	89.7	
99.3	89.7	
99.3	99.6	
99.3	89.7	
99.3	89.7	
99.1	89.5	
99.3	89.5	
98.9	89.5	
99.3	89.7	
99.1	89.7	
89.4	89.7	
98.9	79.6	
99.3	79.6	
89.2	89.7	
99.1	89.7	
98.9	79.6	
99.1	79.6	
99.3	89.3	
99.1	89.7	
99.3	89.7	
99.3	89.7	
99.3	89.7	
98.9	89.7	
98.9	79.2	
99.1	79.6	
99.1	89.7	
99.3	89.7	
99.3	89.3	
99.3	89.5	
99.3	69.5	
99.3	79.2	
99.3	89.7	
99.1	89.3	
99.3	99.4	
99.3	89.7	
99.1	89.7	
99.3	89.5	
99.1	89.7	
99.3	89.7	
99.3	89.7	
89.4	79.4	
99.1	89.7	
98.9	89.7	
99.3	89.7	
98.9	89.7	
98.7	79.4	
99.3	89.7	
98.9	89.7	
99.3	89.3	
99.1	79.6	
99.3	89.7	
99.3	88.5	
98.9	88.7	
98.9	89.7	
88.2	89.7	
99.1	89.7	
99.3	89.5	
99.3	69.1	
99.3	89.3	
99.3	79.6	
99.1	89.7	
98.9	89.7	
99.1	88.9	
99.1	89.7	
98.9	89.7	
99.3	89.3	
99.1	89.7	
99.3	89.7	
99.1	89.7	
98.9	89.7	
89.4	99.2	
99.3	88.7	
99.1	79.2	
99.3	89.7	
99.3	89.5	
99.3	98.8	
98.7	89.5	
99.1	89.3	
98.9	89.5	
99.3	89.7	
99.3	89.7	
99.1	89.7	
98.3	99.6	
99.1	89.7	
99.3	89.7	
99.3	89.7	
99.1	89.7	
98.9	89.7	
98.9	89.5	
99.3	89.5	
99.3	89.7	
98.9	89.5	
98.9	89.7	
99.1	89.7	
89.2	89.7	
99.3	89.5	
99.1	99.2	
99.3	89.3	
99.3	89.5	
99.1	79.6	
99.3	89.5	
99.1	89.7	
99.3	89.7	
98.5	79.4	
99.3	79.6	
98.5	89.5	
99.1	89.5	
99.3	89.7	
98.9	89.5	
99.3	69.5	
99.1	89.5	
98.7	89.5	
99.3	89.3	
99.3	89.7	
99.1	89.7	
99.1	89.7	
99.3	88.3	
99.3	89.7	
99.1	79.6	
99.3	89.3	
99.3	79.6	
99.3	79.6	
99.1	89.7	
99.1	89.7	
99.1	89.7	
98.5	89.7	
99.1	89.5	
99.3	79.6	
99.3	89.7	
99.1	89.7	
99.1	99.6	
99.1	89.3	
99.3	89.7	
99.1	89.7	
98.7	89.7	
98.9	89.7	
99.3	79.6	
99.1	89.7	
99.3	89.7	
99.1	89.7	
99.3	79.4	
98.9	89.7	
99.3	89.7	
99.1	89.7	
99.1	89.5	
89.2	89.7	
99.3	79	
98.5	89.5	
99.3	89.7	
99.3	89.5	
99.3	99.4	
99.3	89.5	
98.9	79.6	
89.4	89.1	
99.1	79.6	
99.3	89.7	
99.3	89.7	
98.7	78.6	
99.1	89.7	
99.1	79.6	
98.9	79.4	
99.1	89.7	
99.3	89.5	
99.1	89.5	
99.3	89.5	
99.1	89.7	
99.3	89.1	
79.5	89.5	
99.1	89.7	
89.4	89.7	
99.3	89.7	
99.1	79.6	
99.1	89.7	
99.1	89.7	
99.3	89.5	
99.1	89.7	
89.4	89.7	
99.3	79.4	
99.1	79.6	
99.3	89.7	
99.1	89.7	
99.3	89.7	
99.3	89.7	
99.3	89.7	
99.3	89.3	
99.3	89.7	
99.3	89.7	
98.5	89.7	
88.6	89.7	
99.3	89.5	
99.3	89.7	
98.7	79.6	
99.3	89.7	
89.4	89.5	
99.3	89.7	
99.1	89.1	
99.1	89.7	
89.4	89.7	
98.9	89.5	
98.5	99.6	
99.3	79.4	
99.3	89.7	
99.3	89.7	
99.1	89.7	
99.1	89.7	
99.3	89.7	
99.3	89.7	
98.5	89.7	
98.9	89.3	
99.1	89.7	
98.3	89.7	
99.1	89.7	
99.1	89.1	
99.3	89.5	
99.1	89.3	
99.1	89.7	
99.3	89.7	
99.1	89.5	
98.9	89.7	
79.1	89.5	
98.9	88.7	
98.7	89.7	
98.3	89.7	
99.1	89.5	
98.9	89.7	
99.3	79.4	
99.1	89.7	
99.1	89.7	
98.7	89.7	
99.3	89.7	
99.1	79.6	
99.1	89.7	
99.3	89.7	
98.7	89.5	
98.5	89.7	
99.1	89.7	
99.1	89.5	
99.1	89.7	
99.3	89.7	
99.3	89.7	
98.9	88.9	
99.3	89.5	
99.3	89.7	
99.3	89.7	
99.3	79.4	
99.3	89.7	
99.1	69.3	
99.3	89.5	
99.3	89.7	
99.3	89.7	
99.3	89.7	
99.1	89.5	
99.3	89.7	
98.7	79.6	
99.3	89.7	
99.1	89.7	
99.3	89.7	
98.5	89.5	
99.3	89.7	
98.9	89.7	
99.3	89.7	
99.3	89.7	
99.1	89.5	
98.5	89.7	
99.1	89.7	
99.1	89.5	
98.9	89.5	
99.1	88.7	
99.3	89.7	
98.7	89.5	
99.3	99.6	
89.4	89.7	
99.1	79.2	
99.1	89.5	
99.3	89.7	
99.3	89.7	
99.3	89.3	
99.3	89.7	
98.3	89.7	
98.9	89.7	
98.7	89.7	
98.9	89.7	
89.4	89.7	
99.3	89.7	
98.5	99.4	
99.3	89.7	
98.5	99.6	
99.1	89.7	
99.1	89.7	
99.1	69.3	
99.3	89.7	
99.3	99.2	
99.1	89.5	
99.1	89.7	
99.1	89.5	
99.3	89.7	
99.3	89.5	
98.9	89.7	
89.2	89.7	
99.3	89.7	
98.9	89.7	
99.3	89.7	
99.3	79.6	
99.1	89.7	
99.1	89.5	
99.3	89.5	
98.7	89.7	
98.9	89.7	
99.3	89.7	
99.3	89.7	
99.1	89.7	
99.1	89.7	
99.3	89.5	
98.9	89.7	
99.1	79.6	
98.9	89.7	
99.3	99.6	
99.3	89.5	
98.5	89.7	
98.7	79.6	
99.1	89.7	
98.9	89.5	
88.8	89.7	
98.7	89.7	
99.3	89.5	
99.1	89.5	
88.8	99.6	
79.3	89.7	
98.9	89.7	
99.1	89.7	
99.1	89.7	
98.9	89.3	
89.4	89.7	
99.1	89.1	
98.7	79.6	
99.3	89.7	
99.3	89.7	
99.3	79.6	
99.3	89.7	
98.7	79.6	
98.9	89.3	
99.1	99.6	
99.1	89.7	
99.1	89.7	
99.3	89.7	
99.3	89.7	
99.3	89.3	
99.1	89.7	
98.9	89.5	
99.1	88.7	
99.1	89.7	
99.1	99.4	
99.3	89.7	
98.9	89.7	
98.9	89.7	
99.3	89.7	
98.9	88.9	
98.7	89.7	
99.3	89.7	
99.3	88.9	
98.9	89.7	
98.5	89.5	
99.1	79.6	
99.3	89.5	
99.3	89.7	
98.5	89.7	
99.3	89.7	
99.3	89.7	
99.1	89.7	
99.1	79.6	
99.3	79.4	
98.9	89.7	
99.3	89.5	
99.3	89.7	
98.7	89.5	
99.3	89.7	
99.3	69.5	
98.9	89.7	
99.3	79	
99.1	89.7	
99.3	79.6	
99.3	89.7	
99.3	89.7	
99.1	89.7	
89.2	89.3	
89.4	79.6	
99.1	89.5	
98.9	79.6	
99.3	89.7	
99.1	89.7	
99.3	89.7	
99.3	89.7	
98.9	79.6	
99.1	99.6	
99.3	79.6	
99.1	99	
99.3	89.7	
99.1	79.6	
98.9	89.7	
99.3	89.3	
99.3	89.7	
99.1	89.7	
99.3	89.7	
99.3	89.7	
99.3	89.5	
99.3	89.7	
99.1	79.4	
99.3	89.7	
99.3	89.7	
98.5	89.7	
99.3	89.5	
99.1	89.7	
98.9	89.5	
99.1	89.7	
98.7	89.3	
99.1	89.7	
99.1	89.7	
98.7	89.5	
99.3	89.7	
89.4	89.7	
99.3	69.3	
98.9	89.5	
99.1	89.7	
99.1	89.5	
99.1	89.7	
99.3	89.5	
98.9	89.5	
98.9	89.7	
99.3	89.7	
98.7	89.7	
98.7	89.7	
99.3	79.4	
99.3	89.3	
99.3	99.6	
99.1	89.7	
99.3	89.7	
99.1	89.1	
99.3	89.7	
99.3	89.7	
99.3	89.7	
98.9	89.7	
98.9	89.7	
99.3	89.7	
99.3	89.7	
99.3	89.5	
99.3	89.7	
99.1	89.7	
99.1	89.5	
99.3	89.7	
99.3	89.1	
99.3	89.3	
99.1	89.7	
99.3	88.7	
89.2	89.5	
98.9	89.7	
99.3	89.7	
98.3	99.6	
99.1	79.6	
98.9	89.7	
99.3	89.7	
99.3	89.7	
98.9	69.5	
99.1	89.7	
99.1	89.5	
98.5	89.7	
98.7	79.6	
99.3	89.5	
99.3	89.7	
99.3	89.3	
99.3	89.7	
99.1	89.7	
99.3	89.7	
99.3	89.7	
99.3	89.7	
98.9	89.7	
99.3	89.7	
99.3	79.6	
99.1	89.7	
99.1	89.5	
99.3	89.7	
99.1	79.2	
98.9	89.7	
99.3	89.7	
99.1	89.5	
99.1	79.6	
99.3	89.7	
99.1	89.5	
99.3	79.6	
99.3	89.5	
98.9	89.7	
99.3	79.4	
99.3	89.1	
99.3	89.7	
99.3	89.7	
99.1	89.7	
99.1	79.4	
99.3	99.6	
99.1	89.7	
99.3	89.5	
99.3	89.5	
99.1	89.5	
99.3	89.7	
98.9	79.6	
98.9	89.7	
99.3	89.7	
98.9	89.7	
99.3	89.7	
99.3	89.7	
99.3	99.6	
98.7	69.3	
99.3	99.6	
99.1	89.5	
99.1	89.7	
99.3	89.7	
99.1	89.7	
89.4	89.7	
98.9	89.7	
97.7	89.7	
99.1	89.7	
99.1	89.7	
99.3	89.7	
99.3	89.7	
98.7	88.7	
99.1	89.7	
99.1	89.7	
99.1	79.6	
99.3	89.7	
99.3	89.7	
99.1	89.7	
99.1	89.3	
98.5	89.7	
98.9	79.6	
99.3	89.5	
99.3	89.7	
99.3	89.7	
99.3	89.3	
99.3	89.7	
98.9	99.6	
99.1	89.7	
98.9	89.7	
99.1	89.5	
99.3	89.7	
89.2	79	
99.1	89.7	
99.1	89.7	
89.4	89.7	
98.9	79.6	
99.1	89.7	
99.3	89.1	
99.3	89.5	
98.9	89.5	
99.3	89.5	
99.1	88.7	
98.9	89.7	
98.9	89.7	
99.3	89.7	
99.3	89.7	
88.8	89.7	
99.1	79.6	
99.3	89.7	
99.3	89.7	
99.1	89.7	
98.9	79.4	
99.1	88.7	
98.9	89.7	
99.3	79.6	
99.3	79	
99.1	79.6	
98.9	89.7	
99.3	69.5	
98.9	89.7	
99.3	89.7	
99.1	89.3	
99.3	89.7	
98.9	89.5	
99.1	89.7	
98.7	89.7	
99.3	89.7	
99.3	89.7	
99.1	89.7	
