99.1	89.5	
98.9	89.7	
99.3	89.5	
99.3	89.7	
99.1	89.7	
99.3	89.7	
98.7	69.1	
99.3	89.7	
99.1	89.7	
99.1	79.2	
99.3	89.5	
99.1	89.7	
99.1	89.7	
98.9	79	
99.3	89.7	
99.1	89.3	
99.1	79.2	
99.3	89.7	
99.3	89.7	
99.3	89.7	
99.3	89.7	
98.7	89.5	
98.9	89.7	
98.9	89.7	
99.3	58.2	
99.3	89.7	
99.1	89.5	
98.9	89.7	
98.9	89.7	
99.1	89.7	
99.3	89.7	
98.9	89.7	
99.3	89.5	
99.3	89.5	
99.1	89.7	
99.3	89.7	
99.3	99.2	
99.1	89.7	
99.1	89.5	
98.7	89.7	
99.1	79.6	
99.3	89.7	
99.1	99.4	
99.3	89.5	
99.3	79	
99.3	89.7	
99.1	89.5	
99.3	89.7	
99.3	89.7	
98.9	89.5	
98.9	89.5	
98.9	89.7	
98.5	89.7	
99.3	89.7	
98.5	89.7	
99.3	89.7	
99.3	89.1	
99.3	89.7	
99.3	89.7	
99.3	89.7	
99.3	89.7	
98.7	89.7	
99.1	89.7	
99.3	89.7	
99.1	89.5	
98.9	89.7	
98.9	89.3	
99.3	78.6	
99.1	99.4	
99.3	89.7	
99.3	89.5	
99.3	89.7	
99.3	89.7	
99.3	89.7	
98.9	89.3	
99.1	89.7	
98.9	78.8	
99.3	89.5	
99.3	89.5	
99.1	89.7	
99.1	89.7	
99.3	78.8	
98.9	89.5	
99.1	89.7	
99.1	89.5	
99.3	89.7	
98.7	89.7	
99.1	89.3	
98.1	89.5	
99.3	89.7	
99.1	89.7	
98.9	79.4	
99.3	89.3	
99.3	89.7	
99.3	89.7	
99.3	89.7	
99.3	89.1	
98.1	89.3	
99.3	89.7	
99.1	89.3	
99.3	79	
99.3	89.7	
99.1	89.5	
86.8	89.7	
98.5	89.1	
99.3	89.7	
98.7	99.4	
99.1	89.1	
99.1	78.8	
99.3	89.7	
98.9	89.7	
99.3	89.7	
99.1	89.7	
99.3	79.6	
99.1	89.5	
99.3	89.7	
99.1	89.7	
99.1	89.7	
99.1	89.7	
99.3	89.3	
99.1	89.7	
98.7	89.7	
99.3	89.3	
98.9	89.7	
98.9	89.3	
99.3	89.7	
98.9	79.4	
99.3	89.7	
98.9	79.4	
98.7	89.7	
99.3	88.9	
98.5	78.6	
98.7	79.6	
99.3	89.7	
98.7	79.2	
99.3	89.7	
98.9	89.7	
99.3	89.3	
99.3	79.4	
99.3	89.7	
98.7	89.3	
99.3	89.5	
99.1	89.5	
88	79.6	
98.9	89.5	
99.1	89.7	
99.1	89.7	
99.3	99.2	
99.1	89.7	
99.1	88.9	
99.1	79.6	
98.7	89.7	
99.1	89.7	
98.3	89.7	
99.1	89.5	
99.3	89.7	
98.7	79.6	
98.3	89.7	
98.9	89.7	
98.9	89.1	
99.1	89.7	
99.1	89.7	
99.3	89.7	
99.1	89.7	
99.1	89.5	
99.3	79	
98.5	89.7	
99.3	89.3	
98.9	89.7	
99.1	89.7	
99.3	89.7	
99.3	89.7	
98.7	79.4	
98.9	88.9	
98.9	89.7	
99.1	69.3	
99.3	89.7	
99.1	89.7	
99.1	89.5	
99.1	89.7	
99.1	89.3	
99.3	89.7	
98.7	89.7	
99.1	88.9	
99.1	99.4	
99.3	89.7	
99.1	89.3	
98.7	89.7	
99.1	89.5	
99.1	89.7	
99.1	79.6	
99.3	89.7	
99.1	89.7	
99.1	89.7	
99.1	89.5	
99.1	89.5	
99.3	78.4	
98.7	89.7	
99.3	69.5	
99.1	89.7	
99.1	89.5	
98.9	89.7	
99.3	69.5	
99.3	79.4	
99.3	89.7	
98.9	99.4	
99.1	88.9	
99.3	89.5	
98.9	89.7	
99.1	89.7	
98.9	89.7	
98.9	89.7	
99.1	89.7	
98.9	89.7	
99.3	89.7	
99.3	89.7	
98.9	79.6	
99.3	89.7	
99.3	89.7	
99.3	89.7	
99.3	89.7	
99.3	99.4	
99.3	89.7	
99.3	89.7	
99.3	89.7	
99.3	89.7	
98.7	48.5	
99.1	89.7	
98.9	89.7	
98.9	79	
99.3	89.7	
99.3	89.7	
99.3	89.7	
99.3	89.3	
99.3	99.4	
99.3	89.5	
99.3	79.2	
99.1	89.5	
99.3	79.6	
99.3	89.7	
99.1	89.7	
99.3	99.2	
99.3	89.5	
99.1	89.7	
99.3	79.6	
99.3	89.3	
99.1	79.6	
99.1	89.7	
99.3	69.3	
99.1	89.7	
99.3	79.6	
98.7	79.2	
99.3	89.5	
98.7	89.7	
98.7	89.7	
98.9	69.1	
99.1	78.8	
99.3	89.7	
99.1	89.5	
98.7	89.5	
99.1	89.7	
99.3	89.7	
99.3	89.7	
99.3	89.7	
99.1	79.4	
99.3	89.7	
98.9	89.3	
99.3	89.7	
99.1	89.5	
99.3	79.2	
98.3	89.7	
99.3	89.7	
99.3	89.7	
99.3	99.4	
99.1	89.7	
99.1	89.5	
99.3	89.5	
98.7	89.7	
88.2	89.5	
98.7	89.7	
99.3	99.4	
99.1	89.7	
98.9	89.5	
99.3	89.7	
99.1	89.7	
99.3	89.7	
99.3	89.3	
99.3	79.4	
99.3	89.7	
99.1	79.4	
99.3	89.5	
99.1	89.7	
99.1	89.5	
98.9	89.7	
99.3	79.6	
99.3	79.4	
98.9	89.7	
99.3	89.7	
98.9	89.7	
99.3	89.3	
99.1	89.7	
98.7	89.1	
99.3	89.7	
99.1	99.2	
99.1	79.2	
99.1	89.7	
99.1	89.7	
99.3	89.7	
99.3	79.6	
99.1	79.6	
98.9	89.5	
99.1	89.7	
98.5	89.3	
99.1	79.6	
99.3	89.5	
99.3	79.6	
99.1	79.6	
98.9	99.4	
98.9	89.3	
99.3	79.4	
98.9	89.7	
99.1	99.2	
99.3	89.5	
99.3	89.5	
98.3	89.7	
99.3	89.7	
99.1	99.2	
98.9	88.7	
98.9	89.5	
98.7	89.7	
99.3	89.5	
99.1	89.3	
99.1	89.7	
99.3	79.2	
99.1	89.3	
99.1	89.7	
98.7	89.7	
99.3	89.5	
99.1	79.2	
98.9	79.2	
99.3	89.7	
99.1	78.6	
99.3	78.8	
99.1	89.7	
99.1	89.5	
99.3	99.2	
98.7	89.1	
99.1	89.7	
99.3	89.5	
99.1	89.7	
98.7	89.5	
98.9	89.7	
99.1	89.7	
99.3	69.1	
99.3	89.3	
98.3	89.3	
98.9	89.7	
99.1	89.5	
99.3	89.7	
99.3	89.7	
98.5	89.7	
98.9	89.7	
99.3	88.5	
99.1	89.7	
98.9	89.5	
87.6	89.5	
99.3	89.7	
99.1	89.7	
98.7	89.7	
99.3	89.7	
98.7	88.7	
98.7	89.7	
99.3	79.6	
99.3	88.9	
98.7	89.7	
99.1	89.5	
99.1	89.7	
99.1	89.5	
98.7	79.6	
99.1	89.3	
99.1	89.7	
99.3	89.7	
99.3	89.7	
98.5	89.7	
99.1	69.1	
99.3	79.6	
99.3	89.7	
99.3	78.2	
99.3	79.2	
99.3	89.7	
98.9	89.7	
99.1	89.7	
99.3	89.1	
99.3	89.7	
98.9	89.7	
99.1	89.5	
99.3	89.3	
98.7	89.7	
99.1	89.3	
99.3	79.2	
98.9	59.2	
88.4	79.4	
99.3	89.3	
99.1	89.7	
88.4	89.7	
99.3	89.7	
99.3	89.3	
98.5	79.4	
99.3	68.5	
98.9	89.5	
98.5	79.4	
99.3	89.5	
99.1	89.3	
99.3	89.7	
88.4	89.7	
99.1	89.7	
99.1	79.4	
98.9	88.5	
99.3	89.7	
98.5	89.3	
99.1	89.7	
98.7	79.6	
99.1	99	
99.3	89.7	
99.1	89.7	
99.3	89.3	
99.3	89.7	
99.3	89.7	
99.1	89.7	
99.3	79.6	
99.3	89.5	
99.3	79.6	
98.7	89.7	
99.1	89.7	
99.1	89.7	
98.9	89.7	
99.3	89.7	
99.3	89.5	
98.9	89.7	
99.3	89.3	
98.9	89.7	
99.3	79.6	
99.3	89.5	
99.1	89.7	
98.9	89.7	
98.5	89.7	
99.1	69.1	
99.1	89.7	
99.3	48.5	
99.1	89.7	
98.9	88.7	
99.1	79	
99.3	89.7	
99.3	89.7	
99.1	89.7	
99.1	89.5	
99.3	89.5	
99.1	89.7	
99.1	79.4	
98.7	89.3	
99.3	89.5	
98.9	89.7	
99.1	89.5	
99.1	89.7	
99.1	89.7	
99.3	89.7	
98.7	89.7	
99.3	89.7	
99.1	89.7	
88	89.7	
99.3	89.5	
99.1	89.7	
99.1	89.7	
99.1	99.2	
98.9	89.5	
99.1	89.7	
99.1	89.5	
98.3	88.9	
99.3	89.7	
99.1	89.7	
98.9	89.5	
99.3	89.7	
98.9	89.7	
99.1	89.7	
98.7	89.7	
98.9	89.3	
99.1	89.7	
99.3	89.7	
98.9	99.2	
99.3	89.7	
99.1	89.7	
99.1	89.7	
99.3	89.7	
98.7	89.7	
99.1	89.5	
99.1	89.7	
99.3	89.3	
99.3	89.5	
98.9	79.4	
98.9	89.3	
99.1	89.7	
99.1	89.3	
98.7	89.5	
99.3	79.4	
98.9	89.7	
99.3	89.3	
99.3	89.3	
98.9	89.7	
98.3	89.3	
98.9	89.7	
99.1	89.7	
98.9	79	
99.1	89.1	
99.3	89.7	
99.1	89.7	
99.3	89.7	
99.3	89.7	
99.1	89.7	
99.1	89.7	
99.1	89.3	
98.9	89.7	
98.9	89.7	
99.3	89.7	
99.1	79.6	
99.3	89.7	
99.3	89.7	
99.1	69.3	
98.9	89.7	
99.3	89.3	
99.3	89.7	
98.9	89.7	
99.1	89.7	
99.1	89.5	
99.3	89.3	
99.3	99.4	
99.3	89.7	
98.3	89.7	
99.3	89.5	
99.1	89.7	
99.3	89.7	
98.9	79.2	
99.1	89.7	
99.1	89.3	
99.1	99.6	
88.2	89.5	
99.3	89.3	
98.9	99.4	
99.3	89.7	
98.7	89.7	
99.3	89.7	
98.7	89.7	
99.1	89.7	
99.3	89.7	
99.1	89.7	
99.1	79	
99.1	99.4	
99.3	79.6	
99.3	88.9	
98.7	89.7	
98.9	89.7	
98.9	89.7	
98.9	89.5	
99.3	89.7	
99.3	89.7	
99.1	89.7	
99.3	89.7	
99.3	89.7	
99.3	89.7	
99.3	89.3	
99.1	89.7	
99.3	89.7	
99.3	68.9	
98.9	89.7	
99.3	89.5	
99.1	89.3	
99.3	89.7	
99.1	89.5	
98.9	89.7	
98.5	89.7	
98.5	89.7	
99.1	99	
99.3	89.7	
99.3	89.1	
99.3	99.2	
99.3	69.1	
99.3	89.7	
97.3	79.4	
99.1	89.7	
99.1	89.5	
98.9	89.7	
98.7	89.7	
98.9	89.1	
99.1	89.7	
99.1	89.5	
98.9	89.1	
97.5	79.4	
99.3	89.5	
99.3	79.6	
99.1	89.7	
99.1	89.7	
98.9	89.5	
98.5	89.3	
99.3	89.7	
99.3	79.6	
99.3	89.7	
98.7	89.7	
98.9	89.7	
99.1	89.5	
99.1	89.7	
98.9	89.5	
88.6	78.8	
99.1	89.7	
97.5	89.5	
99.3	89.7	
99.3	89.7	
99.1	89.5	
99.1	78.6	
98.9	89.7	
99.1	89.7	
98.9	89.7	
99.3	89.3	
98.7	79.2	
99.1	89.7	
99.3	89.7	
99.3	89.7	
99.3	99	
98.9	89.7	
98.1	79.6	
99.1	89.1	
88.8	89.7	
99.3	89.7	
98.9	89.7	
99.1	99.2	
98.9	79.6	
99.3	89.7	
99.1	99.4	
99.3	89.5	
99.3	89.7	
99.3	79.2	
99.1	89.5	
99.1	79.4	
98.7	89.7	
99.1	89.7	
99.1	99.4	
99.3	89.7	
98.5	89.3	
98.9	89.7	
99.3	89.7	
99.3	89.1	
99.1	89.5	
99.1	89.3	
99.3	89.7	
99.3	89.7	
98.9	89.7	
99.3	79.6	
99.3	89.7	
99.3	89.3	
99.3	79.6	
99.3	89.7	
99.3	89.5	
99.3	99.4	
99.1	88.7	
98.9	89.5	
99.1	89.7	
99.1	89.3	
99.3	89.7	
99.3	89.5	
98.9	89.7	
99.1	89.7	
99.3	79.6	
99.3	79.4	
97.9	89.7	
98.9	89.5	
99.3	89.5	
99.3	89.7	
99.3	99.4	
98.9	89.5	
99.3	89.7	
99.3	89.7	
99.3	89.7	
98.9	89.1	
98.9	89.5	
99.1	79.2	
99.3	78	
99.3	89.7	
99.3	79.6	
98.5	89.5	
99.3	89.7	
99.1	89.7	
98.7	89.5	
98.9	89.3	
99.1	79.6	
99.1	89.5	
98.9	88.9	
98.7	99.4	
98.9	89.7	
99.3	89.5	
88.4	79.4	
99.3	89.3	
98.7	89.7	
99.1	99	
99.3	89.7	
99.3	89.3	
98.7	89.7	
99.3	89.7	
99.1	89.7	
99.3	79.4	
99.3	89.5	
99.1	89.7	
99.1	89.7	
98.9	89.5	
99.1	89.3	
99.3	89.7	
99.3	88.9	
98.9	89.7	
99.1	89.7	
98.9	89.3	
99.3	89.7	
99.3	89.7	
99.3	89.7	
99.3	89.1	
99.1	89.5	
99.3	89.7	
99.3	89.7	
99.3	79.6	
99.3	79	
98.9	89.5	
99.1	89.5	
99.3	89.7	
98.9	89.5	
99.3	89.5	
98.9	89.7	
99.1	89.3	
99.1	89.7	
99.3	89.7	
98.7	89.5	
98.9	79.6	
98.9	89.7	
99.1	89.7	
99.3	89.5	
99.3	89.7	
99.1	89.5	
99.3	89.7	
99.3	89.7	
98.7	89.7	
99.3	89.5	
99.1	89.7	
99.3	89.3	
99.3	89.3	
98.9	89.5	
99.3	89.7	
98.9	78.8	
99.3	89.3	
99.3	89.5	
99.1	89.5	
99.1	89.5	
99.3	89.5	
99.3	89.3	
99.3	89.7	
98.9	89.5	
98.9	99	
98.9	89.7	
99.1	79.6	
98.9	89.1	
98.9	89.7	
98.5	89.7	
99.1	88.7	
99.3	79.2	
99.1	89.5	
99.3	89.5	
98.7	89.5	
99.3	99.4	
98.9	89.5	
98.3	89.5	
99.1	68.7	
99.3	89.5	
99.1	89.5	
99.3	79	
99.3	89.7	
98.9	99.2	
99.1	68.7	
99.1	89.1	
99.3	89.7	
99.3	89.7	
99.3	89.7	
99.3	89.5	
98.7	79.6	
99.1	89.7	
98.5	89.7	
99.3	89.7	
98.7	99.4	
99.1	79.4	
99.3	88.9	
99.3	89.7	
99.3	89.7	
98.7	89.7	
99.3	89.3	
99.1	99.4	
98.7	89.7	
99.1	89.7	
99.1	89.5	
98.9	89.7	
99.3	89.5	
98.9	59	
99.3	89.7	
98.7	88.7	
98.5	99.4	
99.1	89.7	
98.9	89.3	
98.7	89.7	
98.9	89.7	
98.5	89.3	
98.7	89.3	
99.3	89.7	
99.1	89.7	
99.3	89.7	
99.3	78.6	
98.7	89.5	
99.3	79.6	
99.3	89.3	
99.3	89.7	
99.3	89.7	
98.9	69.5	
98.7	89.7	
98.9	89.5	
98.9	58.8	
99.3	89.5	
99.1	89.7	
98.9	88.9	
98.9	99.2	
99.1	89.5	
99.1	89.7	
99.3	89.5	
99.1	79	
98.7	99.4	
99.3	89.5	
99.3	89.7	
98.7	89.7	
99.3	89.7	
98.9	89.5	
99.3	89.7	
99.1	89.3	
99.3	89.7	
99.3	89.7	
99.3	69.1	
99.3	89.5	
99.1	89.7	
99.1	89.7	
98.9	89.7	
98.9	89.7	
99.1	99.4	
99.3	89.5	
99.1	89.5	
99.3	89.7	
99.3	89.7	
99.1	89.7	
99.3	88.7	
99.1	89.1	
99.1	89.7	
99.1	79.2	
98.5	89.5	
98.7	99.4	
99.1	89.7	
98.9	89.5	
99.3	89.7	
99.3	89.7	
99.1	89.7	
98.9	89.7	
99.3	89.5	
99.3	79.2	
99.3	89.5	
99.3	89.5	
99.3	99.2	
98.1	89.3	
98.3	89.7	
98.7	89.3	
98.9	89.5	
99.3	89.5	
98.9	89.7	
98.9	89.7	
98.9	79.6	
99.1	79.2	
99.1	89.7	
99.1	89.7	
98.9	89.7	
99.3	79.2	
99.3	89.1	
98.9	89.5	
99.1	89.7	
99.1	89.7	
99.1	89.3	
99.1	88.3	
88.2	89.7	
99.3	89.7	
99.1	89.1	
99.1	89.7	
99.1	89.7	
98.9	89.7	
99.3	89.7	
88.6	89.3	
98.9	89.5	
99.3	89.7	
98.9	89.7	
99.1	89.7	
99.3	89.7	
99.1	89.7	
98.7	79.6	
99.3	89.5	
99.3	89.7	
99.3	79.2	
98.9	89.7	
98.7	89.7	
99.3	89.5	
99.3	89.7	
99.1	89.7	
99.3	79.2	
99.3	99.2	
99.3	89.7	
99.1	79	
99.3	79.2	
99.1	89.5	
98.9	89.7	
99.1	89.5	
99.1	89.7	
98.5	79.2	
99.3	79.4	
98.9	89.5	
87.4	89.5	
99.1	89.7	
99.3	89.5	
99.3	89.7	
99.3	89.7	
99.3	89.7	
98.9	89.7	
99.3	89.7	
99.3	89.7	
98.5	89.7	
99.3	89.7	
99.3	89.7	
99.3	89.3	
99.3	99.4	
99.1	99.4	
99.3	79.4	
98.9	89.7	
98.5	89.7	
99.1	89.7	
99.3	89.7	
99.1	89.3	
99.3	89.7	
98.9	68.5	
98.9	99.4	
98.9	89.7	
98.9	89.1	
98.3	89.5	
88.4	89.5	
99.3	88.9	
99.1	89.7	
99.3	89.7	
99.1	89.7	
98.5	79.6	
99.3	89.7	
99.1	79.6	
98.7	89.3	
99.1	89.5	
99.1	89.1	
99.3	89.7	
98.5	79.6	
99.1	89.7	
99.3	89.7	
99.3	89.5	
99.3	89.7	
99.3	89.7	
99.1	89.7	
99.1	89.7	
99.1	89.7	
99.1	78.8	
98.9	89.7	
99.3	89.7	
99.3	89.7	
99.3	99.6	
99.1	89.7	
99.3	89.7	
99.1	89.7	
98.9	88.7	
99.1	89.7	
99.1	89.7	
99.3	89.7	
99.3	89.7	
98.9	89.7	
98.9	79.2	
99.1	88.3	
99.3	89.1	
99.1	89.7	
98.7	89.5	
99.3	89.7	
99.3	89.7	
99.1	89.5	
98.7	79.6	
98.5	79.2	
99.3	89.7	
