98.9	99.4	
98.3	99	
99.1	89.3	
99.1	99	
99.1	99.6	
99.1	99.6	
98.9	99.2	
99.3	89.5	
98.7	99.6	
99.3	99.4	
99.1	99.6	
99.3	99.4	
98.5	89.5	
88.8	99.6	
99.1	99.6	
98.3	99.6	
99.3	99.6	
99.1	99.6	
99.1	99.2	
99.1	99.6	
88.4	99.2	
99.3	99.6	
98.7	99.6	
98.7	99.4	
99.1	99.4	
99.1	99.6	
98.9	99.4	
99.1	99.4	
99.3	99.4	
98.9	99.4	
99.3	99.4	
98.9	99.6	
99.3	99.6	
98.1	99.2	
99.1	89.3	
99.3	99.6	
99.1	99.6	
98.9	99.4	
99.3	99.6	
99.1	99.6	
99.3	99.6	
98.3	99.4	
99.1	99.6	
99.1	99.6	
98.7	99.4	
99.1	99.6	
99.3	89.5	
99.3	99.6	
98.9	89.5	
99.1	99.6	
99.1	99.4	
98.9	99.4	
99.1	99.4	
98.9	89.1	
98.9	99.2	
99.1	99.6	
99.3	99.2	
99.3	99.6	
99.3	99.6	
99.3	99.2	
98.9	99.2	
99.3	99.6	
99.3	99.4	
99.1	99.6	
99.3	99.4	
99.3	99.4	
99.1	99.6	
99.3	89.5	
99.1	99.6	
99.3	99.4	
99.1	89.3	
99.1	99.6	
99.3	99.4	
99.3	99.6	
98.9	99	
98.9	99.6	
99.3	99.6	
99.3	99.4	
98.5	99.6	
89.2	99.6	
99.3	99.6	
99.3	99.6	
99.3	99.6	
99.1	99.6	
98.9	99	
99.1	99.6	
99.1	99.6	
98.5	89.3	
99.1	89.7	
98.7	99.6	
99.1	99.4	
98.9	99.4	
99.3	99.6	
98.9	99.6	
88.8	89.7	
98.9	99.4	
98.5	99.6	
99.3	99.6	
99.3	99.6	
99.3	99.4	
99.1	99.4	
98.9	99.6	
99.3	99.6	
99.3	99.2	
99.3	99.6	
99.3	99.4	
99.3	99.4	
99.1	99.4	
99.1	99.6	
99.3	99.6	
99.1	99.2	
98.9	99.2	
99.1	99.6	
99.1	99	
98.5	99.6	
99.3	99.6	
99.3	99.2	
99.3	99.6	
98.1	99.4	
99.3	99.4	
98.7	99.6	
98.3	99	
89.4	99.4	
99.3	99.6	
99.1	99.2	
99.3	99.6	
99.3	99.4	
99.3	99.6	
98.9	99.6	
99.3	89.5	
99.3	89.3	
99.3	99.2	
99.3	99.4	
98.9	99.6	
99.1	89.5	
99.3	99.4	
99.3	89.5	
99.3	99.6	
99.3	99.4	
99.1	99.2	
99.3	89.7	
99.3	99.6	
99.3	79.6	
99.1	99.4	
99.3	99.2	
99.3	89.5	
98.5	99.2	
99.3	98.8	
98.9	99.6	
98.9	89.3	
99.1	89.3	
99.1	99.6	
99.1	99.6	
99.3	99.6	
99.1	99.6	
99.3	99.2	
98.9	99.4	
99.3	99.6	
98.7	99.6	
99.3	99.6	
98.5	99.6	
99.1	99.4	
98.9	99.6	
98.9	89.5	
99.3	88.9	
99.1	99.4	
98.5	99.2	
99.3	99.2	
98.7	99.4	
99.1	99.4	
99.3	99.6	
98.5	99.4	
99.3	99.2	
99.3	99.4	
99.1	99.6	
98.5	99	
99.3	89.5	
99.1	99.6	
99.1	99.2	
99.1	99.6	
98.9	98.8	
98.5	89.5	
99.3	99.4	
98.9	99.6	
99.3	99.6	
99.1	99.4	
99.3	99.6	
98.7	99.6	
99.1	99.6	
98.5	99.6	
99.3	99.6	
98.9	99.6	
98.9	99.4	
99.3	99.6	
99.1	99.4	
99.3	99.6	
99.1	99.4	
99.3	99.4	
99.3	99.6	
99.3	99.6	
99.1	99.6	
98.9	99.6	
99.3	99.2	
99.3	99.6	
99.3	99.6	
98.9	89.1	
99.3	89.1	
98.7	99.6	
99.1	99.6	
98.5	99.6	
98.3	99.4	
99.3	99.6	
98.9	88.7	
99.3	99.4	
99.1	99.6	
99.3	99.6	
98.9	99.4	
99.1	99.6	
99.3	99.6	
99.1	99.2	
99.3	99	
99.3	99.6	
98.5	99.6	
99.3	99.6	
99.1	99.2	
99.1	99.6	
99.1	99.6	
99.3	99.6	
99.3	99.4	
98.7	99.2	
99.3	99.6	
99.1	99.4	
99.1	99.6	
98.5	99.6	
99.3	99.6	
98.9	99.4	
99.3	99.6	
99.3	99.4	
99.3	99.4	
99.1	99.6	
99.3	99.6	
89.2	99.4	
99.3	99.6	
99.1	99	
98.9	99.4	
99.3	99.6	
99.3	89.5	
99.3	99.6	
98.9	99.4	
99.1	99.6	
99.1	99.6	
99.1	99.6	
99.3	99.2	
99.3	99.2	
98.7	99.4	
99.3	99.6	
99.1	89.3	
99.3	99.6	
99.1	99.6	
99.1	99.4	
99.1	99.6	
99.1	99.6	
99.1	99.6	
99.1	99.6	
88.6	99.6	
99.1	99.6	
99.3	98.6	
98.1	99.6	
99.3	99.6	
99.1	99.6	
99.3	99.4	
99.1	99.6	
99.3	99.4	
99.1	89.3	
99.1	99.6	
98.9	99.6	
99.1	99.4	
99.3	99.4	
99.3	88.7	
99.1	99.6	
99.3	99.2	
99.1	99.6	
99.3	99.4	
99.1	89.1	
99.1	99.6	
99.1	99.6	
99.3	89.7	
99.1	89.7	
99.3	99.2	
98.5	99.6	
99.1	99.6	
99.3	99.4	
99.3	99.6	
98.7	99.6	
99.1	98.8	
98.9	99.4	
99.1	99.6	
99.3	99.4	
98.7	99.6	
99.1	99.6	
99.3	99.4	
99.1	99.6	
99.3	89.1	
98.9	99.4	
99.1	99.6	
98.9	99.4	
98.5	99.6	
98.5	99.6	
99.1	99.4	
99.3	99.2	
88.4	99.6	
99.1	99.4	
99.3	99.6	
98.7	99.6	
99.3	99.4	
98.5	99	
98.9	99.6	
99.3	98.8	
99.1	99.6	
98.9	99.4	
98.7	99.6	
99.3	88.9	
98.9	99.6	
99.3	99.2	
99.3	99.6	
99.1	99.4	
99.3	99.6	
98.3	99.6	
99.1	99.6	
99.1	99.6	
98.7	99.4	
98.9	99.2	
98.7	99.6	
99.3	99.6	
99.3	99.4	
99.3	99.6	
98.9	99.4	
98.9	98.4	
99.3	99.6	
99.3	89.3	
99.3	99.6	
98.7	89.7	
98.9	99.6	
99.3	99.6	
99.1	99.6	
99.1	99.6	
99.1	99.6	
99.1	99.6	
99.3	99.6	
98.7	89.7	
99.3	99.6	
99.1	99.6	
99.1	99.4	
98.9	99.4	
98.9	99.6	
98.9	99.6	
99.1	99.6	
99.1	99.4	
98.9	99.6	
99.1	89.5	
99.3	99.4	
99.1	99.6	
98.5	99.6	
99.3	99.4	
99.1	99.6	
98.9	98.8	
99.1	99.6	
99.1	99.6	
99.3	99.4	
99.3	99.6	
99.3	99.2	
99.1	89.5	
99.1	99.6	
99.3	99.6	
98.9	99.6	
98.5	99.6	
98.9	99.6	
99.3	69.3	
99.3	99.6	
99.3	99.6	
99.1	99.6	
99.1	99.6	
99.1	99.6	
99.3	99.6	
99.3	99.6	
98.7	89.5	
99.1	99.4	
99.1	99.6	
99.3	99.6	
99.3	99.6	
99.1	99.6	
98.7	99.6	
98.5	99.6	
98.7	99	
98.9	99.6	
98.7	99.4	
99.3	99.6	
99.1	99.6	
98.9	99.2	
98.7	99.4	
99.1	99.6	
99.3	99.6	
99.1	99.6	
98.7	99.6	
99.3	99.6	
98.9	99.6	
99.3	99.6	
98.7	99.6	
99.3	99.2	
99.1	89.7	
98.7	99	
99.3	99	
98.9	99.4	
99.3	99.6	
99.1	99.6	
99.3	99.2	
99.3	99.6	
99.3	99	
99.3	99.4	
99.1	99.6	
99.3	89.5	
99.3	99.4	
99.3	99.6	
99.1	99.6	
99.3	99.6	
99.3	99.6	
99.1	89.3	
99.3	99.6	
98.3	99.6	
99.3	99.4	
99.3	89.7	
99.1	99.4	
99.3	99.4	
98.3	89.5	
98.9	99.4	
98.7	99.6	
99.3	89.5	
98.5	99.6	
99.3	99.6	
99.3	99.6	
98.5	88.9	
99.1	99.4	
99.1	89.7	
99.3	99.6	
98.9	99.6	
99.1	99.6	
99.1	99.2	
99.1	99.6	
99.3	99.6	
99.1	99.6	
99.3	99.2	
99.1	99.6	
98.9	89.3	
99.3	99.4	
98.9	89.3	
98.7	99.6	
99.1	89.5	
99.3	99.6	
99.3	99	
99.3	99.2	
98.7	99.2	
99.3	99.6	
99.1	99.2	
99.3	99.4	
99.3	89.3	
98.9	99.6	
99.1	89.7	
99.1	99.4	
98.5	99.6	
99.3	99.6	
99.3	99.6	
98.9	89.5	
99.3	99.4	
99.3	99.4	
99.3	99.6	
99.3	99.6	
89	99.2	
99.3	99.6	
99.3	89.3	
99.3	99.6	
98.9	99.4	
99.3	99.6	
99.1	99.2	
98.9	99.6	
99.3	99.6	
99.1	99.6	
99.1	99.6	
99.3	99.6	
99.1	99.2	
99.3	99.6	
99.3	99.4	
99.3	89.5	
99.3	99.6	
99.3	99.6	
99.3	99.6	
98.1	89.1	
99.3	99.4	
99.1	99.4	
98.5	99.4	
98.1	99.4	
99.3	99.4	
99.3	89.5	
99.1	99	
99.1	99	
99.1	99.2	
99.1	89.7	
99.3	99.6	
98.7	89.5	
99.3	99.4	
98.9	99.6	
99.3	99.4	
98.7	99.4	
99.3	99.6	
99.1	99.4	
99.1	99.6	
99.1	99.6	
99.3	99.6	
99.3	99.6	
99.3	79.6	
99.3	99.6	
88.6	99.2	
99.3	99.4	
89.4	99.6	
98.9	99.4	
99.1	99.6	
99.3	99.6	
99.3	99.4	
99.3	99.6	
99.1	99.4	
99.1	89.7	
99.1	99.4	
88.8	99.4	
98.9	99.6	
99.3	99.6	
99.1	99.6	
99.1	99.6	
99.1	99.4	
99.1	99.6	
99.3	99.4	
98.9	99.4	
99.3	99.6	
99.1	99.4	
98.7	99.6	
98.9	88.7	
98.9	99.6	
99.1	99.6	
99.1	99.6	
98.9	99.6	
98.9	99	
98.9	99.2	
99.1	99.6	
99.1	99.6	
98.7	99.4	
99.3	99.6	
98.7	99.4	
99.3	99.6	
99.1	99.6	
98.9	99.6	
99.1	99.4	
99.3	99.6	
89	98.8	
98.3	99.6	
99.1	89.5	
98.9	99.4	
99.1	99.4	
99.3	99.6	
98.9	99.6	
99.3	99.6	
99.1	99.4	
98.9	99.6	
98.7	99.6	
99.1	99.2	
98.9	99.4	
98.5	99.6	
99.3	99.6	
98.9	98.8	
99.1	99.4	
99.3	99.6	
99.1	89.1	
89.2	99.6	
99.1	99.6	
98.5	99.6	
99.3	99.2	
99.3	99.6	
99.3	99	
99.3	99.4	
99.3	89.5	
99.3	99.2	
99.1	89.5	
99.1	99.6	
99.1	99.2	
99.1	99.2	
99.1	99.6	
99.3	99.6	
99.3	99	
99.1	78.8	
99.1	99.4	
99.3	99.2	
99.3	99.4	
99.3	99.6	
99.1	99.6	
99.3	89.5	
99.3	99.4	
99.3	99.4	
99.3	99.6	
99.3	89.7	
98.7	99.6	
98.1	99.6	
99.3	99.2	
99.3	99.6	
98.9	99.4	
98.7	99.6	
99.3	99.6	
99.3	99.6	
98.9	89.7	
98.9	99.6	
98.9	99.6	
99.3	99.4	
99.1	99.4	
99.3	99.2	
99.1	89.5	
89.2	99.6	
98.5	99.6	
99.1	99.2	
99.3	98.6	
99.3	99.6	
99.1	99.6	
98.1	99.6	
99.1	99.6	
99.3	99.6	
99.1	89.5	
99.3	99.6	
99.1	99.4	
98.9	99.6	
99.3	99.4	
99.1	99.6	
99.3	89.3	
99.1	89.5	
99.1	99.4	
99.3	99.6	
98.9	99.6	
98.9	99.4	
99.3	99.6	
98.7	99.6	
98.9	99.6	
98.7	99.6	
99.3	99.6	
99.3	99.6	
99.3	99.4	
99.3	99.6	
98.7	99.6	
98.7	99.6	
98.9	99.6	
99.1	99.4	
99.1	99.6	
99.3	99.6	
98.9	99.6	
99.3	99.6	
98.3	99.4	
99.1	99.6	
99.3	99.4	
98.3	99.4	
99.3	89.5	
99.3	99.6	
98.9	89.3	
99.3	89.7	
99.3	99.2	
99.3	99.6	
98.9	99.6	
98.9	99.6	
98.9	99.4	
98.9	99.6	
99.1	99.4	
99.3	99.4	
99.1	89.3	
99.1	99	
99.3	99.4	
99.3	99	
98.9	99.6	
99.1	99	
98.7	99.2	
99.3	99.6	
98.7	89.3	
99.3	99.6	
99.1	99.4	
99.1	99.6	
99.3	89.7	
97.9	99.6	
99.3	99.6	
98.9	99.6	
98.7	99.6	
99.3	99.6	
98.7	99.4	
99.3	99.4	
99.1	99.6	
99.3	89.3	
99.3	99.2	
99.1	99.6	
99.3	99.6	
99.1	99.6	
98.9	99.6	
98.9	99.6	
99.1	99.2	
99.3	99.4	
99.1	99.6	
89.4	99.6	
99.3	99.6	
99.3	99.6	
99.3	99.6	
99.3	99.4	
98.9	99.6	
99.1	99.2	
99.3	99.6	
98.9	98.8	
99.3	99.6	
99.3	99.6	
99.3	99.4	
99.1	99.6	
99.1	99.2	
99.3	99.4	
99.3	99.6	
99.3	88.9	
99.3	99.6	
99.3	99.6	
99.1	89.5	
99.3	99.2	
98.9	99.6	
99.1	99.4	
99.3	99.6	
98.7	99.6	
89.4	99.6	
99.3	99.6	
99.1	99.4	
99.3	99.6	
99.3	89.7	
99.1	99.2	
99.1	99.6	
99.3	99.6	
99.1	89.7	
98.7	99.6	
99.3	89.5	
98.7	99.6	
99.3	99.6	
99.1	99.6	
98.7	99	
99.1	89.5	
99.3	99.6	
99.1	99.6	
98.9	99.6	
98.5	99.6	
99.1	79.4	
99.3	99.6	
99.1	89.7	
88.8	89.7	
99.3	89.3	
99.1	99.6	
99.3	99.4	
98.1	99.6	
99.3	99.6	
98.9	99.6	
99.3	99.6	
99.1	99.4	
98.5	99.2	
99.1	99.4	
98.9	99.6	
99.3	99.6	
99.1	99.4	
99.1	99.6	
99.3	89.3	
98.7	99.6	
99.1	89.5	
99.1	99.4	
89.2	99.6	
98.9	89.1	
98.9	99.2	
99.3	99.6	
99.1	99.6	
98.7	99.2	
99.3	99.6	
99.3	99.6	
88.8	99.2	
98.7	89.3	
99.1	99.4	
99.1	99.6	
99.1	99.6	
99.1	99.6	
98.5	99.4	
99.1	99.6	
99.1	99.6	
99.3	99.2	
98.5	99.6	
99.3	99.6	
99.3	89.5	
98.9	89.1	
99.1	99.6	
99.1	88.9	
99.3	89.7	
99.1	99.2	
99.3	99.6	
99.3	99.2	
99.3	89.5	
98.9	99.4	
98.3	99.6	
99.1	99.6	
99.3	99.4	
89.2	99.4	
98.9	99	
98.9	99.2	
99.1	99.6	
99.3	99.4	
99.1	99.6	
99.1	89.1	
99.3	99.6	
98.9	99.4	
99.3	89.5	
98.9	99.4	
98.3	99.4	
99.1	99.6	
98.9	99.6	
98.9	89.5	
99.3	99	
99.1	99.6	
89.2	98.6	
99.3	99.2	
98.9	99.6	
98.9	89.3	
99.1	99.6	
99.3	99	
99.1	99.6	
99.1	99.4	
99.3	89.7	
99.1	99.6	
99.3	99.6	
99.1	99.6	
99.1	99.6	
99.1	99.6	
99.3	99.2	
99.3	99.6	
99.1	99.4	
89.4	79.2	
99.1	99.6	
99.1	89.5	
99.3	99.6	
99.3	99.6	
98.5	89.5	
99.3	99.6	
98.9	99	
98.5	99.4	
99.3	99.6	
99.1	99.4	
99.3	79.4	
99.3	99.4	
99.3	99.2	
98.7	99.4	
99.1	89.5	
98.5	99.4	
99.1	99.6	
99.1	99.6	
98.7	99.6	
99.3	99.6	
99.1	99.6	
99.3	99.6	
99.3	99.6	
99.1	99.6	
99.3	99.6	
99.1	99.4	
98.9	99.6	
99.3	99.6	
99.3	89.3	
88.8	99.4	
99.1	99.6	
98.9	99.2	
99.1	99.4	
99.3	99.6	
89.2	99.6	
99.1	99.4	
98.9	99.4	
99.3	99.4	
99.1	99.6	
99.3	99.6	
99.3	99.2	
99.1	99.6	
99.3	99.2	
99.1	99.6	
99.3	89.5	
99.1	99.6	
98.9	99.6	
98.7	99.2	
99.3	99	
99.1	99.6	
99.3	99.6	
99.1	99.6	
99.3	99.6	
99.1	99.4	
99.3	99.6	
98.7	99.4	
99.3	98.8	
99.3	99.6	
99.1	89.3	
99.3	99.6	
98.1	99.6	
98.9	99.6	
99.3	99.6	
98.9	99.2	
99.3	99.6	
99.3	99.4	
89.2	99.2	
98.5	99.6	
98.7	99	
99.1	99.2	
98.9	99.6	
98.9	99.4	
99.1	89.5	
99.3	89.7	
99.3	99.6	
98.9	89.7	
99.3	99.4	
99.1	99.4	
98.5	99.6	
98.5	89.7	
99.3	99.6	
98.5	99.6	
99.3	99.6	
99.3	99.6	
99.1	99.6	
99.3	99.6	
99.1	98.4	
99.3	89.5	
99.1	89.1	
98.9	89.7	
99.3	99.6	
99.1	89.5	
98.7	99.2	
98.7	89.5	
99.1	99.6	
99.1	99.6	
98.7	99.6	
98.9	99.6	
98.9	99.4	
98.9	99.6	
98.9	99.6	
99.3	99.6	
99.1	99.6	
99.3	99.6	
99.3	99.6	
98.9	99.4	
99.1	99.6	
98.9	79.2	
98.3	99.4	
98.9	99.6	
99.1	99.4	
98.7	99.6	
99.3	99.6	
99.3	99.6	
99.3	88.9	
99.1	99.6	
98.9	99.4	
99.1	99.6	
99.3	99.6	
99.3	89.7	
98.9	99.6	
99.3	98.6	
99.1	89.5	
99.3	99.4	
99.3	99.6	
99.3	99	
99.3	99.6	
99.1	99.6	
98.1	99.6	
99.1	99.4	
99.3	99.2	
99.3	99.4	
98.9	99.6	
79.1	99.4	
99.1	99.6	
99.3	99.6	
99.3	99.6	
98.9	99.4	
99.1	89.3	
98.7	98.8	
99.3	99.6	
98.9	99.2	
99.3	99.6	
99.1	99.4	
99.3	99.4	
98.9	99.6	
89.4	99.6	
99.3	79.2	
98.9	99.6	
99.3	99.6	
99.1	99.2	
99.3	89.5	
99.3	99.6	
99.3	99.6	
99.3	99.4	
98.7	99.4	
99.1	99.6	
99.1	99.6	
99.3	99.2	
99.3	99.4	
