98.3	99.2	
99.3	99.6	
99.3	99.6	
89.2	89.7	
99.1	99.6	
99.3	98.8	
99.1	99.6	
99.3	99.6	
89.2	98.4	
79.1	99.6	
98.9	99.6	
98.7	99.4	
79.5	99.6	
98.9	99.6	
99.3	99.2	
99.3	99.4	
99.1	99.2	
99.1	88.5	
98.3	89.5	
99.3	99.4	
99.1	89.5	
99.1	99.4	
99.3	99.6	
99.1	99.4	
98.9	89.7	
89.4	99.6	
89	99.6	
98.9	99.6	
99.1	99.6	
99.3	89.5	
89.2	99.6	
98.9	99.6	
88.8	99.6	
99.3	89.7	
98.7	99.4	
98.9	89.5	
89.4	99.4	
89.4	99.6	
98.7	99.6	
98.9	99.6	
89.2	89.7	
99.3	89.7	
99.1	99.2	
99.1	89.1	
99.1	99.6	
89	99.6	
98.9	89.3	
99.3	99.4	
99.1	99.6	
99.3	99.4	
99.3	99.6	
99.1	99.6	
99.1	99.4	
99.1	99.6	
98.9	89.7	
98.3	99.2	
99.3	99.6	
99.3	79.2	
99.3	89.7	
89.2	89.3	
99.3	99.6	
99.1	99.4	
99.3	99.6	
97.7	99.4	
98.1	99	
88.4	79.4	
98.9	99.4	
99.3	99.2	
99.1	99.6	
99.1	99.4	
99.1	99.4	
99.1	99.4	
99.3	99.6	
78.9	99.6	
99.3	99.4	
99.3	79.4	
98.9	99.6	
99.3	99.6	
99.1	99.4	
98.7	89.7	
98.9	99	
89.2	99.6	
99.3	99.6	
98.9	99.6	
89.2	99.4	
99.1	89.3	
99.1	99.4	
99.3	99.6	
98.7	89.5	
89.2	99.4	
88.8	99.4	
79.3	89.1	
98.7	99.4	
88.6	99.6	
98.7	99.2	
87.8	99.6	
88.6	89.7	
89	99.6	
99.1	99.2	
99.3	99.4	
99.3	99.6	
99.3	99.4	
88	99.6	
99.3	99.4	
99.3	99.6	
99.3	99.2	
99.3	89.7	
98.9	99.2	
89	99.2	
88.4	99.6	
79.1	99.6	
99.1	99.6	
99.1	99.4	
79.1	99.6	
88	99.6	
99.1	99.2	
99.1	99.6	
99.3	99.6	
89	99.6	
89.4	89.5	
69.4	99.6	
69.2	89.7	
99.3	99.6	
99.1	99.6	
98.7	99.6	
99.3	99.6	
99.3	89.3	
79.3	99.4	
99.3	99.4	
98.5	99.2	
88.8	99.6	
89.2	99.2	
98.7	99.6	
98.7	99.2	
88.8	89.7	
99.1	99.6	
99.3	99.4	
99.1	99.6	
99.1	99.6	
99.1	99.6	
99.1	89.7	
98.9	89.5	
98.9	99.2	
99.1	89.7	
99.1	99.6	
99.1	99.4	
99.1	99.6	
99.3	99.2	
99.3	89.5	
99.1	99.2	
99.3	99.4	
99.1	89.5	
99.1	99.2	
98.9	99.6	
89.2	99.6	
89.4	99.6	
88.8	99.4	
99.1	99.6	
99.3	89.7	
98.9	99.2	
89.4	99.6	
89.2	99	
99.1	99.6	
98.9	99.6	
99.3	99.6	
99.3	89.7	
99.3	89.7	
89	99	
99.1	99.4	
99.3	89.5	
98.9	99.6	
98.9	99.6	
89.2	99.6	
99.3	89.7	
69	99.4	
88.8	99.6	
99.1	99.6	
89.2	99.2	
99.1	98.8	
78.9	99.2	
99.3	89.5	
99.1	79.4	
98.7	99.6	
99.3	99.4	
89	99.6	
88.8	89.5	
89	99.6	
98.3	89.7	
78.9	99.6	
98.9	99.6	
89.4	99.6	
99.3	99.4	
99.1	99.2	
98.9	78.8	
89.2	98.6	
99.3	99.6	
98.5	89.7	
98.7	99.6	
88	99.6	
99.3	99.4	
58.9	99.6	
99.3	98.6	
99.1	99.6	
98.9	99.6	
99.3	89.3	
99.1	99.6	
99.3	89.7	
98.7	99.6	
88.6	99.2	
99.1	99.6	
99.3	89.3	
58.7	99.4	
98.9	99.6	
99.3	99.6	
98.9	89.3	
99.3	99.4	
98.3	99.6	
89.2	99.6	
99.3	99.6	
99.3	99.4	
99.3	99	
88.8	89.5	
99.1	99.6	
98.9	99.6	
99.3	79.6	
99.3	99.4	
78.1	99.4	
98.9	99.4	
99.3	99.4	
98.9	99.4	
99.1	99.4	
99.1	99.6	
99.3	99.4	
98.5	99.6	
99.3	99.2	
98.9	99.6	
88.2	89.7	
99.1	99	
99.1	99.6	
99.3	99.4	
99.3	99	
89.2	99	
99.3	99.4	
98.9	99.4	
99.3	89.7	
89	99.6	
89	99	
99.3	89.7	
98.9	99.4	
99.1	99.6	
99.3	99.4	
99.1	89.7	
99.1	99.4	
98.9	99	
99.1	99.6	
89.4	99.2	
99.3	89.7	
98.1	89.7	
99.1	99.6	
99.1	99.6	
98.9	99.4	
98.9	99.4	
89.4	99.6	
99.3	99.4	
99.3	89.5	
98.9	99.6	
89	99.6	
99.3	99.4	
99.3	99.6	
99.3	99.6	
99.3	99.6	
99.3	99.6	
99.3	99.6	
99.3	99.6	
98.3	99.2	
89	99.6	
99.3	99.6	
99.1	98.6	
99.3	89.5	
98.9	89.7	
99.3	99.6	
98.9	99.4	
89.2	99.4	
98.9	99.4	
99.3	79.4	
99.3	89.7	
99.1	99.6	
98.9	99.4	
98.3	89.5	
99.1	99.6	
99.3	99.6	
99.3	99.6	
79.1	99.4	
99.3	78.8	
78.5	89.7	
99.3	68.9	
99.1	79.6	
99.1	99	
99.1	99.4	
99.3	99.6	
99.3	99.4	
99.1	99	
98.7	99	
89	99.4	
99.1	89.7	
88.6	99.6	
89.2	99.6	
99.1	99.4	
99.3	99.4	
99.3	99.4	
99.1	99.6	
99.1	99.6	
89	89.7	
98.9	99.2	
99.1	99.4	
89	89.7	
78.7	99.6	
99.3	89.5	
99.1	89.5	
99.3	99.4	
99.1	99.4	
99.3	99.6	
79.1	99.6	
98.9	99.4	
89.4	99.6	
78.7	99.6	
78.1	99.6	
89.4	89.1	
99.1	99.6	
99.1	99.4	
99.3	99.6	
99.3	99.6	
98.9	99.2	
89.4	99.2	
99.3	88.7	
99.3	99.4	
99.1	99.2	
89.2	89.5	
99.1	89.3	
98.9	99	
88.6	99.6	
98.9	89.7	
99.3	99.4	
88.8	98.8	
99.1	89.7	
99.3	89.7	
99.3	99.6	
99.3	89.3	
99.3	99.4	
98.7	99	
99.3	99.2	
89	99.4	
99.3	99	
37.7	99.4	
99.1	99.4	
99.1	99.6	
78.7	89.3	
98.7	99.6	
78.7	99.6	
98.7	99.4	
99.1	89.3	
99.1	99.6	
98.5	89.7	
89.4	99.4	
99.1	99.6	
99.3	99.6	
99.3	99.4	
89.2	99.6	
99.1	99.6	
98.7	99.6	
98.5	99	
99.3	99.6	
99.3	99.6	
99.3	79.6	
99.3	99.6	
89.2	89.3	
98.5	99.6	
98.7	89.5	
99.1	99.6	
99.1	99.6	
98.9	99.6	
99.3	89.7	
89	89.7	
99.3	89.7	
98.7	99.6	
99.3	99.6	
88.6	89.3	
99.1	99.4	
99.3	99.4	
89	99.2	
98.9	99.6	
88.8	99.6	
98.9	99.6	
99.3	99.4	
99.1	99.4	
99.3	89.5	
98.7	99.6	
98.9	99.6	
98.9	99.4	
99.3	99.6	
98.9	99.6	
79.3	99.6	
89	69.1	
98.9	89.5	
98.1	89.5	
88.4	99.6	
98.5	89.5	
98.5	89.3	
98.7	99	
99.3	89.7	
89	99.4	
99.1	99.6	
68	99.6	
79.3	99.4	
99.3	99.6	
88.8	99.4	
88.8	99.6	
99.3	99.2	
99.1	99.4	
79.3	99.4	
99.3	99.6	
98.9	99	
99.3	99.6	
89.2	99.6	
89	99.4	
99.3	89.5	
98.9	99.2	
99.3	99.2	
78.7	99.4	
98.9	89.7	
99.3	99	
99.3	99.6	
99.3	99.6	
99.1	99.6	
89.4	99.4	
97.9	99.2	
98.9	99.6	
99.3	79	
89	99.6	
99.1	99.6	
98.7	89.3	
99.3	89.1	
99.3	99.6	
89.4	99.4	
99.3	89.7	
99.1	89.7	
99.3	99.6	
99.1	99.4	
99.3	98.8	
89.2	99	
99.3	99.4	
98.7	99.4	
99.1	99.6	
99.3	99.6	
89	99.6	
99.3	99.6	
89	99.6	
89.2	99.6	
99.3	99.4	
99.1	99.2	
98.9	89.3	
89	98.4	
99.3	99.6	
98.7	99	
99.3	89.7	
99.3	79.4	
89.2	89.7	
99.3	99.4	
99.3	99.4	
98.7	99.6	
98.9	89.1	
98.9	99.6	
99.3	99.4	
99.1	99.6	
98.3	99.6	
99.1	89.7	
99.1	99.6	
99.1	89.5	
98.9	99.6	
98.9	99.6	
98.9	99.4	
99.3	99.4	
99.1	99.4	
98.9	99.6	
98.9	89.7	
98.5	99	
98.9	99.6	
89.2	89.7	
99.1	99.6	
98.9	99.6	
99.1	89.7	
99.1	99.4	
99.1	89.5	
99.3	99.2	
69.2	99	
99.1	99.6	
99.3	99.6	
98.9	99.6	
99.3	99.6	
88.6	99.6	
99.1	99.2	
99.1	89.7	
99.3	99.6	
88.8	99.6	
98.9	99.4	
98.9	99.6	
89.2	69.3	
99.3	99.6	
99.3	99.2	
98.7	99.6	
99.1	99.4	
99.3	99.4	
99.3	99.2	
99.3	99.2	
99.1	99.4	
99.1	98.8	
98.5	99.2	
89.2	99.6	
88.8	89.7	
99.3	99.2	
99.1	98.8	
99.1	99.6	
99.3	99.4	
98.9	99.4	
88.6	99.6	
99.1	99.6	
98.7	99.6	
99.3	89.5	
99.3	99	
99.3	99.6	
98.9	99	
89.2	89.5	
98.9	99.4	
98.9	79.2	
99.3	99.4	
98.7	99.6	
99.3	98.8	
99.1	99.6	
99.3	99.6	
99.1	99.6	
99.3	99.2	
99.3	99.4	
99.3	89.7	
98.3	99.4	
99.3	79.6	
98.9	99.2	
99.1	89.1	
99.1	99.6	
98.9	99.4	
99.3	99.6	
98.7	99.6	
99.3	99.6	
69.2	89.3	
99.1	99.4	
89	99.2	
99.3	99.6	
98.9	89.3	
98.9	89.5	
89.2	99.6	
89	99.6	
89	99.6	
99.1	99.6	
98.9	99.4	
99.3	99	
88.8	89.7	
99.1	99.6	
99.3	99.2	
89	99.6	
89.4	99.4	
99.3	99.6	
99.3	99.2	
99.1	99.4	
99.3	99.6	
98.3	99.4	
98.9	99.6	
99.1	89.5	
98.9	99.6	
99.1	89.5	
99.1	99.4	
99.3	99.6	
99.1	99.4	
99.1	99.6	
98.9	99.6	
89	99.6	
99.3	99.6	
89	99.6	
99.3	99.6	
79.1	99	
88.8	99.6	
99.1	99.4	
99.1	99.6	
98.7	99.6	
89	99.6	
98.9	79.6	
88.6	99.6	
99.3	99.6	
99.3	89.1	
99.3	89.7	
99.1	79.4	
98.9	99	
88.8	89.5	
99.1	99.4	
99.1	99.6	
89.2	99.6	
99.1	99.2	
99.3	99.6	
99.3	99.4	
99.3	99.4	
99.3	99.6	
99.1	99.6	
79.3	89.3	
38.3	89.5	
88.8	99.6	
98.3	98	
98.9	89.3	
99.1	99.4	
99.3	99.6	
89.2	99.6	
99.3	69.1	
99.3	99.6	
99.1	99.4	
99.1	99.6	
89	99.6	
99.3	99.6	
99.3	89.3	
98.7	99	
89	89.7	
89.2	89.1	
88.8	99.4	
99.1	99.6	
99.1	99.4	
99.1	99.6	
98.3	99.6	
89.4	79.2	
99.3	99.2	
98.9	99.6	
89.2	99.4	
88.8	99.6	
89	99.4	
88.8	99.2	
99.1	99.2	
89	99.6	
98.3	89.5	
98.9	99.4	
99.3	89.5	
98.7	99	
99.1	99.4	
99.3	98.6	
99.3	99.4	
98.9	99.4	
97.3	99.6	
99.1	99.4	
98.9	99.4	
99.1	99.6	
98.7	99.6	
98.9	99	
99.3	89.5	
79.3	99.4	
99.3	99.4	
99.1	99.6	
89	99.4	
99.1	89.7	
99.3	99.6	
99.1	89.7	
89.2	99.6	
99.1	99.6	
99.1	89.3	
99.1	99.6	
99.1	99.6	
99.3	99.6	
98.9	99.2	
98.7	79	
98.9	99.4	
99.3	89.7	
89.2	98.6	
99.3	99.6	
99.1	89.3	
98.9	99.6	
69.4	99	
99.3	98.8	
98.9	99.6	
79.1	99.6	
98.9	89.5	
89	99	
99.3	98.8	
99.3	99.2	
99.3	99.4	
99.3	99.4	
98.7	89.5	
98.9	99	
99.1	99.4	
99.3	99	
88.8	99.4	
98.9	99.6	
99.1	99.6	
99.3	79	
99.3	98.6	
98.9	99.6	
98.7	88.7	
89.4	99.6	
99.1	89.5	
89	99.2	
98.9	99.4	
99.1	89.5	
99.3	99	
98.5	99.2	
99.1	99.2	
99.3	99	
99.1	99.4	
88.2	99.4	
98.9	99.6	
99.3	99.2	
89.2	99.6	
99.3	89.5	
99.3	99.4	
99.3	89.5	
99.3	99.4	
99.1	98.8	
88.6	99.6	
99.3	99.6	
99.3	99.4	
99.1	99.6	
99.3	99.6	
99.1	99.6	
99.1	99.6	
99.3	89.7	
98.7	79.2	
98.7	99.6	
98.3	99.2	
99.1	99.4	
99.1	79.4	
89	99.4	
98.3	99.6	
78.7	89.7	
99.1	79.4	
99.3	99.2	
89	99.4	
99.1	89.7	
99.3	89.3	
99.3	99.6	
98.7	89.7	
89	99.6	
99.3	89.5	
98.7	79.6	
79.3	99.6	
89.4	89.5	
99.3	99.6	
89	99.6	
89.2	99.4	
98.9	99.4	
98.7	99.6	
99.1	89.7	
89.2	79.6	
99.3	99.4	
99.1	99.4	
99.3	99.6	
89.4	99	
99.3	99.6	
99.1	99.6	
99.3	99.6	
99.1	89.5	
98.9	99.6	
98.9	99.6	
79.1	89.5	
99.1	88.5	
99.1	99.6	
99.3	99.6	
99.1	99.6	
88.4	99.6	
99.3	99.6	
99.3	99.6	
98.9	89.5	
78.7	89.5	
99.3	99	
98.9	89.3	
99.3	99.6	
99.3	99.6	
88.4	99.6	
99.1	79	
99.3	99.2	
98.9	99.4	
89.2	99.2	
87.2	99.4	
99.3	99.2	
99.1	99.6	
99.1	99.6	
99.1	99.6	
69.4	99.2	
58.9	99.4	
99.3	89.5	
88.8	99	
88.8	99.4	
98.9	99.6	
98.9	99.6	
89.2	99.4	
99.1	99.6	
89.2	99.6	
89.4	99.6	
99.3	99	
99.1	99.4	
98.9	99.4	
89.2	99.2	
99.1	99.6	
98.9	99.6	
99.1	99.6	
88.6	99.6	
99.1	99.2	
99.1	89.5	
98.9	99.6	
98.7	99	
99.3	99.6	
99.1	99.4	
99.3	99.6	
79.1	68.9	
98.9	99.4	
99.3	99.2	
89	99.2	
98.7	99.4	
99.3	99.6	
99.1	89.5	
79.3	99.6	
99.3	99.6	
89.4	99.4	
99.1	99.4	
69.2	89.7	
99.3	99.4	
99.3	99.4	
89	99.2	
98.7	99.6	
98.9	99.6	
99.1	78.8	
99.1	89.5	
99.1	99.6	
99.3	99.4	
89.2	89.3	
98.7	99.6	
99.1	99.6	
88.8	99.6	
89.4	99.6	
89.2	79.6	
98.7	99.6	
89	99.6	
89	98.6	
89	89.7	
99.3	89.3	
98.9	99.6	
39.1	99.4	
99.1	99.4	
99.1	99.6	
88.2	89.5	
99.1	99	
89	99.6	
99.3	99.6	
99.1	99.4	
89.4	99.6	
99.3	99.4	
99.1	99.6	
99.1	99.4	
99.3	99.6	
98.9	99.6	
99.3	99.6	
98.9	99.6	
99.3	99.4	
99.3	99.2	
99.3	99.6	
98.9	99.6	
99.1	99.6	
99.1	99.4	
99.1	99.6	
68.8	99.4	
79.1	89.5	
99.1	99.4	
89.2	99.4	
78.7	99.4	
99.1	99.6	
88.8	99.6	
99.3	99.2	
99.3	99.2	
98.5	99.6	
99.3	89.1	
88.8	99.4	
98.9	99.4	
99.3	99.4	
99.1	99.4	
99.1	99.4	
98.1	79.2	
98.7	99.2	
99.3	99.2	
99.1	99.2	
99.3	89.7	
99.3	89.5	
99.3	99.4	
99.3	99.6	
99.1	99.4	
89.2	99.6	
88.8	99.4	
99.3	88.9	
98.9	99.6	
99.1	89.7	
99.1	99.2	
98.3	88.7	
99.3	99.4	
89.2	79.4	
99.3	79.4	
99.3	99.6	
79.3	89.7	
68	89.3	
99.3	99.6	
99.1	99.6	
99.3	99.6	
98.7	99.6	
89.4	99.6	
98.9	88.9	
99.3	99.2	
99.1	99.2	
98.9	99.6	
99.3	99.4	
99.3	99	
89	99.6	
89	89.3	
99.3	99.6	
88.6	99	
99.3	99.4	
99.3	89.5	
99.1	89.7	
98.9	89.7	
99.3	99.4	
99.3	99.6	
99.3	99.4	
99.3	99.6	
99.3	89.7	
99.3	99.6	
99.3	99.6	
99.3	99.6	
88.4	99.2	
88.8	99.6	
89.4	99.6	
99.3	99.4	
98.9	59.4	
99.3	99.6	
99.3	99.4	
99.1	99	
87.4	99.4	
99.1	99.4	
99.3	99.6	
99.3	99.6	
89.4	68.9	
99.1	99.6	
89.4	99.4	
99.1	99.6	
99.3	99.4	
88.8	99	
88.6	99.6	
98.9	99.6	
99.1	89.7	
88	99.6	
99.3	99.4	
98.9	99.4	
98.5	89.3	
98.9	99.2	
99.3	99.6	
99.3	99.4	
99.1	99.4	
99.3	99.6	
78.9	99.4	
99.1	99.6	
99.3	99.6	
99.3	99.4	
99.3	79.6	
78.9	99.6	
99.1	89.1	
78.9	98.8	
98.5	99.6	
98.5	99.6	
98.9	99.2	
99.3	99	
79.1	69.3	
89.2	99.4	
99.3	99.6	
99.3	99.6	
98.5	79.6	
99.1	89.7	
99.3	99.2	
98.9	89.7	
99.3	89.5	
79.1	99.6	
99.1	99.6	
99.3	99.6	
98.9	99.6	
99.1	99.4	
99.1	99.6	
98.9	89.7	
89	99.6	
78.5	99	
98.9	99.4	
99.3	99.4	
78.9	99.6	
98.7	99.6	
89.4	99.4	
99.3	99.4	
