99.3	89.7	
99.3	89.5	
99.3	89.5	
99.1	89.7	
99.3	89.5	
99.1	89.7	
99.3	83.9	
99.3	99.6	
99.1	89.7	
98.9	89.5	
99.3	89.7	
99.3	89.5	
99.1	89.7	
99.3	85.5	
99.3	89.7	
99.3	85.1	
99.3	89.7	
98.9	79.6	
99.3	89.7	
98.5	89.7	
98.9	89.5	
98.9	89.7	
99.3	89.7	
99.3	89.7	
99.3	89.7	
99.1	99.6	
99.3	89.7	
98.9	87.3	
99.3	89.7	
99.1	89.5	
99.3	99.2	
99.3	99.2	
99.3	89.7	
99.3	89.7	
99.3	89.7	
99.3	89.7	
99.1	89.7	
98.9	88.3	
99.1	89.5	
99.3	89.7	
99.1	89.7	
99.1	89.7	
99.3	79.6	
99.3	89.7	
98.5	99.6	
99.3	89.5	
99.3	89.3	
98.5	77	
99.1	89.7	
99.3	89.7	
99.3	89.7	
99.3	89.7	
99.3	89.7	
99.1	89.7	
99.3	89.7	
99.3	89.5	
99.1	89.7	
99.3	99.6	
98.7	99.6	
99.1	89.5	
98.7	89.7	
99.3	89.7	
99.3	89.7	
99.3	89.7	
99.3	89.5	
99.3	89.7	
99.3	89.7	
98.9	89.5	
99.3	89.7	
99.3	89.7	
99.1	89.7	
99.3	89.7	
99.1	79.6	
99.3	89.5	
99.3	99.6	
99.1	89.7	
99.1	99.6	
99.1	89.1	
99.3	89.7	
99.3	89.7	
99.3	89.7	
99.3	79.4	
99.1	89.7	
99.3	89.7	
99.1	89.7	
99.3	89.7	
99.1	89.7	
99.3	79	
99.1	89.7	
99.3	89.7	
99.1	89.7	
99.3	99.6	
99.1	89.5	
99.3	99.6	
99.3	89.7	
99.3	89.7	
99.3	89.7	
99.1	89.7	
99.1	89.7	
99.1	89.7	
99.1	89.7	
99.3	89.7	
99.3	89.5	
98.7	89.7	
89	89.7	
99.1	89.7	
98.9	89.7	
99.3	79.6	
99.3	89.7	
99.3	89.7	
99.3	89.7	
99.3	89.7	
99.3	89.7	
99.1	89.7	
99.3	89.7	
99.3	89.7	
98.9	89.7	
89	79.6	
99.3	89.7	
99.3	79.6	
99.3	89.5	
99.3	89.5	
99.3	89.5	
99.1	99.6	
99.1	89.7	
99.3	89.5	
99.3	89.7	
99.1	89.7	
99.1	89.7	
99.1	89.7	
99.1	89.7	
99.1	89.7	
99.3	89.7	
99.3	89.7	
98.9	99.6	
99.1	89.7	
99.3	99.6	
99.3	89.7	
98.7	99.6	
99.3	89.7	
99.3	79.4	
99.1	89.7	
99.1	99.6	
99.3	89.5	
99.3	89.7	
99.3	79.6	
99.1	89.3	
99.3	79.2	
99.3	89.7	
99.3	89.7	
99.1	99.6	
99.1	89.7	
98.9	89.7	
99.3	89.7	
99.1	89.7	
98.9	89.7	
99.3	89.7	
99.3	89.5	
99.3	89.5	
99.3	89.7	
98.9	89.7	
99.1	89.7	
99.3	99.6	
99.1	89.5	
99.3	89.7	
99.3	89.7	
99.3	89.5	
99.1	89.7	
99.1	69.5	
99.3	89.5	
98.7	89.7	
99.1	89.7	
99.1	89.7	
99.1	89.7	
98.5	89.7	
99.3	89.7	
99.3	89.5	
99.3	79.2	
98.5	89.7	
99.1	89.5	
98.9	89.7	
99.3	89.7	
99.1	89.7	
99.3	89.7	
99.1	89.7	
99.3	89.7	
99.1	89.7	
99.3	89.7	
99.1	89.7	
99.3	89.7	
99.3	82.3	
99.3	89.7	
99.3	89.7	
99.3	89.7	
99.3	89.5	
99.3	89.5	
99.3	99.6	
99.3	89.7	
99.3	89.7	
99.3	89.7	
99.3	89.7	
99.1	99.6	
99.3	79.6	
99.3	89.7	
99.3	99.6	
99.3	79.4	
99.1	87.1	
99.3	89.5	
98.9	89.7	
99.3	89.7	
99.1	89.7	
99.3	89.7	
99.3	89.7	
99.1	89.7	
99.3	79.4	
98.9	89.7	
99.3	79.6	
99.1	89.1	
99.1	99.6	
99.3	79.6	
99.1	89.7	
99.3	89.5	
99.1	89.7	
98.9	89.7	
99.1	89.7	
99.3	89.7	
99.3	99.4	
99.3	89.7	
99.3	89.5	
99.1	89.7	
98.9	89.7	
99.1	89.7	
99.1	89.5	
99.1	89.7	
99.1	87.7	
99.3	89.7	
99.1	96.4	
99.3	99.6	
99.3	89.7	
99.3	89.5	
99.3	89.5	
99.3	89.7	
99.3	89.7	
99.3	99.4	
99.3	89.7	
99.3	89.5	
98.9	89.5	
99.3	89.7	
99.1	99.6	
98.9	89.7	
99.1	89.7	
99.3	89.7	
99.3	79.6	
99.3	89.7	
99.3	79.6	
99.1	89.7	
99.1	89.7	
99.3	89.7	
99.3	89.7	
99.3	99.6	
99.3	89.7	
99.1	89.7	
99.3	89.7	
99.3	89.5	
99.3	86.5	
99.3	89.7	
99.1	89.5	
99.3	99.6	
99.1	89.7	
99.3	89.7	
99.3	89.7	
99.3	99.6	
99.3	89.7	
98.9	89.7	
99.3	89.7	
99.3	89.7	
99.3	89.7	
99.3	89.7	
99.3	87.5	
99.3	89.5	
99.3	89.7	
99.3	89.7	
99.3	79.6	
99.1	89.5	
99.1	89.7	
99.3	99.6	
99.3	89.7	
98.9	89.7	
99.3	71.4	
99.3	99.2	
99.3	89.7	
99.3	89.7	
99.3	89.7	
99.3	89.7	
98.7	89.5	
98.9	89.7	
98.7	89.7	
99.3	99.6	
99.3	89.7	
98.7	89.5	
99.3	99.2	
99.3	89.7	
99.1	89.7	
89.4	89.7	
99.3	89.7	
99.3	79.6	
99.3	99.6	
99.1	89.7	
99.1	89.7	
99.3	89.7	
99.3	89.7	
99.3	79.6	
99.1	89.7	
99.1	89.7	
98.9	89.7	
99.1	79.4	
99.1	79.1	
99.1	89.7	
99.1	89.7	
99.3	89.7	
99.3	89.7	
98.9	89.7	
99.3	89.7	
98.9	89.7	
99.1	99.6	
99.1	89.7	
99.3	89.7	
99.3	89.7	
99.3	89.7	
99.3	99.6	
99.3	89.7	
99.1	89.7	
99.1	89.7	
99.3	89.7	
98.9	99.6	
99.3	89.7	
89.2	89.7	
99.3	89.7	
98.9	79.6	
98.9	82.1	
99.3	89.5	
99.3	89.5	
98.9	89.7	
99.3	89.7	
99.3	89.7	
99.1	89.7	
99.1	89.7	
99.3	89.7	
99.1	89.3	
99.3	89.7	
99.1	89.7	
99.1	89.5	
99.3	89.7	
98.5	89.5	
99.3	89.7	
99.1	89.7	
99.1	88.5	
99.3	89.7	
99.1	89.5	
99.3	89.7	
99.3	89.7	
99.3	89.7	
99.3	89.5	
98.9	89.7	
99.1	89.7	
98.9	99.4	
99.1	89.7	
99.3	89.5	
99.1	89.7	
98.9	89.5	
99.1	89.7	
99.3	89.7	
99.3	89.7	
98.9	89.7	
99.1	79.6	
98.7	99.6	
99.3	89.7	
99.1	89.5	
99.3	89.7	
99.3	99.6	
99.3	89.7	
99.3	99.6	
99.1	89.7	
99.3	89.7	
99.3	89.7	
99.1	89.7	
99.1	89.7	
99.3	79.4	
98.9	89.7	
99.3	89.7	
99.3	89.7	
99.3	89.7	
99.1	89.7	
99.3	89.3	
99.3	89.7	
99.1	89.7	
98.3	79.6	
98.9	89.7	
99.1	99.6	
99.3	79.6	
99.3	89.7	
99.3	79.6	
99.1	89.7	
99.3	89.7	
98.9	89.5	
99.1	89.7	
99.3	89.7	
99.3	89.7	
98.7	99.6	
98.9	89.7	
99.3	79.6	
99.1	89.7	
98.3	89.7	
99.3	89.7	
99.3	89.7	
99.3	89.7	
99.1	79.6	
99.1	89.7	
99.3	79.6	
99.3	89.7	
99.3	89.7	
99.1	89.7	
99.3	89.5	
99.1	79.6	
99.3	89.7	
98.7	99.6	
99.3	89.7	
99.3	79.6	
99.1	89.7	
99.1	89.3	
99.1	89.7	
99.1	89.5	
99.3	89.7	
99.3	89.7	
99.3	89.7	
98.7	89.7	
99.3	79.6	
99.3	89.7	
99.3	85.3	
99.3	89.5	
99.3	89.5	
99.3	89.5	
99.3	89.5	
99.3	79.6	
99.1	89.7	
99.3	89.7	
99.3	89.7	
99.1	89.7	
98.9	89.7	
99.1	89.7	
99.1	89.7	
99.3	89.5	
99.3	89.5	
89.2	89.5	
99.3	89.5	
99.3	89.7	
99.3	89.7	
99.3	99.6	
99.3	99.2	
99.3	89.7	
99.3	89.7	
99.3	89.7	
99.3	89.7	
99.3	89.7	
99.3	89.7	
98.9	97.8	
99.3	99.4	
99.3	89.7	
99.3	89.7	
98.9	89.7	
99.3	89.7	
98.9	89.7	
99.1	-30	
98.9	89.7	
99.3	89.5	
99.3	89.7	
99.3	89.5	
99.3	89.7	
98.9	88.9	
99.3	89.7	
99.3	89.7	
99.3	89.7	
98.9	89.7	
98.9	69.5	
99.3	89.7	
99.3	89.7	
99.3	89.7	
99.3	99.6	
99.1	89.5	
99.1	89.7	
98.9	89.7	
99.1	89.7	
99.3	89.7	
99.3	89.7	
98.7	69.3	
99.3	89.7	
98.9	89.5	
99.3	89.7	
99.3	99.6	
98.7	89.5	
99.1	99.6	
99.3	79.6	
99.3	89.5	
98.9	89.7	
99.3	89.5	
99.3	89.7	
99.3	89.5	
99.1	99.4	
99.3	89.7	
99.3	89.7	
98.9	89.7	
99.1	89.7	
98.9	79.4	
89.4	89.7	
99.1	89.7	
99.3	89.7	
99.3	89.7	
99.1	99.6	
99.3	89.7	
99.3	89.7	
99.3	89.7	
99.3	89.7	
99.3	89.7	
99.1	89.7	
99.3	89.7	
99.3	89.7	
99.1	99.6	
99.1	76	
99.3	89.7	
99.3	89.5	
99.3	89.7	
98.9	89.5	
99.1	89.7	
99.1	89.7	
99.3	89.7	
99.3	89.7	
98.7	89.7	
98.9	89.7	
99.3	89.5	
99.1	89.7	
98.9	89.7	
99.1	89.7	
99.1	89.7	
99.3	89.7	
99.3	89.3	
99.3	89.5	
99.3	89.5	
99.3	89.7	
99.1	89.7	
98.9	79.6	
99.3	89.1	
99.3	89.7	
98.7	89.7	
99.1	89.7	
99.3	89.7	
99.3	89.7	
99.3	89.7	
99.3	89.7	
99.1	89.7	
99.1	89.5	
98.9	89.7	
99.3	89.5	
99.3	89.7	
88.6	89.3	
99.3	89.7	
99.1	89.7	
99.1	79.6	
99.3	89.7	
99.3	89.7	
98.9	89.5	
99.3	89.7	
99.3	79.6	
99.3	89.7	
99.1	89.7	
99.1	89.7	
99.3	88.7	
99.3	99.6	
99.3	89.7	
99.1	89.7	
98.9	89.5	
99.1	89.7	
99.1	89.7	
99.3	79.6	
99.3	99.6	
99.3	89.7	
99.1	89.3	
99.1	89.5	
98.9	89.7	
98.7	89.7	
99.3	99.6	
99.3	89.3	
99.3	89.5	
99.1	89.7	
98.9	89.7	
99.1	89.7	
99.3	89.5	
98.9	89.3	
99.1	89.7	
99.1	89.7	
99.3	89.7	
99.1	89.7	
99.3	89.7	
99.3	89.7	
99.3	89.7	
99.1	89.5	
99.3	89.5	
99.1	89.7	
99.3	89.7	
98.5	89.7	
98.9	89.7	
99.1	89.7	
99.1	89.7	
98.9	89.7	
99.3	89.7	
98.9	89.5	
99.1	89.7	
99.3	89.7	
99.1	89.7	
99.3	89.7	
99.1	89.7	
99.3	96	
99.3	89.7	
99.3	89.7	
99.1	89.7	
99.1	89.7	
99.1	89.7	
99.3	69.5	
99.3	89.7	
99.1	89.7	
99.3	89.7	
99.1	89.7	
99.3	89.7	
99.1	89.7	
99.1	99.6	
99.1	89.7	
99.3	89.7	
99.3	89.7	
98.9	89.7	
99.3	89.7	
98.9	89.7	
99.3	99.6	
99.3	89.7	
99.3	89.7	
99.3	89.5	
99.3	99.6	
99.3	89.7	
99.3	89.5	
99.1	99.6	
99.3	89.7	
99.3	89.7	
99.1	89.7	
99.3	89.7	
99.1	89.7	
98.7	89.7	
99.3	89.7	
99.1	89.7	
99.3	89.7	
98.9	89.7	
99.3	89.7	
98.9	89.7	
99.3	79.2	
99.3	89.7	
99.3	89.7	
99.3	85.9	
99.3	89.5	
99.3	89.5	
99.3	89.5	
99.3	99.6	
99.1	89.7	
98.7	89.7	
99.1	89.5	
99.3	89.3	
99.3	89.7	
99.3	99.6	
99.3	89.7	
99.3	79.4	
99.1	99.6	
99.3	89.5	
99.3	89.5	
99.3	89.7	
99.3	89.7	
99.1	89.7	
99.3	89.7	
99.1	89.3	
98.5	89.7	
99.3	89.7	
99.1	88.9	
99.1	89.7	
99.3	89.7	
99.3	89.7	
99.1	89.7	
99.3	89.7	
99.3	89.7	
99.1	78.8	
99.1	89.7	
99.1	89.7	
99.3	89.7	
88.4	89.7	
99.3	89.7	
99.1	79.6	
99.3	89.7	
98.9	89.7	
89.2	89.7	
99.1	89.7	
98.5	89.7	
99.3	89.7	
99.1	89.5	
99.1	89.7	
98.7	89.7	
99.3	89.7	
99.3	89.7	
99.3	89.5	
99.1	89.7	
99.3	79.6	
99.1	89.5	
99.3	89.7	
99.3	89.7	
99.3	89.7	
99.1	89.7	
99.3	89.7	
99.1	99.6	
99.3	89.7	
99.1	89.7	
99.3	89.7	
99.3	89.7	
99.3	89.7	
99.3	89.5	
99.3	99.6	
99.3	79.4	
99.3	89.7	
99.3	89.7	
98.9	89.7	
99.3	89.5	
99.3	69.5	
98.9	99.6	
99.3	99.6	
99.1	89.5	
99.1	99.6	
99.3	89.7	
99.3	89.7	
99.3	89.7	
99.1	87.9	
99.3	89.7	
99.1	99.4	
98.9	89.7	
99.3	89.7	
99.3	89.5	
98.9	79.6	
99.3	89.7	
88.8	89.5	
99.1	99.6	
98.9	89.7	
99.1	89.7	
99.3	89.7	
99.3	89.7	
99.3	89.7	
99.3	89.7	
99.3	89.7	
99.3	89.7	
99.1	89.7	
99.1	99.6	
99.3	89.7	
99.3	79.6	
89.4	89.7	
99.3	79.6	
99.1	89.7	
99.3	89.7	
99.3	79.6	
99.1	89.7	
99.3	99.6	
99.3	89.7	
98.9	89.7	
99.3	89.7	
99.3	99.6	
99.1	89.7	
99.3	89.7	
99.3	79.4	
98.9	89.5	
99.3	87.5	
98.9	89.7	
99.1	89.5	
89.4	89.7	
99.3	89.5	
99.3	89.3	
99.1	89.7	
98.9	89.5	
99.3	89.7	
99.3	79.6	
99.3	89.7	
99.1	89.7	
99.3	88.9	
99.1	89.7	
99.3	89.5	
99.3	99.6	
99.3	89.5	
99.3	89.7	
99.1	89.7	
99.3	89.7	
99.3	89.3	
99.3	89.7	
99.3	89.5	
99.1	89.7	
99.3	89.7	
99.1	89.7	
99.3	89.7	
99.1	89.7	
99.3	89.7	
99.3	89.5	
99.3	89.7	
99.3	89.7	
99.3	89.5	
99.3	89.7	
99.3	89.7	
99.3	89.7	
99.3	89.7	
99.1	89.7	
99.1	89.7	
99.3	79.6	
99.1	84.9	
99.3	89.7	
99.3	89.7	
99.3	89.7	
99.3	89.7	
99.3	89.7	
99.3	89.3	
99.3	89.7	
99.3	89.7	
99.3	89.5	
99.3	79.6	
99.1	89.7	
99.3	88.9	
99.3	89.7	
99.3	89.7	
99.1	89.5	
99.3	89.7	
99.3	89.7	
98.7	89.7	
99.1	89.7	
99.3	89.7	
99.3	89.7	
99.3	89.5	
99.1	89.7	
99.3	89.7	
99.3	89.7	
99.1	89.7	
98.9	89.7	
99.1	89.7	
99.1	89.7	
99.1	89.7	
99.3	89.7	
99.1	89.7	
99.1	88.5	
99.3	89.7	
89.2	89.7	
99.3	89.7	
99.3	89.5	
99.3	89.7	
99.3	99.6	
99.3	89.7	
99.3	89.7	
99.3	89.7	
99.1	95.6	
99.3	89.7	
99.3	99.6	
99.3	89.7	
99.3	89.7	
98.7	89.7	
98.9	89.7	
98.9	89.7	
99.1	89.5	
99.1	89.7	
99.1	89.5	
99.3	89.7	
99.3	89.7	
98.9	89.7	
99.1	89.7	
99.3	99.6	
99.3	89.7	
98.9	89.7	
99.1	99.4	
99.3	89.7	
99.3	89.7	
98.9	89.7	
99.1	89.7	
99.3	89.7	
99.3	89.7	
99.1	89.3	
99.3	89.7	
99.3	89.7	
99.3	99.6	
99.3	89.7	
99.3	89.7	
99.3	89.7	
99.3	99.6	
99.1	89.7	
99.3	89.7	
99.3	89.7	
99.3	89.7	
99.1	89.7	
99.1	99.4	
99.1	89.7	
99.1	79.6	
98.7	99.4	
99.1	89.7	
99.3	89.7	
99.3	82.1	
99.1	99.6	
99.1	89.7	
99.1	89.7	
99.1	89.5	
99.3	69.5	
98.9	77.9	
99.3	99.6	
99.1	89.7	
99.3	89.5	
98.9	89.7	
99.1	89.7	
99.3	89.7	
99.1	89.7	
98.5	89.5	
99.1	89.5	
99.3	89.7	
99.3	89.7	
99.3	89.5	
99.3	89.7	
99.3	89.7	
98.7	89.5	
99.1	79.6	
99.3	88.3	
99.3	89.7	
99.3	89.7	
99.3	89.7	
99.3	89.7	
99.1	99.2	
99.3	89.7	
99.3	89.7	
99.1	89.3	
99.3	88.9	
99.3	89.7	
99.1	89.7	
99.3	89.5	
99.1	89.7	
99.3	89.7	
99.3	89.7	
99.3	89.3	
99.3	89.7	
98.7	89.7	
99.3	99.6	
99.3	89.5	
99.3	89.5	
99.1	79.6	
99.3	89.7	
99.1	89.7	
99.1	89.7	
99.1	89.7	
99.1	89.5	
99.3	89.7	
99.1	89.7	
99.3	89.7	
99.3	89.7	
99.1	89.7	
99.1	89.7	
99.1	89.5	
99.3	89.7	
99.3	89.7	
89.4	85.9	
99.1	89.7	
99.1	89.7	
89.4	89.7	
99.3	89.7	
99.1	79.6	
99.3	89.7	
99.3	89.7	
98.9	89.3	
99.3	99.4	
98.7	89.7	
99.3	89.7	
99.3	89.5	
99.3	89.7	
99.3	86.3	
99.3	89.5	
99.3	89.7	
99.3	99.4	
99.3	89.7	
99.1	89.5	
99.3	89.7	
99.3	89.7	
98.9	89.7	
99.3	89.7	
99.1	89.7	
99.3	89.7	
99.3	89.7	
99.1	89.7	
99.1	89.7	
99.1	89.7	
99.1	89.7	
98.9	89.7	
99.3	89.7	
98.9	89.7	
99.3	89.5	
