99.3	99.4	
99.3	99.6	
98.9	89.7	
99.3	99.4	
98.7	99.6	
99.3	99.6	
99.1	99.4	
99.1	99.6	
98.5	99	
99.3	99.4	
99.3	99.6	
98.5	99.4	
98.7	99	
98.7	99.6	
98.9	99.6	
99.3	99.6	
98.9	99.6	
98.9	99.6	
98.9	99.6	
99.1	99.6	
99.1	99.6	
99.3	99.2	
99.3	99.4	
99.3	89.7	
99.1	99.6	
98.9	99.6	
99.3	89.1	
99.3	99.6	
99.3	99.6	
99.1	99.6	
97.9	99.6	
99.1	99.6	
99.3	89.3	
98.9	99.6	
99.3	99.6	
98.9	99.6	
99.3	99.6	
98.7	99.6	
98.9	99.6	
98.9	99.6	
99.3	89.7	
99.3	99.6	
99.3	99.6	
99.3	99.4	
99.3	99.6	
99.3	99.6	
99.3	89.1	
99.3	99.6	
98.9	99.6	
98.7	99.6	
99.3	99.6	
99.3	99.6	
99.1	99.6	
99.1	89.5	
99.3	99.2	
98.9	99.4	
99.1	89.5	
99.3	99.6	
99.3	99.4	
99.3	99.6	
99.3	99.6	
98.9	99.4	
99.1	99.6	
99.1	99.4	
98.5	99.6	
99.1	99.6	
99.3	99.6	
98.7	99.6	
99.1	99.6	
99.3	99.4	
99.3	99	
98.9	89.3	
99.3	99.4	
99.3	99.6	
99.3	99.6	
99.3	99.2	
99.3	99.4	
99.1	99	
98.9	99.4	
99.3	99.6	
99.3	99.6	
99.3	99.6	
99.1	99.4	
98.7	89.7	
99.1	99.6	
98.7	89.7	
99.1	99.6	
99.1	99.6	
99.3	99.6	
99.3	99.6	
99.1	99.6	
99.3	89.7	
99.3	99.6	
99.1	99.4	
99.3	99.6	
99.3	89.7	
98.7	99.6	
99.3	99.6	
99.1	99.6	
99.1	99.6	
99.3	98.8	
98.9	99.2	
99.3	99.6	
98.9	99.6	
98.7	99.4	
99.1	99.4	
98.5	99.6	
99.3	99.6	
99.1	99.4	
99.1	99.6	
99.3	99.6	
99.1	99.6	
99.1	99.6	
98.9	99.6	
99.1	99.6	
99.3	99.2	
78.7	99.2	
99.3	89.3	
99.3	99.4	
99.1	99.6	
99.1	89.3	
99.3	99.6	
99.3	99.6	
97.5	99.6	
99.3	99	
98.7	99.6	
98.9	99.4	
99.1	89.7	
98.9	99.6	
99.3	99.4	
98.5	99.4	
98.7	99.6	
99.1	99	
99.1	99.4	
99.3	89.7	
99.3	99.4	
99.3	99.4	
99.3	99.6	
99.3	99.6	
99.3	99.4	
99.3	98.8	
99.3	99.6	
98.7	99.6	
98.9	99.4	
99.3	99.4	
99.3	89.7	
97.9	99.4	
99.3	99.6	
98.7	89.5	
99.3	99.6	
99.1	99.6	
99.3	99.6	
99.1	99.6	
99.3	99.6	
98.9	99.6	
99.3	99.4	
99.1	99.6	
99.3	99.6	
99.3	99.6	
99.3	99.6	
99.3	99.4	
99.3	99.6	
99.3	99.6	
98.9	99.6	
97.5	99.2	
99.1	99.2	
99.1	99.6	
98.9	99.4	
99.3	99.6	
98.9	99.4	
99.3	99	
99.3	99.6	
98.7	89.5	
99.1	99.6	
99.3	99.4	
99.3	99.6	
99.1	89.7	
98.9	99.6	
99.1	99.6	
99.3	99.6	
99.3	99.6	
77.9	99.4	
99.3	99.6	
99.3	99.4	
99.3	99.2	
98.7	99.6	
99.1	99.6	
98.9	99.6	
99.3	89.5	
99.3	99.6	
99.3	99.6	
99.1	99.6	
99.1	99.6	
99.1	89.7	
99.3	99.4	
99.3	99.6	
98.7	99.6	
99.1	99.4	
99.3	99.4	
98.9	99.6	
99.1	89.7	
98.7	99.4	
99.1	99.6	
99.1	99.2	
99.3	99.6	
99.1	99.6	
98.5	99	
98.9	89.5	
98.7	99.4	
88.4	99.6	
99.3	99.6	
99.1	99.6	
99.3	99.6	
99.1	99.6	
99.3	99.4	
99.1	89.3	
99.3	99.4	
99.3	99.6	
99.1	99.2	
98.9	78.2	
98.9	99.6	
98.9	99.6	
99.1	99.2	
99.3	89.5	
99.1	99.6	
99.3	99.6	
99.3	99.2	
99.3	99.6	
99.1	99.4	
99.3	99.4	
99.3	99.6	
98.7	99.6	
98.7	99.6	
98.7	99.6	
98.7	99.4	
99.3	99.6	
99.1	99.2	
99.1	99.6	
98.7	99.4	
98.7	99.6	
99.1	99.6	
98.5	99.6	
98.5	89.7	
99.3	99.4	
97.9	99.6	
99.3	99.2	
99.1	99.4	
99.1	99.2	
98.9	99.4	
99.3	99	
99.3	99	
98.9	79.6	
99.1	99.6	
99.3	99.6	
99.3	99.4	
98.7	99.6	
99.1	99.6	
99.3	99.6	
98.3	99.4	
98.9	99.2	
99.1	99.6	
99.3	99.4	
88.6	99.6	
99.3	99.2	
98.9	99.4	
98.9	99.4	
99.1	99.2	
99.3	99.6	
98.7	99.4	
99.1	99.6	
98.7	99.6	
99.1	89.1	
98.7	99.6	
99.3	99.4	
99.3	99.6	
99.3	99.4	
98.7	99.6	
99.3	99.6	
99.3	89.3	
98.9	99.6	
98.9	99.6	
99.1	99.6	
98.5	89.5	
98.7	99.2	
99.3	99.6	
99.1	99.6	
98.9	99.6	
98.7	98.8	
99.1	99.6	
99.1	99.6	
99.1	99.4	
99.3	99.6	
98.9	99.2	
98.9	89.3	
99.1	99.6	
99.3	99.6	
99.3	99.6	
98.9	99.4	
99.3	99.6	
99.1	99.6	
99.3	99.6	
98.9	99.6	
98.9	99.6	
98.9	99.6	
99.1	99.6	
99.1	99.6	
99.3	89.7	
99.3	99.4	
99.1	99.6	
98.9	99.6	
99.3	89.3	
99.1	99.4	
99.1	89.1	
99.3	99.6	
99.3	79.4	
99.3	89.5	
99.1	99.6	
99.1	89.5	
99.1	99.6	
98.3	99.6	
98.9	99.6	
99.3	99.4	
99.1	99.6	
98.3	99.6	
99.1	99.6	
99.3	99.6	
99.3	99.6	
99.1	89.7	
99.1	99.4	
98.7	99.6	
99.3	99.6	
99.3	99.6	
98.7	99.4	
99.3	98.8	
99.1	99.6	
99.1	99.6	
98.9	99.6	
98.7	99.6	
99.1	99.2	
99.1	89.5	
99.1	99.4	
99.3	99.4	
99.1	99.6	
99.3	99.4	
99.3	99.2	
99.3	99.6	
98.7	99.6	
98.9	99.6	
99.3	99.4	
99.1	99.6	
99.3	99.6	
98.9	99.6	
98.7	99.6	
99.1	99.6	
98.7	99.4	
99.1	99.6	
99.1	99.4	
99.1	99.4	
99.3	99.6	
98.3	99.4	
99.1	99.6	
99.3	99.6	
99.3	99.6	
98.9	99.6	
99.3	99.6	
99.1	99.6	
99.3	99.6	
98.9	99.4	
99.1	99.4	
99.3	89.5	
99.1	99.6	
98.7	99.6	
99.3	99.4	
99.1	99	
99.3	99.6	
98.9	99.6	
87.4	89.7	
99.3	99.6	
99.3	99.6	
99.3	99.6	
99.1	89.5	
98.9	99.6	
99.1	99.4	
99.3	99.6	
99.3	99.4	
98.9	99.6	
88.4	99.6	
99.3	99.6	
99.3	99.6	
99.3	98.8	
98.7	99.6	
99.1	99.4	
98.9	99.2	
99.1	99.6	
99.3	99.6	
99.1	99.6	
98.9	89.7	
99.3	99.6	
99.1	89.3	
99.3	99.2	
99.3	99.6	
99.1	99.4	
99.3	99.6	
98.9	99.4	
98.9	99	
98.9	99.6	
99.3	99.6	
99.1	99.2	
99.3	99.4	
98.9	99.6	
99.3	99.6	
99.3	99.4	
98.9	99.6	
99.1	99.4	
99.3	99.6	
99.3	99.6	
99.3	99.6	
98.9	99.4	
88.6	99.6	
99.3	99.6	
99.1	89.7	
99.3	99.6	
98.9	99.6	
99.1	99.6	
99.3	99	
99.3	99.2	
98.9	99.6	
98.3	89.7	
98.7	99	
99.1	99	
99.3	99.4	
98.7	99.4	
98.9	99.6	
98.5	99.6	
99.1	99.4	
99.3	99.2	
99.3	99.6	
98.9	99.6	
99.3	99.6	
99.3	99.6	
99.1	99	
99.3	99.6	
98.5	99.4	
98.9	89.7	
98.9	99.6	
98.7	99.4	
99.3	99.6	
98.9	99.6	
98.7	99.6	
98.9	88.9	
98.9	89.3	
99.3	99.6	
98.9	99.6	
98.9	99.4	
98.9	99.6	
99.3	89.7	
99.3	89.5	
99.3	99.6	
99.1	99.6	
99.3	99.6	
98.9	99.6	
98.7	99.4	
99.3	99.6	
99.1	99.4	
99.3	99.4	
98.3	99.6	
98.9	99.6	
99.3	99.4	
99.1	99.6	
99.1	99.6	
99.1	99.4	
98.9	99.2	
99.3	99.2	
99.3	99.6	
99.3	99.6	
99.3	99.4	
98.9	99.6	
99.1	99.6	
99.1	99.6	
99.3	99.6	
99.3	99.4	
99.3	99.4	
99.3	79.4	
99.3	99.6	
99.3	99.6	
99.3	99.6	
99.1	99.4	
99.3	99.2	
99.1	99.6	
98.7	99.6	
98.7	99.6	
99.1	99.6	
99.3	99.4	
98.9	99.4	
98.9	99.4	
98.9	99.6	
99.3	99.6	
99.3	99.6	
98.7	99.4	
99.3	98.8	
98.3	99.4	
99.1	99.4	
99.1	99.6	
99.3	99.2	
99.1	99.6	
99.3	89.7	
99.3	99.6	
99.3	99.6	
99.1	89.7	
99.1	99.6	
99.1	99.2	
99.3	99.6	
99.3	99.6	
99.1	98.8	
99.3	99.6	
99.1	99.4	
99.1	99.6	
99.1	99.6	
99.1	99.6	
99.1	99.6	
99.3	99.6	
99.3	99.2	
99.3	99.2	
98.7	89.7	
99.3	99.2	
98.9	99.6	
99.1	99.6	
99.1	89.7	
99.3	99.6	
99.3	99.4	
99.1	99.6	
98.9	89.3	
99.1	99.4	
99.3	99.6	
97.7	99.6	
98.7	99.6	
99.3	89.7	
88	99.4	
98.9	99.4	
98.5	99.6	
98.9	99.6	
98.9	99.6	
98.9	99.6	
99.1	89.1	
99.1	99.2	
98.9	99.4	
98.9	99.6	
98.3	99.2	
99.1	99.4	
99.3	99.6	
99.3	99.6	
99.1	99.4	
99.3	99.6	
98.5	99.4	
97.7	99.4	
99.3	99.2	
98.9	99.4	
99.3	99.4	
99.3	99.4	
98.7	99.2	
99.1	99.4	
99.1	99.6	
99.3	99.6	
99.3	99.6	
99.3	99.4	
99.3	99.6	
98.7	99.6	
99.3	99.4	
98.9	99.6	
99.1	99.6	
99.3	99.6	
98.9	99.6	
98.9	99.4	
98.5	99.6	
99.1	99.4	
99.3	99.6	
99.1	99.4	
98.9	99.6	
98.9	89.5	
99.3	99.4	
99.3	99.4	
99.1	99.6	
98.7	89.7	
99.3	99.6	
98.7	99.2	
99.1	99	
98.7	99.6	
99.3	99.6	
99.3	99.6	
99.3	99.6	
97.3	99.6	
99.3	89.5	
99.3	99.4	
99.1	99.6	
99.3	99.6	
99.3	99.6	
99.3	99.4	
98.7	99.6	
99.3	99.6	
99.3	99.2	
99.3	99.4	
99.3	99.6	
98.7	78.8	
99.3	99.4	
99.3	89.5	
99.3	99.6	
98.9	99.2	
98.9	99.6	
99.1	99.4	
99.3	99.4	
98.9	99.6	
99.3	99.6	
99.1	99.2	
98.7	99	
99.3	99.6	
99.1	99.6	
99.3	99	
98.9	89.1	
99.1	99.6	
99.1	99.6	
88.2	99.4	
99.3	99.4	
99.3	99.6	
98.5	99.6	
98.9	99.6	
99.3	99.6	
99.1	99.6	
99.3	99.4	
99.3	99.6	
99.3	99.6	
99.1	99.6	
98.7	99.6	
99.1	99.4	
99.3	99.2	
99.3	99.6	
99.3	89.7	
99.3	99.6	
99.3	99.6	
99.1	99.6	
98.7	99.2	
99.3	99.6	
99.1	99.4	
99.3	99.2	
99.3	99.6	
99.1	99.4	
99.3	99.4	
98.5	99.4	
99.3	89.5	
99.1	99.6	
99.1	99.6	
98.9	99.2	
99.3	99.6	
99.3	99.2	
99.3	89.5	
99.3	99.4	
99.1	99.6	
99.3	99.6	
99.3	99.4	
99.3	99.6	
99.3	89.1	
99.1	99.6	
99.3	99.4	
99.3	99.6	
99.1	99.4	
99.1	99	
99.3	99.6	
99.1	99.6	
98.9	99.2	
98.9	99.6	
99.1	99.4	
99.3	99.6	
99.3	89.1	
99.1	99.6	
98.9	99.6	
98.5	89.5	
99.1	99.6	
99.3	99.6	
99.3	99.6	
99.1	99.4	
99.3	99.6	
99.3	99.4	
99.3	99.6	
98.9	99.4	
98.9	99.6	
99.1	98.6	
99.1	78.4	
98.7	99.4	
99.1	99.4	
99.1	99.6	
98.3	99.4	
99.3	89.3	
98.7	99.6	
98.9	99.6	
98.5	99.6	
99.1	99.6	
99.3	99.4	
99.3	99.4	
99.3	99.6	
98.1	99	
98.3	99.6	
99.1	99.6	
99.3	99.6	
99.1	99.4	
98.1	99.6	
99.3	99.6	
99.1	99.4	
99.3	99.6	
98.9	99.6	
99.3	99.6	
99.3	99.6	
99.3	99.6	
99.3	99.6	
98.7	99.4	
98.9	99.6	
98.7	99.6	
99.3	89.5	
99.3	99.4	
99.1	99.6	
99.3	99.6	
99.3	99.6	
99.3	89.5	
99.3	99.6	
98.9	99.6	
99.1	99	
99.3	99.2	
99.3	99.6	
99.3	99.4	
98.5	99.6	
99.3	99.4	
99.1	89.5	
99.1	99.6	
99.3	99.6	
98.7	99.6	
98.7	99.4	
98.9	99.4	
99.3	99.6	
99.3	99.6	
98.5	99.6	
99.1	99.4	
99.3	99.6	
99.1	99.6	
99.3	99.6	
98.9	99.6	
98.9	99.6	
99.1	99.6	
99.3	99.6	
98.7	99.6	
99.3	99.6	
99.1	99.2	
99.1	99.6	
99.3	99.2	
99.1	99.2	
99.1	99.6	
99.1	89.5	
99.3	99.4	
99.3	99.2	
99.3	99.4	
99.3	89.7	
99.3	99.4	
99.3	99.6	
98.9	99.2	
99.3	99.6	
98.5	99.6	
99.1	99.4	
86.8	99.6	
99.3	99.6	
99.1	99.4	
98.9	99.6	
99.3	99.4	
99.3	89.5	
98.3	99	
99.3	89.5	
99.1	99.4	
98.7	99.6	
98.9	98.8	
99.3	89.3	
99.3	99.6	
99.1	99.4	
98.9	99.6	
99.1	99.6	
99.3	99.6	
99.3	99.4	
99.1	99.6	
99.3	99.4	
99.3	99.4	
99.1	99.6	
99.3	99.4	
99.3	99.6	
99.1	89.5	
99.3	89.5	
98.9	99.4	
99.3	89.7	
99.3	99.6	
99.3	99.6	
99.3	99.6	
99.3	99.6	
99.3	89.7	
99.1	99.2	
99.1	99.2	
98.7	99.6	
99.3	89.5	
99.3	99.6	
98.1	99.4	
99.1	99.6	
99.3	99.6	
99.3	89.3	
99.3	99.6	
99.1	99.4	
99.3	99.6	
99.3	99.4	
99.3	99.4	
98.7	99.6	
99.3	99.2	
99.3	99.4	
99.3	99.6	
98.9	99.6	
99.3	99.6	
99.3	99.6	
99.3	89.7	
99.1	99.6	
98.9	99.4	
98.9	99	
99.3	99.6	
99.1	99.6	
99.1	99.6	
99.1	99.6	
99.1	99.6	
99.1	99.4	
99.3	99.2	
99.1	89.1	
98.5	99.6	
99.1	99.6	
98.9	99.6	
98.9	99.6	
98.5	99.4	
99.3	89.5	
99.3	89.5	
99.3	99.6	
98.9	89.7	
98.3	89.3	
99.3	99.4	
99.3	99.6	
99.1	99.6	
99.3	99.6	
99.1	99.6	
99.1	99.4	
99.3	99.6	
98.7	99.4	
99.1	99.6	
98.9	99.4	
99.3	99.6	
99.3	98.6	
99.1	99.6	
99.1	99.4	
99.1	99.6	
98.9	99.6	
99.1	99.6	
98.9	89.7	
99.3	99.6	
99.1	99.4	
99.3	89.5	
98.9	99.6	
99.1	99.2	
99.3	99.6	
99.3	99.6	
99.3	99.6	
99.1	99.4	
98.7	99.6	
99.1	99.6	
99.1	99.4	
98.9	99.6	
98.9	99.2	
99.3	99.4	
99.1	99.2	
98.9	99.4	
99.3	99.6	
98.9	99.6	
99.3	99.6	
98.9	99.6	
99.3	99.4	
98.7	99.4	
98.9	89.7	
99.1	99.6	
99.1	99.6	
98.7	99.4	
98.9	89.7	
99.3	99.4	
99.3	99.6	
99.3	99.4	
99.3	99.6	
99.1	99.6	
99.3	99.6	
99.1	99.4	
98.9	98.6	
98.9	99.6	
99.3	99.4	
99.3	99	
99.1	99.6	
99.3	99.6	
99.3	99.6	
99.3	99	
99.1	99.6	
99.1	99.4	
99.3	99.6	
98.5	89.1	
99.3	89.7	
98.3	99.2	
98.9	99.6	
99.1	99.6	
98.7	99.2	
99.3	99.4	
99.1	99.6	
99.3	99.6	
99.1	99.2	
99.1	99.6	
99.1	99.4	
99.3	99.6	
99.3	99.6	
88	99.6	
99.1	99.4	
98.7	99	
99.1	99.6	
99.1	99.6	
99.3	99.2	
98.9	99.6	
99.1	99.4	
88.4	99.6	
99.1	89.3	
99.1	89.7	
98.7	89.5	
99.1	99.6	
99.3	99.6	
99.3	99.6	
99.3	99.6	
99.3	99.6	
99.3	99.4	
99.3	99.6	
99.3	99.6	
98.3	89.3	
99.1	79.4	
99.1	89.5	
99.1	99.6	
99.1	99.6	
99.1	99.6	
99.1	99.6	
99.3	99	
99.3	99.6	
99.3	99	
98.9	99.2	
98.7	99.6	
98.7	99.4	
99.1	99.6	
99.1	99.2	
99.3	99.2	
99.1	89.7	
98.9	99.6	
99.1	99.6	
98.5	99.4	
98.9	99.4	
99.1	99.6	
98.9	99.6	
98.9	89.3	
99.3	99.6	
99.1	99.2	
99.3	99.6	
99.3	99.6	
98.9	99.6	
99.3	99.4	
99.1	99.2	
99.3	99.6	
98.9	99.6	
99.1	99.6	
99.3	99.6	
98.7	99.2	
98.9	99.6	
99.3	99.6	
99.1	99.6	
99.3	99.6	
99.3	99.6	
99.3	89.5	
99.3	98.8	
98.9	89.7	
99.1	99.4	
99.3	99.4	
98.9	99.6	
99.3	99.6	
99.3	99.6	
99.3	99.6	
99.3	88.3	
99.3	99.4	
98.7	99.6	
99.1	99.6	
99.3	99.6	
99.3	99.4	
98.7	99.4	
98.7	99.6	
98.1	99	
99.1	99.6	
99.1	99.4	
99.3	99.4	
