96.9	89.7	
98.7	99.4	
97.9	89.7	
98.9	89.5	
96.1	99	
99.3	99	
96.7	99.4	
98.3	99.6	
98.9	99.6	
97.5	99.6	
98.3	99	
97.7	98.6	
97.1	99.6	
87	99.4	
98.7	89.5	
88.4	99.6	
98.7	89.5	
97.9	99	
96.3	99.2	
96.7	99.6	
99.1	89.5	
98.7	99.6	
99.3	99.6	
97.7	98.8	
97.7	99.6	
96.3	99.6	
98.7	98.6	
99.3	99.6	
98.3	99.4	
98.7	99.6	
98.5	99.2	
87.6	99.2	
97.3	99.4	
98.9	89.3	
93.9	99.6	
99.1	99.6	
99.1	99.4	
95.5	99.6	
89.4	89.5	
97.5	99.4	
97.1	99.6	
97.5	99	
97.9	99.4	
97.5	89.7	
95.7	98.6	
99.3	99.6	
98.5	99.2	
98.9	69.3	
88.4	89.1	
97.9	99.6	
98.5	99.6	
97.9	99.6	
99.3	99.6	
98.5	89.7	
98.3	99.4	
98.7	99.6	
99.3	89.7	
98.7	88.9	
89.4	99.4	
96.1	99.6	
97.7	99.6	
97.9	99.6	
98.3	99.4	
87.8	99.4	
97.5	99.6	
97.1	99.6	
98.9	99.4	
99.3	98.8	
98.3	89.7	
99.1	99.2	
98.7	99.6	
98.9	99.6	
98.3	99.6	
97.9	99.4	
98.9	99.4	
98.7	99.6	
97.9	99.6	
96.3	99.6	
98.7	99.6	
98.3	99.6	
99.3	99.2	
97.7	99.6	
96.5	99.6	
99.1	99.6	
97.3	99.2	
98.9	99	
95.9	99.4	
95.5	99.2	
98.1	99.4	
97.9	99.4	
98.9	99.4	
99.1	89.5	
89.4	99.6	
98.1	99	
99.1	99.6	
99.3	99	
97.7	89.5	
98.7	88.9	
98.1	99.2	
98.9	99.4	
97.1	99.2	
98.7	98.8	
98.5	88.9	
98.7	99.4	
98.1	99.6	
98.9	99.6	
99.1	99.4	
99.1	99.6	
98.9	99.6	
98.3	99.6	
98.9	99.4	
98.3	99.6	
99.1	99.6	
95.7	99.6	
98.9	99.2	
98.9	99.2	
99.3	99.4	
79.5	99.6	
99.3	99.2	
98.5	99.4	
98.7	89.7	
87.2	88.9	
99.3	99.6	
96.7	99.6	
98.5	99.6	
98.9	99.4	
98.7	99.6	
98.7	99	
98.3	98.4	
98.7	99.4	
98.3	99.6	
99.1	99.4	
98.7	89.3	
98.9	99.2	
98.5	99.6	
98.9	99.4	
98.5	99.2	
97.9	89.5	
97.7	99.2	
97.3	99.6	
99.1	98.8	
96.5	99.6	
97.7	99.4	
94.3	88.9	
97.7	99.2	
98.7	99.2	
98.1	88.7	
97.3	99.6	
96.5	99.4	
98.9	99.6	
98.3	89.7	
98.3	99.6	
98.3	99.6	
96.9	89.7	
98.3	99.6	
98.9	99.2	
98.7	99.6	
97.9	99.4	
95.7	99	
96.5	98.4	
96.9	99.6	
96.3	99.6	
98.3	99.6	
97.7	98.2	
98.7	99.2	
96.3	99.6	
98.1	99.6	
97.5	99.6	
86.8	88.5	
97.1	89.7	
97.9	99.6	
96.9	99.6	
98.5	89.7	
99.3	99.6	
89.4	99.6	
95.1	89.3	
97.5	99.6	
97.9	99.4	
97.9	99.6	
98.7	99.6	
89.2	99.6	
97.7	99.6	
98.3	99.2	
98.7	99.4	
98.9	99.6	
98.7	99.6	
99.3	99.4	
98.7	89.1	
79.1	99.6	
99.3	99.4	
97.7	99.6	
97.1	89.5	
98.9	99.2	
99.3	79.4	
78.3	89.5	
98.5	89.5	
98.9	99.4	
98.7	99.6	
98.7	99.6	
98.9	89.7	
97.9	89.5	
98.3	99.4	
99.1	99.6	
98.7	99	
97.7	99.6	
98.3	89.7	
69.2	99.4	
98.5	89.5	
98.5	89.7	
98.1	99.4	
94.1	99.6	
97.7	99.6	
97.9	99	
98.9	99.2	
95.5	89.3	
97.7	89.7	
96.9	99.2	
98.1	99.6	
98.9	99.6	
98.5	99.2	
99.1	89.3	
97.3	99.6	
99.3	89.5	
94.7	89.7	
93.9	89.7	
98.9	99.4	
99.1	99.6	
98.7	99.2	
98.1	99.2	
98.7	99.6	
99.1	99.4	
98.5	99.6	
98.1	99.6	
98.1	99.4	
97.7	79.4	
98.5	99.6	
98.9	99.2	
98.5	99.6	
87.6	89.3	
99.1	99.6	
88.6	99.4	
99.1	99.4	
98.3	79.4	
98.7	89.5	
99.3	99.4	
98.3	99.6	
98.1	99.2	
96.5	99.6	
98.3	99.6	
98.7	89.5	
98.5	99.2	
99.3	79	
96.3	99.4	
98.5	99.6	
99.1	99.6	
98.3	99	
97.9	89.1	
97.9	89.3	
99.1	99.6	
89.4	89.5	
98.7	99.4	
98.7	99.6	
98.7	89.5	
95.1	89.3	
98.1	99.2	
96.3	99.4	
97.9	99.6	
94.5	99.4	
99.1	89.5	
98.3	99.4	
97.7	99.2	
99.1	89.5	
99.1	99.4	
99.3	99.4	
99.1	79.6	
85.8	99.2	
98.3	99.6	
98.7	99.4	
98.1	99.6	
97.7	89.5	
98.9	99.4	
98.7	99.4	
99.3	99.4	
98.9	99.6	
98.1	98.8	
46.2	89.3	
97.9	99.6	
97.5	99.6	
99.1	99	
98.5	89.7	
98.1	99.6	
88.2	99.6	
98.7	99.4	
98.7	89.3	
97.7	99.4	
98.7	99.4	
98.5	89.5	
99.3	89.5	
98.9	99.2	
98.9	99.6	
99.3	89.5	
99.1	99.4	
98.1	99.2	
97.5	99.6	
98.9	99.6	
98.1	99.4	
69	99.6	
97.9	89.5	
97.7	89.3	
98.1	99.6	
76.3	99.6	
98.9	99.4	
95.5	99.4	
97.1	99.2	
99.3	98.8	
98.7	99.6	
98.9	99.6	
99.1	99.6	
98.7	99.6	
96.9	89.7	
99.3	99.4	
98.7	98	
97.9	99.6	
98.5	99.6	
97.9	89.7	
98.7	79.4	
99.1	99.6	
98.3	99.6	
99.3	89.3	
99.3	99.4	
96.7	99.6	
96.1	89.5	
98.5	98.8	
98.5	99.2	
98.7	99.4	
97.7	99.6	
97.5	99.6	
97.7	99.6	
98.9	89.5	
99.1	99.6	
93.7	99.4	
59.3	99.6	
98.5	89.1	
99.1	99.6	
98.1	99.6	
99.1	89.5	
98.3	99.6	
98.9	99.6	
99.3	99.6	
96.5	99.6	
97.3	99.6	
98.1	99.2	
98.9	89.3	
98.7	89.7	
97.1	89.5	
98.5	99.6	
96.9	89.3	
98.3	89.7	
97.3	99	
99.1	98.8	
98.7	88.9	
98.5	89.5	
98.3	89.5	
98.3	98.2	
95.7	99	
88.4	99.6	
79.1	89.7	
98.1	99.2	
99.1	99.4	
97.5	99.2	
97.3	99.6	
98.9	99.6	
98.1	89.5	
98.7	99	
99.1	99	
98.9	99.6	
98.3	99.2	
99.1	89.7	
97.5	99.2	
94.9	88.9	
99.3	99.4	
88.8	99.6	
85.2	89.3	
99.1	99.2	
98.1	98.6	
98.3	99.6	
98.9	89.5	
89.2	99.6	
99.1	99.4	
98.9	99.6	
97.9	99.6	
99.3	98.8	
97.3	89.5	
98.7	98.8	
98.3	98.4	
94.3	99.6	
99.3	99	
99.1	99.6	
97.7	99.2	
99.1	98.8	
96.5	99.4	
99.1	79	
99.1	89.7	
99.1	99.6	
97.1	79.4	
98.7	99.6	
89.2	89.3	
95.7	99.6	
99.3	89.7	
97.9	89.1	
99.1	99.6	
99.3	99.6	
98.7	99.6	
99.1	89.5	
98.7	99.6	
98.9	89.5	
99.3	79.2	
99.1	89.7	
99.3	99.6	
97.5	99.6	
99.1	89.5	
97.1	99.6	
97.7	89.5	
98.9	89.5	
88.8	89.1	
98.7	99.6	
97.7	99.2	
87.6	99.4	
88.4	89.1	
99.3	88.9	
99.1	99.6	
97.9	99.6	
97.9	99.4	
98.9	99.4	
97.1	99.2	
98.9	99.4	
98.1	99.6	
99.1	99.6	
98.9	99.4	
98.1	99.6	
98.9	88.9	
99.1	89.7	
99.1	89.7	
98.3	98.8	
98.9	98.8	
99.1	99	
98.9	99.6	
98.3	99.4	
98.7	99.2	
98.3	99.6	
99.1	99.4	
97.9	99.4	
98.3	99	
97.9	99.4	
98.5	99.4	
98.1	99.4	
98.9	99.2	
98.7	99.6	
89	99	
98.3	89.5	
98.7	99.2	
99.3	88.5	
99.1	99	
99.3	99	
94.5	89.5	
98.1	99.6	
98.7	99	
98.3	99.4	
78.1	99.6	
98.5	98.6	
99.3	99.6	
98.5	88.9	
98.9	99.6	
97.9	99.2	
98.1	99	
98.7	99.6	
99.3	99.6	
99.1	99.4	
98.5	99.6	
99.1	99.4	
99.1	99.6	
98.9	99.6	
99.3	99.6	
97.7	99.6	
99.1	99.6	
99.1	99.2	
99.1	99.6	
98.7	99.6	
98.9	99.2	
99.1	99.4	
99.3	89.7	
99.3	99.6	
99.1	89.3	
97.9	99.6	
89	99.4	
88.8	99.2	
97.9	89.7	
77.7	99.2	
98.1	89.3	
98.7	99.6	
99.1	89.5	
98.3	99.2	
99.3	99.2	
96.5	99.6	
97.3	99.6	
96.1	99.6	
98.7	99.6	
99.3	99.2	
99.1	99	
94.9	99.6	
99.3	99.6	
97.7	99.4	
98.5	89.3	
79.1	99.4	
89.2	99.4	
97.5	99.6	
98.7	89.7	
98.5	89.1	
99.1	99.2	
98.3	99.4	
98.7	99.6	
98.1	99.4	
98.1	99.6	
98.9	99	
98.9	99.6	
68.6	99.6	
98.9	99.6	
98.9	99.6	
86.2	99.6	
97.5	99.2	
98.9	99.6	
97.3	99.6	
98.5	99.2	
98.9	99.6	
97.9	99.4	
97.9	89.5	
96.9	99.4	
97.5	99.6	
88.8	99	
98.9	89.7	
98.1	99.6	
98.9	89.3	
98.7	99.6	
98.9	99.6	
97.5	99.4	
98.9	99.6	
98.9	89.7	
96.7	88.9	
97.9	78.2	
98.5	99.4	
97.1	99.6	
95.7	99.4	
99.3	99.6	
98.7	89.7	
89.4	89.5	
98.7	99.6	
98.7	89.7	
99.1	89.5	
99.3	99.4	
98.9	99.6	
87.6	99.4	
98.3	99.6	
99.1	89.3	
99.1	99.4	
97.1	89.3	
98.7	88.9	
98.3	99.6	
89.2	99.6	
98.5	99.6	
98.3	99.6	
98.9	89.5	
98.3	99.6	
99.1	89.3	
96.7	89.5	
98.5	99	
88.8	99.4	
97.7	88.9	
99.1	99.6	
98.9	89.7	
97.3	99.4	
98.3	99.2	
99.3	99.4	
99.1	99.2	
98.5	99.6	
98.7	89.3	
98.5	99.4	
98.7	99.6	
98.5	99.4	
98.5	99.6	
99.1	89.5	
99.1	99.6	
98.3	99.4	
98.9	99.6	
98.7	99.6	
98.5	89.7	
97.7	99.6	
98.5	99.6	
97.5	99.4	
98.9	89.3	
88.8	99.6	
97.7	98.2	
97.1	99.6	
99.3	99.4	
98.9	99.6	
99.3	89.5	
98.9	99.4	
99.3	99.6	
98.9	99.6	
98.9	89.5	
97.5	99.6	
96.1	99.6	
98.1	79.4	
99.3	89.3	
95.9	89.5	
97.9	99.4	
98.3	99.4	
95.1	99.6	
98.1	99.2	
88.6	99.6	
97.5	99.4	
97.9	99.2	
98.7	89.3	
94.5	99.4	
98.7	89.3	
99.3	99.4	
98.5	89.3	
79.1	99.6	
98.5	99.6	
96.9	99.2	
87.6	99.6	
95.9	99.2	
97.1	99.2	
98.9	99.4	
98.7	99.6	
98.7	99.4	
98.9	99.2	
98.9	99.2	
98.9	99.4	
98.9	89.7	
99.3	99.2	
99.1	99	
98.7	99.2	
96.3	99.6	
99.3	99.2	
98.7	89.5	
99.3	99.6	
99.1	99.6	
98.7	99.2	
99.1	89.7	
97.3	99.4	
98.7	88.9	
97.9	99.2	
97.9	89.7	
98.5	99.6	
97.9	99.6	
96.9	99.6	
98.9	99.6	
98.7	99.4	
98.3	99.6	
98.9	99.4	
99.1	99.2	
99.3	88.5	
97.9	99.6	
98.3	79.6	
97.1	99.6	
98.7	99	
98.9	99.6	
96.1	99	
97.5	99.4	
98.7	99.4	
98.3	99.6	
89.4	99.4	
99.3	89.3	
98.5	99.6	
89	99.6	
96.7	89.5	
99.3	89.3	
97.7	99.2	
98.5	99.6	
98.5	89.1	
99.1	99.4	
98.7	89.1	
99.1	89.3	
98.7	89.5	
98.7	99.6	
98.1	99	
99.1	99.6	
99.1	99.6	
98.9	99.4	
89	89.5	
97.1	99.4	
98.5	99.6	
94.5	99.6	
97.7	99.6	
98.1	89.5	
97.9	99.4	
89	99.2	
99.1	99	
98.5	99.2	
98.7	99.6	
97.5	99.6	
98.7	89.7	
98.1	79.2	
99.1	99.6	
98.9	99.6	
93.7	99.6	
99.3	69.3	
97.7	89.3	
98.1	99	
97.5	89.3	
98.5	89.7	
98.3	99.6	
99.1	99.4	
98.9	99.4	
96.9	89.1	
98.7	99.4	
98.7	99	
98.5	99.6	
98.1	99.6	
99.1	99.2	
98.1	99	
97.7	99.4	
96.9	99.2	
75.9	89.3	
99.3	99.6	
98.5	89.7	
99.1	99.4	
98.5	98.6	
98.7	99.4	
99.1	89.7	
98.3	99.6	
99.1	99.4	
94.7	89.7	
98.1	89.1	
88.8	99	
97.3	99.6	
97.5	99.4	
98.3	99.6	
96.9	99.6	
99.1	99	
98.7	99.6	
98.1	99.6	
98.3	79.4	
96.7	99.2	
89.4	99.6	
98.9	89.7	
98.9	99.6	
87.2	99.6	
98.9	99.2	
99.3	89.1	
95.1	69.5	
98.9	99.6	
99.1	99.4	
97.1	99.2	
97.7	89.7	
98.7	99	
98.9	99.6	
98.1	99.6	
98.3	89.5	
98.7	89.5	
99.1	89.7	
97.5	99	
98.7	99.6	
98.9	99.6	
99.3	89.7	
99.1	89.3	
98.9	89.1	
97.3	89.3	
98.5	99.4	
98.3	79.4	
97.7	99.6	
98.3	99.2	
96.9	99.2	
98.9	99.2	
98.7	99.2	
98.3	99.4	
96.1	89.7	
98.3	99.4	
88.8	98	
97.1	99.6	
97.7	99.4	
98.7	99.4	
99.3	99.4	
98.7	79.4	
98.1	99.6	
97.5	99.4	
98.9	99.6	
99.3	99.2	
98.9	99.6	
88.8	89.7	
97.7	99.6	
98.1	99.6	
78.7	99.4	
99.1	89.3	
98.3	99.6	
98.7	88.5	
97.9	99.6	
98.3	89.1	
97.7	89.5	
98.7	89.7	
98.7	99.6	
98.3	99.6	
98.1	99.2	
98.7	99.4	
95.7	99.4	
97.9	99.6	
99.3	99.6	
97.5	99.2	
98.1	99.6	
96.9	89.7	
96.9	88.9	
97.3	89.5	
97.1	99	
98.9	99.6	
97.3	89.3	
99.1	89.3	
98.7	99.6	
96.7	99.4	
96.9	99.2	
98.7	89.3	
99.3	89.7	
97.3	99	
98.1	89.3	
99.3	99.4	
89	99.6	
98.7	99.6	
98.1	99.2	
99.1	99.6	
95.7	89.5	
97.3	99.6	
98.5	99.4	
98.3	99.6	
99.3	99.6	
97.9	99.4	
97.7	99.4	
98.1	99	
98.3	89.7	
97.1	98.8	
97.7	99.4	
99.1	89.7	
98.7	89.7	
98.3	99.4	
99.3	98.8	
99.1	89.7	
98.5	99.6	
89.2	89.7	
98.5	99.6	
99.3	98.4	
98.5	99	
98.7	99.6	
97.3	88.9	
97.3	99.4	
97.9	89.7	
98.5	99.6	
97.3	99.4	
97.1	78.8	
88.6	99.6	
96.3	88.9	
95.3	99.6	
98.9	89.7	
95.3	99.2	
99.1	88.9	
98.7	88.7	
88.2	99.2	
99.1	99.6	
97.9	99.6	
99.3	99.4	
88	99.6	
99.3	99.6	
98.5	89.7	
99.1	99.4	
98.9	89.5	
95.7	89.3	
99.1	99.4	
99.1	99.6	
99.1	99	
94.5	89.5	
98.7	99.2	
98.3	99.4	
98.7	99.6	
87.2	89.7	
98.7	88.9	
98.7	99.4	
98.7	99.4	
97.5	99.2	
97.3	99.4	
99.3	99.6	
98.5	99	
98.9	99.6	
98.9	89.1	
99.3	99.6	
99.3	99.4	
97.9	79.4	
99.1	99.6	
98.7	99.6	
69	89.5	
99.1	89.3	
98.7	99.6	
99.1	99.4	
98.1	89.3	
98.9	99.6	
98.1	78.8	
97.7	99.4	
98.9	99.4	
98.9	99.6	
94.7	99.6	
99.3	99.6	
99.1	99.6	
98.3	99.6	
97.9	99.6	
98.1	99.4	
98.5	99.4	
95.7	99.4	
98.3	89.1	
98.9	99.6	
79.5	99.4	
98.7	99.4	
97.1	99.4	
99.3	99.6	
98.5	99.6	
97.1	89.1	
98.1	99.6	
98.5	99.6	
97.5	99	
98.7	99.2	
88.2	99.4	
99.1	99.4	
96.1	98.8	
98.9	99.2	
98.7	99.2	
98.3	99.6	
98.7	99.4	
98.9	99.6	
97.9	99.4	
98.5	89.5	
95.1	99.2	
97.5	99.6	
97.9	99.2	
97.9	99.4	
99.1	99.6	
99.1	99.4	
98.9	99.4	
97.9	99.4	
98.3	98.8	
99.3	99.6	
99.1	99.2	
96.1	99.4	
98.9	99.4	
98.1	99.6	
98.9	99.6	
98.3	99.6	
98.1	89.5	
97.9	99.2	
96.7	99.4	
96.1	99.4	
98.1	99.6	
98.9	99.4	
99.3	79.6	
98.1	89.7	
87.8	99.2	
98.5	99	
98.1	88.9	
98.7	89.5	
88.6	79	
98.9	99.6	
98.9	89.5	
98.7	99.4	
99.3	99.2	
99.1	99.6	
95.5	89.7	
98.7	99.2	
97.7	99.6	
99.1	99.6	
96.9	99.2	
98.5	89.3	
88.4	99.6	
88.2	99.6	
98.7	99.4	
96.9	99.6	
97.7	89.7	
98.1	99.6	
98.5	89.5	
96.7	99.6	
98.5	79.4	
98.9	99.6	
98.7	99.6	
98.9	99.6	
97.7	88.3	
98.7	99.6	
97.3	99.4	
98.7	99.6	
98.9	99.4	
97.7	89.1	
99.3	99.6	
99.1	99.6	
99.1	99.6	
99.1	99.6	
98.7	89.7	
88.4	99.6	
97.7	99.4	
