99.3	99.4	
99.3	99.6	
99.3	99.2	
96.5	99.6	
99.3	99	
97.9	99.6	
99.1	99.4	
97.7	99.4	
98.1	79.2	
98.9	99.6	
99.3	99.6	
98.1	99.6	
99.3	99.6	
99.3	99.6	
98.9	99.6	
99.1	89.5	
99.3	89.5	
99.1	99.4	
98.7	99.6	
98.9	99.6	
99.3	69.1	
99.3	99.6	
78.3	99.4	
98.7	99.4	
99.1	99.6	
99.3	99.6	
98.9	99.4	
87	99.4	
87.8	99.6	
98.9	99.6	
99.1	99.6	
99.3	99.6	
99.3	99.6	
99.1	99.4	
97.7	99.6	
99.3	88.9	
98.9	89.5	
99.3	99.6	
97.1	99.6	
97.9	99.6	
99.3	99.2	
98.7	89.3	
99.3	89.5	
98.9	99.2	
99.3	99.6	
99.1	99.4	
99.3	99.6	
99.3	99.4	
87.6	99.6	
98.9	99.6	
98.5	99.6	
98.5	99.6	
99.3	99	
99.1	99	
98.9	99.6	
98.5	99.6	
98.3	99.6	
98.7	99.6	
99.3	89.7	
99.1	99.4	
98.1	89.5	
99.1	99.6	
99.3	79.4	
98.9	99.6	
98.7	99.6	
99.3	79.6	
98.9	89.7	
99.1	99.4	
99.1	99.4	
99.1	99.6	
98.7	98.6	
98.9	99.6	
98.7	99.6	
88	89.7	
97.3	99	
98.7	99.6	
99.3	89.3	
99.1	99.6	
98.7	99.6	
99.1	98.6	
88	89.7	
99.3	99.6	
98.9	99.6	
88	88.9	
98.9	99.4	
89.2	99.2	
99.1	99.6	
98.9	99.6	
98.5	89.7	
99.1	99.6	
99.1	99.6	
99.1	99.4	
99.3	99.4	
98.9	99.6	
99.1	89.3	
99.1	89.3	
99.1	79.6	
89	99.6	
99.3	99.4	
97.1	99.4	
98.7	99.6	
99.1	99.4	
89.2	99.6	
98.9	99.6	
99.3	99.6	
98.3	89.7	
99.3	99.6	
98.7	99.4	
99.3	99.6	
97.7	99.4	
99.3	99.4	
99.3	99.4	
99.1	99.4	
88.2	99.6	
99.3	99.6	
97.3	99.6	
99.1	99.2	
99.3	89.3	
99.1	89.7	
99.3	99.6	
96.9	99.6	
99.3	89.5	
98.9	99.6	
98.9	99.4	
98.7	99.4	
88.4	99.4	
96.5	89.1	
98.7	99.4	
98.9	89.7	
99.3	89.7	
99.3	99.6	
99.1	99.6	
99.3	99.6	
99.3	99.6	
99.3	99.6	
97.9	99.6	
98.1	99.6	
97.1	99.4	
99.3	99.6	
87.4	99.6	
97.7	99.4	
98.5	99.4	
99.1	99.6	
88	99.2	
89	99.6	
99.3	89.7	
99.1	99.6	
78.9	99.6	
99.3	99.6	
99.1	99.4	
98.3	99.6	
99.1	99.4	
99.3	99	
99.1	99.6	
98.9	99.6	
99.1	99.6	
99.3	99.4	
98.9	99.4	
99.1	99.6	
99.1	99.6	
98.5	79.4	
99.3	99.4	
98.3	99	
98.7	99.6	
79.1	99.6	
99.3	99.6	
99.1	99.6	
99.3	99.2	
98.9	99.6	
99.1	89.3	
68.6	99.2	
99.3	99.4	
99.3	99.6	
98.9	99.4	
98.9	99.6	
99.3	89.5	
97.1	99.4	
99.1	98.4	
99.3	99.2	
98.9	99.6	
99.3	99.2	
99.1	99.2	
99.3	99.6	
99.1	99.6	
99.1	99.4	
99.3	99.6	
99.3	99.4	
98.5	99.6	
99.1	89.7	
97.1	99.6	
99.3	99	
98.5	89.1	
98.7	99.6	
88.6	89.1	
98.7	99.6	
99.3	99.6	
99.3	88.7	
99.3	99.6	
99.3	99.4	
99.1	99.4	
98.9	89.3	
99.1	99.6	
98.5	99.6	
98.9	99.6	
99.1	99.6	
88	89.7	
99.3	99.4	
99.3	99.4	
99.1	78.8	
98.5	99.6	
79.1	99.6	
79.3	89.3	
85.6	89.5	
87	89.7	
97.9	99.6	
99.3	99.4	
98.9	99.6	
99.1	99.6	
99.3	99.6	
95.5	99.6	
98.1	99.6	
99.3	99.6	
98.9	99.4	
99.1	99.2	
98.9	99.6	
99.1	99.6	
99.1	99.6	
99.3	89.5	
98.1	99.6	
99.3	99.4	
99.3	99.6	
99.1	99.4	
98.1	99.6	
99.1	99.6	
99.1	99.4	
99.1	99.6	
98.1	99.6	
98.9	89.7	
99.3	99.6	
99.3	99.6	
99.3	99.6	
99.1	99.6	
99.3	99.6	
99.3	99.6	
99.1	99.6	
98.7	99.6	
89.4	99.6	
99.3	99.6	
99.3	99.6	
99.3	99.6	
99.3	99.6	
99.3	99.2	
99.1	99.4	
99.1	89.5	
99.3	99.4	
99.1	99.4	
99.3	99.6	
99.3	99.6	
99.3	99.6	
99.1	99.6	
99.3	99.4	
99.1	99.6	
98.9	99.6	
99.3	99.6	
98.5	99.6	
99.3	89.5	
96.5	89.5	
98.7	99.6	
99.1	99.6	
98.3	99.4	
98.9	98.6	
96.9	89.7	
99.1	99.4	
98.9	99.4	
88.8	89.1	
99.1	99.6	
98.7	99.2	
89	99.4	
99.3	99.6	
99.3	99.4	
99.3	99.6	
99.1	99.6	
99.3	99	
99.1	89.7	
98.3	99.6	
99.1	89.7	
99.3	89.1	
88.6	99.6	
98.5	89.5	
99.3	89.7	
98.5	99.4	
99.3	99.4	
99.1	99.6	
99.1	99.4	
99.3	99.4	
98.9	99.4	
98.7	89.7	
99.1	89.5	
98.9	99.6	
99.3	99.4	
99.3	99.6	
99.3	99.6	
99.3	99.2	
99.1	99.4	
98.9	99.6	
99.3	99.6	
99.1	99.6	
99.1	99.4	
98.9	89.7	
99.3	98.6	
99.3	99.6	
98.9	89.7	
99.1	99.6	
99.1	99.6	
99.3	99.6	
98.9	99.6	
89	99.6	
99.1	99.6	
99.3	99.6	
99.3	99.6	
97.9	89.3	
88.8	99.2	
98.3	89.7	
99.3	99.6	
98.5	99.2	
97.1	99.2	
96.1	99.2	
99.1	98.8	
99.3	89.5	
98.7	89.7	
99.3	99.2	
98.3	89.7	
98.7	99.6	
99.1	79.4	
86.6	99.6	
89.2	99.4	
99.1	99.6	
99.1	79.6	
89	89.3	
98.9	99.4	
99.1	99.4	
98.7	99.6	
99.1	98.8	
99.1	99.6	
98.9	99.4	
87.8	89.5	
98.3	99.6	
98.9	98.8	
96.7	99.6	
99.3	89.7	
99.1	99.6	
99.1	99.2	
88.6	79.6	
99.3	99.2	
99.1	99.2	
99.1	99.6	
98.9	89.3	
99.3	99.2	
98.1	89.7	
99.3	89.3	
99.3	99.6	
99.3	89.5	
99.3	99.4	
99.3	99.6	
98.3	99	
98.9	99.6	
98.3	89.5	
99.3	89.5	
99.1	99.6	
96.9	99.6	
98.9	99.6	
88.8	99.6	
99.3	89.7	
96.5	99.6	
98.7	89.7	
99.1	99.2	
99.3	89.7	
97.3	79.2	
98.5	79.2	
99.3	99.6	
99.1	99.2	
98.7	99.4	
87.2	99.4	
87.4	99	
98.9	89.1	
98.9	89.7	
98.9	99.6	
99.3	99.6	
98.5	99.4	
99.3	99.6	
99.1	89.3	
99.1	79.6	
98.7	99.6	
98.5	99.4	
99.3	99.6	
99.1	99.2	
88.4	89.5	
98.3	99.4	
96.5	89.5	
99.1	99.6	
87	98.6	
99.3	99.6	
99.3	99.4	
98.7	99.6	
98.9	89.7	
98.9	99.2	
98.9	99.6	
98.7	89.5	
99.3	99.6	
99.3	99.6	
99.3	99.6	
98.5	99.6	
99.3	99.4	
98.3	99.6	
98.5	99.4	
99.3	79.4	
99.1	99.6	
99.3	99.6	
98.7	99.6	
95.3	99.4	
99.3	89.7	
98.9	99.4	
99.1	99.6	
98.9	99.2	
99.3	99.6	
99.1	99.6	
99.1	99.4	
98.3	99.4	
99.3	89.5	
68.4	99.6	
99.3	99.6	
99.1	99.4	
99.3	99.6	
99.3	99.4	
99.3	99.6	
99.1	99.6	
99.1	99.2	
99.1	99.2	
98.9	99.2	
99.3	89.1	
87.2	99.6	
99.1	99.6	
96.7	89.1	
99.3	99.4	
99.3	99.6	
99.3	99.2	
87.2	99.6	
97.9	99.6	
99.1	98.4	
99.1	99.6	
98.7	89.3	
99.3	89.7	
99.3	99.4	
99.1	99.4	
99.3	99.6	
99.3	99.6	
98.3	99.4	
97.5	99.6	
99.1	89.5	
87.2	99.4	
99.3	89.7	
99.3	99.6	
99.1	99.4	
98.9	99.6	
99.3	99.6	
86.8	99.6	
99.3	99.2	
99.3	99.6	
98.9	99.2	
89	99.4	
98.1	99.6	
99.1	99.2	
99.3	79.6	
99.3	99.6	
99.1	99.2	
89.2	99.4	
98.9	99.4	
98.9	89.7	
74.5	99.4	
98.9	99.6	
99.1	99.6	
99.1	89.5	
99.3	99.4	
86.4	99.4	
99.1	89.1	
98.9	99.6	
99.1	89.5	
99.1	99.6	
98.9	99.2	
98.9	99.4	
99.1	89.3	
99.1	99.6	
88.6	99.4	
99.3	99.6	
98.9	99.6	
99.1	89.1	
99.3	99.4	
98.9	99.6	
98.9	99.4	
99.3	99.4	
99.3	99.4	
97.7	99	
99.1	99.6	
99.3	99.4	
99.3	89.5	
98.5	99.6	
98.9	99.2	
99.1	99.6	
99.1	99.6	
98.5	99.6	
88.8	99.6	
99.1	99.6	
88.4	99.4	
99.1	99.4	
99.3	99.6	
99.1	99.6	
98.9	99.2	
99.3	89.7	
89.4	99.6	
98.9	99.4	
99.1	99.4	
99.1	99.4	
98.9	99.2	
88.6	99.4	
99.3	89.5	
99.1	99.6	
88.8	89.7	
98.5	89.5	
98.3	99.6	
98.5	99.6	
99.3	89.7	
99.1	99.6	
99.3	89.7	
99.1	99.6	
78.3	89.7	
98.7	99.4	
98.9	99.6	
87	99.4	
99.1	99	
98.1	89.7	
99.3	99.6	
84	99.4	
99.3	99.6	
88.8	99.6	
98.9	99.4	
99.3	98.8	
98.7	99.6	
97.1	99.6	
99.3	99.6	
99.1	89.7	
98.5	99.6	
86.8	99.4	
98.9	99.2	
99.3	99.2	
99.1	89.5	
96.7	99.6	
79.3	89.7	
68.2	99.6	
98.7	99.6	
99.1	99.6	
99.1	89.7	
98.7	99.6	
97.9	99.6	
99.3	89.5	
88.8	99.6	
98.3	99.4	
99.3	99.6	
99.3	99.6	
98.1	99.2	
99.3	99.6	
99.1	99	
98.9	99.6	
96.9	99.6	
99.1	99.6	
97.1	99	
99.3	89.5	
99.1	99.4	
99.3	99.6	
99.3	89.5	
99.3	99.4	
99.3	98.8	
97.9	99.6	
88.2	99.6	
98.9	89.7	
99.1	99.6	
99.1	99.2	
97.9	89.3	
99.3	89.7	
98.9	99.4	
89	99.6	
99.3	99	
99.3	99.6	
89.4	99.4	
99.3	89.3	
98.9	99.2	
99.3	99.6	
99.1	99.6	
98.7	89.5	
99.1	99.2	
99.1	99.6	
97.9	99.4	
97.7	99.4	
99.3	99.6	
98.5	79.6	
89	99.6	
99.3	99	
99.3	99.4	
99.3	99.6	
99.3	99.6	
98.9	99.2	
99.1	99.6	
98.9	89.7	
98.9	99.6	
98.7	99.4	
99.3	99.6	
99.3	79.6	
99.3	99.4	
99.3	99.6	
98.7	99.6	
98.9	99.6	
99.3	99.6	
98.5	99.6	
85.2	99.6	
99.3	99.6	
78.5	99.4	
99.1	99.6	
99.1	99.6	
99.3	99.4	
99.3	99.4	
99.3	79.4	
99.1	99.4	
77.1	99.6	
99.1	89.5	
99.3	99.2	
98.5	99.4	
99.1	99.6	
99.3	89.7	
99.3	99.6	
98.9	99.4	
99.1	99.6	
99.1	99.4	
97.7	99.2	
99.3	99.6	
99.3	89.7	
96.7	99.6	
99.3	99.4	
99.3	99.6	
98.9	99.4	
99.3	89.7	
89	99.2	
99.3	99.6	
99.3	89.5	
99.3	89.5	
99.3	99.6	
99.1	89.7	
98.3	89.7	
99.3	99.2	
98.5	99.6	
99.1	99	
98.9	99.6	
68.2	99.6	
99.3	99.6	
99.1	99.4	
99.3	99.6	
99.3	99.6	
98.7	99.6	
99.3	89.5	
98.1	99.2	
99.1	99.6	
99.1	89.7	
98.9	89.7	
99.3	99.4	
99.1	99	
99.1	89.1	
99.1	79.4	
99.1	89.3	
99.1	99.6	
99.1	99.4	
99.1	99.6	
97.9	99.4	
98.9	99.6	
99.3	99.4	
99.1	88.7	
99.1	99.6	
96.9	99.6	
97.1	99.2	
99.3	99.6	
98.7	99.6	
98.9	99.6	
99.1	89.7	
99.3	99.6	
98.1	99	
99.3	99.6	
99.3	89.7	
99.1	89.1	
88.8	99.2	
99.3	89.3	
97.9	89.5	
98.9	99.4	
99.1	99.6	
99.3	99.4	
99.1	89.7	
99.1	99.4	
99.1	99.4	
99.1	99.4	
98.9	99.4	
99.3	99.6	
87.8	99.6	
99.3	89.7	
99.3	99.6	
99.3	89.3	
99.1	99	
99.3	99.6	
99.3	99.6	
99.3	99.6	
99.3	99.4	
89	99.2	
99.3	99.2	
98.7	99.6	
98.7	99.6	
98.9	99.6	
99.1	99.6	
99.3	98.6	
98.9	89.5	
99.3	99.6	
98.9	99.4	
98.9	99.4	
98.5	99.6	
99.3	99.6	
99.1	89.3	
98.9	99.2	
98.7	99.6	
99.1	99.4	
98.5	99.4	
99.3	99.6	
98.5	99.6	
99.3	99.6	
98.7	99.4	
97.3	99.6	
99.1	99.6	
88.6	99.4	
96.7	99.6	
99.1	99.6	
99.3	99.6	
99.1	89.3	
99.1	99	
98.7	99.6	
98.9	99.6	
99.3	99.6	
99.1	99.6	
98.9	89.5	
99.3	99.4	
98.7	99.6	
99.3	99.6	
97.3	98.8	
99.1	99.6	
99.3	99.4	
99.3	89.5	
99.1	99.4	
99.3	99.6	
99.3	89.3	
99.1	99.2	
98.9	99.6	
99.1	89.7	
98.3	89.7	
94.9	99.2	
99.3	99.6	
99.3	99.6	
99.3	99	
98.1	99.2	
99.3	99.6	
99.1	99.6	
99.1	99.6	
99.3	79.4	
98.7	99.6	
89.2	79.6	
99.3	99.6	
98.1	89.3	
99.1	99.6	
99.3	89.1	
99.1	99.6	
99.1	99.6	
99.3	99.6	
98.9	89.7	
99.1	99.6	
77.7	99.6	
99.3	99.6	
98.7	99.6	
99.3	99.6	
99.1	99.6	
99.1	99.4	
79.5	99.4	
98.1	99.2	
98.7	99.4	
97.5	89.7	
99.3	99.6	
83	89.3	
99.3	89.7	
97.9	99.4	
99.1	99.4	
99.3	99.4	
98.9	89.3	
99.3	99.6	
98.7	99.4	
99.3	99.6	
99.3	99.6	
98.9	99.6	
99.1	99	
99.3	89.5	
98.7	99.4	
98.5	99.4	
99.1	89.5	
98.9	99.6	
99.3	99.6	
99.1	89.7	
99.3	99.4	
99.1	89.7	
86.4	89.5	
99.1	99.6	
99.3	99.6	
99.1	99.6	
97.3	99.6	
98.7	99.4	
99.3	99.4	
97.9	99.4	
99.1	99.4	
97.3	99.6	
98.9	99.2	
98.7	99.6	
99.1	89.3	
98.9	89.7	
98.7	99.4	
99.1	99.6	
99.1	99.4	
98.7	99.6	
98.7	99.6	
78.1	99.6	
99.1	99.4	
89	89.5	
99.3	89.7	
99.3	99.2	
99.3	99.4	
99.3	98.8	
89	99.6	
99.3	88.3	
97.9	99.2	
87.8	99.6	
99.3	99.4	
95.3	89.7	
99.3	99.6	
99.1	99.6	
99.3	99.4	
99.3	99.6	
98.9	99.6	
98.7	89.7	
98.9	99.4	
78.1	99.6	
99.1	99.2	
99.3	99.4	
99.3	99.6	
88.6	99.6	
97.1	99.4	
99.3	79.6	
98.7	99.6	
99.3	89.5	
99.1	99.4	
99.3	99.4	
99.3	99.4	
98.9	99.6	
87.8	99.6	
88.8	99.4	
97.1	99.6	
98.9	99.2	
99.3	99.6	
98.9	89.3	
98.7	99.6	
98.7	99.6	
99.3	89.7	
98.7	99.4	
99.3	99.4	
89.2	99.6	
99.3	89.7	
96.1	99.2	
97.7	99.6	
99.3	99.6	
99.3	89.3	
98.7	98.8	
98.7	99.6	
98.3	99.6	
99.3	89.7	
98.9	99.6	
99.3	89.3	
98.1	99.4	
98.9	99.6	
99.1	89.3	
99.1	99.6	
99.3	99.6	
98.1	99.4	
99.1	99.6	
99.3	99.4	
99.1	99.6	
99.1	89.3	
99.3	99.6	
98.9	89.7	
99.1	99.6	
98.3	99.2	
99.1	99.6	
98.5	99.6	
98.9	99.6	
89	99.2	
99.3	99.6	
97.9	99.6	
99.1	99.6	
89.2	89.7	
98.9	99.6	
98.7	99.6	
99.1	99.6	
99.3	99.6	
98.9	89.7	
98.9	89.7	
99.1	89.7	
98.9	89.5	
99.1	99.2	
98.7	99.6	
99.3	79.6	
99.1	99.6	
75.1	99.6	
98.7	99.4	
99.1	99.6	
97.9	89.7	
98.5	99.6	
99.3	89.5	
89	99.6	
97.5	99.2	
99.1	99.6	
99.1	99.4	
99.3	99.6	
99.1	99.4	
95.7	99.6	
89.2	99.4	
99.3	89.1	
98.1	99.6	
98.1	99.6	
98.7	89.7	
99.3	99.4	
99.1	79.6	
99.3	99.4	
99.3	99.6	
99.3	99.6	
99.3	99.6	
99.3	99.6	
99.3	99.6	
98.7	99.6	
99.1	99.4	
99.3	89.5	
99.1	99.6	
99.3	89.7	
99.1	99.6	
99.1	99.6	
99.3	99.4	
98.9	99.6	
98.5	99.6	
98.9	99.6	
99.3	99.6	
89	99.6	
98.9	99.6	
98.9	99.6	
99.3	99.4	
98.3	99.6	
88.8	99.4	
99.3	99.6	
99.1	99	
99.3	99.4	
99.3	99.6	
99.1	99.6	
98.9	89.5	
88.2	99.6	
99.1	99.6	
97.9	99.6	
98.9	99.4	
99.1	99.4	
99.3	99.6	
98.9	99.4	
98.9	99.2	
98.5	99.6	
89.2	99.6	
99.3	99.6	
79.3	99.6	
99.1	99.6	
66.2	99.2	
99.3	89.1	
98.9	99.6	
98.7	99	
99.3	99.2	
99.3	89.5	
99.3	99.6	
98.7	89.3	
98.5	99.6	
99.1	99.6	
99.1	99.4	
