99.3	89.7	
67.8	89.5	
99.3	89.5	
99.3	89.1	
99.1	89.1	
99.3	99.6	
98.9	99	
89.4	89.7	
98.3	99.6	
98.9	89.7	
98.7	89.7	
98.7	89.7	
89	79.6	
78.9	99.4	
99.1	99.4	
99.1	98.8	
99.1	89.7	
98.9	69.5	
88.8	89.7	
99.1	79.6	
99.1	99.4	
99.3	88.7	
98.9	99.4	
99.1	89.7	
98.9	89.7	
98.9	89.1	
69	89.3	
89.4	78.2	
98.1	99.4	
99.3	99.6	
89.4	79.2	
99.3	89.3	
88.8	89.7	
99.1	79.4	
89	89.7	
98.1	89.5	
88.4	89.3	
99.1	99.2	
89.4	79.4	
98.5	79.4	
98.9	89.7	
98.7	88.9	
99.1	89.5	
98.9	89.5	
98.7	89.7	
98.3	99.4	
99.3	89.7	
99.3	99.6	
99.3	89.5	
98.9	99.4	
98.3	99.6	
98.3	89.3	
89.4	69.5	
98.9	89.7	
89	99.4	
98.9	89.7	
99.1	78.4	
98.3	89.7	
89.4	89.5	
98.9	79.2	
78.9	99.6	
98.9	99	
87.6	99	
89	99	
97.1	99.6	
89.4	89.3	
98.9	99.2	
98.9	89.5	
99.3	89.7	
99.1	99.4	
89.2	99.2	
98.9	79.6	
98.9	99.4	
87.8	89.7	
99.1	79.6	
98.9	98.2	
98.9	89.5	
98.7	99.6	
98.9	89.7	
98.9	89.5	
98.9	79.6	
99.3	99.6	
98.9	89.7	
99.1	89.3	
79.1	89.5	
99.1	89.7	
98.1	99.4	
98.9	89.7	
78.9	99.4	
89	89.5	
99.3	89.7	
99.1	99.4	
99.3	99.6	
99.3	89.7	
89.2	88.9	
98.1	99.6	
97.9	99.4	
99.1	89.7	
99.3	99.4	
98.9	89.3	
99.3	99.6	
99.1	79.6	
99.3	89.7	
98.3	89.7	
99.3	99.6	
79.3	89.3	
98.7	89.1	
97.1	99.6	
98.9	89.7	
99.3	89.7	
98.9	88.9	
89.2	89.5	
99.3	89.3	
98.7	89.7	
99.1	89.7	
89	99.4	
98.9	88.9	
89	99.6	
99.1	79.6	
89	89.7	
98.7	89.7	
88.8	89.7	
98.9	79	
99.1	89.7	
98.7	89.5	
99.3	79.4	
99.3	99.6	
98.9	88.7	
98.3	99.4	
99.3	99.4	
89	99	
99.3	89.3	
99.1	79.6	
98.9	98.8	
98.9	79.4	
99.3	89.7	
99.1	89.5	
99.3	79.2	
89.2	89.3	
89	99.4	
98.7	89.1	
97.5	89.1	
99.1	99.6	
89.4	99	
98.9	99.4	
98.3	89.7	
98.9	89.5	
98.7	89.7	
98.3	98.8	
99.1	89.7	
99.3	89.5	
99.1	89.7	
98.9	99.4	
88.2	89.5	
99.1	89.7	
98.9	99.6	
89.2	88.9	
99.3	89.7	
89.2	89.7	
98.7	89.7	
98.9	99.2	
98.7	89.7	
89.2	89.5	
97.9	99.4	
98.9	89.5	
98.9	99.6	
99.1	97.4	
99.3	69.5	
98.9	89.3	
88.4	89.7	
89.2	99.6	
99.3	89.7	
99.1	89.7	
99.1	99.6	
89.4	99.6	
99.3	99.4	
98.9	99.4	
97.7	88.7	
98.5	89.7	
98.9	99.4	
99.1	59.2	
99.1	89.1	
98.9	89.7	
79.5	99.6	
99.3	99.2	
98.7	89.7	
99.3	99.4	
98.7	79.6	
98.9	89.5	
98.5	98.8	
98.9	89.7	
99.3	99.6	
99.1	99.6	
89.4	89.5	
99.3	68.9	
99.3	89.7	
98.3	89.1	
98.9	89.7	
98.9	89.7	
99.3	89.7	
98.5	89.7	
99.3	99.4	
89	89.5	
99.3	89.5	
98.3	89.5	
99.3	89.5	
99.3	89.7	
98.7	99.4	
99.1	89.5	
98.7	89.5	
98.7	89.5	
99.1	89.5	
99.3	99.2	
98.9	89.7	
98.3	89.7	
98.5	99.6	
98.9	99.2	
98.9	99.6	
98.3	89.7	
99.3	79.4	
99.1	99.6	
88.6	99.4	
98.1	99.6	
99.3	89.7	
99.1	89.3	
89.2	89.7	
98.5	79.4	
99.1	89.7	
99.3	99.6	
99.3	99.2	
99.1	99.4	
99.1	99.4	
99.1	89.7	
99.1	89.3	
89.2	89.5	
98.9	99.4	
99.3	89.5	
98.5	99.4	
98.5	89.3	
99.3	99	
98.9	89.7	
99.1	89.5	
98.7	99.6	
99.1	79.2	
99.1	99.4	
99.1	99.6	
99.1	89.7	
98.5	99.6	
79.1	79.4	
98.7	89.3	
98.7	89.5	
99.1	89.5	
98.5	89.7	
89.4	79.6	
98.5	79.6	
98.7	88.9	
98.9	89.7	
99.3	99.6	
98.7	89.3	
98.9	89.7	
98.5	99.6	
89.2	89.5	
98.7	89.7	
98.7	89.7	
97.9	89.7	
99.3	99.6	
98.5	58.2	
98.9	89.7	
99.1	89.7	
89.4	79.4	
98.5	89.7	
98.7	89.7	
98.3	99.2	
98.3	98.8	
98.5	99.4	
98.9	79.2	
99.1	99.6	
98.5	89.5	
99.1	99	
98.9	89.7	
99.3	79.6	
99.3	99.4	
99.1	89.5	
98.5	99.4	
88.8	88.9	
98.7	79.6	
98.9	89.5	
99.3	99.6	
98.5	88.3	
99.1	89.3	
78.5	99.6	
98.9	89.7	
99.1	89.7	
98.9	89.7	
98.5	99.2	
99.1	99.4	
99.1	99.2	
98.7	68.7	
79.3	99	
99.3	99.2	
98.3	89.5	
98.7	89.5	
99.3	99.4	
99.3	89.3	
89	88.1	
89.4	89.7	
98.9	89.3	
99.1	89.7	
59.3	89.7	
98.7	89.5	
99.1	88.7	
99.1	89.7	
98.7	99	
79.3	98.8	
99.3	89.3	
89.4	98.6	
98.9	99.2	
69.2	89.7	
99.1	79	
99.1	89.7	
98.5	89.5	
98.7	99	
99.3	89.7	
99.3	99.4	
99.1	99.2	
98.9	89.7	
99.3	89.3	
98.5	99.2	
98.3	99.4	
98.9	89.5	
99.1	99.6	
98.7	89.7	
87.4	79.6	
98.9	98.6	
98.9	89.5	
98.9	99.4	
99.3	89.3	
99.3	89.7	
99.1	89.7	
99.1	89.3	
99.1	89.7	
98.7	89.7	
98.7	89.1	
98.9	89.7	
98.9	88.7	
98.9	89.5	
99.1	99.4	
98.5	89.7	
89.4	89.7	
79.3	99.4	
98.9	99.6	
88.6	89.1	
99.1	89.1	
99.3	89.5	
98.5	88.9	
99.3	99.4	
99.3	89.7	
98.5	89.7	
99.3	79.2	
99.3	79.2	
88.8	99.4	
98.5	99.6	
99.3	99.2	
99.3	89.7	
99.1	99.6	
99.1	89.7	
98.7	89.7	
99.3	79.6	
98.5	89.7	
98.3	89.7	
99.3	89.5	
98.9	89.3	
89.4	89.7	
99.1	89.7	
98.9	99.6	
88.6	99.4	
99.3	89.7	
98.9	69.3	
98.9	99.6	
98.5	79.6	
98.7	99.4	
89.4	89.3	
88.4	99	
79.1	89.7	
97.3	69.5	
99.3	98.2	
98.9	89.1	
99.1	89.7	
89.2	79.6	
98.5	99.2	
98.5	89.7	
99.1	79	
89	99.2	
99.1	79.6	
97.9	89.7	
99.3	99	
98.9	89.7	
99.3	99.4	
99.1	89.1	
89.2	89.7	
88.8	89.3	
79.5	79.6	
98.5	89.7	
97.7	99.6	
99.3	99.6	
98.9	89.3	
99.1	99.4	
99.3	89.7	
98.9	89.1	
68.6	99.6	
97.7	69.3	
99.3	89.5	
98.5	79.6	
99.3	79.6	
98.9	79.4	
88.6	89.5	
98.5	99.4	
99.3	89.3	
98.9	99	
98.3	89.3	
99.1	99.2	
99.1	89.3	
98.5	99	
89	89.7	
99.1	99.4	
98.9	99.6	
78.7	89.7	
99.3	99.4	
99.1	89.7	
87	99.4	
98.9	88.7	
98.3	79.4	
98.7	58.2	
88.6	89.5	
99.1	89.7	
97.1	89.7	
99.1	89.7	
79.5	89.7	
98.7	89.7	
98.3	89.7	
87.6	89.5	
98.1	89.5	
98.7	89.3	
98.3	99.6	
99.3	89.7	
99.3	89.7	
89.2	89.5	
98.9	99.6	
97.3	89.7	
79.3	89.5	
89.2	89.7	
99.3	89.7	
98.5	89.3	
99.1	89.3	
89.2	79.4	
78.5	99.6	
99.3	99.6	
89	99.2	
98.5	99.6	
98.7	89.7	
99.3	89.7	
99.1	99.4	
99.1	99.6	
99.3	79.6	
99.1	68.7	
99.3	89.7	
98.9	89.7	
99.3	89.5	
98.1	89.7	
99.1	89.7	
99.1	99.2	
99.1	89.7	
88.8	89.7	
89.4	98.8	
99.3	89.7	
99.3	89.7	
99.3	89.7	
99.3	99.2	
99.3	79	
99.3	99.6	
99.1	99.2	
79.1	99.4	
98.5	89.7	
99.1	89.7	
88.2	89.1	
99.1	89.7	
99.3	99.2	
88.2	99.4	
89	99.4	
98.9	89.7	
88.6	89.7	
99.1	89.7	
99.3	89.3	
99.3	89.7	
98.3	89.3	
99.3	89.5	
79.5	89.5	
99.3	99.6	
98.7	89.1	
99.1	89.5	
97.7	89.7	
68.4	99.6	
98.7	99.6	
99.3	89.7	
98.5	98.6	
99.3	79.2	
99.3	98.4	
99.1	89.3	
89.2	99.6	
98.5	89.7	
98.5	69.5	
99.3	99.6	
99.3	99.2	
99.3	99.6	
88.4	99.4	
88.8	89.5	
99.3	89.7	
99.1	89.7	
99.1	69.5	
98.9	99.6	
98.5	99.4	
99.3	99.2	
69.2	99.6	
99.3	89.3	
99.3	89.5	
99.1	99.2	
98.9	89.7	
98.5	98.6	
98.7	89.5	
98.3	89.7	
89.4	99	
89.4	99.6	
89.4	89.7	
98.9	78.8	
98.9	89.3	
98.9	69.1	
99.1	89.5	
98.7	99.6	
98.5	89.7	
98.9	99.4	
98.3	99.4	
99.1	99.6	
98.9	89.7	
99.1	89.7	
99.1	89.7	
99.1	99.6	
98.7	79.6	
98.9	99.6	
99.1	89.7	
99.1	79.4	
79.1	99.2	
98.3	99.2	
99.1	99.6	
99.3	99.4	
98.9	99.6	
99.1	99.2	
99.1	99.6	
89	99	
98.1	99.4	
99.3	89.7	
99.3	69.5	
99.1	99.4	
99.1	79.6	
98.9	89.5	
98.3	89.3	
98.9	89.7	
98.7	99.4	
78.1	89.7	
98.9	99.6	
88.6	99.4	
99.3	89.5	
99.1	89.5	
99.3	99.2	
89	78.4	
98.5	89.7	
99.3	89.5	
99.1	89.5	
99.1	78.8	
98.7	88.7	
98.1	89.7	
99.1	79	
99.3	89.7	
88.8	99.2	
98.1	68.5	
89.4	99.6	
89.2	89.7	
98.9	99.6	
99.3	99.6	
98.7	99.6	
98.5	99.2	
99.1	89.3	
98.9	89.5	
99.3	89.3	
99.1	99.4	
99.1	79.4	
98.9	69.5	
98.9	99.6	
97.9	79.6	
99.1	99.4	
98.9	78.8	
98.5	99.2	
98.3	89.5	
99.1	89.7	
99.3	89.5	
98.3	89.7	
98.9	89.5	
99.1	99.2	
99.1	89.7	
99.3	79.6	
78.9	89.7	
98.9	99.4	
99.3	89.3	
89.2	99.4	
88.2	99.2	
99.3	99.6	
79.5	89.5	
98.7	89.7	
99.1	99.2	
89.2	99.6	
99.3	99.2	
89.2	89.5	
99.1	89.7	
99.1	89.1	
98.5	99.4	
98.7	89.7	
98.7	89.7	
98.3	98.6	
89	99.4	
98.9	99.4	
99.3	89.7	
98.7	89.5	
98.5	99.6	
98.5	79.4	
99.3	98.8	
98.7	89.7	
99.3	89.7	
79.1	89.1	
99.3	99.4	
98.9	89.1	
97.5	88.9	
99.1	89.7	
99.1	99.2	
98.9	99.6	
98.9	99.6	
89	89.5	
89.2	89.5	
99.3	99.2	
98.5	89.7	
98.7	89.1	
98.5	69.3	
79.1	89.7	
99.1	89.7	
99.1	89.1	
99.1	89.7	
98.5	69.5	
98.9	89.3	
89.2	89.7	
99.3	99.6	
99.1	89.5	
89.4	99.4	
99.1	99.6	
99.3	89.5	
98.7	89.7	
99.3	89.3	
99.1	89.7	
99.1	79.6	
99.3	89.3	
99.3	88.5	
99.1	89.5	
99.1	99.6	
98.5	89.7	
98.5	99.6	
99.3	99.4	
99.1	89.3	
98.9	79.4	
98.7	99.4	
98.7	89.5	
79.3	79.4	
98.7	89.7	
99.1	99.2	
98.9	79.4	
98.5	99.6	
99.3	79.6	
98.9	99.2	
97.7	89.3	
98.9	89.5	
99.1	89.7	
98.5	89.7	
99.1	89.7	
99.1	89.5	
99.1	99	
98.9	89.7	
98.1	89.5	
99.1	89.5	
98.9	89.1	
97.9	99.6	
88.6	99.4	
88.8	89.7	
99.1	89.7	
89.2	99.2	
99.3	89.7	
88.8	89.3	
98.5	89.7	
99.3	89.7	
99.1	89.7	
89.4	79.6	
99.3	89.3	
98.9	89.7	
89	98.8	
98.9	89.7	
99.1	79.4	
99.1	79	
98.3	78.8	
99.1	99.4	
98.9	99.4	
99.1	89.7	
85.8	89.3	
98.9	99.2	
87.8	89.7	
99.1	89.7	
69.2	99.4	
98.7	89.3	
99.3	99	
98.7	99.6	
98.3	89.7	
98.1	99.2	
98.9	99.4	
99.1	89.7	
88.8	89.3	
88.8	99.2	
98.7	89.7	
99.1	89.7	
78.3	99.6	
98.9	89.5	
98.7	89.5	
99.3	89.7	
98.7	59.4	
98.9	79	
98.3	89.5	
98.9	89.7	
76.7	99	
99.1	99.4	
98.5	79.6	
99.1	79.6	
88.8	98.8	
98.9	99.2	
99.3	89.7	
88.6	99	
98.5	89.7	
99.1	99.4	
99.3	89.7	
98.5	89.7	
99.3	99.6	
89.2	99.6	
88.2	89.7	
99.1	89.3	
89	79.6	
99.1	89.7	
99.1	89.1	
89.4	89.5	
98.1	89.5	
78.7	89.7	
99.1	99.4	
99.1	89.7	
99.1	89.1	
98.7	99.6	
98.7	89.5	
99.1	89.3	
98.9	89.7	
89.4	89.7	
88.8	79	
98.3	89.5	
99.3	99.2	
88.2	88.7	
99.1	99.6	
79.1	98.4	
98.3	89.7	
79.3	88.9	
98.5	99.6	
98.7	98.8	
99.3	88.7	
99.1	89.7	
98.5	89.7	
98.9	79.4	
99.1	89.7	
89.4	79.6	
79.3	89.3	
98.9	99.6	
89.4	89.5	
98.9	99.6	
98.9	89.7	
89	89.5	
99.1	79.4	
89	89.3	
88.2	78.6	
99.3	99.4	
99.3	99.6	
69	79.6	
99.1	89.7	
99.3	89.7	
98.5	89.3	
98.9	88.9	
99.3	99.2	
98.9	99.2	
99.1	89.7	
99.3	89.7	
97.9	99.6	
99.3	89.7	
98.7	99.2	
89.4	89.3	
89.2	89.3	
99.1	99	
98.7	79.6	
98.7	99.6	
99.3	89.7	
98.9	99	
98.7	98.8	
98.1	99.6	
99.3	79.2	
98.9	99.4	
98.9	88.9	
98.3	87.9	
98.5	49.3	
99.3	99.4	
99.3	88.9	
98.9	68.9	
79.1	89.1	
99.3	99.6	
99.1	89.7	
99.1	99.6	
98.5	99.4	
98.5	88.9	
99.3	97.6	
99.1	88.5	
88.2	89.7	
99.3	89.7	
99.1	89.7	
99.3	99.6	
79.5	89.5	
98.5	89.7	
89.4	89.7	
89.2	99.6	
98.7	99.2	
98.9	99.6	
98.5	89.7	
99.1	89.7	
98.9	99.2	
99.1	99.6	
98.9	99.4	
99.3	89.7	
99.3	79	
99.1	98.8	
98.7	99.6	
98.5	99.2	
79.1	79.6	
99.3	89.7	
99.1	99.6	
98.1	99.6	
98.3	89.7	
99.3	89.3	
99.1	99.4	
99.1	99.4	
98.3	99.6	
98.7	99.6	
99.1	99.2	
98.1	99.4	
99.3	89.7	
98.7	89.7	
99.3	99.2	
98.9	89.7	
89.2	99.6	
98.9	99.4	
98.3	89.7	
97.7	89.7	
89	99.2	
99.3	89.7	
99.1	99.4	
99.1	79.4	
99.1	69.3	
98.5	99.6	
58.5	89.7	
99.3	89.1	
78.5	99.2	
98.9	89.7	
99.3	99	
98.7	79.2	
99.3	89.7	
98.9	89.7	
99.1	99.6	
89	89.7	
98.9	99.4	
98.9	79.6	
79.1	89.1	
87.6	89.5	
98.9	79.4	
98.9	89.1	
98.9	89.3	
79.3	89.7	
99.3	89.7	
99.1	99.2	
98.7	89.5	
89	89.7	
98.9	89.1	
99.3	99.2	
98.1	99.2	
98.7	99.2	
98.9	89.5	
98.7	89.7	
89.2	89.5	
99.1	89.7	
99.1	79.4	
98.5	89.5	
98.9	89.1	
98.9	99.4	
98.7	99.2	
99.3	88.9	
88.4	89.3	
99.3	99.6	
89.4	99.6	
99.3	99.6	
79.1	89.5	
89.2	59.2	
98.9	89.7	
97.5	99.4	
99.1	99.6	
99.1	99.2	
89.4	89.3	
99.1	89.5	
99.3	89.7	
98.9	99.2	
98.9	89.7	
98.1	89.3	
98.9	89.7	
99.1	88.7	
98.9	99.6	
98.9	89.1	
98.9	99.6	
89	98.8	
98.7	88.9	
99.3	89.7	
98.9	89.7	
98.5	99.6	
98.9	89.5	
98.9	99.2	
98.9	69.5	
98.1	89.3	
98.9	99.6	
69	99.6	
98.1	89.7	
88.2	79.6	
98.9	89.5	
98.9	69.3	
98.3	89.3	
89.2	89.7	
98.7	89.5	
99.3	89.5	
78.3	89.7	
99.1	89.5	
79.1	99.2	
99.1	99.4	
99.3	89.7	
99.1	89.7	
89.2	79.6	
98.7	98.4	
97.7	98.8	
89	89.3	
99.1	88.9	
98.9	89.7	
89.2	99.4	
98.7	98.6	
98.5	99.6	
98.9	89.5	
98.7	89.7	
99.3	99.6	
99.1	98.8	
99.3	89.7	
89.2	88.7	
88.8	69.1	
99.3	99.4	
99.3	99.6	
99.1	99	
98.9	89.7	
99.1	89.5	
99.1	99.4	
89.4	89.7	
98.7	99.4	
99.1	79.4	
89.2	89.5	
98.9	89.7	
98.7	89.7	
98.7	99.4	
98.9	79.2	
98.9	99.4	
98.7	89.5	
99.1	99.6	
98.9	99.2	
98.9	89.3	
99.3	99.6	
99.1	99.2	
98.9	89.7	
