99.3	89.1	
78.9	99.2	
98.9	79.2	
99.3	99.6	
88.6	89.7	
99.3	99.6	
99.3	89.7	
99.1	99.6	
99.3	89.7	
99.1	99	
99.3	89.7	
99.3	99.6	
99.3	89.3	
88.8	99.6	
99.3	99.4	
99.3	99.4	
99.1	99.4	
89.2	99.6	
99.1	89.5	
99.3	99.4	
99.1	89.5	
98.9	99.6	
99.3	99.6	
99.1	99.6	
79.3	89.7	
88.8	98.8	
98.5	99.2	
99.1	99.6	
98.7	99.4	
99.3	89.7	
99.1	99.6	
99.1	99.4	
98.9	99.6	
99.1	99.6	
99.1	98.2	
98.9	99	
98.5	89.7	
99.1	89.7	
99.1	89.7	
69	79.4	
98.5	89.7	
98.9	99.2	
99.1	99.6	
79.3	99.4	
98.9	99.4	
99.3	89.5	
79.1	89.5	
28.8	99.2	
98.7	99.2	
99.3	89.7	
79.3	99.2	
89.4	89.7	
99.1	99.6	
98.7	99.6	
98.9	99.6	
58.7	89.5	
88.8	89.7	
99.1	99.4	
78.9	79.4	
99.1	99.6	
99.1	89.5	
99.1	89.7	
99.1	99.6	
59.3	99.4	
99.3	79.4	
99.3	99.6	
99.1	89.7	
99.1	89.1	
89.2	69.3	
99.1	99.6	
99.1	99.4	
79.3	89.7	
99.1	99.4	
99.3	99.2	
98.5	99.6	
68.8	99.6	
99.1	99.4	
98.9	79.4	
99.3	79.4	
89.2	89.7	
99.1	99.6	
99.3	99.4	
98.7	59.2	
99.3	79.6	
79.3	89.3	
99.3	99.4	
88.8	99.2	
99.1	89.5	
99.3	99.6	
98.7	79.4	
99.1	89.3	
99.1	99.6	
48.8	99.6	
98.7	79.6	
98.7	38.4	
98.7	69.5	
99.3	79	
99.1	99.6	
98.7	99.4	
98.9	99.6	
79.3	99.4	
99.1	99.4	
99.1	99.4	
78.3	99.6	
99.3	99.6	
68.8	99.2	
98.9	99.4	
99.3	99.6	
48	99	
98.9	99.6	
99.1	99.6	
99.1	99.4	
99.3	99.4	
99.3	99.6	
99.3	89.7	
99.1	99.6	
99.3	99.6	
98.7	99.6	
99.3	89.7	
99.3	99.6	
99.3	79.6	
89.4	89.7	
99.3	99.4	
99.3	99.2	
99.1	98.4	
99.3	99.6	
99.1	99.2	
99.3	99	
99.3	99	
99.3	89.3	
99.3	99.6	
99.3	99.6	
98.5	89.3	
89.2	99.6	
99.1	99.6	
89	99.6	
98.9	79	
99.1	89.5	
79.3	99.6	
98.9	99	
99.1	89.1	
98.9	89.5	
99.1	58.8	
89	99.4	
99.1	99.6	
98.9	99.6	
99.1	99.6	
89.2	79	
79.3	99.4	
99.1	99.6	
98.9	99	
99.3	99.6	
99.3	99.4	
99.3	69.5	
99.3	99.4	
98.3	99.6	
89.2	89.5	
99.3	68.9	
78.9	99	
98.9	89.7	
98.7	99.6	
99.1	59.2	
99.1	79.6	
98.7	99.6	
99.1	99.6	
79.1	99.4	
98.9	99.4	
78.9	99.2	
99.1	99.2	
98.9	79.4	
99.1	89.5	
89	99.6	
99.1	89.7	
99.3	89.1	
99.3	89.5	
99.3	99.6	
89	99.6	
99.3	99.6	
79.1	89.7	
98.9	99.6	
79.1	89.7	
99.1	79.6	
99.1	99.2	
99.1	99.6	
89.4	99	
99.3	99.6	
98.9	99	
99.3	99.6	
99.1	89.7	
89	99.4	
89.2	89.5	
99.3	99.6	
99.1	79.6	
99.3	99	
99.1	99.2	
99.1	89.7	
69.2	99.6	
99.3	89.7	
99.3	99.6	
99.3	89.7	
99.1	89.7	
89.4	89.7	
98.9	89.7	
99.3	99.4	
99.3	99.6	
98.9	89.3	
68.2	89.7	
98.7	98.8	
99.3	89.5	
99.1	89.1	
79.3	99.6	
78.7	79.4	
38.9	68.7	
48.8	99.6	
98.9	79.4	
98.5	99.4	
79.1	99.6	
99.3	89.7	
88.8	99.6	
99.1	99.2	
99.3	89.3	
78.7	89.7	
99.3	69.1	
99.3	99.6	
99.3	89.7	
98.9	79.4	
99.1	99.4	
49	99.2	
88.8	99.2	
99.1	99	
79.3	99.4	
99.1	99.6	
99.1	89.7	
98.9	89.5	
98.9	99.6	
98.9	79.6	
99.3	99.6	
79.1	99.6	
98.9	99.2	
99.3	89.5	
99.3	89.3	
99.1	89.3	
99.3	99.6	
99.1	99.6	
99.3	99	
99.3	69.5	
98.5	89.5	
69.2	89.7	
99.1	99.6	
58.9	89.7	
98.7	99.6	
98.9	88.9	
89.2	99	
99.3	99.6	
98.9	99.4	
59.1	79.6	
88.6	99.6	
99.3	89.1	
57.7	99.6	
99.1	99.4	
99.1	69.5	
99.1	98.8	
99.3	99.6	
99.1	89.7	
98.9	99.6	
59.3	99	
79.1	89.1	
89	99.4	
79.1	99.6	
98.5	99.6	
99.3	99.6	
98.9	99.6	
99.3	89.5	
97.7	89.7	
98.9	89.7	
99.3	89.5	
99.3	89.7	
99.1	89.5	
78.5	89.7	
98.9	99.6	
98.7	79.2	
99.1	99.6	
99.1	99.6	
99.1	99	
99.1	89.7	
68.8	99	
99.3	99.4	
98.9	89.3	
89	99.6	
99.3	79.6	
98.9	99.2	
98.9	79.4	
98.7	99.6	
78.7	79.2	
99.1	99.4	
99.3	99.2	
89	99.6	
89.2	89.5	
98.7	99.4	
99.3	79.4	
79.3	69.1	
98.7	99.2	
99.3	99.6	
99.3	89.7	
99.3	99	
99.1	88.9	
99.3	99.2	
99.1	79.2	
68.8	89.5	
99.3	79.6	
89.2	99.6	
99.1	99.6	
99.3	99.6	
99.3	89.7	
99.1	89.5	
99.3	89.1	
99.3	99.6	
98.9	98.6	
98.9	99.6	
99.3	99.2	
99.3	99.2	
99.1	99.4	
99.1	89.7	
99.1	99.4	
99.3	99.6	
79.1	69.5	
99.1	99.6	
98.9	99.6	
99.3	99.4	
98.3	99.6	
98.5	78.8	
59.1	89.7	
99.3	79.2	
89	99.6	
69.4	89.7	
99.3	99.6	
79.3	99.4	
98.9	99.6	
99.1	97.8	
99.3	99.4	
98.1	88.3	
98.5	99.6	
79.1	89.5	
99.3	79.4	
99.3	89.3	
98.7	99.6	
89	99.4	
99.1	99.2	
99.3	89.7	
99.1	88.7	
99.1	99.6	
99.3	99.6	
99.1	99	
99.3	79.6	
98.7	88.9	
88.8	89.5	
98.9	99.2	
99.1	99.4	
98.5	99.6	
99.1	99.2	
99.1	89.7	
99.3	99.6	
99.3	99.6	
98.9	99.6	
98.9	99.6	
99.3	59.4	
99.1	99.4	
99.1	89.7	
89.2	99.4	
99.1	89.3	
99.3	98.8	
99.1	99.4	
99.3	79.6	
99.3	99.6	
99.3	99.6	
99.3	89.7	
48.8	99.6	
99.1	79.6	
99.1	99.6	
99.1	89.7	
99.3	89.7	
99.3	79.2	
99.3	89.5	
99.1	99.4	
99.3	98.8	
89.2	89.5	
99.3	99.6	
99.3	99.2	
99.1	69.5	
98.9	79.2	
99.3	89.5	
99.3	99.4	
99.1	89.7	
99.3	89.7	
99.3	99.6	
89	99.6	
89.2	99.6	
99.1	99.4	
98.7	89.3	
89.4	99	
99.3	99.6	
99.3	99.6	
99.1	99	
79.3	99.6	
99.3	99.4	
99.1	89.7	
98.9	79.6	
98.9	99.6	
68.4	89.5	
99.1	79.6	
99.1	99.4	
98.9	99.6	
78.7	99.6	
88.8	79.6	
99.3	89.7	
68.8	99.6	
98.9	99.4	
98.9	79.2	
99.1	89.5	
98.9	89.3	
79.3	89.5	
99.3	99.6	
99.3	89.5	
98.5	89.7	
98.3	98.6	
99.3	99.6	
99.3	59.2	
98.7	99.6	
98.9	89.5	
98.9	89.7	
99.3	89.5	
99.3	89.7	
98.3	99.4	
88.6	99.6	
99.3	99.2	
79.1	79.2	
99.3	89.3	
78.7	89.3	
99.3	79.2	
99.1	99.4	
99.1	99.6	
99.1	89.5	
99.1	89.3	
99.3	99.6	
79.1	99.6	
99.3	99.6	
98.9	79.4	
99.1	99.6	
78.9	99.6	
99.1	99.4	
88.6	88.9	
78.7	99.6	
99.3	98.2	
99.3	99.4	
99.1	99.6	
99.3	89.5	
79.3	99.6	
69.4	68.5	
88.8	89.7	
99.1	99.6	
99.1	99.6	
99.3	99.4	
99.3	89.5	
99.3	89.7	
99.1	89.7	
99.3	99.6	
98.9	99.6	
58.5	99.4	
99.3	98.6	
99.3	98.8	
99.1	89.7	
99.1	89.5	
89.2	89.7	
99.3	89.5	
78.9	79.4	
98.9	99.2	
98.5	89.7	
68.8	99.2	
79.3	89.7	
99.3	89.7	
98.7	99.4	
99.3	99	
98.9	99.6	
99.1	99.6	
98.5	99.4	
99.3	89.7	
68.8	49.3	
98.9	59.4	
98.5	99.2	
99.3	99.2	
99.3	99	
99.1	99.4	
99.3	89.7	
99.1	99.2	
99.3	89.5	
89	99.6	
98.9	79.4	
99.1	89.7	
99.3	99.6	
99.1	89.7	
99.3	99.6	
99.1	89.5	
98.5	89.5	
99.3	89.7	
58.5	99.6	
99.3	99.4	
88.8	99.4	
89.2	89.5	
99.3	99.6	
99.3	99.2	
98.5	99	
79.3	99.4	
99.1	99.6	
98.7	99.6	
99.3	89.7	
99.3	79.4	
99.1	99.4	
79.3	98.8	
99.3	99.6	
99.3	99.6	
99.1	89.5	
99.1	99	
99.1	99.2	
99.1	99.4	
98.9	89.3	
98.9	99.6	
99.3	99.6	
98.3	99.2	
99.3	99.4	
58.7	99.4	
98.9	99.6	
99.1	89.5	
99.3	89.5	
99.3	99.6	
99.1	99.6	
98.9	79.6	
98.7	99.6	
99.3	89.7	
98.5	89.7	
99.3	99.2	
78.7	99.6	
98.5	79.4	
99.3	99.4	
99.3	99.6	
99.1	99	
89.4	99.4	
99.3	99.6	
99.3	99.4	
98.9	99.6	
99.1	59	
99.3	99.6	
79.1	89.7	
98.9	89.7	
99.3	99.6	
99.1	99.2	
99.1	89.7	
99.3	99.4	
99.3	79.4	
89.2	89.1	
89.4	99.6	
89.4	89.5	
99.1	99.6	
88.6	99	
99.3	99.6	
99.3	99.6	
99.1	78.6	
98.9	89.7	
99.1	98.8	
99.3	99.4	
99.3	89.7	
99.3	89.3	
89	99.6	
79.1	99.6	
99.3	99.2	
98.9	89.3	
98.7	89.7	
99.3	99.4	
99.3	89.5	
99.1	99.6	
78.9	89.7	
99.3	99.6	
99.3	89.5	
98.7	89.1	
99.1	99.4	
99.1	89.7	
98.9	89.3	
99.3	99.6	
89	89.5	
99.3	89.5	
98.7	89.7	
78.9	99.6	
99.1	99.6	
99.3	79.4	
99.3	99.4	
99.3	99.4	
69.2	89.5	
99.3	99	
99.1	99.6	
89.2	89.7	
99.1	99.4	
48.8	89.5	
99.3	99.4	
99.1	89.7	
99.3	79	
99.3	99.2	
99.3	99.4	
99.1	89.7	
99.1	99.6	
99.1	89.7	
98.9	99.4	
99.1	89.7	
98.7	88.7	
99.1	89.3	
99.1	89.3	
98.9	89.5	
89	99.6	
98.9	89.5	
98.7	99.4	
99.1	79.6	
99.1	99.4	
79.3	89.7	
99.3	89.7	
99.3	89.7	
99.3	99	
99.3	49.1	
99.1	89.7	
88.8	89.7	
98.5	89.7	
98.9	99	
99.3	89.7	
98.9	99.2	
99.1	99.4	
99.1	99.6	
88.6	99.6	
79.1	99.6	
99.1	99.4	
99.3	99.6	
99.3	88.9	
99.1	99.6	
99.1	99.4	
99.3	99.4	
99.1	99.6	
98.9	89.5	
98.7	99.2	
68.6	99.6	
99.1	99	
99.3	89.7	
59.1	98.8	
99.3	89.5	
99.3	99.6	
98.7	99.2	
78.7	99.4	
99.3	99.4	
78.9	89.5	
99.1	89.7	
99.1	89.5	
99.3	99.2	
99.3	99.4	
99.3	89.1	
99.3	99.6	
68.8	99.2	
68.8	99.2	
99.1	79.4	
99.1	89.7	
99.3	99.6	
99.1	99.2	
98.7	79.6	
98.7	99.6	
99.3	89.7	
98.9	89.7	
98.5	89.5	
99.3	99.6	
99.3	99.4	
97.9	99.6	
99.1	99.4	
79.3	99.2	
68.4	99.4	
89.2	99.4	
99.1	99.6	
99.3	99.6	
59.1	89.7	
98.5	99.6	
89.2	89.1	
99.3	89.7	
99.3	89.5	
48.8	89.5	
98.1	89.7	
99.1	89.5	
99.3	89.5	
98.5	99.6	
99.3	99.6	
98.9	99.2	
99.1	99.6	
99.1	99.6	
99.3	79.2	
99.1	88.9	
99.1	99.6	
99.3	89.3	
98.9	99.6	
99.3	99.6	
79.1	79.4	
98.9	99.2	
99.3	79.6	
99.1	99.4	
99.1	99.4	
79.1	89.5	
68.4	99.6	
99.1	99.2	
99.1	99.4	
99.1	99.6	
99.1	89.1	
99.3	99.2	
98.9	79.2	
99.3	99.4	
99.3	99.4	
99.3	89.7	
99.1	88.9	
99.3	79.4	
98.7	99.6	
99.1	99.6	
78.9	99.4	
99.3	69.5	
99.3	99.4	
79.3	99.2	
99.3	99.2	
69	99.6	
88.8	99.6	
98.9	89.5	
99.3	99.6	
98.7	99.6	
99.3	99.2	
99.3	99.6	
79.1	99.4	
79.1	99.6	
99.1	79.6	
99.1	99.4	
99.3	99.6	
99.1	89.7	
99.3	99.4	
78.1	99.4	
88.8	99.2	
79.1	99.6	
98.9	99.4	
98.5	89.7	
99.3	89.3	
99.3	99.6	
99.3	79	
99.3	99.6	
99.3	99.6	
99.3	99	
99.3	99.6	
99.1	89.5	
99.1	89.5	
78.9	89.5	
99.3	89.7	
99.3	79.6	
99.1	99.4	
48.6	89.7	
98.9	99.6	
98.9	99.6	
99.1	98.6	
99.1	99.6	
88.8	99.6	
99.1	89.3	
98.9	89.3	
99.1	89.3	
98.9	79	
98.7	99.4	
99.1	99.6	
99.1	89.7	
99.1	99.6	
89.4	79	
98.9	99.2	
98.9	99.4	
99.3	89.7	
99.1	99.2	
99.3	99.4	
98.9	99.4	
98.9	99.6	
99.3	98.8	
99.3	89.3	
99.3	99.4	
98.1	99.4	
99.1	99.6	
98.9	99	
98.7	89.7	
98.3	99.6	
99.3	99.4	
98.9	99.6	
98.9	89.7	
99.3	99.6	
99.1	99.2	
89.2	99.6	
99.1	89.7	
99.3	69.1	
99.3	99.6	
69.2	89.5	
99.1	99.6	
97.9	99.6	
98.7	99.4	
99.3	99.6	
99.3	79.4	
48.6	99.6	
98.9	99.4	
99.1	99.2	
99.3	89.5	
79.1	99.6	
99.3	99.4	
89.4	99.2	
99.1	89.7	
99.3	98.6	
99.1	59	
99.1	99.2	
99.3	99.4	
99.3	99.4	
99.3	79.4	
99.3	89.7	
88.8	99.6	
79.3	99.6	
99.1	99.6	
99.3	89.7	
89.4	89.3	
99.3	38.8	
79.3	99.6	
99.1	89.7	
99.1	99.6	
98.7	99.2	
99.1	89.5	
89.4	79.6	
68.8	89.7	
49.2	79.6	
99.3	99.4	
98.9	98.8	
99.3	99.6	
99.3	99.2	
99.1	79.6	
69	99.4	
99.1	99.4	
99.1	99.4	
99.1	99.4	
99.3	99.6	
89	99.6	
59.3	89.7	
99.3	99.4	
99.3	99.4	
99.3	89.7	
99.3	89.7	
98.9	89.7	
99.3	89.7	
99.3	89.7	
79.3	89.5	
99.3	99.6	
89	89.7	
98.9	89.5	
99.3	99.2	
89.4	89.7	
88.8	99.6	
99.1	79.4	
99.3	99.2	
99.1	99.4	
99.3	89.5	
88.8	89.7	
88.6	79.2	
99.1	99.2	
99.3	99.4	
99.3	99.4	
88.4	99.6	
98.7	89.5	
99.1	99.4	
99.1	99.6	
98.7	98.4	
99.3	99.6	
98.9	89.7	
79.3	99.2	
99.3	99.6	
99.1	79.6	
99.3	99.6	
99.3	99.4	
99.3	99.4	
68.6	99.6	
98.5	99.4	
98.7	98.6	
99.1	99.4	
99.3	99.2	
98.9	89.3	
79.3	99.4	
99.1	99.6	
98.9	99.4	
38.3	99.6	
98.9	99.6	
89.2	89.7	
98.7	79.4	
98.9	89.3	
99.1	99.6	
98.7	88.9	
79.5	99.6	
99.3	99.4	
99.3	89.1	
98.9	99.6	
99.1	69.5	
99.1	99.6	
99.1	99.6	
99.3	69.5	
98.7	99.2	
98.1	99.6	
98.5	98.8	
98.7	99.4	
99.3	99.4	
99.1	89.7	
99.3	99.4	
99.3	99	
98.3	99.4	
98.9	99.6	
99.1	69.1	
99.1	99.6	
98.5	89.3	
99.3	79.6	
99.3	79.4	
98.7	99.6	
98.7	99	
98.9	69.3	
99.1	99.6	
98.9	99.4	
89.4	99.6	
98.9	89.5	
79.1	99.6	
88.8	99.6	
99.3	89.7	
98.9	89.7	
98.9	99.6	
98.9	99.4	
99.3	99.4	
99.3	89.7	
89.2	89.5	
99.1	99.6	
99.1	99.4	
99.3	99.6	
98.5	99.2	
89	99.6	
89	99.4	
99.3	99.4	
99.3	99.6	
99.3	99.2	
99.1	99.4	
58.7	89.3	
98.9	99.6	
99.3	99.4	
99.1	79.2	
99.1	99.6	
98.7	98.8	
99.3	89.7	
99.3	99.6	
99.1	79.6	
99.1	89.5	
99.1	99.6	
98.5	99.2	
98.9	79.6	
89.2	89.1	
89.2	99.4	
88.6	79.4	
99.3	89.5	
88.4	69.1	
99.3	99.6	
99.3	99.6	
69.4	99.6	
99.3	89.5	
88.8	99.4	
79.3	99.6	
89	89.3	
99.3	89.7	
99.1	79	
88.6	99.6	
99.3	99.2	
99.3	89.5	
99.3	79.4	
89.2	89.5	
58.5	89.7	
98.9	89.5	
99.3	89.5	
89	99	
98.5	89.5	
99.1	99.2	
98.7	99.4	
99.3	89.7	
98.9	98.2	
99.3	99.2	
99.1	89.1	
99.1	89.3	
98.5	99.6	
99.1	99.2	
98.9	89.7	
99.1	99.6	
99.3	99.6	
99.1	99	
99.3	99.2	
99.1	99.6	
99.3	99.6	
99.3	89.7	
99.1	99.6	
99.1	99.6	
