98.9	79.6	
99.3	89.5	
96.5	89.5	
99.3	89.7	
99.1	89.7	
98.9	79.6	
99.3	79.6	
96.3	89.7	
99.3	79.6	
98.9	89.7	
99.3	89.7	
98.9	99.6	
99.1	69.5	
99.3	89.7	
99.1	89.5	
99.1	89.7	
99.1	89.7	
99.1	89.7	
98.7	89.7	
99.3	89.5	
99.3	89.7	
99.3	89.7	
98.7	89.5	
99.1	69.5	
99.3	89.5	
98.9	99.6	
99.1	89.7	
99.3	89.5	
95.3	89.7	
99.3	89.5	
99.1	89.7	
99.3	89.7	
98.7	89.5	
99.3	58.8	
99.1	89.7	
99.3	68.7	
98.9	89.5	
99.1	89.7	
98.9	59.4	
98.9	89.7	
99.3	89.7	
99.3	89.7	
79.1	89.7	
98.9	79.4	
98.9	89.7	
99.1	79.4	
88.8	79.6	
99.3	89.7	
89	79.6	
98.3	79.4	
99.3	89.7	
99.3	89.7	
99.3	89.7	
98.1	89.7	
98.7	89.7	
98.9	89.7	
79.1	89.7	
89.2	89.7	
99.1	89.7	
99.3	79.6	
99.3	79.6	
97.9	89.7	
99.3	89.1	
98.9	89.7	
77.5	89.7	
99.3	89.7	
99.1	89.5	
99.3	89.7	
99.1	89.7	
99.3	89.5	
99.3	88.9	
89.2	89.7	
98.9	89.7	
98.7	79.4	
97.7	79.6	
99.1	89.5	
99.1	89.3	
99.3	89.7	
99.3	99.4	
98.9	89.7	
98.5	89.7	
99.1	89.7	
99.1	89.7	
99.3	89.7	
99.3	89.7	
99.3	89.5	
88.8	89.7	
98.1	89.5	
99.1	89.7	
99.1	79.6	
99.1	89.7	
98.9	79.6	
99.3	89.7	
99.1	79.4	
98.7	89.7	
99.1	69.3	
98.5	89.3	
88.6	99.4	
98.5	89.3	
99.1	69.5	
98.9	89.7	
97.7	89.5	
98.7	89.7	
98.9	79.4	
98.3	89.7	
89	89.7	
99.1	89.7	
99.1	89.5	
98.7	69.5	
98.9	89.5	
99.1	89.7	
99.1	99.2	
98.9	89.5	
99.1	89.7	
99.3	89.7	
99.3	89.7	
99.3	89.7	
99.3	89.7	
99.1	89.7	
98.9	79.4	
99.3	89.7	
99.3	89.7	
99.3	79.4	
99.3	79.4	
98.7	89.7	
98.3	89.7	
99.1	89.5	
99.3	79.2	
99.1	79	
98.7	79.6	
99.1	89.3	
98.7	79.6	
99.3	89.7	
98.7	89.7	
99.3	99.6	
99.3	89.7	
99.3	89.5	
79.5	89.7	
98.5	89.7	
98.7	89.7	
99.3	89.5	
98.5	79.6	
98.9	79.6	
98.9	89.7	
99.1	69.1	
98.9	89.7	
99.3	89.7	
98.7	79.6	
99.1	89.7	
99.3	89.7	
99.3	89.7	
98.3	79.4	
99.1	89.5	
99.3	89.5	
99.3	89.3	
99.3	89.7	
99.3	89.5	
99.3	89.7	
97.1	89.7	
98.5	89.7	
98.9	89.7	
99.3	89.7	
99.3	89.7	
99.3	89.7	
99.1	79.4	
99.3	89.7	
98.9	79.6	
99.3	89.7	
99.1	89.5	
98.7	79.6	
89.2	89.7	
98.9	79.6	
88.2	89.5	
89	89.7	
99.1	99.6	
98.9	79.6	
99.3	89.7	
98.7	99.6	
99.1	89.7	
98.9	89.5	
98.9	89.7	
99.1	79.4	
99.1	89.7	
98.7	89.7	
88.2	79.2	
98.9	89.5	
99.3	79.6	
89.2	89.7	
99.1	89.5	
99.1	89.7	
89.2	69.5	
99.1	89.3	
98.7	89.1	
99.3	89.7	
98.9	79.6	
99.3	89.7	
98.9	79.6	
89	79.2	
99.3	89.7	
98.5	89.5	
98.9	89.7	
99.3	89.7	
99.3	89.7	
99.1	89.7	
98.9	89.7	
99.3	89.7	
99.1	89.5	
99.3	89.7	
98.9	89.7	
98.9	89.7	
99.1	89.7	
99.3	89.7	
99.1	69.5	
98.9	89.7	
99.3	89.7	
99.3	79.6	
98.9	89.3	
98.7	99.6	
99.1	89.7	
99.1	99.6	
99.1	79.4	
99.1	89.5	
99.1	79.4	
99.1	89.7	
99.3	89.5	
99.3	89.7	
79.3	89.7	
99.3	89.7	
99.3	89.7	
88.8	89.7	
89.2	89.5	
98.5	88.9	
87.2	89.7	
99.3	89.5	
99.1	89.7	
98.7	89.7	
99.3	79.6	
98.5	89.7	
99.3	79.2	
98.9	89.7	
99.1	79.6	
98.9	89.7	
98.5	79.6	
99.3	89.5	
98.7	89.7	
99.3	89.5	
98.9	89.7	
98.7	89.7	
99.1	89.7	
98.9	79.4	
99.1	89.7	
99.3	89.7	
99.1	89.7	
99.1	89.7	
99.3	79.4	
99.3	89.7	
88.6	89.7	
99.1	89.7	
99.3	89.3	
99.1	78.8	
89	89.7	
98.7	89.7	
99.1	89.5	
98.7	89.5	
89	89.5	
99.3	89.7	
89	99.6	
99.3	89.3	
98.7	89.5	
99.1	79.2	
98.3	89.7	
98.7	89.5	
98.9	89.7	
99.1	89.7	
98.3	89.7	
99.1	79.2	
99.3	89.7	
98.9	89.7	
99.3	89.7	
99.1	79.6	
98.5	89.7	
98.7	89.5	
98.9	89.7	
98.7	89.7	
89	89.7	
88.2	89.7	
98.3	89.3	
98.7	79.2	
98.5	89.3	
98.9	89.7	
99.3	79.6	
98.9	89.1	
88.8	89.7	
99.3	89.7	
98.3	89.7	
99.3	89.7	
98.9	89.3	
99.1	89.7	
99.1	69.5	
99.3	89.5	
99.3	89.7	
98.7	89.5	
97.3	79.6	
98.9	89.5	
98.9	79.4	
99.1	89.7	
99.3	89.7	
99.3	89.3	
99.1	89.7	
99.3	89.7	
88.8	89.7	
98.5	79	
99.3	79.6	
98.7	89.5	
98.5	89.7	
85.2	99.2	
89.2	89.7	
99.1	89.7	
98.9	99.6	
78.3	89.7	
98.3	89.7	
89	89.7	
95.1	89.7	
99.3	89.5	
99.3	89.3	
99.3	89.5	
99.3	89.5	
89.2	89.7	
99.1	79.2	
98.7	89.7	
98.3	79.2	
98.9	89.7	
99.1	89.5	
99.3	89.7	
99.1	89.5	
99.3	79.4	
99.1	99.6	
99.3	89.3	
99.1	89.7	
98.7	89.7	
97.5	79.4	
99.3	89.7	
99.1	89.5	
99.3	89.5	
99.3	99.4	
99.3	89.7	
98.9	89.7	
99.1	79.6	
98.9	89.7	
98.7	89.7	
99.1	79.6	
98.3	89.5	
99.3	89.7	
98.9	89.5	
99.1	79	
99.3	68.9	
89.2	89.7	
99.1	79.6	
98.9	89.7	
99.3	89.5	
99.3	89.7	
99.3	79.6	
99.3	89.5	
98.9	89.7	
97.3	89.7	
99.1	89.5	
99.1	89.7	
98.7	79.6	
89.2	79.4	
99.1	89.7	
99.3	99.2	
98.3	89.5	
98.1	89.7	
99.1	89.7	
98.7	89.7	
98.9	89.7	
97.9	89.7	
98.5	89.7	
98.7	89.5	
88.6	89.5	
88.4	89.7	
98.3	79.4	
89.2	89.7	
99.3	89.3	
99.1	89.7	
99.3	99.6	
99.3	89.1	
98.9	89.7	
99.1	89.1	
99.3	89.7	
98.5	89.7	
99.3	99.2	
99.3	89.7	
99.3	79.6	
98.9	89.7	
98.9	89.7	
99.3	89.7	
98.9	89.7	
99.3	89.5	
98.9	89.3	
99.3	89.7	
99.3	79.6	
98.9	89.7	
98.7	89.7	
99.1	69.1	
98.9	89.7	
99.3	89.1	
99.1	89.7	
89.2	99.4	
98.3	89.5	
99.3	79.6	
78.7	89.7	
98.9	89.7	
98.7	89.3	
99.3	99.6	
89	79.4	
98.9	89.7	
99.3	88.9	
99.3	89.7	
88.8	89.3	
99.1	89.7	
99.3	89.7	
88.8	99.4	
98.1	89.7	
99.3	89.3	
99.3	89.3	
98.7	69.5	
98.9	79.2	
99.1	89.7	
99.3	89.5	
99.3	79.4	
98.7	89.7	
99.3	89.5	
89.2	89.7	
99.1	89.7	
99.3	89.7	
98.9	89.7	
98.7	79.6	
99.3	99.6	
98.5	89.5	
98.9	89.7	
99.3	89.7	
99.1	89.7	
89	89.1	
98.5	89.7	
99.1	89.7	
98.9	89.7	
89.2	89.7	
98.5	89.7	
98.7	89.7	
98.1	89.1	
98.9	78.4	
98.5	79.2	
98.9	89.7	
98.3	99.2	
89.2	79.2	
99.1	79.6	
99.3	89.7	
99.3	79.4	
99.1	89.5	
99.3	89.7	
99.3	89.5	
99.1	89.7	
78.9	89.7	
99.1	89.7	
99.1	89.7	
99.3	89.7	
99.3	99.6	
97.9	89.5	
89	89.7	
98.7	79.4	
99.1	89.7	
89	89.5	
99.3	89.3	
99.3	89.7	
88.6	89.7	
98.9	89.5	
99.1	89.5	
98.9	89.5	
99.1	89.7	
99.1	99.6	
99.1	69.3	
98.9	89.7	
99.1	89.3	
98.7	89.5	
98.9	89.7	
88.6	89.1	
98.5	89.5	
98.9	89.5	
99.3	89.7	
99.3	89.5	
99.1	89.5	
98.9	89.7	
88.6	89.7	
99.3	89.7	
99.1	79.4	
99.1	89.3	
99.1	79.4	
99.3	89.5	
99.3	89.7	
99.3	89.5	
99.3	89.7	
99.3	89.7	
98.7	89.3	
98.7	89.7	
99.3	89.7	
98.7	79.4	
98.9	89.5	
99.3	89.7	
99.3	79.4	
98.9	89.7	
99.3	89.7	
97.3	79.6	
98.7	89.7	
99.1	79.6	
98.9	89.7	
99.3	79.4	
99.3	69.5	
99.1	89.7	
99.3	89.7	
99.3	89.3	
99.1	79	
69	69.5	
99.3	99.6	
98.9	79.4	
99.3	99.6	
99.3	89.7	
99.3	89.5	
98.7	99.2	
98.5	79	
99.3	89.7	
98.9	89.3	
99.3	89.5	
98.5	89.5	
99.3	89.7	
99.3	89.7	
99.3	89.7	
99.1	79	
99.3	99.4	
99.3	89.7	
99.1	89.7	
99.3	89.7	
99.3	89.5	
99.1	89.7	
99.3	79.6	
99.3	69.3	
99.3	79.6	
99.1	99.4	
89	99.6	
98.9	89.7	
99.3	78.6	
99.1	89.7	
89	89.7	
99.3	89.5	
98.9	89.7	
67.8	89.7	
88.6	89.7	
99.3	89.7	
99.3	89.7	
99.3	69.1	
99.3	59.4	
98.9	89.7	
98.7	89.7	
99.1	89.7	
78.9	89.7	
99.1	89.7	
98.5	89.7	
97.9	69.5	
98.7	79.6	
98.9	89.7	
88.8	69.3	
99.1	89.7	
88.8	89.1	
99.3	89.7	
98.7	89.7	
94.3	99.2	
99.3	99.4	
99.1	89.7	
99.1	79.6	
98.7	89.7	
98.9	79.6	
99.1	89.5	
97.7	89.5	
88.2	89.7	
99.1	89.7	
98.7	89.7	
99.1	99.4	
99.3	89.5	
98.9	89.5	
99.3	89.7	
98.1	89.7	
99.3	79.6	
99.1	89.5	
98.5	89.5	
99.1	79	
89.2	89.7	
98.9	89.5	
99.3	89.7	
99.3	79.2	
99.1	89.7	
99.3	79	
98.5	69.5	
99.1	69.3	
99.3	89.7	
88.8	89.7	
98.9	89.7	
98.7	99.6	
99.1	89.7	
78.7	89.7	
98.7	99.6	
99.1	89.5	
99.3	88.9	
99.1	89.3	
99.1	99.6	
99.3	89.7	
99.3	69.3	
98.9	89.7	
99.3	89.7	
99.1	89.7	
99.3	89.5	
99.1	89.3	
99.3	89.7	
98.9	89.5	
98.9	89.5	
98.5	89.5	
99.1	89.7	
98.9	79.6	
99.1	99.6	
88.8	89.5	
98.7	89.7	
99.1	99.4	
98.9	99.4	
98.5	89.7	
99.3	89.7	
89	89.7	
98.5	89.7	
99.1	89.5	
98.7	79.6	
99.3	89.5	
99.3	89.1	
87.4	89.7	
99.1	99.6	
88.8	89.7	
99.1	99.4	
88.4	89.5	
99.1	89.7	
98.5	89.5	
98.9	89.7	
98.9	89.7	
99.3	89.3	
99.1	89.3	
99.1	89.5	
99.3	89.7	
89.2	99.6	
89	79.6	
99.3	79	
99.1	69.3	
99.1	89.7	
99.1	89.5	
99.1	89.7	
99.3	89.7	
99.1	79	
99.3	79.2	
89.2	99.6	
99.3	89.7	
99.1	89.7	
99.3	79.6	
99.1	89.5	
98.9	89.7	
99.1	89.7	
99.1	99.4	
99.3	89.7	
99.3	89.7	
98.7	89.3	
99.3	89.7	
98.7	89.7	
98.9	89.5	
99.3	89.7	
99.3	89.3	
79.1	79.4	
99.1	89.5	
99.1	89.5	
99.1	99.6	
89	89.7	
99.1	89.7	
99.1	68.5	
98.9	89.7	
98.9	89.7	
99.1	89.7	
99.3	89.7	
99.3	89.5	
99.3	79.6	
98.5	89.7	
99.1	89.7	
99.3	89.5	
88.8	89.3	
99.3	79.4	
98.9	89.7	
99.3	89.3	
99.1	89.7	
99.1	89.7	
99.3	89.7	
99.3	89.7	
79.1	79.6	
99.3	89.5	
89.2	79.6	
99.3	89.5	
98.5	69.3	
98.9	89.5	
98.9	79.6	
99.1	89.5	
99.1	89.7	
98.7	89.7	
99.1	79.6	
99.1	89.7	
98.9	89.5	
98.9	89.7	
99.3	89.7	
99.3	89.5	
98.5	99.4	
98.7	89.3	
99.3	89.7	
99.1	89.7	
99.1	89.5	
98.7	89.7	
99.1	89.3	
99.3	79.2	
89	79.6	
99.3	89.3	
99.3	89.7	
98.3	99.6	
99.3	89.7	
98.7	79	
99.3	89.7	
99.1	89.7	
99.1	79.6	
99.3	99.6	
99.1	89.7	
99.1	89.5	
99.3	89.7	
99.3	89.7	
98.3	89.7	
99.3	89.7	
98.7	79.2	
98.9	89.7	
99.3	99.6	
99.1	89.7	
99.1	89.5	
99.3	89.7	
99.3	89.7	
98.5	89.5	
98.5	69.5	
98.9	99.2	
89.4	89.7	
99.1	89.7	
99.1	89.7	
99.1	79.4	
97.5	69.5	
99.3	89.7	
99.1	89.1	
99.3	89.7	
99.3	89.7	
99.3	79.6	
68.8	68.5	
99.3	89.7	
99.1	89.5	
99.1	89.7	
99.3	89.5	
99.1	99.4	
98.9	89.7	
99.3	99.6	
99.1	79.4	
99.1	89.5	
99.3	99.6	
99.3	89.7	
99.1	69.3	
98.5	79.4	
99.1	99.2	
99.3	89.7	
99.1	89.7	
99.1	89.7	
99.3	89.5	
99.3	89.7	
98.9	89.7	
99.1	79	
98.9	99.6	
99.1	89.3	
99.1	89.5	
96.5	89.3	
98.9	79.6	
89.2	89.7	
98.9	89.5	
99.1	89.5	
99.1	89.7	
99.1	89.7	
98.9	89.7	
98.9	89.7	
98.7	89.7	
78.7	89.7	
88.8	79.2	
99.3	89.7	
99.1	89.7	
99.3	89.5	
98.9	89.7	
99.3	89.7	
99.1	89.3	
98.5	89.7	
99.3	89.5	
98.9	89.7	
99.1	89.7	
99.1	89.7	
88	89.7	
87.6	89.7	
99.1	79.6	
98.9	89.5	
99.1	89.5	
98.9	89.7	
99.3	79.6	
98.5	89.5	
96.9	99.2	
98.9	89.7	
98.9	79.2	
99.1	79.2	
99.1	89.7	
99.1	89.7	
99.3	89.7	
99.3	99.2	
98.9	89.5	
88.8	89.5	
98.9	89.5	
98.7	89.7	
98.5	89.7	
97.7	89.7	
99.3	89.7	
99.3	99.6	
98.9	89.5	
99.3	79.4	
99.3	89.7	
99.1	89.5	
98.9	89.7	
99.1	89.7	
98.9	89.7	
98.9	79.4	
98.5	89.7	
99.1	88.7	
99.1	79.4	
99.1	89.7	
98.9	89.5	
89.4	89.7	
99.3	69.3	
99.3	98.8	
99.1	89.5	
99.1	89.7	
99.3	59.2	
99.1	89.7	
98.9	89.3	
99.3	99.6	
99.1	79.2	
98.1	89.3	
99.1	89.7	
98.9	89.7	
99.3	89.5	
89	89.1	
79.1	88.9	
99.3	89.7	
99.3	89.3	
99.1	79.4	
98.3	89.5	
99.3	89.7	
99.1	89.7	
98.7	89.7	
99.3	89.7	
99.1	89.5	
98.7	89.7	
99.1	89.3	
97.1	79.6	
99.1	89.7	
99.3	89.7	
99.1	89.5	
98.9	99.6	
99.1	89.7	
99.3	89.7	
99.3	89.5	
99.3	89.7	
98.7	69.5	
99.3	89.7	
99.3	99.6	
99.1	89.3	
99.3	89.7	
98.9	89.5	
99.1	79.4	
99.1	89.7	
99.3	89.7	
88.8	79.2	
99.3	89.7	
99.3	89.5	
98.9	89.7	
99.1	89.3	
99.1	89.7	
99.3	89.7	
99.3	89.7	
99.3	89.7	
98.9	89.3	
98.7	89.5	
89.2	99.6	
99.3	89.3	
99.1	89.5	
99.3	99.4	
98.9	89.7	
99.3	89.7	
99.1	89.7	
98.9	89.5	
98.9	89.7	
99.1	79.2	
99.3	79.4	
98.7	89.7	
88.6	89.7	
78.1	89.7	
99.1	89.7	
88.6	89.5	
98.9	89.7	
99.1	89.7	
98.7	89.5	
99.3	89.7	
99.1	89.7	
98.7	89.7	
98.9	89.7	
99.3	89.7	
98.7	69.3	
99.3	88.9	
98.9	89.5	
99.1	89.7	
99.3	79.2	
89	89.7	
98.9	89.7	
97.1	89.7	
99.3	79.6	
99.3	89.7	
98.9	89.7	
98.9	89.5	
98.3	89.5	
88.6	79.4	
98.9	89.5	
99.1	89.7	
98.9	89.7	
99.1	89.7	
99.3	89.7	
97.7	79.4	
98.7	89.5	
98.9	79.4	
98.7	89.5	
99.1	79.4	
99.1	89.3	
98.7	79	
99.1	89.7	
99.3	99.6	
99.3	89.5	
99.1	89.5	
99.1	89.3	
99.1	89.7	
89	89.5	
98.9	89.7	
98.9	89.7	
99.3	89.7	
99.3	89.3	
98.9	89.7	
98.1	98.6	
98.7	89.7	
99.3	89.5	
98.7	89.7	
98.7	89.7	
99.3	79.6	
99.3	89.7	
98.9	79.6	
99.3	89.7	
99.3	89.7	
98.9	99.6	
99.3	89.7	
99.1	89.7	
99.3	99.6	
98.9	89.7	
99.1	79.6	
99.1	89.7	
68.6	89.5	
99.3	89.5	
99.3	79.6	
89.2	89.5	
99.3	69.5	
99.1	79.4	
99.3	89.3	
99.3	89.5	
99.3	89.7	
98.9	89.7	
99.3	89.5	
99.3	89.7	
88.8	49.3	
98.9	68.9	
98.5	89.5	
99.1	79.4	
99.1	89.7	
