89.4	99.6	
78.9	99.2	
88.6	99.2	
89	99.6	
88.8	89.7	
79.3	99.6	
88.8	99.4	
89.2	89.5	
89.4	99.6	
89.2	99.6	
79.1	99.6	
89.4	99.6	
78.1	99.4	
98.9	99.6	
89.4	99.6	
99.1	99.6	
89.4	99.6	
89.4	99.4	
89.4	99.2	
89.4	99.2	
89.2	99.4	
78.9	99.6	
79.3	99.4	
89.4	98.8	
89.2	89.5	
89.4	99.2	
98.9	99.4	
89	99.6	
89.4	99.6	
78.7	99.6	
58.7	99.4	
89.4	99.4	
99.3	99.6	
79.1	99.4	
89	99.6	
89.4	99.6	
89.2	99.4	
89.4	99.6	
79.1	99.6	
89.4	99.4	
89.4	99.6	
69	99.6	
78.7	99.4	
98.5	99.6	
89.4	99.6	
89.2	99.2	
89.2	98.6	
89.2	99.4	
89	99.6	
98.9	99.6	
89	99.6	
89.4	99.2	
78.9	99.6	
99.1	99.2	
89	99.6	
69.2	99.2	
69	99.4	
98.9	89.5	
89.2	99.2	
89	99.6	
89	99.6	
79.3	99.6	
78.5	99.4	
89.4	99.6	
89.2	98.6	
89.2	99.6	
89.2	99.2	
89.2	99.2	
89.2	99.6	
89.4	99.6	
89.2	99.2	
89.4	99.6	
98.9	99.4	
98.9	99.4	
58.9	99.6	
89	99	
79.1	99.6	
78.9	99.6	
79.3	99.6	
89.2	99.6	
78.9	88.5	
89.4	99.2	
89	99.6	
79.1	99.4	
89.2	99.6	
89	99.4	
89.4	99.4	
89.2	99.6	
89	89.5	
88.8	99.6	
89.2	89.5	
89	99.6	
79.1	99.4	
79.1	99.4	
89.2	99.6	
78.9	99.6	
89.2	99.6	
79.1	99.4	
78.9	99.6	
88.8	99.6	
89.2	99.4	
89	99.2	
89.4	99.6	
89.2	99.4	
88.8	99.2	
88.8	89.7	
78.5	99.2	
79.3	99.6	
79.1	99.4	
89.2	99.6	
79.3	99.4	
99.3	99.6	
89.2	79.4	
89.4	99	
68.4	89.5	
89	99.4	
69.2	99.4	
98.9	99.4	
89.4	89.7	
98.9	99.4	
89.2	99.6	
99.3	99.6	
79.3	89.3	
89	99.6	
89	99.6	
89	99.4	
89	99.6	
89.2	99.2	
99.3	99.6	
89.2	79.6	
78.9	99.6	
89.2	99.6	
89.2	99	
89	99.6	
89.4	89.3	
89.4	99.2	
89.4	89.1	
99.3	99.4	
89.4	99.6	
89.4	99.6	
89.2	99	
79.3	99.6	
88.8	99.6	
89.2	99.4	
88.2	99.6	
99.1	99.6	
89.4	99.6	
99.3	89.1	
78.7	99.4	
89.4	89.5	
78.7	99.2	
78.5	99.6	
88.4	99.6	
78.9	99.6	
79.1	89.7	
89.4	99	
89	99.4	
78.9	99.6	
89.4	99.6	
88.8	99.6	
88.8	89.7	
99.1	99.6	
89.4	99.6	
78.5	79.6	
89.2	99.6	
89.4	99.6	
79.1	99.6	
98.9	99.4	
79.3	89.1	
88.8	99.6	
89.4	99.6	
89	99.4	
89.4	99	
89.2	99.6	
98.3	99.4	
79.3	89.3	
89.2	99.6	
78.9	99.6	
89.2	99.6	
89.2	99.4	
89	99.4	
89.2	99.6	
89.2	89.5	
89.2	99.6	
89.4	99.4	
89.4	99	
89	99.4	
88.8	99.6	
99.1	99.4	
89.4	99.2	
78.9	99.4	
89.4	99.6	
99.1	99.6	
69	99.6	
79.3	99.6	
89.4	99.6	
89.2	99	
78.9	99.4	
88.8	99.2	
89.4	99.6	
79.3	99.4	
89.2	99.6	
89.4	89.5	
69.2	99.6	
89	99.6	
79.3	99.6	
99.3	99.6	
88.8	99.6	
89.4	99.6	
79.3	89.7	
89.4	89.7	
89.4	89.7	
89.4	99.6	
89	99.6	
79.3	99.6	
69.2	99.2	
89.2	99.4	
89	99.6	
89.2	99	
78.9	99.2	
89.4	98.8	
79.1	89.5	
99.1	98.8	
89.4	99.6	
89.4	99.6	
98.9	99.4	
79.1	99	
89.2	99.2	
89.4	99.6	
89.4	99.2	
89.4	99.2	
79.3	99.6	
58.9	99.6	
68.8	99.6	
88.8	99.2	
89	99.6	
89.2	89.5	
79.3	99.6	
89	99.4	
99.3	99.6	
89.4	99.6	
89	99.6	
89	99.6	
89.4	99.6	
68.8	99.2	
89	99.6	
98.7	99.4	
78.9	98.8	
79.3	99.4	
79.3	99.6	
89.4	88.7	
88.8	89.5	
88.8	99.6	
89.4	99.6	
89.4	99.6	
79.1	89.7	
89.4	99.4	
89.4	99.2	
89.4	99.6	
79.3	99	
89.2	99.6	
89.2	99.6	
89.4	99.6	
79.1	99.4	
89.2	79.6	
89.4	99.6	
89.4	99.6	
79.3	99.4	
89.4	99.6	
89.2	89.5	
89	99.6	
89.4	99.6	
98.9	79.6	
89.2	99.6	
89.2	99.6	
89.4	99.6	
89.4	98.8	
79.1	99.6	
79.1	99.6	
89.4	99	
79.3	99.6	
89.4	99.6	
89.4	99.6	
89.4	88.9	
89.2	99.6	
89.4	99.4	
69.4	99.4	
89.2	99.6	
79.3	99.2	
78.7	99.4	
89.4	99.2	
99.3	99.6	
79.3	99.4	
79.3	99.4	
89.4	99.6	
78.9	99.2	
89.2	99.6	
89.2	99.6	
89.2	99.6	
89	99.6	
98.9	89.7	
89.4	99.6	
89.2	99.4	
69	99.2	
89.4	99.4	
88.8	99.4	
89.4	99	
88.8	99.6	
98.5	99.2	
89.4	99	
89.4	99.6	
89.4	99.2	
98.9	99.4	
89.2	99.4	
89.2	99.6	
99.3	99.6	
79.3	99.6	
89.4	99.4	
68.8	99.6	
78.9	88.3	
89.4	99.6	
89	99.6	
89.2	99.6	
79.3	99.6	
89.2	99.6	
89.4	99.4	
89	99.6	
89.4	99.4	
99.1	99.4	
89.2	99.6	
89	99.4	
89.4	99.6	
89.4	99.4	
89.4	99.6	
89.4	99.6	
99.3	99.6	
89.4	99.6	
89.2	99	
88.8	99	
89.2	99.6	
69.2	99.6	
89.4	99.6	
89.4	99.4	
99.3	99.6	
99.1	99.6	
89.2	99.2	
89.4	99	
78.7	99.6	
88.8	99.6	
89.2	99.6	
89.2	89.1	
79.3	99.6	
79.1	99.4	
99.3	99.2	
89.4	99.6	
89.2	99.6	
89	99.6	
89.4	99.4	
58.5	98.8	
89	99.6	
89.4	99.6	
79.1	99.6	
88.8	99.6	
89.4	98.6	
89.2	89.7	
98.9	99.6	
89.2	99.6	
89	88.7	
89.4	99.6	
98.7	89.7	
89.4	99.6	
89.4	99.6	
99.3	89.5	
88.8	99.6	
89.2	99.2	
89.2	99.6	
79.1	99.6	
89.2	99.6	
89.4	99.2	
89	99.2	
79.1	99.2	
89.4	99.2	
89.2	99.6	
99.1	99.2	
89	99.4	
89	99.6	
57.7	99.6	
99.3	99.6	
89.2	99.2	
89	99.4	
98.9	99.2	
89.4	99.6	
89	99.4	
89.4	99.4	
89.2	99.4	
89	99.6	
89.4	99.6	
89.4	99.2	
89.4	99.4	
89.2	99.6	
99.1	99.4	
69.2	99.6	
99.3	99.6	
79.3	89.5	
78.9	99.6	
89.4	99.4	
89.4	99.4	
89.4	98.2	
89.4	99.6	
79.3	99.6	
89.2	99.6	
88.8	99.6	
78.9	99.4	
89.4	99.6	
89.4	99.6	
99.3	99.6	
89.2	99.6	
89.4	99.6	
89	99.4	
89.2	99.6	
89.4	99.6	
89	99	
89.2	99.6	
99.1	99.2	
79.3	99.4	
89	99	
89.4	99.6	
89	99.4	
89.4	99.6	
88.6	99.4	
89	99	
89.2	99.6	
89.4	99.6	
89.4	99.6	
89.2	99.6	
79.1	99.4	
98.7	99.4	
89.4	99.6	
79.3	99.6	
89	89.1	
99.3	99.6	
78.9	79.6	
89.4	99.6	
89.2	99.6	
89	99.6	
89.4	99.6	
88.6	89.1	
89	99.6	
89.2	99	
78.9	99.4	
89.2	99.6	
69.2	99.4	
89.4	99.6	
89.2	89.5	
99.3	99.4	
78.9	99.6	
89.4	99.6	
88.4	99.2	
89.2	99.6	
68.6	99.4	
89	89.5	
89.2	99.2	
88.8	99.4	
79.3	99.6	
89.2	99.6	
69	99.6	
79.3	99.6	
98.5	99.4	
89	99.6	
89.4	89.7	
89.2	99.6	
99.1	68.1	
89.4	99.6	
89.4	99.4	
89.2	99.4	
69	99.6	
99.1	88.9	
89	89.1	
89.4	99.2	
89.4	99.4	
89.4	99.2	
89	99.6	
99.3	99.6	
69	99.6	
89.4	99.6	
89.4	98.8	
88.8	99.6	
88.6	99	
89.2	99.6	
89	99.6	
89.4	98.8	
89.2	99.4	
89.2	99.6	
99.1	99.4	
89	99.6	
79.3	99.6	
88.8	99.4	
89.4	99.6	
89.4	99.6	
89.4	99.6	
89.4	99.6	
98.9	99	
89.2	99.6	
89.2	99.6	
89	99.2	
89.2	99.6	
89.4	99.4	
99.1	99.6	
89.2	99.4	
49	99.6	
79.3	99.6	
89.2	99.4	
89.4	99.6	
89.4	99.6	
89.2	89.7	
89.2	99.6	
79.1	99.6	
88.8	99.6	
89.4	99.6	
88.8	99.6	
89.4	99.6	
88.8	99.6	
89.4	99.6	
89	99.6	
89.4	99.6	
89.4	99.6	
89.2	99.4	
89.4	99.4	
89.4	89.3	
88.4	99.6	
89.4	99.6	
88.4	89.3	
69	99.6	
89.4	99.6	
89.4	99.6	
89.2	99.4	
89.2	99.6	
89.2	99.4	
89.2	99.6	
89.4	99.6	
78.9	99.6	
38.7	99.6	
89.4	89.5	
99.3	79.4	
89.2	99.6	
89.2	99.6	
69.2	99.6	
89.2	98.6	
88.4	99.2	
89	98.8	
89.4	99.2	
89.2	99.6	
79.1	99.2	
89.2	99.4	
79.3	99.6	
88.6	99.4	
89.2	99.6	
89.4	99.6	
78.9	99	
68.8	99.4	
99.3	99.6	
89.4	68.5	
99.3	99.6	
89.2	99.4	
88.8	99.2	
89.4	99.6	
68.8	99	
89.4	89.7	
89.2	99.6	
98.9	99.6	
89	99.4	
89.2	99.6	
99.1	99.6	
88.8	99.4	
98.9	99.6	
89	99.4	
89.2	99.2	
98.9	99.4	
99.3	99.6	
79.1	99.6	
89.4	99.6	
88.8	99.4	
89.4	89.7	
89.4	99.2	
89.2	99.4	
89.2	99.6	
89.4	99.6	
89.2	99.6	
89.4	99.6	
79.1	99.4	
99.3	89.7	
89	99.6	
89.4	99.6	
98.9	99.6	
99.1	99.6	
88.8	99.4	
69	99.2	
89.2	99.4	
89.4	99.6	
89.2	89.1	
89.4	99.6	
79.1	99.2	
89.4	98.6	
89.2	99.4	
89.2	99.6	
88.8	99.4	
79.3	99.6	
79.1	98.6	
79.1	99.4	
89	98.8	
89.2	99	
89.2	99.2	
89	99.6	
88.8	99.6	
89.2	99.4	
88.6	99.6	
89.4	99.2	
89.4	99.6	
89.2	79.6	
89.4	98.2	
89.2	99.4	
99.1	79.4	
98.7	99.2	
89.2	99.2	
89	99.2	
79.3	99.6	
99.3	89.3	
77.5	79.6	
89.4	99.4	
99.1	79.2	
89.4	99.6	
78.7	99.4	
89.4	99.6	
68.4	99.6	
89.2	89.5	
89.4	99.4	
89.4	99.6	
69	99.4	
69.2	99.4	
89.4	99.4	
89	99.4	
89	99.4	
99.1	99.6	
78.9	89.7	
79.3	99.2	
89.2	99.4	
99.1	87.9	
88.8	99.2	
99.1	99.4	
89.4	99.6	
79.3	99.4	
89	89.5	
89	89.1	
89.4	99.4	
89.4	99.6	
89.2	99.6	
89.4	99.4	
89.2	99.6	
89.2	98.4	
98.9	99.6	
58.9	99.6	
89.2	99.2	
89.4	99.2	
89.2	99.6	
89.4	99.6	
89.2	99.6	
88.6	99.4	
79.3	99	
79.1	99.6	
99.1	99.6	
69	99.2	
89.2	99.2	
88.8	99.4	
89.4	99.6	
89.2	89.3	
99.1	99.6	
89	99.6	
89.2	99.6	
78.9	99.6	
89.4	99.4	
89.4	99.4	
88.8	99.6	
79.3	99.2	
89.4	99.6	
89.2	99.6	
89.4	89.5	
89.4	89.7	
89.4	98.8	
68.8	99.2	
88.8	99.6	
89	99.6	
79.3	88.9	
98.7	99	
79.3	99.6	
89.4	99.6	
98.9	89.5	
89.2	99.6	
79.3	99.6	
79.3	99.6	
98.9	99.6	
89.4	99.6	
89	99.6	
89.4	99.4	
79.1	99.2	
69.2	89.1	
49	99.6	
89.2	89.3	
89.2	99.6	
89	99.4	
68.6	98.4	
78.7	99.6	
89.2	99.6	
88.6	98.8	
89	99.4	
99.3	89.1	
89.4	99	
89.4	99.6	
89.4	99.2	
88.8	99.6	
89.2	89.3	
89.2	99.6	
79.1	99.4	
78.9	79.2	
89.4	99.6	
89.2	99.4	
89.2	99.6	
89.4	99.6	
89.2	99.6	
99.1	99.2	
89.4	99.4	
99.3	88.9	
89	89.7	
88.8	99.4	
89.4	99.6	
89	99.6	
88.6	99.2	
89.4	98.8	
58.9	99.4	
89.4	99.4	
89.4	99.6	
89	99.6	
89.4	99.2	
89.4	99.6	
79.1	99.6	
78.7	79	
89.4	99.6	
99.3	89.5	
89.4	99.6	
89.4	99.2	
89.4	99.2	
99.3	99	
89.4	99.4	
89.2	99.6	
89.4	99.6	
89.2	89.1	
89.2	99.4	
89.4	99.6	
88.8	99.4	
89.2	99.4	
89.2	99.4	
89.4	89.7	
79.3	99.4	
89.2	99.6	
79.3	99.4	
89.4	89.7	
89.4	99.6	
88.6	99.6	
89.2	99.4	
89	99.6	
89.4	99.6	
89	99.6	
89.2	99.6	
89.4	99.2	
89.2	99.2	
78.9	99.4	
79.3	99.6	
88.6	99.4	
89.4	99.4	
89.2	99.2	
79.1	99.4	
78.7	99.4	
89	99.4	
89.4	99.4	
89.4	99.4	
79.1	99.4	
89.4	99.6	
89.2	99.4	
89.2	99.6	
89.4	99.6	
89.4	99.4	
89.4	99	
78.9	99.4	
79.3	99.6	
89	99.6	
89.4	89.7	
89.4	99.6	
79.1	98.8	
79.3	99.6	
59.3	99.4	
98.7	99.4	
89.2	99.4	
89	99.6	
89.4	79	
79.1	99.6	
99.1	99.6	
89.2	89.5	
89.4	99.4	
89.2	99.6	
89.4	99	
68.2	99.6	
88.6	79.4	
88.4	89.5	
79.1	99.6	
89.2	89.7	
79.3	99.6	
79.3	99.6	
89	99.6	
88.8	99.4	
89.2	99.6	
69.2	99.4	
89.2	99.6	
78.9	99.2	
89.4	99.6	
89.2	99.6	
89.2	99.4	
79.1	99.6	
79.3	99.6	
79.3	99.6	
89.4	99.4	
89.4	99.6	
89.2	99.6	
89.4	99.6	
98.9	99.2	
78.9	99.6	
89.4	99	
89.4	99.6	
89.4	99.2	
79.3	99.6	
79.3	98.4	
89.4	99.6	
89.4	99.6	
89.2	99.6	
89.2	99	
78.9	69.1	
79.3	89.5	
89.2	99.6	
89.2	99.6	
99.3	99.6	
89.4	98.8	
79.3	99.6	
89.2	99.6	
89.4	99.4	
89.4	99.6	
89	99.6	
68.8	89.5	
89.2	99.2	
89.2	99.6	
79.1	99.4	
89.4	99.4	
89	99.6	
89	99.2	
89.2	99.6	
79.3	98.8	
89	99.6	
78.5	99.6	
89.4	99.6	
89.4	99.6	
88.6	78.4	
79.3	99.6	
99.3	89.3	
89.2	99.4	
89.2	99.6	
78.9	99.6	
89.2	99.6	
89.2	99.6	
89.4	99.6	
99.3	99.6	
69.2	99.6	
89	99.4	
89	99.6	
89.4	99.6	
89	99.4	
79.3	99.6	
89	99.6	
89.4	99.2	
89.4	99.6	
89.4	99.6	
89	99.4	
98.9	79.6	
79.3	89.5	
89.4	99.6	
89.4	99.4	
88.8	99	
89.4	99.6	
89.4	99.4	
78.9	99.6	
89.2	99.4	
89	99.6	
89	99.6	
89.2	99.4	
79.3	99.6	
89.4	99	
89.4	89.7	
89.4	99.2	
89.2	99.6	
89.4	89.5	
89.4	99.2	
99.3	99.2	
88.8	99.6	
89.4	99.4	
89.2	79.4	
79.1	99	
89	99.6	
89.4	89.3	
98.7	99.6	
89.2	99.6	
79.3	99.6	
89.4	99.6	
59.3	88.7	
88.6	99.4	
89.4	99.4	
89.4	99.6	
98.7	99.4	
79.1	89.3	
48.6	89.1	
89.2	99	
89	99	
89	99.2	
98.5	99.6	
88.8	99.6	
98.7	99.4	
89.4	99.4	
89.4	99.6	
79.3	79.6	
99.1	99.6	
89.4	99.6	
89.4	99.4	
68.8	99.6	
89.2	99.4	
89.4	99.2	
89.4	99.6	
89.4	99.2	
89.4	89.5	
89.4	99.6	
89.2	99.4	
89.4	99.6	
89.4	99.6	
88.8	79	
89.2	89.5	
89.4	99.4	
79.1	99.6	
89.4	99.4	
89	99.4	
88.6	99	
88.8	99.4	
89.2	99.4	
89	99.6	
89.2	89.7	
98.7	99.6	
89.4	99.2	
89.4	89.5	
89.2	99	
79.3	99.6	
89.4	99.6	
79.3	99.6	
49	99.4	
79.3	89.5	
88.4	99.4	
89.2	99.6	
89.2	99.6	
89.2	99.6	
89	99.6	
78.9	99.6	
89	98.4	
89.4	99.4	
99.1	99.6	
89.4	99.4	
89.4	99.4	
89.2	99.6	
89.4	89.1	
88.4	99.2	
89.4	99.6	
89.2	99.4	
89.4	99.4	
89.4	99.6	
89.4	99.6	
88.8	99.6	
89	99.4	
99.1	99.6	
89.4	99.6	
89	99.4	
79.3	99.6	
99.1	99.6	
78.3	99.6	
99.1	89.3	
78.9	89.1	
89.4	99.6	
79.1	99.6	
79.3	99.6	
89.2	99.6	
