99.1	99.4	
89.4	99.4	
98.9	99.6	
99.3	99.6	
98.9	89.3	
79.1	89.3	
99.1	98.6	
99.3	99.4	
99.1	89.5	
99.3	79.4	
98.9	99.6	
88	88.9	
99.1	98.8	
99.3	99.6	
98.7	99	
98.1	99.4	
99.3	99.4	
98.7	98.8	
99.1	89.1	
99.1	99.6	
98.9	89.3	
99.1	99.6	
98.7	99.4	
88.6	99.4	
98.7	99.6	
99.1	99.4	
98.7	99.2	
99.3	99.2	
98.9	99.6	
88.6	99.6	
99.3	99.4	
99.1	98.6	
98.7	99.6	
99.3	99.2	
98.7	99.4	
99.1	98.8	
98.9	99.6	
98.7	99.4	
97.7	99.4	
88.4	89.5	
98.3	99.6	
99.1	99.2	
97.5	99.6	
99.3	89.5	
99.1	99.6	
99.1	99.6	
98.3	99.6	
98.9	89.1	
99.3	89.7	
99.1	99.6	
99.3	99.4	
98.9	99	
98.7	99.4	
98.5	99.6	
99.1	99.2	
99.1	99.6	
99.3	99.6	
99.1	99	
98.5	99.6	
98.9	99.6	
98.7	99.6	
99.3	99.4	
98.9	99.4	
98.7	99.6	
89	89.5	
98.7	88.9	
99.1	99.6	
98.9	99.6	
99.1	89.3	
99.1	99.4	
98.3	99.6	
98.5	99.6	
99.3	99	
98.3	99.2	
99.1	99.6	
98.7	99.6	
99.1	99.6	
99.1	99.6	
98.5	89.5	
98.7	99.6	
99.1	89.3	
89.4	99.6	
99.3	99.6	
99.1	99.6	
98.5	79.2	
99.3	99	
98.5	99.4	
98.5	89.7	
87.8	89.7	
98.3	99.6	
98.7	99.6	
98.9	89.3	
99.1	99.6	
98.9	99.6	
99.1	89.5	
88	99.4	
99.3	99.2	
89	98.6	
99.3	99.6	
99.1	99.6	
98.9	99.6	
89.2	99.6	
99.1	99.2	
99.1	99.4	
88.6	89.1	
98.7	99.2	
98.7	99.6	
98.9	98.8	
98.9	89.7	
99.1	99	
98.9	99.6	
98.9	98.8	
87.4	99.6	
99.1	99.6	
99.1	99.6	
99.1	99.6	
97.9	99.6	
99.1	99.4	
99.3	99.6	
99.1	99.4	
98.7	99.4	
98.7	69.3	
97.7	99.6	
98.9	99	
99.1	99.4	
98.9	99.4	
99.3	89.7	
89.4	99.6	
99.3	99.4	
99.3	99.2	
99.3	99.4	
98.9	99.2	
99.3	99.6	
99.3	89.1	
98.1	99.4	
99.3	99.4	
98.9	99.6	
99.1	99.6	
99.1	99.4	
99.1	99.6	
97.9	89.7	
98.5	89.5	
99.3	99.4	
98.9	99.4	
98.7	89.7	
99.3	99.6	
98.5	99.4	
98.9	99.4	
97.7	99.4	
87	99.6	
97.5	99.6	
99.3	99.4	
98.1	99.6	
88.8	99.6	
98.1	99.6	
98.5	99.2	
98.5	99.4	
99.1	99.2	
89.4	89.5	
99.3	99.2	
98.7	99.4	
98.7	99.6	
99.1	99.6	
98.9	99.6	
98.9	99.4	
98.3	99.6	
98.7	99.6	
97.9	99.6	
98.3	79.4	
98.9	99.4	
99.1	99.4	
98.9	99.4	
99.3	99.2	
98.9	88.9	
98.7	98.8	
79.3	99.6	
98.7	99.6	
98.9	99.4	
99.1	99.6	
98.9	99.6	
78.9	99.6	
98.3	99.6	
98.5	89.5	
99.3	98.8	
99.1	99.6	
99.3	99.2	
99.3	99.6	
98.9	99.6	
99.3	99	
98.3	99.4	
99.1	99.6	
99.1	99.4	
98.7	99.6	
98.7	88.9	
99.1	99.4	
98.7	98.4	
98.7	99.4	
99.3	99.4	
98.7	98.8	
99.1	89.3	
99.3	99.6	
98.9	98.8	
88.2	99	
99.1	99	
99.1	89.7	
99.1	99.6	
89	88.7	
98.3	89.7	
99.1	99.6	
99.1	89.1	
89.2	99.6	
98.5	99.6	
89	99.4	
99.1	89.7	
99.3	89.5	
99.1	99.6	
99.1	99.4	
98.7	89.7	
99.1	99.4	
89.4	99.6	
88.4	99.6	
99.3	89.7	
98.9	99.4	
99.1	99.6	
99.3	99.6	
98.1	99.2	
98.7	99.6	
99.1	99	
99.3	99.6	
97.9	99.2	
99.1	99	
98.5	99.4	
99.3	99.6	
98.7	99.6	
99.3	99.4	
99.3	99.4	
98.9	99.6	
98.9	99.6	
99.1	99.2	
99.1	99.6	
99.1	89.5	
98.7	99.2	
89.4	99	
98.9	99.6	
98.5	89.1	
98.9	98.6	
99.1	79.2	
99.1	99.6	
98.7	99.6	
98.1	99.6	
98.5	79	
98.5	99.6	
68.6	99.2	
99.1	99.6	
98.7	99.6	
98.9	79	
98.3	98.8	
98.3	99.6	
99.1	99.4	
99.3	98.8	
99.1	99.4	
99.3	89.7	
99.3	89.3	
89.4	89.3	
98.5	99.6	
98.9	99.4	
98.9	99.6	
89.2	99.6	
99.1	99.6	
99.1	99.6	
99.1	99.6	
99.3	99.6	
99.1	89.3	
99.1	89.1	
89.4	99.2	
89.4	99.4	
98.7	89.5	
98.9	89.7	
99.1	89.5	
99.3	99	
69.2	99.6	
97.3	99.2	
88.6	89.1	
99.1	99	
99.1	99.6	
98.7	99.6	
99.1	99.6	
98.7	99.6	
99.3	99.6	
89	98.8	
99.1	99.4	
99.1	99.4	
99.3	88.7	
79.3	79.6	
98.5	99.6	
99.1	88.9	
99.3	89.7	
98.9	89.7	
98.7	99.4	
97.3	99.6	
98.7	99.6	
88.6	99.2	
99.3	99.6	
99.3	99.4	
98.9	99.2	
97.9	99.2	
98.9	99.6	
98.5	99.6	
98.3	99.4	
99.1	99.4	
98.5	99.4	
98.9	99.6	
99.1	99.6	
89.2	99	
99.1	88.9	
98.5	99.4	
99.3	99.6	
98.3	98.8	
88.8	99.4	
98.9	99.6	
99.3	69.1	
89.4	89.7	
99.3	99.2	
98.5	99	
98.5	99.2	
99.1	99.6	
99.3	89.7	
99.3	99.6	
99.3	99.4	
97.9	99.6	
98.9	99.6	
78.3	99.2	
99.3	99.6	
98.9	89.3	
98.9	99.6	
98.7	99.6	
99.1	98.8	
99.3	79.2	
99.3	89.5	
98.9	99.6	
98.7	99.6	
98.9	89.3	
99.3	99.2	
98.9	99.4	
68	99.4	
99.3	99.4	
89	99.6	
99.3	99.6	
98.1	99.6	
98.9	89.1	
99.3	89.7	
98.9	99.6	
67.8	99.4	
98.9	99.6	
98.7	99.4	
98.7	89.3	
99.1	98.8	
77.7	99.6	
98.9	99.4	
89	89.1	
99.3	99.6	
88.8	99.4	
99.1	99.6	
88.6	99.2	
99.3	99.6	
99.3	89.5	
98.7	89.5	
98.9	99.2	
98.7	99.2	
99.1	99.4	
79.1	98.8	
98.7	99.4	
98.7	89.7	
99.1	89.1	
98.9	99.6	
99.3	78.8	
99.1	99.6	
98.9	99.6	
88.8	99.6	
99.1	89.3	
98.9	99.4	
99.3	89.5	
99.1	99.4	
99.1	99	
98.9	99.6	
99.1	99.2	
99.1	99.6	
89.4	99.6	
99.1	99.6	
99.3	99.6	
99.1	99.4	
99.1	89.1	
99.1	99	
99.1	89.7	
98.5	99	
99.3	88.9	
98.9	89.3	
99.1	88.7	
99.1	99.4	
99.1	99.4	
99.1	99.4	
98.9	99.2	
98.7	89.5	
98.5	99.2	
99.1	99.4	
99.3	89.7	
89.4	79.2	
99.1	99.6	
99.3	99	
88.4	99.6	
98.7	99.6	
98.7	99.4	
98.9	99.6	
99.3	89.7	
98.5	99.6	
98.7	99.2	
99.3	89.5	
99.3	99.6	
98.1	89.5	
99.1	99.4	
99.1	99.6	
99.1	99.4	
88.4	89.7	
98.7	89.5	
99.1	99.2	
99.1	99.6	
98.7	99.4	
98.9	99	
99.3	89.5	
98.7	99.6	
99.1	99.2	
99.1	99.6	
99.1	99.6	
98.3	99.4	
98.9	89.3	
99.3	89.7	
98.7	99.6	
99.3	79	
68.8	99.6	
99.3	99.2	
98.5	99.6	
99.3	89.7	
98.7	89.7	
98.1	79.2	
99.1	99.6	
99.3	99.4	
98.7	99.6	
89.2	88.5	
98.7	79.6	
88.4	99.6	
98.5	99.6	
88.8	99.6	
87.6	99.6	
98.5	79.2	
99.3	99.6	
89	99.2	
98.5	99.4	
99.3	89.5	
99.3	89.5	
99.3	99.6	
89.4	99.6	
98.7	99.6	
99.3	99.2	
89.2	99.6	
98.9	79.6	
98.7	99.6	
98.9	98.4	
99.1	89.7	
98.7	99.6	
89	99.6	
99.1	99.4	
89.2	79.6	
99.1	89.3	
98.7	98.2	
87.8	99.2	
98.5	99.4	
99.1	99.4	
99.1	99.4	
98.9	99.6	
99.1	99.6	
97.9	89.3	
99.3	99	
98.7	99.2	
89	99.4	
99.1	89.5	
99.3	99.6	
99.1	98.8	
98.5	89.5	
99.1	99.4	
98.9	98.8	
99.3	99.4	
98.9	99.6	
98.9	89.7	
99.1	99.4	
98.7	99.6	
99.3	99.6	
98.1	89.7	
99.3	89.7	
99.3	99.2	
99.1	99.4	
99.3	99.6	
99.3	89.5	
99.3	99.6	
99.3	79.2	
99.3	99.4	
99.1	99.4	
98.7	99.6	
98.3	99.6	
99.3	99.4	
98.9	99.4	
99.3	98.8	
99.3	98.8	
99.1	99.6	
99.1	98.4	
98.5	99.6	
99.1	99.4	
99.1	99.2	
99.3	99.2	
98.7	88.9	
99.3	99.4	
99.1	99.2	
99.3	99.6	
99.1	89.5	
98.9	99.2	
88.4	89.3	
89.2	99	
99.3	89.7	
98.7	99	
99.1	99.4	
98.1	99.6	
99.1	99.4	
99.1	99.2	
99.1	99.6	
88.6	99.6	
99.1	98.8	
98.9	99	
98.3	99.6	
98.7	89.7	
98.7	89.3	
98.7	99.6	
99.1	99.4	
89.4	89.7	
99.1	99.4	
99.3	99.6	
99.1	89.7	
99.1	99.6	
98.7	89.7	
99.1	99	
98.5	99.6	
98.9	89.5	
98.9	89.5	
99.1	99.6	
89	99.6	
88.4	89.7	
99.3	99.4	
98.9	99.2	
98.7	89.3	
99.1	99.6	
98.9	99.4	
98.7	99.4	
99.1	99.2	
98.7	99.6	
98.1	99	
99.1	89.7	
89	99.6	
99.1	99.6	
89.4	99.2	
89.2	99.6	
98.9	99.2	
87.6	99.6	
98.7	78.6	
99.1	99.6	
99.1	99.6	
99.3	99.6	
99.3	99.6	
99.1	99.6	
98.9	99.6	
88.4	99.4	
98.9	99.6	
98.7	99.4	
99.1	99.6	
99.1	99.4	
78.9	99.6	
98.5	99.2	
89.4	99.6	
98.5	99.4	
98.5	89.5	
99.1	99.2	
98.5	89.5	
98.7	98.8	
97.3	99.6	
98.5	99.2	
99.3	89.3	
99.1	99.6	
78.9	99.4	
88.6	99.2	
98.5	99.6	
99.3	98.6	
99.1	99.2	
88.4	89.7	
88.2	99.6	
98.5	99.6	
98.7	99.6	
98.9	99.4	
97.9	99.2	
99.1	99.4	
89.2	99.4	
99.3	98.6	
98.7	99.6	
98.3	98.6	
99.3	98.8	
98.9	99.4	
87.8	99.6	
99.1	99.6	
99.3	99.6	
98.9	99.4	
99.1	89.3	
89	89.7	
99.1	99.6	
98.9	99.2	
99.3	99.4	
98.3	89.5	
99.3	99.6	
99.3	89.5	
98.7	89.5	
98.3	99.6	
99.3	99.6	
98.5	99.6	
99.1	99.6	
99.3	99.6	
99.3	99.4	
98.7	98.6	
99.1	89.7	
98.9	99.6	
97.7	99.6	
98.9	99.2	
99.3	99.6	
99.3	99.4	
99.3	99.6	
98.5	99.4	
99.3	99.2	
99.1	99.6	
99.1	99.6	
98.9	99.4	
98.9	99.4	
98.9	99.2	
99.1	89.7	
98.5	99.6	
89	99.6	
88.6	99.4	
98.9	99.6	
98.9	89.5	
99.3	99.4	
99.1	99.6	
99.1	99.2	
98.5	99.4	
98.9	89.5	
98.5	99.2	
78.9	99.4	
98.9	99.6	
69.4	99.6	
98.9	99.4	
98.9	99.2	
99.3	99.2	
99.3	98.8	
98.3	99.6	
98.7	79.2	
99.3	89.3	
98.7	89.7	
98.7	99.6	
99.3	89.5	
99.3	99.4	
86.2	99	
98.9	99.6	
97.9	99.6	
97.9	68.5	
98.7	98.4	
98.9	99.6	
98.9	99.6	
98.9	89.7	
99.3	98.8	
98.9	89.5	
97.9	99.6	
98.9	99.2	
98.9	99.4	
99.1	99.6	
98.9	99.2	
98.5	99.4	
99.1	99.4	
99.3	99.2	
98.9	99	
98.9	99.6	
97.7	99	
99.3	89.7	
99.3	99.6	
99.3	98.8	
98.7	99.4	
99.3	99.4	
98.7	88.5	
89.2	88.9	
98.5	99.4	
99.1	99.6	
98.9	99.6	
98.9	99.4	
98.9	99.6	
98.9	99.4	
99.1	99.6	
88.8	79.2	
98.9	89.5	
98.9	99.6	
98.7	99.6	
99.3	99.6	
99.3	98.8	
98.9	99.6	
98.7	99.6	
98.5	99.6	
98.7	99.4	
99.3	99.4	
99.3	98.4	
98.9	99.6	
99.1	89.3	
99.1	99.2	
99.3	99.2	
98.3	99.4	
98.5	98.8	
98.5	99.6	
98.5	89.7	
99.1	99.6	
99.3	99.4	
98.7	89.5	
99.3	99.6	
96.7	99.6	
88.4	97.6	
98.9	99.6	
99.3	99.6	
98.5	98.8	
99.3	99.6	
99.1	99.6	
98.3	99.6	
58.5	99.6	
99.1	68.9	
98.7	99	
99.1	99.2	
98.7	89.3	
98.9	89.5	
98.7	99.4	
99.1	98.8	
99.1	99.2	
98.5	99	
88.8	89.3	
99.1	99.4	
99.3	98.6	
98.9	99.6	
98.7	99.2	
99.3	89.7	
99.1	99.6	
98.9	99.4	
98.9	99.4	
99.3	99.4	
98.3	99.4	
99.3	99.6	
99.1	99.4	
98.7	99	
99.3	99.6	
98.9	99.2	
98.9	79.6	
97.5	99.6	
99.1	98.6	
98.3	99.4	
99.3	99.6	
98.7	99.6	
99.3	99.2	
79.1	99.6	
99.3	99.2	
99.3	99.4	
98.7	99.2	
99.1	99.6	
99.3	89.1	
88	99	
98.7	99.6	
79.1	99.2	
98.7	99.6	
88.8	89.5	
79.5	99.4	
99.1	89.5	
98.5	99.6	
98.3	99.6	
99.1	89.7	
99.3	98.8	
99.3	98.8	
99.1	99.4	
98.7	79.4	
98.3	99.6	
97.5	89.5	
99.1	89.7	
99.1	89.7	
77.1	99.6	
98.9	99.6	
99.1	99.4	
99.3	79.6	
99.1	99.6	
98.9	99.4	
89	89.3	
99.1	89.5	
99.3	99.4	
98.9	99.6	
98.1	98.8	
58.5	99.6	
99.1	89.7	
98.7	89.3	
98.9	89.3	
99.3	99.6	
99.1	99.6	
89.2	99.6	
99.1	89.5	
99.3	69.1	
99.1	99.6	
99.1	89.1	
99.1	99.6	
99.1	99.6	
99.3	99.2	
98.9	89.7	
98.1	99.4	
99.3	88.9	
99.3	98.8	
98.9	99.6	
98.1	79.4	
98.5	99.2	
99.3	99.6	
99.1	98.6	
99.3	99.4	
97.5	99.6	
98.3	98.8	
98.7	99.4	
98.9	89.5	
99.3	89.5	
98.9	89.3	
89.2	99.2	
99.3	99.4	
99.1	99.2	
99.1	99.2	
99.3	99.6	
89.4	99.6	
99.1	99.4	
99.3	89.5	
98.5	89.5	
98.9	99.6	
99.3	99.4	
98.1	99.4	
98.9	99.6	
97.7	99.4	
99.3	99	
99.3	99.4	
98.9	99.6	
99.1	99.4	
99.1	99.6	
99.3	99.6	
98.3	99.4	
99.3	99.4	
98.5	99.6	
99.3	99.4	
99.3	99.6	
99.1	89.1	
98.9	99.6	
98.9	99.6	
98.9	89.3	
97.3	89.1	
99.3	88.7	
98.3	97.4	
99.1	79.6	
98.9	99.6	
99.1	99.4	
99.1	99.6	
99.1	99.6	
98.9	99.6	
98.9	99.4	
98.7	99.4	
99.1	89.3	
99.1	89.5	
99.1	99.2	
98.9	99.6	
99.3	99.6	
99.1	99.6	
99.1	99.4	
99.3	89.7	
98.9	99.6	
99.3	99.4	
99.1	89.7	
88.6	99.6	
97.9	99.6	
98.7	99.4	
99.3	99.4	
99.1	79.6	
98.9	99.6	
98.1	98.8	
96.3	99.4	
99.1	99.6	
99.3	79.4	
99.3	99.2	
98.9	89.7	
99.1	89.7	
98.9	99.6	
99.3	99.4	
99.3	99.4	
99.1	99.6	
99.3	99.6	
98.9	89.3	
98.9	99.6	
99.1	88.9	
98.7	99.6	
98.9	99.6	
98.5	89.5	
78.9	99.6	
97.9	99.6	
99.1	99	
99.1	99	
88.8	99.6	
99.1	89.7	
99.3	99.6	
98.7	99.4	
97.5	99.6	
99.1	99.4	
99.3	99.6	
99.1	99.6	
99.3	99.6	
89.2	99.6	
99.3	99.6	
99.1	99.6	
89.4	99.6	
98.7	99.4	
99.3	99	
98.5	99.2	
99.1	99.6	
99.3	99.4	
98.7	99.4	
97.7	99.2	
98.7	99.4	
99.1	99.4	
98.9	99.6	
79.1	89.5	
99.1	99.2	
98.9	88.7	
99.1	99.6	
99.3	89.5	
89.2	99.4	
99.1	99.4	
98.9	99.4	
98.9	98.8	
98.9	99.2	
98.7	99.4	
99.1	99.6	
98.9	99.6	
99.3	99.6	
98.5	99.4	
98.7	99.4	
98.9	99.4	
99.1	99.6	
99.1	79.6	
98.5	99.6	
99.3	99.6	
98.7	89.5	
99.3	99.4	
99.1	99.6	
98.9	98.8	
98.9	99.6	
99.1	88.9	
99.1	99.4	
99.3	99.6	
89.2	89.7	
99.1	99.4	
98.7	99.6	
98.3	89.1	
99.3	99.6	
98.3	99.2	
98.9	99.2	
99.3	99.6	
99.3	99	
98.9	89.5	
88.8	99.6	
78.1	89.3	
99.3	99.4	
98.5	99.6	
88.8	89.3	
98.9	99.6	
99.1	89.3	
68	99.4	
99.3	99.2	
99.3	88.7	
69.2	89.7	
98.9	88.9	
99.3	99.2	
99.3	98.2	
99.1	98.2	
98.1	99.4	
98.7	99.6	
98.9	99.6	
98.7	99.2	
99.3	99.6	
98.9	99.4	
89.4	99.6	
