99.3	99.6	
99.3	99.6	
99.1	99.6	
99.1	99.6	
99.1	99.4	
99.3	99.6	
88.6	99.2	
99.3	99.4	
98.9	89.1	
99.1	99.6	
98.9	98.8	
99.1	99.6	
99.3	99.6	
99.1	99.6	
99.3	99.4	
98.9	89.5	
99.3	89.5	
99.3	99.6	
98.9	99.6	
99.1	99.6	
78.3	99.6	
99.3	99.6	
99.1	99.4	
89	99.6	
99.1	99.6	
99.3	99.6	
99.1	99.6	
99.1	99.6	
99.3	99.6	
99.3	99.6	
99.1	99.6	
99.3	99.6	
99.3	99.6	
89	99.6	
89	99.4	
99.1	99.6	
99.3	99.6	
99.1	99.6	
99.3	99.6	
99.3	99.6	
99.3	99.6	
87.6	89.5	
99.3	99.6	
99.3	89.5	
98.7	99.4	
99.3	99.6	
99.3	99.4	
99.3	99.2	
88.6	99.4	
99.3	99.6	
99.3	99.6	
99.3	99.6	
99.3	89.1	
99.3	99	
98.9	99.6	
89.4	98.6	
88.4	99.6	
99.3	99.6	
99.3	99.4	
89.4	99.6	
98.9	99.6	
99.3	99.4	
99.1	99.6	
99.3	99.6	
98.9	99.6	
99.3	99.6	
99.3	99.6	
99.1	99.6	
99.1	99.6	
98.9	99.4	
99.1	99.6	
99.3	99.4	
78.3	99.2	
99.3	99.6	
99.1	99.4	
98.7	99.6	
99.3	99	
99.3	99.6	
99.3	99.6	
99.1	99.4	
99.1	99.6	
99.3	99.6	
89.2	99.4	
99.3	99.6	
98.9	99.2	
98.9	99.4	
99.3	99.6	
98.9	99.6	
89	99.4	
99.3	99.6	
99.3	99.6	
99.3	99.6	
99.3	89.5	
99.1	99.6	
99.3	99.6	
89.2	99.6	
99.1	99.6	
99.3	99.6	
99.3	99.6	
98.9	99.6	
99.1	99.6	
99.3	99.6	
87.8	99.6	
99.1	99.6	
99.3	99.2	
99.1	99.2	
99.3	99.6	
99.1	99.6	
99.3	98.8	
99.3	99.4	
99.3	99.2	
87.8	99.6	
99.3	99.4	
99.1	88.5	
87.8	99.6	
99.3	99.4	
99.3	99.6	
99.1	99.6	
99.3	99.6	
98.5	99.6	
99.3	99.6	
88.4	89.3	
99.3	99.6	
99.3	99.2	
99.3	99.6	
99.1	99.6	
99.1	99.6	
99.1	99.6	
99.3	86.7	
99.1	99	
99.1	99.6	
98.9	99.6	
99.3	99.6	
99.1	99	
99.1	99.2	
99.1	99	
99.3	99.6	
99.3	99.6	
99.3	99.6	
89	99.4	
99.3	99.6	
99.1	99.6	
98.9	99.6	
99.3	99.6	
98.5	99.4	
99.3	99.6	
99.3	99.6	
99.3	99.6	
98.5	99.2	
99.3	99.6	
99.1	99.4	
99.3	99.6	
99.3	99.6	
99.1	99.6	
99.3	99.2	
99.1	99.6	
99.3	99.4	
99.3	99.6	
99.3	99.4	
98.9	99.2	
99.1	99.4	
99.3	99.4	
98.9	99.6	
99.3	99.6	
99.3	99.6	
98.7	99.2	
99.3	99.4	
98.9	99.6	
98.5	99.6	
98.9	99.6	
99.1	99.6	
89	99.4	
99.3	99.6	
99.3	99.6	
99.1	99.6	
99.1	99.6	
99.3	99.6	
99.1	99.4	
99.3	99.4	
99.1	99.6	
88.2	99.6	
99.3	99.6	
99.3	99.6	
68.4	99.6	
99.3	99.4	
89.2	99.6	
89	99.6	
99.3	99.6	
78.1	99.6	
88.8	99.6	
88.8	99	
79.1	99.6	
99.3	99.4	
99.1	99.6	
88.6	99.6	
99.3	99.6	
89.2	99.2	
99.1	99.6	
89	99.6	
99.3	89.1	
99.3	99.6	
98.9	89.5	
99.1	99.6	
68.2	99.6	
98.9	99.4	
87.8	98.6	
99.3	99.2	
89	99.6	
99.1	99.4	
99.3	99.4	
99.3	99.2	
99.3	99.4	
99.1	99.6	
99.1	99.4	
99.3	99.6	
99.3	99.4	
99.1	99.6	
99.3	99.6	
99.3	99.6	
98.5	99.4	
99.3	99.6	
98.7	99.4	
99.1	99.6	
98.9	99.6	
99.3	99.4	
99.1	99.6	
99.3	99	
87.8	99.4	
98.3	99.6	
78.1	99.6	
99.3	99.6	
99.1	99.4	
89	99.6	
99.3	99.6	
99.3	99.4	
99.1	99.6	
99.3	99.6	
99.3	99.6	
98.9	99.6	
98.5	99.6	
99.3	99.6	
99.1	99.6	
99.3	99.4	
89	99.4	
98.9	99.6	
99.1	99.6	
99.3	99.4	
99.3	99.2	
88	98.8	
98.9	99.6	
99.3	99.6	
98.9	89.5	
99.3	99.6	
99.3	89.3	
98.9	99.4	
98.9	99.6	
98.9	99.4	
99.3	99.6	
78.7	99	
98.3	99.4	
78.1	99.6	
99.3	99.4	
99.3	99.6	
99.1	89.5	
98.9	99.4	
99.1	99.6	
98.9	99.2	
99.1	99.6	
99.3	99.6	
99.3	99.6	
99.3	99.6	
78.5	99.4	
99.3	89.5	
98.9	99.6	
99.1	99.6	
99.3	99.4	
98.9	89.3	
99.3	99.6	
99.3	99.6	
99.3	99.6	
98.9	99.6	
99.1	99.6	
99.1	98.8	
99.3	99.6	
99.3	99.6	
99.3	99.4	
99.3	99.4	
99.1	99.2	
99.3	99.6	
88.8	99.6	
99.3	99.6	
98.5	99.6	
99.3	99.4	
99.3	99	
89	99.6	
99.3	89.3	
99.1	99.6	
99.1	89.5	
88.2	99.4	
99.3	99.6	
98.5	99.4	
99.1	99.4	
99.1	99.6	
99.3	99.6	
99.3	99.6	
99.3	99.6	
99.1	99.6	
99.1	99.6	
99.3	99.6	
99.3	99.6	
99.3	99.4	
99.3	98.8	
99.1	99.6	
99.3	99.6	
89	99.6	
99.3	99.6	
99.1	99.6	
99.1	89.3	
99.3	99.4	
99.3	99.4	
88.2	99.4	
99.1	99.6	
89	99.2	
98.9	99.6	
99.1	99.6	
99.3	99.4	
77.7	99.6	
99.3	99.4	
99.3	99.6	
89	99.2	
99.1	99.4	
88.4	99.6	
99.3	99.6	
99.3	99.6	
99.1	98.8	
99.1	99.6	
99.1	99.6	
99.3	99.6	
98.9	99.6	
99.3	99.2	
99.3	99.2	
98.9	99.6	
99.3	99.6	
99.1	99.6	
99.3	99.6	
98.5	99.6	
89	99.6	
99.1	99	
99.3	99.6	
99.3	99.6	
98.9	99.6	
98.9	99	
99.1	99.6	
89.2	99.6	
99.3	99.6	
89.2	89.5	
98.9	99.2	
99.3	99.6	
99.1	99.6	
99.1	99.6	
35.5	99.6	
99.1	99.6	
99.1	99.4	
99.3	99.4	
99.3	99.6	
99.3	99.6	
88.2	89.3	
99.1	99.6	
99.3	99.2	
99.3	99.4	
99.3	99.6	
99.3	99.6	
99.3	99.6	
99.3	99.4	
99.3	98.6	
99.3	99.6	
99.1	99.6	
99.3	99.6	
89	99.6	
98.9	99.4	
99.3	89.3	
99.1	99.6	
88.2	99.6	
99.3	99.6	
99.3	99.6	
98.9	99.6	
99.3	99.2	
99.3	99.6	
99.3	99.6	
98.9	99.6	
99.3	99.2	
99.3	99.6	
99.1	99.6	
88.6	99.4	
99.3	99.6	
99.3	99.6	
99.3	99.6	
99.3	99.6	
99.1	99.4	
99.3	99.6	
98.1	99.2	
99.3	99.6	
99.3	99.6	
99.3	99.6	
99.3	99.2	
99.3	99.4	
99.3	99.6	
99.3	99.6	
99.3	99.4	
99.1	99.4	
99.3	99.6	
99.3	79	
99.3	99.6	
98.9	99.6	
99.3	89.5	
98.9	99	
98.9	99.6	
99.1	99.6	
98.9	98.2	
89	99.6	
99.3	99.6	
99.3	99.2	
99.3	99	
99.3	99.6	
99.3	99.6	
98.9	99	
99.3	99.6	
99.3	89.5	
99.3	99.4	
99.3	99.2	
98.9	99.4	
99.3	99.6	
99.1	99	
99.3	99.2	
99.3	98.8	
78.9	99.4	
99.1	99.6	
98.9	99.6	
99.3	99.4	
89	99.6	
98.9	99.4	
99.3	99.4	
99.1	99.6	
98.9	99.4	
99.1	99.6	
99.3	89.7	
89.2	89.5	
99.3	89.3	
89.4	99.6	
68	99.6	
88	99.4	
99.1	99.4	
99.3	99.6	
99.3	99.6	
98.1	99.6	
98.9	99.6	
99.3	99.2	
99.3	99.6	
98.9	99.6	
99.1	99.6	
99.3	99.6	
87.8	98.6	
99.3	98	
99.3	89.5	
99.3	99.6	
99.3	99.6	
99.1	89.7	
99.3	99.4	
99.3	99.6	
98.9	99.6	
86.8	99.6	
89	99.6	
99.3	99.4	
89.2	99.2	
99.3	99	
98.9	99.6	
99.3	99.2	
99.3	99	
99.1	99.6	
99.3	99.6	
99.3	99.4	
99.3	99.6	
99.1	99.6	
98.9	99.6	
99.3	99.4	
98.7	99.6	
99.3	99.2	
98.9	99.6	
99.1	99.2	
99.3	99.6	
98.9	99.2	
99.3	99.4	
99.1	99.6	
99.3	99.6	
99.3	99.4	
99.3	99.2	
89.2	99.6	
99.3	99.6	
99.1	99.6	
99.3	99.6	
99.3	99.6	
98.9	99.2	
98.9	99.6	
99.3	99.6	
98.9	99.6	
98.9	99.4	
89.2	99.4	
99.3	99.6	
98.9	99.6	
99.1	89.3	
99.3	99.2	
99.3	99.6	
99.3	99.6	
99.3	99.6	
88.8	99.4	
89.2	99.6	
98.5	99.4	
99.3	99.2	
99.3	99.6	
98.7	99.4	
98.9	99.4	
99.3	98.2	
98.9	99.6	
99.3	99.6	
99.3	99.6	
88.8	99.6	
99.3	99.4	
99.3	99.4	
99.1	99.6	
98.9	99.2	
99.1	98.6	
78.5	87.9	
99.3	99.6	
99.1	99.6	
99.3	99.4	
99.3	99.6	
99.3	99.6	
99.1	89.5	
88.2	99.4	
98.9	99.6	
99.1	99.6	
99.3	89.5	
99.1	99.4	
98.9	89.5	
98.7	99.6	
99.3	99.6	
99.3	99.6	
99.1	99.2	
99.1	89.5	
89.2	99.6	
99.3	99.4	
99.3	99.6	
99.3	99.4	
99.1	99.6	
98.3	79.4	
88.8	99.6	
99.1	99.4	
99.1	99.6	
99.3	99.2	
99.3	99.2	
89	99.6	
98.9	99.6	
99.3	99.6	
98.3	99.6	
99.3	99.4	
99.3	99.6	
99.3	99.6	
99.1	99.4	
99.1	99.6	
99.3	99.2	
99.1	99.6	
99.3	99.4	
99.3	99.6	
99.1	89.5	
99.3	99.6	
99.3	99.4	
99.3	99.2	
99.1	99.6	
99.1	99.6	
98.9	99.6	
99.3	99.6	
99.3	99.4	
99.1	99.6	
99.1	99.4	
99.1	89.5	
88.4	99.6	
89	99.6	
99.1	99.6	
99.3	89.5	
99.3	99.6	
99.3	99.6	
99.3	99.6	
98.9	99.6	
99.3	99.4	
98.3	99.4	
99.3	99	
99.3	99.2	
99.1	98.6	
99.3	99.4	
99.3	99.2	
99.3	89.1	
99.1	99.6	
99.3	99.6	
99.3	99.6	
99.3	99.6	
99.3	99.4	
99.3	99.4	
98.9	94	
99.3	99.4	
99.3	99.2	
99.3	99.6	
98.7	99.6	
99.3	99.6	
99.3	99.6	
99.3	99.6	
99.3	99.2	
99.1	98.6	
68	99.6	
88.2	99.6	
99.1	99.6	
87.8	99.6	
99.3	99.4	
99.3	99.4	
99.1	98.6	
99.3	99.6	
99.1	99.2	
99.3	99.2	
99.3	89.1	
89.2	88.9	
99.3	99.4	
99.3	99.6	
99.3	99.6	
99.3	99.6	
99.3	99.6	
99.3	99	
98.9	99.6	
99.3	89.7	
99.1	99.6	
98.9	99.6	
89	99.6	
99.3	99.6	
99.1	99.6	
98.9	99.6	
97.3	99.6	
98.9	99.6	
99.1	99.6	
99.1	99.4	
99.3	89.5	
88.8	99.4	
99.3	99.6	
99.3	99.6	
99.3	99.6	
98.7	99.4	
98.9	99.6	
99.3	99.6	
98.9	99.6	
99.1	99.6	
98.7	99	
99.3	99.6	
99.3	99.6	
99.3	99.6	
99.1	99.6	
99.1	99.6	
99.1	99.6	
99.3	99.6	
99.3	99.6	
99.1	99.6	
99.3	99.4	
78.7	99.2	
99.1	99.6	
99.3	99.6	
88.8	99.6	
99.1	99.6	
99.3	99.6	
99.1	99.6	
98.9	99.6	
99.3	99.4	
98.7	99.6	
99.3	99.6	
99.3	99.2	
99.3	99.6	
99.1	99.6	
89	99.6	
99.3	99.6	
99.1	99.6	
99.3	99.6	
99.3	99.4	
99.3	99.4	
98.9	99.6	
99.1	99.4	
78.1	99.6	
87.2	99.6	
99.3	98.8	
99.3	99.6	
89.2	99.4	
98.9	99.2	
99.3	89.5	
99.1	99.6	
98.9	99.6	
99.3	99.4	
88.4	99.6	
99.3	89.5	
98.9	99.4	
78.7	99.6	
99.1	99.6	
99.1	99.6	
99.1	99.4	
99.3	99.6	
88.4	99.6	
99.3	99.6	
77.5	99.2	
98.5	99.2	
99.3	99.6	
99.3	99.6	
99.3	99.6	
99.3	99.6	
98.9	99.6	
99.3	99.6	
99.3	99.6	
99.3	99.6	
67.8	99.6	
98.5	99.4	
88	89.5	
98.7	99.6	
99.3	98.8	
99.1	99.6	
99.3	98.8	
99.1	99.2	
99.1	99.6	
99.3	99.6	
99.3	99.6	
99.3	99.6	
99.1	99.6	
89.2	99	
99.3	99	
88.4	99.6	
88.4	99.6	
98.9	99.6	
99.1	99.6	
99.3	99.6	
98.9	99.6	
99.3	89.5	
57.1	99.4	
98.9	99.6	
99.3	99.4	
99.3	99.6	
99.3	99.6	
99.3	99.6	
99.1	99.6	
98.9	99.4	
89	99.4	
98.9	99.6	
89.2	99.4	
99.1	99.4	
99.3	99.6	
99.3	98.8	
98.9	99.6	
89.2	99.4	
88	89.5	
99.1	99.6	
98.5	99.6	
99.3	99.4	
99.3	99.6	
98.5	99.6	
99.3	99.6	
99.3	99.6	
99.3	99.6	
99.3	99.6	
98.9	99.4	
99.1	99.6	
99.3	99.6	
99.3	99.6	
98.9	99.6	
99.3	99.4	
99.3	99.6	
99.3	99.6	
98.7	99.6	
87.4	99.6	
99.1	99.6	
88.4	99.6	
99.3	99.6	
99.3	98.6	
99.3	99.6	
99.1	99.4	
88.8	99.6	
99.3	99.6	
88.8	88.9	
88	99.6	
99.3	99.6	
78.3	99.6	
99.3	99.6	
98.9	99.6	
99.1	99.4	
89	99.6	
99.1	99.4	
99.3	99.4	
89.2	99.6	
99.3	99.6	
99.3	99.6	
99.3	99.6	
88.2	99.6	
99.3	99.4	
99.3	99.6	
99.3	99.6	
99.1	99.6	
99.3	88.9	
99.1	99.4	
99.1	89.5	
99.1	99.6	
99.3	99.6	
99.3	99.6	
77.1	99.6	
99.1	99.6	
99.1	99.4	
99.1	79.2	
99.1	99.6	
99.3	99.6	
99.3	99.6	
89.2	99.4	
99.1	99.2	
99.3	99.6	
99.3	99.6	
99.3	99.6	
65.4	99	
99.3	89.5	
99.3	99.6	
99.3	99.6	
98.9	88.3	
99.3	99.2	
89.2	99.4	
99.3	99.6	
99.3	99.4	
99.1	99.6	
99.1	99.6	
98.9	99.4	
99.3	99.2	
99.3	99.6	
98.9	99.6	
99.1	99.6	
99.1	99.4	
99.3	99.6	
99.1	99.2	
99.3	99	
99.3	99.6	
78.7	99.6	
99.1	99.6	
99.1	89.5	
89	99.6	
99.1	99.6	
98.1	99.6	
99.1	99.6	
99.3	99.2	
78.9	99.6	
89	99.2	
99.3	99.6	
98.9	99.2	
99.1	99.6	
99.3	99.6	
99.3	99.6	
99.1	99.6	
79.1	99.4	
99.3	99.4	
98.9	98.8	
87.8	99.2	
98.9	99.6	
99.1	99.6	
99.1	99.6	
99.1	99.2	
99.3	99.6	
99.3	99.6	
98.7	99.6	
89	99.4	
89.2	99.6	
99.3	99.6	
99.3	99.6	
99.3	99.6	
99.1	99.6	
98.9	99.6	
99.1	99.6	
99.1	99.6	
99.1	99.6	
99.3	99.6	
99.3	99.6	
99.1	99.2	
99.1	99.6	
99.1	99.4	
98.9	99.2	
99.3	98.6	
88.2	99.6	
99.3	99	
99.1	99.6	
99.3	99.6	
99.1	99.6	
98.9	99.4	
99.3	99.6	
88	99.6	
99.1	99.4	
99.3	89.3	
88.2	99.6	
89.2	99.6	
99.3	99.6	
88.4	99.6	
99.3	99.4	
99.3	99.6	
98.7	99.4	
99.3	99.6	
99.3	99.6	
98.3	99.4	
99.1	99.6	
99.3	99.6	
98.7	99.4	
99.1	99.4	
99.3	99.6	
98.9	99.4	
99.3	99.6	
99.3	99.2	
99.1	99.6	
99.1	99.6	
99.3	99.6	
99.3	99.4	
99.1	99.6	
99.3	99.4	
98.3	99	
78.5	99.6	
99.3	99.4	
98.9	99.6	
99.3	99.4	
99.3	99.6	
99.1	99.6	
98.7	89.5	
99.3	99.6	
99.3	99.6	
99.3	99.6	
99.3	99.6	
99.3	99.6	
99.3	99.2	
98.3	99.6	
99.3	99.6	
88.4	99.6	
99.3	99.4	
99.3	99.6	
99.1	99.6	
99.3	99.2	
99.1	99.2	
99.1	99.4	
78.1	99.6	
99.3	99.4	
99.1	99.6	
99.1	99.6	
99.3	99.6	
99.3	99.4	
99.3	99	
99.1	99.6	
99.3	99.6	
99.3	99.6	
98.9	99.6	
99.3	99.4	
98.9	99.6	
99.1	89.3	
99.1	99.4	
78.7	99.6	
99.3	99.6	
99.1	99.6	
99.3	99.6	
99.3	89.3	
99.3	99.6	
87.8	99.6	
99.1	99.2	
89	99.2	
99.3	99.2	
99.1	99.6	
99.3	99.4	
99.3	99.6	
99.1	99.6	
99.3	99.6	
99.1	98.8	
99.3	99.4	
99.3	99.6	
99.3	99.6	
98.9	99.6	
99.1	99.6	
99.1	99.6	
99.3	99.6	
99.1	99.6	
88.2	99.4	
99.3	99.4	
99.3	89.5	
99.3	99.6	
99.3	99.6	
99.3	99.6	
98.7	98.6	
99.1	99.6	
98.9	99.4	
68.2	99.6	
99.3	99.4	
99.3	99.6	
99.3	99.6	
99.1	99.6	
88.4	99.4	
78.3	99.6	
