78.1	88.9	
98.7	99.6	
99.3	98.8	
99.3	99.4	
99.3	99.6	
99.1	89.5	
99.3	99.2	
59.1	89.1	
99.1	99.2	
98.9	99.6	
99.1	99.4	
98.9	99.6	
98.9	99.4	
99.3	99.6	
98.7	99.6	
99.1	89.7	
99.3	99.6	
99.3	99.6	
99.1	99.2	
99.1	99.6	
98.7	99.4	
99.3	99.6	
99.1	99.6	
99.1	99.2	
99.3	99.6	
98.7	99.6	
98.9	99.4	
99.3	99.2	
98.9	99.4	
99.1	99.2	
98.5	99.6	
98.7	99	
98.1	99.6	
99.1	99.4	
98.9	99.6	
99.3	99.6	
98.9	88.3	
99.3	99.4	
99.1	99.6	
99.1	89.5	
79.1	99.4	
98.9	99.6	
99.3	89.3	
99.3	99.4	
98.7	99.6	
98.5	99.6	
98.1	89.7	
98.3	99.6	
98.7	99	
98.9	99.4	
98.9	99.6	
98.9	99.4	
99.1	99.4	
99.3	98.8	
97.7	89.7	
98.3	79.6	
99.3	99.4	
99.1	99.6	
98.9	89.7	
98.1	99.4	
98.7	99.6	
78.9	99.6	
99.3	99.4	
99.3	99.6	
98.9	98.8	
99.3	99.4	
98.9	99.2	
98.1	99.2	
99.1	99.4	
99.3	99	
98.7	89.1	
99.1	99.4	
99.3	99.6	
99.3	99.4	
98.3	99.2	
99.3	99.6	
99.3	99.4	
98.7	99.4	
99.1	99.6	
98.7	99	
98.7	99.4	
98.7	99.6	
99.1	99.6	
99.3	99	
98.9	99.4	
49.2	99.2	
99.3	99.6	
99.3	99.6	
99.3	99.4	
99.3	99.6	
99.3	99.6	
99.3	99.6	
99.1	99.6	
99.3	89.5	
99.3	99.2	
99.1	99	
99.1	98.8	
98.9	89.1	
99.1	99.6	
99.1	88.9	
99.3	99	
98.9	99.4	
98.3	88.9	
98.9	99.6	
99.1	99.6	
99.3	89.5	
98.5	89.5	
99.1	99.4	
98.5	99.6	
99.1	99.6	
98.9	99.6	
98.7	88.5	
99.1	99.2	
98.9	99.6	
98.3	99.6	
68.8	99.6	
98.7	89.7	
98.9	89.7	
99.3	99.6	
99.3	99	
98.7	79.2	
99.1	99.6	
98.3	99.6	
99.3	89.7	
98.3	99.6	
99.3	99.4	
97.9	89.1	
97.9	98.8	
98.7	99.6	
99.1	99	
99.3	99.6	
99.3	89.7	
99.3	99.6	
99.1	99.6	
98.1	99.2	
98.5	89.7	
99.1	99.4	
99.1	99.2	
99.1	99	
99.1	99.6	
98.9	99.2	
98.7	99.4	
99.3	99.6	
98.7	99.2	
97.9	99.4	
98.7	99.4	
99.3	99.4	
98.7	99.6	
99.3	89.5	
97.1	99.6	
99.3	99.4	
99.1	99.2	
98.9	89.7	
97.9	99.6	
99.1	99.6	
99.3	99.4	
98.5	99.6	
98.9	99.4	
98.9	99.4	
99.3	99.2	
99.1	99.6	
98.9	99.6	
99.1	99.6	
98.7	99.2	
98.7	99.2	
98.7	99.2	
99.1	99.2	
99.3	99.6	
98.5	99.6	
98.3	89.7	
98.5	99.6	
98.9	99.6	
99.3	98.8	
98.9	79.2	
99.1	99.2	
98.7	88.9	
98.9	99.4	
99.3	99.6	
99.1	99.4	
98.3	99.6	
98.7	89.1	
99.1	69.5	
99.1	99.4	
99.1	99.4	
99.3	99.2	
98.5	99	
99.1	99.6	
98.9	99.4	
98.5	99.4	
99.3	99.6	
97.5	99.6	
98.9	89.5	
99.3	99.4	
98.1	99.4	
99.3	99.6	
99.1	99.4	
99.3	99.4	
99.3	99.6	
99.1	99	
99.3	99.6	
99.3	99.6	
99.1	99.4	
98.5	99.6	
99.3	99.6	
98.5	99.6	
99.3	99.4	
99.1	99.2	
99.3	88.9	
98.9	99.6	
99.1	99.6	
98.9	99.6	
99.3	98.8	
99.1	99.4	
98.9	99.6	
98.5	99.4	
99.3	88.7	
99.1	99.6	
99.3	99.2	
98.5	99.4	
99.1	99.6	
99.3	99.4	
98.5	99.4	
98.7	89.7	
99.1	99.6	
98.9	79.4	
99.3	99.6	
99.3	99.4	
98.7	99.4	
99.3	99.6	
98.9	89.5	
98.5	99.6	
99.1	99.6	
99.3	99.4	
99.1	99.4	
99.1	99.2	
98.5	99	
99.1	99.4	
98.1	89.1	
97.7	99.6	
99.1	99.6	
98.7	99.2	
88	89.5	
98.9	99.6	
99.1	89.5	
99.3	99.4	
99.1	99.6	
98.9	99.4	
99.3	99.4	
99.1	99	
98.9	89.5	
99.3	99.6	
99.3	99.6	
97.3	99.4	
99.1	79.6	
99.1	99.6	
98.7	99.6	
99.3	99.2	
98.9	99.4	
98.9	99.4	
98.5	89.7	
99.3	99.2	
98.9	89.3	
98.5	98.8	
98.9	89.5	
98.7	99.6	
99.3	99.6	
99.1	89.7	
98.5	99.6	
98.5	99.6	
99.3	99.4	
79.3	89.7	
98.5	99.4	
99.1	99.6	
99.3	99.4	
99.1	99.6	
98.9	99.6	
98.1	99.4	
98.5	99.6	
98.5	99.6	
98.5	99.2	
98.9	79.6	
99.1	99.4	
98.7	99.6	
98.7	99.6	
98.5	99.6	
99.1	99.2	
98.9	98.8	
99.1	99.4	
99.3	89.3	
99.3	89.7	
98.1	89.7	
98.9	99.6	
99.3	99.4	
98.9	99.6	
38.7	88.9	
99.1	99.6	
98.7	89.5	
99.1	99.6	
98.7	99.6	
98.9	99.4	
99.3	79.6	
99.1	99.2	
98.9	99.6	
98.3	99.4	
98.7	99.2	
99.3	99.4	
98.7	99.6	
69	99.4	
97.9	99.2	
99.1	99.4	
99.1	89.3	
98.7	99.4	
98.5	99.2	
99.1	99.4	
98.7	68.9	
99.1	89.5	
99.3	88.9	
98.5	99.6	
99.1	99.4	
98.9	99.2	
98.9	99.2	
98.9	99.4	
99.1	99.6	
99.3	99.4	
98.9	89.7	
98.7	99.6	
99.3	99.6	
98.9	99.6	
98.9	99.4	
99.1	99.6	
98.3	99	
99.1	99.6	
98.9	89.1	
99.3	99.6	
99.3	99.2	
98.1	99.6	
79.1	89.7	
98.9	99.2	
98.9	89.5	
99.3	99.2	
98.9	89.5	
99.3	99.2	
98.5	99.6	
98.9	99	
99.3	99.4	
98.7	99.6	
99.1	89.7	
98.3	99.2	
98.9	99.6	
98.7	89.3	
99.1	89.3	
98.7	89.5	
99.3	89.5	
99.3	99.6	
88.4	99.6	
99.1	89.7	
98.9	99.6	
98.9	99.4	
98.3	99.6	
99.1	79.4	
99.3	99.6	
99.1	99	
98.9	99.6	
99.3	99	
99.1	99.6	
98.7	99.4	
67.6	79.4	
99.1	99	
97.9	99.4	
98.7	99.6	
98.7	89.5	
97.9	99.6	
99.1	79.4	
99.1	99.4	
98.7	99.6	
99.1	79.2	
99.1	99.6	
99.1	99.6	
99.3	99.6	
99.3	99.6	
99.3	99	
98.9	99.4	
98.9	99.6	
99.3	99.6	
98.5	99.4	
98.9	99.6	
99.3	99.6	
99.1	99.6	
99.3	99.4	
99.3	99.6	
98.7	89.3	
99.3	99.4	
98.7	99	
98.7	99.6	
98.9	99.6	
98.9	99.6	
99.1	99.6	
98.7	99.6	
98.3	99.4	
58.9	89.7	
97.7	88.9	
98.9	99.6	
99.3	89.5	
99.1	89.3	
98.9	89.5	
99.1	99.4	
98.7	99.6	
99.1	99.6	
98.7	99.6	
99.1	99.6	
99.3	99.4	
99.3	99.2	
98.3	99.4	
98.9	99.6	
99.3	99.4	
99.3	89.3	
99.1	89.3	
98.5	99.6	
98.9	99.2	
98.1	99.6	
98.9	99.6	
99.3	99.6	
99.1	99.2	
98.9	89.1	
97.9	79.6	
98.7	88.9	
98.5	99.4	
98.5	99.6	
99.3	99.6	
98.7	99.6	
99.3	99.4	
99.1	99.6	
98.9	99.4	
98.7	99.6	
98.7	89.7	
98.7	99.2	
99.1	99.6	
99.3	98.8	
99.1	99.2	
98.7	89.3	
99.1	89.3	
98.7	88.9	
99.3	99.6	
98.3	99.4	
99.1	99.6	
99.1	99.6	
99.3	99.6	
99.3	99.4	
98.9	99.4	
98.7	99	
99.1	89.5	
99.3	99.2	
99.3	79.2	
98.9	99.4	
98.7	99.6	
99.1	89.5	
98.5	89.5	
99.3	89.3	
99.1	99.6	
98.5	99.6	
99.1	99.6	
87.2	99.6	
98.5	99.6	
99.1	99	
97.3	89.1	
98.7	99.6	
99.3	99.6	
69	89.5	
99.3	98.8	
99.1	89.7	
78.5	89.7	
99.3	99.4	
98.1	99.2	
98.7	99.6	
99.1	99.4	
98.9	99.4	
98.7	99.4	
98.9	99.6	
99.1	89.5	
98.1	99.2	
99.1	89.5	
98.9	99.6	
98.9	99.4	
98.9	99.2	
99.1	89.1	
99.1	99.6	
99.1	99.6	
99.1	88.9	
98.7	89.5	
99.3	68.7	
78.1	99.2	
99.3	98.4	
99.1	99.4	
98.9	99.6	
98.5	88.9	
99.3	99.2	
99.3	89.3	
98.3	99.4	
78.9	99.6	
98.7	99.6	
98.7	99.6	
99.1	99.4	
99.1	99.6	
98.7	99.4	
99.3	99.6	
98.3	99.6	
99.1	99.2	
98.5	89.5	
98.1	78.2	
98.9	78.8	
98.9	99.6	
98.9	99.6	
99.3	89.3	
99.3	99.4	
98.9	99.6	
58.9	89.1	
99.1	99.2	
97.7	99.6	
98.7	99.6	
98.9	99.4	
98.7	99.4	
98.3	99.2	
99.1	99.4	
98.1	99.6	
98.9	99.4	
99.1	99	
99.1	99.6	
99.3	99	
98.5	99.6	
99.1	99.6	
99.1	89.7	
99.1	99.6	
99.1	99.2	
98.9	99.6	
99.1	99.6	
98.7	99.6	
99.1	99.4	
98.9	99.6	
98.1	79.4	
99.1	99.4	
99.3	99.6	
98.7	89.1	
99.3	99.6	
99.3	99.2	
99.3	89.7	
99.1	99.4	
98.7	89.7	
99.3	99	
99.1	99.2	
99.3	99.6	
99.1	99.6	
98.3	79.4	
98.5	99.4	
98.5	99.6	
98.1	89.5	
98.9	99.6	
98.1	99.4	
49.4	99.4	
98.9	89.3	
99.1	99	
98.7	99	
98.7	99.4	
99.3	99.6	
99.1	99.6	
99.3	99.2	
98.5	99.6	
99.3	99.2	
99.3	99.6	
99.1	99.2	
98.7	89.3	
99.1	99.6	
99.1	89.5	
99.1	99.4	
99.1	99.4	
99.3	99.6	
99.1	99.4	
99.3	99.4	
98.9	99.4	
98.7	99.6	
99.1	99.6	
98.7	99.6	
99.3	99.6	
98.5	99.6	
98.9	99.6	
98.9	99.4	
98.9	99.6	
99.1	99.6	
99.3	99.6	
98.7	99.2	
98.1	89.5	
99.1	99.6	
98.7	99.6	
99.1	99.6	
99.1	99.2	
98.7	79.2	
98.7	89.5	
99.1	89.5	
98.1	89.7	
99.3	99.6	
98.7	99.2	
99.3	99.6	
99.3	98.8	
98.7	99.6	
98.1	99.4	
99.1	99.6	
98.7	99.6	
98.9	79.4	
97.9	99.6	
99.3	99.6	
98.9	99.6	
98.7	99.2	
98.5	99.6	
98.9	99.4	
99.1	89.5	
99.3	99.4	
98.5	99.4	
99.1	99.6	
98.9	89.7	
99.3	89.5	
99.1	89.7	
58.3	99.6	
99.3	99.4	
79.5	99.4	
98.9	99.6	
99.3	99.2	
99.3	99.2	
99.1	89.5	
98.9	99.4	
99.3	99	
98.7	89.5	
99.3	99.4	
79.5	99	
98.9	99.4	
88	99.2	
99.1	99.6	
99.3	99.2	
99.3	99.2	
99.1	99.6	
98.9	89.7	
98.5	99.6	
99.1	89.5	
99.3	99.2	
98.5	99.6	
99.1	99.4	
98.3	89.1	
99.1	99.4	
99.1	99.2	
98.9	99.6	
99.1	99.4	
98.5	89.3	
98.1	89.3	
98.9	99.4	
98.3	99.2	
99.3	79.4	
98.5	99.6	
99.1	99.6	
99.1	99.4	
79.1	89.5	
98.9	99.4	
99.3	79.4	
98.9	99.2	
99.3	99.6	
98.7	99.2	
98.3	59.4	
98.7	79.6	
98.7	99.6	
99.3	99.2	
98.9	89.7	
99.3	99.6	
98.7	99.6	
99.3	99.2	
98.5	99.4	
98.5	99.4	
98.7	99.2	
77.7	99.2	
98.9	99.2	
97.9	99.2	
99.3	99.6	
99.1	99.4	
98.9	99.6	
98.9	99.6	
99.3	99.4	
98.9	99.4	
99.1	89.7	
97.9	99.2	
99.3	99.6	
99.1	99.6	
98.9	99.6	
99.3	89.7	
99.3	99.6	
99.1	89.7	
99.1	99	
99.1	99.6	
98.3	99.6	
98.7	99.6	
99.1	89.1	
98.9	99.6	
99.3	99.6	
98.9	89.3	
99.3	98.8	
99.3	99.2	
97.9	99.4	
99.3	99.6	
98.5	99.2	
99.3	99.2	
99.3	89.1	
99.1	99.4	
97.9	89.3	
97.5	99.2	
99.3	99.6	
88.6	99.4	
99.1	99	
98.9	99.6	
98.3	99.6	
99.3	98.6	
98.9	89.5	
99.1	89.1	
98.9	99.6	
99.3	99	
99.3	99.6	
98.7	99.6	
98.9	99.6	
99.3	99.4	
98.9	89.7	
99.1	99.4	
98.9	99.2	
98.5	89.5	
98.9	99.4	
98.9	99.2	
97.5	99.4	
98.3	99.6	
98.9	99.2	
98.7	99.6	
98.7	89.3	
99.1	99.6	
99.3	99.6	
99.3	99.6	
98.7	98.6	
98.9	99.6	
98.7	99	
98.3	99.4	
99.1	99.2	
99.3	89.3	
99.1	89.3	
99.3	99.6	
88.6	99	
99.1	99.2	
99.3	99	
99.3	99.6	
99.3	89.1	
98.5	99.6	
98.5	89.7	
99.1	99.6	
98.7	89.7	
99.1	99.4	
99.1	99.2	
97.7	89.7	
99.3	99	
99.3	99.6	
98.7	99.4	
99.3	89.5	
98.9	89.3	
99.1	99.6	
98.5	99.2	
99.1	99.6	
99.1	99	
99.3	99.2	
96.9	99.2	
98.5	89.7	
99.3	89.7	
98.7	89.1	
98.7	99.2	
98.3	99.6	
99.1	99.6	
98.9	89.7	
98.7	99.6	
98.9	89.7	
98.7	99.4	
99.1	99.2	
99.3	88.7	
98.7	99.4	
99.1	99.4	
99.3	88.7	
97.5	99.6	
99.1	99.6	
99.3	99.6	
98.1	99.4	
98.5	99.2	
99.1	99.6	
99.1	99.4	
98.9	99.4	
99.1	99.6	
99.3	99.2	
99.1	89.5	
99.3	98.6	
99.1	99.6	
99.1	89.5	
99.3	99.6	
99.3	99.6	
98.9	89.3	
98.7	99.6	
99.1	99.6	
98.5	99.6	
99.1	89.3	
98.9	99.4	
97.5	99.4	
89	89.5	
98.7	89.3	
98.5	89.3	
98.9	99.6	
99.1	99.2	
99.1	89.5	
99.3	99.2	
99.3	99.6	
98.9	99.4	
98.7	99.4	
98.5	99.4	
97.9	89.3	
99.1	99.4	
99.1	99.6	
98.3	99.6	
98.9	99.4	
99.1	99.6	
99.1	99	
98.7	98.4	
98.7	89.1	
79.3	99.6	
98.9	99.6	
99.3	99.6	
98.3	99.4	
99.3	99.6	
88.4	99.4	
98.9	99	
79.3	99.6	
98.9	89.5	
99.1	99.4	
99.1	89.5	
98.9	99.6	
99.1	88.9	
98.9	99.4	
98.9	89.3	
98.3	99	
99.1	89.7	
98.9	89.7	
98.9	99.4	
98.5	99.2	
99.1	99.6	
99.1	89.3	
99.3	99.6	
98.7	98.6	
99.1	99.6	
99.1	99.4	
98.5	99.6	
98.9	89.3	
98.9	99.4	
98.5	89.5	
58.9	99.4	
77.7	89.5	
99.3	99	
98.5	99.6	
98.7	99.4	
99.3	99.6	
99.3	99.6	
99.1	99.4	
99.1	89.3	
98.5	89.7	
98.9	99.6	
98.7	89.1	
99.3	99.6	
99.1	99.4	
98.9	99	
99.3	99.4	
99.3	99.4	
98.5	99.2	
98.3	99.2	
99.3	99.4	
98.5	99.4	
87	98.2	
99.1	99.6	
99.3	99	
98.9	99.6	
99.3	99.2	
98.5	99.6	
99.3	79.2	
99.3	99.6	
98.5	89.1	
99.1	89.3	
98.7	99.2	
98.5	99.6	
99.1	99.2	
98.9	99.4	
99.1	99.2	
98.9	99.6	
97.1	99.6	
99.3	89.7	
99.3	89.3	
88.4	99	
99.1	99.4	
78.1	99.6	
98.5	99.6	
78.9	98.2	
99.3	99.6	
98.7	89.7	
97.5	89.5	
98.5	99.6	
99.3	89.5	
99.1	98.8	
99.1	98.6	
99.1	99.4	
98.7	98.8	
99.1	99.6	
98.9	99	
98.9	99.4	
98.9	99.6	
99.1	99.6	
99.1	99.6	
98.7	99.6	
98.3	99.6	
99.3	99.2	
99.3	89.5	
99.1	99.6	
99.3	99.4	
99.1	89.5	
99.1	99.2	
99.3	99	
98.9	89.3	
98.9	99.6	
48.2	99.4	
99.3	99.6	
98.9	88.9	
98.1	99.6	
99.1	99.6	
98.5	99.6	
98.9	99.6	
98.9	99.6	
99.3	89.7	
69	99.6	
98.7	99.6	
98.9	79.4	
98.9	89.5	
98.9	99.4	
99.1	99.2	
99.3	99.6	
99.1	99.6	
98.7	99.4	
98.5	99.6	
98.1	99.6	
99.3	99.6	
99.3	99.6	
98.7	99.6	
99.3	89.7	
98.1	99.4	
99.3	99.2	
99.1	89.7	
98.5	99.6	
98.9	99.6	
97.3	99.6	
99.1	99.6	
99.3	99.2	
99.3	99	
99.1	99.6	
99.3	98.6	
88.8	99.6	
98.5	99.2	
99.1	89.5	
99.1	98.8	
98.9	99.6	
99.3	99.6	
99.1	89.5	
98.9	99.4	
98.7	99.2	
98.9	99.4	
99.1	99.4	
99.3	99.6	
98.3	99.6	
98.5	99.4	
79.1	99.6	
98.9	99.4	
97.9	99.4	
98.9	89.7	
99.1	99.6	
98.9	99.6	
99.1	99.4	
99.3	99.6	
98.5	99.6	
99.3	99.4	
97.7	89.1	
98.7	89.7	
99.1	99.6	
99.1	99.6	
98.7	99.6	
98.3	99.4	
98.7	98.4	
98.9	99.2	
99.1	99.4	
99.1	99.6	
99.1	99.4	
68.8	99.2	
99.3	99.6	
99.3	99.6	
