98.9	89.7	
98.7	99.6	
99.3	98.8	
88.6	99.2	
98.7	99.6	
99.1	99.4	
99.1	99.2	
99.1	79.6	
99.1	89.5	
88.8	89.7	
68.2	99.2	
99.3	99.6	
98.9	99.6	
99.1	89.7	
98.3	99.4	
98.9	79.6	
89.2	99.6	
98.9	99.6	
99.3	89.7	
89.4	99.6	
99.3	99.6	
99.1	89.7	
99.1	99.4	
99.1	99.2	
86.6	99.6	
99.3	89.5	
98.7	99.6	
99.3	89.7	
98.3	99.4	
99.3	99.6	
58.5	98.6	
98.9	79.4	
78.1	98.8	
97.3	99.6	
88.6	99.4	
99.1	89.7	
98.5	99	
97.7	99.4	
98.9	99.4	
99.1	99.4	
99.1	99.6	
99.1	89.5	
98.9	99.2	
98.9	99.6	
97.3	99.4	
99.3	99.4	
68.8	99.6	
99.1	99	
78.5	99	
98.9	99.6	
78.5	98.6	
98.9	99.2	
88.8	99.6	
99.3	99.6	
99.3	99.2	
98.3	89.7	
99.1	99.4	
98.5	99.6	
88.8	99.4	
98.5	99.6	
99.1	99.6	
98.9	99	
98.7	89.3	
98.5	99.6	
97.9	99.6	
97.5	99.6	
98.5	99.6	
99.3	89.7	
99.1	99.6	
98.9	99.6	
99.3	99.6	
99.1	79.2	
98.7	99.6	
77.9	99.2	
58.9	89.7	
68.6	89.5	
98.1	99.4	
98.9	79.6	
77.5	98.8	
98.9	99.6	
99.3	99.6	
97.3	89.5	
98.5	89.7	
98.9	99.4	
99.3	99.6	
99.3	89.3	
98.7	99.6	
98.7	89.1	
98.1	98.8	
99.3	89.3	
99.1	99.6	
97.5	89.7	
98.3	79	
99.1	99.6	
89.2	99.4	
87.8	89.3	
89.4	89.7	
67.4	99.6	
99.1	99.6	
98.7	99.6	
99.3	99.2	
99.1	89.7	
97.7	99.4	
99.1	99.6	
67.8	99.4	
97.5	89.7	
99.3	99.4	
97.9	89.7	
98.9	99.2	
98.7	99.4	
99.1	99.2	
99.3	99.6	
88.8	89.1	
98.7	99.6	
88.6	99.4	
99.3	99.6	
98.7	89.1	
99.1	99.6	
98.7	89.7	
98.9	99	
97.7	99.6	
98.3	99	
98.5	89.1	
99.1	99.6	
98.9	99	
98.1	89.5	
98.7	89.5	
98.7	99.4	
99.1	99	
86.8	99.6	
98.9	89.7	
98.5	79	
99.1	89.5	
98.5	99.2	
98.9	99.6	
97.3	99.4	
98.7	89.3	
99.1	89.5	
99.1	89.3	
98.7	99	
78.5	98.6	
98.7	99	
97.9	99.6	
98.9	89.1	
88.4	99.6	
99.3	99.6	
99.1	99.4	
98.1	99.6	
98.9	99.2	
98.3	99	
98.5	99.6	
99.3	98.6	
99.3	99.6	
98.5	89.3	
89	99.4	
99.1	99.4	
98.9	89.3	
98.7	89.7	
99.1	89.5	
98.1	99.6	
99.3	89.5	
98.7	99.4	
99.3	99.4	
99.1	99	
88.6	99.2	
98.9	99.6	
99.1	99	
99.1	99.4	
99.1	99.6	
98.3	99.6	
99.1	89.7	
88.8	99.6	
88.8	99.6	
97.7	99.2	
99.3	99	
98.5	99.6	
98.5	89.3	
98.5	99.6	
99.1	99.2	
99.3	99.2	
98.9	99.2	
98.7	99.6	
98.9	89.5	
99.3	99.4	
99.1	99.2	
99.3	99.6	
88	99.6	
99.1	99.6	
95.9	99.4	
96.7	89.5	
88.4	89.5	
99.3	99.6	
98.1	89.7	
97.5	99.6	
98.9	89.7	
98.3	89.7	
87.8	99.6	
98.5	99.4	
99.1	99.6	
89.2	99.4	
98.9	89.7	
88.2	89.7	
69.2	89.3	
99.1	99.4	
89.2	99.2	
97.9	99.4	
99.3	99.6	
99.1	99.6	
98.1	99.6	
99.3	79.4	
99.1	89.7	
97.9	89.5	
98.1	89.7	
99.1	89.7	
89	99.4	
95.9	99.2	
99.1	99.6	
99.3	99.6	
98.3	89.5	
98.7	99.6	
97.7	99.6	
99.1	99	
98.9	89.7	
98.9	99.6	
97.9	99.6	
99.3	89.5	
99.3	99.2	
99.1	79.6	
99.3	99.6	
98.9	99.2	
79.1	89.5	
99.1	99.6	
89.2	99.6	
99.1	99.2	
98.1	99.4	
99.3	89.7	
99.3	99	
86.6	99.6	
97.1	99.2	
98.1	99.6	
98.9	99.4	
98.5	88.9	
98.9	99.4	
98.9	99.4	
98.3	99.6	
99.3	99.2	
99.1	99	
99.1	99.4	
89	99	
99.1	99.6	
98.5	89.7	
99.3	99.6	
99.1	89.7	
99.3	88.1	
99.3	99.6	
98.1	99.6	
88.2	98.8	
98.3	79	
97.9	99.6	
99.1	89.5	
98.9	89.5	
77.7	89.5	
99.1	99.2	
99.3	99.6	
99.1	89.5	
99.1	99.6	
98.5	89.7	
89	89.7	
99.3	99.6	
99.3	99.6	
98.9	89.7	
88.2	98.8	
98.9	99.6	
99.3	99.6	
76.3	79	
78.3	99.4	
99.3	99.6	
77.5	89.5	
98.7	99.4	
98.3	79.6	
98.7	99.6	
99.1	99.4	
79.3	99.6	
99.1	89.7	
98.3	99.4	
98.3	99.4	
79.1	99.4	
58.1	89.5	
98.9	79.6	
68.2	99.4	
99.3	99.4	
99.1	88.9	
98.9	99.6	
98.1	99.6	
88.4	89.7	
98.7	99	
99.3	98.8	
99.1	99.4	
99.1	98.6	
98.9	99.6	
97.9	89.5	
99.3	99.6	
99.1	89.7	
99.1	99.4	
79.1	99.6	
98.7	89.7	
69.4	99.6	
97.1	99.2	
99.3	89.7	
88	89.7	
99.3	99.6	
98.7	99.4	
99.3	89.7	
98.7	99.6	
99.1	89.5	
89.4	98.8	
88.6	99.6	
99.1	99.2	
98.7	99.2	
99.3	99.4	
88.6	99.4	
98.1	99.2	
98.5	99.6	
98.3	99.2	
89.4	99.4	
98.7	99.2	
99.3	99.4	
99.1	99.2	
99.1	99.6	
89.2	79.6	
99.3	99.6	
99.3	99.4	
99.3	79	
89.2	99.6	
97.1	98.8	
99.1	99.4	
98.9	89.7	
98.5	99.4	
99.1	99.6	
79.1	99.2	
99.3	89.5	
98.9	99.6	
99.1	89.3	
98.3	99.6	
89.2	99.6	
95.7	89.3	
99.3	89.7	
98.3	99.4	
99.1	88.9	
99.3	89.5	
99.3	89.5	
99.1	99.2	
99.3	99.2	
98.7	99.6	
89	99.4	
98.3	99.2	
98.1	99.6	
97.9	99.6	
98.9	99.6	
98.9	99.4	
98.3	89.5	
99.3	89.7	
99.3	99.2	
99.1	99.4	
99.1	99.4	
99.3	89.5	
97.9	99.6	
98.5	89.5	
79.5	88.9	
98.5	99.6	
99.1	99.6	
99.1	99.6	
84.8	89.7	
99.3	99.6	
98.9	99.4	
99.1	88.5	
99.1	69.1	
98.9	99.4	
99.1	99.6	
99.1	99.6	
99.3	99.6	
99.3	99.6	
99.3	99.6	
87.6	99.6	
99.1	99.4	
98.7	89.7	
99.1	99.4	
98.1	89.7	
99.1	99	
98.9	89.7	
99.1	99.6	
98.9	98.4	
99.1	99.4	
98.1	99	
99.1	99.4	
88.6	99.2	
99.3	99.6	
99.3	99.6	
99.1	99.6	
98.7	98.8	
99.1	89.5	
78.7	89.7	
98.1	99.6	
99.3	99.4	
99.1	99.6	
89	99.4	
99.3	99.4	
78.5	89.3	
99.1	99.6	
99.1	99.2	
77.7	99.4	
99.1	89.1	
98.3	89.7	
98.1	99.4	
99.1	99.6	
87.4	99.2	
99.1	89.7	
89.2	99.4	
68.8	99.6	
97.9	99.4	
99.3	99.4	
98.7	99.2	
58.5	99.6	
88.2	99.6	
98.9	99.2	
99.3	99.6	
99.1	99.4	
77.5	99.6	
89.4	99.6	
89	89.1	
79.3	99.6	
99.3	99.6	
99.3	99.4	
98.3	98.8	
99.3	89.7	
89	99.4	
98.9	99.6	
98.5	99.6	
89	99.6	
98.9	99.6	
99.3	99.6	
98.7	99.6	
99.1	99.6	
98.3	99.6	
89.2	99.6	
99.3	99.4	
99.3	99.6	
99.1	99.2	
98.7	89.5	
99.1	99.4	
98.7	99.6	
89.2	99.6	
99.1	99	
88.4	89.7	
98.9	99.6	
98.3	99.4	
98.7	89.7	
98.9	99.6	
89	89.1	
99.3	99.6	
98.9	99.4	
99.1	99.4	
99.3	99.4	
99.1	99.4	
98.9	99.4	
98.9	99.4	
99.3	99.4	
89	99.2	
88.8	99.6	
99.3	78.6	
99.3	99.6	
99.3	99.4	
98.9	99.4	
98.5	99.6	
99.3	99.6	
88.4	99.6	
99.3	89.5	
98.9	99.6	
98.7	89.5	
97.5	98.4	
98.3	89.7	
88.8	99.4	
98.5	98.6	
98.3	99.6	
98.9	99.4	
78.5	99.6	
87.2	99.2	
47.8	99.6	
98.5	89.7	
99.1	99.4	
98.7	99.4	
98.9	89.5	
99.1	99.2	
99.1	99.6	
99.1	99	
97.7	99.4	
98.9	89.3	
99.3	99.6	
88.4	99.6	
99.3	99.6	
97.7	99.6	
99.3	99.6	
99.3	99.6	
99.3	99.4	
69.2	99.6	
98.1	99.6	
98.9	99.2	
98.7	99.4	
98.7	98.6	
98.7	99.6	
99.3	89.7	
99.3	99.4	
98.9	89.7	
98.9	99.2	
98.9	99.4	
99.1	99.2	
98.7	99.6	
88.8	99.4	
98.7	99.6	
97.1	99.2	
98.7	99.4	
78.7	99.4	
89.2	99.6	
99.1	99.4	
98.7	99.6	
98.9	98.6	
98.1	99.6	
96.9	79.4	
99.3	99.6	
98.3	89.7	
98.7	88.7	
99.1	99.6	
99.1	99.6	
97.1	99.2	
99.1	99.2	
98.5	99.4	
99.1	99.4	
98.5	99.2	
98.7	99.2	
99.1	99.4	
97.5	99.6	
98.9	89.5	
98.7	99.6	
99.1	99.6	
98.7	99.6	
98.7	99.4	
89.2	99.4	
98.9	99.6	
98.7	99.6	
99.3	99.6	
98.9	99	
99.3	89.7	
98.9	99.6	
98.7	99.6	
98.9	98.2	
98.1	88.7	
99.1	87.7	
98.9	99.6	
89	99.6	
77.3	99.6	
98.3	89.5	
99.1	99.6	
98.9	99.2	
98.5	99.6	
99.3	89.7	
95.7	89.3	
98.5	98.8	
78.5	99.4	
99.3	89.7	
87.8	99.6	
98.5	99.2	
99.3	99.6	
98.7	99	
97.9	99.4	
99.1	68.5	
99.1	99.2	
99.1	89.3	
98.5	99.6	
98.7	99.4	
99.3	99.6	
99.1	89.1	
88	99.6	
98.9	99.4	
99.3	99.4	
68.6	99.4	
99.3	89.5	
98.9	99.6	
99.1	89.7	
99.1	99.6	
98.9	89.3	
88	99.4	
99.3	89.1	
89	99.4	
98.9	99.2	
99.3	99.4	
98.7	89.7	
99.1	89.5	
98.1	99.6	
99.3	99.6	
98.3	99.6	
99.1	89.7	
98.9	99.6	
57.9	99.6	
78.9	99.6	
96.3	99.6	
99.1	99.6	
98.3	99.4	
98.7	89.7	
98.3	99.6	
99.1	89.5	
98.9	99.4	
98.9	99.6	
99.1	99.2	
99.3	99.2	
98.9	89.7	
99.3	99.6	
88.8	99.4	
98.7	99.6	
98.5	99.2	
98.5	99.6	
99.1	89.3	
99.3	99.6	
99.3	89.7	
98.9	99.4	
99.1	99.4	
89	99.4	
98.7	89.7	
98.9	99.6	
97.7	89.7	
98.7	99	
98.9	99.4	
98.7	99.6	
99.3	99.4	
99.3	99.6	
97.9	99.6	
99.3	78.4	
88.8	99.6	
99.1	99.6	
99.3	99.6	
99.3	89.1	
87.2	87.9	
98.9	89.7	
98.7	99.4	
99.1	99.4	
99.3	98.8	
99.3	99.4	
99.1	99.4	
99.3	99	
99.1	89.7	
98.9	99.4	
99.3	99.6	
58.7	99.2	
78.1	99.4	
89	99.6	
97.5	99.6	
97.9	99.2	
93.3	98.8	
89.4	99.6	
98.9	99.2	
99.3	99.4	
98.9	98.6	
99.1	99.4	
98.5	99.2	
57.5	99.6	
99.1	99.6	
79.1	99	
99.1	99.4	
88	99.4	
99.3	89.7	
98.9	99.6	
98.7	97.8	
99.3	89.5	
99.1	99.4	
89.4	89.7	
98.5	88.7	
98.7	99.6	
98.9	99.4	
89	99.2	
98.9	99.4	
98.9	99.4	
98.5	99.6	
99.1	99.6	
99.3	89.1	
98.5	99.4	
98.7	99.2	
98.9	99.6	
98.5	99.6	
99.3	89.7	
99.3	99.6	
86.8	88.9	
78.7	89.7	
99.3	99.2	
98.3	89.7	
99.1	69.1	
99.1	99.6	
98.9	99.4	
99.1	99.6	
88.2	99.4	
47.4	99.6	
99.3	89.7	
99.3	98.8	
98.9	99.6	
98.9	89.7	
99.1	99.6	
99.1	99.6	
97.7	99.6	
89	99.2	
97.5	89.5	
98.7	99.6	
98.7	99.2	
99.1	89.7	
99.1	99.6	
99.1	99.6	
98.5	89.3	
98.9	99.6	
98.9	99.6	
98.3	99.4	
98.3	98.8	
88.4	89.5	
98.5	99.2	
98.9	99.6	
98.9	99.6	
98.9	89.7	
98.1	88.7	
89	99.4	
99.3	99.6	
99.3	99.2	
88.8	98.8	
79.1	89.7	
78.9	99.6	
88.8	89.3	
99.1	89.7	
99.3	99.6	
99.1	99.4	
89	99.6	
99.3	99.6	
98.9	99.4	
98.9	99.6	
98.5	99.4	
99.3	99.6	
98.9	99.6	
99.3	99.4	
99.1	89.5	
98.9	99.6	
99.3	99.6	
99.3	89.1	
97.9	99.4	
99.3	99.4	
99.1	99.6	
99.1	89.7	
99.3	79.6	
99.1	99.6	
99.3	99.6	
98.5	99.6	
88	99.6	
99.3	99.4	
99.1	98	
99.3	99.6	
99.1	99.6	
99.3	99	
98.7	99.4	
89	89.5	
98.7	79.4	
99.3	89.5	
98.7	99.4	
98.9	99.6	
89.2	99.6	
98.5	88.9	
97.3	68.5	
99.1	99.6	
99.3	99.4	
98.3	89.7	
99.3	89.5	
98.7	99.2	
98.7	99.6	
99.1	99.6	
98.9	99.6	
99.3	99.6	
99.3	88.9	
99.3	98.8	
89	99.6	
88.6	99.4	
98.7	99.4	
98.3	99.6	
99.3	99	
99.1	89.3	
98.5	99.6	
89	99.6	
99.3	98.4	
98.7	99.6	
98.7	99.4	
99.3	99.6	
97.5	99.4	
88.4	89.3	
99.3	89.7	
88.2	99.2	
99.1	99.6	
98.9	99.4	
94.7	99.4	
77.7	89.7	
99.1	99.4	
89.2	99.4	
97.5	88.7	
99.1	99.6	
99.1	99.6	
98.7	99.6	
98.5	78.8	
99.3	79.4	
78.9	99.4	
97.9	99.4	
99.1	89.5	
98.9	99.4	
88.8	99.4	
99.1	99.6	
99.1	99.4	
97.5	99.4	
98.7	98.8	
98.9	99.6	
98.5	99.4	
98.5	99.6	
99.3	89.7	
99.1	98.8	
99.3	99.2	
99.3	99.2	
98.9	89.3	
88.4	99.4	
99.3	68.9	
99.1	99.2	
99.1	99.4	
99.3	99.4	
98.9	99.6	
99.3	99.4	
88.6	99.4	
98.5	79.6	
98.7	99.2	
88.8	89.3	
99.3	99.6	
89.4	89.3	
99.1	99.6	
98.9	99.4	
99.1	99.4	
98.9	99.6	
99.3	99.6	
98.7	99.2	
99.3	99.2	
97.7	99.6	
88	99.4	
98.9	99.2	
67	98.8	
98.7	99.4	
98.5	99.2	
68.6	99.4	
98.7	99.6	
99.1	99.6	
98.9	99.6	
98.9	99.6	
99.1	99.4	
86.4	99.6	
78.7	89.7	
99.3	98.4	
99.1	78.8	
98.9	99.4	
98.9	99.4	
99.1	99.6	
98.9	99.4	
98.9	99.6	
79.1	99.6	
98.9	99.4	
88.2	89.1	
99.3	99.6	
99.3	99.6	
99.3	89.5	
98.9	99.4	
99.3	99	
78.5	99.4	
98.9	89.5	
89.4	89.3	
99.3	99.4	
99.1	99.4	
98.7	99.6	
97.3	89.7	
89.2	89.7	
99.1	89.7	
69	79.6	
99.1	98.6	
98.5	99.6	
98.3	89.5	
98.7	99.4	
99.3	99.6	
99.1	99.6	
98.7	99.6	
84.2	99.6	
98.7	99.4	
98.7	99.4	
99.3	99.4	
98.7	99.6	
99.3	88.5	
98.9	99.4	
99.3	99.6	
99.1	99.6	
99.1	99	
99.3	99.4	
86.8	99.6	
98.9	99	
98.3	99.4	
98.1	99.2	
98.3	99.4	
99.1	89.7	
99.3	99.4	
98.9	99.4	
99.3	89.3	
99.3	89.5	
98.9	99.6	
99.3	99.6	
99.1	98.8	
98.9	99.6	
97.9	99.6	
77.9	89.7	
98.1	99.6	
99.3	99.6	
99.1	99	
98.9	89.3	
99.3	99.4	
98.7	99.6	
98.1	99.6	
98.9	89.1	
99.1	69.1	
99.3	99.4	
98.9	99.2	
99.1	99.6	
99.3	99.4	
99.3	99.6	
99.1	99.2	
99.1	99.6	
99.3	99.4	
98.5	99.2	
99.3	99.6	
98.7	89.7	
98.9	98.6	
99.1	99.2	
98.3	99.6	
98.1	99.6	
99.1	99.6	
98.5	99	
87.8	99.6	
99.3	99.6	
98.9	99.6	
98.9	89.7	
98.5	89.7	
88.8	99.6	
99.1	99.4	
99.3	99	
98.9	99.6	
79.1	99.4	
97.7	99.2	
98.5	99.6	
99.3	99.4	
98.7	99.6	
98.7	99.4	
99.3	99.6	
99.1	89.3	
88.8	99.4	
99.3	99	
99.3	99.2	
99.3	99.4	
99.3	99	
88.4	99.6	
85.6	99.6	
88.6	89.7	
99.1	99.4	
99.1	99	
99.3	99.2	
99.3	99.6	
97.7	99.4	
99.3	99.6	
99.1	89.7	
98.7	99.6	
99.1	99.2	
88.8	89.7	
99.1	99.4	
98.9	99	
98.3	99.6	
97.7	89.1	
99.1	99.4	
98.9	99.6	
99.1	89.3	
85.8	99.4	
98.5	99.6	
99.3	89.5	
89.2	99.4	
99.3	99.4	
99.1	99.4	
99.3	99.6	
99.1	79.2	
99.1	89.5	
99.3	99.6	
98.9	99	
99.1	79.6	
89.2	89.5	
98.9	99	
