89.4	99.6	
78.7	99.2	
89.4	89.7	
98.5	88.7	
79.3	99.4	
58.1	99.4	
98.7	99.6	
89.4	99.2	
89	99.4	
99.3	99.6	
58.5	99.4	
89.4	99.4	
79.3	99.2	
89.4	99	
89.4	99.6	
89	99.4	
88.2	99.4	
89.2	99.4	
89.2	99.4	
98.9	99.4	
89.2	98.8	
89.4	99.6	
98.9	99.6	
89.2	89.7	
89.4	99.6	
78.9	99.6	
88.4	99.6	
78.5	99.2	
89.2	99.6	
89.4	99.6	
99.1	89.7	
88.4	99.6	
89	99.6	
99.3	99.6	
98.9	99.2	
79.3	89.5	
89.4	89.7	
89.4	99.6	
89.4	99.6	
89.4	99.6	
89.4	99.6	
89.4	99.2	
89.4	99.4	
68.6	99.4	
89.4	99.2	
78.9	99.6	
98.9	99.6	
89.4	99.6	
89	99.2	
89.2	99.6	
99.1	99.2	
89.2	99.2	
79.1	89.7	
89.4	89.7	
88.6	99.6	
89.4	99.6	
78.9	99.6	
99.3	99	
98.9	99.6	
89.2	99.6	
89.4	99.6	
89.4	99.6	
89.2	99.6	
89.4	99.6	
89.2	89.5	
99.3	99.6	
99.1	99.6	
89.4	99.6	
99.3	99.4	
89.4	99.6	
99.1	99.6	
88.8	89.7	
89	99.4	
98.7	99.4	
99.1	99.6	
89.2	99.6	
89	99.6	
99.1	99.6	
89.4	99.6	
89.4	99.2	
89.4	99.6	
89.2	99.4	
89.4	99.6	
98.9	99.6	
89	99.6	
89.4	99.4	
89.4	99.2	
99.3	99.2	
98.9	99.6	
89.4	98.8	
98.3	99.6	
78.5	99.6	
99.3	99.4	
89.2	99.6	
99.1	99.4	
88.6	99.2	
89.2	99.4	
89	99.6	
89.2	99.6	
89	99.4	
89.2	99.4	
99.3	99.4	
89.4	99.6	
88.6	99.6	
98.7	99.6	
89.4	99.6	
79.3	89.7	
99.1	99.6	
99.1	99.4	
89.2	99.6	
89.4	98	
89.4	89.3	
88.2	99.6	
99.1	99.6	
89.4	89.5	
76.9	99.2	
99.3	89.5	
99.3	99.6	
89.4	99.4	
78.5	99.6	
78.9	99.2	
88.2	99.4	
98.9	99.6	
69.2	99.6	
98.9	99.6	
69.2	89.3	
89.4	99.4	
88.6	99.6	
78.9	99.4	
89.4	89.1	
99.1	99.6	
89	99.6	
99.1	99.4	
89.4	89.7	
89.2	99.6	
99.3	99.4	
79.1	99.6	
89.2	89.5	
99.1	99.4	
99.1	99.4	
89.4	99.4	
99.3	99.6	
89.4	99.6	
98.9	99.4	
89.4	89.5	
89.2	89.5	
89	99.6	
89	99.4	
89.2	99.6	
88.6	99.6	
89.4	99.6	
59.1	99.6	
99.1	99.4	
99.3	99.4	
98.9	99.6	
89	99.6	
78.9	99.6	
89.4	99.6	
78.5	99.4	
89.4	99.4	
79.3	99.6	
89.4	99.2	
89.4	99.6	
89	99.4	
89.4	99.6	
99.3	99.6	
89	99.4	
79.5	99.6	
89.2	99.2	
88.8	99.4	
89.4	89.1	
88.8	99.2	
99.3	79.4	
89.2	89.7	
89.4	88.7	
99.3	99.6	
89	99.4	
88.6	99.2	
89	99.6	
89.2	79.2	
99.1	99.2	
89.4	89.5	
89.4	99.2	
89.2	99.6	
98.5	89.5	
99.1	99.6	
98.3	99.6	
89.4	99.6	
89	89.3	
89.4	99.4	
89.2	99.6	
89.4	99.6	
89.4	99.6	
98.9	99.6	
88.8	99.2	
89.4	99.6	
89.4	99	
89.4	89.7	
68.8	79.2	
89.4	99.6	
89.4	89.7	
79.3	89.5	
99.3	99.4	
98.9	99.6	
89.4	99.6	
89.4	89.5	
79.1	99.2	
89.4	99.4	
88.6	89.3	
99.3	99.4	
89.4	99.4	
89	99.6	
77.9	99.6	
89.4	89.5	
58.7	99.4	
78.5	99.2	
89.2	99.4	
89	99.6	
79.3	99.4	
89.4	99.2	
88.8	99.2	
89.2	99.4	
89.4	99.6	
78.9	99.6	
68.8	99.6	
78.7	79	
89.4	99.6	
79.3	89.3	
79.3	99.6	
99.3	99.4	
89	99.4	
89	99.6	
79.1	99.6	
77.9	99.6	
98.9	99.6	
89.4	99.2	
79.3	98.8	
89.4	98.4	
89	89.7	
89.2	99	
89.2	99.6	
98.9	99.6	
88.8	89.5	
99.1	99.2	
89.2	99.6	
89	99.4	
89.2	98.8	
98.9	99.6	
79.1	99.6	
89.2	99.6	
89.2	99.4	
99.3	99.6	
99.1	99	
89.2	88.7	
89.4	99.6	
89.2	99.6	
89.4	99.4	
88.8	99.2	
98.9	99.4	
89.4	99.4	
79.3	99.4	
99.3	98.6	
98.7	98.8	
98.7	99.6	
99.3	99.2	
89	99.4	
88.8	89.3	
69.2	99.6	
89.4	99.6	
79.5	99.6	
89.2	99.6	
99.3	99.2	
99.1	99.6	
88.8	89.7	
89.4	99.6	
89.4	99.6	
89.4	99.4	
89.4	99.6	
89.4	99.4	
89.2	99.6	
88.8	89.5	
89	99	
89.4	99.4	
89.2	99.2	
99.1	99.4	
89	99.6	
99.3	99.6	
98.5	89.1	
89.4	99.6	
99.3	99.6	
89.2	99.6	
89.2	99.6	
89.4	99.6	
79.3	99.2	
89	99.2	
89.4	99.6	
89	99.2	
89.4	89.5	
98.7	99.4	
89.2	99.4	
99.1	99.6	
98.7	99.6	
89.2	99.6	
89.4	99.6	
99.1	99.6	
98.9	99.6	
79.3	99.6	
89.2	89.5	
98.7	99.6	
79.1	99	
89	98.8	
98.7	99.4	
89.4	99.6	
98.7	99.6	
99.3	99.6	
79.5	99.2	
89.4	99.4	
89.2	99.4	
89.4	99.6	
99.1	79.6	
89.2	99.4	
89.2	99.6	
89.2	99.6	
99.3	99.4	
89.4	99.6	
69.2	99.4	
98.9	99.6	
88.8	99.6	
89.2	89.5	
98.7	99.4	
88.8	99	
89.4	68.7	
99.1	99.6	
99.3	99.6	
99.3	99.6	
89.4	79.4	
99.3	99.2	
89.4	99.4	
98.7	99.6	
78.5	89.5	
89.4	99.4	
89.2	99.4	
99.3	98.8	
89	99.6	
88.6	99.6	
89.2	99.4	
88.8	99.6	
98.7	89.5	
88.6	99.4	
99.3	99.4	
69.2	99.6	
89.4	99.6	
98.9	99.6	
99.1	99	
79.1	99.4	
98.9	99.6	
89.4	99.4	
89.4	89.7	
89.4	99.4	
99.3	99.2	
78.5	99.4	
99.1	99.4	
99.3	99.4	
98.9	89.5	
99.3	99.6	
78.9	99.6	
99.3	99.6	
89	99.6	
89.2	99.4	
99.1	99.4	
89	99.4	
99.3	99.2	
88.6	99.6	
89	89.1	
89	99.4	
89	99.4	
89.4	99.6	
89.4	99.4	
89.4	99.4	
99.1	99.2	
99.3	99.6	
89	99.4	
89.4	99.6	
89.4	99.6	
79.1	98.4	
97.9	99.4	
79.1	88.7	
89.4	99.6	
89	99.6	
78.7	99.4	
98.7	69.5	
89.2	88.9	
89.4	89.7	
89.4	99.4	
89.4	99.6	
89	99.2	
89.2	99.4	
98.7	99.2	
89	99.4	
89.4	99.6	
99.3	99.4	
89.4	99.6	
99.1	99.4	
79.1	99.6	
89	99.4	
88.8	99.6	
79.3	99	
88.8	89.7	
89.2	99.6	
89.2	99.6	
89.2	99.4	
89.4	99.2	
89.4	99.4	
89.4	99.6	
78.7	99.6	
99.1	99	
89.2	99.4	
89.4	99.6	
89	99.4	
99.1	99.4	
98.7	99.4	
89.4	99.6	
89.4	99.6	
89.4	99.6	
89.4	98.4	
89	99.6	
99.3	89.5	
99.3	99.2	
88.6	99	
89.2	99.6	
98.9	99.6	
58.9	99.4	
69	99.6	
99.3	99.2	
99.1	99.6	
89.2	98.8	
99.3	99.4	
89.2	99.6	
89.2	99.6	
69.2	99.6	
98.9	89.7	
89.4	99.2	
88.4	99.4	
79.3	99.6	
98.9	99.6	
89.4	99.4	
89	99.4	
89.4	99.6	
89.4	99.2	
79.5	99.6	
68.2	99.4	
99.1	99.6	
79.3	98.8	
79.1	99.6	
79.1	99.4	
89.2	99.6	
88.8	89.7	
79.3	99.2	
99.1	99.2	
99.3	99.4	
78.9	99.6	
88.8	99.4	
99.1	99.2	
59.1	99.2	
89	99.2	
78.9	99.4	
79.3	89.7	
78.9	99.6	
89	99.6	
89.4	89.5	
89.2	98.8	
79.1	99.4	
79.3	99.6	
89.4	99.4	
88.8	99.4	
89.4	89.3	
79.3	99.6	
89.2	99.6	
89.4	99.6	
89.2	99.6	
99.1	99.4	
79.3	89.7	
89.2	99.6	
78.1	89.5	
89.2	99.4	
99.1	99.6	
89.2	99.6	
79.3	99.4	
78.7	99.6	
79.3	99.2	
99.3	99.6	
99.1	89.5	
89.2	99.6	
89.4	89.7	
89.4	99.6	
89.4	99	
89	98.6	
89.4	99.6	
99.3	99.6	
99.3	99.6	
89.2	99.6	
89.2	99.2	
89.4	99.6	
98.9	99.4	
89.4	78.8	
89.4	99.6	
98.1	99.6	
99.3	99.6	
99.1	99.6	
89.2	99.6	
89	99.4	
79.3	89.5	
89.4	99.6	
78.9	89.5	
89.4	99.2	
78.7	99.4	
99.3	99.6	
89.4	99.4	
89.4	99.2	
98.9	99.6	
98.9	99.4	
89.4	99.6	
89.2	99.2	
89.4	99.6	
99.3	99.2	
98.9	99.4	
58.5	98.8	
89.4	99.6	
98.7	99.2	
79.3	99.6	
89.4	99.6	
89.4	99.4	
78.7	89.5	
89.4	99.6	
99.1	99.4	
78.7	99.6	
89.4	99.6	
89	99.6	
79.5	99.4	
99.3	99.6	
88.4	99.2	
99.1	89.7	
79.3	99.2	
79.3	99.6	
98.9	99.6	
68.4	99.2	
99.1	99.6	
78.5	99.6	
79.1	99.4	
89.2	99.4	
79.3	99.6	
98.5	99.2	
88.6	89.1	
89.4	99.6	
98.9	99.2	
89	99.6	
89	99	
88	99.6	
88.8	99.4	
89.2	99.4	
89	99.6	
89	99.6	
89.4	99.6	
89.2	99.6	
79.1	99.6	
89.4	89.3	
88.8	99.4	
99.3	99.4	
89.2	99.6	
99.3	99.2	
98.9	99	
79.3	99.6	
89.4	99.6	
98.7	99	
88.4	99.6	
98.9	99.6	
99.3	99.6	
98.7	99.4	
99.3	99.4	
58.5	99.6	
89.2	99	
98.9	99.2	
99.1	99.2	
98.9	99.6	
79.5	99.2	
89	99.6	
79.5	99.4	
88.6	99.6	
89.2	99.6	
89.4	99.6	
98.7	89.7	
57.7	99.6	
89.2	89.5	
99.1	99.2	
79.3	99.6	
89.2	99.2	
89.4	98.8	
79.1	89.3	
89.2	99.4	
89.4	99.6	
78.7	99.2	
89.2	99.4	
99.1	99.6	
89.4	99.4	
89.2	99.6	
89.2	78.6	
89.4	99.4	
99.3	99.6	
99.3	89.7	
99.1	99.6	
99.3	99.4	
69.2	89.7	
89.4	99.4	
89	99.6	
98.3	99.6	
98.9	89.7	
89.4	99.4	
89.2	99.6	
89.2	99.6	
89.4	88.9	
99.3	99.6	
89.4	99.6	
89.4	89.7	
69.2	99.6	
78.9	99.6	
89	79.2	
79.3	99.2	
89.4	99.4	
89	99.6	
89	99.4	
99.3	99.6	
89.2	99.2	
89.4	89.1	
89.2	99.6	
98.9	99.2	
89.2	99.4	
89.4	99.6	
89.4	99.4	
78.7	99.6	
89.4	99	
99.3	89.1	
99.3	89.3	
98.7	99.6	
99.3	99.4	
89	99.6	
98.9	99.4	
87.2	89.1	
79.5	99.6	
79.3	99.6	
99.3	99.6	
99.1	99.6	
98.7	99.4	
89.2	99.6	
89.2	99.6	
79.1	99.6	
89.2	99.6	
98.9	99.2	
99.1	99.4	
89.2	99.4	
89.2	99.6	
79.5	99.6	
79.1	99.4	
79.5	99.2	
88.4	99.2	
89.4	99.6	
98.3	99.6	
89.4	99.4	
99.3	89.7	
89.2	99.6	
78.9	99.2	
89.2	99.4	
99.3	99.6	
89.4	79	
89.2	99.6	
89.4	99.6	
98.7	99	
89.2	99.4	
99.1	89.3	
89.2	99.4	
89.4	99.4	
79.5	99.6	
69.4	99.4	
89.2	89.1	
79.3	99.6	
88.6	99.4	
89.4	99.6	
78.9	99.6	
89.4	99.2	
89	99.4	
79.3	99.2	
89.2	99.6	
98.7	99.6	
89.4	99.2	
89.4	99.6	
98.9	99.6	
79.1	99.2	
79.1	89.3	
89.4	99.4	
89.4	99.6	
89.4	99.6	
99.1	89.7	
88.6	99.4	
89.2	99.6	
89.4	99.6	
89.4	99.6	
89.4	99.4	
79.5	89.5	
98.9	99.6	
79.3	89.3	
89.2	99	
89	99.4	
89.4	89.7	
99.3	99.4	
79.3	99.2	
99.3	99.4	
69	99.6	
99.3	99.6	
99.3	99.6	
89.2	99.4	
89.2	99.6	
89.4	89.5	
89.2	99.6	
89	99.6	
67.8	99.6	
79.3	99.6	
99.3	99.4	
89.2	89.5	
99.1	79.6	
99.1	89.1	
88.8	99.2	
89.4	99.6	
78.7	99.6	
99.3	99.6	
89.2	99.6	
89.4	99.4	
69.2	99	
99.1	99.4	
68.8	89.7	
89.4	99.6	
89.4	99.6	
98.9	89.5	
99.1	99.6	
89	99.4	
89.4	89.3	
98.7	99.4	
98.9	89.5	
99.3	99.6	
99.1	89.7	
89.4	99.4	
98.9	99.2	
79.5	99.6	
68.8	99.6	
89.4	99.4	
89.4	99.6	
99.1	89.5	
99.1	99.6	
89	99.6	
89.2	99.6	
89.4	99.6	
78.3	88.7	
89.2	89.5	
89.2	89.1	
98.7	99.4	
98.9	99.6	
67.6	99.6	
89.2	99.6	
89.4	89.1	
79.1	99.6	
89	99.4	
89.4	99.4	
79.5	99.2	
88.8	98	
89	99.6	
99.3	99.4	
99.3	99.4	
98.9	99.2	
89.4	89.5	
89.4	99.6	
78.9	98.8	
78.9	99.6	
38.5	99.4	
89.2	99.6	
99.3	99.4	
89.4	99.6	
89	99.6	
89.2	99.6	
89.4	89.7	
89	99.2	
89	89.5	
89	99.6	
99.3	99.6	
88.8	99.6	
79.5	99.4	
99.1	99.4	
88.2	99.4	
99.1	99.6	
89.2	89.5	
89.4	89.5	
89.4	89.1	
99.1	99	
89.2	89.3	
69	89.7	
89.4	99.6	
58.5	99.2	
88.4	99.4	
99.1	99.6	
89.4	99.6	
98.9	99.6	
89.4	99.6	
69.2	99.4	
79.1	99.4	
99.1	89.5	
99.1	99.4	
88.6	99.6	
78.9	99.4	
89.4	99.6	
89.4	99.6	
89.4	99.6	
88.6	99.6	
99.3	99.4	
89.2	99.2	
78.7	99.2	
79.3	99.6	
98.7	99	
88.4	99.6	
99.3	99.4	
89.2	99.4	
98.9	99.4	
89.2	99.6	
99.3	99.6	
99.1	99.2	
79.1	99.4	
58.7	99.4	
89.4	99.4	
89.4	99.4	
99.1	99.6	
99.3	99.4	
89.2	99.6	
79.1	79.2	
89.4	99.4	
98.9	89.1	
78.3	99.6	
88.8	99.6	
69	89.7	
89.4	99.6	
89.4	99.6	
98.9	99.6	
89.2	99.6	
99.1	89.7	
89.2	99.2	
89.4	89.1	
89.4	99.6	
98.5	99.4	
98.9	99.6	
99.3	99.4	
89.4	99.6	
89.4	99.2	
89.4	99.6	
89.4	99.2	
89.2	99.2	
89.4	99.4	
89.4	89.5	
89.4	99.6	
98.9	99.6	
99.3	99.6	
99.1	99.6	
79.3	99.6	
68.4	99.6	
69.2	99.6	
99.3	99.4	
89.4	99.6	
99.3	99.6	
98.7	89.7	
99.3	89.5	
89	99.6	
89.2	99.4	
89.4	89.3	
79.3	99.4	
98.7	99.2	
88.8	99.6	
98.3	99.6	
99.3	99.6	
98.3	99.4	
99.1	99.4	
99.3	89.5	
98.9	99.4	
79.3	99.4	
99.1	99.6	
89	99.4	
78.9	99.2	
99.1	99.6	
89.4	99.4	
89.2	99.6	
89	99.4	
99.3	99.6	
99.3	99.2	
99.1	99	
88.6	89.3	
79.3	99.4	
89.4	99.4	
89.2	99.6	
79.1	99.6	
89.2	99.6	
69.4	89.5	
89	99.6	
89.2	89.3	
89.4	99.4	
98.9	99.2	
89.2	99.6	
99.3	99.6	
89.4	99.4	
89.2	99.4	
89.2	99.4	
98.9	89.5	
89.4	99.6	
89	89.3	
79.1	99.2	
79.1	99.6	
89.2	99.6	
99.3	98.8	
98.7	99.6	
99.3	99.6	
79.1	99.4	
79.3	99.6	
98.7	89.5	
89.4	99.6	
89.2	99.2	
89.4	99.4	
77.9	99.6	
89.4	89.7	
99.1	99.6	
99.1	99.2	
89.2	99.6	
99.1	99.2	
99.3	99.6	
89.4	99.6	
98.5	98.8	
89	99.6	
89.4	99.2	
89.2	99.4	
89.4	99.6	
89.4	99.2	
89.4	79.2	
89	99.6	
89.4	99	
89.4	89.5	
89.2	99.6	
89.2	99.6	
99.1	99.6	
98.9	99.4	
89.4	99.4	
88.8	99.6	
89.2	89.5	
48	89.5	
89.4	99.6	
89.4	99.4	
99.1	99.4	
99.3	99.6	
88.6	99.4	
99.3	99.6	
89.4	99.4	
89.4	89.7	
89	99.2	
89.2	88.9	
89.2	99.6	
79.3	99.6	
99.1	99.4	
99.3	89.7	
99.3	99.6	
88.8	89.3	
88.8	99.6	
79.3	99.6	
88.8	99.4	
88.4	99.4	
89.4	99.4	
68.8	99.6	
79.5	99.6	
79.3	99.6	
79.5	89.5	
89.4	99.6	
89	99.4	
89.2	99.6	
89.4	99.6	
99.3	99.6	
89.2	99.6	
99.1	89.3	
89.4	99.6	
99.3	99.6	
89.4	99.6	
89.4	99.6	
89.4	99.2	
88.8	99.6	
88.8	99.2	
98.9	89.5	
88.6	99.4	
78.7	99.6	
89.4	99.6	
89.4	99.6	
79.5	99.6	
79.5	89.3	
