89.2	98.4	
98.5	99.4	
89.2	99.4	
99.3	99.2	
89	99.6	
98.7	79.4	
99.1	99.4	
99.3	99.6	
98.5	99.6	
99.3	99.6	
88.2	99.6	
99.3	99.6	
99.1	99.4	
99.1	99.6	
88	99.4	
99.1	89.5	
99.1	89.3	
99.1	99.4	
58.3	99.4	
89	88.9	
99.3	98.8	
99.1	98.4	
89.2	99.6	
99.3	89.5	
98.9	99.6	
89	99	
89.4	99.6	
99.1	99.6	
99.1	99.4	
99.1	99.2	
89	99.6	
89	99.4	
89.2	89.3	
99.1	99.2	
99.1	99.2	
98.7	99.6	
79.3	99.2	
98.7	99.6	
89.4	89.1	
69	99.6	
78.7	99.6	
99.3	99.6	
99.1	99.6	
89.2	99.4	
99.1	89.1	
99.3	99.4	
99.1	98.4	
98.5	98.8	
99.1	99.2	
98.9	99.2	
98.7	99.6	
88.8	99.6	
99.1	98.6	
99.3	99.6	
99.3	89.7	
99.3	99.2	
99.1	89.3	
79.3	99.4	
89.4	98.6	
69	99.2	
99.1	99.6	
99.1	99.6	
98.5	89.7	
99.3	99.6	
99.1	99.6	
99.3	99.6	
99.1	99.6	
89.4	89.7	
99.1	99.6	
78.9	99.6	
98.9	99.6	
99.1	99.4	
99.3	99.2	
89	99.4	
99.3	89.7	
98.5	89.7	
98.7	99.4	
98.7	99.4	
88.8	99.2	
88	89.1	
98.7	99.2	
99.1	99.6	
99.1	99.6	
98.1	99	
99.1	99.4	
99.3	99	
99.3	99.6	
78.7	89.5	
99.1	99.6	
99.3	99.2	
99.1	99.4	
99.1	99.6	
98.9	99.6	
99.3	99.6	
99.1	99.6	
98.7	99.6	
79.1	99.6	
99.3	89.3	
68.6	98.8	
99.3	99.6	
99.1	99.2	
98.9	99.4	
99.1	89.1	
99.1	99.6	
99.3	99.6	
99.3	89.5	
78.9	99.6	
98.5	88.7	
89.2	89.3	
88.8	99.6	
99.1	99.4	
88.8	99.6	
79.3	99.6	
99.3	99.6	
99.3	99.4	
88.4	99.4	
99.3	99.2	
99.3	99.2	
99.1	99.6	
99.3	99.6	
89.4	98.4	
99.3	99.4	
98.9	99.6	
98.7	89.5	
99.1	89.5	
88.6	98.6	
88.6	99.6	
88.4	99.6	
99.3	89.1	
88.8	89.1	
98.9	99.6	
99.3	99.4	
79.1	99.6	
99.1	99.6	
98.7	99.2	
78.9	99	
99.1	79.2	
89.2	99.6	
99.1	99.6	
98.7	99.4	
99.3	99.4	
98.7	89.5	
98.3	99.4	
89	88.7	
98.9	99.6	
98.9	99.6	
99.1	98.8	
99.3	99.6	
58.7	99.4	
89.2	89.5	
98.5	99.4	
99.3	99.6	
99.1	89.5	
79.1	99.6	
99.3	99.6	
98.9	89.7	
79.1	88.7	
88.8	99.6	
98.9	99.6	
98.9	99.2	
78.3	89.5	
98.9	99.2	
99.1	99.4	
99.1	99.6	
99.3	99.6	
98.7	99.6	
98.9	99.2	
99.3	98.8	
89.4	99.6	
88.8	99.6	
99.3	99.2	
89.2	89.3	
38.3	89.3	
98.9	89.5	
98.7	99.6	
89.2	99.6	
99.1	99.6	
68.4	78.2	
88.8	89.3	
99.3	89.7	
88.6	89.7	
99.3	99.6	
88.6	99.6	
98.9	99.6	
99.1	99.2	
89.4	99.2	
88	99.2	
78.9	69.1	
68.4	99.2	
98.1	99.6	
97.7	99.4	
98.9	99.6	
98.5	99.4	
99.1	99.2	
99.1	99.2	
99.1	99.4	
99.1	99.6	
98.9	99.6	
99.3	99.6	
88.6	79.4	
88.4	89.5	
89	99.4	
99.3	99.4	
99.3	99.6	
89.2	99.6	
98.9	99.6	
89.2	99.2	
99.3	89.7	
99.3	99.4	
99.1	99.4	
88.8	98.8	
99.3	99.6	
98.9	99.4	
88.8	99.4	
99.1	99.4	
89	99.6	
89.2	89.7	
99.3	99.6	
78.3	99.6	
98.9	99.4	
98.9	99.6	
99.1	89.3	
99.3	99.4	
98.7	99.2	
98.7	99.6	
99.1	99.6	
88.8	99.4	
98.7	99.6	
99.1	89.5	
99.3	99.6	
99.1	99.4	
89	99.4	
99.1	99.2	
99.1	99.2	
99.3	89.5	
99.3	99.4	
99.1	89.1	
99.3	98.8	
99.1	89.3	
98.7	99.6	
78.5	99.4	
79.1	89.3	
98.5	99.4	
99.1	99.6	
98.9	99.2	
89.2	98.2	
99.1	99.6	
99.1	99	
98.7	99	
89	99.6	
99.1	99.6	
99.1	99.2	
88.8	99.6	
59.3	99.6	
98.9	99.6	
99.3	99.2	
99.3	98.8	
99.3	99	
69	99.4	
88.4	99.4	
99.1	99.4	
79.1	99.6	
99.3	99.2	
58.3	99.6	
99.3	99.6	
99.1	99.6	
89	99.6	
99.1	89.7	
69	99.6	
99.1	99.6	
89.4	99.6	
99.3	99.2	
78.9	99.2	
99.3	99.6	
78.7	99.2	
89.2	98.8	
98.9	99.6	
89	99.4	
89.4	99.6	
98.5	98.8	
98.5	99.6	
99.1	99.4	
99.3	99.6	
98.7	99.4	
89.2	99.6	
99.3	99.6	
89.2	99.4	
98.9	89.7	
99.3	99.2	
89	99.6	
99.3	99.6	
98.3	89.3	
98.9	99.6	
99.3	99.4	
89	99.6	
98.7	69.5	
99.3	99.6	
88.6	89.5	
98.9	89.7	
98.9	98.6	
99.3	89.3	
99.3	99.6	
99.3	89.7	
99.3	99.6	
98.9	99.4	
99.1	89.3	
98.5	99.4	
99.3	98.8	
99.3	98.8	
89.4	99.4	
68.2	99.6	
99.3	99.4	
99.3	99.6	
99.1	99.6	
99.1	99.6	
79.3	99.4	
98.9	99.4	
98.9	99.4	
99.3	89.5	
99.1	89.3	
98.5	99.4	
99.3	99.6	
99.1	99.6	
98.3	89.3	
88.8	99.6	
69.4	99.4	
78.9	89.1	
98.9	78.8	
88.8	99.6	
78.3	99.6	
88.6	89.5	
99.3	99.6	
97.7	99.6	
98.9	99	
89.4	99.4	
99.3	89.7	
99.3	98.8	
99.3	99.6	
98.9	99.6	
99.1	99.6	
88.6	89.7	
89.4	99.6	
99.3	99.6	
98.9	99.6	
87.4	99.6	
99.3	99.4	
99.3	99.6	
99.1	99.6	
98.9	99.2	
98.9	88.9	
99.3	89.3	
88.8	99.2	
98.9	88.7	
89.2	99	
98.7	89.7	
99.1	99.6	
99.3	99.2	
88.2	99.4	
68.4	89.7	
79.5	88.9	
98.7	99.6	
99.1	88.9	
79.1	89.5	
99.3	99.6	
99.1	88.9	
99.1	99.6	
99.1	98.8	
88.8	99.6	
99.1	99.4	
89	99.4	
99.1	99.6	
98.5	99.4	
99.1	99.6	
89	79.4	
99.1	99.6	
99.1	89.5	
99.3	99.2	
88.4	99.6	
98.7	88.9	
99.3	89.5	
99.3	99.6	
98.9	89.7	
98.9	99	
99.1	99.6	
98.7	99.6	
58.1	99.4	
98.7	99	
89	99.6	
99.1	98.6	
99.1	89.3	
99.1	89.5	
99.1	99.4	
98.5	99.6	
88.8	99.4	
98.7	99.2	
78.3	99.6	
99.3	99.4	
78.7	99.6	
99.3	89.5	
79.3	99.6	
69.2	99.6	
49	89.3	
78.5	99.4	
89.2	99.6	
99.1	99.6	
98.9	99.6	
88.8	89.7	
98.7	89.7	
89.4	89.7	
78.9	99.4	
98.5	99.6	
78.9	89.5	
88.8	99.6	
69	99.6	
99.3	99.4	
68.8	99.4	
99.1	98.8	
98.9	99.2	
99.3	99.4	
89	99.6	
98.9	99	
99.3	99.4	
99.1	98.8	
78.7	79.6	
99.3	98.6	
99.1	99.6	
89	89.7	
98.9	99.6	
98.9	99.4	
79.1	99.6	
99.1	99.2	
99.1	99.6	
98.9	99.6	
89.2	99.2	
99.1	99.6	
99.1	99.4	
89	99.6	
99.1	99.2	
99.1	98.6	
98.7	89.5	
98.7	89.1	
98.5	98.8	
98.9	99.6	
98.7	99.4	
68.4	98.4	
98.9	99.6	
98.7	99.6	
89	99	
99.3	99.4	
98.9	99.6	
98.5	89.5	
99.3	98.8	
99.1	99.6	
68.2	89.1	
38.7	99	
89.2	98.8	
99.1	98.8	
79.5	89.3	
89	99.4	
99.1	89.3	
89.4	99.6	
98.7	99.2	
87.4	99.4	
88.4	99.4	
99.3	98.8	
67.8	99.6	
99.1	99.4	
88.8	99.4	
78.9	99.2	
88.4	99.6	
99.1	99.4	
99.1	99.6	
98.5	99.6	
99.1	89.5	
68.4	99.2	
99.3	89.5	
98.7	99.6	
99.1	99.2	
89.2	89.7	
99.3	99.6	
99.3	99.6	
89	99.6	
98.7	99.6	
78.9	99.4	
99.3	89.7	
89.2	99.2	
99.1	99.4	
98.9	99.4	
89.4	99.6	
99.1	99.2	
89.2	99.6	
98.7	99.4	
99.3	89.7	
78.9	99.6	
98.9	99.2	
98.9	89.1	
99.3	98	
98.9	89.1	
98.5	99.6	
99.3	99.4	
99.1	99.6	
89	99.2	
99.3	99.6	
67.8	79.4	
99.3	99.4	
99.3	99.4	
98.7	99.4	
78.7	99.6	
98.5	99.2	
99.3	99	
98.7	99.6	
89.4	89.7	
88.4	99.2	
69	99.2	
98.9	99.6	
98.3	99.4	
98.7	99.6	
99.3	99.6	
99.1	99.4	
97.3	99.4	
89	99.4	
99.1	89.5	
89.4	99.4	
99.1	99.2	
89.2	99.4	
87.8	99.4	
98.9	99	
89.4	99.2	
89.4	99.4	
97.9	99.6	
88.6	99	
89.2	99.6	
99.3	99.4	
89	99.6	
98.9	99.6	
98.9	99.4	
88	99.6	
99.1	99.4	
98.9	89.7	
99.3	99.2	
99.3	98.8	
98.7	89.7	
99.1	89.3	
89.2	99.6	
99.3	89.7	
98.9	99.6	
99.3	99.6	
99.1	99.4	
98.9	99.6	
59.1	99.6	
99.1	99.2	
99.3	99.6	
68.6	99.6	
98.7	89.7	
99.3	99.4	
78.9	99.4	
99.3	89.1	
99.3	99.6	
99.3	99	
89.2	99.6	
89.4	98.8	
78.7	99.6	
78.7	89.3	
99.3	99.6	
89.2	89.5	
98.9	99.4	
98.7	99.6	
98.7	99.6	
89.2	99.6	
99.1	99	
98.7	98.8	
68.6	99.4	
99.1	99.4	
99.1	99.4	
98.9	89.3	
98.9	99.2	
98.9	99.4	
99.1	99.6	
58.3	89.1	
99.1	99.6	
99.1	99.6	
99.3	99.4	
99.1	99.6	
98.5	99.6	
98.5	99.6	
79.1	99.6	
89.2	79	
98.7	99.4	
78.9	99.6	
98.7	99.2	
98.9	89.7	
98.9	98.6	
88.6	99.6	
89.2	99	
99.3	89.7	
88.2	99.4	
98.9	99	
89	89.7	
98.5	99.4	
98.9	99.4	
98.9	89.5	
98.9	89.3	
99.1	79.4	
99.1	99.4	
99.1	99.6	
88.8	89.5	
99.1	99.6	
99.3	99.6	
89	99.6	
98.1	88.9	
69	99.6	
89	99.6	
79.1	89.1	
89.2	99.6	
89.2	99.4	
89	99.6	
98.7	99.6	
99.3	99.6	
99.1	89.7	
99.3	99.4	
99.3	99.6	
99.1	89.3	
99.3	99.6	
99.3	79.4	
88.8	99.6	
69.2	99.6	
89.4	99.6	
89.2	89.7	
88.8	99.6	
89.4	99	
99.1	99.6	
98.9	99.6	
99.1	99.4	
48.2	99.4	
99.1	98.6	
69.2	99.6	
98.7	99.4	
99.3	99.2	
99.1	89.5	
99.1	98.6	
99.3	99.6	
98.7	99.6	
98.7	99.4	
98.5	99.6	
99.1	99.4	
99.3	89.5	
99.1	99.4	
48.6	99.6	
99.1	89.7	
98.9	99.4	
99.3	99.6	
99.1	89.7	
89.2	99.6	
89	99.2	
79.3	99	
89	99.6	
88.8	99	
98.7	99.6	
98.5	99.6	
99.3	99.6	
79.3	88.7	
88.8	99.4	
78.7	99.6	
98.7	98.4	
98.9	99.6	
99.1	99	
89.2	99	
99.3	98.6	
99.1	89.3	
98.7	99.6	
98.3	99.6	
88.4	99.2	
69.2	99	
68.8	99.6	
98.9	99.4	
98.9	99.6	
98.3	88.9	
98.9	89.3	
88.8	99.4	
98.9	99	
99.1	99.6	
87.6	99.6	
68.8	99.6	
99.1	99.4	
69	99.2	
99.1	89.3	
99.3	99.4	
88.8	89.7	
99.1	99.6	
98.3	98.6	
88.8	99.4	
89	99.4	
99.1	99.6	
99.3	99.6	
99.3	99.6	
99.3	89.7	
98.7	99.6	
99.3	99.6	
98.5	99.6	
98.9	99.6	
99.1	99.2	
88.4	99	
99.1	99.6	
88.6	99.6	
98.7	89.5	
79.3	99.4	
99.3	99.6	
98.7	99.2	
87.6	88.9	
99.1	99.6	
99.3	99.4	
99.1	99.2	
79.5	99.6	
99.3	99.2	
78.7	99.6	
99.1	89.5	
98.1	99.2	
78.5	79.6	
99.3	99.6	
78.9	99.2	
98.7	99.6	
99.1	99.4	
89.2	99.6	
99.1	89.3	
98.9	99.2	
89.2	99.6	
89.2	99.6	
79.1	99.2	
98.7	99.2	
99.3	99.6	
98.9	99.2	
89.2	89.1	
99.1	99.6	
99.1	99.6	
99.1	99.2	
99.3	88.9	
89	99.6	
99.3	99.6	
99.1	89.1	
78.5	98.6	
98.7	99.4	
98.9	89.7	
98.7	99.4	
89.2	99	
99.1	99	
98.9	98.8	
99.3	99.6	
79.1	99.4	
99.1	99.6	
98.9	99.6	
99.3	98	
98.7	99.6	
99.1	89.5	
99.1	89.7	
88.4	89.5	
99.3	99.6	
98.9	99.6	
98.7	99.6	
99.3	98.8	
89	99.6	
99.1	99.6	
79.3	89.3	
48.4	89.1	
98.7	99	
48.8	99.4	
89	99.6	
99.3	99.6	
89	99.4	
99.1	99	
89.4	99.6	
99.1	99.6	
99.3	99.2	
99.3	99.4	
88.8	99	
99.1	99.4	
99.1	99.6	
99.1	88.7	
89	99	
89.2	99.4	
98.9	99.6	
89	99.2	
89	99.4	
99.3	99.6	
77.7	99.4	
89.2	69.3	
88.8	99.6	
99.1	88.3	
99.1	99.6	
98.7	99.6	
99.1	99.6	
88.6	99.4	
78.7	99.4	
98.9	98.6	
99.1	78.8	
88.8	99.6	
98.9	99.6	
88.2	99.6	
99.1	99.4	
98.9	99.4	
98.9	89.5	
88.6	99.2	
99.3	99.2	
79.3	99.4	
89.2	99.2	
78.5	99.2	
99.3	99.6	
89.4	99.6	
99.3	99.2	
88.6	99.6	
69.2	99.4	
99.1	89.5	
98.5	99.4	
98.5	89.1	
99.1	99.6	
98.9	98.8	
99.1	99	
99.1	99.6	
89	99.4	
98.9	99.2	
89.2	99.2	
99.1	99.2	
99.1	99.6	
99.3	99.2	
89	99.6	
79.1	99.6	
98.7	99.2	
99.3	99.6	
89	99	
88.6	99.2	
98.9	99.6	
99.1	99.4	
98.9	89.3	
89.2	89.5	
98.7	99.6	
99.1	98.6	
99.3	99.6	
98.7	99.6	
99.1	99.6	
99.1	99.4	
99.1	89.1	
89.2	99.6	
88.8	99.6	
99.3	79.6	
98.9	99.4	
99.1	99.6	
99.1	99.4	
98.7	99.6	
99.1	99.4	
89.2	99.2	
78.3	99.6	
98.9	99.4	
99.3	89.5	
67.6	99.2	
88.6	99.6	
89.4	89.5	
99.1	99.4	
88.8	99	
89	99.4	
88.4	99.6	
89	99.4	
99.3	99.6	
99.1	99.6	
78.7	99.6	
98.5	99.2	
79.3	89.7	
89.2	99.6	
89	99.6	
89.4	99.4	
98.9	99.2	
99.1	88.9	
99.3	89.7	
97.9	99.2	
99.3	89.1	
98.9	99.4	
98.9	99.6	
99.1	99.4	
88.4	98.6	
89	99.6	
99.1	99.4	
98.9	89.5	
98.7	99.2	
99.3	89.7	
89.2	99.6	
99.3	99.4	
89.2	99.4	
99.1	99.6	
99.1	99	
98.7	98.8	
99.1	98.6	
99.3	99.6	
99.1	99.6	
89.4	99.2	
69.2	99.4	
89	89.7	
88.4	99.6	
78.9	89.7	
78.7	99.4	
89	99.4	
99.3	99.6	
98.9	99.6	
99.3	99.4	
98.7	88.9	
99.1	99.2	
78.9	98.8	
99.1	99.6	
78.9	89.7	
98.9	99.4	
88.8	99.6	
98.9	99.6	
89.2	99.6	
98.5	99	
99.3	98.8	
98.7	99.4	
78.9	99.6	
98.9	99.2	
99.1	99.6	
98.1	79	
99.3	99.4	
99.3	99.6	
89.4	99.6	
88.6	99.4	
99.1	89.3	
99.3	89.3	
99.3	99.2	
88.2	99.6	
98.5	79.6	
99.3	99.6	
99.3	99.6	
98.7	89.7	
98.9	99.4	
98.9	99	
99.1	99.4	
89.4	99.6	
99.3	99.6	
99.3	89.7	
99.3	99.6	
79.1	98.4	
99.3	99	
99.1	99.6	
98.9	99.4	
99.1	99.6	
99.3	99.2	
98.9	89.1	
98.7	88.7	
99.1	99.2	
99.1	99.6	
99.1	99.6	
58.9	99.6	
99.1	99.6	
99.3	99.4	
98.7	89.5	
87.4	99.2	
98.7	99	
99.3	99.6	
99.3	89.5	
89.2	97.4	
98.7	99.4	
88.6	99.4	
98.7	99.4	
58.7	99.6	
89.2	99.6	
98.9	89.1	
89.2	98.8	
98.7	99.4	
79.1	89.3	
99.3	99.4	
89.4	99.4	
99.1	99	
99.3	89.7	
99.3	89.3	
99.3	99.6	
99.3	99.6	
99.1	99.2	
99.3	79.4	
99.3	99	
88.6	99.6	
99.1	99.4	
98.7	99.4	
99.3	99.2	
99.1	99.6	
99.3	99.4	
99.1	99	
68.6	99.6	
99.1	99.6	
69.2	99.2	
98.3	99.6	
99.3	99.2	
99.1	89.1	
99.1	99.4	
99.3	99.6	
88.6	99.4	
98.9	98.6	
99.1	99.6	
79.1	89.1	
89	99.6	
98.9	89.5	
99.3	99.6	
98.9	99.6	
88.2	99.4	
99.1	99.6	
