99.1	89.5	
99.1	99.2	
99.3	99.4	
98.7	99.4	
99.1	99.6	
98.5	99.2	
99.3	99.6	
99.3	99.4	
98.7	99.6	
99.1	99.6	
99.1	89.7	
99.1	99.4	
98.3	99.6	
99.1	99.6	
99.3	99.6	
99.1	99.6	
99.3	99.6	
89.4	99.6	
99.1	99.6	
99.3	89.5	
99.3	99.6	
98.9	99.6	
89.4	99.6	
99.1	99.6	
99.3	99.6	
99.3	99.6	
98.9	99.4	
99.3	99	
99.3	99.4	
99.3	99	
99.3	99.6	
99.1	99	
98.9	98.6	
98.9	99.4	
99.1	99.4	
99.1	99.6	
98.9	99.6	
98.9	79.6	
98.7	89.5	
99.1	99.2	
98.9	99.6	
99.3	99.6	
99.3	99.6	
99.1	89.7	
99.3	99.6	
98.9	99.6	
99.3	99.2	
99.1	99.6	
98.7	99.6	
99.3	99.2	
98.7	99.6	
99.3	99.4	
98.9	98.8	
99.1	98.8	
99.3	99.6	
98.9	99.6	
99.3	99.6	
99.3	98.2	
98.9	99.6	
99.3	89.5	
99.3	99.6	
89.2	99.6	
99.3	99.6	
99.3	99.6	
89.4	99.6	
99.1	89.7	
99.1	99.6	
98.9	99.4	
98.7	99.6	
99.3	89.5	
99.3	89.5	
98.5	99.6	
99.1	89.5	
99.3	99.4	
99.1	99.6	
99.3	99.6	
99.1	99.2	
99.1	99.4	
99.1	99.2	
99.3	99.6	
99.3	99.2	
98.9	99.6	
89	99.6	
99.1	99.6	
98.9	99.6	
99.1	99.6	
98.9	89.7	
99.3	89.7	
99.1	99.2	
88.2	99.6	
99.3	99.6	
98.9	99.6	
98.9	99.2	
99.1	99.6	
99.3	89.7	
98.5	99.2	
98.7	99.6	
99.3	99.6	
99.1	99.6	
98.9	99.6	
99.3	99.6	
99.1	99.4	
99.1	99.2	
99.1	99.4	
99.3	99.6	
99.3	99.6	
99.3	99	
99.3	99.6	
99.3	99.6	
99.3	99.2	
98.7	99.6	
98.9	99.6	
99.3	99.6	
98.7	99.6	
99.3	99.6	
98.9	89.7	
99.3	99.6	
99.3	99.6	
99.1	99.6	
99.3	99.6	
99.3	99.2	
99.3	99.6	
99.3	99.6	
98.9	99.2	
99.3	89.3	
89	99.6	
99.3	98.8	
99.3	99.6	
98.9	99.4	
98.9	89.7	
98.9	99	
99.3	99.4	
99.3	99.6	
99.3	99.2	
99.3	99.6	
98.7	99	
99.3	98.6	
99.3	99.4	
99.3	99.6	
98.5	99.6	
99.1	99.4	
98.9	99.6	
99.1	99.6	
99.1	99.6	
99.3	99.6	
99.1	99.6	
99.3	89.5	
99.3	99	
99.3	99.2	
99.3	97.4	
99.1	99.6	
99.1	99.6	
88	99.6	
99.3	99.2	
99.3	99.6	
99.3	99.6	
99.3	99.4	
99.3	99.4	
98.7	99.4	
89.4	99.6	
99.1	99.6	
99.3	99.2	
99.1	99.4	
99.1	99.6	
99.3	99.6	
99.3	99.2	
79.1	99.6	
99.3	99.6	
98.9	99.4	
98.9	99.6	
98.9	99.4	
98.7	99	
98.9	98.8	
98.7	99.6	
89.4	99	
99.3	99	
89.4	99.4	
99.3	99.6	
99.3	99.6	
99.1	99.4	
99.3	99	
99.3	99.6	
88.6	98.8	
98.9	99.6	
99.1	99.4	
99.1	99.4	
89.4	99.6	
98.9	99.4	
98.9	99.6	
99.3	99.4	
98.9	99.6	
98.9	99.6	
99.3	99.6	
99.3	99.6	
99.1	99.6	
99.1	99.6	
99.3	99.4	
99.3	99.6	
99.1	99.4	
99.1	99.4	
89.2	99.2	
99.3	99.4	
98.9	98.8	
99.3	99	
77.9	99.6	
99.1	99.6	
99.1	99.6	
99.1	99.6	
97.9	88.3	
99.1	99.6	
99.3	89.1	
98.9	99.6	
98.9	99.6	
99.1	99.6	
98.5	99.2	
99.3	99.6	
99.3	99.6	
99.1	99.2	
99.3	99.6	
98.9	99.4	
99.3	99.6	
98.9	99.6	
99.1	99.6	
98.7	79	
99.1	99.6	
99.1	99.6	
99.1	99.6	
99.3	89.5	
99.3	99.6	
99.3	99.2	
99.1	99.6	
99.3	89.5	
98.9	99.6	
99.1	99.6	
99.1	99	
99.1	99.2	
99.3	99.4	
99.3	99.6	
99.3	99.4	
99.3	89.5	
98.9	89.7	
98.7	99.6	
99.3	99.6	
99.3	99.6	
99.1	99.6	
98.7	99.4	
99.3	99.6	
98.9	99.6	
99.3	89.7	
98.9	89.5	
98.7	99.4	
99.1	89.3	
98.9	99.2	
98.3	99.6	
89	89.7	
99.3	99.2	
99.3	99.2	
99.1	99.6	
99.3	99.6	
98.9	99.6	
99.3	99.6	
99.3	99.6	
99.3	99.6	
99.1	99.6	
99.3	99.6	
99.1	99.6	
99.3	99.6	
89.2	99	
99.1	99.4	
99.1	99.6	
99.1	88.9	
99.1	99.4	
99.1	99.4	
99.3	99.4	
99.3	99.6	
99.3	99.4	
99.1	99.2	
98.3	99.4	
98.5	99.4	
98.5	99.6	
99.1	99.6	
99.3	99.4	
99.1	89.7	
99.3	99.2	
99.3	99.6	
99.1	98.8	
99.3	99.2	
98.9	99.6	
99.3	99.6	
98.9	99.6	
98.7	99.6	
98.9	99.6	
99.1	99.6	
99.3	99.2	
98.9	99.4	
99.3	99.6	
99.3	99.6	
99.3	99.6	
99.3	99.6	
99.3	99.2	
99.1	99.6	
99.3	99.6	
98.9	99.6	
98.9	99.4	
99.1	99.4	
99.1	99.6	
98.9	99.6	
99.3	99.4	
99.1	99.6	
99.3	99.6	
99.3	99.6	
99.1	99.6	
99.3	99.4	
99.1	99.6	
99.1	99.4	
99.3	99.2	
99.3	99.6	
99.1	99.6	
99.3	99.6	
99.1	99.4	
89.4	99.6	
99.3	99.4	
99.1	99.6	
99.1	89.5	
98.9	99.6	
98.5	99.6	
98.3	89.7	
99.3	99.6	
99.1	99.6	
99.3	99.4	
99.3	99.4	
99.3	99.4	
99.1	99.6	
99.1	99.6	
98.9	88.9	
98.9	99.6	
98.7	99.6	
98.9	99.4	
98.9	69.5	
99.3	99.6	
98.5	99.6	
99.1	89.5	
98.9	99.6	
99.3	99.6	
99.3	99.6	
98.9	99.6	
98.7	99.6	
99.3	99.6	
98.9	99.6	
99.3	99.2	
99.3	99.4	
98.7	99.6	
98.5	99.4	
99.3	99.6	
98.7	99.4	
99.3	98.8	
99.3	99.4	
99.3	89.5	
99.3	99.4	
99.1	99.6	
99.1	99.6	
98.7	99.6	
98.7	99.4	
99.3	89.5	
97.5	99.6	
99.1	99.4	
98.9	99.4	
98.5	99.2	
99.1	99.6	
99.1	99	
98.5	99.4	
99.3	79.4	
88.6	99.2	
98.9	99	
99.3	99.6	
99.3	99.6	
99.3	99.6	
99.3	99.6	
99.3	99.2	
99.1	99.6	
99.3	99.6	
99.1	99.6	
99.3	99.6	
98.9	89.7	
98.7	99.4	
99.3	99.6	
89.4	99.2	
89.4	99.6	
98.5	99.6	
99.3	99.2	
98.5	99.6	
99.3	99.4	
99.3	99	
99.3	99.6	
99.3	99.6	
99.3	99.4	
98.9	99.6	
99.1	89.7	
99.1	99.2	
99.3	99.6	
98.9	99.6	
99.3	99.4	
99.1	99.6	
99.1	99.6	
98.7	99.6	
98.9	99.6	
98.9	99.6	
99.3	99.6	
99.1	99.4	
98.7	99.6	
99.3	99.6	
99.3	99.2	
99.1	89.7	
99.3	99.6	
99.3	99.6	
99.1	99.6	
99.3	99	
99.1	99.6	
98.9	99.6	
99.3	89.7	
99.1	89.7	
99.3	99.6	
99.1	99.6	
99.3	99.6	
89	99.6	
99.3	99.4	
99.3	89.5	
88.6	99.4	
99.1	99.6	
99.1	99.2	
99.3	99.4	
98.9	99.6	
98.7	89.5	
98.9	89.5	
89.4	99.6	
98.7	89.5	
99.3	89.7	
99.3	99.6	
99.1	99.6	
98.9	99.6	
99.1	89.7	
99.1	99.6	
99.1	99.4	
99.3	99.6	
98.9	99.6	
99.1	99.6	
99.1	99.6	
89.2	99	
99.1	99.2	
98.9	99.6	
99.3	99.6	
99.3	99.6	
99.3	79.4	
99.1	99.6	
98.9	99.4	
99.1	99	
98.7	89.7	
99.1	99.4	
98.5	99.2	
99.1	99.2	
98.9	98	
99.3	98.8	
99.3	99.6	
99.3	99.4	
98.5	99.6	
99.1	99.6	
99.3	99.6	
99.1	99.6	
98.9	99.6	
99.1	99.6	
99.3	99.6	
98.7	99.6	
99.3	89.7	
99.1	99.6	
99.3	99.4	
99.3	89.5	
89.4	99.4	
98.7	99.6	
99.1	98.8	
99.1	99.6	
98.7	99.6	
99.3	99.6	
89.2	99.6	
98.9	99.6	
99.3	99.6	
99.3	99.6	
98.5	99.2	
99.3	89.3	
99.3	99.4	
98.7	99.6	
89	99.6	
99.1	99.4	
99.1	99.6	
99.1	99.6	
99.3	99.4	
98.9	99.2	
98.9	99.6	
98.9	99.2	
98.9	99.4	
89.2	99.4	
99.1	99.6	
99.3	99.2	
99.1	99.2	
99.3	99.6	
99.3	99.4	
99.1	99.4	
99.3	89.7	
99.3	99.6	
99.3	99.6	
99.1	99.4	
99.1	99.6	
99.3	99.6	
99.1	89.7	
99.1	89.7	
98.7	99.6	
99.3	99.2	
99.3	99.2	
99.1	99.2	
99.3	99.6	
99.3	89.5	
99.3	99.6	
99.3	99.4	
98.7	99.2	
99.3	99.2	
99.3	99.4	
99.1	99.6	
99.3	89.5	
98.7	98.4	
99.1	99.6	
98.9	99.6	
99.3	99.6	
99.1	99.6	
98.9	99.6	
99.1	99.6	
99.3	99	
99.3	89.7	
99.3	99.6	
99.1	99.6	
89.4	99.6	
98.7	98.6	
98.9	99.6	
69	99.2	
99.3	99.4	
98.9	89.5	
98.9	99.6	
99.3	99.6	
98.9	99.6	
98.9	99.6	
99.1	99.6	
88.8	99.4	
99.3	99.6	
98.7	99.4	
99.3	99.6	
99.3	99.6	
99.1	99.6	
99.3	98.8	
99.1	99.6	
98.9	99.6	
98.5	99.4	
99.1	99.4	
99.3	99.6	
89.4	99.4	
98.3	89.7	
99.3	99.4	
99.1	99.6	
99.3	99.6	
99.3	99.6	
99.1	99.6	
99.3	99.6	
89.4	99.6	
99.1	89.1	
99.1	99.6	
99.3	99.6	
98.9	89.7	
98.9	89.7	
98.9	89.7	
99.3	99.4	
99.3	99.6	
99.3	98.8	
98.9	99.6	
99.3	99.6	
99.3	99.6	
99.1	99.6	
99.3	99.4	
98.7	99.6	
99.3	88.9	
99.1	99.6	
99.3	99.6	
97.9	99.4	
99.1	99.6	
99.1	99.6	
99.3	99.6	
98.9	99.6	
99.3	99.2	
99.1	99.6	
99.3	99.6	
98.9	99.6	
99.3	99.6	
98.3	99.2	
99.3	99.4	
99.3	89.5	
99.1	99.6	
98.9	89.5	
99.1	99.4	
99.3	99.6	
98.9	99.6	
99.3	89.3	
99.3	99.4	
99.3	99.6	
99.1	99.6	
98.7	99.6	
99.3	99.6	
89.4	99.4	
89.4	99.6	
99.1	98.8	
99.1	99.2	
99.1	99.6	
99.1	99.6	
99.3	99.4	
99.3	99.6	
99.1	99.6	
99.1	99.6	
99.3	89.5	
99.3	89.7	
99.3	99.2	
99.3	79.6	
98.5	99.6	
99.3	98.6	
99.1	99.6	
99.1	99.4	
98.1	99.6	
99.3	99.6	
99.1	99	
98.9	99.6	
99.3	99.4	
99.3	99.6	
99.3	99.2	
89	99.6	
99.3	99.6	
99.3	99.6	
99.3	99.6	
99.3	89.7	
99.1	99.6	
99.3	99.6	
99.1	89.7	
99.3	99.6	
89.2	99.6	
99.1	99.6	
99.1	99.4	
99.3	99.6	
99.1	99.2	
99.3	99.4	
98.9	99	
99.1	99.6	
99.3	99.2	
99.1	99.6	
98.9	99.6	
99.3	99.4	
99.1	99.4	
99.3	99.6	
99.1	99.6	
98.9	99.6	
89.2	99.6	
99.3	99.4	
99.3	89.7	
99.1	99.6	
99.3	99.6	
99.3	99.6	
99.3	99.4	
98.9	99.4	
99.3	89.3	
99.1	99.2	
99.3	99.6	
99.3	99.6	
98.9	99.6	
99.1	99.6	
99.1	99.6	
99.3	99.4	
99.3	99.6	
98.9	99.6	
99.3	88.7	
99.1	99.4	
99.1	99.2	
99.1	99.6	
99.1	99.6	
99.1	99.6	
99.1	99.6	
99.1	99.2	
99.1	99.6	
98.9	99.6	
99.1	99.6	
99.3	99.2	
88.6	79.6	
98.9	99.6	
99.1	99.6	
99.3	99.6	
98.7	99.4	
99.3	89.5	
99.3	89.7	
99.1	99.6	
98.7	99.6	
99.3	99.6	
99.1	99.6	
99.3	98.6	
99.3	99.6	
98.9	99	
99.3	99.2	
99.3	99.6	
99.3	99.6	
99.1	99.6	
99.3	99.6	
98.7	99.6	
99.1	99.6	
99.3	99.4	
98.9	99.6	
99.1	99.6	
99.1	99.6	
99.3	99.2	
99.3	99	
89.4	99.6	
99.3	99	
99.3	99.6	
99.3	99.6	
99.3	99.6	
99.3	99.6	
98.7	99.4	
99.1	99.4	
99.3	99.6	
98.7	99.2	
99.3	99.6	
99.3	99.6	
99.1	89.3	
98.9	98.8	
99.1	99	
78.5	99.4	
78.5	99.6	
99.3	99.2	
98.9	99.6	
99.1	99.6	
99.3	99.6	
98.9	99.6	
99.3	99.6	
79.5	89.7	
99.3	99.2	
99.3	99.6	
98.9	99.6	
99.1	99	
99.3	99.6	
89	89.7	
99.3	99	
99.1	99.6	
89.2	99	
99.3	99.6	
99.3	99.6	
79.1	99.6	
98.5	99.4	
99.3	89.5	
99.3	99	
98.9	99.4	
99.3	99.6	
99.1	99.6	
98.9	99.6	
99.3	99.6	
99.1	99.4	
98.9	99.6	
99.3	99.6	
98.9	99.6	
99.3	99.6	
99.1	99.4	
99.1	99.4	
99.1	99	
98.3	99.6	
99.3	99.6	
99.3	99.4	
99.1	99.6	
99.3	99.6	
99.3	99.2	
89.4	99.4	
89.2	99.6	
99.3	99.4	
99.1	99.4	
98.9	89.7	
99.3	89.5	
99.1	89.5	
99.1	99	
98.7	99.4	
99.3	99.6	
99.3	99	
99.1	99.6	
98.9	89.5	
98.9	99.6	
99.1	99.2	
99.1	99.6	
99.1	99.6	
98.9	99.4	
99.3	99.6	
99.3	99.6	
99.3	99.6	
98.7	99.6	
98.7	99.6	
99.1	99.6	
98.5	99.6	
99.3	99.6	
99.3	79.2	
98.7	89.5	
99.3	99.4	
99.3	89.7	
99.3	99.6	
99.3	99.6	
98.9	99.6	
98.9	99.4	
99.1	99.6	
98.9	99.6	
99.3	99.2	
99.3	99.6	
99.3	99.4	
99.1	99	
99.3	99.4	
99.1	99.6	
98.7	99.6	
98.5	99.4	
99.3	99.6	
98.7	99.6	
98.7	98.8	
99.1	99.6	
99.3	99.6	
99.1	99.6	
99.3	99.6	
99.1	99.6	
98.9	99.6	
99.1	99.2	
98.9	99.2	
99.3	98.6	
99.1	99.6	
99.1	79.2	
99.1	99.4	
99.3	99.2	
99.1	99.4	
99.3	99.6	
99.3	99.6	
99.3	99.6	
99.3	89.5	
99.3	99.6	
99.3	99.6	
99.3	99.6	
99.1	89.1	
99.3	99.6	
98.9	99.6	
99.3	89.5	
99.1	99.4	
99.1	99.6	
88.6	99.6	
99.3	99.6	
98.9	99.6	
98.9	99.6	
99.1	99.6	
99.1	99.6	
99.1	99.6	
99.3	99.6	
98.7	99.6	
98.9	99.6	
99.3	99.6	
98.9	98.6	
98.9	99.6	
99.3	99.6	
99.1	99	
99.3	99.6	
98.9	99.2	
98.9	99.6	
99.3	79.4	
98.5	89.7	
98.9	99	
98.9	99.4	
99.1	99.6	
99.1	99.6	
99.1	99.4	
99.1	99.6	
99.1	99.4	
99.3	99.6	
99.1	98.8	
99.1	99.6	
99.1	79.2	
99.3	98.8	
99.3	99.4	
99.3	99.6	
99.1	99.2	
98.9	99.6	
99.3	99.4	
99.3	89.5	
98.9	99.6	
99.1	99.4	
99.3	89.7	
89.4	99.6	
99.1	99.4	
99.3	89.7	
99.3	99.4	
99.1	99.2	
99.3	89.5	
98.9	99.6	
99.3	99.6	
99.3	99.2	
99.3	99.4	
99.1	99	
99.1	99.4	
98.9	99.4	
99.1	89.5	
99.1	99.6	
99.1	99.4	
99.3	99.6	
99.3	99.6	
99.3	99.6	
98.9	99.6	
99.3	99.6	
99.3	99.6	
99.3	99.6	
99.1	99.4	
99.3	89.5	
99.1	99.6	
99.3	99.2	
98.5	99.6	
99.3	99.6	
99.1	99.6	
99.3	99.6	
99.1	99.4	
98.9	99.2	
98.7	99.2	
99.3	99.6	
99.3	99.6	
99.3	99.2	
99.1	99.6	
98.9	99.6	
89.4	99.6	
98.9	99.6	
99.3	99.6	
99.1	99.6	
99.3	99.4	
98.9	89.5	
99.1	99	
89.2	99.6	
99.1	99.6	
99.3	99.2	
99.3	79.4	
99.3	99.6	
98.7	89.5	
99.3	99.4	
89	89.5	
89.4	99.4	
99.3	99.6	
99.1	99.4	
99.1	99.6	
99.3	99.6	
99.1	99.6	
99.1	99.6	
99.1	99.4	
99.3	99.6	
99.1	99.6	
98.9	99.6	
99.3	99.6	
98.9	99.6	
99.3	99.6	
99.3	99.6	
99.1	99.6	
99.3	99.6	
99.3	99.6	
99.1	99.4	
99.3	89.7	
98.7	99.6	
99.3	99.6	
99.1	99.6	
99.3	99.6	
98.9	99.6	
99.1	99.6	
99.3	99	
89	99.4	
99.3	99.6	
99.3	99.6	
99.1	99.4	
99.3	99.2	
99.3	99.6	
99.1	98.8	
99.3	99.4	
98.7	99.6	
99.1	99.6	
98.9	99.6	
99.1	99.6	
99.3	99.6	
99.1	99	
98.7	99.6	
99.1	99.6	
98.3	99.6	
99.3	99.4	
99.1	99.4	
99.3	99.6	
88.2	89.7	
98.9	99.6	
99.3	99.4	
99.1	99.6	
99.3	99.6	
99.3	99.6	
99.3	99.6	
