99.1	89.5	
98.9	89.7	
99.1	79.6	
98.9	89.7	
98.5	89.7	
99.3	79.4	
99.1	89.7	
98.9	89.7	
99.3	89.3	
98.3	89.7	
99.1	79.2	
99.1	89.3	
99.1	89.7	
99.1	79.2	
98.9	89.3	
99.3	89.3	
99.3	79.2	
98.9	89.7	
98.9	89.7	
99.3	89.5	
88.8	89.5	
99.3	89.7	
99.3	89.7	
98.9	89.5	
98.9	89.7	
98.5	89.7	
98.7	89.1	
99.3	89.7	
98.9	89.7	
99.1	89.5	
98.5	89.7	
99.1	89.1	
98.7	89.5	
89.2	69.5	
99.3	89.7	
89	89.3	
99.3	79.2	
99.3	89.7	
99.3	89.7	
99.1	89.7	
98.7	89.7	
99.3	89.3	
98.9	99.6	
99.3	89.5	
99.1	89.7	
88.8	89.3	
98.7	69.5	
98.1	89.7	
98.9	89.7	
98.7	89.5	
99.3	89.7	
98.9	89.5	
99.3	89.7	
98.7	89.7	
99.1	89.3	
99.1	79	
87.6	89.7	
99.3	89.7	
99.1	89.3	
99.3	99.6	
99.1	89.7	
99.3	79.4	
97.9	89.5	
99.3	69.3	
99.1	89.5	
99.3	89.5	
99.3	89.1	
99.3	89.7	
99.1	89.7	
98.5	68.9	
87.4	89.3	
99.3	89.7	
98.9	79.6	
99.3	99.4	
98.9	89.7	
99.1	89.5	
99.3	89.5	
99.1	89.5	
98.5	89.7	
99.3	99.6	
99.3	89.7	
99.1	89.7	
99.3	89.7	
99.1	89.7	
98.9	89.7	
99.1	79.4	
99.3	89.7	
98.9	89.7	
98.7	89.7	
88.4	89.5	
89.2	89.7	
88.8	79	
97.9	89.7	
79.3	99.4	
98.7	89.7	
99.3	99	
98.9	89.5	
98.7	89.7	
98.9	89.7	
99.3	89.3	
88.8	89.7	
99.1	89.5	
98.9	89.3	
99.3	89.7	
88.8	78.8	
97.9	89.5	
99.1	79.4	
98.9	89.7	
98.7	79.4	
99.3	89.7	
99.3	89.7	
99.1	89.7	
98.9	89.7	
99.1	79.2	
99.1	89.7	
99.3	89.3	
99.1	89.3	
98.9	89.7	
98.9	89.5	
99.3	89.7	
99.3	79.4	
98.3	69.5	
98.9	89.7	
89	79.4	
99.3	89.5	
99.1	89.7	
99.1	99.4	
89	79.6	
99.1	89.7	
99.1	89.7	
99.3	59	
98.7	89.7	
98.9	89.5	
88.6	89.7	
98.9	89.7	
98.9	79	
99.3	89.7	
99.3	69.3	
99.3	89.7	
99.1	79.6	
98.9	89.7	
99.1	78.8	
98.5	99.6	
99.1	89.7	
99.1	89.7	
98.9	89.7	
98.7	79.6	
99.3	89.5	
99.1	89.7	
98.3	89.3	
99.3	89.5	
99.1	89.5	
99.3	89.7	
99.3	89.7	
99.1	99.2	
98.9	89.7	
98.5	89.5	
98.5	89.5	
99.1	89.7	
98.7	89.5	
99.3	89.5	
99.3	89.3	
98.9	89.7	
98.9	89.5	
98.5	89.7	
98.9	89.7	
98.7	99.4	
98.7	69.3	
99.3	89.3	
99.1	89.7	
99.3	89.7	
98.7	89.3	
99.1	89.7	
99.3	89.7	
98.9	89.7	
98.7	89.7	
98.9	68.9	
98.7	79.6	
99.3	89.7	
98.7	79.4	
99.3	89.7	
99.1	89.7	
98.9	79.6	
99.1	89.5	
98.3	89.7	
99.3	79.4	
98.9	89.7	
98.9	79.4	
99.3	89.7	
98.9	89.5	
98.3	89.5	
99.3	89.7	
99.3	79.4	
88.8	89.7	
98.9	89.3	
97.7	89.5	
98.3	89.5	
99.3	89.7	
99.1	89.5	
99.3	89.7	
99.3	89.3	
99.1	89.7	
99.3	79.2	
99.3	79.4	
99.3	79.6	
98.7	89.7	
99.1	99.6	
99.3	79.4	
99.3	89.7	
99.3	79.6	
99.1	89.3	
99.3	89.5	
99.1	89.3	
98.1	78.8	
99.1	89.7	
98.9	89.7	
98.9	89.7	
98.9	89.7	
88.2	79.6	
78.9	79.6	
98.9	89.7	
98.5	89.7	
99.1	89.5	
99.1	89.7	
98.7	89.7	
98.9	69.5	
89.2	69.5	
98.7	89.7	
98.9	89.5	
98.5	89.7	
98.3	89.5	
98.9	89.7	
99.3	89.3	
99.3	89.5	
99.3	89.7	
99.1	89.5	
98.7	89.5	
98.7	79.6	
99.3	89.5	
99.3	89.7	
99.3	69.5	
98.3	89.5	
98.9	89.5	
99.1	89.7	
99.1	89.3	
98.9	79.4	
98.5	89.7	
98.9	89.5	
99.3	89.7	
99.3	79.6	
98.7	89.7	
99.3	89.5	
99.3	89.7	
99.3	89.5	
99.1	79.4	
99.1	89.7	
99.1	89.7	
98.9	89.5	
98.3	88.9	
99.1	89.7	
99.3	89.3	
99.1	79	
98.7	89.5	
99.1	79.4	
97.9	79.4	
99.3	99.6	
98.9	89.5	
98.9	89.5	
99.3	89.7	
98.3	89.7	
99.3	89.7	
99.3	89.7	
98.7	89.5	
99.3	69.5	
99.1	89.7	
98.7	69.3	
99.1	89.7	
98.9	99.6	
99.3	89.5	
98.1	89.7	
99.3	79.4	
99.3	89.7	
98.9	79.2	
99.3	79	
99.3	99.6	
99.1	99.4	
99.1	89.5	
98.5	89.3	
98.5	89.7	
98.9	89.1	
99.3	89.7	
99.1	89.7	
99.3	89.7	
98.1	79.4	
98.9	89.7	
99.3	89.7	
99.1	69.3	
99.3	89.3	
99.1	89.1	
98.9	89.7	
98.7	89.7	
98.9	89.7	
99.3	89.5	
89.2	89.7	
99.1	79.4	
99.1	89.7	
99.1	99.6	
98.9	89.7	
98.9	89.7	
99.1	89.3	
98.7	89.7	
98.7	89.7	
99.1	89.7	
98.5	99.6	
99.1	99.6	
98.3	79.6	
99.1	89.5	
99.1	89.7	
99.3	89.5	
98.7	79.6	
99.3	79.4	
99.1	89.7	
99.3	89.5	
99.1	89.7	
99.3	89.5	
99.3	99.6	
98.5	89.7	
99.1	79.6	
99.1	89.7	
98.9	89.3	
99.1	89.7	
99.3	89.5	
98.9	89.7	
98.7	89.7	
98.9	99.6	
99.3	79.6	
99.1	79.4	
99.3	89.7	
99.1	99.6	
99.1	99.2	
99.3	89.7	
99.1	89.7	
99.1	79.2	
98.5	89.7	
99.3	89.7	
99.3	89.5	
98.7	79.4	
99.3	89.7	
98.7	89.7	
99.1	89.3	
99.3	89.7	
99.3	89.7	
99.3	69.3	
99.3	89.7	
99.1	89.5	
99.1	89.7	
98.5	89.7	
98.7	89.7	
89	89.3	
99.1	89.5	
98.5	89.7	
99.1	89.5	
88.6	79.4	
88.6	89.7	
99.1	89.7	
98.5	89.7	
98.7	89.5	
98.9	89.5	
99.3	89.7	
98.9	99.4	
99.3	89.7	
98.9	89.7	
99.1	79.6	
98.7	89.7	
98.5	89.5	
99.3	69.3	
89	89.7	
98.9	89.7	
99.3	89.5	
98.7	89.7	
99.3	79.4	
99.1	89.3	
99.3	89.5	
78.9	89.7	
99.3	89.7	
99.1	89.3	
99.3	79.6	
98.7	89.5	
99.1	89.7	
99.3	88.9	
98.9	89.7	
98.9	89.7	
89.2	89.7	
98.5	99.6	
89	79.4	
99.1	99.6	
99.3	89.5	
98.9	99.6	
87.6	69.5	
99.1	59.4	
99.3	68.7	
99.1	89.5	
98.5	89.3	
99.1	79.4	
98.5	89.5	
98.7	89.7	
99.3	99.6	
99.1	89.5	
98.7	89.7	
98.9	79.4	
89.2	89.7	
98.9	89.5	
98.7	79.6	
98.9	89.5	
99.1	89.3	
99.1	89.5	
99.3	89.7	
98.9	99.6	
98.5	89.3	
99.1	89.7	
99.3	89.7	
99.3	79.4	
98.7	89.7	
99.3	89.5	
98.9	89.7	
98.9	89.3	
98.7	89.7	
99.3	99.6	
99.3	89.7	
99.1	79.6	
99.1	89.7	
98.7	89.7	
99.1	89.7	
99.3	79.6	
99.1	99.6	
99.3	89.3	
99.1	89.5	
99.1	89.7	
88.8	79.2	
88.8	89.1	
99.1	89.5	
87	99.2	
99.1	89.3	
98.1	89.3	
99.3	79.4	
99.1	89.7	
99.3	89.7	
99.1	79.4	
99.1	89.5	
99.1	88.9	
99.3	89.7	
99.1	99.6	
98.9	89.3	
99.3	79.4	
89.4	99.4	
99.3	89.1	
99.1	79.2	
98.9	89.7	
99.3	89.7	
98.9	89.3	
98.1	89.7	
99.3	89.1	
99.1	89.7	
98.9	89.5	
99.3	89.7	
98.5	89.7	
99.3	78.6	
98.9	89.3	
99.1	89.7	
99.1	89.7	
99.3	89.5	
99.3	79.4	
99.3	89.7	
97.9	99.6	
68.8	89.7	
99.1	89.3	
97.5	89.7	
98.9	89.7	
98.5	89.5	
77.7	88.9	
98.9	89.5	
98.7	89.7	
99.3	79.6	
99.3	89.7	
99.3	79.4	
99.1	88.9	
99.1	89.7	
99.3	89.5	
99.1	79.6	
98.9	89.7	
99.1	89.7	
99.1	89.7	
99.1	79.6	
99.1	89.7	
97.9	99.6	
99.3	89.5	
98.9	89.7	
98.3	89.7	
99.3	89.7	
98.7	89.5	
99.1	89.7	
99.3	89.7	
98.3	79.6	
99.1	89.7	
89.2	89.7	
88.8	89.7	
98.9	69.3	
99.3	99	
99.1	89.5	
98.9	89.1	
87.8	89.7	
99.3	48.5	
98.9	79.4	
99.3	89.7	
98.9	89.7	
99.1	69.1	
99.1	89.5	
99.3	79.4	
99.3	99.6	
99.3	99.4	
99.3	89.7	
98.7	79.4	
99.3	89.5	
98.5	89.5	
97.1	89.5	
99.1	89.5	
98.7	99.4	
98.9	99.6	
99.3	89.5	
99.1	89.5	
99.1	89.7	
98.1	89.7	
99.1	89.7	
98.9	89.7	
99.3	89.1	
99.1	89.7	
99.3	79.6	
99.3	79.6	
99.1	89.7	
99.3	89.1	
99.3	89.5	
98.9	89.7	
98.9	79.6	
98.7	89.7	
98.9	89.7	
98.9	79.2	
99.1	89.7	
98.1	59.2	
98.5	89.7	
99.3	89.7	
98.9	89.5	
99.1	79.4	
99.1	89.7	
99.3	89.3	
98.9	89.5	
98.9	79.6	
99.3	89.7	
99.3	89.7	
99.3	79.6	
99.1	89.5	
98.9	89.3	
99.3	79.2	
99.3	89.7	
99.1	89.7	
99.1	69.1	
99.1	99.6	
87.2	79.6	
99.1	99.2	
99.1	99.6	
98.9	89.7	
99.1	79.4	
99.3	79.6	
98.9	79.4	
98.3	89.5	
98.5	89.7	
99.3	89.3	
99.1	89.7	
98.9	89.5	
98.5	88.9	
98.7	79.6	
99.1	89.7	
99.3	89.7	
99.3	79.6	
98.9	79.6	
98.7	89.7	
99.3	89.7	
99.1	89.7	
99.1	89.7	
98.9	89.5	
99.1	89.7	
98.9	89.5	
99.3	89.7	
98.9	89.7	
99.3	89.1	
98.7	69.3	
98.3	69.5	
99.3	89.3	
99.1	89.7	
99.3	89.7	
98.9	79.6	
99.1	89.5	
99.3	99.6	
99.1	89.7	
98.9	89.7	
99.1	89.7	
99.3	89.5	
98.7	89.7	
98.9	79.6	
99.1	89.7	
99.1	89.3	
99.3	89.7	
99.1	89.7	
99.3	79.4	
99.3	89.7	
98.9	89.7	
99.1	79.6	
99.1	79.6	
98.5	89.7	
99.1	89.7	
99.3	89.3	
98.9	89.5	
98.9	99.2	
98.9	89.7	
98.7	69.1	
98.5	79.6	
98.9	79.6	
98.9	79.4	
99.1	79.6	
98.7	99.4	
99.3	89.7	
98.7	69.3	
99.3	79.6	
98.5	99.4	
99.1	89.7	
98.9	89.3	
89	89.7	
88.4	89.7	
98.7	99.6	
99.1	69.1	
98.9	89.7	
99.3	89.7	
99.3	89.5	
88.6	89.7	
98.3	89.7	
98.9	89.7	
98.9	89.7	
99.1	89.5	
98.9	79.6	
98.1	89.7	
98.9	89.7	
99.3	79.4	
98.5	89.5	
99.3	89.7	
99.1	89.3	
98.9	89.7	
99.1	78.4	
99.3	89.5	
98.3	89.7	
99.1	89.7	
99.3	79.6	
99.1	89.7	
88.6	89.5	
89	79.6	
98.9	89.7	
98.9	99.6	
99.3	89.7	
99.3	89.7	
99.3	89.5	
98.5	99.6	
98.7	99.2	
99.1	89.3	
99.1	89.7	
98.5	89.7	
98.5	99.6	
99.1	89.3	
99.1	89.5	
98.7	79.6	
99.1	89.3	
99.3	89.1	
99.1	89.7	
99.3	89.7	
98.9	89.7	
99.1	89.3	
98.5	89.3	
99.3	99.4	
98.9	99.6	
98.9	89.5	
98.9	89.7	
98.9	99.2	
78.7	89.7	
98.9	79.4	
99.1	99.6	
99.3	89.5	
98.9	89.5	
98.7	79.2	
98.9	68.9	
99.3	99.6	
98.9	89.7	
99.1	79.4	
99.3	89.7	
99.1	89.5	
99.3	89.5	
99.3	79	
98.7	69.5	
98.1	99.6	
98.7	89.7	
99.3	89.7	
99.3	89.7	
98.9	99.6	
98.7	89.3	
99.3	89.5	
99.1	89.7	
99.1	89.7	
99.1	89.5	
99.1	89.7	
88.4	89.7	
98.9	89.7	
99.1	89.3	
99.3	89.7	
99.3	89.5	
98.9	89.3	
98.9	89.7	
98.9	89.7	
98.9	89.7	
98.5	99.6	
99.1	89.5	
99.1	79.6	
99.3	99.6	
99.1	89.3	
99.3	89.3	
98.9	89.7	
99.3	89.7	
99.1	89.7	
99.3	79.4	
99.1	79.6	
99.1	99.2	
98.7	89.5	
99.3	89.7	
98.7	89.7	
99.1	89.7	
99.1	89.7	
99.3	89.7	
99.3	89.7	
98.1	89.7	
98.9	89.7	
99.3	89.7	
99.1	89.7	
98.9	89.5	
98.7	89.7	
99.1	69.5	
99.1	98.8	
99.1	89.7	
88.8	99.6	
99.1	89.7	
98.9	89.5	
99.1	89.5	
99.1	89.5	
98.9	99.4	
97.5	89.7	
98.7	89.3	
78.5	89.7	
99.1	89.7	
98.3	89.5	
88.4	89.7	
98.9	99.4	
99.1	79.6	
99.3	59.4	
88.8	89.7	
99.1	89.7	
98.5	99.6	
98.9	89.7	
98.5	99.6	
98.7	89.5	
98.7	79.4	
98.9	99.4	
98.3	89.7	
98.9	89.3	
99.1	89.3	
99.3	89.7	
98.3	79.6	
99.3	89.7	
99.3	89.7	
98.5	89.5	
99.1	89.7	
98.9	79.4	
99.3	89.7	
99.3	99	
98.1	79.6	
99.1	89.7	
98.7	89.1	
97.9	89.7	
99.3	89.7	
98.7	89.7	
89.2	89.5	
99.1	89.5	
99.3	89.5	
99.3	89.7	
99.3	79.4	
99.1	89.7	
99.3	89.5	
99.3	79.6	
99.1	89.7	
98.9	99.6	
99.3	89.7	
99.3	89.7	
99.1	89.5	
99.3	89.5	
89	89.3	
98.3	89.7	
98.7	89.7	
99.3	89.7	
88.6	79.2	
98.9	89.7	
98.9	79.6	
99.3	89.7	
98.9	89.7	
99.3	89.5	
99.1	89.7	
99.3	79.6	
87.6	89.1	
99.3	89.7	
99.3	89.7	
99.1	89.7	
98.9	89.3	
99.1	79.6	
99.1	89.5	
99.3	69.5	
89	89.7	
98.7	69.3	
99.3	89.5	
98.7	89.7	
98.9	88.9	
99.3	89.7	
99.3	89.7	
98.9	78.8	
98.9	79.6	
99.1	99.4	
99.1	89.3	
98.3	79.6	
98.9	89.7	
99.1	89.7	
98.7	89.7	
98.7	89.5	
98.5	99.4	
98.7	89.3	
88.8	89.7	
99.1	59.2	
99.3	89.7	
99.3	89.5	
99.1	89.7	
99.1	99.4	
98.9	89.7	
99.3	99.4	
98.9	69.3	
99.1	89.7	
99.1	89.7	
99.3	79.4	
99.1	89.7	
98.9	89.7	
99.3	89.7	
99.1	79.4	
57.1	89.7	
99.3	89.7	
98.3	69.5	
99.1	99.4	
99.3	89.7	
98.9	89.7	
98.7	79.2	
99.1	79.4	
98.9	89.7	
99.1	89.7	
98.9	89.7	
98.9	79.4	
98.9	89.7	
99.1	79.6	
98.7	89.7	
98.7	79.2	
88.8	79.6	
98.9	89.5	
99.3	89.7	
98.9	89.7	
99.1	89.7	
99.1	48.5	
99.1	79.6	
99.3	89.7	
99.3	89.7	
98.7	89.7	
98.7	89.5	
98.7	89.7	
98.7	79.6	
98.3	89.5	
99.1	79.6	
99.3	89.7	
88.4	89.7	
99.1	89.7	
99.1	89.3	
99.1	89.7	
98.9	89.7	
98.9	89.7	
99.3	89.7	
88.8	89.5	
99.1	89.7	
99.1	79.2	
98.5	89.7	
89	69.5	
99.1	99.6	
99.1	99.6	
98.9	89.7	
89.2	89.7	
97.7	89.7	
98.9	59.4	
98.5	89.7	
98.3	89.5	
98.1	89.7	
99.3	89.5	
98.7	89.7	
97.9	89.7	
98.9	89.5	
98.7	79.6	
99.1	89.3	
98.1	89.7	
99.3	79.2	
99.1	89.7	
88.8	89.7	
99.3	89.7	
98.9	79.6	
78.7	99.4	
98.5	89.7	
99.1	89.7	
99.3	89.7	
99.3	89.5	
99.3	89.5	
99.1	79.4	
99.1	89.7	
88.4	89.7	
98.3	89.5	
98.9	89.5	
98.7	89.1	
98.5	79.6	
99.1	69.1	
99.1	89.7	
99.3	89.5	
99.3	99.6	
98.5	79	
99.1	89.7	
99.3	89.7	
98.9	79.4	
99.3	89.3	
99.1	89.7	
97.9	89.1	
99.3	89.7	
98.9	89.5	
98.7	79.6	
99.3	79.6	
99.3	89.7	
99.3	89.3	
98.7	99.4	
98.9	99.6	
99.3	79.4	
99.1	89.7	
98.9	89.5	
98.7	89.7	
88.8	89.7	
99.1	89.7	
98.9	89.5	
98.3	89.7	
99.3	89.7	
99.1	89.5	
99.1	89.7	
99.1	89.7	
98.7	89.5	
99.1	79.6	
99.3	79.6	
98.9	89.3	
89	99.6	
99.3	89.7	
99.1	89.3	
99.3	99.6	
99.3	99.4	
98.7	99.4	
98.7	89.7	
99.3	89.7	
99.1	79.6	
98.3	89.5	
98.5	99.2	
99.3	79.6	
99.3	99.6	
98.9	79.6	
99.3	89.5	
99.1	89.7	
99.1	79.6	
98.5	89.7	
98.9	89.5	
99.1	99.6	
98.9	89.7	
99.1	89.7	
98.7	99.4	
98.7	89.7	
99.1	89.7	
98.7	89.5	
