98.7	79.6	
99.1	89.7	
99.1	89.5	
98.9	69.5	
99.3	89.7	
99.1	89.7	
99.1	89.7	
89.2	79.4	
99.1	89.7	
99.3	89.7	
98.9	89.7	
99.1	89.7	
99.3	89.7	
99.3	89.7	
99.1	89.7	
99.3	89.7	
99.1	99.6	
99.3	89.7	
99.1	89.7	
99.3	89.7	
99.3	99.2	
99.3	89.5	
99.1	89.7	
99.1	89.5	
99.3	99.6	
99.1	89.7	
99.3	89.7	
99.3	89.7	
99.3	89.7	
99.3	89.7	
77.5	89.7	
99.3	79.6	
98.3	89.7	
98.9	89.7	
99.3	79.4	
89.2	89.7	
89	89.7	
99.3	89.7	
98.9	89.7	
99.3	89.7	
99.1	89.7	
99.3	89.7	
99.3	89.7	
98.9	89.7	
99.3	89.5	
99.1	79.4	
89	99.6	
89	99.4	
99.3	89.5	
88.8	89.7	
98.9	89.7	
99.3	89.7	
99.1	89.3	
99.1	89.7	
99.3	89.7	
99.1	99.6	
99.3	79.6	
89.2	89.5	
89.2	69.1	
99.1	89.7	
99.1	89.5	
99.3	89.7	
99.1	89.5	
99.3	89.7	
99.3	89.7	
98.9	89.7	
99.1	89.5	
89.2	89.7	
99.3	89.5	
99.3	89.7	
98.9	89.7	
89.2	99	
99.1	89.7	
99.3	89.7	
98.9	89.7	
98.5	99.6	
99.3	79.6	
99.3	89.7	
98.7	89.3	
99.1	89.7	
88.6	89.7	
98.9	89.7	
98.7	89.7	
99.1	69.5	
98.7	89.7	
99.3	89.7	
99.1	79.6	
99.3	89.5	
99.3	89.7	
99.1	69.5	
99.3	89.7	
98.9	89.7	
99.3	89.7	
99.3	89.7	
99.3	89.7	
99.1	99.6	
99.3	89.5	
99.1	89.7	
99.3	89.7	
99.1	79.6	
98.9	89.7	
99.1	89.7	
99.1	89.5	
99.1	89.3	
99.1	89.7	
98.9	99.6	
99.1	99.6	
99.3	89.7	
99.3	89.7	
99.1	89.7	
99.3	89.7	
89	89.5	
99.3	89.7	
99.1	89.5	
98.3	89.7	
99.3	89.7	
99.3	89.7	
99.3	89.7	
99.3	89.5	
98.9	89.5	
89.2	89.7	
99.1	88.9	
99.3	89.7	
89.2	89.7	
99.3	89.7	
98.9	89.5	
99.1	89.7	
99.3	89.7	
99.3	79.6	
99.3	89.5	
99.3	89.5	
98.9	89.7	
99.1	89.7	
98.1	89.7	
99.1	88.5	
99.3	85.3	
99.3	89.3	
98.9	89.7	
99.1	89.7	
99.3	99.6	
99.1	89.7	
99.3	89.7	
99.3	89.7	
98.5	89.7	
98.7	89.7	
99.3	89.7	
98.9	79.6	
99.3	89.7	
98.9	69.5	
89.2	89.5	
98.9	89.7	
88.8	79.6	
99.1	89.7	
99.3	89.3	
79.1	99.4	
99.3	79.4	
99.1	79.6	
99.3	99.4	
99.3	79.6	
99.3	89.7	
99.1	98.6	
98.9	89.7	
89.2	99.6	
99.1	89.7	
99.3	89.7	
99.3	89.7	
99.3	89.7	
99.3	89.7	
99.3	89.5	
89.2	89.7	
98.9	99.6	
99.1	89.5	
99.1	89.5	
99.3	89.7	
89.2	89.5	
99.1	89.7	
99.3	89.7	
99.1	89.5	
99.3	89.5	
99.3	89.5	
98.9	89.5	
99.1	89.7	
99.1	99.6	
98.5	89.7	
99.3	89.7	
99.1	89.7	
99.3	99.4	
99.3	89.3	
89.2	89.7	
99.3	89.5	
99.3	79.6	
78.9	89.7	
99.3	89.7	
99.3	89.7	
99.1	89.7	
99.3	89.7	
99.3	89.7	
99.3	89.7	
99.3	89.7	
99.1	89.3	
99.1	89.7	
99.3	89.7	
89	89.7	
99.3	99.6	
99.3	89.7	
98.1	89.5	
98.9	89.7	
99.3	89.7	
99.3	89.7	
99.3	89.7	
99.3	89.3	
79.1	89.7	
99.3	89.7	
98.9	89.7	
99.3	89.7	
99.1	89.7	
99.3	89.7	
99.3	89.7	
99.1	89.7	
98.9	89.7	
98.7	89.7	
99.3	89.7	
99.3	89.7	
99.3	79.6	
98.9	89.5	
99.3	89.7	
89.4	89.7	
99.3	79.6	
98.9	89.7	
89	89.7	
99.3	89.7	
99.1	89.7	
89	89.5	
97.9	99.6	
99.3	89.7	
99.1	89.3	
99.3	89.7	
99.3	89.7	
98.9	89.7	
99.3	97.6	
98.9	89.7	
99.1	89.7	
99.1	89.3	
99.3	99.6	
98.7	89.7	
99.3	89.5	
99.3	89.7	
99.3	89.5	
99.3	82.7	
99.3	89.7	
99.1	89.3	
99.1	89.7	
79.1	79.2	
98.9	89.7	
99.3	89.7	
99.3	79.6	
99.3	79.4	
99.1	89.7	
99.3	89.7	
99.3	69.5	
99.3	89.3	
99.3	89.7	
99.1	89.7	
98.7	89.7	
99.3	89.7	
99.1	89.5	
98.7	89.7	
99.3	89.7	
99.1	69.5	
89.2	89.7	
99.3	89.7	
99.3	69.5	
99.3	89.7	
99.3	89.7	
99.3	89.7	
99.3	89.7	
99.3	89.1	
98.9	89.7	
99.3	89.7	
99.3	89.5	
99.1	89.7	
98.9	89.7	
89	89.7	
99.3	89.7	
99.1	89.7	
98.9	89.7	
99.3	89.7	
98.7	89.7	
99.1	89.7	
99.1	89.7	
98.9	89.7	
99.1	79.6	
99.1	89.5	
98.9	89.7	
99.3	89.7	
88.8	79	
89.2	79.6	
88.8	89.7	
99.1	89.7	
99.3	89.7	
99.1	89.7	
98.9	89.7	
99.3	89.7	
98.7	99.6	
99.1	89.7	
99.1	89.7	
99.3	89.7	
89.2	89.1	
99.3	89.7	
98.9	89.5	
99.1	89.7	
98.7	99.6	
99.3	79.6	
99.3	89.7	
98.9	89.3	
89	79.6	
99.3	89.5	
99.3	79.6	
99.1	89.5	
98.7	89.7	
98.9	89.5	
98.9	89.7	
98.9	89.5	
99.1	89.5	
99.3	89.7	
99.3	89.7	
99.3	89.7	
99.3	89.7	
99.1	89.7	
99.3	99.6	
89	89.7	
99.3	79.6	
88.8	79.2	
98.3	99.4	
99.3	89.7	
98.9	89.7	
99.1	89.7	
99.3	89.7	
99.1	89.7	
89.2	89.7	
99.3	89.7	
99.3	99.6	
89.2	89.7	
99.3	89.7	
98.7	89.7	
99.1	89.7	
99.1	89.7	
78.9	89.5	
99.1	79.6	
99.1	89.7	
99.3	89.5	
89.2	89.7	
99.3	89.7	
98.9	89.5	
98.9	89.7	
99.3	89.7	
99.3	89.7	
99.3	89.7	
99.3	99.2	
99.3	89.7	
99.3	89.7	
99.3	69.3	
98.9	89.3	
99.3	89.5	
99.3	89.7	
98.9	79.2	
89	99.6	
89.2	89.7	
99.1	89.7	
99.1	89.7	
99.3	89.7	
88.8	89.7	
99.3	89.5	
99.3	89.5	
99.1	89.7	
99.3	89.7	
99.3	89.7	
99.3	89.7	
99.1	89.7	
99.3	89.5	
98.9	89.7	
99.3	89.7	
99.3	89.7	
99.3	89.7	
98.9	89.7	
99.3	89.7	
99.3	99.4	
98.9	89.7	
99.3	89.1	
99.3	89.7	
99.3	89.7	
88.6	69.5	
99.3	69.3	
98.5	99.6	
89.2	89.7	
99.1	89.7	
99.1	89.5	
99.1	89.7	
99.3	79.6	
98.9	79.4	
99.3	89.7	
99.3	89.5	
99.3	89.5	
99.3	89.7	
98.9	89.7	
99.3	89.7	
89.2	89.7	
99.3	89.7	
99.3	69.5	
99.1	89.7	
99.3	99.6	
99.3	89.7	
99.1	89.7	
99.1	89.7	
99.3	89.5	
98.9	89.7	
99.3	89.7	
89.2	89.7	
99.3	89.7	
99.3	89.7	
99.3	89.7	
99.3	89.7	
99.3	99.6	
99.3	89.7	
99.3	89.5	
99.1	89.7	
98.9	89.7	
99.3	69.3	
99.3	89.7	
99.3	99.4	
99.1	89.7	
99.1	89.7	
98.9	89.7	
89	89.7	
98.9	89.7	
98.7	79.6	
99.3	89.7	
99.3	89.7	
98.9	89.5	
99.1	99.6	
98.9	79.2	
98.9	89.5	
99.3	89.7	
99.3	89.5	
89.2	89.5	
99.3	89.5	
99.3	89.7	
99.3	79.6	
99.1	89.5	
99.3	89.7	
98.9	89.7	
99.3	89.5	
99.3	89.7	
98.9	89.7	
99.3	89.7	
99.1	89.7	
99.1	89.7	
98.9	89.7	
99.1	89.7	
99.1	89.7	
98.9	89.7	
99.3	89.7	
99.1	79.6	
99.3	89.7	
99.3	89.7	
99.3	89.7	
98.9	99.4	
99.3	89.7	
99.1	89.5	
99.3	89.7	
99.3	89.7	
99.3	89.7	
99.1	89.7	
98.5	89.3	
99.3	89.7	
99.3	89.7	
99.3	89.7	
99.3	89.7	
99.1	89.7	
99.3	89.7	
99.3	99.6	
98.3	89.7	
99.3	89.7	
89.2	79.6	
89	89.3	
98.7	79.6	
99.3	96.8	
99.1	89.7	
99.1	89.7	
89.2	89.7	
98.7	79.6	
99.1	89.7	
99.3	89.7	
89.2	89.7	
89	89.7	
98.7	89.7	
99.1	89.7	
98.7	89.7	
99.3	89.7	
78.9	89.5	
98.9	79.6	
99.1	89.5	
98.9	89.7	
99.1	89.7	
99.1	79.6	
99.3	89.7	
98.7	89.7	
98.9	79.6	
98.9	89.7	
99.1	89.7	
99.3	99.6	
99.3	89.7	
99.3	89.7	
99.3	89.7	
99.3	69.1	
99.1	89.7	
98.9	89.7	
99.3	99.4	
98.9	99.4	
98.9	69.3	
99.1	89.7	
99.1	89.7	
99.3	89.7	
98.9	89.7	
99.1	89.5	
88.8	89.7	
99.3	89.7	
99.3	89.7	
99.3	89.7	
99.1	89.7	
78.5	89.5	
78.9	79.6	
99.3	89.7	
99.3	89.3	
99.3	79.6	
89.2	89.7	
98.9	89.7	
99.3	79.6	
98.9	89.7	
98.9	89.5	
99.1	89.7	
99.1	89.7	
99.3	89.7	
99.1	89.7	
99.3	89.7	
99.1	89.7	
88.8	89.7	
99.3	89.7	
99.3	99.6	
99.3	99.6	
99.1	89.7	
89.2	89.7	
99.3	89.7	
99.1	89.5	
99.1	89.7	
99.3	89.5	
89.2	89.7	
99.3	89.7	
99.1	89.5	
99.1	89.7	
99.1	89.7	
99.3	79.6	
99.1	89.7	
99.3	89.7	
99.1	89.5	
99.1	98.6	
98.9	89.5	
89	89.3	
99.3	89.5	
99.3	89.7	
88.8	89.5	
99.3	89.7	
99.1	89.7	
99.3	89.7	
88.2	89.7	
99.3	89.7	
99.3	89.5	
99.1	89.7	
99.1	89.7	
99.1	79.6	
99.3	89.7	
98.9	89.7	
98.7	89.7	
99.1	89.5	
99.3	89.3	
99.3	89.5	
99.3	89.7	
99.3	89.7	
89.2	99.2	
99.1	89.7	
99.1	89.7	
99.1	79.4	
99.3	89.7	
99.1	89.7	
99.3	89.7	
99.3	89.7	
98.7	99.2	
99.3	79.4	
99.1	89.7	
99.3	89.7	
99.3	99.6	
99.3	89.5	
99.3	89.7	
99.1	89.7	
99.3	79.4	
99.3	89.7	
99.3	89.7	
99.3	89.7	
79.1	79	
99.3	89.7	
99.3	89.5	
99.3	89.7	
99.3	89.7	
99.3	89.7	
98.7	89.7	
99.3	89.7	
99.3	99.6	
99.1	89.5	
99.1	89.7	
99.3	89.7	
99.1	89.3	
99.3	89.7	
99.3	89.7	
99.3	89.7	
99.3	89.7	
99.1	89.7	
99.1	89.7	
99.3	89.5	
98.9	89.3	
99.3	89.7	
99.3	99.6	
99.3	89.7	
99.1	89.7	
99.3	99.6	
99.3	99.6	
99.3	89.3	
99.3	89.7	
99.1	89.5	
98.9	89.7	
99.3	89.7	
99.3	89.7	
99.1	89.5	
99.3	89.7	
99.1	89.7	
79.1	89.5	
99.3	89.7	
99.3	89.7	
99.1	89.5	
98.5	89.7	
99.3	79.6	
99.3	89.7	
98.9	89.5	
99.1	99.2	
87.6	89.7	
88.6	89.5	
99.3	89.7	
98.9	89.7	
99.3	89.5	
99.1	79.6	
99.3	89.7	
98.5	89.5	
99.1	89.5	
98.9	89.5	
99.1	89.7	
99.3	89.7	
99.1	89.7	
99.1	89.5	
99.3	89.7	
99.3	89.7	
98.5	89.7	
99.1	79.6	
99.3	89.7	
58.7	89.7	
99.1	89.7	
99.1	89.7	
99.1	89.5	
99.3	89.7	
99.3	89.7	
99.1	79.4	
99.3	89.7	
99.1	99.6	
99.3	89.7	
99.3	89.7	
99.1	69.1	
89.2	89.7	
99.1	89.7	
99.1	89.7	
99.1	89.7	
99.3	89.7	
99.3	89.5	
99.3	89.7	
99.3	89.7	
99.1	99.6	
99.3	89.7	
99.3	89.7	
99.3	89.3	
99.3	89.7	
98.5	89.5	
99.1	99.6	
89	89.3	
99.1	89.7	
99.3	89.7	
99.3	89.7	
98.7	89.7	
89	89.5	
89.2	89.5	
99.1	89.7	
99.3	89.7	
98.7	89.5	
99.1	89.7	
98.9	89.7	
99.1	89.7	
99.1	89.7	
99.3	89.7	
99.3	79.4	
99.3	89.7	
99.3	89.7	
98.9	79.2	
98.1	89.7	
99.3	89.1	
99.3	89.7	
99.3	79.2	
99.3	89.7	
99.1	89.7	
99.1	89.7	
99.3	79.4	
99.1	89.7	
99.3	89.7	
99.3	89.3	
99.1	89.7	
99.3	89.7	
98.9	89.7	
98.9	89.5	
99.3	89.7	
99.3	89.7	
99.3	99.6	
99.3	89.7	
98.5	89.7	
99.1	89.3	
99.3	89.7	
99.1	89.7	
99.3	79.6	
98.9	99.6	
79.3	89.7	
99.3	89.7	
99.1	89.7	
79.1	89.5	
99.1	89.7	
99.1	79.6	
98.5	89.5	
88.6	89.7	
99.1	89.3	
99.3	99.6	
99.1	89.7	
99.3	89.7	
99.1	99.6	
99.3	89.7	
78.9	89.7	
89	89.7	
97.9	79.6	
88.6	89.7	
89.2	89.7	
99.1	89.7	
99.3	89.3	
99.1	89.7	
98.9	89.7	
99.3	89.7	
89	89.7	
99.1	89.7	
99.3	89.7	
99.3	89.7	
99.3	89.7	
99.3	89.7	
89.2	69.3	
99.3	89.7	
99.3	89.7	
99.3	89.7	
99.3	89.7	
99.3	89.7	
99.1	99.4	
98.7	89.3	
99.3	89.7	
99.3	89.7	
88.4	89.7	
99.3	99.6	
99.3	89.7	
89	89.7	
98.5	89.7	
99.3	89.5	
89.2	89.7	
99.3	89.7	
89.2	89.7	
98.9	89.3	
89	89.5	
99.3	89.7	
99.3	89.7	
88.8	89.7	
99.1	89.7	
99.3	89.7	
98.9	89.7	
98.9	89.7	
98.9	89.5	
99.3	89.7	
99.3	89.7	
99.3	89.7	
99.3	89.5	
98.9	89.7	
99.1	89.5	
98.3	89.5	
99.1	79.6	
99.3	89.5	
99.1	99.6	
99.3	89.7	
99.3	89.7	
99.3	89.7	
89.2	89.7	
99.3	79.6	
99.3	89.7	
99.3	79.6	
99.3	89.7	
99.1	89.5	
99.1	89.7	
99.1	89.5	
99.1	89.7	
99.3	79.6	
69	89.7	
99.1	89.7	
98.3	89.7	
99.3	99.4	
98.5	89.7	
99.3	89.7	
99.1	89.3	
99.1	89.7	
99.1	89.7	
98.9	89.7	
99.3	89.5	
98.9	89.7	
99.1	89.7	
99.3	89.7	
99.3	89.7	
98.9	79.6	
99.3	89.3	
99.3	89.7	
99.3	79.6	
99.1	79.4	
99.3	89.7	
99.3	89.7	
99.1	69.3	
99.1	89.5	
99.3	89.7	
89.2	89.5	
99.3	79.4	
99.3	89.5	
99.3	89.7	
99.1	99.6	
99.1	89.3	
98.9	89.7	
98.5	89.7	
99.3	89.7	
99.1	97.4	
99.1	89.5	
98.9	89.7	
89.2	89.7	
99.3	89.7	
99.3	89.3	
99.3	79.2	
89	79.6	
99.1	89.7	
99.1	89.7	
99.1	89.7	
98.9	89.7	
99.3	89.5	
98.7	89.7	
99.3	89.5	
99.1	89.7	
99.1	89.7	
98.9	89.7	
98.7	89.1	
99.1	89.7	
99.1	89.7	
99.3	89.7	
99.1	89.5	
98.5	79.6	
99.3	89.5	
99.3	89.7	
99.1	89.5	
99.1	99.6	
99.3	89.5	
87.6	89.7	
99.3	89.7	
89.2	89.5	
99.1	89.5	
99.1	89.7	
99.1	99.6	
99.3	89.7	
79.1	89.5	
88.8	89.7	
98.7	89.5	
99.3	99.6	
99.1	89.7	
99.3	89.7	
68.8	79.2	
98.7	89.7	
98.9	89.7	
99.3	88.9	
98.7	89.7	
99.1	89.7	
97.5	89.7	
99.3	89.5	
98.9	89.7	
99.3	79.6	
99.3	89.7	
89.2	99.6	
99.3	89.7	
99.1	89.7	
99.3	89.7	
99.3	89.7	
89.2	89.7	
99.1	89.7	
99.3	89.7	
99.3	89.7	
99.3	79.4	
99.1	89.7	
99.1	89.7	
99.1	79.6	
98.9	89.5	
99.3	89.5	
99.3	89.7	
98.9	89.7	
99.3	89.7	
99.3	89.7	
99.3	89.7	
99.1	89.7	
99.3	99.4	
99.3	89.7	
98.9	89.7	
78.7	89.7	
99.3	89.7	
99.3	79.6	
99.3	89.5	
99.3	99.6	
99.3	89.5	
99.3	89.7	
99.3	89.7	
99.1	89.7	
99.3	79.6	
98.7	79.2	
99.1	95.6	
99.3	89.7	
98.9	95.6	
99.3	89.7	
99.3	89.7	
99.3	89.7	
99.1	89.5	
89.2	89.7	
99.3	89.7	
99.3	99.4	
98.9	89.7	
99.3	89.7	
99.3	89.5	
99.1	89.7	
99.1	89.7	
99.3	89.7	
99.3	89.7	
98.7	69.5	
98.7	98.4	
98.9	89.7	
98.7	89.7	
98.7	89.7	
99.3	79.6	
99.3	89.7	
98.7	89.7	
99.3	79.4	
99.1	79.6	
99.3	89.7	
99.1	89.7	
99.3	89.7	
99.3	89.7	
99.3	89.7	
99.3	89.7	
89	89.7	
89.2	89.5	
99.1	89.7	
99.3	89.7	
98.3	89.7	
99.3	89.7	
99.3	89.7	
89.2	89.5	
99.3	89.7	
99.3	89.7	
98.9	89.5	
99.3	98.2	
99.3	89.7	
98.9	79.4	
99.3	79.6	
98.5	89.7	
99.1	89.7	
99.1	89.7	
99.1	79.6	
79.1	89.7	
