99.1	99.6	
98.3	89.7	
99.3	89.3	
99.3	79.6	
99.1	89.7	
89.2	89.7	
99.1	68.9	
98.7	89.5	
99.3	89.7	
98.5	99.4	
98.5	79.4	
98.9	79.2	
88.6	89.7	
98.3	99.4	
98.7	89.3	
99.1	79.2	
78.3	89.5	
99.3	89.5	
98.9	89.7	
99.3	89.7	
99.1	89.1	
99.3	89.7	
98.7	89.3	
99.1	89.7	
99.1	89.5	
99.1	88.9	
99.3	89.7	
99.3	99.4	
89.2	79.6	
98.9	79.6	
69	89.7	
99.1	89.7	
98.7	89.7	
88	79.4	
89.2	89.7	
99.3	79.6	
99.1	89.3	
99.3	89.7	
88.8	89.5	
99.3	89.7	
99.3	89.7	
68.8	89.7	
99.3	89.5	
99.1	89.7	
98.9	79.6	
99.1	89.5	
98.7	69.5	
99.3	89.7	
98.9	89.3	
99.1	89.7	
99.1	89.7	
99.1	79.4	
98.5	89.5	
79.1	89.7	
99.3	99.4	
99.1	89.7	
99.3	89.7	
59.1	89.7	
98.9	89.7	
99.1	89.5	
99.1	99.4	
89	89.7	
89	89.5	
99.1	99.6	
99.1	89.5	
99.3	89.7	
98.7	89.7	
99.3	89.5	
69	89.5	
89.2	89.7	
99.1	89.3	
98.5	89.5	
98.9	79.6	
89	88.7	
89.2	89.1	
98.7	89.7	
99.3	99	
88.8	99.6	
99.3	99.4	
99.1	89.5	
98.9	89.7	
98.9	79.6	
99.3	89.7	
98.7	79.2	
88.2	89.7	
98.9	99.6	
98.7	99.6	
87.8	89.7	
99.1	89.7	
89.2	99.4	
89.2	89.5	
99.3	89.3	
98.9	89.7	
99.1	89.5	
98.9	89.1	
99.1	89.5	
99.3	89.7	
78.7	79.4	
99.3	99.4	
99.1	89.7	
88.8	79.6	
98.7	78.6	
99.1	79.2	
98.7	88.7	
98.7	89.7	
98.9	89.3	
98.9	89.5	
98.9	89.5	
98.9	89.7	
98.7	89.5	
99.3	89.5	
99.1	79.4	
98.5	79.4	
99.3	89.7	
98.7	99.4	
99.1	89.5	
98.3	89.3	
99.1	89.5	
59.1	89.7	
99.1	89.7	
89.2	89.7	
89	89.7	
99.1	99.4	
69	79.6	
89	89.5	
98.9	89.3	
99.1	89.7	
99.3	89.3	
99.1	89.7	
89.2	69.5	
99.3	79.6	
99.1	89.7	
99.3	69.3	
99.1	89.7	
98.9	89.5	
78.9	89.5	
98.9	99.6	
97.9	79.6	
88.6	89.7	
99.3	89.5	
99.3	59.2	
98.9	99.4	
98.9	89.3	
99.1	98.6	
98.9	89.5	
99.1	79.4	
98.9	89.7	
99.3	79.4	
98.9	89.7	
99.1	89.5	
76.7	79.4	
99.3	89.7	
78.9	89.7	
88.6	89.7	
99.3	89.5	
89.2	89.7	
98.9	89.7	
99.1	89.3	
99.3	99.2	
89	89.7	
99.1	88.7	
88.4	79.6	
88.6	89.5	
99.1	79.6	
99.1	89.7	
99.3	89.7	
89.2	89.7	
99.1	99.6	
99.3	89.5	
99.3	89.5	
98.9	89.7	
99.3	89.7	
99.3	79.6	
99.3	89.7	
99.3	69.3	
99.1	89.7	
99.1	89.7	
99.3	89.7	
98.7	89.7	
98.9	79.6	
98.9	89.5	
98.5	89.7	
99.1	89.7	
98.7	79	
99.3	89.7	
98.5	89.3	
98.5	89.7	
99.3	89.5	
98.9	99.6	
78.3	89.5	
99.1	89.7	
99.3	89.1	
99.3	79.6	
99.3	89.5	
98.9	69.5	
99.1	89.7	
98.9	89.3	
99.3	89.5	
99.1	58.4	
99.3	89.7	
99.1	89.7	
98.9	89.7	
99.1	99.4	
98.9	89.7	
98.5	89.7	
99.1	89.3	
78.7	99.4	
99.1	89.7	
98.9	89.1	
98.9	89.3	
99.3	89.7	
68.8	89.3	
99.1	89.7	
99.3	99.6	
99.1	89.7	
99.3	89.7	
99.3	89.7	
89	79	
99.3	89.5	
99.3	89.5	
99.3	79.6	
98.7	89.7	
99.3	89.7	
99.3	89.7	
98.9	79.4	
99.1	89.7	
89	89.7	
99.1	89.7	
99.1	89.7	
98.7	89.5	
89.2	89.3	
99.3	89.5	
99.1	89.7	
88.8	89.7	
99.1	89.7	
99.3	89.5	
87.8	89.7	
69.2	89.7	
98.7	89.7	
98.3	89.3	
88.6	89.7	
99.3	89.5	
99.1	89.3	
98.9	89.7	
99.1	89.7	
99.1	89.5	
99.1	89.5	
98.7	89.7	
98.9	89.5	
99.1	89.7	
99.1	89.7	
99.3	78.4	
99.3	89.5	
89.2	89.7	
99.3	79.6	
28.4	99.6	
99.3	88.9	
79.1	89.7	
99.3	89.7	
98.3	89.7	
99.3	89.7	
99.1	89.7	
99.1	89.5	
99.1	89.7	
98.9	89.7	
97.7	98.8	
88	89.5	
98.9	79.6	
99.3	89.7	
98.7	89.5	
88.8	89.7	
98.9	89.7	
87	99.4	
99.3	89.7	
88.8	89.3	
99.3	79.6	
89.2	89.7	
98.7	89.7	
98.9	99.6	
99.3	89.7	
99.3	79.6	
99.1	79.2	
98.9	68.7	
99.3	89.7	
99.3	89.7	
89	89.1	
99.3	69.5	
99.1	59.4	
98.7	89.5	
99.1	79.4	
99.1	89.7	
99.1	79.6	
98.7	68.7	
98.5	59	
99.1	89.1	
98.7	99.4	
99.3	89.7	
98.9	89.7	
89	69.3	
88.8	99.2	
99.1	89.7	
99.1	89.7	
98.9	89.7	
98.7	79.4	
98.9	89.5	
99.3	89.7	
88.8	79.6	
98.7	89.7	
79.1	89.7	
99.1	79.6	
98.7	89.7	
99.3	89.7	
98.7	99.6	
98.5	89.7	
79.1	99.6	
99.1	99.6	
88.6	89.3	
99.3	89.7	
99.1	89.7	
98.9	89.7	
99.1	99.6	
99.3	89.5	
99.1	89.5	
99.1	89.7	
99.1	99.6	
98.9	79.2	
99.1	89.7	
99.3	89.7	
99.3	89.7	
99.3	89.7	
99.1	89.3	
99.3	79.4	
99.1	89.7	
89.2	89.7	
99.3	89.7	
99.3	99.4	
99.3	89.7	
98.7	89.5	
88.8	89.7	
99.1	89.7	
67.4	89.5	
98.9	89.7	
98.9	89.5	
99.1	89.7	
98.9	89.3	
99.1	89.7	
99.3	89.7	
98.9	99.6	
89	89.7	
99.3	89.7	
98.7	89.5	
99.3	89.5	
89.2	89.5	
98.3	89.7	
88.8	89.7	
99.3	79.6	
98.7	99.6	
99.1	99	
99.1	89.7	
99.1	79.6	
99.3	89.3	
99.3	89.7	
99.3	99.6	
99.1	99.6	
99.3	89.5	
98.9	69.5	
98.9	89.5	
99.1	89.7	
79.1	89.5	
78.7	89.5	
68.6	99.6	
99.1	89.3	
99.1	89.7	
99.1	79.4	
99.3	89.3	
98.5	89.5	
98.9	89.5	
98.7	89.7	
99.1	79.2	
99.1	79.4	
98.3	89.7	
98.7	89.5	
98.7	89.7	
98.3	89.7	
99.3	89.7	
98.9	79.6	
99.3	79.6	
68.4	89.7	
98.9	89.5	
99.1	89.7	
99.1	89.7	
99.3	99.6	
99.3	89.7	
98.9	89.5	
98.5	89.7	
89	89.5	
99.1	89.3	
98.9	89.3	
99.1	89.5	
88.6	89.5	
99.3	79.2	
99.1	79.6	
89	89.3	
98.9	89.7	
99.1	89.7	
98.7	79.6	
99.3	89.7	
98.9	99.6	
99.3	89.7	
99.1	69.1	
98.9	89.5	
89	99.4	
99.3	89.7	
98.9	89.5	
98.5	89.5	
98.7	89.7	
99.3	89.5	
99.1	89.7	
97.9	89.7	
99.3	89.3	
99.1	79.6	
99.3	89.5	
98.7	89.7	
79.3	89.7	
99.1	89.7	
99.3	89.3	
98.9	79	
99.3	89.5	
98.9	89.7	
98.9	89.7	
79.3	99.6	
99.3	99.6	
79.1	89.7	
98.9	59.2	
98.9	89.7	
99.1	89.5	
89	79	
99.1	89.7	
37.3	89.7	
99.1	89.7	
99.1	79.6	
99.1	89.3	
79.3	89.5	
99.1	99.4	
98.5	89.5	
89.2	89.7	
89	89.5	
99.3	89.5	
99.3	89.7	
99.3	89.7	
99.3	89.7	
99.1	89.7	
98.7	89.5	
99.3	79.6	
89.2	89.5	
89.2	79.6	
99.3	89.7	
98.7	89.5	
99.3	89.7	
98.7	89.7	
98.9	89.1	
99.3	89.3	
99.3	89.3	
89.2	99.6	
88	99.6	
99.1	89.5	
99.1	79.6	
99.1	89.7	
99.3	79.6	
77.7	89.3	
98.7	89.7	
99.3	79.6	
98.7	99.2	
99.3	89.1	
99.1	89.3	
98.9	89.1	
79.1	89.7	
89	89.5	
77.7	89.7	
99.1	89.7	
99.1	79	
99.3	99.4	
98.5	99.6	
98.7	89.7	
78.7	99.2	
99.3	79.6	
99.3	89.7	
99.1	99.4	
99.1	89.3	
99.3	89.3	
99.1	89.5	
99.1	89.5	
98.7	89.5	
99.3	89.7	
99.3	89.7	
98.7	89.5	
98.9	79.6	
99.3	99.6	
89	89.7	
89.2	79.6	
99.1	99.6	
99.3	79.6	
99.3	89.7	
98.9	89.5	
98.9	89.7	
99.1	79.6	
99.3	99.6	
99.1	79.6	
98.9	89.7	
98.3	79.6	
89.2	79.6	
99.3	89.7	
98.9	89.7	
99.1	89.5	
98.9	89.7	
98.9	89.3	
98.9	89.7	
98.9	89.7	
99.3	89.7	
99.3	89.7	
99.1	89.1	
98.7	88.5	
99.3	89.7	
99.3	89.7	
99.1	89.7	
98.3	89.7	
78.7	99.2	
99.1	89.7	
79.1	89.5	
99.3	79.6	
99.1	89.7	
99.1	99.4	
99.1	89.5	
88.2	69.5	
98.5	89.5	
99.1	89.7	
98.9	89.7	
98.5	89.5	
99.1	89.7	
99.1	79.6	
99.3	99.4	
99.1	69.5	
89	99.6	
99.1	99.2	
98.5	89.1	
99.3	89.7	
99.1	89.7	
98.5	89.5	
99.1	89.7	
88.8	89.7	
99.3	89.7	
89	89.7	
77.9	89.5	
98.9	89.7	
89.4	89.1	
99.3	89.7	
89.2	89.7	
98.9	89.7	
99.1	89.3	
99.3	89.7	
99.1	89.3	
99.3	79.6	
98.3	89.7	
99.3	89.7	
98.7	89.7	
99.1	89.7	
98.1	89.7	
98.9	89.5	
89.2	89.5	
99.1	89.7	
99.3	89.7	
98.3	89.7	
99.3	89.5	
99.1	89.5	
99.1	99.6	
98.7	89.7	
98.7	89.5	
98.9	99.4	
99.3	89.7	
89	89.7	
99.1	89.7	
99.3	89.5	
98.9	89.7	
99.1	89.7	
99.3	99.6	
99.1	89.1	
89.2	79.4	
98.5	89.7	
88.8	89.5	
99.3	79.6	
99.1	79.6	
88.4	89.7	
98.9	79.6	
99.3	89.5	
99.1	88.9	
99.3	89.3	
99.1	89.7	
99.3	89.5	
99.1	89.5	
99.3	99.6	
99.1	79.6	
99.1	79.4	
99.3	89.1	
99.1	89.5	
99.1	79.6	
98.9	89.7	
98.9	89.7	
99.3	89.5	
98.9	99.6	
98.7	89.7	
99.3	89.5	
88	89.3	
89	99.2	
99.3	79.4	
99.3	98.2	
99.3	89.7	
98.7	99.6	
89	79.6	
99.3	89.7	
98.9	89.1	
99.3	89.7	
99.1	89.5	
98.7	89.7	
89	99.4	
99.1	89.5	
89.2	89.5	
99.3	99.6	
99.3	99.6	
99.3	89.7	
98.9	79.6	
98.5	89.7	
99.3	89.7	
99.3	89.3	
99.1	79.6	
98.9	89.1	
99.3	79.6	
87.6	99.6	
99.1	89.3	
99.3	89.7	
89.2	89.5	
99.1	79.6	
99.1	99.4	
99.1	79.4	
99.1	79.6	
99.3	99.6	
99.1	89.7	
98.9	99.4	
99.3	89.7	
99.3	89.7	
99.3	79.4	
99.1	79.4	
89.4	99.6	
89.2	99.4	
98.5	89.7	
99.3	99.4	
98.5	89.7	
99.1	89.7	
78.5	89.7	
99.3	89.5	
98.7	89.5	
88.4	99.6	
99.3	89.7	
89.2	89.7	
98.7	99.2	
98.9	89.7	
99.1	89.7	
98.9	79.6	
99.3	89.7	
98.9	89.7	
88	99.6	
77.9	89.5	
99.1	99.6	
99.3	89.7	
99.1	79.6	
78.9	89.5	
98.9	79.6	
89	99.6	
99.1	99.6	
99.3	89.3	
99.1	79.4	
88.8	79.6	
58.3	89.7	
99.1	89.5	
98.9	79.6	
98.9	89.5	
98.5	89.5	
98.9	89.7	
98.7	89.5	
99.3	89.7	
98.9	89.7	
99.3	89.7	
68.6	69.3	
99.3	79.6	
98.1	99.6	
99.1	79.6	
79.1	89.1	
98.3	99.6	
97.5	79.2	
99.3	89.7	
99.3	89.5	
99.1	89.5	
99.3	99.4	
89.2	89.7	
98.5	89.7	
99.1	89.7	
99.1	69.1	
99.1	89.7	
78.1	88.9	
99.1	99.6	
98.9	88.9	
99.3	89.7	
98.9	89.7	
98.5	89.7	
89.2	49.3	
99.3	89.7	
99.3	89.5	
99.3	89.7	
89	89.7	
89	99.6	
98.9	89.7	
99.3	79.6	
99.1	89.7	
98.7	89.3	
98.5	89.3	
99.3	89.7	
98.9	79.6	
99.1	89.7	
99.1	89.7	
89.2	89.7	
99.1	99.4	
98.9	89.7	
89	89.7	
99.1	89.5	
99.3	89.7	
99.1	89.3	
88.2	89.7	
99.3	89.7	
99.1	89.7	
99.1	99.6	
99.1	89.1	
98.7	79.6	
99.1	79.6	
99.3	89.7	
98.7	89.7	
99.3	89.7	
99.3	98.6	
98.5	99.6	
98.3	89.7	
99.3	99.6	
99.1	89.7	
88.8	89.7	
99.1	89.7	
99.1	89.3	
98.9	89.5	
99.3	99.6	
98.9	79.6	
98.9	99.4	
99.1	69.5	
98.9	89.7	
98.9	89.7	
98.9	89.7	
99.3	89.7	
98.9	89.7	
99.1	99.4	
78.3	79.4	
99.3	89.7	
89.2	79.6	
99.1	79.4	
99.3	89.7	
99.3	89.7	
99.1	89.5	
89	79	
98.9	79.6	
89	89.7	
99.1	88.9	
87.8	89.7	
89.2	79.4	
99.1	89.5	
99.3	89.5	
99.1	89.7	
99.3	89.7	
99.3	89.7	
98.9	89.7	
99.1	89.7	
99.1	89.7	
88.8	89.7	
99.3	89.7	
99.1	79.6	
99.1	89.3	
98.9	89.7	
98.5	89.7	
99.3	99.2	
78.7	99.2	
99.1	99.6	
89.2	89.7	
99.3	89.7	
99.1	89.1	
99.3	79.6	
98.7	89.7	
99.3	89.5	
98.9	89.7	
99.1	99.6	
99.1	59.2	
99.1	89.7	
99.3	69.5	
99.3	79.6	
88.8	89.5	
98.9	89.3	
99.3	98.8	
98.9	89.7	
99.3	89.7	
98.3	99.4	
99.1	89.7	
99.1	99.4	
88.6	99.4	
89	89.7	
99.3	89.7	
78.9	89.7	
99.3	89.7	
99.3	89.7	
99.1	89.3	
48.4	89.1	
57.9	48.7	
98.9	89.7	
99.1	89.3	
99.1	69.3	
99.3	59.4	
99.1	89.7	
98.9	89.5	
99.1	79.4	
99.1	89.7	
99.3	79.6	
99.1	89.7	
99.1	89.7	
98.9	89.7	
98.9	89.7	
79.1	89.7	
89	89.7	
99.1	89.3	
99.3	89.7	
99.3	88.9	
99.3	89.5	
98.9	99.4	
79.5	89.1	
98.9	88.9	
98.7	99.6	
99.1	78.6	
99.1	89.3	
98.7	99.6	
99.1	89.7	
98.3	89.5	
88.6	89.1	
98.7	89.7	
99.1	89.5	
99.3	89.7	
99.1	89.7	
89	89.7	
99.3	89.7	
99.1	79.6	
99.3	89.7	
99.3	89.7	
97.7	69.3	
99.1	89.5	
68.6	89.5	
99.3	89.5	
98.9	89.7	
99.1	89.3	
99.3	89.5	
99.3	89.7	
99.3	89.7	
69.2	89.7	
99.3	99.2	
98.7	89.3	
99.1	99.6	
98.9	89.7	
88.6	89.7	
99.3	89.7	
99.1	99.6	
88	89.7	
98.7	89.7	
89.2	89.7	
98.9	89.7	
99.1	89.7	
89.2	89.3	
99.1	89.5	
99.3	89.5	
99.1	89.7	
98.9	89.7	
98.7	89.5	
79.3	89.5	
99.3	89.7	
89.2	89.7	
98.7	89.7	
99.1	89.7	
97.9	89.5	
87.4	79.6	
98.9	89.5	
89.2	89.1	
99.1	89.5	
99.1	99	
98.7	89.5	
98.9	99.6	
99.3	99.4	
98.9	89.7	
98.9	89.7	
99.3	89.7	
98.9	89.7	
99.3	89.7	
89.2	89.7	
99.3	89.5	
98.7	89.7	
78.9	89.1	
88.8	89.3	
99.1	99.6	
98.7	69.1	
98.9	89.7	
98.7	89.3	
98.7	99.6	
98.9	89.5	
98.5	89.7	
89.2	89.5	
99.1	79.6	
67.4	89.5	
89	89.5	
99.3	89.1	
89.2	89.7	
98.5	89.3	
99.1	89.5	
88.6	89.7	
99.1	89.5	
98.5	99.6	
99.1	89.7	
87.8	89.3	
98.7	89.3	
79.3	79	
98.9	89.3	
99.1	79.6	
89	89.5	
98.9	89.7	
88.4	89.7	
99.1	89.5	
99.3	79.6	
99.3	89.7	
99.1	89.7	
99.3	89.7	
89.2	89.7	
99.3	89.7	
98.7	69.1	
99.1	98.8	
89.2	88.7	
98.7	89.7	
88.6	89.7	
99.3	69.5	
99.3	89.7	
99.1	89.7	
99.1	69.3	
89.4	89.3	
99.1	89.7	
99.1	89.3	
99.1	79.2	
99.1	89.5	
88.8	89.7	
99.3	89.3	
98.9	89.1	
88.2	89.7	
98.9	89.7	
98.7	89.7	
98.9	89.7	
89.2	89.7	
99.3	89.5	
98.9	99.4	
99.1	79.6	
89	89.7	
99.1	99.6	
78.7	99.6	
98.9	89.7	
99.3	89.7	
99.3	79.6	
98.9	89.5	
88	89.5	
89.4	79.6	
98.3	89.7	
37.5	89.5	
68.4	89.1	
99.1	99.2	
98.9	89.7	
78.9	89.7	
98.9	99.6	
97.9	89.1	
99.3	89.7	
98.3	89.5	
98.7	79.6	
99.1	89.7	
99.3	89.5	
99.1	89.7	
99.1	99.4	
99.3	99.4	
89.4	89.3	
99.1	79.6	
89.2	89.7	
