99.1	99.4	
99.3	99.2	
98.9	99.6	
99.3	99.4	
99.3	99.6	
99.3	99.6	
99.3	99.6	
99.3	99.4	
99.1	89.5	
89.2	99.4	
99.3	99.6	
99.1	99.6	
99.3	99.2	
99.3	99.6	
98.7	99.6	
89.2	99.6	
99.1	99.4	
99.3	99.2	
99.1	99.6	
98.5	99.6	
99.3	99.6	
99.3	99.6	
99.1	99.6	
99.1	99.6	
99.1	99.6	
99.1	99.6	
69	99.6	
98.9	99.6	
98.9	99.4	
99.1	89.7	
99.1	99.4	
98.9	99.6	
99.3	99.6	
99.1	99.6	
89	99.6	
99.1	99.4	
99.3	99.6	
89.2	99.6	
99.1	99.6	
98.7	99.6	
99.1	99.6	
98.7	99.6	
99.3	99.6	
99.1	99.6	
99.1	99.6	
89.2	99.6	
98.9	89.7	
99.3	99.6	
99.1	99.6	
79.1	99.6	
99.3	99.6	
99.3	99.6	
89	99.6	
99.3	99.6	
98.7	99.6	
78.9	99.6	
77.5	99.6	
99.1	99.6	
99.3	99.6	
98.7	98.6	
88.8	99.6	
97.7	99.6	
98.9	99.6	
99.1	98.8	
98.5	99.6	
99.1	99.4	
99.1	99.6	
99.1	99.4	
99.3	99.6	
99.3	99.6	
98.1	98.8	
98.7	99.6	
98.9	99.2	
99.3	99.6	
99.3	99.6	
99.3	99.2	
88.4	99.6	
79.1	99.2	
99.3	99.6	
89	99.6	
88.2	99.4	
99.3	99.2	
99.3	99.6	
99.3	99.6	
99.1	99.6	
99.1	99.4	
99.3	99.6	
98.9	89.7	
99.3	99.6	
99.3	99.6	
88.4	99.6	
99.3	89.7	
99.3	99.4	
88	99.6	
98.9	99.6	
79.1	99.6	
99.3	99.2	
98.9	99.6	
89.2	99.6	
99.1	99.6	
98.9	99.4	
88.6	99.6	
98.9	99.6	
99.3	99.6	
99.3	99.6	
88.8	99.6	
99.3	99.6	
99.1	99.6	
99.3	99.2	
99.3	89.5	
98.7	99.6	
99.1	98.8	
98.7	99.6	
99.3	99.6	
99.3	99.6	
99.1	99.6	
99.3	99.6	
98.9	99.6	
98.9	79.2	
98.1	99.6	
98.7	99.6	
99.3	99.2	
89.2	89.5	
77.9	99.6	
88.8	99.6	
99.1	99.6	
99.3	99.4	
99.1	99.6	
98.9	99.4	
99.1	79.4	
98.3	99.6	
99.3	99.6	
98.9	99.4	
98.9	99.2	
99.3	99.6	
99.3	89.3	
99.1	89.5	
78.9	99.6	
99.1	99.6	
99.1	99.6	
97.9	99.6	
99.3	99.6	
99.1	89.5	
99.1	99.6	
99.3	99.6	
99.1	99.6	
89.2	99.2	
99.3	99.6	
99.3	99.2	
99.3	99.4	
99.1	99.4	
99.3	99.6	
99.3	99.6	
99.1	99.4	
99.3	99.6	
99.1	99.6	
98.9	99.4	
99.3	99.6	
99.3	99.6	
98.9	99.6	
99.3	89.3	
99.3	99.6	
99.3	89.5	
98.7	99.2	
98.9	99.6	
89.2	99	
99.3	99.6	
99.1	99.6	
98.9	99.6	
88.6	99.6	
98.9	99.4	
99.3	99.4	
99.3	89.7	
89	99.6	
99.1	99.6	
89.2	99.6	
99.1	98.6	
89.2	99.6	
99.1	99.4	
99.1	99.6	
99.3	99.6	
99.3	99.6	
98.7	99.6	
99.1	99.6	
99.1	99.6	
99.3	99.4	
99.1	99.6	
99.3	99.6	
88.4	99.6	
99.3	99.2	
98.7	89.5	
99.3	99.6	
99.1	99.6	
99.3	99.4	
99.1	99.6	
89	89.5	
89.2	89.5	
99.3	99.2	
79.3	99.4	
98.9	99.6	
98.5	99.2	
99.3	99.4	
99.3	99.6	
99.3	99.6	
99.3	79.4	
98.7	99.6	
99.3	99.6	
98.9	99.6	
99.3	99.2	
99.1	99.6	
99.3	99.4	
89	89.1	
98.7	99.6	
89	89.7	
99.3	99.4	
99.3	99.6	
99.1	99.6	
98.9	99.6	
89.2	99.6	
99.3	99.6	
99.3	99.4	
99.3	99.4	
99.1	99.6	
99.3	99.2	
98.3	99	
99.3	99.6	
99.1	99.6	
98.9	99.6	
99.3	99	
99.3	99.6	
99.3	99.4	
98.9	99.4	
99.1	99.6	
98.9	99.6	
99.3	89.7	
99.3	89.7	
99.3	99.6	
98.3	99.4	
99.1	99.6	
98.7	99.6	
99.1	99.6	
98.5	99.2	
99.1	99.4	
99.1	99.4	
99.3	99.6	
99.1	89.7	
99.1	99.2	
99.3	99.4	
99.3	99.6	
99.3	99.6	
99.3	99.6	
98.9	99.6	
99.1	99.6	
98.9	99.6	
99.1	99.4	
98.9	99.2	
89.4	99.4	
98.9	99.6	
87.4	89.7	
98.5	99.4	
99.1	99.4	
98.5	99.6	
98.7	99.6	
99.3	89.7	
97.7	99.6	
99.1	99.2	
99.1	99.6	
99.1	99.4	
98.7	99.6	
98.7	99.6	
99.3	99.4	
99.3	99.2	
98.7	99.4	
99.3	99.6	
98.7	89.5	
89.2	99.4	
99.3	99.6	
99.3	99.4	
99.3	99.6	
89.2	99.6	
88.8	89.5	
99.3	99.6	
98.9	99.6	
99.3	99.6	
99.3	99.6	
98.7	99.6	
99.3	99.6	
99.3	89.5	
99.3	99.6	
99.1	99.6	
99.3	89.7	
89	99.6	
99.3	99.6	
98.9	99.6	
99.1	99	
99.3	89.5	
99.1	99.6	
99.3	98.4	
99.3	99.6	
99.3	99.6	
99.3	99.6	
89.2	99.6	
99.1	99.6	
99.3	99.4	
99.3	99.4	
89.2	99.6	
99.1	99.6	
99.3	99.6	
99.3	99.6	
99.3	99.6	
99.1	89.7	
99.1	99.6	
99.3	99.6	
98.7	99.2	
99.3	99.4	
99.3	99.6	
98.9	99.6	
98.1	99.6	
99.3	99.2	
89.2	99	
99.3	99.6	
99.3	99.6	
98.9	99	
99.1	99.6	
99.3	99.6	
99.3	99.6	
99.3	99.6	
89	99.6	
89.2	99.6	
99.1	99.6	
99.3	99.6	
99.3	99.4	
99.3	99.6	
99.3	99.6	
98.9	99.6	
99.3	99.6	
99.1	99.4	
79.3	99.6	
99.3	99.2	
99.1	99.6	
99.3	99.6	
99.3	99.6	
99.3	99.6	
99.3	99.4	
99.3	99.6	
99.3	89.7	
99.3	99.6	
99.3	89.5	
98.9	99.4	
98.9	99.6	
99.1	99.6	
99.3	99.6	
99.3	99.4	
98.9	99.6	
99.3	99.6	
98.9	99.6	
98.9	99.6	
98.9	99.6	
98.5	99.6	
78.9	99.4	
98.9	99.2	
98.7	79.2	
87.4	89.7	
99.3	99.6	
99.3	99.6	
99.3	99.2	
98.9	99.6	
99.3	99.6	
98.7	99.6	
99.3	99.6	
98.9	99.6	
99.3	89.7	
89.2	99.4	
99.3	99.6	
98.9	99	
98.3	99.6	
98.9	99.6	
99.1	99.6	
99.1	99.6	
99.3	99.6	
89.2	99.6	
99.3	99.6	
98.9	99.6	
99.3	99.4	
98.9	99.6	
99.3	99.4	
99.3	99.6	
99.1	99.4	
99.3	99.6	
79.1	99.6	
98.7	99.6	
99.1	99.4	
98.9	89.5	
99.3	99.4	
99.3	99.2	
99.3	99.6	
98.3	99.6	
99.3	99.4	
99.3	99.4	
98.5	99.6	
99.1	99.6	
99.3	89.5	
99.3	99.2	
99.1	99.6	
99.3	99.6	
89	99.2	
99.1	99.6	
89.2	99.6	
99.1	99.6	
99.1	99.6	
99.1	89.7	
98.9	99.4	
99.1	99.2	
99.3	99.4	
98.9	99.6	
99.3	99.6	
98.3	99.6	
99.1	99.6	
98.9	99.6	
99.3	99.4	
99.3	99.6	
99.3	99.6	
98.9	99.4	
98.9	99.6	
99.3	99.4	
99.1	99.6	
99.1	99.6	
99.3	89.5	
89.4	99.6	
99.3	99.6	
88.6	99.6	
98.9	99.6	
99.3	99.6	
98.9	89.3	
99.3	99.6	
89.2	99.6	
99.3	99.4	
99.3	99.4	
98.9	99.6	
99.3	99.6	
89.2	99.4	
99.1	99.6	
99.1	99.4	
99.1	99.4	
99.3	99.6	
99.1	99.6	
98.7	99.6	
99.3	99.6	
99.3	99.2	
99.3	99.6	
98.9	99.6	
99.3	99.6	
99.3	99.6	
98.7	99.6	
89	99.6	
98.9	99.4	
99.3	99.6	
99.3	99.6	
98.9	99.6	
99.1	99.6	
99.3	99.4	
99.3	99.4	
99.3	99.6	
99.1	99.6	
99.1	99.6	
99.3	99.6	
99.3	99.6	
98.7	99.6	
99.1	99.4	
99.3	99.4	
99.1	99.6	
99.1	99.6	
98.9	99.4	
99.3	99.6	
99.1	99.6	
98.1	99.6	
99.3	99.4	
98.9	99.6	
78.9	99.6	
99.3	99.6	
99.3	99.6	
99.1	99.6	
99.3	99.6	
98.9	99.2	
98.9	99.4	
99.3	99.4	
99.3	99.6	
99.3	99.2	
97.9	99.6	
99.3	99.6	
99.3	99.4	
89.2	99.6	
99.3	88.9	
98.7	99.6	
99.3	99.6	
89	99.4	
99.3	99.6	
99.3	89.5	
99.3	99.6	
98.7	99.6	
89	99.6	
99.1	99.6	
99.3	99.6	
99.1	99.6	
98.9	99.6	
99.3	99.6	
99.3	89.5	
89.2	99.6	
99.1	99.6	
99.3	99.4	
99.3	99.2	
98.9	99.2	
88.2	99.4	
99.3	89.7	
98.9	99.6	
98.9	99.6	
99.3	99.4	
99.3	99.6	
99.3	99.4	
99.3	99.6	
99.1	99.6	
97.7	99.2	
99.3	99.6	
99.1	89.5	
98.9	99.6	
98.5	99.6	
99.1	99.4	
98.3	89.5	
99.3	89.3	
99.3	99.6	
99.3	99.2	
98.9	89.7	
99.3	99.6	
99.3	99.4	
89	99.6	
98.9	99.6	
98.9	99.6	
78.9	99.6	
98.7	99.6	
99.1	99.6	
99.3	99.4	
89.2	99.6	
99.1	99.6	
99.3	99.6	
98.7	99.6	
99.1	99.6	
99.3	99.6	
99.3	99.4	
99.1	99.6	
99.1	99.2	
98.9	99.6	
98.7	99.6	
99.3	99.6	
99.1	99.4	
99.3	99.4	
99.3	99.6	
99.1	99.2	
99.3	99.6	
99.3	99.4	
99.3	99.6	
98.9	99.4	
98.7	99.6	
99.3	89.5	
99.3	99.6	
98.5	99.6	
99.1	79.2	
98.1	99.6	
99.3	99.6	
99.3	99.6	
99.3	99.2	
98.9	99.6	
99.1	99.4	
99.3	99.6	
98.9	99.6	
88.8	99.6	
99.3	99.6	
99.3	99.6	
99.3	79.6	
99.1	99.4	
99.3	68.9	
99.3	99.6	
98.9	99.4	
99.3	99.4	
99.3	99.4	
99.1	99.4	
89.2	99.4	
89.2	99.6	
99.3	99.6	
99.1	99.6	
99.3	99.4	
99.3	99.6	
99.3	99.6	
99.3	99.6	
99.1	99.6	
98.9	99.6	
99.3	99.4	
99.3	99.6	
78.9	99.6	
99.1	99.6	
98.5	99.6	
89.2	99.6	
99.3	99.6	
99.1	99.6	
99.1	99.6	
98.9	99.6	
99.1	99.6	
99.3	99.4	
98.7	99.6	
99.1	99.6	
99.3	99.4	
99.3	99.6	
99.3	99.6	
89.2	99.4	
98.7	99.6	
98.9	99.6	
99.1	99.6	
99.3	99.4	
99.1	99.4	
99.3	99.6	
99.3	89.5	
99.1	79.6	
99.1	99.6	
99.3	99.6	
99.1	99.6	
99.3	99.6	
89.2	99.6	
99.3	99.6	
99.1	99.6	
99.1	99.6	
98.3	99.6	
99.1	99.6	
99.3	99.4	
99.3	99.6	
99.3	99.6	
88.6	99.6	
99.3	99.6	
98.7	89.5	
98.9	99.6	
99.1	89.5	
99.3	99.6	
98.9	99.4	
99.3	99.6	
99.3	99.6	
98.9	99.6	
98.9	99.6	
99.3	99.6	
99.3	99.4	
99.1	89.7	
98.9	99.6	
99.3	99.6	
88.4	99.2	
99.3	99.4	
99.3	99.6	
99.3	99	
99.3	99.6	
98.9	99.6	
97.9	99.6	
99.1	99.4	
98.7	99.6	
99.3	99.4	
99.3	99.6	
99.1	99.4	
89.2	99.6	
99.3	99.4	
98.9	99.4	
88.6	99.6	
99.3	99.6	
99.3	99.6	
98.5	99.2	
99.3	99.6	
99.1	99.6	
99.3	99.6	
99.3	99.4	
99.3	99.6	
99.3	99.6	
99.3	99.6	
99.3	99.2	
99.3	99.4	
99.3	99.6	
99.1	99.6	
99.3	99.4	
99.3	99.4	
99.1	89.5	
99.3	99.4	
98.5	89.5	
99.3	78.8	
88	99.6	
89	89.3	
78.5	99.4	
89.4	99.6	
98.5	99.6	
99.3	99.4	
99.1	99.6	
88.8	99.6	
99.1	89.3	
99.3	99.6	
99.3	99.4	
99.3	99.2	
98.3	99.6	
98.7	99.4	
88.8	99.6	
98.7	99.6	
99.3	99.6	
99.3	99.6	
88.2	99.6	
89.2	99.4	
99.3	99.6	
98.9	99.6	
99.3	99.2	
99.3	99.6	
89	99.6	
99.3	99.6	
98.3	99.6	
89.2	99.6	
99.3	99.6	
98.7	99.6	
99.3	99.6	
98.7	99.6	
97.7	99.6	
99.3	99.4	
99.1	99	
99.3	99.6	
98.9	99.2	
89	99.6	
89.2	99.6	
99.3	99.6	
99.3	99.4	
99.1	99.4	
99.3	99.6	
99.3	99.4	
99.1	99.6	
99.3	99.6	
99.3	99.4	
99.3	99.2	
99.3	99.6	
99.3	79.6	
99.1	99.6	
99.3	99.4	
99.1	99.4	
88.6	99.4	
99.3	99.6	
99.3	99.2	
99.1	99.6	
99.3	99.6	
98.1	99.4	
99.1	99.6	
99.1	99.6	
98.9	99.2	
98.3	99.6	
99.1	99.6	
99.3	99.6	
98.9	99.4	
99.1	99.6	
88	99.6	
98.7	99.6	
99.3	99.4	
98.9	89.7	
89.2	99.4	
99.3	99.2	
99.1	99.6	
98.7	99.6	
99.3	99.6	
99.3	99.6	
99.3	99.6	
99.3	99.6	
99.3	99.2	
88.6	99.6	
99.3	99.6	
99.3	99.6	
99.3	99.6	
99.1	99.6	
99.3	99.6	
99.1	99.6	
98.9	89.1	
99.1	99.2	
99.3	99.6	
99.1	99.6	
98.9	99.6	
99.1	99.6	
98.9	99.4	
89.4	99.6	
99.3	99.4	
99.3	99.4	
99.3	89.3	
99.3	99.2	
98.9	99	
99.1	99.6	
89	99.6	
99.3	99	
99.3	99.6	
99.3	99.6	
99.1	99.6	
99.3	99.6	
99.3	89.7	
89.4	99.2	
98.9	99	
99.3	99.4	
99.1	99.6	
98.9	99.6	
99.1	99.6	
98.9	99.6	
99.1	99.6	
98.1	99.6	
99.3	99.6	
89	99.6	
89.2	99.4	
98.9	99.6	
88.8	89.5	
99.1	99.6	
99.3	99.4	
79.1	99.4	
99.3	89.7	
99.3	99.6	
98.9	99.6	
99.3	99.6	
88.2	99.6	
99.3	89.5	
98.7	99.6	
89.2	99.2	
99.3	89.5	
99.3	99.6	
99.1	99.6	
99.3	89.7	
88.4	99.6	
99.3	89.5	
89	99.6	
98.9	99.4	
99.3	79.2	
99.3	99.6	
98.5	99.6	
98.9	99.6	
99.3	99.4	
99.3	99.4	
99.1	99.6	
99.1	99	
99.3	99	
99.3	99.4	
98.9	99.6	
98.5	99.6	
99.1	99.6	
99.3	99.6	
98.5	99.6	
98.9	99.4	
89	99.6	
99.3	89.5	
99.3	99.6	
99.1	99.4	
98.7	99.4	
99.3	99.6	
99.1	99.6	
99.3	99.6	
99.1	99.6	
99.1	99.6	
99.3	99.6	
99.3	99.2	
99.3	89.7	
99.1	99.4	
99.3	99.6	
98.7	99.6	
98.7	99.6	
98.5	99.4	
99.3	99.6	
99.3	99.6	
98.7	99.6	
99.3	99.6	
98.5	99.2	
99.3	99.6	
99.3	99.6	
99.3	99.6	
99.3	99.6	
99.1	99.2	
99.3	89.7	
99.1	99.6	
99.3	99.6	
99.3	99.6	
99.1	99.6	
99.1	99.6	
89.2	99.6	
99.1	99.6	
99.3	99.4	
99.1	99.6	
98.9	99.6	
99.3	99.4	
98.7	99.6	
99.3	99.4	
99.3	99.6	
98.9	99.6	
89.2	99.2	
99.3	99.6	
98.9	99.6	
99.3	99.6	
99.3	99.6	
99.3	99.6	
99.3	99.6	
99.3	99.6	
99.3	99.4	
99.3	99.4	
99.1	99.2	
88.8	99.4	
98.9	99.6	
99.1	99.6	
99.1	99.6	
98.5	99.2	
89.4	99.4	
99.3	99.6	
89.2	99.6	
98.9	99.6	
99.1	99.6	
99.1	99.6	
99.1	99.6	
99.1	89.5	
99.1	99.4	
99.3	99.4	
89.2	99.4	
98.7	99.6	
89.2	99.4	
99.3	99.6	
99.1	99.6	
99.3	99.6	
99.3	89.7	
99.3	99.4	
98.9	99.6	
99.3	99.6	
99.3	99.2	
99.3	99.2	
99.3	99.6	
99.3	99.4	
99.3	99.4	
98.1	99.6	
99.3	99.4	
98.5	99.6	
99.1	99.6	
89.2	89.1	
89	99.4	
99.1	79.6	
98.9	99.4	
99.3	99.6	
98.9	99.4	
89.2	99.6	
99.1	99.4	
89.2	89.7	
99.3	99.6	
89.2	99.6	
99.1	89.5	
99.3	99.6	
99.1	99.6	
99.1	99.6	
98.9	99.4	
99.1	99.4	
98.9	99.6	
99.3	99.6	
99.3	99.6	
99.3	99.4	
99.3	99.6	
99.3	99.4	
99.3	89.7	
99.3	99.2	
89	99.6	
99.3	99.2	
99.3	99.2	
99.3	89.7	
99.3	99.4	
98.7	99.4	
99.1	99.4	
98.7	99.6	
89.2	99.2	
88.8	99.6	
89.2	99.6	
98.5	99.6	
99.3	99.6	
99.1	99.4	
99.1	99.6	
99.3	99.6	
98.7	99.6	
98.9	99.4	
99.3	99.6	
88.8	99.6	
99.1	99.6	
99.3	99.6	
99.1	99.6	
98.9	99.6	
78.1	99.6	
99.3	99.4	
98.9	99.6	
99.1	99.6	
99.1	99.6	
98.7	99.6	
99.3	99.6	
99.3	99.2	
99.3	99.4	
99.1	99.4	
99.1	99.6	
98.9	89.7	
89.2	99.6	
88.2	99.6	
98.5	99.6	
99.1	99.4	
89.4	99.6	
99.3	99.2	
99.3	99.6	
