98.7	99.2	
98.9	99.4	
99.3	89.7	
78.7	88.9	
89.4	89.5	
89	89.3	
99.1	99.6	
99.1	99.4	
98.5	99.6	
89.2	89.7	
98.9	99.4	
99.1	89.1	
99.1	99.6	
99.1	99.6	
89.4	89.7	
89	89.1	
99.3	98.8	
98.7	88.5	
99.3	98.6	
99.3	99.6	
78.7	89.5	
99.3	96.4	
89.4	88.3	
89	99.4	
79.3	89.5	
99.3	99.2	
99.3	99.4	
88.2	97	
99.1	99.6	
79.3	99.6	
99.1	98.4	
98.7	99.6	
98.9	99.6	
69	89.3	
88.8	99.6	
99.1	99.2	
99.3	99.6	
99.1	88.3	
88.8	99.4	
99.1	88.3	
89.4	89.7	
99.1	99.2	
89.2	99.2	
78.7	99.4	
88.6	99.6	
99.1	99.4	
99.3	99.4	
98.5	99.6	
98.9	99.4	
78.9	99.2	
89.4	99.6	
88.6	89.5	
89.4	78.4	
99.3	99.6	
99.3	99.4	
98.7	99.4	
99.3	99.4	
98.9	99.2	
99.3	99.6	
89.2	99	
99.3	87.9	
99.3	99.4	
98.5	99.6	
88.6	99.6	
98.9	99.4	
89	89.5	
79.1	99.2	
99.3	78.8	
98.5	99.6	
98.7	98.8	
78.9	99.2	
89.4	99.6	
89.2	99.6	
79.1	99.2	
98.9	99.6	
99.3	89.5	
99.1	99.6	
89	99.6	
99.1	89.5	
99.3	99	
89	99.6	
98.9	89.5	
98.9	89.5	
69.2	99.6	
99.3	98.8	
89.2	98.2	
98.9	89.1	
78.5	89.1	
98.9	99.6	
89.4	98.8	
68.4	99	
99.1	99.4	
89.2	99.4	
89.4	89.5	
99.3	99.6	
99.3	99.2	
89	99.6	
99.3	99.2	
98.9	99.6	
98.7	99.6	
99.3	89.5	
99.3	99.4	
98.9	99.4	
99.3	99.6	
98.9	99.4	
98.9	98.8	
98.9	99.6	
99.3	99.6	
99.3	99	
99.1	89.1	
89	99.4	
99.3	99.6	
89.2	99.6	
99.3	99.4	
99.1	99.6	
99.3	99.2	
88.8	89.7	
98.7	98.6	
69	89.7	
99.3	99.6	
79.3	79.6	
98.7	99.4	
98.9	99.6	
99.1	97.8	
98.9	98	
89.2	78.6	
98.7	89.5	
89.2	99.4	
78.9	99.2	
99.1	99.2	
89.4	89.7	
68.4	99.4	
99.1	99.6	
79.1	89.3	
79.3	79	
89	98.8	
89.4	99.6	
99.3	99.4	
88	99.4	
99.3	99.2	
89.2	89.5	
89.4	99.6	
99.1	89.5	
79.3	99.4	
89.2	99.6	
99.1	99.6	
87.8	99.4	
89.4	89.3	
99.1	99.6	
99.3	89.7	
89	99.4	
78.9	99.4	
99.3	99.4	
98.9	99.6	
99.1	78.2	
97.7	89.7	
89.4	99.2	
98.3	89.5	
89.2	99.4	
99.1	99.4	
89.2	99.4	
98.7	89.1	
89.4	99.2	
98.9	99.6	
99.1	99.6	
78.7	99.4	
99.3	99.4	
89.4	89.5	
99.3	98	
89.2	98.8	
69	99.6	
88.6	99.2	
99.3	68.3	
99.3	89.1	
99.3	99.6	
98.7	98.6	
89.2	99	
99.3	99.4	
98.5	89.1	
99.1	99.6	
99.1	88.9	
88.8	89.3	
89	98.8	
99.3	99.4	
99.1	99	
99.1	79.2	
99.3	99.4	
89.4	99.4	
98.9	89.7	
99.3	99	
99.1	99.6	
99.3	99	
99.1	89.5	
99.3	89.7	
79.5	99.2	
88.8	89.7	
99.1	89.5	
99.3	89.7	
89.2	89.3	
99.1	89.5	
99.3	99.4	
88.8	99.6	
78.3	88.7	
99.3	98.8	
88.2	99.6	
89.4	99.6	
99.3	99.4	
99.3	88.3	
99.3	99.6	
99.3	99.4	
98.7	99.2	
99.1	99.6	
99.3	99.6	
88.4	98	
89.4	97.8	
89.2	99	
99.3	99.4	
99.1	89.1	
89.4	99.6	
89.4	99.6	
99.3	99.2	
98.9	89.5	
99.3	99.6	
99.1	99.4	
99.1	99	
98.7	99.4	
99.3	99.6	
89.2	89.5	
89.4	99.6	
98.9	99.6	
89.4	99	
89.4	99.2	
99.1	99.4	
99.3	99.2	
99.1	99	
89	98.8	
99.1	99.4	
98.5	99.4	
99.3	99.4	
99.1	89.7	
99.3	96.8	
99.1	88.5	
89	99.6	
89.4	99.6	
99.1	89.7	
98.5	89.5	
89	99.6	
98.3	99	
79.1	99.6	
99.1	99.2	
88.6	99.4	
68.4	89.5	
79.1	99.6	
98.7	99.6	
98.3	99.6	
98.3	99.2	
99.1	96	
88.2	98.8	
99.3	99.4	
89.4	99.4	
99.1	99	
99.1	99.2	
98.9	99.4	
99.3	99.4	
99.3	99	
98.9	99.2	
68.8	99.6	
89.2	98.8	
98.9	99.4	
99.3	89.7	
98.9	99.4	
99.1	99.6	
99.3	99.4	
88	89.3	
99.3	99.6	
99.1	98.8	
88.8	89.3	
99.1	99.6	
78.7	99.4	
99.1	99	
89	99.6	
99.1	99.4	
98.7	99.2	
98.9	99.4	
99.1	99.4	
69.2	88.9	
99.3	99.2	
68.8	99.4	
88.8	99.6	
98.9	99.6	
98.5	89.3	
98.7	99.4	
98.9	99.2	
68.8	88.9	
98.9	89.1	
99.1	99	
98.5	88.9	
98.5	99.6	
99.1	99.6	
89.2	99.4	
98.9	99.4	
99.3	99	
78.7	99.4	
98.3	99.6	
99.1	99.4	
98.7	99.4	
79.1	99.2	
98.9	99	
99.1	99	
99.1	98.6	
99.3	99.4	
99.3	89.7	
99.3	99.6	
99.3	99	
88.4	99.6	
89.2	89.7	
98.7	99.4	
99.1	99.2	
98.9	99.4	
99.1	99.6	
79.3	99	
98.7	99.4	
99.3	87.7	
98.7	99	
99.1	99.2	
89.2	99.4	
88.8	99.2	
89	98.8	
88.8	99.6	
98.9	88.7	
99.1	99.6	
99.1	99	
98.7	99.6	
98.9	99.6	
99.1	97.8	
89.2	99.6	
79.1	99.4	
89.2	89.7	
98.3	99.4	
68.6	89.7	
89.4	99.6	
98.9	99.2	
99.1	99.6	
99.3	99.6	
79.3	89.5	
99.3	99	
89.2	89.7	
89.2	99.4	
99.1	99.2	
99.3	99.6	
99.1	99.2	
89	99.4	
99.1	98.8	
99.3	99.4	
99.3	99.6	
89	99.6	
78.9	89.7	
98.7	99.6	
98.9	99.6	
99.3	99.6	
89	99.2	
89.2	99.6	
98.9	68.3	
88.6	98.4	
98.5	99.6	
69	99.6	
99.3	99.6	
79.5	99.4	
99.3	99.2	
98.5	99.6	
97.5	99.6	
89.2	99.6	
98.9	99.6	
89.2	99.4	
99.3	99.6	
98.9	99	
89.4	89.7	
78.7	99.2	
99.3	99.4	
99.3	98.2	
88.8	99.6	
99.1	98.6	
99.3	99.6	
78.1	99.6	
99.3	88.3	
99.1	88.7	
88.4	99.6	
79.1	98.8	
99.3	98.8	
89.4	98.8	
89	89.7	
89.2	99.2	
98.9	99.6	
89	88.5	
89.4	99	
89.4	99.6	
99.1	99.2	
99.3	99	
99.3	89.7	
79.3	99.4	
99.3	99.2	
99.3	98.8	
79.3	99.6	
99.1	99.2	
99.3	99.6	
99.3	99.4	
89.2	89.7	
99.1	99.6	
98.9	99.6	
78.7	78.6	
99.1	89.5	
99.1	98.4	
89	99	
89.2	98.4	
89	99.4	
89.4	99.4	
89	99.6	
98.9	88.3	
89.2	98.8	
98.7	99.6	
99.3	98.8	
89	87.7	
88.8	99.4	
79.1	89.3	
99.1	89.5	
99.3	89.7	
99.3	99.4	
89.2	99.2	
79.3	99.4	
79.3	99	
99.3	88.9	
99.1	97.4	
89.2	88.9	
99.3	79.2	
88.8	99.6	
89.2	99.6	
89.2	99	
69	99	
99.3	99.4	
89	99.4	
99.3	87.1	
99.1	89.5	
89	99.2	
99.3	88.9	
99.1	89.7	
99.3	99.2	
98.7	89.7	
99.3	99.4	
99.3	99.6	
98.9	98.8	
99.1	98.8	
98.7	99	
99.1	99.6	
99.1	99.6	
99.3	99.6	
98.5	88.7	
99.1	89.7	
98.9	99.6	
98.9	98.6	
98.1	89.3	
99.1	79.2	
99.3	99.6	
98.7	88.7	
89.4	98.2	
89	89.5	
99.3	99.6	
98.1	98	
98.9	99.6	
98.5	99.4	
68.4	99.6	
89.2	99.4	
99.1	99.6	
89.2	98.4	
89.2	99.6	
99.1	99.4	
89	99.6	
99.3	99.2	
99.3	97.8	
99.1	99.4	
98.5	89.5	
89.2	88.3	
89.2	99	
89.2	99.6	
99.1	99.6	
88.8	89.5	
98.9	99.2	
99.3	98.8	
79.1	99.4	
99.1	99	
98.9	89.1	
89.2	89.5	
99.1	99.6	
99.3	99.6	
98.9	97.6	
98.1	99.2	
99.3	99.6	
99.1	99.2	
88.8	98.8	
99.1	98.6	
98.9	89.5	
88.8	99.2	
99.1	99.2	
69	99.6	
89	99.4	
99.3	99.6	
78.7	88.9	
99.3	99.4	
89	98	
88.6	99.6	
89	99.4	
98.9	89.3	
89	99.6	
99.1	89.3	
99.3	99.4	
89.4	99.6	
99.3	99.6	
99.3	99.4	
89.4	99.4	
98.7	88.9	
98.9	99.6	
99.1	99	
98.7	89.3	
98.5	78.6	
98.9	99.6	
98.5	99.2	
99.1	99	
88.8	99.6	
89.4	99.4	
88.4	98.8	
98.1	99.2	
98.9	99.4	
59.1	99.4	
99.3	89.7	
99.3	99.4	
98.9	99.2	
99.3	99	
98.7	96	
99.3	89.5	
99.1	99.6	
98.7	99.2	
89.2	99.2	
69.2	99.6	
89.2	99.6	
89	99.6	
99.3	99.2	
99.1	99.6	
89.4	99.4	
99.3	98.6	
88.6	99.6	
98.9	89.3	
89.4	98.8	
99.3	99.2	
99.3	99.2	
99.3	79.4	
99.3	89.7	
99.3	99.4	
99.1	67.5	
79.3	89.7	
99.3	89.3	
88.2	99	
98.3	89.3	
99.3	98.8	
89.2	99.6	
99.1	89.7	
99.3	98.6	
99.3	99.6	
99.3	99.6	
89.4	99.2	
97.9	98.8	
89.4	98.6	
99.1	89.5	
98.7	99.4	
89.4	99.4	
99.1	99.6	
98.7	99.4	
99.1	99.4	
99.3	99	
99.3	89.5	
99.1	99.4	
99.3	99.4	
99.1	89.5	
99.1	99.6	
99.1	99.6	
99.3	87.1	
99.3	99	
98.9	99.4	
89.2	99.4	
89.4	99.4	
99.3	89.7	
99.3	68.9	
99.1	98.4	
99.1	69.1	
99.3	99.6	
89	99.2	
89	89.3	
99.3	89.5	
89	96.8	
99.3	89.5	
99.1	68.5	
88.6	99.6	
99.3	99.4	
68	89.5	
99.3	99.6	
99.1	98	
99.1	99.6	
89.4	99.4	
89	99.2	
99.1	79.4	
98.7	99	
99.3	98.4	
98.7	99.4	
98.9	99.6	
99.3	99.4	
98.9	99.4	
89.2	79.2	
99.1	87.9	
89.4	67.9	
78.1	98.6	
99.3	99.6	
89.4	99.2	
78.7	99.4	
99.3	99.4	
99.3	98.2	
98.9	99.2	
99.3	99.6	
99.1	99.2	
69	99	
99.3	99.4	
98.7	88.9	
89.2	99.6	
88.8	89.7	
99.3	99.2	
99.3	99	
89	99.6	
98.9	99.4	
99.3	89.5	
99.3	99.4	
98.9	99.4	
99.3	99.6	
89.4	79.4	
99.3	89.5	
99.3	99.6	
99.3	97.6	
98.9	99	
99.1	99.6	
98.9	99.4	
99.1	99.4	
98.9	99.6	
99.1	99.6	
99.3	97.8	
99.3	99.6	
98.9	99.6	
99.3	89.5	
98.9	89.1	
89	99.2	
99.3	99.4	
99.3	99.6	
98.9	99.2	
99.3	98.2	
98.9	99	
89.4	89.5	
89	99.6	
89.2	99.6	
98.5	99.4	
99.1	88.7	
99.3	99.4	
99.3	99.4	
99.1	98.8	
88.6	99.2	
48.4	99.6	
89.2	89.5	
99.3	99.6	
89.2	99.6	
89.4	99.4	
99.3	97.6	
99.3	99.4	
98.9	89.1	
99.1	89.3	
99.3	99.6	
78.9	98.8	
99.3	99.2	
89.4	99.4	
89	99.2	
98.9	99.6	
99.3	89.3	
99.3	99.6	
99.1	79.4	
89.2	99	
88.4	99.6	
89.4	99.6	
99.1	98.6	
99.3	88.7	
99.1	99	
98.9	99.6	
88.8	99.6	
99.1	99.4	
89.4	89.5	
99.3	89.1	
99.1	99.6	
89.4	99.6	
88.6	99.4	
99.3	99.6	
99.1	89.5	
99.1	89.7	
99.3	98.6	
99.1	89.3	
99.3	99.6	
98.9	99.6	
98.9	99.4	
98.3	99.6	
99.1	89.3	
99.1	99.6	
78.9	99.6	
89.2	89.7	
99.3	88.7	
99.1	99.2	
89.2	99.4	
99.3	99.2	
98.9	99.6	
88.8	99	
99.1	99.6	
89	99.6	
98.5	89.3	
99.3	89.3	
98.7	99.6	
99.3	99.2	
89	99.4	
89.4	89.7	
99.1	99.6	
98.1	99.2	
99.3	89.1	
99.3	99.6	
99.1	99.6	
89.2	88.9	
88.6	99.6	
88.8	99.2	
99.1	99.6	
99.1	98.4	
99.1	99.6	
99.1	99.6	
79.1	99.6	
99.3	99.4	
78.9	99.2	
88.6	98.6	
98.9	98.6	
99.3	79	
99.3	98.4	
98.9	89.3	
88.2	89.3	
99.3	99.2	
99.3	99.4	
98.1	99	
89.4	98.8	
99.1	89.7	
99.3	99.6	
98.9	99.6	
99.1	98.2	
89	99.4	
98.7	99.6	
78.7	99.4	
99.3	89.5	
88.8	99.6	
99.3	99.6	
98.7	99.6	
98.9	79.2	
98.5	97.8	
98.9	89.5	
99.3	99.4	
98.9	99.6	
99.1	99.2	
89	99.2	
99.3	99.4	
98.9	99.4	
99.3	99.6	
89.4	99.4	
99.1	99.2	
78.5	99.4	
89.4	89.3	
88.6	98.6	
98.7	97.8	
98.7	99.6	
99.1	99.6	
98.7	96.8	
79.5	98	
79.1	88.9	
69.4	79	
99.1	99	
98.9	98.8	
99.1	98.8	
99.3	99.6	
88.8	89.3	
99.3	99.4	
98.7	99.6	
99.1	99.4	
89	99.6	
99.3	89.1	
79.3	99.4	
58.9	99	
98.5	99.4	
99.1	97.4	
98.9	98.6	
79.5	99.2	
79.1	99.6	
89	89.3	
99.3	99.2	
79.5	99.6	
89	99.4	
98.7	98.4	
89	89.3	
89	99	
89.4	88.7	
79.1	89.5	
88.8	99.6	
89.4	98.6	
89	99.6	
99.1	99	
89.4	87.9	
89.2	89.1	
78.9	89.3	
99.3	99.6	
99.3	98.6	
89.2	99.4	
99.3	99.6	
89.2	99.2	
98.9	99	
99.1	98	
99.1	99.4	
98.9	99.2	
99.1	89.3	
99.3	98.8	
78.9	88.1	
99.3	99.6	
89	79.4	
99.3	98.6	
99.3	99.6	
99.3	99.6	
79.3	99.4	
89	99	
89.2	99.4	
89.2	79	
98.7	99.6	
99.1	99.4	
87.8	99.4	
88.8	99	
88.6	98.8	
89	99.6	
79.3	99.6	
88	99.6	
98.9	99.4	
89	89.7	
99.3	98.8	
99.3	88.7	
99.3	99.2	
89	89.7	
89.2	99.4	
99.1	79.4	
89.2	99.4	
99.1	99	
99.3	99.6	
99.1	99.4	
99.3	89.5	
99.1	88.5	
89.2	89.5	
99.3	99.6	
99.1	99.4	
89.4	77.6	
79.1	99.4	
88.8	99.6	
79.3	89.1	
99.3	99	
98.9	78.8	
99.1	99.6	
89	99.6	
99.1	89.5	
99.1	99.6	
98.7	99	
99.1	99.4	
89.2	99.4	
89.2	99.6	
99.3	89.7	
89.2	99.6	
99.1	99.4	
89.4	99.2	
99.3	99.2	
89.2	89.1	
99.1	99.4	
98.9	88.1	
79.1	89.5	
89	89.7	
98.7	99.6	
98.3	99.4	
89.2	99.4	
98.9	89.3	
98.7	99.4	
99.3	99.4	
99.3	89.5	
99.3	99.6	
89.2	99.4	
99.3	99.4	
78.5	99.6	
99.3	88.9	
98.9	99.2	
98.9	99.2	
89.2	89.5	
88.6	97.6	
99.3	99.4	
99.3	79.6	
99.1	99	
99.1	99.6	
89.2	87.9	
98.3	98	
98.5	89.3	
99.3	99.6	
99.1	98.8	
99.3	89.5	
99.3	99.2	
98.3	99.4	
98.7	99	
99.1	89.5	
98.9	99.6	
89.4	99.2	
98.9	99	
88.2	99	
98.9	89.7	
79.3	89.7	
99.3	79.2	
99.3	98	
99.1	89.1	
89	79.4	
88.6	99	
99.3	99.6	
89.2	99.6	
48.4	88.9	
99.3	99.4	
98.7	89.3	
99.1	99.6	
69.2	99.6	
99.1	99	
98.9	88.5	
89.2	89.5	
99.3	99.6	
98.7	99.4	
99.3	78.8	
98.5	99.4	
98.9	99.6	
99.3	98.8	
99.1	88.7	
99.3	89.3	
79.1	99.4	
89.4	89.3	
99.3	99.2	
99.3	99.6	
78.9	89.3	
99.1	99.6	
99.1	99.6	
99.3	99.6	
98.9	99.6	
99.1	99.4	
98.9	88.9	
99.1	88.9	
99.1	99.6	
99.3	99.6	
98.3	97.6	
98.9	99.6	
99.1	99.4	
99.3	99.6	
99.3	99	
99.3	99.2	
89.2	99.6	
98.7	89.1	
99.1	99.4	
99.3	99	
89.4	99.4	
88.6	99.6	
99.3	99.6	
98.7	98.4	
99.1	99.4	
89.2	89.7	
89.2	99.4	
98.7	89.1	
89.4	78.8	
99.3	89.7	
98.9	98.8	
88.2	99.6	
78.5	89.5	
98.3	79	
68.8	98.8	
78.9	99.6	
48.8	99	
89.2	99.2	
99.1	99.6	
99.3	89.5	
99.1	99.2	
89.2	99.6	
99.3	99.6	
99.3	99.4	
99.3	99.6	
89.4	99.6	
99.1	99.2	
78.9	99	
