89.2	69.5	
99.3	99.6	
99.3	89.7	
98.5	99.6	
99.3	89.7	
99.3	99.4	
98.9	89.5	
98.5	99.6	
99.3	99.6	
99.3	99.6	
98.9	89.7	
98.9	99	
99.3	99.6	
98.5	89.7	
99.3	89.5	
99.3	99.6	
99.1	89.5	
98.3	89.7	
87.8	99.6	
99.1	99.6	
99.3	89.7	
99.3	89.7	
99.1	99.6	
99.1	99.2	
99.1	99.6	
98.9	99.6	
98.9	99.6	
98.9	89.5	
98.9	99.4	
99.1	99.6	
98.7	99.6	
99.3	89.7	
98.7	99.6	
99.3	89.7	
99.3	99.4	
99.1	99.4	
99.1	99.4	
99.3	99.6	
99.3	89.7	
99.1	99.6	
99.1	99.4	
98.7	99.6	
99.3	99.6	
99.3	99.6	
98.9	99.6	
99.3	99.4	
99.3	99.6	
99.1	99.4	
87.4	99.2	
98.7	99.6	
98.5	99.6	
99.3	99.2	
89	99.6	
99.3	79.6	
98.9	99.4	
99.3	99.6	
99.3	89.7	
99.3	89.3	
89.2	89.7	
98.9	99.2	
99.3	89.7	
88.2	99.4	
98.7	99.6	
98.1	99.4	
99.3	89.7	
99.1	89.7	
99.3	99.4	
99.1	99.4	
99.1	99.6	
99.3	99.6	
98.7	99.4	
99.1	89.7	
88.8	99.6	
99.1	99.6	
99.1	89.7	
99.3	99.4	
99.1	99.6	
99.1	99.6	
98.9	99.6	
89.2	99.6	
98.9	99.4	
99.1	99.4	
99.1	99	
99.3	99.6	
89	99.6	
99.1	99.4	
99.1	89.7	
98.9	99.4	
99.1	89.7	
99.3	99.6	
99.3	99.4	
99.3	99.4	
99.3	99.6	
99.1	99.2	
99.3	99.6	
99.3	99.6	
98.9	99.6	
99.1	99.6	
99.1	99.2	
99.3	99.6	
98.7	99.2	
87.6	89.7	
99.3	89.7	
98.5	89.5	
99.1	79	
98.5	89.5	
99.3	99.6	
89	99.6	
99.3	99.2	
99.3	99.6	
99.3	99.6	
99.3	99.4	
99.3	99.6	
99.3	99.6	
98.7	99.6	
99.1	99.4	
99.3	99.4	
99.1	79.6	
99.3	89.5	
99.1	99.6	
99.3	89.7	
99.3	89.5	
98.7	89.7	
99.3	99.6	
98.9	99.2	
99.3	89.5	
99.1	89.5	
99.3	99.4	
88.8	99.4	
99.3	99.6	
78.1	99.4	
99.3	89.1	
99.3	89.7	
98.7	99.6	
99.1	99.6	
99.3	89.7	
98.9	99.4	
89.2	99.6	
99.1	99.4	
99.3	99.2	
99.1	89.3	
68.4	99.6	
99.3	99.6	
99.3	99.2	
99.3	99.4	
99.1	99.6	
98.9	99.6	
99.3	99.6	
99.1	99.6	
99.3	99.6	
99.1	99.4	
98.9	99.6	
88.2	99.6	
99.3	88.9	
99.3	89.5	
99.1	99.4	
99.3	99.4	
99.3	99.2	
88.8	89.3	
98.5	99.6	
99.3	99.4	
98.9	99.6	
99.3	89.7	
99.3	99.4	
98.5	89.7	
99.1	89.7	
98.7	99.6	
99.1	99.4	
99.3	89.7	
99.1	79.6	
89.2	99.6	
99.3	89.7	
89.2	99.6	
99.1	99.6	
99.3	89.3	
99.1	79.6	
99.3	89.5	
99.3	99.4	
98.9	99.6	
99.1	99.6	
98.9	99.2	
78.7	99.2	
99.3	99.2	
99.3	99.2	
89.2	89.7	
99.3	99	
99.3	89.7	
99.1	99.6	
99.1	99.4	
98.9	99	
99.3	89.5	
99.3	99.6	
99.3	99.6	
99.3	99.4	
89	99.6	
99.3	99.6	
99.3	99.2	
89	89.7	
99.1	99.4	
99.1	99.4	
89.2	99.4	
99.3	99.6	
99.3	89.5	
99.3	89.7	
99.3	99.6	
99.3	99.6	
98.7	99.6	
99.3	79.2	
78.7	99.6	
99.1	79.4	
99.1	99.6	
99.1	99.6	
99.1	99.4	
99.3	99.2	
99.1	99.2	
99.3	89.3	
99.1	99.6	
99.3	99.4	
89.2	99.6	
98.5	99.6	
99.3	99.6	
98.7	99.2	
98.9	89.5	
99.3	99.6	
89.2	88.9	
99.3	99.6	
99.3	99.6	
99.3	99.6	
99.3	99.6	
99.1	99.4	
99.3	99.2	
99.1	99.6	
99.3	99.4	
89.2	79.4	
99.1	89.5	
99.3	99	
98.5	99.6	
79.3	99.4	
99.3	89.5	
89	99.6	
89.2	99.6	
89	99.4	
99.3	99.4	
99.3	99.6	
99.3	99.6	
99.1	99.6	
99.1	99.6	
99.1	89.7	
98.9	99.6	
99.3	99.4	
99.3	99.6	
99.3	99.4	
99.1	99.2	
98.9	99.2	
99.3	89.7	
89.2	99.6	
99.3	89.5	
99.1	89.7	
99.3	99.6	
99.3	89.7	
98.9	99.6	
99.3	99.6	
98.7	99.6	
89	99.6	
99.3	99.6	
99.1	89.7	
99.1	99.6	
98.7	89.5	
99.1	99.4	
97.9	99.6	
88.8	99.6	
99.1	99.4	
98.9	99.6	
99.3	89.5	
78.7	99.6	
99.1	99.6	
99.1	99.6	
99.1	89.1	
78.3	79.6	
99.3	99.6	
89.2	79.2	
99.3	89.7	
99.3	99.6	
99.3	99.6	
99.1	89.3	
99.1	99.6	
99.1	99.6	
99.3	99.6	
99.1	99.4	
99.3	99.4	
99.3	89.7	
99.1	99.6	
99.3	89.7	
99.3	89.3	
99.3	99.4	
99.1	89.5	
99.3	89.5	
89.2	89.7	
99.3	99.4	
99.1	99.4	
99.3	89.3	
99.3	89.5	
98.9	99.6	
99.3	99.4	
98.9	89.5	
88.2	89.7	
97.9	89.5	
98.7	89.7	
99.1	89.7	
98.7	99.6	
99.3	89.7	
99.1	89.3	
99.3	89.5	
89.2	99.6	
99.1	89.5	
99.1	99.4	
98.7	99.6	
99.3	89.7	
79.5	99.6	
99.3	89.7	
99.1	99.6	
99.1	99.6	
99.3	89.5	
98.5	99.6	
99.3	99.6	
88.6	99.6	
99.3	99.6	
99.3	89.7	
99.3	99.6	
99.3	99.6	
98.9	99.6	
98.9	99.6	
98.7	89.7	
89.2	99.4	
99.3	99.6	
99.3	99.6	
99.3	99.6	
98.9	99.6	
99.1	89.7	
89.2	69.5	
99.3	89.7	
99.1	99.6	
99.3	99.6	
99.3	99.6	
99.1	89.7	
99.3	99.6	
99.1	99.6	
99.3	99.6	
88.8	99.4	
99.1	99.6	
88.6	89.7	
99.1	89.7	
69	99.6	
99.3	99.6	
99.3	99.2	
99.1	99.6	
99.3	99.6	
98.9	89.7	
89.2	99.6	
99.1	99.6	
98.9	99.6	
99.3	99.6	
99.3	99.6	
98.5	79.6	
99.1	99.6	
99.1	99.4	
79.1	99.6	
99.1	99.2	
99.3	99	
99.3	99.4	
99.3	89.5	
99.1	89.3	
89	99.6	
98.9	99.6	
77.7	89.7	
99.3	89.5	
99.3	99.6	
99.3	89.7	
88.8	99.4	
89.2	89.7	
89	99.4	
99.1	99.4	
99.3	99.4	
99.3	89.5	
99.1	89.5	
99.3	89.5	
99.3	89.7	
98.9	89.1	
99.1	99.6	
99.3	99.4	
99.1	99.4	
99.1	99.4	
98.5	89.5	
99.3	89.7	
99.3	99.4	
88.8	99.4	
99.3	99.4	
99.3	99.6	
99.1	89.7	
99.3	89.5	
98.7	89.3	
99.1	99.6	
89.2	99.6	
89.2	99.6	
99.1	99	
99.1	99	
99.3	89.7	
89.2	89.7	
89	99.6	
99.3	99.4	
99.3	99.6	
87.4	58.8	
99.3	99.6	
98.9	99.6	
99.1	79.4	
99.1	99.6	
99.3	99.4	
78.5	99.6	
99.3	99.6	
99.3	89.7	
98.9	99.6	
99.1	99.6	
99.1	89.5	
99.1	99.6	
99.1	89.7	
99.3	99.4	
99.3	89.3	
98.9	99.6	
99.3	99.6	
99.1	89.7	
98.9	99.6	
99.1	99.6	
99.3	79.6	
98.9	89.7	
98.9	99.6	
99.3	99.6	
99.3	99	
99.3	99.6	
98.9	99.4	
99.3	89.3	
99.3	99.6	
99.3	99.6	
99.3	99.4	
99.3	99.4	
89	79.4	
99.3	89.7	
89.2	79.4	
99.1	99.4	
89.2	89.5	
88.8	89.7	
99.1	79.6	
99.3	99.4	
99.1	99.6	
98.9	99.6	
88.6	99.2	
99.1	99.6	
99.1	99.4	
99.1	99.6	
99.1	89.7	
98.9	99.6	
99.1	99.6	
98.9	79.4	
98.5	99.6	
99.3	99.6	
99.1	89.3	
99.3	99.2	
99.1	89.7	
99.3	79.6	
99.3	99	
98.9	89.7	
99.3	99.6	
88.8	99	
99.3	99.4	
99.1	99.6	
99.3	89.7	
98.3	99.4	
99.1	99.6	
89.2	99.4	
99.1	89.7	
99.1	99.4	
99.3	89.7	
89	89.7	
99.3	89.7	
98.7	88.5	
99.3	89.7	
88.6	99.2	
99.3	99.6	
99.3	79.6	
99.3	99.4	
98.7	99.4	
99.1	99.6	
98.9	99.4	
89.2	99.6	
99.3	99.4	
98.9	99	
98.9	99.2	
98.7	89.7	
98.9	79.4	
89	89.7	
99.1	99.6	
89.2	99.6	
89	79.6	
99.1	99.4	
99.1	99.4	
99.3	99.6	
99.1	99.4	
99.3	99.6	
89	89.7	
79.1	89.7	
99.3	99.4	
99.3	99.4	
89.2	99.6	
99.3	99.4	
99.1	99.4	
99.1	99.6	
99.3	99.2	
99.1	89.7	
99.3	99.4	
99.3	99	
99.1	99.6	
88.8	99.4	
99.3	89.7	
98.9	99.6	
99.3	89.7	
99.3	89.5	
99.3	99.4	
98.9	99.4	
89.2	89.7	
98.9	99.4	
99.3	99.6	
99.3	99.4	
99.3	99.6	
99.1	99.6	
99.1	99.4	
99.1	99.4	
88.6	99.4	
99.3	99.2	
98.9	99.4	
98.9	99.6	
99.3	89.7	
99.1	99.6	
99.1	89.7	
99.3	99.6	
98.9	99.6	
98.9	99.6	
97.9	99.2	
99.3	99.4	
98.9	99.4	
98.9	99.6	
89.2	99.6	
98.7	99.6	
98.9	99.6	
99.3	99.6	
99.1	99.4	
97.9	99.6	
99.3	99.4	
99.3	89.7	
99.1	99.4	
99.3	99.6	
89.2	89.7	
99.3	89.5	
99.3	99.6	
99.3	99.4	
98.3	89.5	
88.8	99.6	
99.1	89.7	
99.3	99.6	
88.8	99.6	
98.9	99.6	
99.3	99.2	
99.3	99.4	
98.7	89.7	
99.1	89.7	
99.1	99.6	
99.1	89.7	
99.1	99.6	
99.1	89.7	
99.3	99.4	
99.3	99.6	
98.9	99.4	
99.3	99.6	
99.1	99.2	
99.1	99.6	
99.3	99.6	
99.1	79.6	
88.6	99.2	
99.3	79.2	
99.3	99.2	
79.1	99.6	
99.3	99.2	
89.2	89.7	
99.3	99.6	
99.3	99.4	
97.9	88.5	
99.1	99.6	
99.3	89.7	
99.3	89.7	
98.9	89.3	
99.1	89.7	
99.3	99.6	
77.9	99.2	
99.3	89.5	
88.6	99.4	
99.3	99.6	
68.8	99.6	
99.3	99.4	
99.3	89.3	
99.1	89.7	
99.3	99.6	
99.3	99.6	
99.3	89.5	
99.3	99.6	
98.9	89.5	
99.1	99.6	
99.3	99.2	
99.3	99.6	
99.3	99	
99.3	99.6	
99.1	99.2	
99.3	99.4	
99.3	99.6	
99.1	89.5	
99.1	99.4	
99.3	99.6	
99.1	99.6	
99.1	99.6	
99.3	89.7	
99.3	99.4	
99.3	89.5	
99.3	99.6	
98.9	99.4	
98.5	99.6	
99.3	99.6	
99.3	99.6	
99.3	89.7	
89	99.6	
98.5	99.4	
99.3	89.7	
99.3	99.4	
99.3	99.6	
98.7	99.4	
98.9	89.5	
99.3	89.7	
99.3	99.6	
99.1	99.6	
98.7	99.6	
99.1	99.4	
89	89.5	
99.3	99.4	
99.3	89.7	
98.9	89.7	
99.1	89.5	
99.3	99.6	
99.1	89.7	
89.2	99.6	
99.1	99.6	
99.1	89.1	
99.1	99.6	
99.3	89.7	
99.1	99.4	
88.6	89.3	
99.3	99.2	
99.3	99.6	
98.9	99.6	
98.9	99.4	
89.2	99.6	
98.7	89.5	
99.3	99.6	
99.3	89.7	
99.3	98.8	
99.1	99.6	
99.3	79.2	
99.3	99.4	
99.1	99.6	
89.4	99.4	
99.3	89.3	
99.3	79.6	
99.3	89.7	
89	99.6	
99.3	98.8	
99.3	89.5	
99.3	99.6	
99.3	99.4	
99.3	89.7	
98.7	68.9	
99.3	89.7	
89.2	89.7	
99.3	89.5	
89	99.6	
99.3	99.6	
99.3	99.2	
98.9	99.6	
99.1	89.7	
99.3	89.7	
99.1	99.4	
99.3	89.5	
99.3	99.6	
98.9	99.6	
99.1	89.5	
99.1	99.6	
99.3	99.4	
99.1	99.6	
99.1	99.2	
99.3	89.5	
98.9	89.5	
98.9	99	
98.5	89.7	
99.3	89.7	
99.3	99.4	
99.3	99.6	
99.3	89.5	
99.3	99.6	
98.9	99.4	
99.3	99.4	
99.1	79.4	
99.3	89.5	
98.7	99.6	
99.3	89.7	
99.1	89.3	
99.3	89.7	
99.3	79.4	
98.9	99.4	
99.3	99.6	
99.1	99.6	
99.1	99.6	
99.3	89.7	
99.1	99.6	
99.3	99.6	
99.1	89.5	
99.1	99.4	
99.1	89.7	
99.3	99.4	
98.5	99.6	
99.3	99.6	
99.3	99.4	
99.1	99.6	
88.8	99.6	
99.1	99.6	
88.6	99.6	
99.3	89.7	
98.7	89.3	
99.3	99.4	
99.3	99.2	
99.3	99.4	
99.3	99.4	
99.3	99.6	
89	99.4	
99.3	89.7	
99.3	99.4	
98.9	89.7	
99.3	99.4	
99.3	99.6	
99.3	99.6	
99.1	99.2	
99.1	99.4	
89.4	89.5	
99.3	79.6	
99.3	89.5	
99.3	99.4	
98.9	99.6	
99.3	99.4	
99.3	89.7	
99.3	99.6	
98.7	99.4	
99.1	99.6	
99.3	89.7	
99.3	99.4	
99.3	89.5	
98.7	99.6	
89	89.7	
98.9	99.6	
99.3	89.7	
99.1	89.7	
99.3	89.7	
98.9	99.2	
89	99.4	
99.1	99.4	
99.3	89.3	
99.3	99.6	
99.3	89.7	
98.9	99.6	
99.1	79.6	
89.2	99.6	
99.3	99.4	
99.3	89.7	
99.3	99.4	
89.2	99.4	
98.7	89.3	
98.9	89.7	
99.3	99.6	
99.1	99.6	
89	89.7	
99.3	99.4	
89	89.5	
99.3	89.5	
99.1	99.6	
99.1	99.6	
98.7	89.5	
99.3	99.6	
88.8	99.6	
99.3	99.2	
99.3	99.6	
99.1	99.2	
99.1	99.6	
99.3	99.4	
99.3	99.6	
99.1	89.5	
98.9	99.6	
99.1	99.6	
98.7	89.7	
99.3	99.4	
98.7	89.1	
99.3	99	
99.3	89.7	
98.7	99.4	
99.1	79.6	
98.3	89.7	
99.3	99.4	
99.1	99.4	
99.3	99.6	
99.3	89.1	
99.3	99.4	
99.1	59.2	
99.1	99.6	
98.7	99.2	
99.1	89.5	
99.3	99.6	
99.1	99.6	
89	99.4	
99.1	99.2	
98.7	99.6	
99.3	99.4	
98.9	99.6	
99.3	99.6	
88.8	99.4	
99.3	99.6	
99.3	99.6	
99.1	99.6	
79.5	99.6	
99.1	99.6	
98.5	99.4	
99.1	99.6	
98.9	89.7	
99.3	99.4	
98.9	89.7	
99.3	99.6	
99.3	99.6	
78.9	99.6	
99.3	99.4	
99.3	99.4	
98.9	99.6	
99.3	99.6	
98.9	88.9	
88.8	99.6	
99.3	99.2	
99.1	99.6	
99.3	99.6	
99.3	99.6	
98.9	99.6	
99.3	99.4	
89.2	99.6	
99.3	99.6	
99.3	99.2	
98.9	99.6	
99.3	99.6	
79.1	99.6	
79.1	99.6	
99.3	89.5	
99.3	79	
79.1	89.7	
99.1	99.4	
99.1	89.7	
89.2	99.4	
99.3	99.4	
98.5	99.6	
99.1	99.4	
99.1	99.4	
98.5	99.6	
99.1	89.5	
98.5	89.7	
88.6	89.5	
99.3	99.6	
78.9	99.6	
99.1	89.3	
99.3	99.6	
98.5	99.6	
98.9	99.4	
98.9	99.6	
98.9	89.3	
99.1	99.6	
99.1	99.6	
99.1	99.4	
99.3	89.7	
99.1	89.5	
89.4	89.5	
99.1	99.6	
98.9	99.6	
99.1	99	
99.1	89.7	
99.3	99.4	
99.3	89.7	
98.7	99.6	
99.1	89.7	
99.3	89.7	
89.4	99.6	
99.1	99.4	
99.3	89.7	
99.3	99.6	
99.3	99.6	
98.9	99.4	
99.1	99.6	
99.3	99.6	
99.3	99.6	
99.3	99.6	
99.3	79.4	
99.1	99.2	
99.3	89.7	
99.3	99.6	
99.1	99.6	
99.3	89.5	
99.3	99.6	
99.1	99.2	
99.1	99.6	
99.3	99.4	
99.1	99.4	
98.9	99.4	
99.3	99.6	
99.1	99.6	
99.3	99.6	
99.3	99.6	
58.9	99.6	
98.9	99.2	
99.3	99.2	
99.1	99.6	
99.3	99.6	
98.1	99.6	
98.7	89.7	
99.3	99.6	
99.3	99.4	
99.3	89.5	
99.1	99.6	
78.9	99.6	
99.1	99.6	
99.3	99.4	
99.3	89.3	
99.3	99.6	
99.1	99.6	
89	99.6	
99.3	79.4	
98.9	99.4	
99.3	89.3	
99.3	89.5	
99.3	99.6	
99.1	89.7	
99.1	89.7	
99.3	99.4	
99.3	99.4	
99.3	99.6	
99.3	99.2	
89.2	99.6	
99.3	99.4	
99.3	99	
99.3	99.4	
88.6	89.7	
99.1	99.6	
99.3	89.5	
99.3	99.6	
98.9	89.7	
98.9	68.9	
89.2	99.4	
99.1	99.6	
99.1	79.6	
99.1	99.6	
98.7	99.6	
99.3	99.6	
98.9	99.4	
98.9	89.7	
88	89.7	
99.3	99.6	
99.1	79.6	
98.9	89.7	
79.1	99.2	
99.1	99.4	
99.3	99.6	
99.1	89.5	
98.9	99.4	
98.9	89.7	
99.3	99.6	
98.9	89.7	
99.1	99.6	
98.5	99.6	
98.7	89.5	
99.1	99.6	
99.3	88.9	
89.2	99.4	
99.3	89.5	
99.3	99.6	
99.1	99.6	
99.1	89.7	
99.3	99.6	
