99.1	99.4	
89.2	89.3	
87.8	99.2	
99.1	99.2	
98.9	98.8	
99.3	98.6	
99.3	99	
99.1	99.2	
99.1	99.4	
99.1	89.3	
99.1	89.7	
99.3	99.4	
88.8	99.4	
99.3	99.6	
99.3	99.4	
69	79.4	
98.5	89.7	
99.3	99	
98.7	89.3	
98.1	99.6	
88.4	69.5	
97.7	88.3	
99.3	99.4	
88.4	88.9	
99.3	88.9	
98.7	98.6	
87.6	89.1	
98.5	99.4	
99.3	99.4	
99.3	99.2	
89	99	
99.3	99.2	
98.9	99.2	
88.8	99.2	
99.3	99.2	
99.1	98.6	
99.3	99.4	
99.1	99.2	
98.3	99.4	
98.1	89.5	
99.3	99.2	
98.9	99	
99.1	99.2	
79.1	89.3	
99.3	88.7	
99.3	89.7	
96.1	99.6	
99.1	99.4	
89.2	79.4	
98.5	89.7	
99.1	98.6	
99.3	99.4	
98.7	79.2	
99.3	99.4	
98.9	99.2	
99.1	99.4	
99.1	99.2	
99.3	99.6	
99.1	99.4	
99.3	99	
99.1	99.2	
88.6	99.4	
99.1	99.4	
98.5	98.8	
99.1	99.4	
97.9	99.6	
78.5	89.5	
89.2	99.4	
79.1	99.2	
99.3	99	
99.1	99.6	
88.8	99.4	
98.5	89.7	
98.5	99.6	
99.1	98.6	
98.7	99.2	
99.3	99.4	
98.9	99.4	
98.3	99.4	
99.1	99.4	
99.3	99	
99.1	99.4	
89.4	99	
99.3	99	
99.3	98.8	
99.3	98.8	
98.9	99.2	
88.4	79.6	
99.3	99.4	
99.1	99.2	
99.3	89.3	
98.7	79.4	
98.5	99.4	
89	99.4	
78.5	99.6	
89.2	99.4	
99.1	99.4	
98.5	99.2	
69	89.5	
98.5	99.2	
89.2	99	
98.1	89.3	
98.7	98.8	
98.7	99.6	
99.3	79	
88.6	99.6	
88.4	99.6	
99.1	99.6	
99.1	89.5	
98.9	99.6	
99.1	99.4	
89	99.4	
98.9	89.7	
99.1	99.2	
88.8	99.4	
99.1	79.4	
99.1	99.2	
98.7	99.4	
98.7	89.7	
99.1	98.8	
98.9	89.7	
88.6	89.7	
89.2	99.2	
98.9	99.2	
99.1	99.4	
99.1	98.2	
99.1	89.3	
99.1	89.3	
98.9	99.4	
98.7	89.7	
98.9	99.6	
99.1	98.8	
99.1	99.6	
98.7	99.4	
98.7	99.2	
99.1	89.3	
89.2	99.4	
99.1	69.5	
99.3	99.4	
98.7	99.4	
68	99	
98.7	99	
98.9	98.8	
99.3	89.3	
99.3	88.7	
88.4	69.1	
99.1	79.4	
99.3	99.2	
99.1	89.5	
99.3	99.4	
98.1	99	
99.1	99.6	
98.1	89.3	
99.3	99.2	
99.1	99	
99.3	99	
99.1	99.4	
99.3	97.8	
87.2	99.2	
99.3	89.7	
99.3	98.8	
98.7	99.4	
99.1	99.4	
99.1	99.4	
89.2	99.6	
99.3	89.5	
98.9	89.5	
98.7	99.4	
89.4	99.2	
98.9	99.2	
98.9	89.7	
88.6	99	
99.3	99	
99.1	98.6	
98.9	99.2	
98.7	99.4	
98.7	89.7	
88.8	99.4	
89.4	89.7	
99.3	98.8	
98.7	99	
98.5	99.6	
99.1	99.6	
98.7	89.5	
99.1	99.6	
98.7	89.5	
99.1	79.4	
88	89.5	
99.1	99.2	
88.8	99.2	
98.3	79.6	
99.1	89.7	
89.2	99.4	
98.9	99.4	
98.9	97.4	
78.7	99.4	
98.9	99.4	
69	99.4	
79.3	99.6	
98.9	87.5	
98.7	99.6	
97.9	99	
99.3	99.6	
99.3	99.6	
99.3	99.4	
99.3	99.4	
89.4	88.7	
99.3	99	
99.3	98	
99.1	89.7	
98.9	68.7	
99.3	89.3	
98.9	99.2	
99.1	99.6	
98.9	89.7	
99.3	99.4	
99.3	99.4	
99.3	99.6	
99.1	89.3	
99.1	99.6	
89.4	98.4	
99.3	99.4	
99.3	79	
98.9	89.1	
98.5	89.7	
99.1	89.3	
89.2	89.1	
89	89.3	
99.3	79.6	
99.1	98.2	
99.3	99.2	
98.9	89.7	
89	99.4	
98.5	98.8	
99.1	89.5	
99.1	99.6	
99.1	89.7	
99.1	98.8	
98.7	98.4	
99.3	99.6	
98.7	99.2	
99.1	88.9	
99.3	99.4	
99.1	89.1	
89	89.3	
88.6	89.5	
99.3	99.4	
98.9	99.4	
99.3	99	
99.1	99.4	
89.4	79.2	
98.9	99.4	
98.7	98.8	
98.9	99.2	
98.7	99.2	
99.3	89.3	
98.9	99.4	
99.3	99	
99.1	98.8	
99.3	99.4	
99.1	79.4	
98.9	98.8	
99.3	99.4	
99.3	99.4	
98.9	99.2	
89.2	89.5	
99.1	98.2	
77.9	99.4	
79.3	98.8	
88.8	99.6	
97.9	89.7	
98.9	98.8	
99.1	99	
89	99.4	
99.1	99.6	
88.8	99.2	
89.4	99.4	
98.9	99.2	
99.1	89.3	
89	99.2	
89.2	99	
89	89.3	
88.2	99.2	
78.9	99.4	
99.1	99.4	
77.7	89.3	
98.9	99.4	
98.1	99.4	
99.1	99	
88.4	99.6	
98.9	99.2	
98.5	89.3	
98.7	99.4	
88.8	89.7	
99.1	99.2	
78.7	99.4	
99.1	98.8	
89.2	99.4	
98.5	99.6	
99.3	99	
98.5	99.2	
99.1	99.2	
99.3	99.2	
99.1	99.6	
98.9	89.7	
78.5	79.6	
99.1	99.2	
98.9	89.5	
99.1	99.4	
88.6	89.7	
78.9	99.4	
98.7	98.4	
99.3	99.6	
99.3	99.6	
98.9	89.7	
98.7	99.4	
98.9	99.6	
99.1	99.4	
99.3	99.6	
98.5	89.7	
78.5	98.8	
98.7	99	
98.7	78.6	
98.5	89.7	
99.1	99.2	
67	99.2	
99.3	99.6	
98.9	89.7	
89.4	99.4	
99.3	99.4	
99.3	99.2	
97.9	99.6	
99.3	99.4	
98.9	99.4	
99.1	99.6	
99.3	79.2	
98.5	79.4	
99.1	99.4	
99.3	99	
98.9	99.2	
99.1	99	
99.3	99.4	
99.1	99.4	
99.1	99.6	
89.4	89.3	
99.3	99.2	
98.7	99.4	
79.3	98.6	
99.3	99.6	
98.3	99.4	
99.3	99.6	
98.9	88.7	
99.1	89.7	
99.1	89.5	
99.1	98.8	
98.5	99.2	
99.3	89.3	
98.7	99	
99.3	98.6	
78.9	89.1	
89	99.6	
99.3	99	
89.2	89.7	
99.3	99.4	
98.9	99.6	
99.3	99	
98.7	99.2	
79.1	98.6	
89	99.2	
78.7	99.6	
99.1	89.1	
99.1	89.5	
99.3	99.6	
99.3	99.4	
99.3	99.6	
99.3	99.2	
99.1	99.4	
98.5	99.4	
99.3	89.7	
98.5	99.6	
98.9	78.8	
89	98.8	
89.2	98.8	
99.1	98.4	
99.1	89.5	
98.9	99.4	
98.7	99.4	
99.1	89.3	
99.1	88.9	
78.7	98.8	
98.9	88.3	
99.1	89.3	
99.3	99.4	
99.1	89.7	
99.3	99.6	
98.9	99.4	
99.1	68.9	
98.5	99	
98.9	99.2	
88.6	98.6	
99.3	99.2	
98.3	98.8	
99.3	89.5	
98.3	79.6	
98.9	99.2	
99.3	89.1	
99.3	89.3	
98.9	99.4	
99.1	99.4	
98.9	69.1	
98.9	89.7	
89.2	99.6	
99.3	99.2	
99.1	99.2	
99.3	99.4	
68.6	99.4	
99.1	99	
98.3	99.2	
98.3	99.2	
99.3	99.4	
88.8	89.1	
99.3	99.6	
88.6	99.4	
78.1	99.2	
99.3	99.4	
79.3	99	
99.1	99.4	
99.3	99	
98.9	99.4	
98.9	99.2	
99.1	99.4	
89.2	79.4	
98.9	99.2	
99.3	98.8	
99.1	99.4	
99.3	99	
98.9	98.4	
88.8	99.4	
99.1	89.7	
99.3	99	
99.3	99	
98.9	89.3	
98.9	99.2	
97.9	99.4	
99.1	99.6	
99.3	99.2	
99.1	79.6	
99.1	99	
99.3	99.4	
99.3	99.4	
99.1	98.8	
99.1	99.4	
98.7	89.7	
99.1	89.5	
98.3	98.8	
98.7	99	
88.8	99.2	
99.3	99.4	
99.3	99.4	
98.9	99.4	
88.2	89.3	
99.1	99.4	
89	99.2	
98.9	99.6	
99.3	99.6	
88.8	99.4	
98.5	98.6	
99.1	99.2	
98.9	99.4	
99.3	89.7	
99.3	98.4	
99.3	99.4	
99.1	99	
99.3	98.8	
99.3	79.4	
98.5	99.6	
89.2	89.1	
98.9	99	
99.3	88.7	
98.3	99.2	
99.1	99.4	
99.3	79	
99.1	89.3	
99.1	98.8	
99.3	99.4	
99.3	99.2	
89.4	99	
98.9	98.4	
89	89.7	
58.9	99.6	
98.1	98.8	
98.7	98.8	
99.3	99.4	
99.1	99	
99.3	99.4	
98.7	99.4	
98.9	99.4	
98.9	99.6	
88.4	99.2	
99.1	99.2	
98.7	98.8	
98.9	89.7	
99.3	99.4	
99.3	98.8	
98.7	99.4	
99.3	89.1	
88	99.2	
89.2	99	
99.1	99	
89.4	88.7	
99.3	99	
99.1	88.7	
98.7	98.4	
89.2	98.4	
98.9	99.4	
99.1	89.3	
98.9	99.4	
99.3	99.2	
99.3	99	
99.3	89.7	
98.3	99.2	
99.1	89.3	
98.7	99.4	
99.3	99.6	
99.1	99.4	
99.3	99.4	
99.1	99.6	
98.9	99.4	
78.5	99.4	
99.3	99.2	
98.7	89.3	
99.3	99.2	
88.6	89.7	
99.3	98.8	
99.1	99	
88.6	99.2	
98.1	99	
99.3	99.4	
89.4	99	
99.1	99	
99.3	99.2	
78.3	99.2	
99.3	89.7	
89.4	99.2	
99.3	99.2	
99.1	99.4	
99.3	88.9	
99.3	88.9	
88	98.8	
98.7	99.4	
99.1	99.2	
98.5	99.6	
98.9	98.8	
88.8	99.4	
99.1	89.7	
98.9	99.4	
88.6	89.5	
98.9	99.2	
98.1	99.4	
98.9	99	
99.3	99	
98.9	79.6	
99.1	89.3	
98.9	98.8	
99.1	99.4	
99.1	99.6	
99.1	79.4	
88.4	89.1	
98.9	99.2	
98.9	89.7	
99.1	99.4	
99.3	99.2	
98.5	89.7	
98.7	99.2	
98.7	99.4	
49	99.4	
89.2	99.4	
99.3	79.4	
89	99.4	
98.7	89.7	
98.7	99.4	
89.2	99	
99.1	99.2	
99.3	89.7	
98.9	89.5	
98.9	99.2	
99.3	89.5	
99.3	79	
97.9	99.2	
99.1	88.9	
98.9	99	
98.7	99	
99.3	99.2	
99.1	89.5	
99.1	99.2	
98.5	99	
99.1	99	
98.9	99.4	
99.1	88.5	
99.3	99.2	
99.1	99.6	
98.3	89.7	
99.1	99	
99.1	99.2	
99.1	89.3	
99.1	99	
89.2	99.4	
99.3	98.6	
97.9	99.6	
99.1	89.5	
99.3	98.6	
97.9	99.4	
99.3	89.1	
89.4	98.8	
88.8	88.9	
98.7	69.3	
89.2	99.4	
99.1	89.7	
88.6	99.6	
98.5	99.4	
99.3	89.7	
99.1	99.2	
98.7	99.6	
98.7	99.4	
99.1	88.9	
89.2	99.2	
99.1	99.4	
99.1	89.7	
98.3	89.1	
99.3	98.4	
99.1	89.5	
99.1	99.6	
99.3	89.7	
98.7	99.4	
98.9	98.4	
99.1	99	
99.3	89.3	
99.1	99	
88.4	99	
99.3	99.4	
88.8	99.6	
98.7	99.6	
88.2	99	
98.7	99.4	
98.7	99.4	
99.3	89.7	
99.3	89.7	
88.4	99.4	
69	99.4	
98.3	89.5	
99.1	99.6	
99.3	89.5	
98.5	89.5	
99.3	89.7	
98.7	99	
99.3	98.8	
99.3	99.2	
99.1	86.5	
99.1	89.7	
98.7	89.5	
98.7	88.9	
99.1	99.4	
99.3	99.4	
98.3	99	
99.3	89.7	
89.2	89.5	
99.3	89.7	
99.3	99.2	
89	99.2	
99.1	99.2	
99.3	89.7	
99.3	79.4	
99.3	89.7	
99.1	99.4	
99.1	89.7	
99.1	98.8	
99.1	99	
78.1	99.4	
98.9	99.4	
88.4	99.2	
98.9	98.8	
99.3	99.4	
88.4	99.4	
89.2	99	
99.1	99.2	
98.9	89.5	
98.3	59	
99.3	98.8	
99.1	99.2	
99.3	88.7	
99.3	99.4	
98.7	98.8	
68.8	99.6	
99.1	99.2	
98.3	99.6	
99.1	99	
98.9	98.4	
98.7	99.2	
99.1	99	
99.1	99.4	
99.1	88.7	
88.2	98.6	
98.9	98.6	
99.1	99.4	
99.1	99.4	
87	78.8	
69	99.6	
99.1	99.4	
79.1	99.2	
98.7	89.5	
99.1	99.4	
99.1	99	
98.5	99.4	
98.3	99.6	
98.7	99.2	
98.1	99	
89.4	79.2	
99.3	98.6	
99.3	97	
99.3	89.7	
98.9	99.4	
99.1	99.2	
99.1	89.5	
99.1	99.6	
99.3	79.2	
99.1	99.6	
89.4	99.4	
98.9	99.4	
98.5	99.4	
89.4	99.4	
98.9	89.1	
99.1	88.5	
99.3	98.8	
99.1	99.4	
99.3	99.2	
78.3	99.2	
87.8	98.8	
98.9	99.4	
98.5	99.4	
99.1	99.4	
89.4	89.7	
98.9	89.7	
98.5	98.4	
98.3	89.3	
89	99.4	
89.2	99.2	
99.1	89.7	
99.3	99.6	
98.5	79.6	
98.9	89.3	
98.5	99	
68.6	99.4	
88.2	99.6	
68.8	89.7	
98.7	99	
98.5	98.6	
89.2	99	
99.3	88.9	
99.1	99.6	
98.9	78.8	
99.3	99.6	
88.6	99.2	
99.1	99	
99.3	99.4	
98.7	99.4	
88.6	99.4	
79.1	99.4	
99.3	99.2	
98.5	99.6	
99.3	89.7	
99.1	99.2	
98.9	99.4	
99.3	99	
98.9	99.4	
98.7	99.4	
99.1	98.6	
97.7	79.2	
99.3	89.3	
99.1	88.7	
99.3	99	
98.9	99.4	
98.9	99.4	
99.3	99.4	
68.6	98.8	
88.6	99.2	
99.3	98.8	
89	99.2	
98.7	89.7	
98.7	99.2	
99.3	89.5	
98.7	99.4	
89.4	98.8	
89.2	98.8	
99.3	89.7	
98.7	99	
98.5	89.7	
99.1	97.8	
99.3	99.4	
98.7	99.2	
98.9	99.4	
99.3	99.6	
99.3	99.2	
99.3	99.4	
99.3	99.6	
99.3	99.4	
97.9	98.8	
99.3	89.5	
98.3	89.7	
99.1	99	
98.7	99.6	
98.5	89.3	
78.7	99	
99.1	98.4	
98.9	99	
99.3	98.8	
98.1	99.2	
98.7	88.7	
99.1	78.8	
99.1	99.2	
98.9	99.4	
99.1	99	
98.7	99.2	
99.3	99.4	
79.1	98.8	
99.1	99.2	
98.1	89.5	
88	89.1	
99.1	98.4	
78.7	99.6	
99.1	99.2	
99.1	99.6	
99.3	98.8	
98.7	97.4	
89.2	99.4	
98.7	99.4	
89.2	98.4	
99.3	89.3	
89	99.6	
99.3	99.6	
78.9	79.2	
99.1	89.3	
98.9	99.2	
99.1	98.2	
99.3	79.2	
98.9	98.4	
98.9	89.1	
98.7	89.3	
98.9	89.7	
88.4	99.4	
58.1	89.7	
99.3	99.2	
78.9	89.1	
99.1	99.6	
98.7	99.6	
79.1	99	
78.7	99.4	
88.6	99.4	
99.1	99.2	
99.1	99.4	
99.1	89.5	
99.3	99.2	
98.9	89.5	
98.7	99.2	
99.3	99	
98.3	89.3	
99.3	99.2	
89.2	99.2	
99.1	89.1	
77.7	98.8	
99.3	99.6	
99.3	99.6	
99.1	99.6	
99.3	99.4	
99.3	89.3	
99.1	59.2	
99.1	99.2	
98.9	89.5	
99.1	99.2	
98.9	98.8	
97.7	98.6	
99.1	98.6	
99.3	98.6	
98.9	89.7	
99.1	79.4	
79.3	99.4	
99.1	99.4	
99.1	99.2	
98.5	89.7	
99.3	99.2	
99.3	98.8	
99.1	99	
99.3	98.8	
99.3	89.7	
98.7	99.4	
99.3	98.8	
89	98.8	
99.1	99.2	
89.4	98.6	
98.9	99.6	
98.9	99	
99.3	99	
98.7	99.4	
99.3	99.4	
78.7	99.6	
79.3	99.4	
89	99.4	
98.7	99.6	
89	89.7	
99.3	99.6	
98.5	98.6	
99.3	99	
99.3	99.6	
99.3	99.2	
98.9	89.5	
98.7	79.4	
98.7	99.6	
99.3	99.4	
99.3	99.4	
59.3	99.4	
98.7	98.8	
89	99.4	
99.3	89.7	
99.3	99.2	
99.1	99.2	
89	99.2	
89	99.4	
99.3	98.8	
99.3	79	
99.3	89.7	
99.3	99	
98.7	89.1	
99.1	99.2	
98.3	98.6	
99.1	99.6	
98.9	99.4	
99.3	89.1	
58.7	99.4	
98.9	99.2	
99.1	89.5	
98.9	89.5	
98.5	79.2	
98.9	99.4	
99.3	98.8	
98.7	68.9	
89	98.8	
98.3	88.7	
57.9	89.3	
99.1	99	
98.5	89.5	
98.5	99.6	
99.3	99.4	
98.9	98.6	
99.3	98.8	
99.3	89.7	
98.3	99.4	
99.1	88.9	
99.3	89.1	
99.1	99.2	
98.5	99.4	
99.1	99	
99.3	89.7	
89.2	99.6	
98.3	79.4	
78.5	99.4	
99.1	99.4	
99.1	99.2	
98.5	98.8	
99.3	99.2	
99.3	99	
98.7	99.4	
98.9	98.8	
99.1	99.4	
99.3	99.4	
99.3	98.6	
98.9	99	
99.3	89.7	
98.9	78.8	
99.3	99	
99.3	99.6	
99.3	99.2	
98.7	99.6	
98.9	79.6	
99.1	99.2	
99.3	88.3	
99.3	99.2	
99.3	98	
68.8	98.4	
98.7	99.4	
99.1	99.2	
99.1	99.6	
99.1	99.6	
99.3	99.6	
87.4	89.1	
99.3	79.6	
89.4	99.2	
98.9	99.2	
88.6	89.1	
98.7	79.4	
88.8	89.7	
99.3	89.7	
