-17.2	-469	
98.9	69.7	
-26.9	49.5	
58.3	69.7	
88.2	69.7	
-74.5	79.6	
87.8	79.2	
98.7	69.5	
22.8	69.5	
67.2	59.6	
88	39.6	
98.1	59.6	
97.5	49.5	
65.4	59.4	
88.6	69.5	
98.3	59.4	
97.7	69.5	
75.9	79.4	
88.4	79.6	
96.7	39.2	
87.6	69.5	
86.6	79.6	
58.7	29.3	
88.8	79.6	
98.5	69.5	
99.3	49.3	
78.9	79.6	
66.6	79.6	
95.9	39.6	
63	99.2	
67.2	79.6	
85	19.6	
84.8	59.6	
80.4	69.5	
77.1	69.7	
97.7	69.7	
96.5	-40.8	
77.9	48.5	
70.2	60.1	
85.8	26.7	
96.7	-96.7	
96.1	79.6	
99.1	79.4	
99.3	79.4	
99.1	59.4	
99.3	79.6	
99.3	89.1	
99.3	79.4	
88.8	49.3	
99.3	79.4	
99.3	79.6	
99.1	79.6	
99.3	69.5	
99.3	79.4	
99.1	79.6	
98.9	79.6	
99.3	98.2	
99.3	79.6	
99.1	79.6	
98.9	79.4	
99.1	79.6	
99.3	79.2	
98.9	69.5	
99.3	58.8	
99.1	59.4	
98.9	79.6	
99.3	79.6	
99.3	79.6	
99.3	79.6	
99.3	79.6	
99.3	69.5	
99.3	79.4	
99.3	79.2	
99.3	79.2	
99.1	69.5	
98.9	69.5	
99.3	39.4	
98.7	59.6	
99.3	69.1	
99.3	79.6	
98.9	39	
98.7	79.2	
99.3	79.6	
99.3	79.4	
99.3	28.7	
99.3	78.2	
99.1	79.4	
99.3	79.6	
98.9	79	
98.7	69.5	
99.3	88.7	
99.3	79.6	
89.2	38.6	
99.1	65.9	
99.3	78	
99.3	78.8	
89	74.4	
98.9	87.9	
98.7	76.6	
78.9	78.6	
89.2	78.8	
98.9	74.8	
99.1	79.2	
99.1	78.6	
98.7	79	
89	47.5	
99.3	59.2	
99.3	78.6	
98.7	99	
98.7	96.6	
98.9	64.5	
98.5	98.4	
98.9	67.3	
99.3	78.4	
89.2	79	
99.3	98.6	
99.3	98	
99.1	78.2	
98.7	79.2	
99.3	98.8	
89.2	98.6	
99.1	59.4	
99.1	98.4	
88.4	67.9	
99.3	79.6	
99.1	76	
99.3	79.4	
99.1	79	
98.9	68.5	
99.1	78.2	
99.1	97.8	
99.3	99.2	
99.3	99.2	
99.3	99	
99.3	99	
89.2	99.2	
99.3	78.8	
99.1	99.6	
99.3	89.1	
99.3	99.2	
99.3	99.2	
68.4	99.4	
99.3	98.8	
99.3	99	
99.3	99	
99.3	99.2	
99.1	79.6	
88.6	99.2	
99.3	89.3	
99.3	79.4	
99.3	89.1	
88.4	99.2	
98.9	99	
98.7	99.2	
99.3	99.2	
98.5	99.2	
99.3	99.2	
99.3	69.5	
99.1	99.6	
68.2	79.6	
89.4	99.2	
98.9	98.6	
87.6	99.2	
99.3	88.9	
89.2	99.2	
88.6	99.2	
99.3	79.6	
99.1	99.4	
89.2	-21	
99.1	98.8	
99.3	98.8	
99.1	99.2	
99.1	79.4	
99.1	28.3	
99.3	89.3	
78.9	79.6	
89	99.2	
99.3	99.2	
99.3	79.4	
89	99	
98.5	98.6	
79.1	89.1	
99.3	99.2	
88.8	99.2	
99.3	79.4	
99.3	99.2	
78.7	99.2	
88.8	79.4	
99.1	79	
99.1	99.2	
99.3	89.1	
99.3	69.3	
98.9	99.4	
98.9	99.2	
99.1	99.2	
99.1	99.2	
99.3	99.2	
99.3	99.2	
99.1	98.8	
99.3	99.2	
99.3	98.8	
99.3	99	
99.3	98.8	
99.3	99	
99.3	99.2	
99.3	99	
99.1	99	
89	99.2	
99.3	88.9	
99.1	49.5	
99.1	99.2	
68.2	79.6	
99.1	99.2	
99.1	69.5	
99.3	99.2	
88.6	99.2	
99.3	79.6	
99.3	99.2	
98.9	79.6	
99.3	99.4	
88.4	69.7	
99.3	99	
68	99.6	
99.1	99.2	
99.3	99	
99.3	79.6	
99.3	59.4	
99.3	89.1	
99.3	99.2	
99.1	69.5	
99.3	99	
89	99.2	
99.3	99.2	
99.3	89.3	
88.6	99	
98.7	59.4	
99.3	79.4	
98.9	99.2	
98.7	98.8	
99.3	99.2	
99.3	99.2	
99.3	99.2	
99.3	79.4	
99.3	99.2	
99.3	99.2	
99.3	98.8	
99.3	99	
99.3	99.2	
89.2	99.2	
99.3	99	
99.3	99.2	
98.7	69.5	
99.1	99.2	
99.3	99.6	
98.9	99	
99.1	98.8	
99.3	99.2	
99.3	59.2	
99.3	99	
99.3	99	
99.3	99.2	
99.1	59.4	
89	99.2	
99.3	99.2	
99.3	99.2	
99.3	98.8	
99.3	99.2	
89	79.4	
98.9	98.6	
99.3	99.4	
79.1	88.7	
99.3	89.3	
99.3	99.2	
99.1	99.2	
89.2	99	
99.1	99	
99.3	99.2	
99.3	98.8	
98.7	79.4	
98.9	99.4	
99.3	99	
99.3	99.2	
99.1	79.6	
99.3	88.9	
99.1	99.2	
99.1	99.2	
99.1	99.2	
99.3	89.1	
99.3	99	
88.8	69.5	
99.3	99.2	
99.1	99	
99.3	99	
99.1	88.9	
99.3	88.7	
99.3	99	
99.1	68.9	
98.7	99	
99.1	98.8	
99.3	69.3	
99.1	99.2	
98.7	89.1	
98.9	79.4	
99.3	99.2	
98.9	99	
99.3	79.6	
99.1	88.7	
99.3	99	
99.1	99.2	
99.3	89.3	
99.3	79.4	
99.3	99.2	
99.3	88.9	
99.3	89.1	
99.3	99.2	
89.2	88.9	
89	99.4	
99.3	79.6	
99.3	99.2	
99.3	99.2	
99.1	98.6	
99.3	88.9	
99.3	99.2	
99.3	99.2	
99.3	99.4	
99.3	88.9	
99.3	99.6	
99.3	99.2	
99.3	99.2	
99.1	99.2	
89	99.2	
99.3	79.6	
98.9	99.2	
98.9	98.8	
99.3	98.8	
99.1	99.2	
99.1	99.2	
99.1	79.6	
99.3	89.1	
99.3	99.2	
99.3	99.2	
99.3	99.2	
99.1	99.2	
98.9	79.6	
98.9	98.8	
98.5	99.2	
89	99	
89.2	99.2	
99.3	99.2	
99.3	99.2	
99.3	99.2	
89	98.8	
99.3	79.6	
99.1	78.8	
99.1	99	
99.1	99	
99.3	99.4	
99.3	99.2	
99.1	69.5	
89.2	99.2	
99.3	99.2	
88.4	99	
99.1	79.2	
99.3	99.2	
99.1	99	
99.3	99.4	
99.3	99.2	
99.3	99	
99.1	99.2	
99.1	99.2	
98.9	79.4	
99.1	99.2	
99.3	98.8	
99.3	99	
99.1	99.2	
89.2	99	
99.3	89.3	
99.3	99.2	
99.3	99	
99.1	99.2	
89.2	99.2	
99.1	89.3	
99.1	99.4	
99.1	59.6	
88.6	99.2	
99.3	79	
99.1	99.2	
98.9	99	
98.9	99.2	
89.2	99.2	
89	99.4	
99.1	99	
98.9	99.2	
99.3	88.7	
89.2	89.1	
99.3	99.2	
99.1	98.6	
98.7	89.3	
99.3	99.2	
98.7	99.2	
99.1	99.4	
98.5	99.2	
99.3	99	
99.1	99.2	
99.3	99.6	
99.3	89.1	
99.3	99.2	
99.3	99.4	
99.3	89.1	
98.9	99.2	
99.3	79.6	
99.3	99.2	
99.3	99.2	
99.1	99.2	
99.1	99.2	
99.3	89.1	
99.1	69.5	
99.1	69.5	
98.9	99.2	
99.1	99	
88.8	99.2	
99.3	99.6	
99.3	99.2	
99.3	79.6	
99.3	79.6	
89	99.6	
99.3	89.3	
99.1	99	
99.3	99.2	
89	89.3	
99.3	79.6	
99.1	99.2	
99.1	98.8	
99.3	99	
99.3	79.4	
99.1	99.4	
99.3	98.8	
98.9	99.2	
99.1	99	
88.6	99.2	
99.3	59.4	
99.1	99.2	
99.1	99.2	
99.1	79.4	
99.3	99	
99.3	88.9	
99.3	68.9	
99.1	99.2	
99.3	99	
99.3	99.2	
99.3	89.1	
99.3	99.2	
99.3	99.2	
99.3	99.2	
99.1	98.8	
98.9	99.2	
99.1	79.6	
99.3	98.8	
89	99.2	
88.6	89.1	
99.3	98.8	
99.1	79.6	
99.1	99.2	
99.3	99	
88.8	79.4	
99.1	99.2	
98.9	59.4	
89.4	99.2	
99.3	99.2	
89	79.4	
99.1	99.2	
99.3	79.6	
99.3	88.9	
99.3	99.2	
99.3	39.4	
99.3	99	
99.3	79.6	
99.3	99.2	
99.3	89.1	
88.6	89.1	
89	99.6	
99.1	69.3	
99.3	88.7	
99.1	99	
98.7	99	
98.5	69.1	
99.1	79.6	
98.9	99	
99.1	99.2	
99.3	79.6	
99.1	79.6	
99.3	99.2	
98.5	99	
99.3	89.1	
89.2	89.1	
98.9	69.7	
99.3	79.6	
88.6	99.2	
99.3	99.4	
99.3	99.2	
